-20907
-21779
-22592
-22989
-24313
-25348
-26086
-26756
-27678
-27924
-27970
-28287
-27397
-26915
-26833
-25504
-24798
-24109
-22997
-22031
-21359
-20607
-20480
-19401
-19083
-18731
-18827
-18882
-19189
-19525
-19882
-20325
-20813
-22170
-22439
-22834
-22432
-21384
-20613
-20060
-19980
-18834
-18083
-17508
-16951
-16749
-16523
-16455
-16413
-16300
-16294
-16315
-16292
-16342
-16331
-16380
-16401
-16384
-16478
-16445
-16518
-16605
-16600
-15684
-15420
-15174
-14871
-14529
-14323
-13981
-13567
-13247
-12773
-12462
-12020
-11655
-11354
-11092
-10789
-10441
-10134
-9951
-9689
-9462
-9735
-9058
-8905
-8897
-8924
-8966
-9084
-9262
-9512
-9317
-10113
-10481
-10831
-11214
-11533
-11901
-12422
-13058
-13604
-14155
-14647
-14972
-15344
-15701
-16010
-16344
-16138
-16796
-17048
-17226
-17321
-17392
-17357
-17287
-17151
-16997
-16880
-16531
-16281
-16031
-15592
-15180
-14802
-14401
-13936
-13310
-12817
-12338
-11857
-11344
-10936
-10567
-10737
-9941
-9621
-9310
-9046
-8827
-8600
-8565
-8592
-8686
-8787
-8978
-9277
-9604
-10029
-10384
-10875
-11365
-11875
-12310
-12819
-13373
-13796
-14306
-14212
-14747
-15224
-16107
-16499
-17002
-17375
-17760
-18054
-18390
-18090
-18840
-19037
-19165
-19291
-19062
-19686
-19638
-19800
-19865
-19903
-20012
-20020
-20025
-20113
-20189
-20184
-20149
-20104
-20123
-20088
-20056
-20052
-20058
-19544
-19997
-20006
-19955
-19907
-19890
-19829
-19831
-19705
-19680
-19709
-19628
-20025
-19489
-19329
-19163
-19000
-18808
-19033
-18325
-18081
-17802
-17527
-17312
-17583
-16819
-16659
-16428
-16191
-15949
-15707
-15392
-15611
-14907
-14779
-14646
-14565
-14506
-14388
-14413
-14422
-14422
-14527
-14617
-14730
-14838
-15046
-15210
-15394
-15535
-15730
-15983
-16250
-16518
-16760
-17010
-17361
-17661
-17930
-18199
-18462
-18749
-19050
-19287
-19510
-19817
-20090
-20310
-20491
-20676
-20831
-20903
-20533
-21138
-21302
-21333
-21397
-21363
-21310
-21266
-21218
-21151
-21069
-20915
-20896
-20836
-20667
-20596
-20583
-20483
-20407
-20409
-20281
-20312
-20241
-20159
-20046
-19878
-19806
-19819
-19823
-19796
-19821
-19909
-19911
-19941
-20088
-20256
-20382
-20579
-20716
-20863
-20972
-21151
-21302
-21443
-21726
-21819
-21890
-22063
-22163
-22130
-22136
-22155
-22128
-22020
-21247
-20915
-20766
-20670
-20432
-20342
-20151
-20039
-20088
-20239
-20380
-20588
-20659
-20783
-20987
-21189
-21313
-21426
-21510
-21516
-21556
-21625
-21541
-21386
-21235
-21380
-21947
-21932
-21762
-21529
-21413
-21235
-21067
-20947
-20693
-20676
-20766
-20575
-20233
-19945
-19661
-19439
-19058
-18726
-18428
-18186
-17915
-17678
-17508
-17443
-17386
-17445
-17478
-17483
-17529
-17691
-17882
-17939
-18018
-18077
-18224
-18325
-18373
-18539
-18947
-19205
-19417
-19649
-19737
-19867
-20010
-20073
-20107
-20237
-20346
-20378
-20438
-20579
-20651
-20745
-20878
-21056
-21189
-21359
-21613
-21855
-22105
-22296
-22464
-22699
-22918
-23218
-23529
-23842
-24115
-24411
-24714
-24478
-25325
-25707
-25970
-26273
-26499
-26768
-27033
-27300
-27489
-27657
-27781
-27917
-27947
-27999
-28012
-27997
-27878
-27676
-27548
-27823
-27092
-27348
-26588
-26254
-25928
-25581
-25189
-24800
-24449
-24075
-23791
-23924
-23438
-22533
-22096
-21781
-21418
-21457
-20617
-20218
-19861
-20018
-19310
-19067
-18825
-18642
-18584
-18470
-18459
-18390
-18403
-18521
-18583
-18752
-18880
-18583
-19260
-19069
-19813
-19544
-20354
-20714
-21077
-21313
-21596
-21838
-22155
-22417
-22602
-22756
-22896
-23018
-23174
-23298
-23371
-23417
-23476
-23563
-23655
-23699
-23680
-23646
