-32462
-31701
-30062
-29062
-28247
-26668
-26222
-25275
-24308
-23445
-22399
-21222
-20939
-20140
-19947
-19955
-19899
-19974
-20056
-20113
-20279
-20397
-20537
-20529
-20497
-20441
-20239
-20197
-20092
-19976
-19991
-20021
-20084
-20312
-20403
-20752
-20981
-21184
-21025
-21764
-21939
-22195
-22422
-22470
-22623
-22678
-22716
-22712
-22573
-22407
-22146
-21934
-21840
-21506
-21279
-21460
-20745
-20405
-20039
-19716
-19478
-19535
-18674
-18182
-17695
-17247
-16768
-16296
-15657
-15172
-15039
-13934
-13667
-12567
-12054
-11459
-11054
-10638
-10300
-9945
-9817
-9605
-9464
-9447
-9550
-9699
-9966
-10359
-10649
-11178
-11323
-12188
-13067
-13291
-12768
-13680
-13491
-14016
-14201
-15126
-15733
-15907
-15985
-16266
-16434
-16136
-17071
-16392
-16258
-15896
-15813
-16092
-15478
-15605
-14758
-14310
-14098
-13041
-12499
-11926
-11424
-10209
-9806
-9497
-8613
-7859
-7781
-7462
-7125
-7273
-6449
-6180
-5812
-5573
-5478
-5230
-5155
-5256
-5327
-5478
-5678
-5783
-5418
-6201
-6426
-6542
-6678
-6709
-6840
-6991
-7081
-7098
-7107
-7483
-7613
-7661
-7871
-8046
-8256
-8390
-8525
-8630
-8932
-9245
-9313
-9462
-9588
-9638
-9743
-9869
-9913
-9995
-10096
-10189
-10334
-10514
-10695
-10855
-11067
-11304
-11455
-11636
-11789
-12063
-12340
-12487
-12586
-12741
-12873
-13100
-13226
-13354
-13497
-13205
-13876
-14140
-14371
-14617
-14829
-14993
-14668
-15390
-15466
-15558
-15726
-15779
-15823
-15888
-15959
-16062
-15651
-16250
-16380
-16476
-16546
-16647
-16680
-16836
-16930
-16943
-16989
-17090
-17050
-16974
-16943
-16901
-16871
-16781
-16678
-16552
-16468
-16355
-16231
-16605
-16041
-15953
-15878
-15785
-15584
-15510
-15483
-15417
-15380
-15340
-15348
-15420
-15457
-15520
-15510
-15550
-15680
-15667
-15705
-15867
-15943
-15991
-16075
-16304
-16531
-16712
-16901
-17159
-17409
-17640
-17865
-17605
-18230
-18428
-18094
-18676
-18789
-18876
-19035
-19193
-19270
-19331
-19338
-19436
-19464
-19077
-19688
-19712
-19806
-19983
-20025
-20062
-20176
-20325
-20415
-20480
-20531
-20644
-20808
-20941
-21081
-21254
-21376
-21533
-21709
-21941
-22119
-22289
-22424
-22569
-22819
-22960
-23231
-23375
-23588
-23794
-24002
-24264
-24439
-24546
-24764
-24886
-25010
-25006
-25161
-25220
-25275
-25312
-25285
-25220
-25224
-25188
-25121
-24968
-24798
-24609
-24361
-24151
-24386
-23604
-23294
-23023
-22689
-22279
-21993
-21621
-21210
-21495
-20762
-20993
-20230
-19960
-19771
-19611
-19455
-19287
-19529
-18945
-18762
-18584
-18413
-18239
-18111
-17964
-17880
-17730
-17670
-17573
-17495
-17460
-17336
-17203
-17063
-16928
-16752
-16684
-16680
-16453
-16583
-15880
-15575
-15266
-15041
-14726
-14560
-14411
-14275
-14144
-13909
-13730
-13636
-13491
-13373
-13258
-13157
-13021
-12907
-12886
-12947
-13008
-13041
-13144
-13300
-13523
-13756
-14125
-14396
-14186
-14922
-15212
-15533
-15846
-16121
-16409
-16857
-17048
-17359
-17697
-18035
-18266
-18434
-18514
-18709
-18941
-19000
-19105
-19371
-19604
-19701
-19903
-20105
-20201
-20188
-20113
-20012
-19876
-19875
-19924
-19949
-20014
-20186
-20497
-20962
-21010
-21598
-22804
-23771
-24661
-25731
-26384
-28216
-28970
-30506
-31804
-33441
-35523
-36647
-38308
-40420
-41701
-43231
-45334
-46817
-48277
-48987
-50703
-51731
-52550
-53109
-53569
-53827
-53808
-53663
-53296
-53205
-51844
-50981
-49903
-49159
-47802
-46117
-44441
-42062
-40155
-38817
-37678
-37071
-35445
-34237
-33521
-31863
-31212
-29590
-28476
-27386
-26756
-25172
-24084
-23063
-22006
-21149
-20159
-19199
-18231
-17270
-16367
