-22848
-22724
-22638
-22359
-22035
-21663
-21357
-20623
-20323
-20500
-19628
-19371
-19071
-18733
-18500
-18149
-17674
-17283
-16712
-16453
-16199
-16224
-16428
-16604
-16905
-17325
-17745
-18256
-18777
-19155
-19642
-19560
-20474
-20871
-21464
-22121
-22747
-23000
-24044
-24021
-24997
-25357
-25647
-26014
-26313
-26552
-26628
-26735
-26785
-26848
-26827
-26827
-26705
-26569
-26415
-26147
-25831
-25464
-25054
-24667
-24281
-23941
-23518
-23130
-22661
-22212
-21848
-21928
-21014
-20668
-20207
-19894
-19997
-19266
-19533
-18821
-18594
-18382
-18241
-18170
-18554
-17995
-17838
-17682
-18077
-17495
-17342
-17220
-17168
-17012
-16791
-16649
-17090
-16556
-16472
-16363
-16281
-16363
-16384
-16438
-16378
-16336
-16422
-16470
-16457
-16539
-16636
-16710
-16812
-16985
-17144
-17268
-17409
-17104
-17720
-17934
-18189
-18363
-18537
-18779
-18951
-19039
-19214
-19298
-19365
-19480
-19544
-19521
-19596
-19556
-19481
-19388
-19270
-19207
-19104
-18941
-18750
-18569
-18354
-18125
-17838
-17535
-17249
-16959
-17060
-16224
-15890
-15386
-14989
-15090
-14201
-13718
-13292
-12913
-12525
-12165
-11869
-11542
-11686
-11012
-10756
-10533
-10264
-9951
-9735
-9651
-9579
-9434
-9375
-9447
-9653
-9936
-10220
-10541
-10905
-11210
-11558
-11911
-12306
-12613
-12932
-13359
-13890
-14281
-14623
-14997
-15188
-15407
-15151
-15834
-16012
-16182
-16338
-16350
-16193
-16607
-16073
-15959
-16104
-15165
-14691
-14636
-13796
-13449
-13247
-13033
-12802
-12688
-12537
-12325
-12136
-11932
-11688
-11567
-11352
-11266
-11186
-11071
-11090
-11031
-11081
-11155
-10752
-11512
-11852
-12155
-12487
-12875
-13367
-13813
-14222
-14241
-14718
-15168
-16069
-16541
-17033
-17565
-18073
-18542
-18619
-19071
-19590
-20088
-20541
-21476
-21907
-22235
-22039
-22827
-23167
-23413
-23674
-23468
-24172
-24411
-24569
-24764
-24997
-25123
-25266
-25340
-25388
-25357
-25304
-25365
-25344
-25294
-25373
-25434
-25583
-25688
-25823
-25915
-25901
-25594
-25214
-24730
-24189
-23691
-23132
-22625
-22453
-21252
-20983
-19745
-19109
-18993
-18125
-17703
-17403
-17182
-16995
-16823
-16770
-16777
-16896
-17094
-17428
-17781
-18396
-18930
-19409
-19968
-20487
-20577
-21016
-22086
-22672
-23123
-23806
-24252
-24760
-25142
-25392
-25527
-25487
-25523
-25418
-25287
-25069
-25390
-24527
-24256
-24407
-23579
-23134
-22709
-22346
-21987
-21579
-21321
-21224
-21111
-20968
-20968
-21480
-20909
-20563
-20987
-20947
-20739
-20644
-20418
-20424
-20499
-20357
-20340
-20256
-20189
-20235
-20392
-20668
-20951
-21256
-21617
-21548
-22451
-22535
-23541
-23476
-24298
-24493
-24813
-24859
-24768
-24716
-24779
-24827
-24613
-24243
-24386
-23565
-23083
-22789
-22930
-22174
-21827
-21418
-21054
-20688
-20405
-20136
-20144
-19934
-19430
-19123
-18777
-18583
-18167
-18182
-18296
-18262
-18386
-18354
-18525
-18875
-19266
-19722
-20247
-20613
-21195
-21552
-22544
-24218
-25021
-26750
-27392
-29046
-30067
-30947
-31289
-32663
-33340
-33709
-34191
-33438
-32972
-32407
-31625
-31230
-29415
-28678
-26934
-25563
-24705
-23199
-22117
-20823
-20035
-19960
-18678
-18361
-18333
-18294
-18239
-18422
-18630
-19340
-19943
-20457
-20575
-21617
-22167
-22661
-22514
-23230
-23338
-23308
-23151
-23424
-22563
-22254
-21697
-21375
-20865
-20386
-20092
-19661
-19256
-18918
-18705
-18527
-18556
-18668
-18680
-18773
-18899
-19008
-19214
-19069
-19802
-20182
-20602
-20922
-21271
-21636
-21569
-22584
-22945
-23371
-23787
-24193
-24514
-24812
-25006
-25254
-25388
-25539
-25588
-25800
-25850
-25407
-25932
-26077
-26304
-26453
-26558
-26707
-26405
