-27636
-27535
-27287
-26980
-26815
-26758
-26659
-26720
-26869
-26997
-27071
-27285
-27556
-27922
-28130
-27880
-28726
-28974
-29344
-29556
-29724
-29884
-29928
-29930
-29968
-29936
-29924
-29766
-29584
-29796
-29105
-28941
-28787
-28697
-28539
-28415
-28376
-28275
-28239
-28188
-27999
-27875
-27710
-27842
-27067
-26762
-26420
-25978
-25453
-24861
-24000
-23605
-23254
-22829
-22943
-22178
-22441
-21762
-21720
-21754
-21785
-21972
-22155
-21575
-21035
-20521
-20111
-19792
-19457
-19075
-19044
-17861
-17390
-17197
-17050
-17394
-17644
-17785
-17907
-18014
-18268
-18083
-18867
-19254
-19647
-20174
-20691
-21069
-21449
-21829
-22119
-22334
-22584
-22842
-23189
-23596
-23834
-24081
-24365
-24655
-24909
-25014
-25100
-25119
-25138
-25033
-24800
-24626
-24529
-24510
-24913
-24271
-24025
-23523
-22983
-22884
-21583
-20720
-20485
-19186
-18972
-17897
-17350
-16621
-16575
-15655
-15214
-14907
-14581
-14237
-13938
-14161
-13497
-13369
-13319
-13073
-13109
-12667
-12209
-11357
-11075
-10773
-10556
-10264
-10002
-10228
-9466
-9233
-8980
-8697
-8386
-8060
-7844
-7657
-7424
-7537
-7605
-7716
-7909
-8245
-8642
-9065
-9542
-10107
-10577
-11168
-11323
-12489
-12705
-13978
-14216
-15607
-16527
-17487
-18302
-18699
-19605
-20951
-21718
-22079
-23016
-24191
-24758
-25199
-25300
-25271
-24869
-24917
-23783
-22970
-22218
-21096
-19583
-18224
-17802
-17271
-16730
-16394
-16277
-15777
-15716
-15653
-16552
-16798
-17352
-17825
-18188
-19460
-20457
-21392
-21193
-21329
-21527
-22466
-22476
-23086
-23254
-23550
-23346
-23344
-22962
-22817
-22209
-21939
-21653
-21260
-21487
-20573
-20241
-20002
-19605
-19193
-18829
-18506
-18285
-17945
-17678
-17413
-17128
-16749
-16590
-16525
-16462
-16334
-16214
-16132
-16035
-15918
-15819
-15880
-15932
-15962
-16048
-16071
-16111
-16188
-16348
-16350
-16529
-16674
-16663
-16640
-16737
-16741
-16705
-16800
-17008
-17014
-17146
-17436
-17556
-17737
-18062
-18331
-18109
-18855
-19012
-19273
-19535
-19800
-20020
-20256
-20602
-20932
-21310
-21707
-22165
-22678
-23209
-23691
-24140
-24590
-24476
-25405
-25783
-26138
-25913
-26623
-26855
-27092
-27222
-27333
-27548
-27760
-27955
-28117
-28254
-28354
-28478
-28495
-28445
-28794
-28044
-27854
-27735
-27407
-27252
-27033
-26833
-26672
-26396
-26134
-25730
-25833
-24993
-24838
-24619
-24296
-24042
-23789
-23556
-23375
-23300
-23121
-22915
-22758
-22642
-22630
-22722
-22825
-22485
-23222
-23382
-23588
-23812
-24107
-24298
-24579
-24812
-25033
-25302
-25451
-25621
-25813
-26058
-26199
-26256
-26262
-26285
-26250
-26117
-25905
-25646
-25894
-25125
-25354
-24575
-24205
-24365
-23562
-23081
-22674
-22495
-22195
-21810
-21369
-21027
-20646
-20252
-19880
-20029
-19230
-18995
-18770
-18583
-18378
-18230
-18098
-17938
-17894
-17731
-17735
-17657
-17605
-17521
-17378
-17334
-17199
-17067
-16974
-16781
-16724
-16586
-16500
-16271
-16081
-16025
-15892
-16123
-15388
-15073
-14766
-14409
-14113
-13913
-14033
-13758
-13281
-13165
-13092
-12928
-12785
-12630
-12420
-12172
-11930
-11878
-11798
-11861
-11970
-12023
-12035
-11760
-12338
-12340
-12438
-12565
-12539
-12602
-12886
-13113
-13262
-13380
-13674
-14039
-14449
-14831
-15281
-15829
-16434
-16981
-17432
-18008
-18565
-18634
-19516
-19859
-20312
-20770
-21325
-21873
-22352
-22737
-22991
-23359
-23703
-23815
-23812
-23762
-23609
-23525
-23342
-22989
-22709
-22556
-22325
-22121
-21880
-21550
-21207
-20882
-20974
-20250
-19939
-19653
-19394
-19275
-19231
-19123
-19044
-19142
-19315
-19459
-19760
-19577
-20497
-20918
-21476
-21544
-22678
