-6250
-6516
-6800
-7092
-6857
-7777
-8155
-8636
-9044
-9354
-9327
-9855
-10312
-10771
-11292
-12394
-12857
-13319
-13791
-14359
-14821
-15388
-15861
-16403
-16896
-17464
-17888
-18336
-18686
-18577
-19451
-19754
-19602
-20420
-20699
-21002
-21294
-21039
-21688
-21915
-22138
-22300
-22020
-22605
-22716
-22878
-22987
-23130
-23233
-23310
-23392
-23476
-23514
-23575
-23613
-23695
-23709
-23796
-23459
-23959
-23987
-24081
-24136
-24279
-24296
-23951
-24462
-24506
-24617
-24731
-24842
-24981
-25155
-25327
-25443
-25563
-25766
-25997
-26260
-26577
-26716
-26903
-27046
-27214
-27432
-27586
-27699
-27913
-28039
-28008
-28327
-27735
-27726
-27590
-27548
-27464
-27819
-27077
-27359
-26707
-26525
-26846
-26125
-26369
-25638
-25289
-25384
-24516
-24126
-23735
-23348
-23035
-22623
-22250
-21905
-21537
-21083
-20649
-20327
-19989
-19674
-19384
-19086
-18798
-18529
-18266
-18563
-17800
-17523
-17298
-17033
-16796
-17075
-16321
-16579
-15880
-15674
-15485
-15270
-15063
-14918
-14764
-14674
-14581
-14415
-14306
-14172
-14035
-13903
-13756
-13623
-13476
-13283
-13073
-12966
-12771
-12638
-12480
-12273
-12111
-12037
-11926
-11825
-11646
-11518
-11354
-11172
-11018
-10852
-10605
-10508
-10376
-10161
-10046
-10046
-10029
-10002
-9909
-9804
-9657
-9539
-9436
-9396
-9292
-9167
-9130
-9041
-8981
-8878
-8661
-9029
-9392
-9451
-9438
-9390
-9487
-9607
-9688
-9792
-9804
-9970
-10111
-10249
-10388
-10491
-10724
-10926
-11000
-11054
-11165
-11252
-11361
-11481
-11539
-11709
-11892
-12119
-12527
-13104
-13212
-14724
-15689
-17021
-17766
-18455
-21731
-21766
-21590
-21195
-20999
-19938
-19214
-18630
-17802
-17516
-16348
-15636
-15609
-14573
-13739
-13363
-13109
-13039
-12934
-12957
-13228
-13533
-13928
-14292
-14865
-15304
-15869
-16602
-17233
-17741
-18086
-19302
-20004
-20684
-21399
-22153
-22884
-23653
-23972
-25123
-25815
-25970
-27140
-27707
-28306
-28405
-29249
-29682
-29722
-29775
-29617
-29231
-28716
-28125
-27796
-26865
-25109
-24216
-23170
-22310
-21216
-20250
-19390
-18418
-17617
-16970
-16264
-15712
-15628
-14544
-14245
-15207
-15745
-15623
-15520
-15170
-15962
-16382
-16962
-17825
-18899
-19959
-20527
-21768
-22000
-23123
-23670
-24178
-24605
-25151
-25573
-25983
-26088
-26132
-25941
-25752
-25256
-24783
-24189
-23548
-21993
-21155
-20575
-20041
-19638
-19571
-19510
-19426
-19249
-19113
-19096
-19149
-19321
-19628
-19855
-20252
-20569
-20825
-21046
-21073
-21140
-21396
-21550
-21626
-21602
-21489
-20989
-20506
-19489
-18432
-17739
-16980
-16495
-16027
-15638
-15581
-14714
-14653
-14048
-14392
-14172
-14981
-15304
-15449
-15665
-15785
-15834
-15615
-15369
-14894
-14220
-13462
-12499
-11397
-10294
-9042
-8283
-6571
-5455
-4144
-3363
-2256
-1481
-523
400
1055
1583
1795
1732
1286
265
-806
-1615
-2939
-4470
-5880
-7378
-8939
-10376
-12195
-13487
-14271
-15275
-16439
-16974
-17188
-17105
-16766
-16363
-15833
-15270
-14813
-14355
-13896
-13334
-12861
-12462
-12659
-12084
-11728
-12407
-12983
-13315
-13497
-13562
-13525
-13466
-13197
-13111
-12739
-13447
-13237
-14268
-14989
-15193
-16409
-16621
-17882
-19035
-19527
-19550
-20478
-20651
-20686
-21233
-21291
-20292
-19773
-18823
-16155
-12394
-10792
-9329
-7901
-7329
-6121
-5653
-5563
-5833
-6439
-7249
-8098
-9203
-9970
-11565
-13002
-14487
-16033
-17380
-18146
-19228
-20771
-21361
-21834
-22258
-22584
-22831
-22476
-23191
-23304
-23321
-23390
-23409
-23369
-23287
-23151
-23413
-22693
-22583
-21983
-21275
-21483
-20745
-20619
-20613
