-21313
-21044
-20838
-20770
-20657
-20556
-20523
-20512
-20466
-20497
-20581
-20571
-20617
-20598
-20611
-20630
-20567
-20481
-20397
-20174
-20090
-19808
-19581
-19338
-19071
-18749
-18308
-17854
-17674
-17363
-16945
-17069
-16277
-15987
-15718
-15438
-15333
-15149
-15029
-14909
-14922
-14840
-14829
-14896
-14960
-15069
-15249
-15327
-15533
-15672
-15838
-16077
-16277
-16462
-16558
-16689
-16821
-16920
-16999
-16981
-17035
-17039
-17029
-16985
-16875
-16806
-16745
-16731
-17086
-16394
-16249
-16086
-15932
-15705
-15375
-15195
-14913
-14556
-14199
-13823
-13464
-13117
-12756
-12468
-12018
-11647
-11306
-10951
-10686
-10438
-10747
-10155
-10035
-10006
-10161
-10338
-10579
-10850
-11126
-11609
-12000
-12426
-12939
-13373
-13829
-14384
-14907
-15300
-15749
-16224
-16146
-16915
-16632
-17262
-17342
-17325
-17203
-16999
-16827
-16567
-16308
-15978
-16063
-15241
-14815
-14457
-14594
-13737
-13394
-13079
-12873
-12676
-12546
-12434
-12373
-12365
-12365
-12508
-12632
-12689
-12878
-13077
-13367
-13676
-14088
-14520
-14917
-15386
-15785
-16104
-16422
-16745
-17039
-17247
-17405
-17562
-17703
-17804
-17928
-18077
-18287
-18449
-18611
-18770
-18962
-19121
-19279
-19348
-19380
-19539
-19651
-19714
-19812
-19989
-20077
-20212
-20336
-20405
-20567
-20657
-20644
-20642
-20646
-20638
-20680
-20634
-20542
-20596
-20598
-20514
-20428
-20380
-20321
-20220
-20105
-20506
-19983
-19867
-19764
-19686
-19607
-19497
-19382
-19264
-19212
-19109
-18968
-18932
-18854
-18707
-18596
-18489
-18365
-18327
-18325
-18312
-18266
-18207
-18228
-18271
-18260
-18235
-18193
-18191
-18125
-18186
-18249
-18243
-18438
-18401
-18523
-18646
-18636
-18928
-18584
-19205
-19411
-19661
-19899
-19974
-20144
-20300
-20495
-20682
-20918
-21186
-21418
-21672
-21859
-22153
-22226
-21997
-22714
-22920
-23063
-23174
-23159
-23010
-22791
-22512
-22138
-21812
-21455
-21134
-20812
-20560
-20312
-20113
-19945
-19871
-19920
-19550
-20281
-20090
-20920
-21312
-21785
-22117
-22340
-22592
-23054
-22556
-22334
-22394
-22378
-22947
-23128
-23420
-22917
-22562
-22296
-21140
-21088
-21176
-21218
-21325
-20863
-20550
-20294
-19926
-19720
-19518
-19359
-19186
-19084
-18899
-18762
-18718
-18884
-19207
-19844
-20449
-20565
-21750
-22256
-22913
-23067
-24174
-24813
-25401
-25821
-26149
-26363
-26310
-26054
-25699
-25201
-24653
-23978
-23308
-22584
-21749
-21081
-20636
-20355
-20287
-20449
-20762
-21333
-21527
-22836
-23466
-25138
-26336
-27565
-28340
-29466
-31167
-31899
-32369
-32247
-33086
-33346
-33508
-33583
-33705
-33592
-33443
-33327
-32823
-32304
-31800
-31676
-30409
-29394
-28537
-27485
-26466
-24470
-23680
-20583
-19699
-18731
-18464
-17573
-16291
-15712
-15239
-14781
-14516
-14289
-14468
-14642
-14907
-15313
-15873
-16529
-17063
-17859
-18688
-19401
-20214
-20817
-21333
-21722
-22123
-21987
-22747
-22951
-23147
-23216
-23249
-23207
-23195
-23020
-22863
-22758
-22521
-22363
-22136
-21819
-21712
-21516
-21451
-21386
-21319
-21260
-21312
-21426
-21632
-21764
-21924
-22306
-22657
-23088
-22997
-23894
-24292
-24546
-24857
-25176
-25542
-25865
-26128
-25917
-26472
-26529
-26548
-26466
-26329
-26067
-25918
-25611
-25333
-25086
-24817
-24438
-24126
-23812
-23521
-23243
-22867
-22573
-22323
-22050
-21808
-21548
-21375
-21271
-21149
-21104
-21079
-21134
-21170
-21327
-21462
-21598
-21928
-22128
-22392
-22682
-22527
-23344
-23548
-23812
-24083
-24403
-24607
-24819
-24953
-25218
-24918
-25531
-25644
-25691
-25752
-25834
-25911
-25976
-26010
-26104
-26306
-26300
-26266
-26205
-26107
-25997
-25926
-25928
-25936
