-14230
-14418
-14565
-14756
-14972
-15115
-15292
-15420
-15457
-15546
-15651
-15676
-15575
-15573
-15449
-15292
-15083
-14953
-14544
-14197
-13892
-13470
-13138
-12802
-12527
-12258
-12016
-11812
-12207
-11535
-11399
-11720
-11147
-11020
-10775
-10674
-10539
-10438
-10344
-10743
-10203
-10252
-10340
-10363
-10369
-10520
-10527
-10621
-10739
-10815
-10909
-11046
-11096
-11340
-11621
-11754
-11899
-12205
-12468
-12602
-12239
-12924
-13058
-13155
-13281
-13363
-13464
-13546
-13197
-13733
-13833
-13880
-13953
-14002
-14104
-14069
-14063
-14081
-14132
-14079
-14081
-14054
-14050
-14071
-14071
-14065
-14098
-14140
-14113
-14065
-14073
-13989
-13875
-13800
-13735
-13737
-13707
-13657
-13735
-13794
-13880
-14060
-14205
-14348
-14506
-14172
-14819
-15008
-15136
-15630
-15205
-15344
-15380
-15438
-15508
-15617
-15688
-15691
-15817
-15932
-16000
-15655
-16231
-16188
-16281
-16445
-16569
-16132
-16791
-16936
-17069
-17386
-17642
-17771
-18021
-18329
-18602
-18892
-19140
-19357
-19542
-19739
-19945
-20107
-20327
-20415
-20035
-20609
-20655
-20632
-20552
-20394
-20296
-20123
-19945
-19735
-19438
-19157
-18951
-18680
-18384
-18189
-17938
-17604
-17348
-17149
-16928
-16697
-16464
-16184
-15980
-15819
-15747
-15579
-15373
-15338
-15216
-15625
-15056
-15046
-15016
-15006
-14938
-14892
-14817
-14686
-14550
-14466
-14365
-14304
-14247
-14252
-14161
-13686
-14205
-14266
-14422
-14571
-14878
-15146
-15562
-15911
-16361
-16749
-17258
-17686
-18197
-18151
-19224
-19084
-19575
-20407
-20728
-21100
-21434
-21611
-21833
-22044
-22237
-22443
-22569
-22705
-22718
-22829
-22941
-23088
-23157
-23060
-22938
-22699
-22378
-22420
-21901
-21491
-20995
-20441
-20012
-18947
-19008
-18128
-17762
-17432
-17226
-17146
-17586
-17058
-17035
-16987
-16892
-16794
-16667
-16562
-16422
-16346
-16155
-16186
-16084
-16037
-15873
-15775
-16117
-15529
-15434
-15380
-15346
-15283
-15224
-15199
-15230
-15283
-15378
-15523
-15766
-16042
-16331
-16836
-17312
-18021
-18155
-19426
-20170
-20773
-21441
-21924
-22021
-22552
-23004
-23878
-24161
-24371
-24386
-24193
-23968
-23615
-23243
-22714
-22041
-21130
-20352
-19554
-18791
-18218
-17846
-17556
-17663
-17745
-18146
-18771
-19523
-20052
-21167
-22915
-24170
-24941
-26705
-27848
-28451
-29697
-30415
-30888
-31178
-31170
-30865
-30707
-29754
-27886
-26558
-25396
-23720
-21863
-19655
-18541
-16665
-15354
-14415
-13865
-13632
-13806
-14287
-15025
-15871
-16854
-17938
-18770
-19149
-20417
-21176
-21972
-22911
-23733
-23951
-25167
-25808
-26310
-26812
-27184
-27609
-27838
-27957
-28170
-28149
-28077
-27959
-28308
-27573
-27829
-26980
-26537
-26069
-25520
-25018
-24478
-24319
-23306
-22808
-22258
-21871
-21911
-21485
-20688
-20342
-20483
-19752
-19476
-19165
-19031
-18926
-18699
-18581
-18571
-18577
-18565
-18088
-18701
-18834
-18813
-18917
-19046
-19161
-19281
-19422
-19546
-19640
-19789
-19802
-19901
-19546
-20115
-20203
-20289
-20340
-20405
-20487
-20516
-20602
-20716
-20756
-20789
-20848
-20861
-20815
-20890
-20964
-20907
-20917
-20867
-20739
-20686
-20712
-20563
-20552
-20993
-20386
-20247
-20130
-20018
-19894
-19684
-20016
-19315
-19151
-19010
-18863
-18709
-18521
-18491
-18418
-18420
-18365
-18201
-18195
-18210
-18212
-18245
-18275
-18373
-18480
-18084
-18647
-18812
-18947
-19147
-19317
-19073
-19754
-19896
-20132
-20325
-20502
-20665
-20920
-21088
-21136
-21189
-21153
-21231
-21231
-21073
-20987
-20846
-20739
-20586
-20481
-20371
-20298
-20188
-20042
-19882
-19749
-19611
-19499
-19342
-19191
-19016
-18846
-18697
-19035
-18399
-18241
-18035
