-19789
-20134
-20342
-20703
-20993
-21222
-21794
-21964
-22273
-22401
-22533
-22770
-22962
-23084
-23111
-23159
-23201
-23201
-23182
-23136
-23063
-23449
-22859
-22691
-22449
-22270
-22077
-21846
-21682
-21520
-21357
-21123
-20882
-20737
-20573
-20424
-20256
-20062
-19886
-17470
-17567
-17626
-17741
-17882
-18041
-18230
-18388
-18607
-18798
-18955
-18569
-19178
-19384
-19077
-19722
-19859
-19995
-20151
-20352
-20483
-20636
-20829
-20535
-21149
-21306
-21012
-21701
-21857
-21520
-22191
-22409
-22604
-22779
-22905
-23023
-23142
-23239
-23352
-23430
-23409
-23352
-23287
-23222
-23126
-22993
-22812
-22691
-22613
-22529
-22417
-22306
-22170
-22041
-21957
-21863
-21813
-21863
-21848
-21739
-21577
-21502
-21451
-21382
-21352
-21378
-21375
-21394
-21411
-21447
-21447
-21460
-21476
-21460
-21388
-21354
-21375
-21413
-21010
-21571
-21672
-21806
-21936
-22046
-22134
-22119
-22056
-21892
-21773
-21689
-21640
-21644
-21670
-21756
-21831
-21836
-21867
-21909
-21907
-21859
-21863
-21850
-21819
-21813
-21810
-21739
-21609
-21403
-21239
-21041
-20754
-20445
-20193
-20495
-19854
-19691
-20010
-19302
-19075
-18897
-18699
-18586
-18390
-18161
-17974
-17834
-17647
-17460
-17292
-17121
-16987
-16886
-16768
-16628
-16502
-16315
-16161
-16002
-15861
-15785
-15722
-15670
-15609
-15575
-15590
-15617
-15151
-15699
-15777
-15884
-16010
-16170
-16292
-16483
-16667
-16842
-17042
-17230
-17428
-17644
-17867
-17628
-18336
-18107
-18876
-19138
-20041
-20875
-21205
-21592
-21980
-22289
-22569
-22493
-23334
-23672
-23495
-24310
-24623
-24434
-25189
-24945
-25701
-25960
-26205
-26436
-26581
-26728
-26413
-27084
-27247
-27344
-27464
-27577
-27684
-27787
-27873
-27880
-27863
-28336
-27848
-27842
-27815
-27771
-27705
-27575
-27468
-27829
-27222
-27090
-26989
-26804
-26598
-26867
-26209
-25981
-25735
-25556
-25867
-25184
-24953
-24672
-24430
-24205
-23980
-23794
-23579
-23319
-23054
-22836
-22668
-22487
-22302
-22081
-21897
-21686
-21981
-21319
-21142
-20968
-20812
-20689
-20575
-20468
-20313
-20186
-20092
-20025
-20012
-20012
-20520
-19947
-19886
-19888
-19873
-19848
-19812
-19829
-19779
-19693
-19615
-19556
-19537
-19518
-19470
-19426
-19411
-19422
-19523
-19605
-19670
-19710
-19766
-19867
-19938
-19939
-19972
-20081
-20188
-20228
-20235
-20281
-20327
-20397
-20510
-20562
-20600
-20649
-20689
-20726
-20750
-20766
-20760
-20710
-20674
-20688
-20728
-20768
-20771
-20775
-20739
-20758
-20773
-20802
-20785
-20760
-20716
-20659
-20579
-20460
-20384
-20226
-20138
-20109
-19985
-19913
-19714
-19634
-19575
-19476
-19483
-19491
-19319
-19237
-19065
-19092
-19102
-19537
-18907
-18810
-19048
-19764
-20209
-20136
-19951
-19812
-19707
-19743
-19798
-19775
-19688
-19670
-19741
-19831
-19882
-19913
-19974
-19983
-20031
-20146
-19678
-19460
-19271
-18947
-18485
-18298
-18176
-17959
-17646
-17560
-17459
-17350
-17235
-17065
-17006
-16909
-16789
-16649
-16518
-16147
-16088
-16159
-15884
-15970
-15985
-15930
-16042
-16165
-16333
-16428
-16602
-16922
-17380
-17583
-17770
-17999
-18476
-18628
-19632
-20140
-20808
-21447
-22153
-22810
-23052
-24205
-24854
-25548
-26123
-26756
-26892
-27959
-28651
-29201
-29611
-30155
-30661
-31065
-31373
-31636
-31735
-31844
-31861
-31737
-31563
-31749
-30955
-30567
-30147
-29642
-29090
-28493
-27896
-27813
-26718
-26220
-25800
-25565
-25020
-23955
-23052
-22537
-22270
-22262
-22102
-21928
-21817
-21756
-21760
-21813
-21598
-21188
-21384
-21812
-22109
-22220
-22378
-22537
-22609
-22625
-22688
-22775
-22899
-23096
-23271
-23493
-23691
-23852
-23991
-24113
-24237
