-19250
-19172
-18899
-18613
-18554
-17499
-16955
-16623
-16422
-16163
-16042
-15712
-15262
-15243
-15468
-15768
-15682
-16813
-17405
-17668
-18661
-18604
-19422
-19596
-19810
-19867
-19584
-20258
-20367
-20327
-20109
-19833
-19459
-19212
-18865
-18791
-19197
-18355
-17649
-16771
-16499
-15518
-13878
-12770
-11661
-10002
-9165
-8750
-7865
-8392
-9241
-10157
-10871
-11709
-12481
-13140
-13878
-14201
-15495
-16308
-17033
-17947
-18680
-19457
-20312
-20565
-21800
-22073
-23161
-23791
-24140
-24563
-24823
-25048
-25144
-25134
-24997
-25394
-24676
-24371
-24039
-23709
-23315
-22899
-22941
-21993
-21457
-21010
-20565
-20170
-19558
-19168
-18768
-18376
-17922
-17533
-17109
-16500
-15901
-15312
-14699
-13959
-13252
-12529
-11808
-11657
-10478
-9846
-9771
-9224
-8346
-8069
-7770
-7647
-7665
-7674
-7861
-8100
-8512
-8890
-8846
-9947
-10663
-10829
-12117
-12875
-13298
-14241
-15491
-16384
-16686
-17974
-18699
-19354
-19911
-20363
-20709
-20922
-21062
-21092
-20960
-20647
-20352
-19957
-20021
-19065
-18584
-18132
-17682
-17157
-16731
-16250
-15642
-15172
-15115
-14083
-14092
-13067
-13188
-12371
-11964
-11558
-11701
-10833
-10546
-10336
-10084
-9819
-9575
-9285
-9094
-8920
-9063
-9394
-9304
-9804
-10876
-11340
-11644
-11945
-12296
-12649
-13056
-13459
-13855
-14262
-14636
-15016
-15386
-15764
-16077
-16403
-16735
-16621
-17487
-17962
-18397
-18770
-19163
-19499
-19806
-19985
-20252
-20451
-20571
-20745
-20827
-20878
-20991
-21062
-21132
-21300
-21417
-21600
-21667
-21649
-21667
-21684
-21619
-21550
-21480
-21382
-21315
-21342
-21325
-21250
-21222
-21130
-21081
-20932
-20815
-20655
-20453
-20214
-20050
-19691
-19388
-19159
-18924
-18720
-18380
-18560
-17867
-17602
-17336
-17552
-16854
-17092
-16035
-15661
-16161
-16073
-15357
-15205
-14993
-14777
-14586
-14325
-14172
-14012
-13787
-14163
-13565
-13480
-13453
-13401
-13336
-13382
-13628
-13773
-13955
-14277
-14583
-14926
-15230
-15239
-16306
-16852
-17407
-18029
-18731
-19361
-20012
-20750
-21638
-22243
-22892
-23670
-24264
-24865
-25357
-25417
-25899
-26783
-27153
-27432
-27697
-27376
-28000
-28138
-28216
-28168
-28128
-28021
-28331
-27709
-27665
-28029
-27726
-26722
-26836
-26336
-25520
-24991
-24581
-24149
-23813
-23382
-23144
-22810
-22949
-22188
-21926
-21941
-21168
-20922
-20640
-20384
-20308
-20182
-19928
-19625
-19512
-19312
-19184
-19130
-19014
-18949
-18962
-18878
-18819
-18785
-18726
-18649
-18468
-18310
-18168
-18035
-17813
-17602
-17357
-17144
-16970
-16779
-16613
-16460
-16354
-16214
-16237
-15834
-15306
-14924
-14575
-14228
-13959
-13684
-13199
-12819
-12718
-12493
-12073
-11638
-11285
-10871
-10562
-10659
-9537
-9319
-9531
-9691
-9815
-9831
-9823
-9859
-9865
-9854
-9857
-10123
-10054
-10144
-10195
-10306
-10432
-10651
-10909
-11119
-11413
-11657
-11873
-12042
-12142
-12350
-12382
-12422
-12346
-12289
-12132
-12060
-11968
-12008
-12069
-12063
-12033
-12067
-11756
-12424
-12562
-12796
-13058
-13262
-13619
-14020
-14436
-14802
-14846
-15069
-15342
-15861
-16197
-16499
-17008
-17525
-17863
-18262
-18100
-18810
-18567
-19224
-19443
-19697
-19955
-20331
-20647
-20546
-21079
-22126
-22010
-22688
-23029
-23361
-23613
-23804
-23834
-23684
-23689
-23567
-23319
-23121
-22827
-22403
-22174
-22109
-21932
-20670
-20506
-19915
-18630
-18485
-16802
-16338
-15844
-15327
-14869
-14352
-13804
-13298
-12802
-12317
-11869
-11422
-10980
-10571
-10184
-9861
-9579
-9382
-9195
-9062
-8947
-8840
-8802
-8831
-8836
-8775
-8783
-8854
-8934
-9018
-9102
-9151
