-26724
-26504
-26312
-26203
-25934
-25812
-25617
-25411
-25264
-25002
-24781
-24615
-24317
-24025
-23775
-23497
-23291
-22976
-22726
-22930
-22233
-22462
-21768
-21657
-21502
-21399
-21342
-21270
-21298
-21354
-21375
-21424
-21569
-21636
-21794
-21951
-22102
-22388
-22586
-22810
-23025
-23228
-23000
-23684
-23840
-24004
-24172
-24250
-24355
-24407
-24481
-24457
-24407
-24462
-24399
-24334
-24178
-23976
-23791
-23567
-23294
-22995
-22749
-22407
-22075
-21743
-21953
-21107
-20848
-20575
-20329
-20481
-19762
-19548
-19407
-19142
-18949
-18821
-18653
-18548
-18474
-18470
-18430
-18420
-18453
-18092
-18794
-18779
-18621
-18083
-18630
-18712
-18901
-19021
-19151
-19321
-19457
-19584
-19743
-19918
-20104
-20130
-20119
-20063
-19834
-20008
-19273
-19168
-19084
-18976
-18781
-18586
-18111
-17636
-17168
-16785
-16338
-15947
-16105
-15331
-14962
-14665
-14405
-14090
-13983
-13760
-13628
-13443
-13396
-13436
-13569
-13821
-14092
-14289
-14418
-14485
-14565
-14785
-14957
-15285
-15457
-15598
-15592
-15504
-15281
-15147
-14741
-14346
-13957
-13313
-12777
-12563
-11359
-10422
-9625
-9054
-7342
-7798
-8174
-9042
-10638
-12117
-13577
-14932
-15663
-16728
-17918
-18565
-19104
-19691
-19999
-20401
-20651
-20997
-21531
-21602
-21733
-21521
-21354
-21014
-20903
-20701
-20470
-20167
-19680
-17999
-17630
-17178
-16815
-16397
-16607
-15840
-16115
-15397
-15289
-15245
-15180
-15094
-15052
-15010
-15050
-15006
-15023
-14953
-14981
-14859
-14808
-14756
-15144
-14512
-14432
-14359
-14317
-14506
-14733
-14987
-15310
-15189
-16079
-16499
-16875
-17308
-17170
-18075
-18518
-18876
-19188
-19478
-19808
-19987
-20155
-20243
-20231
-20342
-20373
-20409
-20390
-20390
-20298
-20417
-20500
-20497
-20556
-20615
-20659
-20613
-20710
-20796
-20928
-21033
-21209
-21254
-21367
-21035
-21583
-21703
-21798
-21827
-21863
-21819
-21865
-22008
-22474
-21499
-22029
-22474
-22042
-22025
-21957
-21869
-21905
-21930
-21924
-21842
-21836
-21804
-21791
-21852
-21932
-21966
-22041
-22008
-22111
-22174
-22289
-22424
-22542
-22556
-22512
-22478
-22426
-22384
-22373
-22325
-22203
-22168
-22138
-22100
-22008
-21943
-21817
-21678
-21626
-21382
-21136
-20939
-20672
-20392
-20189
-20502
-19749
-19590
-19380
-19161
-18972
-18800
-18579
-18371
-17836
-18054
-17157
-16829
-16541
-16226
-15884
-15531
-15176
-14924
-14676
-14350
-14626
-13867
-13699
-13544
-13317
-13125
-12959
-12794
-13170
-12592
-12527
-12523
-12632
-12758
-12791
-12911
-13088
-13275
-13546
-13771
-14083
-14367
-14188
-14964
-14682
-15401
-15703
-16012
-16100
-16350
-16128
-16861
-17092
-17304
-17659
-17907
-17592
-18363
-18691
-18959
-19180
-19340
-19491
-19655
-19684
-19634
-19703
-19787
-19869
-19884
-19970
-20168
-20348
-20596
-20850
-21142
-21388
-21680
-21980
-22344
-22607
-22943
-23281
-23632
-23880
-24233
-24577
-24775
-25165
-25327
-25228
-25621
-26333
-26815
-26932
-26915
-26936
-27352
-27062
-27258
-27067
-26518
-26100
-25361
-24336
-23033
-22241
-21884
-20995
-17941
-16775
-16241
-15907
-15584
-15523
-15701
-16550
-16859
-17415
-17888
-18445
-18972
-19508
-20125
-20728
-21392
-22199
-22951
-23699
-24315
-25031
-25598
-26310
-26787
-27205
-27542
-27688
-27672
-27661
-27405
-27231
-27329
-26855
-25945
-25432
-25375
-24445
-23976
-23588
-23230
-23023
-22930
-22875
-22953
-23012
-23188
-23380
-23500
-23686
-23804
-23485
-24031
-24086
-24132
-24128
-24086
-23876
-23684
-23697
-23670
-23688
-23823
-23468
-24083
-24159
-24210
-24315
-24277
-24294
-24107
-23959
-23699
-23470
-23044
-22674
-22218
-21796
-21334
-20934
-20554
