-17025
-17121
-18205
-18705
-19342
-19833
-20233
-20750
-21924
-22002
-22880
-23363
-23663
-24062
-24581
-24432
-25224
-24951
-25659
-25649
-25659
-25466
-25485
-25497
-25230
-25405
-24514
-24165
-23886
-23600
-23352
-23121
-22974
-22735
-22628
-22558
-22556
-22478
-22388
-22415
-22495
-22457
-22460
-22500
-22955
-22405
-22256
-22121
-22420
-21680
-21315
-20840
-20388
-19749
-19302
-18867
-18626
-18470
-18336
-18346
-18407
-18084
-18808
-19359
-19970
-20640
-22396
-22918
-23319
-23844
-24176
-24541
-24462
-25188
-25405
-25556
-25697
-25852
-25945
-25962
-25905
-25409
-25922
-25999
-26149
-25602
-25352
-25226
-24999
-24672
-24378
-24092
-23657
-23170
-22754
-22378
-22021
-21598
-21230
-20754
-20420
-19852
-19214
-18632
-18134
-17623
-17146
-16644
-16266
-15817
-15422
-15096
-14806
-14586
-14342
-14653
-14020
-13831
-14165
-13621
-13625
-13642
-13672
-13750
-13741
-13754
-13726
-13733
-13722
-13691
-13689
-13640
-13632
-13672
-13703
-13794
-13836
-13920
-13890
-13722
-13594
-13468
-13321
-13155
-12939
-12808
-13184
-12596
-12542
-12409
-12344
-12327
-12226
-12105
-11955
-11869
-11665
-11485
-11306
-11155
-11029
-10920
-10915
-10842
-10785
-10741
-10760
-10825
-10859
-10896
-10905
-10926
-10966
-11031
-11084
-11144
-11205
-11254
-11331
-11426
-11499
-11550
-11598
-11617
-11632
-11667
-11680
-11697
-11688
-11693
-11726
-11777
-11804
-11825
-11852
-11953
-12062
-12176
-12306
-12464
-12613
-12739
-12865
-12980
-13105
-13214
-13319
-13373
-13388
-13443
-13495
-13535
-13518
-13487
-13457
-13472
-13460
-13441
-13472
-13508
-13527
-13562
-13602
-13621
-13604
-13554
-13500
-13457
-13348
-13209
-13119
-13037
-12949
-12886
-12897
-12899
-12892
-12896
-12850
-12787
-12745
-12771
-12800
-12827
-12810
-12770
-12745
-12737
-12674
-12609
-12499
-12430
-12355
-12256
-12218
-12149
-12048
-11909
-11766
-11665
-11586
-11508
-11447
-11384
-11367
-11405
-11457
-11533
-11611
-11701
-11813
-11918
-12088
-12298
-12575
-12836
-13037
-13249
-13449
-13657
-13894
-13695
-14500
-14798
-15075
-15373
-15188
-15945
-16249
-16537
-16836
-17151
-17451
-17781
-18151
-18523
-18873
-19235
-19098
-19913
-20195
-20508
-20741
-20989
-21249
-21481
-21642
-21836
-22025
-22191
-22287
-22365
-22418
-22493
-22548
-22581
-22609
-22636
-22649
-22670
-22659
-22630
-22605
-22548
-22449
-22388
-22333
-22212
-22042
-21924
-21829
-21712
-21592
-21500
-21388
-21230
-21100
-20905
-20745
-20607
-20459
-20268
-20102
-19983
-19896
-19762
-19590
-19436
-19319
-19199
-19104
-18995
-18867
-18756
-18668
-18590
-18512
-18462
-18355
-18231
-18138
-18100
-18046
-18012
-17983
-17903
-17848
-17812
-17775
-17709
-17649
-17596
-17535
-17466
-17405
-17333
-17273
-17195
-17073
-16987
-16945
-16869
-16758
-16651
-16579
-16485
-16367
-16262
-16151
-16044
-15964
-15852
-15747
-15640
-15567
-15489
-15418
-15365
-15300
-15224
-15625
-15065
-15033
-15016
-15000
-14943
-14878
-14798
-14806
-14817
-14831
-14791
-14768
-14741
-14758
-14890
-14913
-14936
-14951
-14949
-15002
-15050
-15125
-15197
-15228
-15233
-15281
-15434
-15149
-15833
-16027
-16197
-16350
-16520
-16779
-17039
-17285
-17493
-17672
-17920
-18205
-18451
-18699
-18907
-19138
-19363
-19604
-19821
-19571
-20294
-20062
-20771
-20981
-21165
-21417
-21636
-21859
-22075
-22300
-22462
-22644
-22836
-23004
-23170
-23346
-23514
-23621
-23766
-23926
-24062
-24123
-24197
-24256
-24268
-24285
-24273
-24252
-24252
-24125
-24411
-23667
-23905
-23146
-22873
-22495
-22031
-21632
-21226
-20834
-20417
-20042
-19770
-19491
-19102
-18773
-18373
-17854
-17495
-16909
-16638
