-12787
-12617
-12460
-12323
-12224
-12159
-11934
-11888
-11869
-11838
-11794
-11905
-11934
-12054
-11754
-13426
-13668
-14016
-14367
-14754
-14688
-15495
-15840
-15676
-16506
-16924
-17327
-17756
-19462
-19663
-19800
-19993
-20134
-20180
-20292
-20287
-20226
-20231
-20016
-19882
-19607
-19308
-18957
-18710
-18319
-18531
-17674
-17399
-17000
-17086
-16300
-15892
-15533
-15214
-15050
-15119
-15094
-15016
-15062
-15039
-14936
-14867
-14859
-14817
-14850
-14815
-14876
-14981
-15029
-15254
-15464
-15165
-15873
-16094
-16352
-16550
-16722
-16909
-17039
-17245
-17401
-17125
-17848
-17983
-18147
-18354
-18657
-18756
-18884
-18915
-19008
-18987
-18848
-18680
-18586
-18333
-18018
-17756
-17516
-17575
-16792
-16533
-16168
-15701
-15188
-14829
-14409
-13997
-13611
-13268
-12949
-12735
-12363
-11999
-11596
-11333
-11170
-10903
-10802
-11231
-10674
-10680
-10737
-10855
-11041
-11231
-11531
-11850
-12096
-12359
-12247
-13025
-13365
-13758
-14117
-14514
-14888
-15334
-15722
-16075
-16470
-16817
-17163
-17397
-17707
-17936
-18146
-18287
-18310
-18346
-18462
-18504
-18418
-18354
-18319
-18153
-18104
-17939
-17779
-17504
-17226
-17018
-16783
-16554
-16270
-16033
-15764
-15523
-15287
-15109
-14934
-14674
-14443
-14327
-14220
-14155
-14151
-14188
-14344
-14586
-14957
-15455
-15991
-16180
-17495
-18094
-19073
-20773
-21978
-23346
-24056
-25789
-26813
-27779
-27854
-28760
-28829
-28581
-28138
-27565
-27285
-26193
-25472
-24094
-22890
-21407
-19997
-18254
-17333
-16710
-15995
-15382
-15625
-14884
-14897
-15065
-15481
-15957
-16520
-16649
-17703
-18231
-18819
-19355
-19548
-20745
-21384
-21959
-22430
-22792
-22951
-22920
-22901
-22638
-22619
-22657
-22313
-21756
-21088
-20174
-19325
-19035
-17861
-16308
-15346
-15075
-15109
-15216
-15480
-15932
-16350
-16857
-17355
-18035
-18777
-19460
-20186
-20932
-21098
-22296
-22728
-23035
-23161
-23262
-23291
-23289
-23254
-23230
-22848
-22512
-22409
-21930
-21084
-20825
-20571
-20489
-20434
-20424
-20413
-20037
-20655
-20875
-21126
-21680
-21504
-22254
-22432
-22506
-22594
-22628
-22480
-22945
-22350
-22062
-21741
-21378
-20897
-20415
-19636
-19470
-18352
-17689
-17271
-16787
-16405
-16584
-15842
-15552
-15405
-15365
-15203
-15174
-15088
-15119
-15056
-15069
-14932
-14771
-14640
-14642
-14478
-14352
-14222
-14083
-13930
-13754
-13653
-13596
-13193
-13207
-13924
-14039
-13710
-14392
-14434
-14544
-14760
-14947
-15105
-15426
-15147
-15760
-16008
-16220
-16315
-16521
-16628
-16634
-16712
-16676
-16579
-16468
-16298
-16607
-16033
-15815
-15493
-15296
-14964
-14672
-14443
-14088
-13728
-13375
-13109
-13189
-12313
-12018
-11752
-11396
-11025
-10678
-10384
-10037
-9626
-9329
-9050
-9277
-8523
-8262
-8151
-8048
-7987
-7928
-7934
-7964
-7987
-8027
-8086
-8231
-8378
-8514
-8699
-8960
-9239
-9459
-9657
-9901
-10147
-10504
-10804
-11048
-11344
-11598
-11844
-12052
-12241
-12441
-12579
-12691
-12773
-12966
-13146
-13287
-13376
-13508
-13210
-13846
-14021
-13691
-14300
-14478
-14178
-14760
-14819
-14915
-15039
-15144
-15315
-15459
-15506
-15174
-15869
-15938
-16041
-16155
-16161
-16249
-16375
-16327
-16233
-16180
-16605
-15920
-15813
-15688
-16107
-15594
-15544
-15474
-15394
-15355
-15407
-15481
-15541
-15630
-15731
-15928
-15672
-16394
-16758
-17096
-17365
-17749
-17590
-18367
-18777
-19180
-19480
-19850
-20083
-20422
-20714
-20901
-21044
-21165
-21287
-21321
-21321
-21319
-21310
-21271
-21216
-21178
-21128
-21081
-20962
-20854
-20756
-20626
-21000
-20375
-20199
-20037
-19873
-19703
-20031
-19357
-19163
-18939
