-321
-230
-176
-167
-226
-203
-228
-226
-134
-163
-203
-203
-188
-188
-197
-237
-254
-161
-203
-237
-291
-218
-207
-205
-199
-220
-216
-189
-165
-167
-170
-142
-132
-81
-92
-119
-172
-205
-188
-176
-128
-203
-199
-195
-210
-212
-239
-188
-237
-319
-222
-195
-270
-268
-207
-205
-231
-212
-176
-163
-153
-174
-222
-197
-184
-233
-159
-157
-239
-304
-273
-184
-294
-289
-212
-270
-312
-271
-252
-252
-342
-306
-237
-283
-331
-359
-342
-376
-417
-392
-396
-409
-478
-521
-464
-972
-976
-466
-474
-459
-476
-478
-401
-426
-378
-338
-300
-296
-264
-218
-283
-249
-310
-210
-361
-359
-340
-312
-273
-241
-256
-237
-231
-289
-252
-210
-224
-159
-172
-172
-107
-132
-136
-107
-46
-31
-33
-42
13
11
-56
-46
-60
-44
-42
-48
-12
-75
-104
-48
-33
30
38
-10
-6
-2
9
80
108
36
83
95
110
45
91
41
124
129
116
38
47
83
17
47
19
-14
-21
486
-77
13
-27
-86
-86
-62
-42
-83
-90
-151
-235
-247
-228
-186
-216
-352
-342
-424
-401
-478
-514
-462
-16
-531
-523
-621
-640
-659
-686
-655
-689
-684
-722
-777
-743
-754
-766
-730
-794
-871
-857
-878
-888
-882
-905
-897
-882
-880
-869
-813
-791
-747
-710
-726
-686
-581
-613
-596
-497
-464
-542
-539
-586
-518
-514
-529
-483
-447
-411
-405
-445
-415
-418
-363
-331
-333
-233
-172
-195
-205
-147
-167
-147
-31
-92
-96
-48
-58
-35
-52
-60
-67
-39
-84
-130
-128
-163
-144
-151
-186
-224
-245
-222
-287
-283
-313
-340
-333
-334
-346
-294
-338
-359
-342
-315
-333
-310
-233
-319
-384
-367
-327
-334
-273
-355
-367
-378
-396
-441
-373
-371
-426
-460
-529
-480
-399
-451
-457
-422
-520
-504
-483
-508
-510
-476
-518
-514
-550
-569
-596
-577
-590
-548
-504
-531
-560
-510
-520
-563
-590
-609
-567
-531
-584
-575
-535
-537
-546
-588
-583
-640
-653
-649
-655
-649
-649
-707
-750
-747
-747
-718
-722
-689
-699
-701
-670
-646
-668
-691
-644
-604
-663
-672
-646
-638
-632
-670
-653
-659
-743
-703
-644
-546
-617
-563
-514
-468
-472
-396
-432
-340
-375
-325
-363
-323
-298
-317
-254
-289
-247
-260
-258
-230
-256
-216
-249
-252
-197
-319
-294
-313
-306
-279
-243
-321
-350
-201
-182
-199
-140
-189
-180
-161
-184
-233
-209
-203
-172
-180
-235
-228
-254
-291
-359
-296
-361
-334
-384
-321
-365
-369
-350
-365
-312
-266
-207
-230
-222
-176
-300
-403
-354
-382
-483
-470
-432
-438
-459
-18
-508
-493
-480
-521
-613
-657
-651
-646
-684
-722
-646
-655
-636
-663
-636
-688
-684
-651
-647
-670
-600
-644
-577
-636
-571
-617
-554
-514
-521
-506
-464
-25
-497
-466
-478
-466
-491
-6
-527
-407
-487
-401
-357
