-231
-214
-271
-308
-308
-287
-231
-203
-212
-182
-193
-178
-161
-165
-90
-170
-193
-191
-178
-170
-214
-186
-134
-176
-247
-296
-292
-336
-354
-371
-354
-376
-424
-470
-525
-542
-529
-567
-972
-546
-579
-602
-508
-434
-628
-705
-636
-573
-478
-518
-558
-644
-674
-737
-718
-737
-739
-777
-779
-756
-695
-691
-649
-625
-626
-537
-575
-516
-413
-399
-361
-386
-386
-317
-270
-241
-107
-119
-132
-75
-96
-123
-155
-147
-144
-146
-88
-42
-62
-125
-8
-58
-6
9
38
51
32
32
40
70
36
89
129
154
108
68
104
106
89
53
15
57
78
59
53
26
49
62
45
34
83
74
108
83
74
122
97
91
103
70
20
-10
-94
-125
-90
-176
-218
-207
-300
-249
-233
-312
-312
-313
-228
-201
-277
-294
-260
-252
-281
-270
-189
-210
-252
-304
-279
-264
-319
-371
-380
-315
-373
-405
-300
-317
-348
-338
-321
-300
-275
-262
-226
-151
-75
-81
-69
-60
-14
70
72
66
57
87
38
-48
-73
-84
24
101
248
297
171
91
3
-4
150
164
145
236
154
122
181
196
160
263
265
341
309
311
368
414
398
261
194
122
148
177
187
141
187
217
248
261
217
179
34
9
-20
-50
-88
-56
-487
36
70
484
-39
-62
-44
-489
74
484
-29
87
114
-37
-170
-203
-241
-287
-258
-205
-235
-228
-302
-319
-357
-409
-438
-306
-334
-388
-449
-500
-504
-542
-445
-396
-375
-359
-485
-508
-497
-563
-565
-571
-594
-512
-539
-607
-542
-663
-636
-596
-621
-577
-529
-527
-396
-401
-323
-231
-275
-327
-348
-271
-239
-271
-325
-268
-331
-292
-285
-212
-298
-270
-233
-205
-279
-264
-292
-247
-230
-228
-210
-220
-165
-125
-117
-81
-107
-92
-62
-138
-123
-107
-96
-60
-132
-128
-119
-243
-249
-292
-243
-256
-312
-413
-403
-418
-430
-399
-451
-428
-527
-508
-500
-491
-495
-510
-510
-592
-487
-544
-455
-33
-449
-476
-10
-460
-445
-365
-289
-300
-172
-237
-102
-184
-37
-21
-6
486
32
171
177
154
146
259
229
192
112
41
-84
-491
-149
-163
-209
-75
267
11
208
-79
-243
-226
-191
-86
-41
-119
-113
-46
-90
-8
139
223
158
11
-126
-16
-6
83
139
55
64
61
482
43
85
87
148
213
217
276
410
503
11
658
702
883
812
650
582
666
654
603
587
593
568
606
666
580
570
538
570
520
517
440
389
335
274
145
160
49
7
0
-6
-12
118
70
101
9
45
68
-20
-92
-134
-308
-321
-403
-523
-499
-418
-474
-378
-378
-367
-401
-262
-411
-441
-365
-338
-365
-205
-180
-165
-155
-153
-142
-155
-159
-125
-94
-69
-16
87
47
131
45
62
34
