-270
-289
-287
-344
-344
-357
-334
-367
-384
-411
-394
-439
-373
-323
-394
-397
-436
-340
-359
-338
-361
-348
-348
-342
-361
-348
-396
-327
-231
-336
-424
-415
-451
-399
-424
-447
-420
-365
-357
-371
-407
-438
-438
-476
-426
-464
-357
-348
-363
-334
-373
-346
-367
-359
-380
-401
-331
-443
-401
-415
-392
-323
-441
-462
-415
-445
-352
-415
-390
-439
-388
-441
-367
-413
-415
-415
-354
-300
-333
-340
-354
-361
-304
-367
-386
-350
-352
-355
-376
-378
-386
-413
-361
-397
-352
-375
-371
-346
-376
-346
-279
-277
-250
-285
-298
-214
-182
-174
-157
-174
-128
-83
-77
-56
-50
-73
-63
-115
-88
-63
-25
-10
-86
-71
-8
-41
-92
-39
-52
-69
-81
-121
-62
-10
-71
-25
51
5
40
30
85
156
53
36
24
11
80
106
85
41
95
26
28
34
70
49
106
131
160
116
104
101
171
112
112
110
106
106
112
97
108
78
72
110
133
103
103
101
62
59
85
89
78
19
82
135
24
82
76
97
72
64
104
467
24
103
80
53
124
179
141
64
91
135
118
213
179
152
141
175
141
225
227
160
208
232
229
291
223
286
366
452
452
431
440
469
515
519
496
541
570
595
576
650
650
687
759
725
788
812
759
759
761
730
711
730
694
702
690
757
790
738
759
717
736
694
616
641
608
629
625
622
587
562
578
958
414
458
1
461
412
440
480
440
360
435
406
427
461
429
410
345
385
381
326
347
347
257
236
208
179
211
152
139
114
47
7
-111
-92
-83
-191
-153
-182
-197
-170
-142
-180
-254
-315
-275
-296
-327
-224
-235
-256
-214
-216
-252
-241
-285
-367
-317
-312
-336
-323
-287
-266
-270
-277
-310
-266
-300
-266
-245
-218
-220
-237
-209
-254
-224
-203
-218
-168
-130
-180
-147
-115
-98
-109
-144
-147
-79
-144
-142
-88
-111
-142
-178
-178
-182
-230
-222
-163
-168
-193
-168
-134
-104
-109
-39
-20
43
57
-31
-33
32
76
164
208
259
250
339
458
396
520
505
513
534
633
774
799
866
895
916
952
1000
1036
1051
1145
1211
1154
1183
1261
1286
1326
1370
1396
1429
1423
1433
1404
1406
1435
1362
1414
1358
1312
1362
1351
1274
1143
1213
1246
1240
1209
1154
1093
1003
961
990
906
896
833
862
879
790
713
648
597
528
398
385
414
345
261
145
116
43
-29
-98
-180
-312
-340
-432
-439
-527
-581
-636
-636
-743
-758
-812
-855
-823
-876
-962
-957
-918
-905
-936
-966
-495
-953
-959
-987
-920
-878
-859
-823
-875
-863
-771
-813
-804
-855
-846
-819
-812
-794
-787
-785
-813
-813
-752
-665
-701
-667
-594
-583
-533
