-83
-92
-44
-84
-119
-123
-128
-113
-104
-54
-71
-54
-75
-27
-94
-86
-65
-67
-134
-165
-136
-117
-193
-157
-142
-178
-218
-178
-218
-228
-178
-210
-214
-243
-212
-182
-142
-252
-249
-277
-193
-233
-216
-306
-218
-300
-375
-313
-329
-342
-342
-397
-411
-445
-464
-365
-424
-459
-350
-352
-432
-466
-386
-355
-409
-430
-407
-336
-271
-308
-268
-262
-266
-230
-203
-212
-134
-79
-62
-41
-14
41
87
110
133
177
150
213
187
200
221
246
311
272
192
209
213
253
295
270
253
328
274
211
263
349
185
202
284
196
213
108
103
55
83
26
-8
-67
-63
-65
-126
-157
-134
-96
-96
-168
-151
-291
-218
-250
-344
-287
-296
-319
-334
-405
-424
-8
-556
-529
-499
-550
-508
-577
-535
-500
-565
-590
-554
-623
-617
-571
-581
-521
-480
-581
-558
-535
-527
-516
-472
-443
-508
-394
-407
-403
-403
-321
-300
-321
-388
-327
-252
-323
-271
-233
-174
-207
-205
-146
-123
-174
-182
-151
-222
-155
-168
-167
-235
-184
-155
-243
-174
-119
-170
-170
-161
-207
-151
-189
-195
-205
-243
-252
-214
-241
-281
-241
-205
-264
-212
-216
-249
-176
-182
-220
-159
-199
-308
-214
-214
-249
-252
-262
-207
-258
-245
-266
-174
-220
-214
-275
-245
-231
-180
-218
-212
-241
-285
-226
-296
-260
-317
-321
-258
-298
-207
-273
-231
-207
-247
-207
-197
-205
-220
-245
-207
-172
-214
-203
-201
-230
-230
-231
-270
-340
-384
-323
-260
-268
-245
-216
-172
-193
-165
-157
-121
-146
-199
-214
-197
-172
-165
-144
-214
-193
-233
-224
-197
-243
-237
-243
-279
-237
-172
-319
-172
-231
-193
-107
-165
-186
-125
-130
-151
-176
-92
-88
-153
-58
-111
-100
-58
-10
-44
-117
-46
0
-35
-21
-90
-33
-77
-42
5
-81
-35
-144
-69
17
-41
-18
-18
-62
-23
-483
-102
-69
-33
-14
-42
-42
-44
-98
-23
-113
-67
-92
-121
-155
-115
-167
-218
-241
-292
-258
-239
-107
-77
-58
57
482
-8
49
78
20
47
-29
-65
-42
-69
-84
-126
-90
-29
-94
-46
-35
22
20
5
26
55
9
47
36
72
97
482
7
55
469
-60
-18
-94
-50
-63
-56
1
-77
32
38
-54
17
-46
-96
-46
-115
-88
-71
-75
-44
-73
-86
-115
-163
-92
-138
-157
-98
-121
-69
-144
-178
-83
-125
-153
-193
-130
-218
-195
-216
-224
-163
-275
-271
-331
-321
-350
-281
-268
-298
-279
-258
-348
-321
-338
-298
-334
-262
-329
-350
-237
-285
-292
-313
-249
-266
-203
-212
-168
-142
-113
-88
-90
-62
-81
20
51
57
41
97
141
145
177
158
187
215
194
125
179
255
244
213
127
223
202
185
143
133
156
120
85
53
20
-44
-54
-52
-90
-159
