162
68
11
34
30
-23
-37
-52
-186
-182
-317
-361
-329
-380
-453
-567
-491
-577
-623
-640
-697
-705
-668
-617
-562
-602
-600
-978
-409
-474
-468
-497
-455
-441
-432
-470
-432
-415
-413
-373
-396
-315
-277
-321
-296
-275
-275
-226
-203
-136
-115
-31
-67
-90
20
24
-25
-35
-27
5
-25
-20
-44
-56
32
74
5
-16
40
30
-50
-39
34
-21
-25
-487
-18
17
49
-14
482
-71
-33
-105
-96
-92
-172
-136
-159
-184
-268
-188
-321
-315
-376
-373
-327
-333
-409
-447
-964
-439
-464
-508
-508
-978
-401
-480
-453
-403
-457
-537
-554
-579
-592
-602
-632
-575
-611
-651
-544
-659
-613
-632
-640
-621
-644
-642
-659
-716
-781
-691
-771
-688
-783
-792
-737
-741
-752
-747
-607
-590
-607
-573
-579
-550
-537
-466
-554
-497
-460
-447
-453
-447
-403
-449
-376
-344
-285
-306
-321
-281
-281
-289
-313
-376
-365
-277
-306
-291
-271
-323
-304
-285
-283
-279
-292
-283
-302
-327
-212
-294
-327
-323
-277
-302
-317
-415
-342
-384
-331
-302
-323
-243
-271
-193
-243
-241
-205
-264
-260
-252
-283
-302
-409
-428
-422
-459
-430
-485
-485
-411
-514
-449
-447
-457
-308
-428
-415
-344
-327
-312
-283
-304
-329
-266
-325
-285
-247
-289
-214
-113
-182
-132
-84
-56
-63
-86
-27
34
38
47
57
38
-8
-86
-77
-109
-151
-104
-125
-170
-231
-270
-319
-226
-308
-281
-296
-313
-289
-354
-375
-378
-361
-367
-365
-348
-411
-369
-405
-333
-317
-348
-310
-348
-352
-336
-357
-260
-264
-306
-245
-271
-289
-279
-306
-294
-271
-249
-235
-233
-126
-205
-167
-77
-92
-31
30
-41
24
-21
-485
74
7
66
5
62
59
45
57
82
70
114
177
181
156
257
215
225
288
230
242
312
322
345
305
297
242
223
250
253
232
276
223
253
263
229
278
284
251
185
208
179
82
89
30
22
41
26
-21
-52
-81
-146
-197
-176
-195
-249
-285
-291
-317
-315
-363
-474
-405
-394
-480
-567
-558
-577
-558
-630
-560
-552
-598
-598
-584
-581
-563
-518
-548
-569
-535
-510
-478
-447
-464
-409
-399
-470
-436
-350
-346
-352
-396
-323
-357
-350
-325
-329
-323
-327
-294
-292
-310
-296
-292
-292
-333
-245
-216
-287
-277
-306
-285
-304
-317
-315
-270
-237
-245
-264
-260
-254
-289
-262
-325
-310
-281
-275
-317
-355
-369
-399
-447
-476
-413
-422
-451
-405
-371
-334
-373
-348
-289
-346
-401
-331
-394
-348
-371
-344
-365
-369
-348
-399
-384
-336
-287
-310
-294
-291
-338
-348
-344
-283
-279
-336
-361
-428
-438
-439
-472
-485
-474
-459
-516
-537
-523
-500
-457
-527
-514
-512
-504
-420
-460
-459
-493
-972
-443
-447
-504
-539
-544
-520
-518
-6
-539
-630
