-401
-386
-325
-342
-367
-348
-306
-348
-308
-340
-365
-390
-401
-417
-336
-357
-394
-432
-394
-411
-453
-428
-390
-361
-436
-411
-319
-344
-417
-403
-378
-333
-340
-348
-312
-359
-350
-340
-313
-313
-306
-334
-350
-235
-249
-231
-285
-270
-197
-273
-273
-203
-146
-170
-104
-84
-149
-168
-111
-96
-130
-138
-126
-73
-42
-84
-167
-161
-88
-109
-90
-77
-86
-50
-126
-130
-153
-121
-117
-102
-77
-62
-60
1
5
-20
26
62
55
45
62
17
43
122
64
68
148
62
87
120
89
82
85
76
47
61
62
5
61
95
32
26
-16
-483
19
-113
-58
-73
-107
-50
40
1
20
1
480
-50
-25
9
-39
-100
-41
-48
-21
-63
-18
-54
-88
-105
-113
-115
-48
-136
-189
-180
-159
-170
-214
-195
-250
-256
-226
-268
-174
-142
-151
-201
-159
-193
-191
-216
-216
-292
-317
-291
-277
-281
-333
-327
-300
-323
-300
-319
-342
-296
-285
-310
-298
-308
-262
-279
-275
-296
-291
-302
-294
-306
-346
-350
-367
-394
-312
-361
-401
-375
-273
-237
-226
-222
-210
-163
-182
-130
-79
-111
-83
-69
-6
47
57
72
106
83
118
139
108
59
103
259
230
148
248
208
204
215
272
297
295
322
284
217
196
188
145
202
242
154
135
179
225
192
120
167
221
196
242
307
303
259
297
173
246
219
74
166
158
103
41
36
51
38
66
-48
-75
-58
-134
-121
-111
-142
-111
-180
-144
-151
-218
-189
-243
-298
-243
-230
-300
-336
-338
-344
-336
-340
-334
-399
-464
-399
-382
-474
-352
-369
-386
-378
-355
-396
-455
-355
-359
-382
-348
-235
-249
-228
-292
-243
-151
-161
-157
-115
-65
-52
-92
-83
-42
-84
-100
-90
-123
-132
-151
-104
-104
-147
-96
-58
-73
-90
-115
-149
-123
-105
-56
-83
-75
-25
-25
-90
-144
-132
-46
-94
-92
-104
-83
-90
-155
-71
-90
-161
-81
-121
-50
-23
-130
-134
-81
-54
-113
-83
-44
-130
-123
-96
-125
-189
-144
-191
-281
-201
-243
-230
-266
-310
-355
-325
-327
-363
-342
-392
-426
-403
-359
-331
-331
-294
-336
-289
-296
-352
-325
-279
-287
-306
-325
-331
-302
-300
-315
-319
-298
-371
-365
-348
-327
-220
-279
-325
-315
-380
-352
-325
-325
-386
-917
-1930
-1445
-911
-806
-659
-546
-413
-302
-264
-323
-474
-521
-600
-499
-14
-584
-556
-626
-661
-668
-605
-682
-726
-726
-720
-775
-750
-733
-758
-808
-842
-888
-903
-886
-813
-787
-741
-672
-659
-575
-567
-617
-558
-542
-527
-521
-397
-447
-426
-392
-336
-359
-306
-294
-323
-338
-254
-270
-292
-260
-207
-292
-289
-224
-220
-214
-180
-81
-104
-50
-41
-41
-44
-23
-35
-14
-33
-39
-121
-56
-161
-182
-157
-151
-119
