-174
-104
-168
-178
-195
-178
-119
-81
-123
-71
20
-27
26
66
57
13
83
106
20
57
118
129
120
156
124
179
64
120
171
145
141
169
127
150
127
160
206
206
112
95
152
66
57
104
93
36
19
-16
-67
-92
-81
-168
-178
-151
-172
-161
-153
-167
-239
-273
-233
-275
-298
-315
-312
-266
-363
-371
-371
-403
-405
-384
-453
-375
-449
-350
-403
-447
-422
-401
-432
-434
-363
-415
-380
-388
-344
-327
-329
-329
-376
-382
-472
-470
-430
-355
-376
-357
-317
-312
-289
-292
-281
-271
-260
-210
-193
-226
-189
-167
-172
-147
-117
-128
-157
-167
-191
-146
-172
-197
-218
-220
-296
-334
-369
-348
-329
-355
-417
-367
-344
-394
-329
-405
-443
-388
-388
-451
-392
-403
-451
-394
-399
-464
-445
-474
-392
-420
-500
-447
-407
-378
-375
-394
-352
-375
-386
-388
-424
-424
-338
-373
-376
-313
-310
-434
-369
-323
-382
-390
-386
-281
-294
-325
-304
-352
-287
-256
-298
-292
-247
-275
-300
-378
-317
-355
-384
-453
-415
-403
-457
-483
-508
-466
-409
-464
-542
-493
-14
-527
-506
-464
-535
-542
-588
-630
-558
-611
-592
-613
-625
-716
-699
-703
-670
-686
-686
-680
-649
-611
-619
-604
-596
-686
-674
-667
-674
-670
-588
-647
-678
-680
-689
-686
-695
-703
-642
-646
-632
-661
-619
-602
-638
-613
-632
-586
-562
-537
-584
-577
-584
-590
-573
-537
-535
-577
-457
-468
-466
-451
-443
-411
-422
-409
-342
-376
-401
-340
-399
-331
-382
-388
-313
-344
-394
-453
-392
-394
-350
-338
-413
-407
-460
-460
-957
-468
-520
-493
-476
-550
-523
-579
-600
-523
-569
-556
-541
-579
-542
-550
-542
-529
-539
-525
-541
-535
-546
-523
-560
-500
-548
-516
-552
-531
-541
-518
-619
-552
-499
-581
-495
-464
-974
-514
-533
-451
-474
-466
-436
-405
-392
-476
-415
-436
-428
-413
-464
-470
-573
-531
-523
-420
-449
-407
-357
-334
-304
-292
-292
-283
-346
-355
-260
-310
-249
-174
-186
-247
-212
-214
-138
-136
-140
-134
-113
-155
-151
-188
-105
-100
-65
-79
-41
-113
-50
-109
-146
-94
-151
-230
-151
-123
-197
-189
-165
-117
-188
-182
-170
-230
-275
-271
-245
-289
-380
-359
-447
-478
-415
-504
-468
-472
-480
-575
-680
-571
-529
-558
-577
-634
-575
-560
-602
-611
-596
-649
-590
-590
-646
-731
-684
-667
-718
-750
-735
-680
-674
-676
-646
-630
-691
-689
-703
-628
-600
-556
-573
-527
-609
-527
-550
-542
-584
-560
-623
-552
-598
-563
-525
-567
-533
-472
-542
-8
-523
-502
-525
-558
-586
-531
-600
-579
-575
-583
-560
-609
-542
-552
-619
-523
-552
-569
-579
-495
-466
-445
-487
-510
-527
-432
-445
-441
-420
-453
-428
-453
-460
-438
-422
-413
-436
-382
-373
-292
-291
-312
-323
-252
-300
-287
