30
9
51
64
85
171
230
146
99
139
49
15
103
76
30
125
122
97
72
32
13
95
3
34
15
-2
49
91
1
-6
26
26
-10
486
-16
38
19
-14
-81
-10
3
-6
-107
-41
-140
-142
-111
-151
-121
-161
-172
-189
-172
-178
-165
-138
-157
-216
-205
-209
-195
-157
-163
-226
-230
-212
-195
-271
-283
-252
-266
-271
-279
-268
-270
-266
-319
-298
-268
-317
-367
-373
-363
-428
-417
-457
-8
-533
-527
-569
-533
-567
-598
-611
-573
-592
-646
-670
-630
-720
-695
-768
-665
-712
-737
-728
-768
-758
-785
-745
-857
-823
-737
-821
-924
-894
-873
-802
-775
-831
-834
-758
-823
-876
-825
-789
-812
-821
-754
-791
-682
-697
-712
-724
-699
-718
-760
-655
-613
-634
-584
-617
-630
-600
-590
-709
-695
-691
-710
-697
-730
-745
-707
-701
-724
-703
-667
-619
-714
-730
-640
-665
-594
-607
-632
-602
-596
-678
-623
-676
-691
-699
-714
-766
-695
-730
-739
-802
-771
-741
-771
-781
-720
-695
-739
-733
-724
-745
-701
-695
-667
-684
-676
-647
-592
-600
-668
-607
-623
-680
-668
-697
-634
-676
-632
-621
-663
-670
-682
-714
-691
-655
-686
-644
-638
-613
-659
-623
-651
-651
-588
-592
-563
-520
-615
-499
-462
-546
-476
-497
-514
-500
-397
-428
-426
-403
-409
-428
-422
-361
-392
-422
-348
-348
-409
-413
-407
-357
-487
-493
-521
-600
-510
-520
-546
-539
-592
-510
-544
-651
-604
-567
-577
-577
-619
-646
-655
-670
-678
-634
-712
-750
-815
-745
-722
-791
-756
-802
-815
-808
-857
-831
-787
-819
-833
-817
-875
-855
-859
-831
-850
-859
-848
-888
-913
-861
-852
-852
-827
-802
-796
-712
-712
-674
-653
-646
-605
-636
-638
-550
-590
-602
-500
-604
-562
-588
-552
-510
-483
-516
-457
-401
-357
-321
-319
-231
-176
-201
-104
-62
-23
-14
-41
-121
-23
454
-107
-54
5
-8
-8
-2
19
-31
-71
-41
-20
-48
-81
-121
-84
-12
-102
-100
-117
-191
-218
-277
-302
-336
-352
-386
-438
-2
-4
-573
-569
-600
-646
-688
-634
-609
-625
-615
-617
-626
-678
-684
-678
-697
-718
-728
-726
-724
-783
-796
-808
-833
-880
-813
-857
-894
-840
-896
-867
-812
-812
-781
-812
-775
-789
-785
-771
-705
-720
-674
-625
-600
-563
-605
-640
-577
-640
-636
-596
-546
-525
-516
-964
-466
-466
-510
-478
-396
-432
-418
-361
-394
-365
-333
-357
-312
-273
-260
-270
-212
-161
-146
-134
-136
-67
-119
-159
-167
-172
-163
-188
-193
-134
-252
-302
-249
-270
-291
-298
-275
-281
-312
-329
-310
-279
-226
-270
-235
-207
-254
-205
-191
-249
-226
-189
-228
-212
-168
-161
-146
-149
-132
-142
-174
-128
-123
-180
-109
-138
-174
-159
-142
-191
-155
-157
-193
-157
-188
-165
-149
-115
-39
-96
-109
