-436
-390
-434
-417
-380
-401
-354
-313
-428
-394
-415
-386
-365
-331
-237
-262
-254
-325
-256
-247
-306
-226
-271
-231
-186
-184
-168
-172
-193
-182
-205
-92
-104
-170
-163
-134
-212
-180
-168
-126
-149
-109
-109
-165
-138
-119
-180
-237
-209
-163
-270
-258
-252
-241
-294
-266
-340
-302
-239
-237
-281
-250
-180
-250
-214
-271
-243
-262
-245
-245
-189
-237
-289
-275
-315
-233
-231
-188
-159
-231
-199
-132
-155
-170
-104
-39
-20
-489
13
47
108
110
145
154
137
137
204
183
120
185
150
215
198
215
169
204
209
179
175
173
198
236
175
204
250
240
234
299
265
97
127
196
95
26
45
0
-16
-20
-489
15
-63
-83
-113
-100
-130
-115
-84
-123
-186
-195
-188
-199
-226
-245
-209
-226
-252
-342
-275
-273
-308
-384
-334
-331
-355
-317
-348
-359
-329
-338
-380
-317
-354
-386
-369
-348
-359
-294
-315
-348
-331
-361
-313
-306
-275
-245
-262
-207
-176
-130
-121
-88
-6
-21
-4
-14
-23
7
22
80
120
125
68
137
177
125
162
171
125
225
284
213
190
187
238
232
246
280
322
250
290
219
238
208
211
213
171
120
164
129
103
66
-16
38
82
72
47
64
76
120
36
-42
-21
-132
-90
-86
-109
-159
-163
-159
-231
-188
-199
-147
-176
-188
-195
-163
-195
-186
-199
-186
-83
-111
-134
-104
-33
-115
-71
-96
-67
-75
-119
-119
-65
-136
-151
51
-35
-58
-27
-10
61
38
47
108
152
169
171
125
196
255
259
196
190
255
242
272
290
257
299
255
236
282
291
259
238
299
261
255
318
314
318
324
366
431
332
393
425
402
339
309
330
297
326
366
328
246
345
362
232
290
295
185
133
171
156
158
173
129
93
57
51
9
13
-83
-105
-123
-100
-136
-136
-134
-125
-149
-102
-134
-186
-121
-100
-88
-176
-199
-157
-256
-241
-231
-369
-367
-302
-308
-304
-312
-375
-384
-336
-384
-405
-401
-455
-474
-464
-449
-502
-504
-464
-485
-422
-468
-462
-438
-468
-428
-331
-357
-386
-430
-359
-285
-346
-321
-327
-291
-371
-291
-222
-331
-354
-281
-247
-237
-245
-226
-167
-184
-201
-140
-170
-140
-42
-109
-485
19
49
104
103
108
80
164
211
236
206
160
194
200
221
213
175
219
261
267
251
265
318
354
309
326
341
278
305
217
217
223
261
202
162
234
166
152
103
80
64
162
99
76
133
68
41
148
143
137
76
76
124
47
36
38
41
15
-44
-27
-46
-67
-71
-75
-104
-111
-126
-119
-159
-203
-214
-249
-357
-304
-256
-245
-283
-325
-300
-268
-329
-348
-300
-338
-403
-386
-334
-279
-327
-344
