-417
-438
-434
-466
-485
-453
-462
-556
-972
-441
-497
-483
-432
-434
-455
-409
-417
-445
-396
-415
-432
-346
-313
-317
-369
-376
-336
-348
-331
-325
-380
-298
-289
-312
-250
-199
-170
-178
-189
-176
-210
-86
-105
-42
13
-50
-42
-10
30
-25
-25
-44
-50
-63
-10
-35
-75
-25
19
20
-6
17
-18
-21
-75
-140
-105
-126
-180
-165
-121
-153
-140
-170
-142
-138
-161
-147
-201
-182
-199
-252
-279
-279
-250
-264
-296
-285
-247
-247
-283
-308
-306
-331
-289
-237
-245
-195
-182
-174
-230
-218
-182
-258
-209
-279
-281
-283
-243
-262
-247
-254
-258
-193
-252
-214
-199
-195
-123
-170
-96
-163
-159
-172
-197
-180
-212
-252
-193
-199
-296
-296
-273
-287
-266
-270
-312
-264
-313
-333
-365
-338
-357
-369
-331
-352
-373
-376
-352
-334
-371
-399
-376
-375
-462
-478
-430
-455
-392
-430
-333
-355
-357
-268
-285
-224
-239
-239
-266
-252
-233
-231
-189
-212
-140
-144
-184
-130
-136
-119
-35
-18
-25
-29
-50
20
484
17
36
80
45
80
38
61
74
-67
-33
-125
-487
41
-54
17
-10
-67
-107
-142
-130
-111
-100
-88
-96
-123
-96
-113
-109
-113
-111
-88
-104
-123
-113
-178
-239
-230
-266
-182
-163
-161
-170
-199
-228
-178
-218
-230
-186
-172
-163
-151
-193
-178
-119
-84
-126
-77
-96
-37
-69
-60
484
-79
-10
5
-12
-8
-46
-71
-104
-50
-92
-83
-117
-94
-126
-201
-119
-216
-222
-249
-300
-247
-193
-230
-209
-193
-191
-178
-153
-138
-189
-155
-138
-235
-214
-235
-245
-296
-298
-292
-243
-296
-239
-193
-231
-186
-186
-151
-140
-130
-128
-136
-92
-130
-224
-180
-216
-163
-172
-271
-210
-207
-216
-182
-159
-184
-153
-71
-138
-113
-168
-170
-115
-138
-90
22
17
17
-16
-92
-27
-56
-52
-56
-37
-27
486
-18
-41
-121
-46
-65
-109
-94
-65
17
-23
-23
9
-10
62
26
7
57
11
-46
26
76
76
68
1
-79
-37
-50
-92
-147
-123
-180
-237
-201
-151
-247
-277
-331
-340
-405
-394
-449
-449
-525
-533
-518
-508
-520
-594
-598
-594
-569
-646
-667
-615
-586
-626
-703
-668
-670
-730
-668
-663
-712
-714
-682
-688
-676
-634
-657
-611
-605
-552
-535
-552
-565
-598
-447
-468
-525
-457
-460
-510
-500
-401
-453
-441
-502
-552
-558
-573
-573
-548
-525
-535
-558
-500
-541
-516
-499
-485
-512
-972
-480
-449
-466
-405
-396
-420
-397
-396
-352
-415
-460
-436
-453
-464
-459
-455
-485
-497
-489
-539
-476
-6
-510
-485
-525
-502
-491
-466
-460
-434
-478
-457
-453
-466
-533
-426
-417
-415
-485
-439
-470
-978
-480
-525
-459
-422
-481
-426
-462
-451
-439
-415
-399
-407
-308
-275
-304
-254
-277
-323
-216
-170
-184
