-313
-275
-260
-283
-296
-243
-264
-271
-300
-331
-239
-250
-233
-214
-230
-260
-218
-231
-279
-283
-258
-271
-205
-291
-298
-266
-239
-268
-224
-201
-224
-226
-209
-188
-153
-113
-86
-132
-126
-138
-104
-65
-83
-31
-35
-52
-63
-79
-71
-109
-65
-56
-37
-478
55
-77
20
486
-54
-41
-27
-18
-58
-88
-42
-33
-123
-151
-184
-98
-20
-2
-44
32
53
64
7
32
-21
5
486
-111
-153
-147
-149
-170
-168
-203
-249
-266
-283
-298
-315
-376
-365
-334
-336
-396
-340
-441
-500
-382
-481
-447
-502
-480
-436
-453
-476
-474
-537
-535
-529
-510
-552
-541
-512
-6
-554
-533
-422
-529
-462
-432
-483
-478
-487
-470
-392
-464
-415
-409
-361
-405
-344
-375
-300
-197
-207
-306
-289
-218
-247
-230
-182
-126
101
200
181
108
171
131
-81
-161
-67
62
332
467
438
244
143
135
158
316
463
507
532
540
589
545
578
524
479
431
967
379
318
246
194
188
206
106
125
145
110
125
120
120
104
83
118
99
87
133
72
24
72
-487
74
38
-6
-56
-134
-147
-147
-195
-155
-111
-146
-256
-308
-273
-292
-285
-300
-344
-357
-300
-302
-289
-313
-399
-296
-317
-327
-315
-352
-327
-348
-334
-344
-300
-287
-281
-315
-401
-344
-376
-399
-382
-336
-323
-281
-254
-283
-264
-260
-193
-193
-157
-98
-65
-75
-94
-50
-478
34
43
-27
85
30
-8
-18
66
61
40
55
143
145
104
110
83
120
89
38
99
66
-6
19
43
1
-63
-8
-27
-52
-485
484
482
-50
17
41
-37
-79
-483
482
-83
-128
-94
-44
-115
-113
-113
-23
-41
-75
-170
-203
-250
-233
-237
-262
-254
-237
-228
-193
-226
-228
-207
-220
-220
-266
-268
-197
-243
-245
-266
-331
-363
-334
-396
-397
-346
-438
-451
-445
-472
-428
-399
-396
-512
-483
-474
-485
-439
-430
-457
-424
-445
-424
-436
-417
-361
-308
-245
-222
-144
-199
-180
-140
-159
-63
-161
-136
-37
-18
-20
-39
-123
-86
-126
-142
-142
-167
-186
-172
-159
-167
-149
-132
-167
-205
-216
-212
-170
-239
-271
-197
-250
-241
-245
-241
-222
-188
-210
-193
-201
-199
-182
-149
-113
-111
-86
-35
477
-21
9
-46
-42
61
-69
-63
-58
-54
-60
-153
-102
-98
-79
-107
-100
-126
-54
-29
-6
-35
-73
-83
-111
-115
-105
-37
-29
-29
-16
-119
-98
-92
-157
-161
-151
-142
-123
-155
-237
-226
-186
-201
-241
-218
-241
-218
-224
-207
-191
-174
-186
-159
-201
-230
-222
-209
-138
-184
-168
-170
-128
-107
-79
-33
-29
-31
-4
43
-48
-65
-31
-48
-20
-25
-65
-63
-94
-161
-119
-71
-109
-184
-31
-77
-149
-84
-39
-73
-168
-84
-54
-77
-100
-84
-121
