13910
13696
13217
12837
12507
12696
11975
12208
11362
10931
10812
10757
10643
10270
10874
10898
10950
11007
11051
11204
11291
11469
11601
11708
11864
12053
12269
12375
12473
12244
12826
12973
13038
13053
12917
12820
12727
12583
12387
12305
12173
11994
11879
11770
11639
11513
11293
11041
10849
10597
10284
10009
9851
9637
9427
9341
9230
9164
9221
9242
9347
9635
9839
10051
10293
10557
10709
10956
11171
11519
11872
12043
12175
12278
12309
12433
12517
12543
12568
12585
12599
12604
12603
12572
12547
12545
12549
12538
12433
12282
12692
12183
12229
12232
12190
12139
12089
11980
11862
11734
11646
11559
11496
11358
11690
10971
11232
10498
10290
10129
9879
9645
9438
9211
8965
8688
8444
8206
7959
7723
7501
7274
7080
6854
6656
6486
6291
6028
5769
5555
5433
5290
5034
4809
4648
4517
4339
4148
3975
3809
3648
3522
3387
3227
3078
2982
2877
2786
2725
2717
2750
2791
2820
2893
2986
3061
3208
2958
3646
3799
4005
4202
3946
4700
5009
5339
5622
5387
6169
6463
6763
7061
7311
7559
7332
8049
8263
8541
8845
9112
9383
9629
9940
9799
10633
11013
11408
11835
11772
12606
13003
13396
13784
13698
14580
14895
14690
15448
15717
15942
16082
16223
16366
16500
16137
16702
16753
16786
16818
16841
16839
16790
16734
16685
16625
16597
16555
16469
16375
16288
16181
16049
15929
15791
15679
15559
15400
15208
15022
14841
14681
14492
14312
14629
13975
13832
13679
13528
13398
13274
13662
13009
12854
12769
12717
12694
12708
13188
12646
12625
12685
12755
12736
12763
12921
13059
13133
13248
13435
13580
13690
13845
14074
14282
14515
14761
14990
15232
15492
15730
15889
16078
16307
16509
16742
16996
17232
17442
17635
17896
18146
18303
18475
18650
18816
19022
19166
19312
19414
19509
19564
19624
19702
19788
19851
19868
19858
19830
19833
19793
19736
19652
19576
19463
19374
19280
19179
19015
18889
18759
18643
18471
18335
18299
18192
17990
17744
17360
17551
16706
16353
15862
15438
15057
14715
14295
14030
13860
14162
13471
13293
13129
13036
12927
12820
12721
12580
12490
12398
12377
12358
12257
12236
12267
12261
12261
12349
12469
12612
12769
12982
12746
13465
13196
13919
13725
14438
14555
14708
14883
15024
15041
14660
15183
15213
15272
15316
15337
15391
15494
15496
15522
15154
15708
15732
15732
15658
15646
15595
15532
15480
15366
15211
15015
14847
14711
14574
14477
14391
14316
14301
14330
14326
14314
14379
14423
14503
14503
14492
14543
14541
14545
14648
14753
14866
14967
15087
15229
15356
15547
15767
15891
16053
16208
16370
16479
16528
16475
16427
16435
16423
16339
16280
16219
16175
16164
16162
16234
16299
16379
16486
16551
16599
16631
16708
16704
16685
16696
16715
16631
16522
16375
16291
16183
16028
15967
15958
15992
15952
15933
15877
15864
15891
15898
15847
15851
15900
15845
15837
15902
15832
15744
15656
15570
15606
15458
15351
15267
15097
15022
14788
14675
14551
14433
14368
14257
14208
14133
14162
14177
14259
14364
14465
14612
14805
14874
15015
14656
15282
15599
15778
15916
16114
16314
16480
17040
17244
17339
17354
17206
