13393
13196
14129
14566
15038
15561
15973
16097
16311
16417
16431
16574
16713
17015
17181
17534
17944
18194
18477
18767
19143
19320
19601
19782
19877
20013
20209
20398
20572
20761
20797
20839
20950
20545
21166
21291
21009
21685
21877
22177
22341
22578
22753
22877
22982
23112
23448
23444
22757
22509
22274
21998
21826
21597
21345
21143
20958
20921
20868
20759
20767
20666
20435
20290
20032
19929
19916
20019
20049
20114
20049
20043
19925
19874
20009
20043
20175
20135
20135
20480
19904
19734
19643
20017
19500
19477
19349
19202
18885
19040
18141
17774
17501
17246
16996
16753
16564
16387
16278
16022
15641
16225
16379
16129
17045
17501
17980
18698
19179
19820
20261
20744
21135
21389
21519
21763
21898
21944
22013
22032
21507
21937
21658
21965
21398
21270
21299
21040
21843
22110
23150
23541
23856
24244
24475
24515
24400
24238
24036
23559
23003
22902
21803
21091
20219
19853
19041
17759
16694
15633
14818
14242
14061
14059
14227
14654
15120
15780
16490
17387
18534
19190
20750
21774
22750
23746
24570
25387
25456
25904
26559
26696
26709
26795
26898
26387
26988
26910
27347
26656
26467
26320
26085
25744
25440
25066
24717
24219
23845
23320
23423
22959
22267
22303
22629
22496
23024
25349
26118
26851
27517
28208
28708
29141
29400
29318
29146
28738
28225
27660
27057
26501
25717
24950
24206
23456
22973
22711
22545
22625
22790
23034
23349
23732
24001
24366
24666
24910
25087
25301
25351
25366
25353
25198
25368
24704
24604
24517
24389
24337
24173
24406
23770
23692
23725
23677
23715
23509
23299
23440
22723
22293
22026
21681
21419
21131
20872
20603
20326
19923
19992
19080
18698
18240
18011
17767
17671
17479
17402
17250
17270
17343
17480
17520
17463
17349
17242
17232
17333
17412
17339
17524
16666
16135
16045
15080
14694
14444
14179
14049
13841
13681
13547
13580
13620
13677
13845
14101
14290
14545
14776
15087
15293
15620
15761
15763
15765
15648
15561
15459
15360
15314
15217
15616
15106
15251
15433
15856
16354
17066
17809
18146
19427
19916
20515
20708
20967
21293
21438
21314
21095
20671
20068
20009
18982
17790
17112
17049
16246
16093
16005
15709
15652
15211
15513
15190
16263
16700
17721
19311
20440
21055
22095
23353
24150
24646
25276
25610
25812
25837
25631
25845
25396
24263
23616
23343
22143
21360
20730
20265
19875
19704
19744
19958
20305
20730
21236
21830
22049
23250
23879
23969
25007
25288
25459
25427
25278
24956
24664
24280
24381
23274
22561
22402
21307
20725
20270
19910
19625
19492
19398
19585
19753
19833
19994
20135
20250
20286
20503
20683
20751
20559
21009
21917
22421
22772
22484
23041
23250
23335
23654
24135
24891
24931
24748
24896
24362
24715
25095
24946
25610
25732
25706
25641
22024
21062
20353
19923
19778
19610
20656
21036
22366
22572
23727
24175
24286
24049
23639
23057
22223
21337
20910
19769
19255
18940
18643
18381
18221
18227
18507
18727
19041
19162
19072
18982
18975
18793
18858
18891
18776
18656
18597
18526
18711
19324
19564
20112
21293
21805
22433
22895
23038
24057
24519
25051
25362
25736
25414
26057
26062
26064
26125
26208
26425
26660
26809
26921
26877
26631
