15312
15601
14986
15103
15370
15473
15604
15803
15893
16820
17143
18341
18667
19767
20166
20671
21253
21007
21818
22202
23538
24068
24604
25049
25473
25809
26148
26425
26709
27139
27625
28169
28513
28688
28845
28958
29038
29087
29135
29091
29097
28969
28833
28723
28557
28786
28045
27677
27433
27213
26969
26740
26606
26389
26192
25950
25635
25206
24702
24303
24419
23454
23043
22616
22280
22057
21832
21620
21410
21299
21250
21146
20944
20942
20959
20940
20528
21062
21129
21240
21328
21477
21561
21784
21946
22080
22238
22410
22545
22549
22620
22757
22841
22898
22958
22986
22948
22990
23030
23062
22902
22677
22311
22120
22043
22001
21929
21967
22070
22358
23187
23490
23561
23727
23839
24082
24353
24587
24795
25011
25316
25568
25696
25776
25875
25946
25965
25946
25906
25965
26068
26103
26166
26181
26187
26188
26166
26131
26061
26074
26106
25965
25954
25952
25839
25769
25639
25440
25417
24933
25650
25778
25952
26059
26167
26234
26303
25896
26572
26732
26914
27093
27309
27469
27534
27526
27433
27295
27129
26906
26660
26854
26141
25832
25604
25274
24998
24692
24309
24421
23658
23372
23051
22692
22921
22143
21885
21694
21582
21562
21538
21557
21513
21524
21591
21534
21501
21503
21463
21408
21387
21276
21211
21190
21091
21106
21055
20973
20925
20990
20986
20996
21049
21089
21061
21099
21051
21089
21059
21028
21019
20975
20889
20933
20896
20895
20921
20828
20736
20683
20652
20992
20360
20162
19891
19778
19992
19259
18958
18543
17767
17431
17196
16990
16618
16234
15917
15669
15425
15171
14935
14750
15131
14484
14435
14345
14339
14106
14000
13853
13795
13833
13851
13824
13820
13805
13940
14061
14097
14202
14213
14646
14089
14007
13959
13835
14145
13650
13574
13652
13717
13757
13837
13898
13895
13849
13786
13635
13524
13297
13652
13041
12881
12730
12564
12446
12408
12402
12454
12616
12753
13030
13173
13351
13667
14062
14362
14765
14711
15175
16057
16585
17072
17585
17975
18379
18715
18574
19442
19687
20143
20246
20343
20385
20326
20265
20082
19895
19614
18994
18496
17912
17192
16650
16122
15725
15337
15099
14807
15143
14561
14561
14681
14727
14839
15137
15379
15167
16034
16412
16811
17253
17763
18187
18666
19015
19303
19106
20000
20082
20200
20280
20284
20244
20177
20129
19971
19517
18830
18597
18253
18101
17881
17660
17375
17171
16990
16791
17072
16461
16290
16175
16141
16278
16488
16646
16874
17139
17377
17643
17811
17965
18066
18187
18282
18259
18349
18280
18185
18150
18083
17908
17713
17654
17486
17578
16969
16679
16486
16038
15811
16093
15398
15229
15043
14877
14736
14666
14656
14685
14696
14637
14725
14843
14906
15009
15272
15284
15356
15601
15822
16055
16265
16125
17022
17238
17385
17627
17856
18022
18133
18183
18248
18297
18332
18400
18416
18177
18164
17969
17811
17610
17347
17137
16969
16847
16702
16612
16641
16738
16927
17206
17509
17811
18204
18692
18627
19091
19963
20219
20374
20034
20677
20830
20971
21030
21139
21160
21164
21177
21129
21099
21129
21125
21041
21009
20967
20908
20755
20673
20530
20372
20162
19891
19629
19477
19146
18992
18839
18620
