17045
16620
17253
17265
17433
17494
17501
17389
17412
17425
17324
17324
17282
17276
17217
17112
17036
16961
16908
16791
16624
16488
16353
16162
16022
15793
15517
15250
14969
14750
14459
14631
13851
13534
13238
13015
12763
12480
12156
11778
11509
11246
10998
11232
10364
10068
10204
9414
9057
8603
8333
8089
7877
7780
7734
7709
7643
7578
7519
7366
7232
7070
6780
6490
6173
5784
5480
5204
4996
4786
4559
4433
4284
4097
3961
3811
3671
3604
3589
4114
4223
4381
4568
4416
4925
6032
6673
7566
10324
11963
13003
14087
14879
15209
16513
16704
17916
18498
18872
19188
19484
19725
19820
19973
20265
20316
20383
20038
20471
20354
20269
20108
20068
19973
19843
19782
19845
19982
19998
20141
20414
20658
20587
22284
22553
22809
22498
23259
23402
23536
23532
23545
23532
23417
23257
23167
23414
22660
22398
22143
21849
21500
21135
20750
20444
20139
19746
19366
19061
18776
18437
18198
18532
17793
17721
17761
17824
17933
18028
18097
18208
18540
17862
18202
19547
18169
17881
17702
17692
18251
19198
19801
20314
20582
20811
21244
21597
21849
21954
22036
22085
22110
22074
21946
21811
21694
21635
21450
21253
21145
21083
20822
20650
20454
20166
19916
19547
19171
18772
18398
18104
17818
17620
17467
17395
17406
17335
17305
17307
17351
17473
17627
17740
17889
18187
18482
18887
19242
19501
19883
20085
20291
20049
20925
21227
21562
21835
22116
22015
22803
23074
23416
23681
24038
24318
24547
24723
24910
25158
25284
24931
25559
25696
25770
25889
26070
26242
26377
26454
26408
26519
26400
27234
27715
28200
28280
28238
28290
28383
28459
28486
28486
28431
28290
28116
28022
27975
28328
27704
27543
27507
27303
27125
27005
26891
26729
26566
26444
26242
26022
26370
25643
25412
25213
25393
24696
24562
24343
24171
24106
24001
23965
23923
23816
23854
23902
23935
23933
23921
23954
23958
23933
23927
23977
23994
23919
23996
24003
23965
23954
24091
24061
24074
24141
24190
24139
24137
24152
24085
24019
23938
23839
23803
23620
23389
23196
22990
22708
22950
22230
22068
21828
21568
21333
21234
21103
20980
20919
20763
20708
20748
20679
20570
21000
20446
20400
20379
20351
20343
20406
20414
21213
21324
21448
21543
21658
21837
21814
21793
21711
21854
22038
22198
22293
22645
22874
23043
23288
23541
23830
24028
24303
24492
24801
25139
25135
25219
25490
25625
25849
26167
26206
26463
26698
27011
27229
27316
27396
27561
27734
27824
27856
27358
27986
27914
27990
28057
28204
28383
28482
28562
28618
28633
28591
28589
28520
28408
28217
27961
27828
27736
27664
27713
27812
27828
27956
28047
28200
28301
28366
28404
28517
28645
28738
28748
28866
29055
29299
29517
29704
29822
29833
29879
29967
29973
29942
29814
29637
29475
29482
29528
29652
29868
30120
30513
31032
31442
31335
30889
31425
31154
30379
29725
29511
29797
29160
28929
28666
28360
28024
27557
27253
26950
26675
26679
26729
26954
27263
27188
27032
26687
26425
26202
26064
26043
26104
26253
26362
26507
26402
27330
27555
27652
27763
27786
27709
27772
27736
27786
27950
27956
27975
27986
27990
28020
28036
27885
27736
27625
27534
