15862
15803
15937
16082
16169
16175
16253
16345
16356
16587
16723
16929
17030
17150
17328
17354
17364
17345
17270
17303
17383
17389
17431
17692
17883
17877
17772
17730
17568
17446
17368
17303
17284
17307
17291
17496
17759
17982
17603
18776
19641
19958
19883
19816
19919
19849
19690
19562
19467
19471
19406
19280
19122
18881
18593
18276
17759
17215
16669
16146
15696
15280
14944
15082
14625
13854
13494
13269
13009
13074
13232
13469
13885
14265
14272
15270
15719
16358
16709
17051
17276
17272
17349
16713
16162
16055
15503
14404
13759
13255
13175
12316
12169
12192
12353
12530
12230
13007
13574
14154
14645
15085
15666
16812
17143
17587
18498
18791
18832
18954
18969
18830
18770
18702
18580
18354
18223
18101
18019
17896
17860
17887
17898
17862
17998
17595
18188
18406
18549
18730
18931
19196
19345
19459
19057
19673
19832
19959
20074
20259
20395
20030
20683
20820
20950
21085
21240
21412
21549
21702
21856
22041
22202
22370
22517
22656
22828
22881
22952
23051
23145
23274
23335
23387
23469
23618
23751
23805
23816
23839
23839
23805
23744
23694
23652
23572
23480
23328
23188
23017
22809
22650
22948
22202
21912
21624
21328
21108
20906
20662
20410
20169
19910
19669
19463
19213
18948
18637
18385
18146
17950
17734
17507
17248
17030
16809
17066
16349
16603
15908
15700
15467
15230
15043
14950
14904
14858
14816
14736
14738
14793
14885
14973
15059
15162
15358
15557
15721
15916
16175
16391
16137
16908
17160
17429
17719
18068
18343
18099
18872
19185
19511
19843
20156
20431
20795
21145
21011
21862
22236
22601
22496
23396
23809
24177
24532
24875
25164
25517
25803
26085
26463
26690
26948
27225
27463
27656
27381
28055
28234
28467
28725
28912
29040
29192
28824
29458
29612
29730
29809
29851
29860
29887
29958
29965
29935
29891
29843
30278
29698
29608
29532
29446
29370
29316
29236
29099
28973
28893
28795
28687
28446
28265
28110
27956
27833
27681
27490
27278
27089
26942
26790
26583
26858
26173
26005
25826
25633
25437
25326
25167
24990
24830
24704
24625
24494
24364
24250
24118
24003
23914
23835
23763
23698
23624
23532
23463
23393
23337
23322
23297
23221
23129
23070
23032
23007
22977
22937
22982
23019
22998
22952
22898
22860
22845
22860
22849
22870
22895
22906
22906
22919
22942
23005
23066
23104
23131
23148
23179
23232
23339
23477
23614
23734
23875
24003
24166
24303
23944
24564
24681
24843
24956
25125
25261
25383
25479
25570
25667
25795
25927
26066
26183
26284
26427
26599
26780
26952
27099
27255
27435
27587
27788
28013
28229
28419
28591
28791
29009
29200
29360
29500
29645
29772
29866
29963
30049
30118
30202
30265
30345
30379
30341
30366
30435
30354
30381
30410
30219
30030
29814
29610
29316
28896
28597
28240
27904
27606
27238
26767
26267
26311
25288
25374
24500
24370
24143
24402
23790
23774
23595
23570
23641
23547
23578
23673
23717
23679
23725
23662
23593
23583
23458
23351
23286
23234
23158
23091
23093
23085
23062
23099
23043
22998
22994
22887
22702
22940
22337
22173
21992
21906
21931
21883
21824
21889
22049
22179
22269
22400
22458
22595
22700
22784
22807
22812
22938
22969
22992
23078
