22167
21893
21729
21601
21965
21416
21280
21326
21320
21244
21208
21354
21446
21606
21885
22286
22709
23183
23597
23475
24351
24812
25019
25181
24933
25608
25753
26066
26171
26297
26347
26274
26301
26303
26341
26206
25734
25219
24540
24383
23837
22967
22530
22244
22017
21889
21688
21979
21246
21482
20837
20624
20583
20541
20505
20562
20625
20639
20624
20669
20725
20797
20864
20910
20984
21070
21082
21091
21114
21188
21206
21225
21238
21246
21270
21301
21297
21270
21251
21280
21320
21377
21391
21360
21337
21370
21374
21402
21442
21467
21515
21505
21484
21473
21465
21425
21389
21410
21427
21465
21473
21982
21505
21540
21559
21553
21553
21555
21541
21538
21519
21438
21362
21328
21297
21251
21229
21194
21146
21129
21131
21114
21087
21068
21038
20998
21001
20519
21026
21022
20998
21017
21015
21003
21028
21024
21492
20933
20868
20822
20778
20729
20660
20593
20992
20450
20412
20379
20332
20261
20202
20188
20194
20158
20164
20145
20127
20129
20112
20036
19942
19849
19782
19721
19690
19645
19519
19435
19353
19290
19196
19024
18912
18826
18717
18585
18393
18270
18173
18080
18034
17984
17912
17780
17698
17650
17570
17463
17345
17290
17230
17183
17083
17007
16954
16904
16841
16809
16736
16730
16730
16704
16633
16568
16534
16541
16524
16511
16480
16463
16469
16471
16469
16480
16517
16545
16578
16585
16604
16604
16622
16666
16746
16788
16799
16820
16914
16963
17005
17051
17051
16973
16950
16973
16925
16875
16851
16822
16776
16765
16761
16751
16706
16658
17097
16517
16406
16253
16137
16030
15925
15790
16110
15522
15387
15200
15028
14864
14679
14461
14253
14019
13778
13442
13141
12788
12629
12227
12929
13177
13381
13517
13520
13431
13301
13146
12910
12660
12320
12011
11763
11583
11467
11387
11333
11316
11353
11408
11458
11532
11629
11248
11858
11956
12049
12177
12353
12482
12603
12723
12843
13019
13219
13431
13625
13763
13902
14076
14280
14463
14633
14843
15064
15259
15480
15715
15940
15652
16328
16522
16742
17040
17309
17551
17797
18045
18297
18494
18687
18889
19145
19406
19627
19793
19917
19992
20139
20263
20347
20391
20393
20395
20448
20454
20404
20305
20217
20148
20080
20003
19839
19700
19589
19473
19333
19230
19124
19019
18902
18797
18725
18645
18545
18438
18362
18311
18202
18104
17992
17879
17797
17740
17675
17587
17582
17553
17549
17557
17561
17583
17625
17671
17715
17755
17797
17818
17845
17881
17937
18005
18066
18108
18114
18061
18051
18070
18089
18095
18082
18061
18074
18085
18057
17986
17916
17885
17841
17818
17791
17727
17614
17492
17364
17282
17209
17047
16782
16635
16477
16229
15994
15759
15501
15255
14889
14406
13906
13284
12847
12480
11935
11515
11093
11160
10175
9398
9082
8793
8509
8314
8118
8082
8005
8038
8145
8251
8215
8339
8448
8582
8694
8715
8723
8776
8851
9007
9370
9301
9770
10832
11498
12141
12257
13391
14009
14601
15080
15597
16061
16372
16713
17053
17305
17404
17557
17610
17669
17610
17515
17479
17372
17337
17286
17259
16990
16916
16757
16568
16469
16366
16179
16120
16160
16244
16408
16519
16654
16814
16952
16625
