24202
24267
24255
24230
24122
23982
23889
23725
23555
23419
23261
23288
23135
22881
22690
22629
22937
22145
21793
21935
21143
21057
20948
20853
20803
20540
20230
20509
19786
19622
19520
19660
19937
20124
20263
20375
20477
20524
20477
20036
20597
20671
20895
21045
21183
21465
21709
21833
21927
21973
22469
22000
22469
21881
21803
21635
21509
21414
21309
21114
20927
20828
20612
20410
20188
20511
19893
19709
19488
19335
19146
18965
18875
18750
19034
18520
18410
18303
18303
18158
17990
17875
17713
17601
17488
17297
17160
17032
16900
16799
16671
16536
16370
16274
16253
16593
15992
15858
15681
15547
15393
15261
15192
15020
14937
14969
15083
15167
15259
15383
15610
15772
15958
16089
16305
16448
16429
16511
16541
16583
16625
16648
16704
16761
16824
16839
16746
16708
16631
16448
16335
16171
15946
15830
16112
15505
15345
15019
14811
14583
14393
14175
13984
13683
13480
13364
13295
13666
13150
13139
13041
13001
13057
13104
13112
13204
13187
13282
13366
13402
13391
13381
13442
13463
13498
13480
13574
13715
13774
13938
13702
14423
14171
14916
15192
15353
15597
15807
15853
15908
16061
16160
16169
16175
16145
16597
16032
16068
15992
15864
15854
15797
15645
15421
15251
14990
14687
14303
13979
14150
13625
13139
12238
11759
11429
11049
10675
10513
10270
10131
10022
10095
10187
10561
10975
11343
12250
13244
14942
16015
16664
17721
18620
19883
20444
20874
21097
21057
20948
20664
20307
19942
19379
18826
18311
17782
17312
17561
16900
16833
16795
17028
17211
17118
18013
18230
18646
18986
19196
19396
19486
19513
19580
19490
19423
19351
19177
19515
18725
18614
18385
18196
17996
17744
17620
17580
17103
17875
18045
18332
18669
18996
19154
19465
19604
19761
19895
20089
20282
20389
20358
20290
20129
19835
19664
19345
19145
18877
18704
18530
18433
18456
18734
19051
19534
19902
20440
20835
21404
21574
22677
23297
23534
23461
23179
22824
22522
22162
17685
17238
16929
16738
16654
16721
16824
16620
17438
17734
17595
18471
18673
18793
18772
18820
18650
18568
18469
18345
18326
18217
18000
17807
17631
17498
17328
17192
17583
16996
16990
16765
16635
16375
16192
15975
15818
15725
16120
15750
15982
16066
16135
16246
16345
16410
16427
16419
16398
16288
16173
16274
16435
16729
17062
17385
17648
17887
17595
18339
18555
18868
19229
19099
19895
20093
20354
20507
20570
20662
20784
20814
20919
21166
21337
21555
21688
21866
22124
22450
23259
23606
23734
23658
23473
23370
22961
23503
23633
23652
23366
23024
22620
22003
21593
21137
20782
20437
20227
19862
19393
19412
19072
19984
20204
20269
19889
19807
20501
20917
21383
21530
22744
22969
24164
24580
24820
24956
24984
24956
24839
24622
24324
24036
23610
23202
22631
22188
21557
21122
20895
20637
20601
20767
21150
21645
22234
22851
23015
23471
24557
24488
25522
25973
26522
26412
27188
27225
27232
27055
26585
26145
25570
25059
24580
24020
23576
23118
22595
22146
21727
21312
21137
21456
20812
20774
20807
20793
20816
20938
20965
21049
21173
21188
21337
21458
21456
21469
21374
21341
21274
21265
21240
21198
21196
21124
21229
21347
21452
21608
21734
21809
