19505
20196
20740
21198
21875
22019
22475
23330
23795
24177
27593
28038
28507
29022
29433
29904
30131
30257
30347
30322
30066
29727
29475
29797
29057
28757
28442
28026
27545
27070
26597
26820
25624
25396
24427
24164
24395
24614
24509
24931
25770
26135
26568
27164
27425
28530
29047
28900
29629
29885
30051
30242
30524
30708
30912
31064
30929
30650
30547
30656
30881
31087
31104
31106
31028
30832
30589
30188
29916
29469
29248
28687
28419
28078
27816
27683
27717
27721
27776
27980
28227
28599
29179
29717
30467
31080
31559
32162
32648
33061
33343
33666
33812
33925
34169
34562
33261
31988
31881
31772
32104
31841
31599
31391
31753
31066
30847
30677
30452
30101
29889
29580
29780
28660
28274
27933
27656
27832
27179
27349
26677
26530
26398
26248
26020
25734
25620
25545
25492
25471
25421
25345
25244
25284
25364
25887
25322
25301
25030
24893
24709
24729
24790
24744
24730
24511
24473
24381
24297
24343
24351
24389
24545
24914
24425
24381
24248
24263
24104
23984
23818
23725
23908
23219
23412
22698
22484
22389
22267
22097
21832
21553
21343
21169
21488
20933
20761
20635
20446
20194
20097
20120
20114
20120
20055
20515
20001
20179
20318
20456
20503
20477
20391
20097
19879
20019
19263
18828
18383
18547
17599
17179
16618
15954
15349
14721
14181
13862
13702
13736
13963
14219
15339
15742
16788
17490
17877
18694
19120
19276
19133
18677
18484
17324
16637
15969
15366
14750
14274
13923
13765
13832
14316
14809
15377
15938
16532
17043
17713
18167
18688
19015
19234
19402
19347
19089
18853
19017
18078
18062
17515
16385
15824
15303
14902
14606
14473
14406
14790
15248
15612
16095
16458
16914
17438
18062
18562
19043
19062
19839
20131
20427
20618
20841
21127
21419
21723
21979
22286
22604
22917
23053
23143
23215
23185
23055
22877
22654
22417
22211
21881
21624
21381
21145
20853
20620
20425
20137
19889
19625
19381
19146
18879
18662
18503
18284
18543
17730
17604
17372
17169
17110
16952
16841
16786
16778
16755
16711
16736
16830
16946
17026
17043
17166
17229
17360
17433
17530
17685
17791
18028
18171
18383
18089
18816
19099
19253
19505
19732
19843
20000
20215
20360
20561
20679
20770
20994
21099
21217
21333
21366
21406
21423
21438
21404
21337
21206
21085
20958
20845
20751
20633
20559
20412
20385
20309
20234
20316
20290
20187
20190
20248
20679
20624
19931
19196
18219
17984
17322
18024
17980
17763
17612
17711
17755
17872
18051
18177
18251
18395
18463
18522
18513
18500
18484
18486
18078
18620
18750
18847
18977
19169
19398
19070
19736
19820
19931
19973
19944
19921
19858
19851
19807
19717
19585
19498
19509
19490
19335
19250
19137
18925
18795
18725
18494
18242
18032
17849
17618
17318
17125
16826
16612
16387
16204
16009
15805
15706
15593
15562
15585
15593
15568
15786
15881
15992
16103
16215
16438
16145
16782
16921
16629
17333
17104
17877
18139
18475
18824
19118
19328
19620
19830
19576
20299
20374
20463
20583
20591
20593
20578
20505
20500
20425
20492
21001
20414
20377
20383
20257
20124
20055
19938
19790
19774
19669
20015
19509
19520
19477
19477
19477
19459
19459
19500
19549
19574
19603
19595
19620
