20734
19896
19385
19062
18616
18524
18618
18742
19001
20131
20515
19895
19637
19370
18877
18589
18305
17736
17148
17051
16541
16106
15374
15019
14877
14776
14675
14702
14591
14547
14549
14456
14356
14131
14032
13832
13679
13475
13452
13309
13150
12942
12870
13181
12488
12301
12114
11870
11858
11896
11814
11811
11566
11511
11358
11585
11629
11759
12085
12293
12379
12351
12040
11893
11776
11646
11671
11589
11520
11431
11459
11524
11564
11675
11677
11769
11734
11767
11717
11742
11711
11853
12103
12297
12473
12587
12557
12223
13068
13148
13082
12904
12793
12734
12662
12606
12643
12675
12666
12650
12574
12582
12589
12538
12419
12412
12477
12545
12698
12956
13131
13366
13211
14009
14330
14217
15047
15440
15742
16083
16482
16864
17164
17520
17860
18215
18454
18788
18580
19276
19396
19068
19669
19778
19851
19929
19990
19946
19900
19877
19816
19742
20028
19349
19171
19024
18738
18309
18532
17696
17398
17118
16688
16368
15982
15654
15267
14982
14729
14559
14446
14393
14438
14519
14629
14767
14948
14673
19427
19946
21251
21482
21652
21837
21875
21801
21791
21780
21658
21513
21236
21009
20746
20440
20110
19805
18946
18578
18232
17935
17459
17206
16874
16633
16395
16202
15986
15841
15748
15679
15639
15601
15562
15595
15599
15593
15620
15742
15814
15887
15946
16061
16204
16389
16543
16683
16839
16998
17154
17335
17400
17572
17711
17767
17820
17979
18000
18057
18036
18061
17984
17937
17996
17948
17832
17833
17854
17919
17896
17763
17730
17681
17616
17509
17408
17276
17135
17120
17015
16921
16929
16961
16940
16958
16977
16988
17017
16618
17125
17152
17230
17291
17318
17322
17427
17492
17570
17702
17809
17919
18032
18101
18139
18229
18312
18333
18404
18486
18534
19051
18536
18541
18524
18083
18494
18486
18503
18473
18414
18326
18297
18282
18154
18127
17921
18036
18559
18032
18101
18156
18104
18223
18288
18318
18358
18448
18082
18614
18679
18757
18786
18885
18965
18967
18950
19049
19017
18910
18917
18883
18801
18702
18498
18372
18324
18139
18015
17925
17845
17706
17654
17666
17627
17582
17526
17505
17458
17375
17326
17295
17234
17272
17270
17297
17261
17427
17112
17606
17635
17763
17862
18003
18112
18164
18314
18391
18511
18620
18721
18780
18830
18925
18979
18969
18942
18849
18666
18671
18646
18692
18742
18784
18931
19040
19173
19362
19511
19496
19074
19687
20022
19463
19385
19250
19169
19257
19440
19646
19891
20240
20578
20923
21215
21479
21772
21933
22070
22244
22414
22513
22683
22870
22940
23005
23082
23112
23074
23038
23041
23030
23442
22887
22883
22843
22837
22856
22765
22683
22583
22482
22534
22406
22024
21740
21406
21053
20711
20391
20112
19904
19641
19408
19227
18893
18645
18469
18263
18549
17923
17807
17763
17788
17881
17994
18066
18208
18265
18473
18709
19045
19293
19099
19994
20456
21005
21015
22097
22019
22958
23341
23566
23664
23822
23992
24003
23980
23967
23992
24017
24425
23906
23914
23721
23488
23118
23442
22763
22551
22307
22068
21826
21568
21290
21020
20814
20595
20330
20038
19759
19480
19248
19070
18841
18648
18484
18320
18137
17967
17793
17650
