24082
24421
23706
23536
23335
23177
23034
22830
22738
22574
22958
22438
22948
22339
22333
22414
22372
22465
22490
22595
22730
22786
23041
23192
23248
23305
23461
23408
23479
23234
23110
23087
23011
22719
22419
22227
22026
21767
21751
21793
21608
21404
21314
21229
21047
20862
20576
20351
20055
19929
19788
19608
20026
19433
19337
19370
19406
19333
19322
19440
19519
19549
19061
19606
19545
19578
19562
19604
19585
19528
19553
19513
19480
19421
19326
19217
19538
18904
18833
18715
18631
18459
18450
18412
18311
18385
18446
18448
18520
18519
18505
18465
18383
18375
18396
18339
18276
18330
18305
18351
18387
18467
18387
18309
18257
18177
18137
18104
17984
17875
17795
17736
17589
17461
17396
17240
17108
16881
16700
16564
16421
16240
16064
15906
15736
15576
15368
15244
15606
15015
14982
14973
14927
14917
14874
14908
14948
14950
14956
15020
15080
14658
15211
15238
15341
15396
15425
15612
15685
16118
15610
15664
15696
15667
15522
15458
15416
15250
15148
15125
15097
14656
15200
15194
15280
15383
15458
15490
15429
15440
15498
15538
15547
15740
15843
15887
16055
16227
16288
16368
16465
16585
16629
16660
16631
16566
16503
16520
16448
16267
16187
16078
15937
15772
16118
15490
15459
15343
15106
14923
14719
14419
14215
14083
13908
13793
13730
13721
13812
13942
14118
14339
14488
14175
14875
15011
15259
15335
15492
15727
15885
16007
16066
16232
16484
16637
16759
16908
17015
17169
17284
17385
17645
17662
17704
17618
17656
17543
17526
17360
17244
17143
17043
17101
17041
17156
16412
16143
16009
15956
16005
16106
16112
15650
16221
16251
16591
15673
15801
15874
15757
15559
15276
15034
14904
14698
14715
14698
14763
14788
14944
14696
15374
15175
15977
16324
16692
16900
17341
17729
18166
18757
19391
19902
20419
20742
21003
21169
21395
21576
21538
22578
23104
23465
24895
25267
25477
25669
25404
26059
26265
25896
26526
26629
26492
26341
26187
25814
25587
25188
25106
25360
24790
24690
24622
24750
24805
24895
25167
25353
25582
25748
25866
25916
26354
25799
25576
25416
25299
25173
24963
24683
24477
24244
24087
23740
23929
23265
22969
22835
22900
22244
22104
22131
22145
22269
22286
22364
22461
22505
22568
22608
22574
22551
22417
22286
22270
22066
22213
22219
21996
21973
21814
21656
21551
21416
21343
21307
21131
21145
21019
20979
20820
20706
20982
20398
20290
20246
20370
20631
20561
21452
21914
22383
22860
23091
23356
23631
23526
24318
24681
24881
24444
24919
24856
24719
24616
24520
24555
24513
24885
24469
24393
24368
24389
24528
24648
24988
25267
25541
26061
26486
26389
27248
27524
27791
27998
28148
28114
27998
27627
27053
26414
25898
25444
25131
24942
24790
24583
24900
24204
24070
24099
24085
24106
24263
24312
24311
24246
24005
23820
23587
23291
22979
22723
22492
22097
21877
21769
21895
21547
22299
22656
22501
22980
23486
24555
25097
25723
26194
26646
27040
26919
27709
27868
27931
27990
27921
27797
27767
27625
27555
27400
27257
27133
27000
26788
26643
26387
26311
26078
25980
25914
25788
25763
25751
25667
25597
25543
25456
25362
25240
25181
25114
25070
25020
24965
25396
24780
24732
