18597
19515
19652
19631
20003
19217
18729
18118
17297
17001
16061
14311
13196
12406
11536
10963
11209
10692
10952
11141
11295
12435
12729
14059
14860
15572
16083
16490
16812
17055
17223
17509
17543
17585
17500
17175
16862
16440
16034
15866
15780
15853
15994
16156
16242
16320
16332
16412
16666
16887
17305
17791
18263
18805
19005
19393
19702
20192
20215
20643
20809
21003
21148
21353
21435
21507
21522
21104
21479
20791
20671
20662
20816
20965
21055
21198
21234
21318
21427
21543
21931
21950
21830
21713
21675
21501
21278
21156
21062
20937
21003
20896
20919
20788
20755
20704
20568
20364
20276
20150
20078
20509
19958
19780
19706
19559
19467
19408
19347
19274
19215
19160
19001
18958
18952
18891
18812
18709
18748
18774
18732
18759
18774
18824
18902
18854
18862
18826
18782
18807
18767
18750
18738
18750
18736
18709
18589
18528
18442
18416
18366
18232
18177
18091
17996
17931
17931
17757
17746
17753
17654
17679
17675
17679
17675
17677
17688
17700
17734
17738
17755
17801
17816
17832
17843
17797
17740
17738
17770
17799
17927
18024
18116
18179
18229
18278
18322
18353
18358
18356
18328
18291
18322
18374
18442
18486
18482
18425
18414
18417
18431
18463
18492
18509
18519
18551
18587
18648
18717
18812
18935
19028
19110
19167
19276
19372
19566
19593
19713
19805
19860
19917
19958
19545
20114
20194
20314
20459
20500
20541
20667
20832
20994
21091
21167
21219
21282
21438
21574
21723
21851
21940
22062
22156
22286
22416
22557
22643
22729
22854
23070
23208
23265
23328
23431
23549
23667
23801
23452
24036
24116
24232
24318
24366
24477
24566
24591
24713
24988
25095
25236
25326
25492
25685
25761
25790
25797
25812
25818
25784
25700
25585
25452
25356
25185
25040
24881
24658
24328
24055
23849
23625
23349
23099
22893
22690
22938
22061
21879
21683
21977
21372
21192
21051
20935
20761
20629
20492
20354
20263
20104
19996
19851
19751
19685
19612
19543
19471
19412
19320
19232
19187
19152
19133
19133
19099
19059
19020
19019
18971
18959
18933
18954
18969
18971
18946
18914
18874
18868
18910
18950
18967
18975
19003
19114
19234
19324
19389
19480
19608
19729
19807
19887
19946
19988
19986
19971
19965
20000
20007
20038
20101
20152
20219
20248
20412
20624
20750
20822
20931
21101
21316
21547
21828
22091
22295
22433
22624
22858
23072
23187
23248
23345
23469
23538
23583
23572
23595
23645
23675
23734
23839
23458
23975
23969
24022
24162
24276
24396
24538
24656
24778
24944
25286
25507
25725
25784
25832
25891
25864
25791
25643
25629
25480
25274
25061
24835
24650
24555
24507
24509
24606
24803
25190
25675
26070
25948
26770
27059
27625
27994
28379
28366
28681
28767
28927
28963
28914
29295
28618
28440
28131
28295
27362
27036
26610
26293
25942
25583
25291
25017
24723
24877
24080
23791
23538
23188
22973
22843
22694
22597
22660
22664
22641
22572
22564
22551
22492
22526
22545
22543
22601
22717
22883
23017
23145
23200
23206
23148
23154
23114
23034
23003
22879
22786
22643
22541
22396
22267
22070
21820
21564
21381
21162
20902
20662
20421
20251
20122
19914
19767
19723
19688
19603
19585
19635
19662
19570
19729
19803
