13549
14125
14469
14849
15242
15624
16049
17211
17360
17362
17685
17992
18278
18543
18763
18938
19246
19366
19444
19257
19074
18845
18570
18354
18536
17721
17322
16889
16528
16545
15429
15041
14494
14019
13530
13112
12746
11725
11435
11330
11194
11167
11131
11217
11335
11395
11540
11780
12026
11730
12603
13112
14253
14772
15362
15830
16370
16748
17192
17375
17986
18366
18662
18885
19154
19286
19353
19431
19377
19381
19330
19221
19167
19074
18895
18790
18669
19045
18383
18265
18169
17969
17828
17700
17513
17343
17219
17024
16870
16755
17089
16454
16316
16135
16034
16005
15942
15818
15772
15742
15788
15866
15887
16032
15660
16469
16959
17398
17843
18303
18721
18604
19404
19660
19994
20139
20385
20034
20660
20645
20627
20589
20479
20166
19921
19854
19805
19862
19879
19877
19740
19582
19417
19282
19299
19272
19354
19435
19469
19494
19465
19467
19488
20026
19648
19879
19971
20101
20087
20116
20150
20064
19849
19601
19375
19181
18898
18648
18385
18129
17692
17433
17585
16772
16482
16274
16003
15786
15687
15566
15505
15358
15312
15627
15070
14927
14942
14900
14791
14721
14750
14849
14872
14795
14797
14755
14805
14851
14856
14887
14912
14906
14921
14971
15045
15097
15255
15433
15146
15753
15982
16152
16299
16532
16746
16933
17133
17351
17148
17956
17593
18288
18085
18723
18887
19080
19192
19343
19448
19448
19055
19601
19614
19568
19463
19534
20011
19469
19515
19450
19484
19429
19461
19435
19349
19343
19341
19345
19341
19356
19433
19576
19673
19887
20110
20333
20677
20524
21236
21561
21938
22309
22618
22946
23230
23509
23795
24019
24211
24330
24375
24469
24606
24671
24687
24723
24778
24799
24700
24524
24305
24404
23654
23274
23410
22532
22196
21912
21601
21364
21263
21041
20791
20713
20595
20438
20364
20320
20282
20314
20375
20585
20769
20948
21358
21547
21772
22213
21984
22778
23064
22994
23833
23488
24269
24643
24837
25070
25339
25673
26000
26248
25921
26625
26858
26923
27118
27164
27303
27498
27574
27620
27748
27715
27702
27616
27616
27675
27708
27799
27847
27368
27933
27912
28051
28085
28125
28145
28270
28190
28452
28685
28879
28917
29040
29133
29076
29131
29013
27973
25879
26971
28250
28026
27555
27022
26713
26471
26223
25967
25585
25200
25391
24574
24328
24106
24414
23732
23488
23341
23307
23175
23187
23133
23104
23087
23139
23097
23097
23171
23148
23209
23291
23267
23299
23299
23320
23332
23309
23270
23320
23349
23204
23158
23158
23061
22988
23429
22832
22757
22576
22414
22200
22463
21843
21599
21400
21343
21133
20925
20812
20698
20604
20433
20347
20261
20206
20127
20509
19925
19835
19791
19709
19541
19465
19410
19446
19494
19444
19500
19591
19620
19736
19799
19843
19881
19946
20020
20089
20120
20150
20104
20515
19950
19940
19769
19625
19515
19398
19343
19255
19097
18940
18826
18612
18431
18238
17948
17732
17614
17005
16980
16965
16916
16812
16730
16734
16755
16757
16748
16696
16629
16587
16582
16576
16564
16574
16534
16486
16446
16427
16425
16402
16387
16375
16356
16282
16230
16187
16167
16167
16164
16603
16089
16106
16108
15633
16608
16085
16104
