-5.148828125
-4.98852539062
-4.73491210938
-4.31381835938
-4.15830078125
-4.28510742188
-4.25639648438
-4.34252929688
-4.44301757813
-4.90239257813
-5.46225585938
-5.8953125
-6.3642578125
-6.44560546875
-5.99819335938
-5.3689453125
-4.83540039063
-3.694140625
-2.79453125
-2.1150390625
-1.03598632813
-0.08134765625
0.76083984375
1.3685546875
1.81118164063
2.06240234375
2.4404296875
2.70361328125
2.56723632813
2.39736328125
1.82314453125
1.22021484375
0.6220703125
0.40673828125
-0.059814453125
-0.442626953125
-0.753662109375
-1.05512695313
-1.28959960938
-1.38530273438
-1.703515625
-2.29448242188
-2.2107421875
-2.60073242188
-2.51938476563
-2.48588867188
-2.44282226563
-2.3255859375
-2.19877929688
-2.17963867188
-2.0767578125
-1.88774414063
-1.67001953125
-1.43315429688
-0.657958984375
0.217724609375
0.983349609375
1.85185546875
2.82084960938
3.16059570313
3.78984375
4.03149414062
4.11284179688
3.93100585938
3.39028320313
3.07446289063
2.87109375
2.50502929688
1.97387695313
1.46665039063
1.129296875
0.897216796875
0.88525390625
0.63642578125
0.87568359375
1.01206054688
1.35419921875
1.83271484375
2.20356445313
2.80888671875
3.98603515625
5.02919921875
6.10346679688
6.77817382813
7.80219726563
8.41948242188
8.99609375
9.2353515625
9.65166015625
10.14453125
10.2067382813
10.1708496094
10.0512207031
9.85981445313
9.75454101563
9.4267578125
8.95302734375
8.42666015625
7.95053710938
7.2830078125
6.8236328125
6.55087890625
5.5603515625
4.81865234375
3.38549804688
3.03139648438
2.7466796875
2.47392578125
2.80170898438
3.39985351563
4.08173828125
4.90239257813
5.85463867188
6.3546875
6.80927734375
6.92412109375
6.98872070313
6.74228515625
6.28051757813
6.04604492188
5.76372070313
5.08901367188
4.70141601562
3.8951171875
3.10795898438
2.56245117188
1.42119140625
0.552685546875
-0.251220703125
-1.0240234375
-1.69633789063
-2.53134765625
-3.07685546875
-3.54340820313
-3.76591796875
-3.80180664063
-3.40942382813
-3.3591796875
-2.96440429688
-2.64140625
-2.41411132813
-1.97866210938
-1.64370117188
-1.29438476563
-1.06708984375
-0.63642578125
-0.34931640625
-0.0669921875
0.057421875
0.095703125
0.095703125
-0.212939453125
-0.581396484375
-0.8326171875
-0.9953125
-1.36137695313
-1.66762695313
-2.11743164062
-2.14853515625
-2.45478515625
-2.69165039062
-2.73950195312
-2.85434570313
-2.88544921875
-2.851953125
-2.6126953125
-2.70361328125
-2.79692382813
-2.62465820313
-2.354296875
-1.82314453125
-1.51928710938
-1.14125976563
-0.9091796875
-0.916357421875
-0.992919921875
-1.22260742188
-1.55756835938
-2.316015625
-3.25629882813
-3.97885742188
-4.78754882813
-5.37373046875
-5.93598632813
-6.258984375
-6.62983398438
-7.07006835938
-7.29736328125
-6.61547851563
-5.99580078125
-5.04833984375
-4.05541992188
-2.6318359375
-1.19389648438
-0.165087890625
0.791943359375
1.33745117188
1.65805664063
1.82075195313
1.31831054688
1.75854492188
0.547900390625
-0.325390625
-1.2728515625
-1.83271484375
-2.54331054688
-3.17973632813
-3.62954101563
-3.94057617188
-4.01713867188
-4.134375
-3.89272460938
-3.61518554688
-3.2251953125
-2.81845703125
-2.11025390625
-1.14125976563
-0.394775390625
0.504833984375
1.3876953125
1.87099609375
2.40693359375
2.64140625
2.76342773438
2.9189453125
3.17495117188
3.21083984375
3.33525390625
3.20844726563
3.10078125
2.9380859375
2.7658203125
2.6701171875
2.507421875
2.32797851563
2.31840820313
2.19877929688
2.30883789062
2.27534179688
2.10307617188
2.09829101563
2.27055664063
2.49306640625
2.8041015625
2.95244140625
3.3208984375
3.67739257813
3.92143554688
4.06259765625
4.30424804688
4.5650390625
4.87368164063
5.1392578125
5.32348632812
5.7517578125
6.04125976562
6.23984375
6.52934570313
6.74228515625
7.02700195313
7.10356445313
7.35239257813
7.40024414063
7.4361328125
7.0916015625
6.96000976563
6.86909179688
6.60112304688
6.45278320313
6.16088867188
6.06997070313
6.31879882813
6.53891601563
6.55805664063
6.08193359375
5.16079101563
4.53872070313
3.72045898438
2.80888671875
1.72983398438
1.014453125
0.31103515625
-0.26318359375
-0.937890625
-1.41640625
-1.8853515625
-2.25620117188
-2.56723632813
-2.507421875
-2.33754882813
-1.86142578125
-1.45708007813
-0.863720703125
-0.03828125
0.437841796875
0.825439453125
0.9474609375
1.35419921875
1.3015625
1.26806640625
1.12451171875
0.830224609375
0.81826171875
0.873291015625
0.911572265625
0.992919921875
1.0623046875
1.21064453125
1.16279296875
1.50493164063
1.46665039063
1.44750976562
1.50014648438
1.10297851563
0.968994140625
0.806298828125
0.6890625
0.519189453125
0.595751953125
0.413916015625
0.10048828125
-0.11962890625
-0.34931640625
-0.5837890625
-0.772802734375
-0.9666015625
-1.29916992188
-1.63413085938
-1.7609375
-2.11264648438
-2.28251953125
-2.71557617188
-2.85673828125
-2.8041015625
-3.04814453125
-3.24912109375
-3.50034179688
-3.59604492188
-3.52666015625
-3.68217773438
-3.87836914063
-4.03388671875
-4.08173828125
-3.99321289063
-3.7611328125
-3.63671875
-3.51948242188
-3.22280273438
-3.19887695313
-2.89501953125
-2.47631835938
-2.3255859375
-2.28251953125
-2.24184570313
-2.20834960938
-2.239453125
-2.36625976563
-2.78017578125
-3.17016601563
-4.14873046875
-5.09858398438
-5.47421875
-5.799609375
-5.837890625
-5.93120117188
-5.35219726563
-4.22529296875
-3.47880859375
-3.02421875
-2.16528320312
-0.6603515625
0.459375
1.7322265625
2.85913085938
3.66064453125
4.01235351563
4.2587890625
3.96689453125
3.63193359375
3.043359375
2.38061523438
1.88774414063
1.63173828125
1.33505859375
1.04794921875
1.13408203125
1.52885742188
1.703515625
1.92124023438
2.2490234375
2.33037109375
2.57202148438
2.737109375
2.8041015625
3.14624023438
3.01704101563
3.14624023438
3.05532226563
2.96201171875
2.79213867188
2.65815429688
2.51938476563
2.33515625
2.21313476562
2.0767578125
1.9619140625
1.93559570313
1.87578125
1.87578125
2.0576171875
2.1341796875
2.42607421875
2.45
2.31123046875
3.36875
4.10327148438
4.38559570313
4.86650390625
5.053125
5.493359375
5.6943359375
5.90249023438
5.53642578125
5.36416015625
5.2923828125
4.78994140625
4.67749023438
4.38798828125
4.2587890625
4.04345703125
3.84008789063
3.84487304688
3.78505859375
4.06499023438
4.134375
4.31860351562
4.56264648438
4.55546875
4.64877929688
4.79233398438
4.85454101563
5.01005859375
5.13447265625
4.94545898438
4.56025390625
3.90229492188
3.35200195313
3.85205078125
4.34970703125
4.91435546875
5.04594726563
4.59614257813
4.17026367188
3.57451171875
2.4021484375
1.72983398438
0.5263671875
-0.212939453125
-0.906787109375
-1.58388671875
-1.96909179688
-2.17006835938
-2.05283203125
-1.53125
-1.282421875
-0.74169921875
-0.26796875
-0.217724609375
-0.1052734375
-0.0861328125
-0.059814453125
0.093310546875
0.3828125
0.576611328125
0.710595703125
1.00249023438
1.34223632813
1.72504882813
1.93559570313
2.33515625
2.65815429688
2.79931640625
2.94526367188
3.1486328125
3.119921875
3.32329101563
3.22280273438
3.06728515625
3.24912109375
3.44770507813
3.52905273438
4.07934570312
4.498046875
4.95024414063
5.1009765625
5.37133789062
5.684765625
5.86420898438
5.7326171875
5.56752929688
