2.124609375
2.1341796875
2.16049804688
1.99301757813
2.17485351563
2.15810546875
2.39018554688
2.4404296875
2.57202148438
2.61748046875
2.73471679688
2.78974609375
2.89501953125
2.928515625
3.10556640625
3.27783203125
3.39267578125
3.47163085938
3.6462890625
3.7611328125
3.84008789063
3.85444335938
4.04345703125
4.2109375
4.29228515625
4.37124023438
4.7181640625
4.97895507813
5.18471679688
5.340234375
5.40004882813
5.40004882813
5.55795898438
5.6751953125
5.761328125
5.85942382813
5.9048828125
5.92641601563
6.01494140625
6.05083007813
6.07236328125
6.06518554688
6.08193359375
6.10346679688
6.12021484375
6.12260742188
6.12021484375
6.13935546875
6.10346679688
6.11782226563
6.1154296875
6.07236328125
6.03168945313
6.04604492188
6.0962890625
6.07954101563
6.07954101563
6.05561523438
5.97666015625
6.0484375
6.105859375
6.00776367188
6.00537109375
6.0580078125
6.0771484375
5.98623046875
6.16088867188
6.16806640625
6.08193359375
6.07954101563
6.01733398438
5.93120117188
5.87138671875
5.799609375
5.7326171875
5.71108398438
5.64409179688
5.5986328125
5.62495117188
5.47182617188
5.42158203125
5.44072265625
5.47182617188
5.47421875
5.49096679688
5.44790039063
5.42397460938
5.46225585938
5.17275390625
5.00766601563
4.60571289062
4.3927734375
3.93818359375
3.74677734375
3.215625
2.95244140625
2.31362304688
2.00258789063
1.397265625
1.15083007813
0.863720703125
0.332568359375
0.011962890625
-0.389990234375
-0.605322265625
-0.959423828125
-0.988134765625
-1.225
-1.37573242188
-1.4833984375
-1.71787109375
-1.89252929688
-2.20595703125
-2.25141601563
-2.27294921875
-2.33037109375
-2.41650390625
-2.42368164063
-2.392578125
-2.33037109375
-2.30405273438
-2.30405273438
-2.27055664063
-2.19877929688
-2.06240234375
-2.0671875
-2.0671875
-2.0193359375
-1.94755859375
-1.92841796875
-1.78247070313
-1.703515625
-1.7322265625
-1.6748046875
-1.57431640625
-1.39008789063
-1.397265625
-1.39487304688
-1.40444335938
-1.3494140625
-1.3876953125
-1.42358398438
-1.43315429688
-1.41879882813
-1.38291015625
-1.33984375
-1.26567382813
-1.37094726563
-1.225
-1.22978515625
-1.07666015625
-1.07905273438
-1.1771484375
-0.99052734375
-1.01684570312
-0.997705078125
-1.00727539063
-0.983349609375
-0.9091796875
-0.79912109375
-1.0240234375
-1.21782226563
-1.03359375
-1.1005859375
-1.29677734375
-1.37573242188
-1.53364257813
-1.54560546875
-1.62456054688
-1.59345703125
-1.67958984375
-1.4642578125
-1.41401367188
-1.40922851563
-1.51928710938
-1.35419921875
-1.41401367188
-1.55517578125
-1.56953125
-1.61020507813
-1.66044921875
-1.70112304688
-1.70112304688
-1.741796875
-1.99541015625
-2.10546875
-2.18681640625
-2.29208984375
-2.33994140625
-2.507421875
-2.56484375
-2.67490234375
-2.78017578125
-2.909375
-2.8998046875
-2.966796875
-3.21323242188
-3.28500976563
-3.36635742188
-3.4453125
-3.47641601563
-3.521875
-3.4740234375
-3.5697265625
-3.41181640625
-3.46923828125
-3.4357421875
-3.464453125
-3.1486328125
-3.08642578125
-2.94765625
-2.85913085938
-2.7658203125
-2.71318359375
-2.71318359375
-2.8328125
-2.99790039063
-3.01225585938
-3.13427734375
-3.02661132812
-3.02661132812
-3.0625
-3.11274414063
-3.07924804688
-3.46923828125
-3.6080078125
-3.95014648438
-4.05063476563
-3.99321289063
-4.32099609375
-4.45258789063
-4.78037109375
-4.96938476563
-5.19189453125
-5.569921875
-5.79721679688
-5.90727539063
-6.0771484375
-6.26376953125
-6.35229492188
-6.297265625
-6.55327148438
-6.62504882813
-6.66333007813
-6.69682617188
-6.67768554688
-6.603515625
-6.43842773438
-6.565234375
-6.62744140625
-6.54130859375
-6.59155273438
-6.47670898438
-6.25180664063
-5.9623046875
-5.7708984375
-5.30913085938
-5.01005859375
-4.59135742188
-4.4119140625
-4.01474609375
-3.808984375
-3.60083007813
-3.12231445313
-3.043359375
-2.99072265625
-2.99311523438
-3.16298828125
-3.17973632813
-3.24912109375
-3.47641601563
-3.5505859375
-3.79702148438
-3.923828125
-4.04345703125
-3.96928710938
-3.76831054688
-3.39267578125
-2.8232421875
-2.67250976563
-2.52416992188
-2.55288085938
-2.54331054688
-2.5935546875
-2.19877929688
-2.06479492188
-1.74418945313
-1.41162109375
-1.16997070313
-1.071875
-0.940283203125
-0.854150390625
-0.87568359375
-0.90439453125
-0.835009765625
-1.12690429688
-1.31352539063
-1.72504882813
-1.94516601563
-2.18203125
-2.28251953125
-2.28251953125
-2.162890625
-1.95473632813
-1.56474609375
-1.37333984375
-1.10537109375
-0.87568359375
-0.49765625
-0.325390625
-0.102880859375
-0.093310546875
0.23447265625
0.456982421875
0.624462890625
0.925927734375
1.05512695313
1.29916992188
1.50971679688
1.61977539063
1.818359375
1.86860351563
1.97866210938
2.20834960938
2.28969726563
2.40693359375
2.48349609375
2.54331054688
2.76103515625
2.82802734375
3.02661132812
3.119921875
3.13188476563
3.3783203125
3.4740234375
3.54580078125
3.59365234375
3.541015625
3.74916992188
3.82573242188
3.92622070313
4.07934570312
4.17265625
4.21572265625
4.3353515625
4.40952148438
4.47172851563
4.51240234375
4.57221679688
4.66313476563
4.68466796875
4.69184570313
4.995703125
5.07705078125
5.14643554688
5.24692382813
5.27802734375
5.2732421875
5.301953125
5.28041992188
5.27084960938
5.09379882813
5.15600585938
5.22060546875
5.14404296875
5.09619140625
5.09619140625
5.08901367188
5.26845703125
5.2541015625
5.27563476562
5.32587890625
5.33305664063
5.34501953125
5.25170898438
5.28999023438
5.29716796875
5.26127929688
5.2828125
5.31630859375
5.36655273438
5.30913085938
5.32348632812
5.31391601563
5.3306640625
5.3115234375
5.2923828125
5.24213867188
5.25888671875
5.28520507813
5.301953125
5.29956054688
5.28999023438
5.32109375
5.32827148438
5.28759765625
5.301953125
5.31630859375
5.35219726563
5.3115234375
5.29956054688
5.31870117188
5.28520507813
5.22778320312
5.20146484375
5.11772460938
5.10576171875
5.20146484375
4.99091796875
5.0244140625
4.78037109375
4.6416015625
4.46455078125
4.49326171875
4.50043945313
4.39516601563
4.28989257813
4.22529296875
4.13198242188
4.00278320313
4.01713867188
3.9908203125
3.80180664063
3.81376953125
3.89033203125
3.82094726563
4.13198242188
4.83061523438
4.97416992188
5.18232421875
5.1775390625
5.13208007812
4.91674804688
4.51000976562
3.95493164063
2.94047851563
2.62465820313
2.08393554688
1.78725585938
1.473828125
1.13168945313
0.930712890625
0.55986328125
0.44501953125
0.08134765625
-0.088525390625
-0.299072265625
-0.55029296875
-0.63642578125
-0.8326171875
-0.861328125
-1.014453125
-1.02641601563
-0.988134765625
-0.973779296875
-0.930712890625
-0.8517578125
-0.801513671875
-0.708203125
-0.6794921875
-0.567041015625
-0.552685546875
-0.5072265625
-0.516796875
-0.53115234375
-0.485693359375
-0.440234375
-0.452197265625
-0.44501953125
-0.41630859375
-0.452197265625
-0.42109375
-0.447412109375
-0.284716796875
-0.2296875
-0.095703125
-0.002392578125
0.04306640625
0.1052734375
0.179443359375
0.327783203125
0.399560546875
0.459375
0.715380859375
0.791943359375
0.9283203125
1.03837890625
1.18671875
1.28002929688
1.244140625
1.435546875
1.49536132812
1.40444335938
1.5791015625
1.48579101563
1.52885742188
1.588671875
1.626953125
1.6173828125
1.76811523438
