1.05751953125
1.091015625
1.07666015625
1.13408203125
1.14604492188
1.1388671875
1.11494140625
1.20825195312
1.07666015625
1.09819335938
1.04555664063
1.03120117188
0.978564453125
0.9283203125
0.854150390625
0.83740234375
0.7943359375
0.734521484375
0.6986328125
0.6029296875
0.552685546875
0.5646484375
0.36845703125
0.318212890625
0.2775390625
0.236865234375
0.2966796875
0.06220703125
-0.021533203125
-0.12919921875
-0.136376953125
-0.1818359375
-0.26796875
-0.26318359375
-0.260791015625
-0.160302734375
-0.337353515625
-0.366064453125
-0.428271484375
-0.447412109375
-0.423486328125
-0.42109375
-0.38759765625
-0.366064453125
-0.363671875
-0.363671875
-0.442626953125
-0.41630859375
-0.409130859375
-0.466552734375
-0.4306640625
-0.38759765625
-0.351708984375
-0.26318359375
-0.2296875
-0.26318359375
-0.095703125
-0.11005859375
-0.057421875
-0.133984375
0.059814453125
0.13876953125
0.232080078125
0.248828125
0.287109375
0.4115234375
0.442626953125
0.4880859375
0.5263671875
0.567041015625
0.576611328125
0.567041015625
0.557470703125
0.576611328125
0.58857421875
0.57421875
0.6029296875
0.5837890625
0.5359375
0.50244140625
0.490478515625
0.500048828125
0.562255859375
0.389990234375
0.404345703125
0.39716796875
0.3541015625
0.342138671875
0.342138671875
0.447412109375
0.232080078125
0.256005859375
0.203369140625
0.232080078125
0.241650390625
0.1818359375
0.12919921875
0.169873046875
0.179443359375
0.174658203125
0.25361328125
0.313427734375
0.356494140625
0.3541015625
0.40673828125
0.413916015625
0.423486328125
0.495263671875
0.52158203125
0.504833984375
0.523974609375
0.543115234375
0.557470703125
0.495263671875
0.691455078125
0.67470703125
0.696240234375
0.72734375
0.7369140625
0.76083984375
0.91396484375
0.734521484375
0.76083984375
0.849365234375
0.88046875
0.88525390625
0.88046875
0.88046875
0.878076171875
0.878076171875
0.882861328125
0.849365234375
0.84697265625
0.88525390625
0.8900390625
0.91875
0.95703125
1.00009765625
1.02641601563
1.02163085938
1.00249023438
1.03598632813
1.03598632813
1.06708984375
1.08623046875
1.0623046875
1.06708984375
1.07666015625
1.09340820313
1.0814453125
1.11254882812
1.09580078125
1.08623046875
1.12690429688
1.20107421875
1.22739257813
1.31352539063
1.31352539063
1.34702148438
1.3685546875
1.35659179688
1.40444335938
1.43076171875
1.4642578125
1.49536132812
1.50493164063
1.64848632813
1.68676757813
1.69633789063
1.72744140625
1.80639648438
1.780078125
1.76811523438
1.82553710938
1.8470703125
1.87578125
1.894921875
1.89731445313
1.91166992188
1.9140625
1.97866210938
1.82075195313
1.84467773438
1.76811523438
1.741796875
1.7705078125
1.77768554688
1.7130859375
1.70830078125
1.70830078125
1.56953125
1.53364257813
1.5025390625
1.4833984375
1.44990234375
1.42836914063
1.378125
1.23935546875
1.23935546875
1.24892578125
1.13647460938
1.08623046875
1.05991210938
1.03598632813
0.94267578125
0.88046875
0.858935546875
0.782373046875
0.744091796875
0.667529296875
0.6220703125
0.614892578125
0.547900390625
0.471337890625
0.44501953125
0.440234375
0.37802734375
0.375634765625
0.33974609375
0.322998046875
0.3158203125
0.29189453125
0.30625
0.2296875
0.27275390625
0.2583984375
0.294287109375
0.1244140625
0.02392578125
-0.016748046875
-0.078955078125
-0.122021484375
-0.1435546875
-0.17705078125
-0.160302734375
-0.179443359375
-0.18662109375
-0.241650390625
-0.2583984375
-0.26318359375
-0.2583984375
-0.2775390625
-0.289501953125
-0.28232421875
-0.248828125
-0.251220703125
-0.275146484375
-0.303857421875
-0.294287109375
-0.294287109375
-0.342138671875
-0.284716796875
-0.279931640625
-0.232080078125
-0.17705078125
-0.122021484375
-0.095703125
-0.088525390625
-0.0669921875
-0.08134765625
-0.095703125
-0.112451171875
-0.126806640625
-0.160302734375
-0.236865234375
-0.284716796875
-0.342138671875
-0.533544921875
-0.624462890625
-0.6412109375
-0.69384765625
-0.78955078125
-0.878076171875
-1.04077148438
-1.1580078125
-1.28959960938
-1.45708007813
-1.56713867188
-1.6365234375
-1.75854492188
-2.03369140625
-2.12221679688
-2.1533203125
-2.40693359375
-2.46196289063
-2.53374023438
-2.698828125
-2.77060546875
-2.87587890625
-3.07685546875
-3.1677734375
-3.26826171875
-3.4931640625
-3.58168945313
-3.65107421875
-3.75634765625
-3.86162109375
-3.923828125
-3.8759765625
-4.09130859375
-4.1822265625
-4.27553710938
-4.41909179688
-4.4884765625
-4.536328125
-4.45737304688
-4.70620117188
-4.71337890625
-4.65595703125
-4.58178710938
-4.55786132812
-4.51000976562
-4.40952148438
-4.37841796875
-4.33774414063
-4.34252929688
-4.10087890625
-4.07934570312
-4.08413085938
-4.03627929688
-3.99799804688
-3.92143554688
-3.94536132813
-3.90947265625
-3.87119140625
-3.84008789063
-3.90229492188
-4.2396484375
-4.22768554688
-4.15830078125
-4.12719726562
-3.89750976563
-3.7802734375
-3.71806640625
-3.57211914063
-3.50034179688
-3.41420898438
-3.28740234375
-3.24912109375
-3.2251953125
-3.11513671875
-3.18452148438
-2.93330078125
-2.79453125
-2.76103515625
-2.64619140625
-2.45239257812
-2.3447265625
-2.2203125
-2.124609375
-2.17485351563
-2.11743164062
-2.06958007812
-2.0576171875
-2.19877929688
-2.16767578125
-2.20834960938
-2.2298828125
-2.20356445313
-2.16767578125
-2.28969726563
-2.32080078125
-2.36625976563
-2.3447265625
-2.58876953125
-2.64858398438
-2.68208007813
-2.76342773438
-2.79453125
-2.83759765625
-2.84477539063
-2.8328125
-2.82084960938
-2.84716796875
-2.76342773438
-2.75625
-2.44282226563
-2.26577148438
-2.20595703125
-2.239453125
-2.16049804688
-2.392578125
-2.45478515625
-2.2681640625
-2.41889648438
-2.41650390625
-2.41411132813
-2.50502929688
-2.55766601563
-2.55288085938
-2.6509765625
-2.64619140625
-2.67729492188
-2.86391601563
-2.97158203125
-2.91176757813
-2.8423828125
-2.75385742188
-2.79213867188
-2.890234375
-2.72275390625
-2.49067382813
-2.4021484375
-2.3064453125
-2.28969726563
-2.24423828125
-2.09350585938
-1.93081054688
-1.72026367188
-1.51450195313
-1.16518554688
-0.878076171875
-0.634033203125
-0.172265625
0.1052734375
0.399560546875
0.73212890625
1.0240234375
1.27524414063
1.45947265625
1.6939453125
1.95712890625
2.19877929688
2.316015625
2.39018554688
2.430859375
2.5552734375
2.6509765625
2.61748046875
2.89741210938
2.94526367188
2.97875976562
3.07685546875
3.10556640625
3.1390625
3.11513671875
3.08642578125
3.08403320313
3.10795898438
2.928515625
3.18930664063
3.1294921875
3.0529296875
3.0146484375
2.95961914063
3.0146484375
2.85434570313
2.813671875
2.4978515625
2.23706054688
2.13657226563
1.81357421875
1.44990234375
1.28720703125
0.98095703125
0.748876953125
0.708203125
0.49287109375
0.36845703125
-0.179443359375
-0.27275390625
-0.251220703125
-0.19140625
-0.06220703125
0.021533203125
0.0669921875
0.246435546875
0.30625
0.5263671875
0.49287109375
0.7369140625
0.88046875
1.26088867188
1.45708007813
1.83510742188
1.96909179688
1.99301757813
2.2490234375
2.35668945312
2.63662109375
2.83041992188
3.14624023438
3.25151367188
3.75395507813
3.99560546875
4.383203125
4.5458984375
4.842578125
4.995703125
5.04594726563
5.12729492188
5.13686523438
5.16318359375
5.15361328125
5.06987304688
5.02680664063
4.9
4.9095703125
4.83540039063
4.68466796875
