4.71337890625
4.61528320313
4.6798828125
4.4884765625
4.20375976563
4.07456054688
3.84248046875
3.77548828125
3.59125976563
3.49555664063
3.66064453125
3.52905273438
4.0578125
3.94057617188
4.24682617188
4.31142578125
4.57700195313
4.66552734375
4.880859375
5.10336914063
5.25649414063
5.4646484375
5.39765625
5.6560546875
5.75654296875
5.78525390625
5.66801757813
5.67758789063
5.37612304688
5.2923828125
4.88325195313
4.498046875
4.28510742188
3.97646484375
3.60322265625
3.234765625
2.85913085938
2.38540039063
2.05283203125
1.82553710938
1.58149414063
1.6365234375
1.42358398438
1.26806640625
0.954638671875
0.68427734375
0.45458984375
0.102880859375
-0.279931640625
-0.55986328125
-1.00727539063
-1.34462890625
-1.65805664063
-1.96430664063
-2.44521484375
-2.72036132813
-2.89262695313
-3.15581054688
-3.07924804688
-3.26826171875
-3.08642578125
-3.09599609375
-2.88305664062
-2.80170898438
-2.66533203125
-2.59594726562
-2.55048828125
-2.54809570312
-2.53374023438
-2.60073242188
-2.39975585938
-2.30166015625
-2.30166015625
-2.25380859375
-2.09111328125
-2.0958984375
-1.83989257813
-1.76572265625
-1.49775390625
-1.26806640625
-1.20107421875
-0.973779296875
-0.88046875
-0.815869140625
-0.708203125
-0.614892578125
-0.634033203125
-0.7177734375
-0.49287109375
-0.332568359375
-0.49287109375
-0.49287109375
-0.49287109375
-0.452197265625
-0.423486328125
-0.413916015625
-0.4880859375
-0.57900390625
-0.42109375
-0.533544921875
-0.5646484375
-0.75126953125
-0.758447265625
-0.7177734375
-0.6986328125
-0.63642578125
-0.669921875
-0.614892578125
-0.55029296875
-0.5646484375
-0.46416015625
-0.600537109375
-0.74169921875
-0.72255859375
-0.701025390625
-0.715380859375
-0.64599609375
-0.533544921875
-0.480908203125
-0.33974609375
-0.289501953125
-0.22490234375
-0.17705078125
-0.141162109375
-0.05263671875
-0.0861328125
0.021533203125
0.30625
0.322998046875
0.332568359375
0.380419921875
0.3828125
0.4115234375
0.325390625
0.303857421875
0.26796875
0.279931640625
0.322998046875
0.265576171875
0.275146484375
0.19140625
0.179443359375
0.093310546875
0.07177734375
0.074169921875
-0.09091796875
-0.11005859375
-0.275146484375
-0.327783203125
-0.308642578125
-0.581396484375
-0.7177734375
-0.897216796875
-1.014453125
-1.25131835938
-1.320703125
-1.28720703125
-1.50014648438
-1.588671875
-1.85903320313
-1.98583984375
-2.25380859375
-2.38061523438
-2.55048828125
-2.84716796875
-3.02661132812
-3.158203125
-3.36157226563
-3.49794921875
-3.74438476563
-3.847265625
-3.89033203125
-3.9142578125
-3.9142578125
-4.14633789063
-4.22768554688
-4.2779296875
-4.40234375
-4.45737304688
-4.45737304688
-4.46455078125
-4.536328125
-4.50522460938
-4.43583984375
-4.40712890625
-4.29467773438
-4.19897460938
-4.21572265625
-4.01953125
-4.11284179688
-3.9142578125
-3.88076171875
-3.7802734375
-3.7037109375
-3.64868164063
-3.61997070313
-3.5505859375
-3.48837890625
-3.3974609375
-3.39267578125
-3.39028320313
-3.3974609375
-3.29458007813
-3.30415039063
-3.2921875
-3.273046875
-3.3208984375
-3.28979492188
-3.30893554688
-3.35439453125
-3.33764648438
-3.32568359375
-3.46684570313
-3.50991210938
-3.54580078125
-3.56733398438
-3.65825195313
-3.8376953125
-3.86401367188
-3.94296875
-4.01953125
-4.07934570312
-4.10087890625
-4.16787109375
-4.30185546875
-4.35209960938
-4.29467773438
-4.42626953125
-4.31381835938
-4.31860351562
-4.38081054688
-4.3544921875
-4.3640625
-4.3927734375
-4.39038085938
-4.42387695313
-4.4119140625
-4.42626953125
-4.47890625
-4.48608398438
-4.54350585938
-4.57700195313
-4.6033203125
-4.6033203125
-4.73251953125
-4.459765625
-4.29946289063
-3.91186523438
-3.67739257813
-3.27065429688
-3.07446289063
-2.77778320313
-2.3830078125
-2.15810546875
-1.74658203125
-1.53364257813
-1.33266601563
-1.10297851563
-0.763232421875
-0.543115234375
-0.23447265625
-0.083740234375
0.1244140625
0.27275390625
0.366064453125
0.610107421875
0.62685546875
0.753662109375
0.74169921875
0.763232421875
0.715380859375
0.746484375
0.514404296875
0.595751953125
0.332568359375
0.241650390625
0.1052734375
0.03349609375
-0.2201171875
-0.284716796875
-0.39716796875
-0.452197265625
-0.49765625
-0.696240234375
-0.801513671875
-1.02163085938
-1.09580078125
-1.16518554688
-1.2345703125
-1.2919921875
-1.35419921875
-1.397265625
-1.39248046875
-1.46665039063
-1.48579101563
-1.49536132812
-1.61977539063
-1.64848632813
-1.6939453125
-1.69633789063
-1.67958984375
-1.75854492188
-1.7705078125
-1.83510742188
-1.65327148438
-1.5982421875
-1.64370117188
-1.69155273438
-1.66044921875
-1.67001953125
-1.69873046875
-1.6556640625
-1.6173828125
-1.55517578125
-1.50732421875
-1.44990234375
-1.34223632813
-1.33984375
-1.29438476563
-1.04077148438
-0.94267578125
-0.954638671875
-0.925927734375
-0.8900390625
-0.8708984375
-0.930712890625
-0.899609375
-0.973779296875
-1.04077148438
-1.0048828125
-1.02880859375
-1.02641601563
-0.988134765625
-1.06708984375
-0.88046875
-0.72255859375
-0.65556640625
-0.555078125
-0.516796875
-0.26796875
-0.040673828125
0.031103515625
-0.016748046875
0.43544921875
0.46416015625
0.519189453125
0.796728515625
0.992919921875
1.05512695313
1.28002929688
1.42119140625
1.49057617188
1.5599609375
1.72744140625
1.83271484375
2.00498046875
2.0671875
2.30166015625
2.34711914063
2.44760742188
2.4978515625
2.71318359375
2.85673828125
2.8998046875
2.97158203125
3.11513671875
3.0912109375
3.13188476563
3.35200195313
3.06728515625
3.38071289063
3.41899414063
3.39267578125
3.48120117188
3.60561523438
3.68696289063
3.74438476563
3.808984375
3.9908203125
4.000390625
4.1248046875
4.191796875
4.25400390625
4.30185546875
4.29228515625
4.30424804688
4.3353515625
4.34252929688
4.38798828125
4.46215820312
4.50283203125
4.59135742188
4.67749023438
4.71577148438
4.78994140625
4.804296875
4.92392578125
4.98374023438
5.08901367188
5.1296875
5.14643554688
5.13208007812
5.13208007812
5.13447265625
5.14404296875
5.16557617188
5.21103515625
5.22060546875
5.2828125
5.28759765625
5.31630859375
5.4359375
5.47421875
5.49575195313
5.5986328125
5.62495117188
5.67998046875
5.69194335938
5.76850585938
5.77568359375
5.78286132813
5.8091796875
5.81157226563
5.74697265625
5.7326171875
5.73740234375
5.761328125
5.73500976563
5.68237304688
5.70629882812
5.761328125
5.72543945313
5.67758789063
5.665625
5.62734375
5.66801757813
5.76850585938
5.54360351563
5.46943359375
5.54838867188
5.5794921875
5.66083984375
5.6369140625
5.6560546875
5.65366210938
5.665625
5.56752929688
5.45986328125
5.3498046875
5.09140625
4.93828125
4.61049804688
4.44780273438
4.230078125
4.19897460938
4.20375976563
4.23725585938
4.14873046875
4.37841796875
4.459765625
4.56743164063
4.536328125
4.56743164063
4.306640625
4.2779296875
3.75874023438
3.54580078125
3.1486328125
2.91176757813
2.45239257812
2.24184570313
2.09350585938
1.55517578125
1.34223632813
0.988134765625
0.839794921875
0.490478515625
0.30625
0.174658203125
-0.0765625
-0.133984375
-0.3923828125
-0.437841796875
-0.54072265625
-0.55986328125
-0.653173828125
-0.71298828125
-0.75126953125
-0.78955078125
-0.825439453125
-0.90439453125
-0.9091796875
-0.968994140625
-0.968994140625
-0.935498046875
-0.88046875
-0.858935546875
-0.861328125
-0.801513671875
-0.8517578125
