-1.98344726563
-2.009765625
-2.09111328125
-2.13896484375
-2.17006835938
-2.124609375
-2.28012695313
-2.124609375
-2.07197265625
-2.02412109375
-2.07197265625
-1.94755859375
-1.92841796875
-1.83032226563
-1.73940429688
-1.73940429688
-1.74658203125
-1.70830078125
-1.64609375
-1.80400390625
-1.8087890625
-1.83271484375
-1.86142578125
-1.83989257813
-1.83510742188
-1.87578125
-1.87578125
-2.11743164062
-2.20595703125
-2.26098632812
-2.40454101562
-2.44282226563
-2.4787109375
-2.56723632813
-2.7658203125
-2.890234375
-3.02661132812
-3.13427734375
-3.2251953125
-3.33764648438
-3.38310546875
-3.56254882813
-3.61279296875
-3.61518554688
-3.67739257813
-3.67260742188
-3.6462890625
-3.67978515625
-3.72045898438
-3.80419921875
-3.80180664063
-3.79462890625
-3.84248046875
-3.86401367188
-3.8185546875
-3.80659179688
-3.64389648438
-3.68696289063
-3.66782226563
-3.70849609375
-3.6845703125
-3.61279296875
-3.5697265625
-3.502734375
-3.34243164063
-3.34482421875
-3.33046875
-3.19409179688
-3.043359375
-2.84716796875
-2.660546875
-2.34951171875
-2.10786132813
-1.87099609375
-1.9044921875
-1.8375
-1.49057617188
-1.06469726562
-0.86611328125
-0.82783203125
-0.86611328125
-0.78955078125
-0.858935546875
-1.071875
-1.17475585938
-1.32548828125
-1.77768554688
-2.20595703125
-2.81127929688
-3.41899414063
-3.69892578125
-4.28510742188
-4.574609375
-4.5458984375
-4.38559570313
-4.01235351563
-3.90947265625
-3.732421875
-3.53383789063
-3.73481445313
-3.98125
-4.18701171875
-4.32578125
-4.47412109375
-4.83061523438
-5.13208007812
-5.3689453125
-5.40961914063
-5.61059570312
-5.6751953125
-5.93359375
-5.67758789063
-5.51728515625
-5.16796875
-4.74208984375
-4.22768554688
-3.58647460938
-2.94526367188
-2.15092773438
-1.29677734375
-0.423486328125
0.3828125
0.95703125
1.50971679688
1.82075195313
2.04086914063
2.38540039063
2.54091796875
2.6126953125
3.00747070313
3.3017578125
3.38549804688
3.464453125
3.47163085938
3.60322265625
3.78266601563
3.655859375
3.93818359375
4.04106445313
4.00278320313
4.153515625
4.98134765625
5.27563476562
5.70869140625
6.029296875
6.03647460938
5.69912109375
5.57470703125
5.25170898438
5.42875976563
5.3880859375
5.29956054688
4.92153320313
4.64399414063
4.0673828125
3.72045898438
3.0720703125
2.38061523438
1.93081054688
1.49775390625
0.7560546875
0.3732421875
0.050244140625
-0.361279296875
-0.854150390625
-0.88046875
-1.04794921875
-1.18432617188
-1.26088867188
-1.26806640625
-1.31831054688
-1.30395507812
-1.36137695313
-1.36137695313
-1.36137695313
-1.358984375
-1.30874023438
-1.23696289063
-1.1197265625
-1.02641601563
-0.935498046875
-0.806298828125
-0.729736328125
-0.576611328125
-0.385205078125
-0.26796875
-0.00478515625
0.107666015625
0.3828125
0.351708984375
0.38759765625
0.490478515625
0.567041015625
0.55986328125
0.5359375
0.74169921875
0.7560546875
0.873291015625
0.92353515625
1.05751953125
0.882861328125
0.765625
0.887646484375
0.892431640625
0.92353515625
0.911572265625
0.873291015625
1.05034179688
0.921142578125
0.835009765625
0.8134765625
0.87568359375
0.9474609375
0.9857421875
0.92353515625
0.849365234375
0.7560546875
0.763232421875
0.811083984375
0.782373046875
0.763232421875
0.657958984375
0.691455078125
0.66513671875
0.634033203125
0.605322265625
0.653173828125
0.631640625
0.6603515625
0.729736328125
0.657958984375
0.6986328125
0.705810546875
0.64599609375
0.68427734375
0.734521484375
0.691455078125
0.667529296875
0.662744140625
0.6794921875
0.6603515625
0.638818359375
0.5646484375
0.478515625
0.52158203125
0.399560546875
0.404345703125
0.248828125
-0.098095703125
-0.203369140625
-0.26796875
-0.37802734375
-0.696240234375
-0.882861328125
-1.0431640625
-1.225
-1.37573242188
-1.46904296875
-1.73461914063
-1.894921875
-2.12221679688
-2.2298828125
-2.34951171875
-2.5169921875
-2.56962890625
-2.62944335938
-2.6892578125
-2.77299804688
-2.97158203125
-2.93090820312
-3.12470703125
-3.1486328125
-3.27543945313
-3.311328125
-3.41899414063
-3.42138671875
-3.43334960938
-3.42138671875
-3.46206054688
-3.3591796875
-3.40224609375
-3.521875
-3.27543945313
-3.33764648438
-3.34482421875
-3.26826171875
-3.18212890625
-3.158203125
-3.13427734375
-3.20366210938
-3.0529296875
-2.76821289063
-2.660546875
-2.64140625
-2.60791015625
-2.69165039062
-2.7083984375
-2.49545898438
-3.1103515625
-2.698828125
-2.890234375
-3.0912109375
-3.01943359375
-3.0912109375
-3.18930664063
-3.36157226563
-3.41420898438
-3.50512695313
-3.68217773438
-3.84248046875
-4.16069335938
-4.27314453125
-4.31381835938
-4.33295898438
-4.30185546875
-4.40952148438
-4.2587890625
-4.05541992188
-3.91186523438
-3.85205078125
-3.71567382813
-3.61997070313
-3.54819335938
-3.43813476563
-3.14384765625
-2.94526367188
-2.966796875
-2.51459960938
-2.71079101563
-2.62465820313
-2.583984375
-2.52177734375
-2.56245117188
-2.65336914063
-2.65576171875
-2.8806640625
-3.00747070313
-3.11274414063
-3.2060546875
-3.215625
-3.25151367188
-3.22758789063
-3.234765625
-3.196484375
-3.06489257813
-2.98354492188
-2.79453125
-2.48588867188
-2.36625976563
-2.17963867188
-2.03129882813
-1.8853515625
-1.73940429688
-1.65087890625
-1.43315429688
-1.41162109375
-1.47861328125
-1.44750976562
-1.42119140625
-1.39248046875
-1.34223632813
-1.24653320313
-1.23217773438
-1.18911132813
-1.16518554688
-1.14125976563
-1.21064453125
-1.15322265625
-1.129296875
-1.12451171875
-1.06708984375
-1.10297851563
-1.10537109375
-1.167578125
-1.18432617188
-1.1962890625
-1.30634765625
-1.3111328125
-1.378125
-1.36616210938
-1.29916992188
-1.25610351562
-1.1962890625
-1.225
-1.16518554688
-1.129296875
-0.940283203125
-0.959423828125
-0.823046875
-0.74169921875
-0.65078125
-0.52158203125
-0.440234375
-0.2201171875
0.13876953125
0.275146484375
0.418701171875
0.49287109375
0.69384765625
0.8326171875
1.1962890625
1.38291015625
1.60541992188
1.70830078125
1.818359375
1.88295898438
2.06240234375
2.38540039063
2.48588867188
2.545703125
2.6892578125
2.75146484375
2.813671875
2.85673828125
2.91416015625
2.98833007813
3.04575195313
3.10317382813
2.9189453125
3.08403320313
3.1103515625
3.158203125
3.20126953125
3.24912109375
3.31372070313
3.41420898438
3.39267578125
3.54340820313
3.63193359375
3.62954101563
3.66064453125
3.5697265625
3.66064453125
3.50751953125
3.36396484375
3.39506835938
3.47163085938
3.64389648438
3.77788085938
3.76831054688
3.80419921875
3.88076171875
3.95493164063
4.06259765625
4.12719726562
4.22529296875
4.15112304688
4.4119140625
4.54829101563
4.64638671875
4.68227539063
4.60092773438
4.7947265625
4.88325195313
4.90717773438
4.93110351563
4.98134765625
4.97416992188
4.94545898438
4.95502929688
4.93828125
4.9
4.90717773438
4.87846679688
4.8330078125
4.75166015625
4.6703125
4.57700195313
4.46215820312
4.40234375
4.306640625
4.43344726563
4.28989257813
4.26596679688
4.2779296875
4.2587890625
4.24443359375
4.14155273438
4.2970703125
4.29228515625
4.17983398438
4.0673828125
4.0865234375
4.01713867188
3.85922851563
3.61518554688
3.43334960938
3.33046875
3.22280273438
3.06967773438
2.9380859375
2.76821289063
2.6509765625
2.50502929688
2.34233398438
2.28969726563
2.18203125
2.18442382813
2.1724609375
2.22509765625
