1.397265625
1.4259765625
1.39248046875
1.53842773438
1.59106445313
1.65805664063
1.70830078125
1.70590820313
1.7513671875
1.80639648438
1.9044921875
1.93798828125
2.00498046875
2.03608398438
2.08872070313
2.1150390625
2.18920898438
2.24423828125
2.2873046875
2.1533203125
2.3064453125
2.30166015625
2.38061523438
2.44282226563
2.48828125
2.59594726562
2.72275390625
2.85434570313
2.8998046875
2.966796875
3.14624023438
3.18212890625
3.196484375
3.15341796875
3.0912109375
3.08403320313
3.07924804688
3.005078125
3.03618164063
3.02182617188
3.05532226563
3.10795898438
3.11274414063
3.12470703125
3.16298828125
3.19887695313
3.3208984375
3.37353515625
3.4740234375
3.50034179688
3.42377929688
3.4931640625
3.87119140625
3.85444335938
3.82573242188
3.95732421875
4.00278320313
4.05541992188
4.07216796875
4.22768554688
4.28032226563
4.27553710938
4.21572265625
4.17265625
4.1439453125
4.36645507812
4.31381835938
4.25400390625
4.26357421875
4.26357421875
4.02670898438
3.9333984375
3.847265625
3.81137695313
3.6271484375
3.66303710938
3.66064453125
3.79223632813
3.86401367188
3.85922851563
4.11762695313
4.2109375
4.23725585938
4.25161132813
4.18940429688
4.12719726562
3.98603515625
3.9142578125
3.80659179688
3.57690429688
3.50512695313
3.30415039063
3.31611328125
3.13188476563
3.07924804688
2.98833007813
2.94047851563
2.890234375
2.86391601563
2.82084960938
2.73471679688
2.72993164063
2.48828125
2.38779296875
2.34711914063
2.27534179688
2.21791992188
2.17963867188
2.15810546875
2.13178710938
2.12700195313
2.05043945313
1.95234375
1.94755859375
1.88774414063
1.79204101563
1.78247070313
1.73461914063
1.684375
1.66284179688
1.66044921875
1.6748046875
1.48818359375
1.47143554688
1.41879882813
1.42836914063
1.37573242188
1.34462890625
1.42358398438
1.43315429688
1.38530273438
1.378125
1.51689453125
1.30395507812
1.33745117188
1.28002929688
1.25610351562
1.16997070313
1.091015625
1.11015625
1.07426757813
0.9953125
0.925927734375
0.83740234375
0.782373046875
0.739306640625
0.6220703125
0.62685546875
0.53115234375
0.461767578125
0.41630859375
0.313427734375
0.2201171875
0.172265625
0.102880859375
0.01435546875
-0.016748046875
-0.122021484375
-0.174658203125
-0.212939453125
-0.399560546875
-0.519189453125
-0.547900390625
-0.53115234375
-0.456982421875
-0.516796875
-0.791943359375
-0.823046875
-0.854150390625
-0.91875
-0.988134765625
-0.9474609375
-0.9953125
-0.95224609375
-0.902001953125
-0.899609375
-0.844580078125
-0.729736328125
-0.65556640625
-0.746484375
-0.528759765625
-0.53115234375
-0.490478515625
-0.375634765625
-0.30146484375
-0.203369140625
-0.10048828125
-0.002392578125
0.217724609375
0.26796875
0.442626953125
0.47373046875
0.476123046875
0.6603515625
0.72255859375
0.878076171875
0.911572265625
1.04077148438
1.15322265625
1.29677734375
1.30634765625
1.25849609375
1.26328125
1.29916992188
1.30874023438
1.28481445313
1.2154296875
1.11494140625
0.861328125
0.825439453125
0.830224609375
0.777587890625
0.724951171875
0.672314453125
0.734521484375
0.562255859375
0.504833984375
0.5072265625
0.485693359375
0.172265625
0.1052734375
0.06220703125
0.045458984375
0.03828125
-0.06220703125
-0.2201171875
-0.53115234375
-0.648388671875
-0.8517578125
-0.937890625
-1.06469726562
-1.11494140625
-1.08862304688
-1.14365234375
-1.40444335938
-1.6939453125
-1.67001953125
-1.74897460938
-1.80400390625
-2.0001953125
-2.09829101563
-2.277734375
-2.34233398438
-2.40454101562
-2.44521484375
-2.45239257812
-2.48349609375
-2.4978515625
-2.56484375
-2.60791015625
-2.74428710938
-2.74907226563
-2.79692382813
-2.78974609375
-2.89741210938
-2.90698242188
-2.966796875
-2.97397460938
-2.99072265625
-2.966796875
-2.9380859375
-3.01943359375
-3.01943359375
-2.97158203125
-3.17734375
-3.19887695313
-3.22998046875
-3.26108398438
-3.34482421875
-3.3974609375
-3.49555664063
-3.61279296875
-3.79223632813
-3.82573242188
-3.88793945313
-3.95493164063
-4.00278320313
-4.33295898438
-4.47172851563
-4.727734375
-4.82583007813
-5.02202148438
-5.08662109375
-5.18471679688
-5.24931640625
-5.3306640625
-5.3689453125
-5.47182617188
-5.5220703125
-5.59145507813
-5.7421875
-5.7708984375
-5.85224609375
-5.88095703125
-5.8953125
-5.93598632813
-5.9240234375
-5.914453125
-5.84506835938
-5.84985351562
-5.85463867188
-5.79482421875
-5.761328125
-5.57470703125
-5.493359375
-5.41201171875
-5.40961914063
-5.32827148438
-5.35219726563
-5.49096679688
-5.29477539063
-5.33544921875
-5.378515625
-5.41201171875
-5.35219726563
-5.359375
-5.35458984375
-5.35698242188
-5.28999023438
-5.26845703125
-5.24692382813
-5.22299804688
-5.15361328125
-5.15600585938
-5.1201171875
-5.10815429688
-5.08901367188
-5.05791015625
-5.07465820313
-5.06030273438
-5.11772460938
-5.1392578125
-5.13686523438
-5.09379882813
-5.09379882813
-5.1009765625
-5.06030273438
-5.0052734375
-4.957421875
-4.97895507813
-4.97416992188
-4.957421875
-4.84018554688
-4.842578125
-4.76840820313
-4.62485351563
-4.3927734375
-4.20854492188
-3.675
-3.21323242188
-2.73950195312
-2.3447265625
-1.9236328125
-1.73940429688
-1.27045898438
-1.02880859375
-1.05512695313
-0.80869140625
-0.710595703125
-0.7369140625
-0.868505859375
-0.7560546875
-0.7369140625
-0.748876953125
-0.710595703125
-0.701025390625
-0.6029296875
-0.54072265625
-0.590966796875
-0.75126953125
-0.830224609375
-0.858935546875
-0.925927734375
-1.07666015625
-1.25131835938
-1.2919921875
-1.17475585938
-1.17236328125
-0.93310546875
-0.899609375
-0.758447265625
-0.765625
-0.590966796875
-0.5837890625
-0.547900390625
-0.45458984375
-0.500048828125
-0.48330078125
-0.4115234375
-0.33017578125
-0.299072265625
-0.227294921875
-0.30625
-0.1818359375
-0.131591796875
-0.083740234375
0.01435546875
0.19619140625
0.495263671875
0.643603515625
0.91396484375
1.18911132813
1.35659179688
1.7130859375
1.9427734375
2.11025390625
2.21552734375
2.47153320313
2.70361328125
2.91655273438
3.13188476563
3.22041015625
3.39506835938
3.4931640625
3.962109375
4.06020507813
4.39755859375
4.49565429688
4.60571289062
4.574609375
4.50522460938
4.77797851563
4.85454101563
4.79711914062
4.766015625
4.70620117188
4.61049804688
4.70620117188
4.7947265625
4.9287109375
4.98134765625
4.93349609375
4.9
4.7755859375
4.73491210938
4.73491210938
4.70380859375
4.70141601562
4.727734375
4.73251953125
4.68706054688
4.63203125
4.59375
4.51958007813
4.3927734375
4.30424804688
4.134375
4.11762695313
4.02431640625
4.20615234375
4.36645507812
4.37841796875
4.17504882812
4.08413085938
4.115234375
3.90708007813
3.84248046875
3.7037109375
3.52905273438
3.40224609375
3.25390625
2.98833007813
2.61748046875
2.49545898438
2.16049804688
1.95234375
1.79443359375
1.3876953125
1.34462890625
0.978564453125
0.91396484375
0.57421875
0.30625
-0.02392578125
-0.270361328125
-0.38759765625
-0.49287109375
-0.839794921875
-1.014453125
-1.00009765625
-1.02163085938
-1.15083007813
-1.08862304688
-1.13408203125
-1.00009765625
-1.052734375
-1.129296875
-1.01923828125
-0.937890625
-0.95703125
-0.976171875
-0.155517578125
-1.9044921875
-1.0240234375
-1.0623046875
-1.28481445313
-1.30395507812
-1.42119140625
-1.66762695313
-1.54321289063
