-2.07197265625
-2.19638671875
-2.37104492188
-2.45478515625
-2.6126953125
-2.78974609375
-2.78735351562
-3.00747070313
-3.61997070313
-3.7611328125
-3.847265625
-3.90947265625
-4.00278320313
-4.12241210938
-4.12958984375
-4.18940429688
-4.268359375
-4.26118164063
-4.24921875
-4.1439453125
-4.07456054688
-4.01474609375
-3.98125
-3.9525390625
-3.90229492188
-3.88076171875
-3.84487304688
-3.95732421875
-3.76591796875
-3.694140625
-3.694140625
-3.66782226563
-3.6654296875
-3.67978515625
-3.63671875
-3.61040039063
-3.5697265625
-3.52666015625
-3.49794921875
-3.56254882813
-3.5984375
-3.65107421875
-3.69174804688
-3.73959960938
-3.7419921875
-3.77548828125
-3.78745117188
-3.7802734375
-3.78745117188
-3.808984375
-3.80659179688
-3.78266601563
-3.7515625
-3.71328125
-3.70849609375
-3.67978515625
-3.66782226563
-3.66782226563
-3.59604492188
-3.5505859375
-3.47880859375
-3.40942382813
-3.41181640625
-3.30415039063
-3.30893554688
-3.26826171875
-3.24912109375
-3.33286132813
-3.11513671875
-3.07446289063
-3.04575195313
-3.03618164063
-2.9380859375
-2.928515625
-2.84477539063
-2.83999023438
-2.7658203125
-2.69165039062
-2.63422851563
-2.57680664063
-2.48828125
-2.46435546875
-2.50502929688
-2.3830078125
-2.36865234375
-2.354296875
-2.27294921875
-2.18442382813
-2.19638671875
-2.1916015625
-2.201171875
-2.16528320312
-2.15092773438
-2.1150390625
-2.16049804688
-2.18681640625
-2.22270507813
-2.23706054688
-2.24663085938
-2.24663085938
-2.27294921875
-2.29926757813
-2.30405273438
-2.28969726563
-2.29926757813
-2.27055664063
-2.2490234375
-2.21791992188
-2.21791992188
-2.16049804688
-2.162890625
-2.24663085938
-2.27055664063
-2.33276367188
-2.34951171875
-2.35908203125
-2.37104492188
-2.39497070313
-2.44760742188
-2.47631835938
-2.54809570312
-2.58159179688
-2.48349609375
-2.69404296875
-2.68447265625
-2.7658203125
-2.7466796875
-2.77299804688
-2.76821289063
-2.8041015625
-2.83520507812
-2.8615234375
-2.851953125
-2.82802734375
-2.84477539063
-2.85434570313
-2.86391601563
-2.78974609375
-2.82563476563
-2.81845703125
-2.79931640625
-2.77778320313
-2.79692382813
-2.77778320313
-2.73232421875
-2.76821289063
-2.79931640625
-2.78735351562
-2.79692382813
-2.79213867188
-2.79213867188
-2.79692382813
-2.79213867188
-2.88784179688
-2.86391601563
-2.86630859375
-2.80888671875
-2.79931640625
-2.77299804688
-2.82084960938
-2.86391601563
-2.89262695313
-2.9572265625
-2.91176757813
-2.90219726563
-2.86391601563
-2.813671875
-2.78735351562
-2.71318359375
-2.6892578125
-2.69643554688
-2.64619140625
-2.62705078125
-2.603125
-2.56484375
-2.58876953125
-2.59116210938
-2.60073242188
-2.58159179688
-2.57919921875
-2.54331054688
-2.47392578125
-2.48349609375
-2.469140625
-2.43803710938
-2.38540039063
-2.37104492188
-2.29926757813
-2.30883789062
-2.33994140625
-2.32319335938
-2.29448242188
-2.26577148438
-2.18442382813
-2.1341796875
-2.12221679688
-2.11743164062
-2.02412109375
-1.95234375
-1.894921875
-1.81596679688
-1.741796875
-1.64370117188
-1.5791015625
-1.48100585938
-1.42119140625
-1.23935546875
-1.14604492188
-1.13408203125
-0.878076171875
-0.858935546875
-0.6794921875
-0.6890625
-0.614892578125
-0.547900390625
-0.43544921875
-0.325390625
-0.232080078125
-0.16748046875
-0.08134765625
-0.019140625
0.04306640625
0.133984375
0.217724609375
0.327783203125
0.3923828125
0.4498046875
0.514404296875
0.4880859375
0.50244140625
0.567041015625
0.610107421875
0.6029296875
0.50244140625
0.485693359375
0.4498046875
0.4498046875
0.363671875
0.3349609375
0.440234375
0.275146484375
0.236865234375
0.232080078125
0.19140625
0.179443359375
0.15791015625
0.117236328125
0.09091796875
0.10048828125
0.10048828125
0.1244140625
0.16748046875
0.189013671875
0.375634765625
0.40673828125
0.476123046875
0.562255859375
0.5837890625
0.634033203125
0.708203125
0.744091796875
0.830224609375
0.87568359375
0.99052734375
1.11015625
1.20107421875
1.24174804688
1.2919921875
1.32788085938
1.24892578125
1.28959960938
1.25849609375
1.34702148438
1.13168945313
1.1771484375
1.28959960938
1.24653320313
1.2154296875
1.282421875
1.31591796875
1.27763671875
1.27045898438
1.21303710938
1.14604492188
1.11733398438
1.13168945313
1.10776367188
1.18193359375
1.1580078125
1.19868164063
1.1771484375
1.16997070313
1.10776367188
1.08383789063
1.08623046875
1.09580078125
1.08383789063
1.03598632813
1.071875
1.07905273438
1.1388671875
1.16997070313
1.16279296875
1.12451171875
1.08862304688
1.00966796875
0.935498046875
0.88525390625
0.849365234375
0.8517578125
0.7751953125
0.7369140625
0.69384765625
0.614892578125
0.567041015625
0.523974609375
0.4115234375
0.523974609375
0.413916015625
0.38759765625
0.385205078125
0.571826171875
0.370849609375
0.49287109375
0.516796875
0.5072265625
0.610107421875
0.72255859375
0.921142578125
1.05751953125
1.13647460938
1.24892578125
1.32788085938
1.45947265625
1.49296875
1.65327148438
1.76572265625
1.81118164063
1.94516601563
2.08154296875
2.2298828125
2.296875
2.57919921875
2.63901367188
2.72275390625
2.80888671875
2.93330078125
3.01704101563
3.03139648438
3.08642578125
2.89262695313
2.88544921875
2.80170898438
2.76821289063
2.6796875
2.51938476563
2.56962890625
2.3447265625
2.33515625
1.81118164063
1.684375
1.44272460938
1.04555664063
0.8900390625
0.911572265625
0.935498046875
1.06469726562
0.80869140625
0.899609375
0.631640625
0.5359375
0.49765625
0.41630859375
0.35888671875
0.30625
0.145947265625
0.0
-0.08134765625
-0.03828125
-0.1626953125
-0.34453125
-0.557470703125
-0.686669921875
-0.619677734375
-0.84697265625
-0.921142578125
-0.95224609375
-1.01923828125
-0.945068359375
-1.167578125
-1.22260742188
-1.35419921875
-1.40205078125
-1.51928710938
-1.626953125
-1.684375
-1.7896484375
-1.87817382813
-1.93081054688
-1.990625
-2.04326171875
-2.11982421875
-2.201171875
-2.25380859375
-2.31362304688
-2.39736328125
-2.4787109375
-2.54331054688
-2.60791015625
-2.71318359375
-2.89741210938
-2.92612304688
-3.01704101563
-3.10078125
-3.15102539063
-3.3017578125
-3.43813476563
-3.5888671875
-3.77309570313
-3.76352539063
-3.7419921875
-3.96689453125
-4.0865234375
-4.15112304688
-4.54350585938
-4.85693359375
-5.08901367188
-5.06508789063
-5.34741210938
-5.26127929688
-5.3306640625
-5.46943359375
-5.55556640625
-5.57470703125
-5.59624023438
-5.6560546875
-5.5220703125
-5.47182617188
-5.3498046875
-5.25649414063
-5.20146484375
-5.17275390625
-5.14165039063
-5.12490234375
-5.10815429688
-5.110546875
-5.11293945313
-5.07705078125
-4.93110351563
-4.84018554688
-5.04116210938
-4.8138671875
-4.766015625
-4.77797851563
-4.7755859375
-4.880859375
-4.87368164063
-4.8234375
-4.81147460938
-4.78754882813
-4.69423828125
-4.63920898438
-4.50043945313
-4.49326171875
-4.4501953125
-4.51958007813
-4.32099609375
-4.22290039062
-4.0673828125
-4.134375
-3.9142578125
-3.77309570313
-3.58168945313
-3.58168945313
-3.675
-3.35678710938
-3.36635742188
-3.19169921875
-3.06489257813
-3.00268554688
-2.851953125
-2.79692382813
-2.7083984375
-2.72993164063
-2.53852539063
-2.39975585938
-2.43803710938
-2.27055664063
-2.17724609375
-2.28012695313
-2.03129882813
-1.98823242188
-1.9619140625
-1.89970703125
-1.73701171875
-1.626953125
-1.33505859375
-1.12690429688
-1.01923828125
-0.81826171875
