3.081640625
3.15341796875
3.13427734375
3.14145507813
3.09838867188
3.01225585938
2.97397460938
3.04814453125
2.88544921875
2.8998046875
2.80649414063
2.75385742188
2.73950195312
2.56245117188
2.48110351563
2.43564453125
2.34951171875
2.28012695313
2.19638671875
2.07915039063
1.97387695313
1.8662109375
1.8087890625
1.75615234375
1.5982421875
1.56713867188
1.45947265625
1.40922851563
1.38051757813
1.29677734375
1.21303710938
1.09580078125
1.22978515625
1.26567382813
1.26567382813
1.28002929688
1.37094726563
1.397265625
1.42358398438
1.43793945313
1.48100585938
1.51450195313
1.53364257813
1.54560546875
1.56474609375
1.6748046875
1.68676757813
1.73701171875
1.77529296875
1.72983398438
1.94038085938
1.98583984375
2.04565429688
2.10546875
2.12700195313
2.0001953125
2.20595703125
2.28969726563
2.28969726563
2.34233398438
2.24663085938
2.27294921875
2.277734375
2.277734375
2.28969726563
2.35668945312
2.33037109375
2.30405273438
2.32080078125
2.33754882813
2.29926757813
2.2298828125
2.15810546875
2.1341796875
2.10068359375
2.048046875
2.124609375
1.90688476563
1.856640625
1.818359375
1.81118164063
1.68676757813
1.6556640625
1.60541992188
1.58388671875
1.56953125
1.49296875
1.44272460938
1.37333984375
1.36376953125
1.35419921875
1.32309570313
1.29916992188
1.26088867188
1.23935546875
1.18432617188
1.19868164063
1.20107421875
1.22021484375
1.23696289063
1.30634765625
1.30634765625
1.29916992188
1.35659179688
1.28002929688
1.53603515625
1.5791015625
1.56474609375
1.5408203125
1.588671875
1.65327148438
1.68676757813
1.71069335938
1.69155273438
1.75375976563
1.80400390625
1.8087890625
1.79921875
1.84228515625
1.8470703125
1.79204101563
1.80639648438
1.82553710938
1.79204101563
1.73940429688
1.74418945313
1.80161132813
1.83032226563
1.77290039063
1.703515625
1.62456054688
1.58388671875
1.58149414063
1.5599609375
1.5791015625
1.58388671875
1.6556640625
1.6939453125
1.64609375
1.63891601563
1.6556640625
1.61499023438
1.56235351563
1.550390625
1.46904296875
1.397265625
1.36137695313
1.30874023438
1.26806640625
1.26567382813
1.14365234375
1.12690429688
1.19389648438
1.01206054688
0.9474609375
0.825439453125
0.796728515625
0.6603515625
0.619677734375
0.495263671875
0.413916015625
0.380419921875
0.246435546875
0.16748046875
0.035888671875
0.026318359375
-0.06220703125
-0.102880859375
-0.184228515625
-0.198583984375
-0.251220703125
-0.33974609375
-0.409130859375
-0.4880859375
-0.52158203125
-0.48330078125
-0.65556640625
-0.6890625
-0.746484375
-0.765625
-0.782373046875
-0.77998046875
-0.81826171875
-0.863720703125
-0.911572265625
-0.96181640625
-0.988134765625
-0.945068359375
-0.87568359375
-0.801513671875
-0.729736328125
-0.734521484375
-0.734521484375
-0.667529296875
-0.600537109375
-0.600537109375
-0.6220703125
-0.600537109375
-0.437841796875
-0.459375
-0.38759765625
-0.351708984375
-0.346923828125
-0.346923828125
-0.248828125
-0.23447265625
-0.25361328125
-0.279931640625
-0.23447265625
-0.153125
-0.12919921875
-0.30146484375
-0.107666015625
-0.07177734375
-0.031103515625
-0.026318359375
-0.2392578125
-0.2583984375
-0.308642578125
-0.318212890625
-0.389990234375
-0.34931640625
-0.423486328125
-0.447412109375
-0.34453125
-0.452197265625
-0.514404296875
-0.437841796875
-0.399560546875
-0.380419921875
-0.361279296875
-0.38759765625
-0.461767578125
-0.401953125
-0.471337890625
-0.5359375
-0.581396484375
-0.629248046875
-0.71298828125
-0.80390625
-0.906787109375
-0.70341796875
-0.844580078125
-1.05034179688
-1.20107421875
-1.07426757813
-0.978564453125
-1.05991210938
-1.14604492188
-1.26806640625
-1.42358398438
-1.53125
-1.53842773438
-1.59345703125
-1.684375
-1.72983398438
-1.91884765625
-1.9810546875
-2.03129882813
-2.11743164062
-2.09111328125
-1.97626953125
-1.79443359375
-1.7896484375
-1.74658203125
-1.66284179688
-1.550390625
-1.45947265625
-1.45708007813
-1.320703125
-1.11494140625
-1.0623046875
-0.964208984375
-0.925927734375
-0.8708984375
-0.648388671875
-0.744091796875
-0.782373046875
-0.708203125
-0.571826171875
-0.610107421875
-0.433056640625
-0.552685546875
-0.35888671875
-0.4306640625
-0.136376953125
-0.141162109375
0.0765625
0.169873046875
0.279931640625
0.198583984375
0.442626953125
0.466552734375
0.547900390625
0.57900390625
0.567041015625
0.6603515625
0.66513671875
0.746484375
0.614892578125
0.8900390625
1.06469726562
0.899609375
0.6603515625
0.7560546875
0.8326171875
0.849365234375
1.05991210938
1.02641601563
1.1771484375
1.2728515625
1.54799804688
1.55517578125
2.04565429688
1.95234375
1.91884765625
2.28012695313
2.43564453125
2.5169921875
2.53852539063
2.62465820313
2.7083984375
2.67250976563
2.74428710938
2.7849609375
2.80888671875
2.7849609375
2.78974609375
2.70600585938
2.69165039062
2.68686523438
2.67250976563
2.65336914063
2.74189453125
2.8041015625
2.84956054688
2.890234375
2.83999023438
2.909375
2.91416015625
2.77299804688
2.84716796875
2.61030273438
2.58876953125
2.4787109375
2.33515625
2.33037109375
2.25380859375
2.22749023438
2.21552734375
2.17724609375
2.19877929688
2.23466796875
2.19399414063
2.24663085938
2.2203125
2.28012695313
2.29208984375
2.3255859375
2.37583007813
2.52895507813
2.6701171875
2.74428710938
2.813671875
2.83759765625
2.83759765625
2.88305664062
2.78017578125
2.81606445313
2.8328125
2.84716796875
2.82802734375
2.63662109375
2.53852539063
2.737109375
2.58159179688
2.5169921875
2.56723632813
2.54091796875
2.50263671875
2.51459960938
2.56723632813
2.583984375
2.75385742188
2.52895507813
2.55288085938
2.62944335938
2.57919921875
2.53852539063
2.5361328125
2.737109375
2.76342773438
2.775390625
2.94287109375
2.96918945313
2.89262695313
2.87348632813
2.69404296875
2.58637695313
2.36147460938
2.19638671875
2.124609375
1.86860351563
1.87578125
1.94038085938
1.97387695313
1.75375976563
1.70112304688
1.69155273438
1.80161132813
1.83271484375
1.59106445313
1.58149414063
1.64848632813
1.71069335938
1.79443359375
1.9140625
1.86860351563
2.07197265625
2.2490234375
2.29448242188
2.32319335938
2.15092773438
2.08393554688
2.0958984375
2.08393554688
2.10068359375
2.00737304688
1.8662109375
1.79921875
1.6939453125
1.59345703125
1.53364257813
1.5216796875
1.4259765625
1.2345703125
1.21064453125
1.10297851563
1.00966796875
1.01684570312
0.95224609375
0.825439453125
0.72734375
0.56943359375
0.51201171875
0.552685546875
0.332568359375
0.30146484375
0.299072265625
0.356494140625
0.3349609375
0.318212890625
0.413916015625
0.519189453125
0.595751953125
0.619677734375
0.899609375
0.997705078125
1.16040039062
1.33266601563
1.44990234375
1.54321289063
2.07436523438
2.11743164062
2.201171875
2.27294921875
2.33037109375
2.29926757813
2.32797851563
2.43564453125
2.2490234375
2.23466796875
2.22270507813
2.20595703125
2.17485351563
2.23466796875
2.20595703125
2.21552734375
2.16049804688
2.12700195313
2.10307617188
2.06240234375
2.18442382813
2.01694335938
1.95952148438
1.55756835938
1.46665039063
1.20346679688
1.07666015625
1.17475585938
0.925927734375
0.873291015625
0.65556640625
0.60771484375
0.433056640625
0.22490234375
0.095703125
-0.05263671875
-0.184228515625
-0.299072265625
