1.87578125
1.86860351563
1.92841796875
1.85903320313
2.124609375
2.2873046875
2.4978515625
2.61748046875
2.8806640625
3.03857421875
3.35200195313
3.5123046875
3.73481445313
3.88315429688
4.04584960938
4.21811523438
4.17744140625
4.43344726563
4.4119140625
4.4119140625
4.37841796875
4.3640625
4.27075195312
4.17026367188
4.17504882812
4.23725585938
4.09609375
4.12719726562
4.29467773438
4.34970703125
4.20615234375
4.13676757813
4.268359375
4.000390625
3.88076171875
3.74916992188
3.67260742188
3.43334960938
3.36635742188
3.2634765625
3.16298828125
3.08403320313
3.0529296875
2.909375
3.01704101563
3.00029296875
2.97397460938
3.06728515625
2.97158203125
2.97158203125
2.94526367188
2.928515625
2.9380859375
2.92133789063
2.88544921875
2.89501953125
2.928515625
2.89501953125
2.890234375
2.92133789063
2.8806640625
2.82802734375
2.77778320313
2.77060546875
2.75385742188
2.64858398438
2.61030273438
2.66293945313
2.62944335938
2.66772460938
2.64619140625
2.73950195312
2.77299804688
2.80649414063
2.8423828125
2.83520507812
2.86630859375
2.93569335938
2.98115234375
2.97875976562
2.99790039063
3.0146484375
2.9955078125
2.99072265625
2.94047851563
2.87827148438
2.8806640625
2.89262695313
2.70600585938
2.59116210938
2.67729492188
2.50263671875
2.47392578125
2.35668945312
2.28012695313
2.1341796875
2.08154296875
1.9619140625
1.86860351563
1.79921875
1.7513671875
1.82553710938
1.61259765625
1.6078125
1.64130859375
1.61259765625
1.59106445313
1.5599609375
1.6939453125
1.818359375
1.7609375
1.7609375
1.78725585938
1.77768554688
1.83032226563
1.72026367188
1.87578125
1.85185546875
1.87817382813
1.89970703125
1.89731445313
1.7896484375
1.81118164063
1.76572265625
1.6078125
1.56235351563
1.45229492188
1.45947265625
1.35659179688
1.22739257813
1.17954101563
1.129296875
1.09819335938
1.09580078125
1.00249023438
0.959423828125
0.94267578125
0.887646484375
0.87568359375
0.91396484375
0.897216796875
0.8421875
0.854150390625
0.82783203125
0.7560546875
0.696240234375
0.6794921875
0.746484375
0.52158203125
0.41630859375
0.4115234375
0.33017578125
0.256005859375
0.208154296875
0.074169921875
-0.050244140625
-0.21533203125
-0.38759765625
-0.643603515625
-0.784765625
-0.959423828125
-0.940283203125
-1.2345703125
-1.550390625
-1.75854492188
-2.09829101563
-2.18203125
-2.17006835938
-2.39497070313
-2.43803710938
-2.44760742188
-2.34711914063
-2.316015625
-2.22749023438
-2.20595703125
-2.17724609375
-2.14135742188
-2.02412109375
-1.933203125
-1.8853515625
-1.49536132812
-1.32788085938
-1.1484375
-1.1580078125
-0.83740234375
-0.882861328125
-0.519189453125
-0.34453125
-0.4498046875
-0.165087890625
-0.42109375
-0.504833984375
-0.586181640625
-0.86611328125
-0.9857421875
-1.16518554688
-1.29438476563
-1.40922851563
-1.65327148438
-1.69873046875
-1.741796875
-1.97866210938
-2.05283203125
-2.12700195313
-2.2298828125
-2.28491210938
-2.392578125
-2.43803710938
-2.48588867188
-2.49545898438
-2.37822265625
-2.21313476562
-2.11743164062
-2.06000976563
-2.01215820313
-2.14375
-1.83271484375
-1.7322265625
-1.63173828125
-1.52407226563
-1.4451171875
-1.30874023438
-1.21303710938
-1.09580078125
-1.07666015625
-0.94267578125
-0.796728515625
-0.79912109375
-0.8900390625
-0.729736328125
-0.6220703125
-0.571826171875
-0.50244140625
-0.394775390625
-0.35888671875
-0.287109375
-0.251220703125
-0.203369140625
-0.14833984375
-0.08134765625
-0.019140625
0.1435546875
0.203369140625
0.23447265625
0.256005859375
0.399560546875
0.375634765625
0.495263671875
0.43544921875
0.5072265625
0.56943359375
0.519189453125
0.5072265625
0.567041015625
0.5837890625
0.593359375
0.55029296875
0.538330078125
0.485693359375
0.4306640625
0.337353515625
0.26796875
0.21533203125
0.184228515625
0.13876953125
0.0478515625
0.083740234375
0.031103515625
0.055029296875
0.026318359375
0.06220703125
0.064599609375
0.11005859375
0.150732421875
0.251220703125
0.34931640625
0.452197265625
0.557470703125
0.61728515625
0.7943359375
0.823046875
0.96181640625
1.05991210938
1.21782226563
1.30874023438
1.42836914063
1.66284179688
1.70830078125
1.83032226563
1.89970703125
1.93081054688
2.11743164062
2.28251953125
2.34233398438
2.36625976563
2.53134765625
2.63422851563
2.71079101563
2.69404296875
2.64619140625
2.52895507813
2.469140625
2.545703125
2.40454101562
2.45478515625
2.52416992188
2.59833984375
2.54331054688
2.4978515625
2.70361328125
2.51220703125
2.46196289063
2.43325195313
2.40454101562
2.38061523438
2.40693359375
2.39018554688
2.33276367188
2.36625976563
2.38779296875
2.42368164063
2.41650390625
2.44760742188
2.45239257812
2.33515625
2.4595703125
2.5552734375
2.62465820313
2.66533203125
2.61030273438
2.83759765625
2.87827148438
2.93330078125
2.87109375
2.83759765625
2.82084960938
2.70600585938
2.57202148438
2.5169921875
2.430859375
2.086328125
2.00258789063
1.79921875
1.64130859375
1.47143554688
1.13647460938
1.03359375
0.708203125
0.4498046875
0.18662109375
0.03349609375
-0.064599609375
-0.442626953125
-0.480908203125
-0.63642578125
-0.815869140625
-0.782373046875
-1.00249023438
-0.94267578125
-1.24653320313
-1.35419921875
-1.5216796875
-1.282421875
-1.13647460938
-0.973779296875
-0.887646484375
-0.79912109375
-0.6794921875
-0.509619140625
-0.34931640625
-0.241650390625
-0.141162109375
-0.117236328125
-0.16748046875
-0.19619140625
-0.251220703125
-0.294287109375
-0.37802734375
-0.437841796875
-0.61728515625
-0.478515625
-0.78955078125
-0.858935546875
-0.925927734375
-1.11015625
-1.29916992188
-1.38051757813
-1.55278320313
-1.7609375
-2.03369140625
-2.11264648438
-2.19399414063
-2.42368164063
-2.55048828125
-2.70600585938
-2.82084960938
-3.11752929688
-3.29697265625
-3.58647460938
-3.75395507813
-3.83530273438
-4.03388671875
-4.03627929688
-4.22290039062
-4.25639648438
-4.17744140625
-4.2875
-3.97407226563
-3.64389648438
-3.16538085938
-2.74428710938
-2.22509765625
-1.41162109375
-1.29677734375
-1.13168945313
-1.17236328125
-1.26567382813
-1.80400390625
-2.08393554688
-2.36147460938
-2.52895507813
-2.62465820313
-2.68208007813
-2.71557617188
-2.74428710938
-2.60791015625
-2.29208984375
-2.0958984375
-1.80400390625
-1.84228515625
-2.18203125
-2.2490234375
-2.3447265625
-2.201171875
-1.96430664063
-1.73940429688
-1.64370117188
-1.49296875
-1.17236328125
-1.02163085938
-0.911572265625
-0.806298828125
-0.629248046875
-0.16748046875
0.165087890625
0.55986328125
0.863720703125
0.784765625
1.1580078125
1.07666015625
1.01923828125
1.22978515625
1.35659179688
1.3685546875
1.37333984375
1.25849609375
1.14125976563
0.978564453125
0.79912109375
0.619677734375
0.3732421875
0.265576171875
0.093310546875
0.43544921875
-0.758447265625
-0.811083984375
-1.05751953125
-1.75375976563
-1.41162109375
-1.44990234375
-1.20825195312
-1.01923828125
-0.768017578125
-0.370849609375
-0.08134765625
0.102880859375
0.62685546875
1.0431640625
1.2345703125
1.56713867188
1.9236328125
2.0001953125
2.09111328125
2.0384765625
2.17006835938
2.48828125
2.62705078125
2.583984375
2.51220703125
2.31362304688
2.44760742188
2.33037109375
2.16049804688
2.1150390625
2.09111328125
2.00737304688
2.0001953125
2.03129882813
2.11025390625
2.12700195313
