-3.75395507813
-3.67739257813
-3.6271484375
-3.55297851563
-3.541015625
-3.66782226563
-3.44291992188
-3.49555664063
-3.29936523438
-3.28022460938
-3.20366210938
-3.07924804688
-3.02661132812
-2.98354492188
-2.94287109375
-2.92373046875
-2.87109375
-2.90698242188
-2.698828125
-2.60073242188
-2.57680664063
-2.51938476563
-2.38779296875
-2.35668945312
-2.316015625
-2.316015625
-2.22509765625
-2.18203125
-2.05283203125
-2.13657226563
-1.94038085938
-1.73701171875
-1.6748046875
-1.7609375
-1.5791015625
-1.46665039063
-1.4833984375
-1.45708007813
-1.38530273438
-1.35419921875
-1.37573242188
-1.17236328125
-1.1580078125
-1.18193359375
-1.1962890625
-0.9953125
-1.04077148438
-1.05034179688
-0.91875
-0.8326171875
-0.91396484375
-0.768017578125
-0.67470703125
-0.63642578125
-0.62685546875
-0.60771484375
-0.614892578125
-0.6029296875
-0.567041015625
-0.54072265625
-0.504833984375
-0.49765625
-0.519189453125
-0.55029296875
-0.555078125
-0.547900390625
-0.557470703125
-0.586181640625
-0.600537109375
-0.619677734375
-0.65078125
-0.69384765625
-0.6603515625
-0.744091796875
-0.77041015625
-0.8134765625
-0.8134765625
-0.858935546875
-0.878076171875
-0.921142578125
-0.892431640625
-0.899609375
-0.892431640625
-0.882861328125
-0.90439453125
-0.849365234375
-0.897216796875
-0.9666015625
-0.976171875
-0.959423828125
-0.8900390625
-0.88525390625
-0.887646484375
-0.96181640625
-0.935498046875
-0.796728515625
-0.7943359375
-0.76083984375
-0.90439453125
-0.705810546875
-0.68427734375
-0.686669921875
-0.65556640625
-0.605322265625
-0.56943359375
-0.614892578125
-0.576611328125
-0.610107421875
-0.586181640625
-0.677099609375
-0.71298828125
-0.653173828125
-0.5837890625
-0.49287109375
-0.37802734375
-0.327783203125
-0.318212890625
-0.2966796875
-0.2583984375
-0.246435546875
-0.294287109375
-0.322998046875
-0.26796875
-0.248828125
-0.34931640625
-0.409130859375
-0.49287109375
-0.543115234375
-0.57900390625
-0.68427734375
-0.715380859375
-0.787158203125
-0.858935546875
-0.88525390625
-0.9091796875
-1.06469726562
-1.11733398438
-1.129296875
-1.07666015625
-1.35419921875
-1.32548828125
-1.38051757813
-1.4259765625
-1.56235351563
-1.58149414063
-1.59584960938
-1.57192382813
-1.7322265625
-1.8662109375
-1.91884765625
-1.933203125
-1.95712890625
-1.9427734375
-1.94038085938
-1.94755859375
-1.7513671875
-1.78725585938
-1.53125
-1.47143554688
-1.397265625
-1.30395507812
-1.28720703125
-1.071875
-0.96181640625
-0.839794921875
-0.7751953125
-0.6986328125
-0.43544921875
-0.363671875
-0.09091796875
0.03349609375
0.24404296875
0.366064453125
0.5455078125
0.686669921875
0.90439453125
0.983349609375
1.129296875
1.36616210938
1.4833984375
1.76811523438
1.92124023438
2.1341796875
2.23706054688
2.35908203125
2.5935546875
2.622265625
2.84716796875
2.95004882813
2.99790039063
3.29936523438
3.44291992188
3.58647460938
3.67978515625
3.88315429688
3.97407226563
4.09130859375
4.23725585938
4.42866210938
4.56982421875
4.56264648438
4.85454101563
5.01962890625
5.1201171875
5.20385742188
5.32109375
5.53403320313
5.6560546875
5.837890625
5.95034179688
6.03408203125
6.2685546875
6.33315429688
6.53173828125
6.56762695313
6.66572265625
6.70161132813
6.79731445313
6.7853515625
6.794921875
6.84038085938
6.84516601563
6.80688476563
6.79970703125
6.84755859375
6.62504882813
6.62265625
6.59155273438
6.53413085938
6.49106445313
6.412109375
6.40493164063
6.33315429688
6.31401367188
6.21352539063
6.22548828125
6.105859375
6.04604492188
6.0484375
6.02211914063
5.98862304688
5.88334960938
5.84267578125
5.7326171875
5.6560546875
5.58427734375
5.33784179688
5.26845703125
5.05073242188
4.95263671875
4.6990234375
4.59135742188
4.48369140625
4.22290039062
4.11284179688
3.92622070313
3.77788085938
3.65346679688
3.32568359375
3.17016601563
2.89501953125
2.72514648438
2.37104492188
2.21552734375
2.009765625
1.76333007813
1.58149414063
1.26806640625
1.12451171875
0.801513671875
0.677099609375
0.543115234375
0.256005859375
0.0287109375
-0.07177734375
-0.203369140625
-0.440234375
-0.519189453125
-0.739306640625
-0.85654296875
-1.00727539063
-1.24653320313
-1.32788085938
-1.59345703125
-1.73701171875
-1.94995117188
-2.01694335938
-2.00258789063
-2.25380859375
-2.4404296875
-2.5169921875
-2.6126953125
-2.66772460938
-2.6126953125
-2.81127929688
-2.82084960938
-2.8615234375
-2.92612304688
-2.96201171875
-3.0146484375
-3.01704101563
-3.00986328125
-2.9955078125
-2.93330078125
-2.95244140625
-2.9859375
-2.90698242188
-2.94526367188
-2.93569335938
-2.966796875
-3.005078125
-3.04814453125
-3.04814453125
-3.0146484375
-2.98115234375
-2.97397460938
-3.00986328125
-2.99072265625
-2.9380859375
-2.8423828125
-2.84477539063
-2.78974609375
-2.7466796875
-2.6701171875
-2.60551757813
-2.47631835938
-2.39497070313
-2.25380859375
-2.24663085938
-2.02412109375
-1.9619140625
-1.7705078125
-1.71547851563
-1.59584960938
-1.50732421875
-1.378125
-1.32309570313
-1.16518554688
-1.12690429688
-0.9857421875
-0.825439453125
-0.815869140625
-0.858935546875
-0.82783203125
-0.9091796875
-0.7751953125
-0.791943359375
-0.79912109375
-0.823046875
-0.8708984375
-0.887646484375
-1.00009765625
-1.01923828125
-1.11494140625
-1.17236328125
-1.18911132813
-1.244140625
-1.30874023438
-1.22978515625
-1.45708007813
-1.57192382813
-1.5599609375
-1.5982421875
-1.7130859375
-1.6748046875
-1.80400390625
-1.85424804688
-1.89013671875
-1.9236328125
-1.86381835938
-2.04565429688
-2.05043945313
-2.1341796875
-2.21552734375
-2.29448242188
-2.33754882813
-2.43803710938
-2.49067382813
-2.50981445313
-2.70361328125
-2.71318359375
-2.85913085938
-2.87109375
-2.79213867188
-3.02182617188
-3.13666992188
-3.17734375
-3.26108398438
-3.49794921875
-3.5505859375
-3.63911132813
-3.6654296875
-3.68217773438
-3.72045898438
-3.71806640625
-3.6654296875
-3.675
-3.73720703125
-3.73959960938
-3.76831054688
-3.76591796875
-3.79702148438
-3.78984375
-3.73720703125
-3.73959960938
-3.7994140625
-3.70131835938
-3.66303710938
-3.4453125
-3.53862304688
-3.52666015625
-3.65346679688
-3.62236328125
-3.67021484375
-3.7037109375
-3.70849609375
-3.65107421875
-3.55537109375
-3.53623046875
-3.4931640625
-3.47163085938
-3.51469726563
-3.311328125
-3.2634765625
-3.2443359375
-3.26108398438
-3.27783203125
-2.97158203125
-2.95004882813
-2.93569335938
-2.79931640625
-2.79692382813
-2.909375
-2.92133789063
-2.90458984375
-2.99072265625
-3.13666992188
-3.38549804688
-3.46206054688
-3.66782226563
-3.73959960938
-3.73481445313
-4.000390625
-4.10087890625
-4.13916015625
-4.09848632813
-4.09609375
-4.24443359375
-4.23486328125
-4.24204101563
-4.26596679688
-3.9908203125
-3.85205078125
-3.68217773438
-3.55776367188
-3.33525390625
-3.22041015625
-3.17495117188
-2.95961914063
-2.93569335938
-2.7849609375
-2.75625
-2.66772460938
-2.61030273438
-2.55048828125
-2.58876953125
-2.43325195313
-2.45478515625
-2.5361328125
-2.545703125
-2.45717773438
-2.63662109375
-2.59833984375
-2.54331054688
-2.50502929688
-2.36865234375
-2.33037109375
-2.2298828125
-2.20595703125
-2.28491210938
-2.0671875
-2.03369140625
-1.9619140625
-1.94995117188
-1.9044921875
-1.94038085938
-1.95473632813
-1.87578125
-1.8375
-1.81596679688
-1.79921875
-1.75615234375
-1.73461914063
-1.67719726563
-1.64130859375
-1.61977539063
-1.5408203125
-1.5408203125
-1.5025390625
-1.4833984375
