0.179443359375
0.126806640625
0.126806640625
0.064599609375
0.0861328125
0.078955078125
0.040673828125
0.136376953125
-0.02392578125
-0.04306640625
-0.057421875
-0.112451171875
-0.23447265625
-0.210546875
-0.270361328125
-0.26796875
-0.18662109375
-0.3349609375
-0.394775390625
-0.45458984375
-0.466552734375
-0.509619140625
-0.3541015625
-0.342138671875
-0.294287109375
-0.198583984375
-0.11962890625
-0.136376953125
-0.01435546875
0.2583984375
0.5263671875
0.476123046875
0.672314453125
0.75126953125
0.81826171875
0.863720703125
0.868505859375
0.76083984375
0.73212890625
0.459375
0.332568359375
0.26318359375
-0.002392578125
-0.165087890625
-0.401953125
-0.478515625
-0.590966796875
-0.631640625
-0.662744140625
-0.715380859375
-0.7177734375
-0.667529296875
-0.67470703125
-0.605322265625
-0.61728515625
-0.60771484375
-0.593359375
-0.552685546875
-0.5837890625
-0.61728515625
-0.65078125
-0.73212890625
-0.791943359375
-0.7560546875
-0.614892578125
-0.5837890625
-0.54072265625
-0.303857421875
-0.236865234375
-0.236865234375
-0.150732421875
-0.131591796875
-0.1052734375
-0.03349609375
0.002392578125
0.0669921875
0.1244140625
0.11962890625
0.11962890625
0.19619140625
0.193798828125
0.2201171875
0.31103515625
0.327783203125
0.404345703125
0.490478515625
0.528759765625
0.49765625
0.6029296875
0.643603515625
0.744091796875
0.830224609375
0.959423828125
0.940283203125
1.22739257813
1.26088867188
1.39008789063
1.38530273438
1.4259765625
1.45229492188
1.45708007813
1.52646484375
1.57192382813
1.52407226563
1.4642578125
1.397265625
1.3111328125
1.25849609375
1.12451171875
0.92353515625
0.878076171875
0.844580078125
0.899609375
0.92353515625
0.87568359375
0.830224609375
0.854150390625
0.88525390625
1.00009765625
0.959423828125
1.16518554688
1.15561523438
1.08862304688
1.28002929688
1.42836914063
1.40205078125
1.60541992188
1.64370117188
1.81357421875
1.89970703125
2.00258789063
1.87578125
1.933203125
1.741796875
1.78725585938
1.84946289063
1.971484375
1.98344726563
2.08393554688
2.11743164062
2.13657226563
2.14853515625
2.1150390625
2.05283203125
2.05283203125
2.0671875
2.009765625
1.9810546875
2.0193359375
2.03129882813
2.02172851562
2.07436523438
2.06958007812
1.9810546875
1.99780273438
2.03369140625
2.0576171875
2.0193359375
2.10307617188
1.96909179688
2.02172851562
2.00737304688
1.98344726563
1.98344726563
1.97387695313
1.96430664063
1.9427734375
1.96430664063
1.9236328125
1.92841796875
1.9427734375
1.971484375
1.95712890625
1.84228515625
1.83989257813
1.94755859375
1.88774414063
1.84946289063
1.6939453125
1.894921875
1.91166992188
1.7609375
1.83032226563
1.80161132813
1.71069335938
1.71547851563
1.72744140625
1.59345703125
1.55517578125
1.54560546875
1.550390625
1.512109375
1.51689453125
1.48100585938
1.49536132812
1.397265625
1.36137695313
1.45229492188
1.41640625
1.36137695313
1.33505859375
1.31831054688
1.39248046875
1.39248046875
1.4451171875
1.43076171875
1.41640625
1.41879882813
1.43793945313
1.43793945313
1.45229492188
1.43315429688
1.43076171875
1.43076171875
1.46186523438
1.46904296875
1.4068359375
1.4068359375
1.39487304688
1.48100585938
1.47622070313
1.47622070313
1.43076171875
1.44272460938
1.4451171875
1.4451171875
1.45708007813
1.49536132812
1.49536132812
1.49536132812
1.49536132812
1.52407226563
1.53364257813
1.53364257813
1.57431640625
1.60541992188
1.64609375
1.64609375
1.63891601563
1.59584960938
1.626953125
1.626953125
1.64609375
1.65327148438
1.5408203125
1.6939453125
1.70590820313
1.69873046875
1.73940429688
1.73940429688
1.8087890625
1.84946289063
1.84228515625
1.84228515625
1.8470703125
1.88295898438
1.933203125
1.933203125
1.98344726563
2.01215820313
2.0576171875
2.0576171875
2.09111328125
2.11025390625
1.990625
2.14375
2.20356445313
2.2490234375
2.25620117188
2.25620117188
2.25859375
2.28491210938
2.1724609375
2.3255859375
2.33994140625
2.31840820313
2.31840820313
2.32797851563
2.3734375
2.37104492188
2.37104492188
2.37104492188
2.40693359375
2.41171875
2.41171875
2.40932617188
2.42607421875
2.42368164063
2.42368164063
2.39497070313
2.35668945312
2.36147460938
2.36147460938
2.37822265625
2.33754882813
2.296875
2.296875
2.277734375
2.28969726563
2.31840820313
2.31840820313
2.35190429688
2.38779296875
2.39018554688
2.39018554688
2.4021484375
2.42846679688
2.4978515625
2.4978515625
2.55288085938
2.51938476563
2.45239257812
2.45239257812
2.38779296875
2.31840820313
2.2873046875
2.2873046875
2.277734375
2.2203125
2.1724609375
2.1724609375
2.1916015625
2.1916015625
2.15810546875
2.15810546875
2.1341796875
2.07436523438
1.97626953125
1.97626953125
1.88056640625
1.818359375
1.76572265625
1.76572265625
1.70590820313
1.69155273438
1.684375
1.684375
1.64370117188
1.550390625
1.4833984375
1.18432617188
0.88525390625
1.1771484375
1.43076171875
1.39965820312
1.25849609375
1.12451171875
1.03837890625
0.9857421875
0.95703125
0.921142578125
0.906787109375
0.964208984375
0.9857421875
1.00966796875
1.11254882812
1.16040039062
1.21303710938
1.16518554688
1.167578125
1.225
1.26088867188
1.41640625
1.588671875
1.71547851563
1.79204101563
1.84228515625
1.88295898438
1.8853515625
1.94038085938
1.95473632813
2.086328125
2.12939453125
2.17485351563
2.22749023438
2.2298828125
2.20834960938
2.2107421875
2.19638671875
2.17006835938
2.13178710938
2.12700195313
2.06000976563
2.06479492188
1.95952148438
1.9619140625
1.894921875
1.89013671875
1.79443359375
1.741796875
1.73461914063
1.72983398438
1.64130859375
1.56235351563
1.48579101563
1.39248046875
1.38291015625
1.31352539063
1.28481445313
1.26567382813
1.27524414063
1.22739257813
1.15322265625
1.17475585938
0.9953125
0.806298828125
0.79912109375
0.88525390625
1.06469726562
1.03120117188
0.9953125
0.930712890625
0.91875
0.937890625
0.95224609375
0.95703125
0.839794921875
0.820654296875
0.720166015625
0.6794921875
0.643603515625
0.648388671875
0.744091796875
0.57900390625
0.586181640625
0.452197265625
0.399560546875
0.289501953125
0.2296875
0.095703125
0.08134765625
0.14833984375
-0.045458984375
-0.055029296875
-0.095703125
-0.150732421875
-0.2296875
-0.30146484375
-0.401953125
-0.389990234375
-0.4498046875
-0.47373046875
-0.49765625
-0.516796875
-0.48330078125
-0.33017578125
-0.485693359375
-0.5455078125
-0.5072265625
-0.433056640625
-0.370849609375
-0.37802734375
-0.332568359375
-0.34931640625
-0.260791015625
-0.203369140625
-0.210546875
-0.284716796875
-0.11005859375
-0.107666015625
-0.08134765625
-0.016748046875
-0.0095703125
0.040673828125
0.021533203125
0.09091796875
0.10048828125
0.06220703125
0.11962890625
0.172265625
0.155517578125
0.212939453125
0.2583984375
0.279931640625
0.246435546875
0.23447265625
0.25361328125
0.27275390625
0.287109375
0.265576171875
0.227294921875
0.208154296875
0.21533203125
0.193798828125
0.18662109375
0.1435546875
0.1244140625
0.160302734375
0.131591796875
0.150732421875
0.155517578125
0.07177734375
0.016748046875
0.172265625
0.153125
0.203369140625
0.136376953125
0.16748046875
0.145947265625
0.155517578125
