-1.60302734375
-1.5408203125
-1.26088867188
-1.04555664063
-1.1197265625
-1.129296875
-1.08623046875
-1.05751953125
-1.07905273438
-1.12451171875
-1.17236328125
-1.1771484375
-1.07426757813
-1.17475585938
-1.16997070313
-1.16518554688
-0.978564453125
-1.13408203125
-1.0048828125
-0.921142578125
-0.892431640625
-0.849365234375
-0.854150390625
-0.858935546875
-0.811083984375
-0.988134765625
-1.01206054688
-1.05991210938
-1.01684570312
-0.9666015625
-0.99052734375
-0.9666015625
-1.00249023438
-1.04555664063
-1.0814453125
-1.10297851563
-1.1005859375
-1.13647460938
-1.17954101563
-1.13647460938
-1.18671875
-1.25610351562
-1.31352539063
-1.35419921875
-1.41640625
-1.47143554688
-1.39248046875
-1.55517578125
-1.64370117188
-1.67958984375
-1.69873046875
-1.70112304688
-1.60541992188
-1.6078125
-1.64130859375
-1.59106445313
-1.56235351563
-1.62216796875
-1.75375976563
-1.69873046875
-1.60302734375
-1.55756835938
-1.49296875
-1.50971679688
-1.65805664063
-1.48100585938
-1.48100585938
-1.4451171875
-1.45708007813
-1.17954101563
-1.11733398438
-0.9474609375
-0.87568359375
-0.801513671875
-0.734521484375
-0.681884765625
-0.41630859375
-0.287109375
-0.260791015625
-0.050244140625
0.11484375
0.251220703125
0.356494140625
0.634033203125
0.72255859375
0.882861328125
1.0048828125
1.1962890625
1.26567382813
1.3302734375
1.38530273438
1.435546875
1.45708007813
1.55278320313
1.56953125
1.61259765625
1.71547851563
1.7130859375
1.7705078125
1.79443359375
1.88295898438
1.894921875
1.90688476563
1.89731445313
1.89013671875
1.90688476563
1.90688476563
1.89731445313
1.92841796875
1.933203125
1.98823242188
2.03129882813
1.99780273438
2.00498046875
2.06479492188
2.0958984375
2.02651367188
2.0576171875
2.01215820313
2.0001953125
1.9619140625
1.94995117188
1.94038085938
1.94038085938
1.88056640625
1.88056640625
1.856640625
1.85185546875
1.79443359375
1.78486328125
1.72026367188
1.65805664063
1.64370117188
1.61020507813
1.58627929688
1.60063476563
1.6078125
1.63413085938
1.64848632813
1.66762695313
1.75615234375
1.75375976563
1.75854492188
1.80639648438
1.818359375
1.856640625
1.86142578125
1.8662109375
1.8662109375
1.8662109375
1.87338867188
1.88774414063
1.8853515625
1.86142578125
1.86142578125
1.89970703125
1.9427734375
2.0193359375
2.0193359375
2.09350585938
2.14375
2.20834960938
2.20834960938
2.25620117188
2.41650390625
2.44282226563
2.47392578125
2.507421875
2.54809570312
2.59833984375
2.50024414062
2.65336914063
2.69165039062
2.7275390625
2.76821289063
2.76821289063
2.81606445313
2.89741210938
2.77778320313
2.93090820312
2.95961914063
3.02182617188
3.04575195313
3.08642578125
3.12470703125
3.10795898438
3.081640625
3.09599609375
3.12709960938
3.13427734375
3.1390625
3.1390625
3.11513671875
3.08881835938
3.10317382813
3.07924804688
3.07924804688
3.06728515625
3.09599609375
3.12709960938
3.13427734375
3.10317382813
3.10317382813
3.13427734375
3.17255859375
3.19409179688
3.20844726563
3.15581054688
3.13427734375
3.13427734375
3.16059570313
3.14145507813
3.1294921875
3.17973632813
3.17973632813
3.24194335938
3.28500976563
3.25151367188
3.20126953125
3.2060546875
3.23955078125
3.26586914063
3.26586914063
3.22758789063
3.19169921875
3.17973632813
3.17495117188
3.17495117188
3.1486328125
3.10078125
3.0720703125
3.04096679688
3.02900390625
2.98354492188
2.92133789063
2.90698242188
2.8615234375
2.8328125
2.8328125
2.81127929688
2.74428710938
2.65815429688
2.64619140625
2.603125
2.5169921875
2.45478515625
2.43564453125
2.38061523438
2.30405273438
2.30405273438
2.23706054688
2.14375
2.05522460938
2.05522460938
2.0001953125
1.94755859375
1.8470703125
1.91166992188
1.75854492188
1.71069335938
1.66284179688
1.63173828125
1.63173828125
1.61259765625
1.61259765625
1.57670898438
1.49536132812
1.44272460938
1.44272460938
1.41879882813
1.37573242188
1.35659179688
1.33745117188
1.33745117188
1.29916992188
1.282421875
1.28959960938
1.44272460938
1.80400390625
1.95473632813
1.8375
1.8375
1.6748046875
1.52407226563
1.4068359375
1.4068359375
1.35180664062
1.2537109375
1.28720703125
1.38530273438
1.43076171875
1.31591796875
1.26567382813
1.18432617188
1.11254882812
1.11254882812
1.0431640625
0.997705078125
0.97138671875
1.052734375
0.899609375
0.863720703125
0.854150390625
0.8134765625
0.77998046875
0.777587890625
0.744091796875
0.715380859375
0.739306640625
0.701025390625
0.605322265625
0.514404296875
0.42109375
0.42109375
0.21533203125
-0.08134765625
-0.284716796875
-0.284716796875
-0.289501953125
-0.131591796875
-0.002392578125
-0.016748046875
-0.035888671875
0.002392578125
0.01435546875
0.002392578125
0.002392578125
-0.035888671875
-0.131591796875
-0.06220703125
-0.21533203125
-0.21533203125
-0.284716796875
-0.43544921875
-0.43544921875
-0.51201171875
-0.555078125
-0.586181640625
-0.586181640625
-0.60771484375
-0.6603515625
-0.739306640625
-0.739306640625
-0.830224609375
-0.882861328125
-0.88525390625
-0.88525390625
-0.940283203125
-1.02163085938
-1.04555664063
-1.04555664063
-1.04555664063
-1.05034179688
-1.10537109375
-1.10537109375
-1.14365234375
-1.17954101563
-1.21064453125
-1.21064453125
-1.24892578125
-1.28959960938
-1.320703125
-1.320703125
-1.38530273438
-1.41401367188
-1.4642578125
-1.4642578125
-1.52646484375
-1.58149414063
-1.66044921875
-1.66044921875
-1.72504882813
-1.77768554688
-1.84946289063
-1.84946289063
-1.87578125
-1.86142578125
-1.93081054688
-1.93081054688
-2.02172851562
-2.05043945313
-2.0958984375
-2.0958984375
-2.20595703125
-2.3447265625
-2.43803710938
-2.43803710938
-2.50981445313
-2.60073242188
-2.5169921875
-2.6701171875
-2.73232421875
-2.81127929688
-2.87109375
-2.87109375
-2.90219726563
-2.9572265625
-3.02661132812
-3.02661132812
-3.03618164063
-3.05532226563
-2.97158203125
-3.12470703125
-3.1869140625
-3.22041015625
-3.22041015625
-3.20844726563
-3.196484375
-3.196484375
-3.196484375
-3.19887695313
-3.20366210938
-3.1869140625
-3.1869140625
-3.14145507813
-3.10795898438
-3.13427734375
-3.13427734375
-3.17016601563
-3.18212890625
-3.1390625
-3.1390625
-3.10078125
-3.119921875
-3.1486328125
-3.1486328125
-3.17973632813
-3.1486328125
-3.14145507813
-3.14145507813
-3.15341796875
-3.09838867188
-3.0720703125
-3.05532226563
-3.02661132812
-2.94526367188
-2.94287109375
-3.0337890625
-2.83520507812
-2.79692382813
-2.8041015625
-2.68686523438
-2.6318359375
-2.59116210938
-2.57680664063
-2.57680664063
-2.58876953125
-2.5552734375
-2.5169921875
-2.50981445313
-2.49306640625
-2.5169921875
-2.54809570312
-2.56005859375
-2.49306640625
-2.57202148438
-2.73950195312
-2.69643554688
-2.55048828125
-2.583984375
-2.603125
-2.58159179688
-2.61748046875
-2.66293945313
-2.70600585938
-2.698828125
-2.74428710938
-2.75864257813
-2.75625
-2.84477539063
-2.80888671875
-2.80170898438
-2.83041992188
-2.81606445313
-2.8232421875
-2.81845703125
-2.84716796875
-2.87109375
-2.9189453125
-2.88784179688
-2.93569335938
-2.93569335938
-2.87109375
-2.88544921875
-2.87827148438
-2.83759765625
-2.80649414063
-2.8232421875
-2.82084960938
-2.83520507812
-2.80649414063
-2.80888671875
-2.89741210938
-2.97158203125
-2.98833007813
-2.966796875
-2.90698242188
-2.90698242188
-2.90219726563
-2.9572265625
