-1.03359375
-1.05034179688
-1.02880859375
-1.02880859375
-1.04555664063
-1.07666015625
-1.08862304688
-1.05991210938
-1.05991210938
-1.05991210938
-1.08383789063
-1.05751953125
-1.10297851563
-1.10297851563
-1.15322265625
-1.09580078125
-1.05751953125
-1.05751953125
-1.05512695313
-1.03359375
-1.02641601563
-0.9953125
-0.9953125
-0.949853515625
-0.95224609375
-0.95224609375
-1.0623046875
-0.9091796875
-0.873291015625
-0.8517578125
-0.823046875
-0.823046875
-0.777587890625
-0.758447265625
-0.744091796875
-0.739306640625
-0.739306640625
-0.765625
-0.77998046875
-0.746484375
-0.746484375
-0.67470703125
-0.677099609375
-0.6794921875
-0.6794921875
-0.669921875
-0.6603515625
-0.62685546875
-0.62685546875
-0.662744140625
-0.734521484375
-0.73212890625
-0.720166015625
-0.6220703125
-0.7751953125
-0.83740234375
-0.85654296875
-0.89482421875
-0.921142578125
-1.071875
-0.91875
-0.937890625
-0.96181640625
-1.03120117188
-1.04555664063
-1.04555664063
-1.02880859375
-1.03120117188
-1.02880859375
-1.02880859375
-1.14604492188
-1.14604492188
-1.18671875
-1.21782226563
-1.21782226563
-1.08862304688
-1.27045898438
-1.2919921875
-1.2919921875
-1.3302734375
-1.358984375
-1.36376953125
-1.35419921875
-1.35419921875
-1.3302734375
-1.30634765625
-1.30395507812
-1.30395507812
-1.32548828125
-1.320703125
-1.30634765625
-1.32788085938
-1.32309570313
-1.29916992188
-1.29916992188
-1.282421875
-1.2728515625
-1.25849609375
-1.22978515625
-1.22978515625
-1.205859375
-1.21064453125
-1.22021484375
-1.22021484375
-1.16518554688
-1.11733398438
-1.1388671875
-1.1388671875
-1.15322265625
-1.13168945313
-1.12211914063
-1.12211914063
-1.091015625
-1.071875
-1.07666015625
-1.07666015625
-1.07426757813
-1.08623046875
-1.11254882812
-1.11254882812
-1.15322265625
-1.15083007813
-1.1197265625
-1.1197265625
-1.09580078125
-1.05512695313
-1.00966796875
-1.00966796875
-0.95703125
-0.906787109375
-0.878076171875
-0.878076171875
-0.858935546875
-0.84697265625
-0.8326171875
-0.8326171875
-0.820654296875
-0.784765625
-0.7369140625
-0.7369140625
-0.677099609375
-0.634033203125
-0.593359375
-0.593359375
-0.509619140625
-0.495263671875
-0.504833984375
-0.504833984375
-0.4689453125
-0.44501953125
-0.409130859375
-0.409130859375
-0.375634765625
-0.361279296875
-0.4306640625
-0.2775390625
-0.160302734375
-0.0861328125
-0.019140625
-0.019140625
0.057421875
0.12919921875
0.17705078125
0.17705078125
0.203369140625
0.208154296875
0.210546875
0.210546875
0.2583984375
0.318212890625
0.327783203125
0.327783203125
0.325390625
0.2775390625
0.303857421875
0.150732421875
0.088525390625
0.102880859375
0.14833984375
0.14833984375
0.189013671875
0.260791015625
0.19140625
0.34453125
0.3828125
0.3828125
0.45458984375
0.30146484375
0.189013671875
0.0861328125
0.05263671875
0.05263671875
0.172265625
0.404345703125
0.404345703125
0.557470703125
0.55029296875
0.48330078125
0.48330078125
0.442626953125
0.3923828125
0.363671875
0.363671875
0.3349609375
0.30146484375
0.299072265625
0.299072265625
0.26796875
0.222509765625
0.198583984375
0.198583984375
0.16748046875
0.133984375
0.14833984375
0.14833984375
0.15791015625
0.16748046875
0.222509765625
0.222509765625
0.265576171875
0.210546875
0.11962890625
0.11962890625
0.06220703125
0.007177734375
0.01435546875
0.01435546875
0.07177734375
0.1244140625
0.145947265625
0.153125
0.131591796875
0.1052734375
0.088525390625
0.083740234375
-0.11005859375
-0.03828125
0.088525390625
0.021533203125
-0.232080078125
-0.275146484375
0.289501953125
0.590966796875
0.708203125
0.729736328125
0.6220703125
0.80869140625
0.79912109375
0.81826171875
1.03598632813
1.17236328125
1.358984375
1.44272460938
1.57431640625
1.72265625
1.76333007813
1.85903320313
1.88774414063
1.9044921875
1.95473632813
1.9619140625
1.94516601563
1.90688476563
1.88056640625
1.86142578125
1.75615234375
1.73461914063
1.63891601563
1.626953125
1.56713867188
1.48579101563
1.320703125
1.21064453125
1.11015625
1.0240234375
0.9474609375
0.839794921875
0.8900390625
0.69384765625
0.73212890625
0.519189453125
0.452197265625
0.394775390625
0.40673828125
0.452197265625
0.456982421875
0.605322265625
0.476123046875
0.54072265625
0.562255859375
0.61728515625
0.67470703125
0.701025390625
0.624462890625
0.839794921875
0.906787109375
0.9474609375
0.997705078125
1.08623046875
1.15322265625
1.29677734375
1.35419921875
1.397265625
1.41401367188
1.42119140625
1.435546875
1.5791015625
1.54560546875
1.67001953125
1.68916015625
1.68916015625
1.71787109375
1.7609375
1.75854492188
1.81596679688
1.81118164063
1.88056640625
1.8375
1.684375
1.86142578125
1.82314453125
1.77529296875
1.81596679688
1.79682617188
1.7609375
1.76333007813
1.64370117188
1.58627929688
1.59345703125
1.57431640625
1.5599609375
1.5791015625
1.53842773438
1.59584960938
1.60541992188
1.5408203125
1.49536132812
1.47622070313
1.44990234375
1.42119140625
1.46665039063
1.50732421875
1.5599609375
1.38051757813
1.53842773438
1.57192382813
1.5791015625
1.59106445313
1.60063476563
1.64609375
1.59584960938
1.59584960938
1.65087890625
1.65327148438
1.70830078125
1.73940429688
1.74658203125
1.72983398438
1.71787109375
1.73701171875
1.71069335938
1.69633789063
1.69873046875
1.69633789063
1.59584960938
1.57431640625
1.46186523438
1.42358398438
1.40444335938
1.2728515625
1.22021484375
1.15083007813
1.091015625
1.03598632813
0.95224609375
0.9091796875
0.80869140625
0.75126953125
0.69384765625
0.62685546875
0.555078125
0.516796875
0.4880859375
0.485693359375
0.428271484375
0.418701171875
0.43544921875
0.47373046875
0.4880859375
0.45458984375
0.346923828125
0.2966796875
0.327783203125
0.27275390625
0.418701171875
0.53115234375
0.47373046875
0.485693359375
0.476123046875
0.47373046875
0.600537109375
0.44501953125
0.4306640625
0.356494140625
0.287109375
0.284716796875
0.25361328125
0.18662109375
0.117236328125
0.102880859375
0.021533203125
-0.01435546875
0.057421875
0.055029296875
0.057421875
0.11005859375
0.03828125
0.22490234375
0.23447265625
0.256005859375
0.265576171875
0.279931640625
0.22490234375
0.256005859375
0.337353515625
0.55029296875
0.6125
0.715380859375
0.6125
0.62685546875
0.638818359375
0.701025390625
0.768017578125
0.88046875
0.796728515625
0.997705078125
1.05512695313
1.06469726562
1.08623046875
1.10297851563
1.1197265625
1.129296875
1.16279296875
1.1005859375
1.1484375
1.17954101563
1.20825195312
1.23696289063
1.23696289063
1.26567382813
1.358984375
1.20825195312
1.28002929688
1.27763671875
1.28002929688
1.32309570313
1.37094726563
1.39487304688
1.41640625
1.43793945313
1.42836914063
1.44990234375
1.50493164063
1.54799804688
1.59106445313
1.62456054688
1.63173828125
1.62456054688
1.64370117188
1.64130859375
1.60063476563
1.63413085938
1.6078125
1.62216796875
1.58149414063
1.59584960938
1.61020507813
1.59345703125
1.60541992188
1.68198242188
1.52407226563
1.51689453125
1.49536132812
1.46186523438
1.48579101563
1.32548828125
1.33505859375
1.2728515625
1.22260742188
1.14365234375
1.10297851563
1.1962890625
1.03120117188
1.04794921875
1.00009765625
0.9666015625
1.02641601563
0.825439453125
0.791943359375
0.7369140625
