3.93818359375
3.9046875
3.87836914063
3.7419921875
3.53862304688
3.39028320313
3.42856445313
2.98115234375
2.83041992188
2.65576171875
2.4978515625
2.42607421875
2.36625976563
2.27055664063
2.18203125
2.18203125
2.10786132813
2.06479492188
2.00498046875
1.9619140625
1.9619140625
1.94755859375
1.70830078125
1.60541992188
1.588671875
1.588671875
1.51928710938
1.45229492188
1.43793945313
1.43793945313
1.36616210938
1.29677734375
1.23935546875
1.17954101563
1.16997070313
1.1484375
1.12211914063
1.1580078125
1.17475585938
1.17475585938
1.1197265625
1.04555664063
0.992919921875
0.959423828125
0.959423828125
0.973779296875
0.992919921875
0.96181640625
0.93310546875
0.93310546875
0.925927734375
0.91396484375
0.882861328125
0.83740234375
0.82783203125
0.82783203125
0.815869140625
0.787158203125
0.787158203125
0.77041015625
0.77041015625
0.724951171875
0.71298828125
0.71298828125
0.6986328125
0.70341796875
0.70341796875
0.696240234375
0.686669921875
0.71298828125
0.7369140625
0.63642578125
0.78955078125
0.854150390625
0.911572265625
0.7943359375
0.9474609375
0.959423828125
1.00249023438
1.05034179688
1.05034179688
1.1962890625
1.34223632813
1.30874023438
1.30395507812
1.31352539063
1.31591796875
1.25610351562
1.18671875
1.11494140625
1.071875
0.968994140625
0.902001953125
0.835009765625
0.753662109375
0.619677734375
0.466552734375
0.42109375
0.3349609375
0.189013671875
0.04306640625
0.00478515625
-0.165087890625
-0.241650390625
-0.3732421875
-0.3828125
-0.58857421875
-0.70341796875
-0.825439453125
-0.868505859375
-0.99052734375
-1.0048828125
-1.03120117188
-1.1005859375
-1.14604492188
-1.18911132813
-1.16518554688
-1.15322265625
-1.21064453125
-1.18671875
-1.16040039062
-1.20107421875
-1.16040039062
-1.23696289063
-1.24174804688
-1.08862304688
-1.1962890625
-1.23696289063
-1.21064453125
-1.00009765625
-0.95224609375
-1.13168945313
-1.091015625
-1.06948242188
-1.0814453125
-1.12690429688
-1.1005859375
-1.09819335938
-1.07666015625
-1.21303710938
-1.07905273438
-1.14125976563
-1.2154296875
-1.26328125
-1.26088867188
-1.31591796875
-1.33984375
-1.37573242188
-1.44033203125
-1.4833984375
-1.54799804688
-1.58149414063
-1.61020507813
-1.67958984375
-1.72983398438
-1.77768554688
-1.72744140625
-1.93081054688
-1.87578125
-2.09829101563
-2.23227539063
-2.26577148438
-2.36625976563
-2.54809570312
-2.58876953125
-2.61508789063
-2.84477539063
-2.95244140625
-3.09360351563
-3.17255859375
-3.27783203125
-3.502734375
-3.56015625
-3.70610351563
-3.808984375
-3.87836914063
-3.89272460938
-3.85444335938
-4.08413085938
-4.14155273438
-4.25400390625
-4.3640625
-4.29946289063
-4.48369140625
-4.55068359375
-4.57700195313
-4.58178710938
-4.66313476563
-4.67270507813
-4.70141601562
-4.71098632813
-4.67509765625
-4.69184570313
-4.60092773438
-4.536328125
-4.49086914063
-4.33295898438
-4.25400390625
-4.08173828125
-3.99560546875
-3.88315429688
-3.63193359375
-3.33764648438
-3.07446289063
-2.83520507812
-2.66293945313
-2.44760742188
-2.22749023438
-1.94755859375
-1.818359375
-1.60302734375
-1.48579101563
-1.25849609375
-1.00966796875
-0.906787109375
-0.868505859375
-0.765625
-0.825439453125
-0.784765625
-0.8326171875
-0.844580078125
-0.823046875
-0.85654296875
-0.935498046875
-0.9283203125
-0.973779296875
-0.9857421875
-1.09340820313
-1.16518554688
-1.08862304688
-1.2728515625
-1.4642578125
-1.49536132812
-1.60541992188
-1.77529296875
-2.1341796875
-2.37104492188
-2.48349609375
-2.698828125
-2.851953125
-2.8806640625
-2.97875976562
-2.9572265625
-2.93569335938
-2.890234375
-2.77299804688
-2.61030273438
-2.59594726562
-2.4787109375
-2.47392578125
-2.44521484375
-2.41411132813
-2.45
-2.48349609375
-2.51220703125
-2.58876953125
-2.40693359375
-2.32080078125
-2.29926757813
-2.33276367188
-2.3255859375
-2.33515625
-2.33276367188
-2.33037109375
-2.33754882813
-2.3830078125
-2.41171875
-2.354296875
-2.5552734375
-2.6126953125
-2.83520507812
-2.928515625
-2.97397460938
-3.2060546875
-3.45249023438
-3.59365234375
-3.6271484375
-3.58168945313
-3.502734375
-3.387890625
-3.1677734375
-2.97158203125
-2.622265625
-2.33276367188
-2.0001953125
-1.8375
-1.68676757813
-1.51928710938
-1.4451171875
-1.2919921875
-0.997705078125
-1.19150390625
-0.95224609375
-0.782373046875
-0.667529296875
-0.605322265625
-0.593359375
-0.6029296875
-0.605322265625
-0.705810546875
-0.868505859375
-0.968994140625
-1.05751953125
-1.08862304688
-1.05991210938
-1.18193359375
-1.2728515625
-1.358984375
-1.38291015625
-1.41162109375
-1.47861328125
-1.4259765625
-1.39248046875
-1.43076171875
-1.34462890625
-1.18432617188
-1.03359375
-1.0240234375
-0.669921875
-0.7560546875
-0.46416015625
-0.389990234375
-0.38759765625
-0.08134765625
0.026318359375
0.19140625
0.256005859375
0.590966796875
0.73212890625
0.983349609375
1.33984375
1.512109375
1.61259765625
1.9044921875
2.009765625
2.30883789062
2.56723632813
2.68686523438
2.85913085938
2.90698242188
2.94526367188
3.05053710938
3.0720703125
3.28740234375
3.51708984375
3.40942382813
3.40463867188
3.4740234375
3.52905273438
3.50751953125
3.57211914063
3.56015625
3.55776367188
3.71088867188
3.7228515625
3.71328125
3.923828125
3.97646484375
4.09848632813
4.18461914063
4.14155273438
4.3544921875
4.44541015625
4.52197265625
4.4693359375
4.45737304688
4.44780273438
4.42626953125
4.47172851563
4.46215820312
4.55546875
4.59614257813
4.67749023438
4.651171875
4.97416992188
5.0052734375
5.0626953125
5.20146484375
5.26845703125
5.30913085938
5.340234375
5.41201171875
5.3689453125
5.33305664063
5.32348632812
5.25888671875
5.28041992188
5.09858398438
5.1009765625
5.11293945313
5.03637695312
5.06030273438
5.24453125
5.41918945312
5.30913085938
5.28520507813
5.09858398438
4.87607421875
4.73969726563
4.5076171875
4.33774414063
4.23247070313
2.87587890625
2.4787109375
2.32797851563
2.21791992188
2.10307617188
2.086328125
2.02172851562
1.9810546875
1.85903320313
1.79443359375
1.67241210938
1.76811523438
1.87338867188
1.97626953125
2.01455078125
2.06479492188
2.02890625
2.21791992188
2.23706054688
2.10546875
1.90688476563
1.78247070313
1.56953125
1.45708007813
1.36376953125
1.08862304688
0.830224609375
0.701025390625
0.533544921875
0.30625
0.093310546875
-0.074169921875
-0.279931640625
-0.440234375
-0.595751953125
-0.916357421875
-0.835009765625
-1.09340820313
-1.19389648438
-1.25610351562
-1.32548828125
-1.37333984375
-1.39008789063
-1.37333984375
-1.43315429688
-1.4833984375
-1.49296875
-1.50493164063
-1.53603515625
-1.50014648438
-1.512109375
-1.49057617188
-1.46186523438
-1.52885742188
-1.68676757813
-1.73701171875
-1.780078125
-1.7322265625
-1.87817382813
-2.1341796875
-2.29926757813
-2.15810546875
-2.32319335938
-2.60073242188
-2.74189453125
-2.90219726563
-3.13427734375
-3.26826171875
-3.4357421875
-3.50751953125
-3.5123046875
-3.50034179688
-3.33525390625
-2.83520507812
-2.54809570312
-2.2490234375
-1.8375
-1.56235351563
-1.2345703125
-1.18432617188
-0.95224609375
-0.801513671875
-0.7943359375
-0.9091796875
-1.13647460938
-1.3685546875
-1.65087890625
-1.79921875
-2.08154296875
-2.19399414063
-2.56962890625
-2.737109375
-2.78017578125
-2.96918945313
-3.03857421875
-3.14145507813
-3.15581054688
-3.19409179688
