-0.34931640625
-0.409130859375
-0.423486328125
-0.442626953125
-0.586181640625
-0.629248046875
-0.643603515625
-0.777587890625
-0.844580078125
-0.88525390625
-0.89482421875
-0.88525390625
-0.8900390625
-0.911572265625
-0.959423828125
-1.05751953125
-0.873291015625
-0.937890625
-0.968994140625
-0.983349609375
-0.937890625
-0.9474609375
-0.937890625
-1.0623046875
-0.88046875
-0.88525390625
-0.858935546875
-0.868505859375
-0.854150390625
-0.839794921875
-0.85654296875
-0.858935546875
-0.763232421875
-0.763232421875
-0.763232421875
-0.72734375
-0.686669921875
-0.65078125
-0.5646484375
-0.576611328125
-0.528759765625
-0.51201171875
-0.49765625
-0.447412109375
-0.404345703125
-0.3349609375
-0.32060546875
-0.287109375
-0.210546875
-0.222509765625
-0.2296875
-0.1818359375
-0.13876953125
-0.136376953125
-0.112451171875
-0.08134765625
-0.057421875
-0.078955078125
-0.102880859375
-0.040673828125
-0.03828125
-0.055029296875
-0.10048828125
-0.059814453125
-0.03828125
-0.031103515625
0.064599609375
0.04306640625
0.026318359375
0.050244140625
0.011962890625
0.03349609375
0.059814453125
0.059814453125
0.050244140625
0.102880859375
0.093310546875
0.064599609375
0.0478515625
0.078955078125
0.1626953125
0.126806640625
0.131591796875
0.04306640625
0.2009765625
0.308642578125
0.210546875
0.222509765625
0.287109375
0.370849609375
0.37802734375
0.40673828125
0.322998046875
0.523974609375
0.533544921875
0.562255859375
0.57900390625
0.605322265625
0.7369140625
0.806298828125
0.56943359375
0.63642578125
0.71298828125
0.9283203125
0.949853515625
0.959423828125
1.08383789063
1.13408203125
1.23696289063
1.22978515625
1.20825195312
1.2728515625
1.29438476563
1.32309570313
1.30634765625
1.3015625
1.3494140625
1.30395507812
1.29438476563
1.30395507812
1.29677734375
1.28720703125
1.28002929688
1.26806640625
1.2919921875
1.26088867188
1.22739257813
1.19389648438
1.24174804688
1.3015625
1.27045898438
1.14125976563
1.15561523438
1.205859375
1.22260742188
1.11733398438
1.13168945313
1.15322265625
1.13408203125
1.21064453125
1.0431640625
0.997705078125
0.8326171875
0.825439453125
0.73212890625
0.715380859375
0.67470703125
0.593359375
0.5646484375
0.52158203125
0.437841796875
0.389990234375
0.456982421875
0.2775390625
0.251220703125
0.20576171875
0.126806640625
0.055029296875
0.03828125
0.13876953125
-0.055029296875
-0.0861328125
-0.078955078125
-0.093310546875
-0.141162109375
-0.1818359375
-0.179443359375
-0.270361328125
-0.308642578125
-0.313427734375
-0.29189453125
-0.31103515625
-0.385205078125
-0.363671875
-0.3732421875
-0.42587890625
-0.485693359375
-0.4689453125
-0.471337890625
-0.495263671875
-0.500048828125
-0.581396484375
-0.595751953125
-0.593359375
-0.593359375
-0.62685546875
-0.662744140625
-0.65556640625
-0.708203125
-0.72734375
-0.787158203125
-0.765625
-0.796728515625
-0.796728515625
-0.791943359375
-0.8326171875
-0.868505859375
-0.868505859375
-0.823046875
-0.849365234375
-0.88046875
-0.887646484375
-0.86611328125
-0.911572265625
-0.95703125
-0.945068359375
-0.921142578125
-0.921142578125
-0.935498046875
-0.921142578125
-1.071875
-0.91875
-0.94267578125
-0.949853515625
-0.930712890625
-0.930712890625
-0.9283203125
-0.92353515625
-0.945068359375
-0.973779296875
-0.983349609375
-0.94267578125
-0.925927734375
-0.916357421875
-0.9283203125
-0.9283203125
-0.935498046875
-0.930712890625
-0.91396484375
-0.91396484375
-0.9091796875
-0.945068359375
-1.05991210938
-0.906787109375
-0.8708984375
-0.858935546875
-0.8421875
-0.8421875
-0.8421875
-0.844580078125
-0.796728515625
-0.796728515625
-0.777587890625
-0.796728515625
-0.768017578125
-0.758447265625
-0.73212890625
-0.71298828125
-0.715380859375
-0.715380859375
-0.667529296875
-0.61728515625
-0.6125
-0.58857421875
-0.58857421875
-0.5646484375
-0.547900390625
-0.519189453125
-0.519189453125
-0.54072265625
-0.5263671875
-0.471337890625
-0.471337890625
-0.452197265625
-0.4498046875
-0.437841796875
-0.437841796875
-0.413916015625
-0.40673828125
-0.3828125
-0.3828125
-0.36845703125
-0.3732421875
-0.361279296875
-0.289501953125
-0.26318359375
-0.289501953125
-0.313427734375
-0.332568359375
-0.363671875
-0.370849609375
-0.361279296875
-0.361279296875
-0.342138671875
-0.327783203125
-0.30146484375
-0.27275390625
-0.275146484375
-0.275146484375
-0.232080078125
-0.19619140625
-0.1435546875
-0.19140625
-0.203369140625
-0.203369140625
-0.14833984375
-0.08134765625
-0.03349609375
-0.03349609375
-0.01435546875
-0.021533203125
-0.026318359375
-0.026318359375
-0.021533203125
-0.026318359375
-0.026318359375
-0.0287109375
-0.0287109375
-0.02392578125
-0.045458984375
-0.06220703125
-0.040673828125
-0.035888671875
-0.035888671875
-0.031103515625
-0.055029296875
-0.078955078125
-0.088525390625
-0.088525390625
-0.12919921875
-0.136376953125
-0.126806640625
-0.126806640625
-0.11484375
-0.150732421875
-0.172265625
-0.169873046875
-0.23447265625
-0.23447265625
-0.279931640625
-0.3158203125
-0.356494140625
-0.404345703125
-0.404345703125
-0.466552734375
-0.52158203125
-0.53115234375
-0.53115234375
-0.53115234375
-0.547900390625
-0.58857421875
-0.58857421875
-0.6603515625
-0.67470703125
-0.6412109375
-0.65556640625
-0.65556640625
-0.6794921875
-0.681884765625
-0.7177734375
-0.787158203125
-0.81826171875
-0.77998046875
-0.882861328125
-0.95224609375
-1.01923828125
-1.01923828125
-1.05512695313
-1.071875
-1.10776367188
-1.1484375
-1.19868164063
-1.11254882812
-1.27524414063
-1.26567382813
-1.28959960938
-1.33266601563
-1.4259765625
-1.49057617188
-1.49296875
-1.54799804688
-1.60541992188
-1.60541992188
-1.61499023438
-1.65805664063
-1.67958984375
-1.67958984375
-1.66762695313
-1.70112304688
-1.71547851563
-1.74897460938
-1.74897460938
-1.81357421875
-1.82075195313
-1.84946289063
-1.90209960938
-1.9236328125
-1.9236328125
-1.92602539063
-1.93081054688
-1.94516601563
-1.95712890625
-1.95712890625
-1.933203125
-1.9427734375
-1.97387695313
-1.97387695313
-1.94995117188
-1.97387695313
-2.0384765625
-2.10068359375
-2.10068359375
-2.10307617188
-2.10307617188
-2.10307617188
-2.14614257813
-2.15810546875
-2.15810546875
-2.15810546875
-2.18203125
-2.2203125
-2.239453125
-2.2681640625
-2.2681640625
-2.28969726563
-2.30166015625
-2.30166015625
-2.33037109375
-2.31840820313
-2.28969726563
-2.28969726563
-2.31362304688
-2.3447265625
-2.35668945312
-2.35668945312
-2.37104492188
-2.37822265625
-2.38061523438
-2.38061523438
-2.37104492188
-2.4021484375
-2.47392578125
-2.47392578125
-2.48110351563
-2.45478515625
-2.49545898438
-2.49545898438
-2.5265625
-2.51220703125
-2.49067382813
-2.49067382813
-2.48588867188
-2.50981445313
-2.5169921875
-2.5169921875
-2.5552734375
-2.58159179688
-2.583984375
-2.583984375
-2.61508789063
-2.57919921875
-2.54331054688
-2.54331054688
-2.545703125
-2.5744140625
-2.6126953125
-2.6126953125
-2.60791015625
-2.63662109375
-2.65576171875
-2.65576171875
-2.65815429688
-2.66533203125
-2.65576171875
-2.65576171875
-2.64858398438
-2.65815429688
-2.660546875
-2.660546875
-2.61748046875
-2.59833984375
-2.6126953125
-2.6126953125
-2.61030273438
-2.59116210938
-2.57680664063
-2.57680664063
-2.58159179688
-2.57202148438
-2.54809570312
-2.54809570312
-2.5265625
-2.52416992188
-2.50981445313
-2.50981445313
-2.50502929688
-2.53374023438
-2.52416992188
-2.52416992188
-2.46435546875
-2.4404296875
-2.4021484375
-2.3734375
-2.41889648438
-2.3830078125
-2.34233398438
-2.31840820313
-2.2681640625
-2.2298828125
-2.11264648438
