-0.57421875
-0.322998046875
-0.418701171875
-0.399560546875
-0.380419921875
-0.375634765625
-0.370849609375
-0.36845703125
-0.3541015625
-0.3349609375
-0.3349609375
-0.3349609375
-0.318212890625
-0.2966796875
-0.33017578125
-0.351708984375
-0.303857421875
-0.33974609375
-0.356494140625
-0.447412109375
-0.327783203125
-0.327783203125
-0.356494140625
-0.385205078125
-0.413916015625
-0.36845703125
-0.41630859375
-0.409130859375
-0.401953125
-0.41630859375
-0.6029296875
-0.476123046875
-0.46416015625
-0.32060546875
-0.461767578125
-0.46416015625
-0.47373046875
-0.313427734375
-0.409130859375
-0.461767578125
-0.4498046875
-0.413916015625
-0.39716796875
-0.4306640625
-0.440234375
-0.42587890625
-0.452197265625
-0.394775390625
-0.40673828125
-0.37802734375
-0.404345703125
-0.34931640625
-0.37802734375
-0.409130859375
-0.337353515625
-0.375634765625
-0.375634765625
-0.3923828125
-0.380419921875
-0.322998046875
-0.325390625
-0.322998046875
-0.35888671875
-0.332568359375
-0.342138671875
-0.37802734375
-0.322998046875
-0.33017578125
-0.3349609375
-0.34931640625
-0.3158203125
-0.337353515625
-0.3349609375
-0.325390625
-0.346923828125
-0.327783203125
-0.32060546875
-0.43544921875
-0.279931640625
-0.27275390625
-0.227294921875
-0.25361328125
-0.24404296875
-0.2296875
-0.2392578125
-0.2296875
-0.2201171875
-0.212939453125
-0.2009765625
-0.22490234375
-0.256005859375
-0.2583984375
-0.27275390625
-0.15791015625
-0.29189453125
-0.30625
-0.325390625
-0.33974609375
-0.32060546875
-0.17705078125
-0.34453125
-0.303857421875
-0.35888671875
-0.34453125
-0.36845703125
-0.4115234375
-0.370849609375
-0.423486328125
-0.452197265625
-0.4306640625
-0.4306640625
-0.433056640625
-0.39716796875
-0.318212890625
-0.409130859375
-0.413916015625
-0.48330078125
-0.428271484375
-0.459375
-0.38759765625
-0.41630859375
-0.418701171875
-0.4115234375
-0.428271484375
-0.375634765625
-0.423486328125
-0.44501953125
-0.423486328125
-0.4115234375
-0.4306640625
-0.456982421875
-0.40673828125
-0.401953125
-0.401953125
-0.428271484375
-0.428271484375
-0.404345703125
-0.433056640625
-0.423486328125
-0.4498046875
-0.46416015625
-0.452197265625
-0.409130859375
-0.318212890625
-0.459375
-0.459375
-0.478515625
-0.4880859375
-0.43544921875
-0.4498046875
-0.6125
-0.49765625
-0.476123046875
-0.447412109375
-0.459375
-0.50244140625
-0.471337890625
-0.456982421875
-0.48330078125
-0.327783203125
-0.42587890625
-0.442626953125
-0.476123046875
-0.452197265625
-0.44501953125
-0.4498046875
-0.44501953125
-0.4306640625
-0.3923828125
-0.40673828125
-0.380419921875
-0.370849609375
-0.409130859375
-0.40673828125
-0.3828125
-0.385205078125
-0.3541015625
-0.389990234375
-0.33017578125
-0.33974609375
-0.3158203125
-0.327783203125
-0.351708984375
-0.3349609375
-0.30146484375
-0.3349609375
-0.322998046875
-0.3541015625
-0.327783203125
-0.351708984375
-0.459375
-0.33974609375
-0.2966796875
-0.2775390625
-0.260791015625
-0.24404296875
-0.3158203125
-0.279931640625
-0.26318359375
-0.303857421875
-0.332568359375
-0.30146484375
-0.370849609375
-0.325390625
-0.3349609375
-0.30625
-0.3541015625
-0.351708984375
-0.351708984375
-0.351708984375
-0.394775390625
-0.370849609375
-0.385205078125
-0.3923828125
-0.401953125
-0.41630859375
-0.459375
-0.32060546875
-0.413916015625
-0.442626953125
-0.42587890625
-0.404345703125
-0.36845703125
-0.404345703125
-0.40673828125
-0.42587890625
-0.37802734375
-0.394775390625
-0.41630859375
-0.4306640625
-0.42587890625
-0.44501953125
-0.447412109375
-0.452197265625
-0.332568359375
-0.471337890625
-0.461767578125
-0.45458984375
-0.495263671875
-0.38759765625
-0.428271484375
-0.428271484375
-0.38759765625
-0.409130859375
-0.42109375
-0.413916015625
-0.43544921875
-0.39716796875
-0.399560546875
-0.401953125
-0.423486328125
-0.40673828125
-0.401953125
-0.394775390625
-0.404345703125
-0.38759765625
-0.385205078125
-0.363671875
-0.385205078125
-0.38759765625
-0.370849609375
-0.409130859375
-0.43544921875
-0.433056640625
-0.433056640625
-0.433056640625
-0.461767578125
-0.440234375
-0.48330078125
-0.4689453125
-0.456982421875
-0.409130859375
-0.59814453125
-0.44501953125
-0.413916015625
-0.466552734375
-0.43544921875
-0.4306640625
-0.440234375
-0.440234375
-0.442626953125
-0.45458984375
-0.447412109375
-0.428271484375
-0.41630859375
-0.44501953125
-0.46416015625
-0.433056640625
-0.459375
-0.40673828125
-0.38759765625
-0.437841796875
-0.4306640625
-0.413916015625
-0.44501953125
-0.313427734375
-0.47373046875
-0.442626953125
-0.437841796875
-0.4689453125
-0.4689453125
-0.327783203125
-0.461767578125
-0.478515625
-0.495263671875
-0.44501953125
-0.58857421875
-0.42587890625
-0.428271484375
-0.48330078125
-0.471337890625
-0.437841796875
-0.42587890625
-0.456982421875
-0.4306640625
-0.418701171875
-0.3158203125
-0.428271484375
-0.6029296875
-0.447412109375
-0.605322265625
-0.442626953125
-0.433056640625
-0.437841796875
-0.401953125
-0.409130859375
-0.43544921875
-0.38759765625
-0.428271484375
-0.4306640625
-0.440234375
-0.447412109375
-0.452197265625
-0.4689453125
-0.32060546875
-0.44501953125
-0.42587890625
-0.47373046875
-0.4689453125
-0.4689453125
-0.43544921875
-0.509619140625
-0.55029296875
-0.552685546875
-0.6029296875
-0.516796875
-0.571826171875
-0.552685546875
-0.54072265625
-0.586181640625
-0.605322265625
-0.461767578125
-0.631640625
-0.6412109375
-0.657958984375
-0.653173828125
-0.710595703125
-0.6986328125
-0.65078125
-0.701025390625
-0.70341796875
-0.6986328125
-0.70341796875
-0.68427734375
-0.624462890625
-0.662744140625
-0.619677734375
-0.586181640625
-0.57900390625
-0.61728515625
-0.66513671875
-0.64599609375
-0.61728515625
-0.638818359375
-0.629248046875
-0.595751953125
-0.600537109375
-0.60771484375
-0.724951171875
-0.571826171875
-0.6412109375
-0.5646484375
-0.5837890625
-0.576611328125
-0.567041015625
-0.581396484375
-0.605322265625
-0.547900390625
-0.595751953125
-0.600537109375
-0.581396484375
-0.552685546875
-0.5646484375
-0.5646484375
-0.5263671875
-0.581396484375
-0.557470703125
-0.547900390625
-0.600537109375
-0.593359375
-0.5837890625
-0.5837890625
-0.595751953125
-0.614892578125
-0.61728515625
-0.638818359375
-0.614892578125
-0.65556640625
-0.643603515625
-0.648388671875
-0.65556640625
-0.657958984375
-0.681884765625
-0.629248046875
-0.595751953125
-0.67470703125
-0.66513671875
-0.65556640625
-0.648388671875
-0.6986328125
-0.677099609375
-0.64599609375
-0.701025390625
-0.686669921875
-0.6603515625
-0.57900390625
-0.58857421875
-0.593359375
-0.6125
-0.581396484375
-0.63642578125
-0.590966796875
-0.5359375
-0.5646484375
-0.5646484375
-0.543115234375
-0.461767578125
-0.47373046875
-0.459375
-0.42587890625
-0.44501953125
-0.428271484375
-0.42109375
-0.37802734375
-0.366064453125
-0.356494140625
-0.3732421875
-0.370849609375
-0.33974609375
-0.356494140625
-0.29189453125
-0.308642578125
-0.346923828125
-0.3158203125
-0.34453125
-0.413916015625
-0.5072265625
-0.555078125
-0.595751953125
-0.593359375
-0.60771484375
-0.593359375
-0.571826171875
-0.605322265625
-0.619677734375
-0.634033203125
-0.590966796875
-0.59814453125
-0.68427734375
-0.686669921875
-0.739306640625
-0.744091796875
-0.72255859375
-0.746484375
-0.763232421875
-0.772802734375
-0.76083984375
-0.73212890625
-0.667529296875
-0.758447265625
-0.631640625
-0.753662109375
-0.801513671875
-0.784765625
-0.806298828125
-0.7751953125
-0.73212890625
-0.72255859375
-0.66513671875
-0.686669921875
-0.6794921875
-0.72255859375
-0.6794921875
-0.595751953125
-0.614892578125
-0.643603515625
-0.677099609375
-0.619677734375
-0.5455078125
-0.519189453125
