-0.80390625
-0.753662109375
-0.80390625
-0.78955078125
-0.746484375
-0.791943359375
-0.79912109375
-0.85654296875
-0.667529296875
-0.69384765625
-0.878076171875
-0.945068359375
-0.753662109375
-0.669921875
-0.5359375
-0.478515625
-0.571826171875
-0.6603515625
-0.696240234375
-0.686669921875
-0.74169921875
-0.7369140625
-0.7369140625
-1.12690429688
-1.0431640625
-0.88525390625
-0.672314453125
-0.571826171875
-0.66513671875
-0.708203125
-0.746484375
-0.753662109375
-0.8517578125
-0.887646484375
-0.849365234375
-0.86611328125
-0.935498046875
-0.787158203125
-0.667529296875
-0.71298828125
-0.758447265625
-0.605322265625
-0.65556640625
-0.65556640625
-0.50244140625
-0.555078125
-0.476123046875
-0.662744140625
-0.65078125
-0.394775390625
-0.440234375
-0.67470703125
-0.662744140625
-0.55029296875
-0.619677734375
-0.629248046875
-0.74169921875
-0.854150390625
-0.471337890625
-0.401953125
-0.478515625
-0.71298828125
-0.6890625
-0.65078125
-0.363671875
-0.413916015625
-0.70341796875
-0.73212890625
-0.81826171875
-0.8421875
-0.595751953125
-0.500048828125
-0.619677734375
-1.0431640625
-0.959423828125
-0.784765625
-0.86611328125
-1.10537109375
-1.02641601563
-0.744091796875
-0.744091796875
-0.90439453125
-0.88525390625
-0.882861328125
-0.796728515625
-0.71298828125
-0.538330078125
-0.55986328125
-0.720166015625
-1.01684570312
-1.1005859375
-0.715380859375
-0.485693359375
-0.337353515625
-0.53115234375
-0.586181640625
-0.6603515625
-0.71298828125
-0.485693359375
-0.456982421875
-0.504833984375
-0.428271484375
-0.423486328125
-0.509619140625
-0.595751953125
-0.538330078125
-0.433056640625
-0.33974609375
-0.55986328125
-0.5646484375
-0.643603515625
-0.784765625
-0.940283203125
-0.882861328125
-0.83740234375
-0.56943359375
-0.56943359375
-0.44501953125
-0.516796875
-0.581396484375
-0.657958984375
-0.619677734375
-0.62685546875
-0.466552734375
-0.7560546875
-0.744091796875
-0.461767578125
-0.52158203125
-0.47373046875
-0.590966796875
-0.480908203125
-0.37802734375
-0.3828125
-0.42587890625
-0.44501953125
-0.428271484375
-0.47373046875
-0.500048828125
-0.533544921875
-0.5455078125
-0.547900390625
-0.555078125
-0.5646484375
-0.5646484375
-0.5263671875
-0.653173828125
-0.5837890625
-0.9666015625
-0.97138671875
-0.7943359375
-0.691455078125
-0.6603515625
-0.600537109375
-0.614892578125
-0.715380859375
-0.763232421875
-0.873291015625
-0.672314453125
-0.6220703125
-0.6029296875
-0.64599609375
-0.701025390625
-0.734521484375
-0.67470703125
-0.657958984375
-0.634033203125
-0.72734375
-0.85654296875
-0.91875
-0.921142578125
-0.882861328125
-0.811083984375
-0.681884765625
-0.657958984375
-0.705810546875
-0.765625
-0.86611328125
-0.8421875
-0.78955078125
-0.6890625
-0.68427734375
-0.768017578125
-0.791943359375
-0.79912109375
-0.80869140625
-0.772802734375
-0.758447265625
-0.777587890625
-0.758447265625
-0.74169921875
-0.715380859375
-0.746484375
-0.77998046875
-0.80390625
-0.80869140625
-0.8134765625
-0.811083984375
-0.839794921875
-0.811083984375
-0.806298828125
-0.801513671875
-0.806298828125
-0.80869140625
-0.80390625
-0.74169921875
-0.768017578125
-0.902001953125
-0.945068359375
-1.071875
-0.91396484375
-0.916357421875
-0.8421875
-0.86611328125
-0.858935546875
-0.91396484375
-0.921142578125
-0.949853515625
-1.071875
-0.916357421875
-0.89482421875
-0.8517578125
-0.823046875
-0.791943359375
-0.77041015625
-0.80390625
-0.724951171875
-0.76083984375
-0.80869140625
-0.791943359375
-0.906787109375
-0.937890625
-0.954638671875
-1.00249023438
-1.01206054688
-0.940283203125
-0.772802734375
-1.14604492188
-0.8517578125
-0.88046875
-0.80869140625
-0.667529296875
-0.547900390625
-0.619677734375
-0.571826171875
-0.504833984375
-0.442626953125
-0.332568359375
3.20844726563
-0.55986328125
-1.24892578125
1.55278320313
-0.361279296875
-1.60302734375
-1.99780273438
-1.13408203125
0.275146484375
0.322998046875
-0.555078125
-1.01923828125
-0.90439453125
-0.643603515625
-0.593359375
-0.514404296875
-0.576611328125
-0.605322265625
-0.351708984375
-0.337353515625
-0.418701171875
-0.51201171875
-0.56943359375
-0.691455078125
-0.66513671875
-0.66513671875
-0.672314453125
-0.66513671875
-0.634033203125
-0.75126953125
-0.67470703125
-0.744091796875
-0.758447265625
-0.830224609375
-0.882861328125
-0.916357421875
-0.949853515625
-0.916357421875
-0.844580078125
-0.823046875
-0.753662109375
-0.739306640625
-0.777587890625
-0.782373046875
-0.7943359375
-0.811083984375
-0.720166015625
-0.68427734375
-0.648388671875
-0.60771484375
-0.648388671875
-0.878076171875
-0.8326171875
-0.91875
-0.839794921875
-0.6890625
-0.59814453125
-0.70341796875
-0.677099609375
-0.586181640625
-0.586181640625
-0.734521484375
-1.34702148438
-0.9953125
-0.701025390625
-0.696240234375
-0.65078125
-0.52158203125
-0.70341796875
-1.00249023438
-0.93310546875
-0.7751953125
-0.643603515625
-0.619677734375
-0.7560546875
-0.81826171875
-0.80869140625
-0.720166015625
-0.614892578125
-0.861328125
-0.595751953125
-0.6029296875
-0.624462890625
-0.67470703125
-0.614892578125
-0.581396484375
-0.56943359375
-0.55029296875
-0.555078125
-0.586181640625
-0.54072265625
-0.576611328125
-0.52158203125
-0.516796875
-0.480908203125
-0.308642578125
-0.471337890625
-0.54072265625
-0.5359375
-0.5359375
-0.595751953125
-0.5455078125
-0.552685546875
-0.53115234375
-0.528759765625
-0.5359375
-0.567041015625
-0.667529296875
-0.669921875
-0.669921875
-0.5455078125
-0.49765625
-0.500048828125
-0.504833984375
-0.459375
-0.442626953125
-0.42109375
-0.401953125
-0.356494140625
-0.404345703125
-0.42109375
-0.43544921875
-0.3923828125
-0.413916015625
-0.409130859375
-0.401953125
-0.4115234375
-0.514404296875
-0.6125
-0.552685546875
-0.50244140625
-0.53115234375
-0.543115234375
-0.523974609375
-0.533544921875
-0.59814453125
-0.519189453125
-0.456982421875
-0.447412109375
-0.4498046875
-0.495263671875
-0.459375
-0.5646484375
-0.614892578125
-0.49287109375
-0.47373046875
-0.456982421875
-0.28232421875
-0.337353515625
-0.332568359375
-0.289501953125
-0.284716796875
-0.356494140625
-0.33017578125
-0.346923828125
-0.401953125
-0.332568359375
-0.459375
-0.33017578125
-0.4115234375
-0.37802734375
-0.361279296875
-0.39716796875
-0.404345703125
-0.401953125
-0.361279296875
-0.3732421875
-0.313427734375
-0.47373046875
-0.4880859375
-0.4498046875
-0.409130859375
-0.423486328125
-0.409130859375
-0.39716796875
-0.409130859375
-0.361279296875
-0.45458984375
-0.16748046875
-0.29189453125
-0.322998046875
-0.308642578125
-0.1818359375
-0.351708984375
-0.342138671875
-0.337353515625
-0.3923828125
-0.318212890625
-0.40673828125
-0.3541015625
-0.370849609375
-0.3158203125
-0.29189453125
-0.2966796875
-0.322998046875
-0.3541015625
-0.3541015625
-0.34931640625
-0.394775390625
-0.38759765625
-0.34453125
-0.45458984375
-0.256005859375
-0.21533203125
-0.303857421875
-0.122021484375
-0.0765625
-0.184228515625
-0.145947265625
-0.165087890625
-0.1626953125
-0.184228515625
-0.122021484375
-0.2009765625
-0.150732421875
-0.222509765625
-0.210546875
-0.256005859375
-0.26796875
-0.303857421875
-0.303857421875
-0.308642578125
-0.3349609375
-0.3158203125
-0.45458984375
-0.270361328125
-0.2966796875
-0.246435546875
-0.26318359375
-0.26796875
-0.289501953125
-0.227294921875
-0.232080078125
-0.222509765625
-0.18662109375
-0.174658203125
-0.179443359375
-0.11484375
-0.126806640625
-0.131591796875
-0.136376953125
-0.1244140625
-0.12919921875
-0.11484375
-0.10048828125
-0.050244140625
-0.035888671875
-0.03349609375
-0.040673828125
-0.03828125
-0.011962890625
-0.04306640625
-0.0478515625
