-0.3158203125
-0.401953125
-0.447412109375
-0.485693359375
-0.423486328125
-0.4689453125
-0.43544921875
-0.423486328125
-0.43544921875
-0.394775390625
-0.413916015625
-0.34453125
-0.325390625
-0.294287109375
-0.35888671875
-0.270361328125
-0.236865234375
-0.203369140625
-0.30146484375
-0.332568359375
-0.25361328125
-0.203369140625
-0.251220703125
-0.122021484375
-0.03828125
-0.019140625
0.057421875
0.198583984375
0.28232421875
0.33974609375
0.34931640625
0.34453125
0.236865234375
0.3158203125
0.248828125
0.322998046875
0.471337890625
0.366064453125
0.3923828125
0.284716796875
0.172265625
0.303857421875
0.428271484375
0.509619140625
0.50244140625
0.49287109375
0.48330078125
0.43544921875
0.47373046875
0.523974609375
0.57421875
0.605322265625
0.61728515625
0.5837890625
0.5837890625
0.61728515625
0.610107421875
0.593359375
0.624462890625
0.61728515625
0.6412109375
0.65078125
0.672314453125
0.629248046875
0.57900390625
0.552685546875
0.555078125
0.480908203125
0.500048828125
0.519189453125
0.478515625
0.476123046875
0.586181640625
0.4115234375
0.366064453125
0.322998046875
0.2966796875
0.256005859375
0.1818359375
0.1626953125
0.145947265625
0.0478515625
-0.011962890625
-0.11484375
-0.17705078125
-0.2201171875
-0.31103515625
-0.370849609375
-0.44501953125
-0.50244140625
-0.552685546875
-0.5837890625
-0.56943359375
-0.6125
-0.648388671875
-0.6890625
-0.686669921875
-0.68427734375
-0.6794921875
-0.65556640625
-0.66513671875
-0.677099609375
-0.691455078125
-0.634033203125
-0.6412109375
-0.701025390625
-0.500048828125
-0.57421875
-0.380419921875
-0.313427734375
-0.172265625
-0.12919921875
-0.0287109375
0.035888671875
0.0
0.19619140625
0.165087890625
0.380419921875
0.41630859375
0.593359375
0.6603515625
0.691455078125
0.6890625
0.629248046875
0.849365234375
0.945068359375
0.69384765625
0.66513671875
0.839794921875
1.37094726563
1.58149414063
1.37333984375
1.2154296875
1.11254882812
1.05751953125
1.06708984375
0.868505859375
0.811083984375
0.662744140625
0.662744140625
0.495263671875
0.3828125
0.251220703125
0.248828125
0.227294921875
0.169873046875
0.03828125
0.002392578125
-0.035888671875
-0.04306640625
-0.122021484375
0.002392578125
0.131591796875
-0.057421875
-0.04306640625
-0.050244140625
-0.059814453125
-0.0861328125
-0.112451171875
-0.11484375
-0.1052734375
-0.11484375
-0.1052734375
-0.11962890625
-0.227294921875
-0.25361328125
-0.179443359375
-0.18662109375
-0.275146484375
-0.29189453125
-0.346923828125
-0.45458984375
-0.4306640625
-0.49765625
-0.52158203125
-0.555078125
-0.60771484375
-0.6890625
-0.854150390625
-0.8517578125
-0.863720703125
-0.9091796875
-0.95224609375
-1.01206054688
-1.03120117188
-1.1580078125
-1.19150390625
-1.25610351562
-1.28481445313
-1.32548828125
-1.35419921875
-1.397265625
-1.44272460938
-1.47861328125
-1.50014648438
-1.51689453125
-1.53364257813
-1.56713867188
-1.55278320313
-1.49296875
-1.42836914063
-1.22021484375
-1.24174804688
-1.26567382813
-1.3015625
-1.0814453125
-1.04077148438
-0.978564453125
-0.959423828125
-0.89482421875
-0.863720703125
-0.8421875
-0.634033203125
-0.57900390625
-0.552685546875
-0.456982421875
-0.409130859375
-0.363671875
-0.23447265625
-0.198583984375
-0.083740234375
-0.069384765625
-0.088525390625
0.045458984375
0.059814453125
0.11962890625
0.13876953125
0.198583984375
0.20576171875
0.241650390625
0.236865234375
0.203369140625
0.260791015625
0.212939453125
0.24404296875
0.260791015625
0.265576171875
0.30146484375
0.20576171875
0.20576171875
0.1818359375
0.227294921875
0.2201171875
0.2583984375
0.246435546875
0.227294921875
0.232080078125
0.232080078125
0.227294921875
0.210546875
0.256005859375
0.248828125
0.260791015625
0.246435546875
0.251220703125
0.23447265625
0.2392578125
0.236865234375
0.25361328125
0.294287109375
0.325390625
0.28232421875
0.30625
0.33017578125
0.385205078125
0.3732421875
0.327783203125
0.2966796875
0.179443359375
0.2009765625
0.2201171875
0.203369140625
0.23447265625
0.232080078125
0.246435546875
0.222509765625
0.23447265625
0.27275390625
0.22490234375
0.24404296875
0.256005859375
0.385205078125
0.327783203125
0.256005859375
0.246435546875
0.26796875
0.299072265625
0.356494140625
0.557470703125
0.519189453125
0.42109375
0.413916015625
0.42587890625
0.401953125
0.538330078125
0.538330078125
0.547900390625
0.5837890625
0.50244140625
0.514404296875
0.500048828125
0.49765625
0.504833984375
0.533544921875
0.552685546875
0.60771484375
0.590966796875
0.60771484375
0.6029296875
0.595751953125
0.57421875
0.5837890625
0.562255859375
0.576611328125
0.55986328125
0.56943359375
0.631640625
0.619677734375
0.57900390625
0.552685546875
0.56943359375
0.571826171875
0.46416015625
0.437841796875
0.337353515625
0.2775390625
0.217724609375
0.193798828125
0.12919921875
0.057421875
0.07177734375
0.019140625
-0.007177734375
-0.08134765625
-0.095703125
-0.10048828125
-0.11962890625
-0.16748046875
-0.179443359375
-0.2296875
-0.586181640625
-0.657958984375
-0.65078125
-0.753662109375
-0.76083984375
-0.806298828125
-0.815869140625
-0.87568359375
-0.91396484375
-1.04555664063
-1.11494140625
-1.15561523438
-1.16040039062
-1.17954101563
-1.19389648438
-1.18911132813
-1.27045898438
-1.28959960938
-1.34223632813
-1.33266601563
-1.42836914063
-1.42836914063
-1.26088867188
-1.08383789063
-1.16518554688
-1.37333984375
-1.5408203125
-1.33505859375
-1.21064453125
-1.18911132813
-1.25131835938
-1.473828125
-1.30634765625
-1.16518554688
-1.21303710938
-1.21064453125
-1.31831054688
-1.33505859375
-1.378125
-1.19389648438
-1.16997070313
-1.19868164063
-1.29916992188
-1.25131835938
-1.36616210938
-1.18193359375
-1.21064453125
-1.18911132813
-1.1962890625
-1.17954101563
-1.19150390625
-1.2154296875
-1.1580078125
-1.18432617188
-1.1962890625
-1.282421875
-1.4833984375
-1.61499023438
-1.6365234375
-1.69633789063
-1.7513671875
-1.81596679688
-1.82553710938
-1.81357421875
-1.83989257813
-1.87338867188
-1.97387695313
-1.82314453125
-1.78486328125
-1.703515625
-1.71547851563
-1.65805664063
-1.5791015625
-1.52646484375
-1.54799804688
-1.5025390625
-1.46904296875
-1.320703125
-1.22739257813
-1.0431640625
-0.9666015625
-0.806298828125
-0.811083984375
-0.88525390625
-0.672314453125
-0.6125
-0.52158203125
-0.461767578125
-0.413916015625
-0.42109375
-0.31103515625
-0.29189453125
-0.30146484375
-0.31103515625
-0.227294921875
-0.064599609375
-0.11484375
-0.083740234375
-0.112451171875
-0.064599609375
-0.031103515625
-0.08134765625
-0.093310546875
-0.055029296875
-0.06220703125
-0.102880859375
-0.01435546875
-0.217724609375
-0.2392578125
-0.055029296875
-0.026318359375
-0.007177734375
0.0287109375
0.126806640625
0.25361328125
0.337353515625
0.41630859375
0.46416015625
0.478515625
0.523974609375
0.514404296875
0.5072265625
0.5455078125
0.51201171875
0.533544921875
0.5646484375
0.567041015625
0.533544921875
0.62685546875
0.50244140625
0.42587890625
0.31103515625
0.516796875
0.504833984375
0.440234375
0.490478515625
0.478515625
0.480908203125
0.49287109375
0.4306640625
0.53115234375
0.562255859375
0.57900390625
0.593359375
0.619677734375
0.672314453125
0.66513671875
0.7369140625
0.7560546875
0.806298828125
0.77041015625
0.83740234375
0.830224609375
0.844580078125
0.882861328125
0.868505859375
1.01684570312
0.787158203125
0.74169921875
0.744091796875
