-1.225
-1.26328125
-1.167578125
-1.2154296875
-1.05991210938
-0.8517578125
-0.844580078125
-0.672314453125
-0.55986328125
-0.3923828125
-0.40673828125
-0.456982421875
-0.523974609375
-0.325390625
-0.356494140625
-0.428271484375
-0.413916015625
-0.322998046875
-0.772802734375
-0.593359375
-0.648388671875
-0.590966796875
-0.5263671875
-0.543115234375
-0.614892578125
-0.638818359375
-0.667529296875
-0.729736328125
-0.71298828125
-0.672314453125
-0.63642578125
-0.59814453125
-0.5837890625
-0.39716796875
-0.394775390625
-0.33974609375
-0.363671875
-0.318212890625
-0.325390625
-0.332568359375
-0.33017578125
-0.155517578125
-0.30146484375
-0.303857421875
-0.299072265625
-0.265576171875
-0.447412109375
-0.25361328125
-0.2966796875
-0.294287109375
-0.33017578125
-0.389990234375
-0.33017578125
-0.38759765625
-0.33017578125
-0.3828125
-0.363671875
-0.351708984375
-0.34931640625
-0.248828125
-0.184228515625
-0.133984375
-0.07177734375
-0.055029296875
0.011962890625
0.11484375
0.112451171875
0.15791015625
0.361279296875
0.19140625
0.236865234375
0.1626953125
0.260791015625
0.363671875
0.38759765625
0.375634765625
0.342138671875
0.332568359375
0.32060546875
0.265576171875
0.251220703125
0.227294921875
0.18662109375
0.093310546875
0.08134765625
-0.045458984375
-0.040673828125
-0.059814453125
-0.107666015625
-0.184228515625
-0.2009765625
-0.246435546875
-0.2775390625
-0.32060546875
-0.35888671875
-0.418701171875
-0.461767578125
-0.49287109375
-0.538330078125
-0.53115234375
-0.55986328125
-0.610107421875
-0.648388671875
-0.715380859375
-0.631640625
-0.8134765625
-0.861328125
-0.892431640625
-0.930712890625
-0.96181640625
-1.0240234375
-1.19868164063
-1.071875
-1.20825195312
-1.10297851563
-1.16997070313
-1.13408203125
-1.1962890625
-1.17475585938
-1.15561523438
-1.167578125
-1.18911132813
-1.2154296875
-1.16518554688
-1.16518554688
-1.1388671875
-1.13408203125
-1.09819335938
-1.10297851563
-1.07905273438
-1.07426757813
-1.05512695313
-1.05751953125
-1.05034179688
-1.052734375
-1.052734375
-0.937890625
-0.99052734375
-0.91396484375
-0.9091796875
-0.906787109375
-0.878076171875
-0.79912109375
-0.80869140625
-0.81826171875
-0.768017578125
-0.82783203125
-0.887646484375
-0.8134765625
-0.768017578125
-0.629248046875
-0.62685546875
-0.758447265625
-0.5837890625
-0.53115234375
-0.528759765625
-0.516796875
-0.49765625
-0.442626953125
-0.610107421875
-0.4306640625
-0.433056640625
-0.40673828125
-0.404345703125
-0.39716796875
-0.39716796875
-0.361279296875
-0.36845703125
-0.325390625
-0.31103515625
-0.2583984375
-0.179443359375
-0.011962890625
-0.1052734375
-0.016748046875
-0.002392578125
0.059814453125
0.112451171875
0.1818359375
0.19619140625
0.27275390625
0.322998046875
0.39716796875
0.399560546875
0.322998046875
0.495263671875
0.5359375
0.5646484375
0.509619140625
0.6125
0.586181640625
0.461767578125
0.6029296875
0.76083984375
0.653173828125
0.71298828125
0.7369140625
0.669921875
0.861328125
0.88046875
0.95224609375
0.99052734375
1.03359375
1.03359375
1.06708984375
1.16279296875
1.071875
1.08862304688
1.23696289063
1.21303710938
1.35419921875
1.22739257813
1.41640625
1.46665039063
1.53125
1.53842773438
1.62934570313
1.71547851563
1.7513671875
1.78725585938
1.84228515625
1.86381835938
1.8662109375
1.69155273438
1.88295898438
1.92124023438
1.87099609375
1.97626953125
1.92602539063
1.92841796875
1.9619140625
2.03369140625
2.10307617188
2.22749023438
2.239453125
2.25380859375
2.14614257813
2.33754882813
2.41889648438
2.48828125
2.52177734375
2.48349609375
2.68208007813
2.60551757813
2.86870117188
2.99072265625
2.97397460938
3.19169921875
3.33046875
3.40224609375
3.37353515625
3.617578125
3.63432617188
3.6845703125
3.83291015625
3.9716796875
4.05302734375
4.19658203125
4.26357421875
4.03149414062
4.56025390625
4.52915039063
4.61767578125
4.33056640625
4.1630859375
4.21572265625
4.20615234375
4.28032226563
4.01713867188
3.86401367188
4.07216796875
4.344921875
4.2875
4.344921875
4.3162109375
4.12241210938
4.14873046875
4.2970703125
4.25400390625
4.28032226563
4.32578125
4.344921875
4.29467773438
4.191796875
4.076953125
4.10087890625
3.87836914063
3.88793945313
3.9142578125
3.76352539063
4.08173828125
3.33525390625
3.50034179688
3.72763671875
3.78984375
3.63911132813
3.72763671875
3.99560546875
4.038671875
4.07934570312
4.09130859375
4.16069335938
4.191796875
4.28271484375
4.36645507812
4.39995117188
4.38559570313
4.3736328125
4.46215820312
4.4884765625
4.5076171875
4.4693359375
4.36884765625
4.421484375
4.53393554688
4.44780273438
4.39516601563
4.38798828125
4.34013671875
4.41669921875
4.31142578125
4.28510742188
4.12719726562
4.16069335938
4.18701171875
4.23486328125
4.28989257813
4.23486328125
4.27075195312
4.28510742188
4.2587890625
4.34013671875
4.22529296875
4.24921875
4.3544921875
4.383203125
4.46694335938
4.27314453125
4.09130859375
4.1056640625
4.12241210938
4.14873046875
4.12241210938
4.11762695313
4.10087890625
4.07934570312
4.08891601563
4.03388671875
4.10087890625
4.10087890625
3.95732421875
4.01953125
4.06020507813
3.99799804688
3.85205078125
3.74438476563
3.72045898438
3.7994140625
3.73720703125
3.48120117188
3.46923828125
3.42377929688
3.48120117188
3.24194335938
3.19409179688
3.20126953125
2.98354492188
2.87587890625
2.86870117188
2.87348632813
2.78017578125
2.77060546875
2.89262695313
2.63662109375
2.56723632813
2.42368164063
2.39497070313
2.25859375
2.10546875
2.00498046875
1.89970703125
1.76811523438
1.81596679688
1.64848632813
1.47143554688
1.3111328125
1.11254882812
0.97138671875
0.9283203125
0.71298828125
0.7369140625
0.55986328125
0.447412109375
0.18662109375
-0.1435546875
-0.0669921875
-0.34453125
-0.394775390625
-0.5359375
-0.77041015625
-0.7943359375
-1.00727539063
-1.07905273438
-1.14604492188
-1.29916992188
-1.48579101563
-1.54560546875
-1.60063476563
-1.68198242188
-1.77768554688
-1.8853515625
-1.990625
-1.85903320313
-2.14614257813
-2.2681640625
-2.3064453125
-2.36865234375
-2.4212890625
-2.53374023438
-2.58637695313
-2.56245117188
-2.6509765625
-2.63662109375
-2.64619140625
-2.660546875
-2.698828125
-2.74189453125
-2.72275390625
-2.73471679688
-2.60551757813
-2.81606445313
-2.89262695313
-3.081640625
-3.03139648438
-2.9572265625
-3.02182617188
-3.14145507813
-3.14384765625
-3.1294921875
-3.15341796875
-3.10078125
-3.12231445313
-3.03618164063
-2.82084960938
-2.83759765625
-2.737109375
-2.71079101563
-2.6126953125
-2.51220703125
-2.45717773438
-2.38540039063
-2.4021484375
-2.23706054688
-2.13178710938
-2.02412109375
-2.0001953125
-1.97626953125
-1.86381835938
-1.780078125
-1.75615234375
-1.684375
-1.64370117188
-1.63173828125
-1.60302734375
-1.57431640625
-1.49536132812
-1.42119140625
-1.3111328125
-1.23696289063
-1.20825195312
-0.992919921875
-0.87568359375
-0.873291015625
-0.648388671875
-0.576611328125
-0.37802734375
-0.222509765625
-0.133984375
-0.1052734375
-0.145947265625
-0.19140625
-0.294287109375
-0.040673828125
0.107666015625
0.141162109375
0.122021484375
-0.141162109375
-0.112451171875
-0.011962890625
0.05263671875
0.09091796875
-0.241650390625
-0.2296875
-0.2583984375
-0.24404296875
-0.02392578125
-0.064599609375
-0.031103515625
-0.184228515625
-0.2775390625
