-0.356494140625
-0.399560546875
-0.39716796875
-0.40673828125
-0.413916015625
-0.442626953125
-0.5455078125
-0.55986328125
-0.6220703125
-0.62685546875
-0.677099609375
-0.753662109375
-0.64599609375
-0.801513671875
-0.88525390625
-0.9283203125
-1.01684570312
-0.949853515625
-1.03120117188
-0.94267578125
-1.10537109375
-1.19868164063
-1.21064453125
-1.1388671875
-1.08862304688
-1.06469726562
-1.18193359375
-1.17954101563
-1.13647460938
-1.1388671875
-1.1580078125
-1.18193359375
-1.167578125
-1.15083007813
-1.11015625
-1.09580078125
-1.08623046875
-1.07905273438
-1.07905273438
-1.01206054688
-1.02163085938
-0.983349609375
-0.99052734375
-0.95703125
-0.92353515625
-0.911572265625
-0.902001953125
-0.806298828125
-0.81826171875
-0.79912109375
-0.784765625
-0.6986328125
-0.6794921875
-0.65078125
-0.600537109375
-0.55029296875
-0.51201171875
-0.466552734375
-0.47373046875
-0.476123046875
-0.480908203125
-0.495263671875
-0.523974609375
-0.55986328125
-0.593359375
-0.6220703125
-0.720166015625
-0.681884765625
-0.715380859375
-0.669921875
-0.634033203125
-0.605322265625
-0.509619140625
-0.490478515625
-0.43544921875
-0.34931640625
-0.25361328125
-0.2392578125
-0.2392578125
-0.05263671875
0.0765625
0.083740234375
0.112451171875
0.088525390625
0.0765625
-0.035888671875
-0.0095703125
0.057421875
0.040673828125
-0.131591796875
-0.08134765625
-0.11005859375
-0.141162109375
-0.222509765625
-0.275146484375
-0.26796875
-0.36845703125
-0.401953125
-0.459375
-0.4880859375
-0.5359375
-0.44501953125
-0.3923828125
-0.42587890625
-0.6125
-0.4689453125
-0.401953125
-0.46416015625
-0.456982421875
-0.36845703125
-0.380419921875
-0.45458984375
-0.476123046875
-0.519189453125
-0.5646484375
-0.5455078125
-0.581396484375
-0.54072265625
-0.5263671875
-0.6029296875
-0.466552734375
-0.466552734375
-0.466552734375
-0.459375
-0.38759765625
-0.433056640625
-0.34931640625
-0.308642578125
-0.351708984375
-0.35888671875
-0.342138671875
-0.299072265625
-0.30625
-0.133984375
-0.074169921875
-0.019140625
0.059814453125
0.102880859375
0.172265625
0.380419921875
0.478515625
0.58857421875
0.69384765625
0.739306640625
0.835009765625
0.88525390625
0.906787109375
0.77041015625
0.976171875
0.9474609375
0.9474609375
0.9474609375
0.882861328125
0.87568359375
0.830224609375
0.772802734375
0.69384765625
0.65556640625
0.76083984375
0.53115234375
0.51201171875
0.4689453125
0.440234375
0.31103515625
0.284716796875
0.172265625
0.174658203125
0.174658203125
0.09091796875
0.083740234375
0.150732421875
-0.02392578125
-0.078955078125
-0.1052734375
-0.184228515625
-0.21533203125
-0.198583984375
-0.28232421875
-0.33974609375
-0.4115234375
-0.4115234375
-0.459375
-0.5072265625
-0.552685546875
-0.662744140625
-0.677099609375
-0.657958984375
-0.65556640625
-0.6890625
-0.75126953125
-0.701025390625
-0.69384765625
-0.6794921875
-0.708203125
-0.6890625
-0.65078125
-0.6603515625
-0.631640625
-0.631640625
-0.586181640625
-0.5837890625
-0.586181640625
-0.55029296875
-0.57421875
-0.523974609375
-0.53115234375
-0.452197265625
-0.478515625
-0.46416015625
-0.409130859375
-0.37802734375
-0.3349609375
-0.2966796875
-0.2583984375
-0.2583984375
-0.19140625
-0.16748046875
-0.12919921875
-0.131591796875
-0.0478515625
0.0
0.031103515625
0.031103515625
0.03349609375
0.06220703125
0.035888671875
0.026318359375
0.02392578125
0.0287109375
0.01435546875
-0.0478515625
-0.0478515625
-0.098095703125
-0.172265625
-0.227294921875
-0.270361328125
-0.303857421875
-0.363671875
-0.332568359375
-0.380419921875
-0.41630859375
-0.595751953125
-0.43544921875
-0.4306640625
-0.4689453125
-0.54072265625
-0.5455078125
-0.567041015625
-0.555078125
-0.600537109375
-0.6029296875
-0.748876953125
-0.65078125
-0.63642578125
-0.65556640625
-0.6986328125
-0.669921875
-0.648388671875
-0.744091796875
-0.70341796875
-0.746484375
-0.844580078125
-0.988134765625
-0.643603515625
-0.514404296875
-0.61728515625
-0.823046875
-0.8134765625
-0.80869140625
-0.69384765625
-0.68427734375
-0.691455078125
-0.701025390625
-0.6603515625
-0.708203125
-0.672314453125
-0.6986328125
-0.7751953125
-0.681884765625
-0.89482421875
-0.787158203125
-0.86611328125
-0.93310546875
-0.925927734375
-1.09340820313
-1.18671875
-1.20825195312
-1.34462890625
-1.39248046875
-1.39487304688
-1.62934570313
-1.74658203125
-1.90209960938
-2.0576171875
-2.10307617188
-2.19638671875
-2.2681640625
-2.2873046875
-2.29926757813
-2.43325195313
-2.19399414063
-2.10786132813
-2.10068359375
-2.01215820313
-1.93081054688
-1.83510742188
-1.70830078125
-1.550390625
-1.23696289063
-1.06948242188
-0.66513671875
-0.4306640625
-0.4880859375
-0.5072265625
-0.555078125
-0.2775390625
-0.241650390625
-0.39716796875
-0.36845703125
-0.57421875
-0.7177734375
-0.784765625
-0.80390625
-0.5837890625
-0.370849609375
-0.169873046875
0.040673828125
-0.19619140625
-0.102880859375
-0.107666015625
-0.236865234375
-0.212939453125
-0.165087890625
-0.418701171875
-0.58857421875
-0.61728515625
-0.902001953125
-1.071875
-1.20107421875
-1.33266601563
-1.22739257813
-1.46904296875
-1.42119140625
-1.47143554688
-1.397265625
-1.31352539063
-1.36616210938
-1.17954101563
-1.12451171875
-0.95224609375
-0.858935546875
-0.830224609375
-0.691455078125
-0.76083984375
-0.6125
-0.57900390625
-0.6890625
-0.744091796875
-0.81826171875
-0.882861328125
-1.0240234375
-1.02641601563
-1.00009765625
-0.98095703125
-1.00009765625
-1.01206054688
-0.9666015625
-0.820654296875
-0.79912109375
-0.782373046875
-0.7560546875
-0.6220703125
-0.624462890625
-0.516796875
-0.42109375
-0.35888671875
-0.3349609375
-0.29189453125
-0.236865234375
-0.222509765625
-0.141162109375
-0.088525390625
-0.019140625
0.088525390625
0.133984375
0.1626953125
0.19140625
0.289501953125
0.33017578125
0.337353515625
0.20576171875
0.346923828125
0.34931640625
0.433056640625
0.452197265625
0.322998046875
0.4689453125
0.471337890625
0.401953125
0.3349609375
0.318212890625
0.26318359375
0.287109375
0.210546875
0.16748046875
0.107666015625
0.117236328125
0.002392578125
-0.026318359375
-0.12919921875
-0.24404296875
-0.30625
-0.351708984375
-0.401953125
-0.480908203125
-0.57900390625
-0.4880859375
-0.672314453125
-0.7369140625
-0.825439453125
-0.935498046875
-1.0623046875
-0.9857421875
-1.03359375
-1.11015625
-1.08623046875
-1.12211914063
-1.14604492188
-1.09580078125
-1.08383789063
-1.08862304688
-1.11254882812
-1.06469726562
-1.03120117188
-1.10537109375
-1.08862304688
-1.05991210938
-1.052734375
-0.940283203125
-0.94267578125
-0.863720703125
-0.882861328125
-0.863720703125
-0.83740234375
-0.8708984375
-1.00249023438
-0.949853515625
-1.20346679688
-1.32548828125
-1.41640625
-1.45947265625
-1.42358398438
-1.4451171875
-1.41162109375
-1.3302734375
-0.93310546875
-0.796728515625
-0.758447265625
-0.401953125
-0.2966796875
-0.270361328125
-0.299072265625
-0.34453125
-0.035888671875
-0.045458984375
-0.21533203125
-0.019140625
-0.2775390625
-0.27275390625
-0.29189453125
-0.361279296875
-0.30146484375
-0.27275390625
-0.2583984375
-0.2775390625
-0.322998046875
-0.3158203125
-0.361279296875
-0.299072265625
-0.299072265625
-0.289501953125
-0.26796875
-0.28232421875
-0.28232421875
-0.36845703125
-0.440234375
-0.461767578125
-0.500048828125
-0.533544921875
-0.500048828125
-0.48330078125
-0.49765625
-0.5359375
-0.54072265625
-0.5263671875
-0.478515625
-0.504833984375
-0.490478515625
-0.4306640625
-0.440234375
