-0.332568359375
-0.35888671875
-0.38759765625
-0.440234375
-0.480908203125
-0.538330078125
-0.47373046875
-0.433056640625
-0.42587890625
-0.385205078125
-0.366064453125
-0.3541015625
-0.34453125
-0.2392578125
-0.083740234375
-0.07177734375
-0.122021484375
-0.095703125
-0.035888671875
0.03828125
0.03349609375
0.074169921875
0.145947265625
0.093310546875
0.069384765625
0.059814453125
0.03349609375
0.0095703125
0.0287109375
-0.01435546875
0.019140625
-0.131591796875
0.040673828125
0.0861328125
0.12919921875
0.212939453125
0.25361328125
0.4498046875
0.42587890625
0.4689453125
0.471337890625
0.64599609375
0.68427734375
0.648388671875
0.892431640625
0.95224609375
0.94267578125
1.00009765625
1.01206054688
1.0431640625
1.01206054688
0.988134765625
1.04555664063
1.09340820313
1.08862304688
1.02880859375
0.97138671875
0.83740234375
0.777587890625
0.892431640625
0.82783203125
0.6890625
0.619677734375
0.6029296875
0.60771484375
0.547900390625
0.48330078125
0.509619140625
0.480908203125
0.605322265625
0.437841796875
0.361279296875
0.23447265625
0.17705078125
0.2775390625
0.057421875
0.011962890625
-0.0861328125
-0.08134765625
-0.212939453125
-0.248828125
-0.284716796875
-0.18662109375
-0.363671875
-0.37802734375
-0.442626953125
-0.4306640625
-0.47373046875
-0.490478515625
-0.4880859375
-0.49765625
-0.43544921875
-0.51201171875
-0.547900390625
-0.50244140625
-0.30146484375
-0.452197265625
-0.3732421875
-0.54072265625
-0.590966796875
-0.624462890625
-0.528759765625
-0.418701171875
-0.34453125
-0.356494140625
-0.370849609375
-0.385205078125
-0.361279296875
-0.26796875
-0.246435546875
-0.299072265625
-0.2966796875
-0.160302734375
-0.31103515625
-0.26796875
-0.356494140625
-0.356494140625
-0.33017578125
-0.342138671875
-0.346923828125
-0.361279296875
-0.346923828125
-0.363671875
-0.4498046875
-0.40673828125
-0.399560546875
-0.423486328125
-0.34453125
-0.34453125
-0.2966796875
-0.27275390625
-0.294287109375
-0.165087890625
-0.11962890625
-0.09091796875
-0.117236328125
-0.059814453125
-0.078955078125
0.095703125
0.12919921875
0.10048828125
0.1435546875
0.1818359375
0.169873046875
0.203369140625
0.23447265625
0.212939453125
0.28232421875
0.251220703125
0.236865234375
0.241650390625
0.289501953125
0.389990234375
0.3828125
0.36845703125
0.3732421875
0.447412109375
0.480908203125
0.4498046875
0.46416015625
0.447412109375
0.4115234375
0.4498046875
0.45458984375
0.45458984375
0.37802734375
0.40673828125
0.38759765625
0.361279296875
0.303857421875
0.153125
0.251220703125
0.26318359375
0.279931640625
0.31103515625
0.236865234375
0.260791015625
0.198583984375
0.141162109375
0.153125
0.117236328125
0.07177734375
0.035888671875
0.055029296875
0.011962890625
-0.0669921875
-0.1052734375
-0.136376953125
-0.172265625
-0.165087890625
-0.256005859375
-0.30146484375
-0.370849609375
-0.4498046875
-0.555078125
-0.593359375
-0.75126953125
-0.844580078125
-0.911572265625
-0.768017578125
-0.94267578125
-0.949853515625
-0.937890625
-0.899609375
-1.05991210938
-0.81826171875
-0.7560546875
-0.66513671875
-0.691455078125
-0.68427734375
-0.538330078125
-0.380419921875
-0.36845703125
-0.361279296875
-0.265576171875
-0.212939453125
-0.294287109375
-0.141162109375
-0.0765625
-0.04306640625
-0.01435546875
-0.019140625
-0.00478515625
0.021533203125
0.098095703125
0.150732421875
0.145947265625
0.095703125
0.2775390625
0.05263671875
0.131591796875
0.021533203125
0.01435546875
0.026318359375
0.00478515625
0.035888671875
0.0
-0.05263671875
-0.0861328125
-0.095703125
-0.016748046875
-0.174658203125
-0.212939453125
-0.49287109375
-0.56943359375
-0.6220703125
-0.70341796875
-0.614892578125
-0.8326171875
-0.9091796875
-0.935498046875
-0.95224609375
-0.95224609375
-0.906787109375
-0.973779296875
-1.33505859375
-1.3876953125
-1.48818359375
-1.5216796875
-1.62456054688
-1.68676757813
-1.82314453125
-1.933203125
-1.990625
-2.06479492188
-2.05283203125
-2.10068359375
-2.03369140625
-1.94516601563
-1.90688476563
-1.86860351563
-1.62934570313
-1.60063476563
-1.44990234375
-1.3876953125
-1.320703125
-1.3302734375
-1.06708984375
-0.959423828125
-0.88525390625
-0.823046875
-0.672314453125
-0.67470703125
-0.5837890625
-0.509619140625
-0.31103515625
-0.48330078125
-0.500048828125
-0.509619140625
-0.523974609375
-0.543115234375
-0.614892578125
-0.62685546875
-0.595751953125
-0.6029296875
-0.61728515625
-0.763232421875
-0.648388671875
-0.65556640625
-0.72734375
-0.4880859375
-0.495263671875
-0.49765625
-0.42109375
-0.3923828125
-0.409130859375
-0.356494140625
-0.32060546875
-0.318212890625
-0.248828125
-0.2296875
-0.174658203125
-0.1244140625
-0.112451171875
-0.0478515625
-0.01435546875
0.05263671875
0.0765625
0.059814453125
0.1435546875
0.160302734375
0.1626953125
0.150732421875
0.2296875
0.275146484375
0.308642578125
0.20576171875
0.523974609375
0.590966796875
0.346923828125
0.1435546875
0.394775390625
0.50244140625
0.4880859375
0.42587890625
0.399560546875
0.3349609375
0.3158203125
0.246435546875
0.2392578125
0.26318359375
0.107666015625
0.126806640625
-0.095703125
-0.102880859375
-0.236865234375
-0.2775390625
-0.3732421875
-0.428271484375
-0.456982421875
-0.5646484375
-0.5646484375
-0.638818359375
-0.68427734375
-0.696240234375
-0.744091796875
-0.80390625
-0.82783203125
-0.86611328125
-0.94267578125
-0.925927734375
-0.983349609375
-1.0431640625
-1.02880859375
-1.06469726562
-1.16040039062
-1.1962890625
-1.07666015625
-1.3302734375
-1.36616210938
-1.31352539063
-1.3494140625
-1.43793945313
-1.44990234375
-1.4451171875
-1.42119140625
-1.4259765625
-1.473828125
-1.4642578125
-1.44272460938
-1.5216796875
-1.33984375
-1.39487304688
-1.3111328125
-1.32548828125
-1.25849609375
-1.33745117188
-1.26088867188
-1.35419921875
-1.33505859375
-1.36137695313
-1.33745117188
-1.3302734375
-1.320703125
-1.2728515625
-1.24653320313
-1.2345703125
-1.17475585938
-1.13408203125
-1.15322265625
-1.1484375
-1.10297851563
-1.071875
-1.00727539063
-0.992919921875
-1.0240234375
-0.95224609375
-0.95703125
-0.9091796875
-0.868505859375
-0.887646484375
-0.81826171875
-0.768017578125
-0.768017578125
-0.71298828125
-0.662744140625
-0.634033203125
-0.600537109375
-0.634033203125
-0.466552734375
-0.6220703125
-0.638818359375
-0.724951171875
-0.76083984375
-0.861328125
-0.9953125
-1.06708984375
-1.13408203125
-1.18671875
-1.25131835938
-1.20825195312
-1.17475585938
-1.13647460938
-1.0814453125
-1.00249023438
-0.921142578125
-0.897216796875
-0.59814453125
-0.5072265625
-0.442626953125
-0.346923828125
-0.275146484375
-0.131591796875
-0.019140625
-0.055029296875
-0.095703125
-0.00478515625
0.055029296875
0.021533203125
0.0095703125
-0.0478515625
-0.0095703125
-0.0478515625
-0.122021484375
-0.112451171875
-0.136376953125
-0.150732421875
-0.246435546875
-0.322998046875
-0.32060546875
-0.4115234375
-0.461767578125
-0.4115234375
-0.34453125
-0.3158203125
-0.26318359375
-0.198583984375
-0.15791015625
-0.1244140625
-0.03349609375
0.0
0.03828125
0.102880859375
0.16748046875
0.193798828125
0.217724609375
0.256005859375
0.25361328125
0.284716796875
0.4498046875
0.2296875
0.25361328125
0.248828125
0.260791015625
0.270361328125
0.24404296875
0.222509765625
0.303857421875
0.3349609375
0.370849609375
0.35888671875
0.322998046875
0.478515625
0.552685546875
0.681884765625
0.662744140625
0.724951171875
0.823046875
0.861328125
0.911572265625
