0.3349609375
0.3349609375
0.327783203125
0.3158203125
0.351708984375
0.332568359375
0.337353515625
0.34453125
0.34931640625
0.34453125
0.3349609375
0.3349609375
0.3158203125
0.36845703125
0.394775390625
0.370849609375
0.447412109375
0.4306640625
0.428271484375
0.466552734375
0.48330078125
0.471337890625
0.456982421875
0.452197265625
0.48330078125
0.500048828125
0.523974609375
0.533544921875
0.5263671875
0.571826171875
0.57421875
0.6029296875
0.595751953125
0.590966796875
0.6603515625
0.648388671875
0.672314453125
0.65556640625
0.643603515625
0.619677734375
0.65556640625
0.65078125
0.614892578125
0.64599609375
0.631640625
0.61728515625
0.56943359375
0.562255859375
0.509619140625
0.52158203125
0.519189453125
0.59814453125
0.3923828125
0.308642578125
0.25361328125
0.217724609375
0.131591796875
0.0478515625
-0.069384765625
-0.122021484375
-0.284716796875
-0.29189453125
-0.42109375
-0.495263671875
-0.562255859375
-0.593359375
-0.65556640625
-0.746484375
-0.796728515625
-0.930712890625
-0.95224609375
-0.99052734375
-1.01206054688
-0.92353515625
-1.071875
-1.01206054688
-0.99052734375
-0.959423828125
-0.96181640625
-0.95224609375
-0.873291015625
-0.79912109375
-0.63642578125
-0.562255859375
-0.55029296875
-0.30146484375
-0.184228515625
-0.133984375
-0.074169921875
0.007177734375
0.0765625
0.14833984375
0.15791015625
0.2392578125
0.260791015625
0.33017578125
0.413916015625
0.543115234375
0.56943359375
0.528759765625
0.5263671875
0.514404296875
0.52158203125
0.543115234375
0.47373046875
0.447412109375
0.586181640625
0.562255859375
0.485693359375
0.485693359375
0.53115234375
0.500048828125
0.57421875
0.3923828125
0.35888671875
0.34931640625
0.294287109375
0.287109375
0.227294921875
0.217724609375
0.289501953125
0.136376953125
0.133984375
0.10048828125
0.093310546875
0.069384765625
0.095703125
0.059814453125
0.0095703125
0.011962890625
0.031103515625
0.145947265625
-0.0669921875
-0.057421875
-0.25361328125
-0.16748046875
-0.34931640625
-0.3923828125
-0.46416015625
-0.5072265625
-0.55986328125
-0.6412109375
-0.70341796875
-0.753662109375
-0.835009765625
-0.868505859375
-0.96181640625
-0.9666015625
-0.9953125
-1.04077148438
-1.1197265625
-1.09340820313
-1.1484375
-1.19868164063
-1.23217773438
-1.28002929688
-1.282421875
-1.33745117188
-1.36376953125
-1.23696289063
-1.40922851563
-1.40922851563
-1.45229492188
-1.53125
-1.34223632813
-1.31352539063
-1.30395507812
-1.473828125
-1.39965820312
-1.26328125
-1.28959960938
-1.320703125
-1.31831054688
-1.25131835938
-1.22739257813
-1.28720703125
-1.26806640625
-1.12690429688
-1.129296875
-1.12451171875
-1.04555664063
-0.930712890625
-0.899609375
-0.83740234375
-0.643603515625
-0.6029296875
-0.5359375
-0.4689453125
-0.45458984375
-0.22490234375
-0.078955078125
-0.0287109375
0.0095703125
0.0861328125
0.117236328125
0.210546875
0.227294921875
0.284716796875
0.294287109375
0.322998046875
0.363671875
0.313427734375
0.346923828125
0.33974609375
0.33974609375
0.3158203125
0.303857421875
0.270361328125
0.251220703125
0.21533203125
0.20576171875
0.23447265625
0.2392578125
0.189013671875
0.160302734375
0.11484375
0.117236328125
0.15791015625
0.136376953125
0.12919921875
0.11005859375
0.136376953125
0.15791015625
0.126806640625
0.1052734375
0.141162109375
0.1435546875
0.16748046875
0.184228515625
0.19140625
0.208154296875
0.172265625
0.160302734375
0.174658203125
0.1244140625
0.150732421875
0.172265625
0.17705078125
0.153125
0.19140625
0.227294921875
0.241650390625
0.2296875
0.24404296875
0.25361328125
0.29189453125
0.251220703125
0.294287109375
0.346923828125
0.337353515625
0.325390625
0.3828125
0.3828125
0.428271484375
0.399560546875
0.41630859375
0.42109375
0.41630859375
0.4306640625
0.4115234375
0.456982421875
0.459375
0.456982421875
0.478515625
0.5263671875
0.495263671875
0.485693359375
0.4880859375
0.490478515625
0.739306640625
0.839794921875
0.8134765625
0.270361328125
0.15791015625
0.21533203125
0.51201171875
0.691455078125
0.500048828125
0.519189453125
0.516796875
0.389990234375
0.318212890625
0.1818359375
0.399560546875
0.5072265625
0.52158203125
0.509619140625
0.38759765625
0.3541015625
0.29189453125
0.299072265625
0.2392578125
0.28232421875
0.313427734375
0.251220703125
0.23447265625
0.20576171875
0.2009765625
0.184228515625
0.155517578125
0.165087890625
0.11005859375
0.112451171875
0.122021484375
0.126806640625
0.059814453125
0.04306640625
0.05263671875
0.078955078125
0.03349609375
0.026318359375
0.019140625
0.01435546875
0.026318359375
0.02392578125
0.06220703125
0.0861328125
0.07177734375
0.06220703125
0.08134765625
0.045458984375
0.093310546875
0.055029296875
0.045458984375
0.035888671875
0.07177734375
0.083740234375
0.074169921875
0.098095703125
0.10048828125
0.06220703125
0.07177734375
0.031103515625
0.05263671875
0.057421875
0.057421875
0.074169921875
0.141162109375
0.03349609375
0.0095703125
-0.002392578125
-0.0287109375
-0.1244140625
-0.13876953125
-0.2583984375
-0.366064453125
-0.093310546875
-0.370849609375
-0.327783203125
-0.543115234375
-0.5646484375
-0.504833984375
-0.514404296875
-0.519189453125
-0.52158203125
-0.533544921875
-0.519189453125
-0.49287109375
-0.437841796875
-0.4306640625
-0.409130859375
-0.3732421875
-0.34931640625
-0.275146484375
-0.299072265625
-0.26796875
-0.236865234375
-0.232080078125
-0.23447265625
-0.174658203125
-0.153125
-0.153125
-0.040673828125
-0.18662109375
-0.15791015625
-0.131591796875
-0.160302734375
-0.145947265625
-0.10048828125
-0.18662109375
-0.107666015625
-0.088525390625
-0.083740234375
-0.06220703125
-0.14833984375
0.0287109375
0.055029296875
0.165087890625
0.248828125
0.236865234375
0.04306640625
0.031103515625
0.01435546875
0.035888671875
-0.002392578125
-0.019140625
-0.22490234375
-0.466552734375
-0.538330078125
-0.581396484375
-0.705810546875
-0.791943359375
-0.720166015625
-0.62685546875
-0.55986328125
-0.55029296875
-0.50244140625
-0.4498046875
-0.19619140625
-0.045458984375
0.074169921875
0.0478515625
0.248828125
0.327783203125
0.32060546875
0.31103515625
0.29189453125
0.26318359375
0.22490234375
0.30146484375
0.095703125
-0.150732421875
-0.0095703125
-0.078955078125
-0.098095703125
-0.2009765625
-0.169873046875
-0.30146484375
-0.126806640625
-0.133984375
-0.12919921875
-0.055029296875
-0.059814453125
-0.01435546875
0.04306640625
0.19619140625
0.2583984375
0.308642578125
0.24404296875
0.256005859375
0.20576171875
0.232080078125
0.210546875
0.227294921875
0.20576171875
0.1626953125
0.14833984375
0.122021484375
0.131591796875
0.11005859375
0.0287109375
0.0669921875
0.00478515625
-0.016748046875
0.0
0.145947265625
0.07177734375
-0.059814453125
0.078955078125
0.11005859375
0.165087890625
0.2583984375
0.31103515625
0.332568359375
0.567041015625
0.638818359375
0.7369140625
0.784765625
0.98095703125
1.06948242188
1.07905273438
1.2537109375
1.32788085938
1.41879882813
1.47622070313
1.44033203125
1.66044921875
1.66044921875
1.49296875
1.57670898438
1.41640625
1.36376953125
1.18193359375
1.11015625
1.052734375
0.858935546875
0.83740234375
0.729736328125
0.648388671875
0.485693359375
0.363671875
0.246435546875
0.174658203125
0.016748046875
-0.059814453125
-0.1052734375
-0.131591796875
-0.22490234375
-0.279931640625
-0.160302734375
