-0.653173828125
-0.701025390625
-0.748876953125
-0.83740234375
-0.835009765625
-0.77041015625
-0.82783203125
-0.83740234375
-0.854150390625
-0.8900390625
-0.88046875
-1.06708984375
-0.88525390625
-0.897216796875
-0.839794921875
-0.8517578125
-1.0431640625
-0.882861328125
-0.85654296875
-0.823046875
-0.815869140625
-0.784765625
-0.753662109375
-0.65556640625
-0.677099609375
-0.629248046875
-0.657958984375
-0.567041015625
-0.543115234375
-0.495263671875
-0.490478515625
-0.514404296875
-0.4498046875
-0.363671875
-0.404345703125
-0.361279296875
-0.322998046875
-0.3158203125
-0.32060546875
-0.260791015625
-0.279931640625
-0.246435546875
-0.193798828125
-0.18662109375
-0.18662109375
-0.155517578125
-0.026318359375
-0.150732421875
-0.15791015625
-0.074169921875
-0.13876953125
-0.1052734375
-0.122021484375
-0.0861328125
-0.059814453125
-0.0669921875
-0.045458984375
0.0478515625
-0.011962890625
0.0669921875
0.0861328125
0.04306640625
0.03349609375
-0.516796875
-0.7560546875
-0.94267578125
-1.091015625
-1.09819335938
-1.27045898438
-1.34462890625
-1.30395507812
-1.27524414063
-1.16997070313
-1.10297851563
-0.94267578125
-0.835009765625
-0.887646484375
-0.67470703125
-0.72255859375
-0.5646484375
-0.33017578125
-0.2392578125
-0.236865234375
-0.145947265625
-0.019140625
-0.016748046875
0.117236328125
-0.12919921875
-0.057421875
-0.088525390625
-0.18662109375
-0.19140625
-0.18662109375
-0.11005859375
0.06220703125
0.2296875
0.42587890625
0.433056640625
0.55029296875
0.461767578125
0.62685546875
0.590966796875
0.73212890625
0.52158203125
0.586181640625
0.495263671875
0.590966796875
0.459375
0.308642578125
0.461767578125
0.516796875
0.55986328125
0.6029296875
0.648388671875
0.691455078125
0.677099609375
0.744091796875
0.715380859375
0.7369140625
0.80869140625
0.80869140625
0.80390625
0.765625
0.77041015625
0.729736328125
0.64599609375
0.6794921875
0.5646484375
0.394775390625
0.46416015625
0.447412109375
0.289501953125
0.19619140625
0.11484375
0.057421875
0.126806640625
-0.08134765625
-0.107666015625
-0.0095703125
-0.22490234375
-0.26796875
-0.322998046875
-0.440234375
-0.428271484375
-0.31103515625
-0.490478515625
-0.523974609375
-0.5263671875
-0.53115234375
-0.55029296875
-0.456982421875
-0.777587890625
-0.547900390625
-0.729736328125
-0.820654296875
-0.667529296875
-0.669921875
-0.81826171875
-0.7177734375
-0.74169921875
-0.691455078125
-0.6986328125
-0.734521484375
-0.6603515625
-0.576611328125
-0.57900390625
-0.538330078125
-0.47373046875
-0.49765625
-0.456982421875
-0.42109375
-0.270361328125
-0.299072265625
-0.09091796875
-0.12919921875
0.07177734375
0.045458984375
0.12919921875
0.133984375
-0.002392578125
-0.0669921875
-0.08134765625
-0.031103515625
-0.02392578125
0.0478515625
0.050244140625
0.150732421875
0.203369140625
0.322998046875
0.34453125
0.363671875
0.4498046875
0.43544921875
0.478515625
0.4880859375
0.49765625
0.4689453125
0.490478515625
0.31103515625
0.418701171875
0.375634765625
0.3923828125
0.3349609375
0.322998046875
0.184228515625
0.0861328125
-0.095703125
-0.241650390625
-0.485693359375
-0.744091796875
-1.05751953125
-1.42358398438
-1.58627929688
-1.65805664063
-1.5599609375
-1.72744140625
-1.3876953125
-1.09340820313
-0.600537109375
-0.399560546875
0.25361328125
0.471337890625
0.447412109375
0.600537109375
0.7560546875
0.701025390625
0.7369140625
0.77998046875
0.72734375
0.710595703125
0.74169921875
0.547900390625
0.519189453125
0.26796875
0.409130859375
0.25361328125
0.322998046875
0.165087890625
0.33017578125
0.4115234375
0.18662109375
0.150732421875
0.098095703125
0.088525390625
-0.098095703125
-0.20576171875
-0.251220703125
-0.23447265625
-0.184228515625
-0.30146484375
-0.52158203125
-0.547900390625
-0.461767578125
-0.50244140625
-0.567041015625
-0.691455078125
-0.705810546875
-0.763232421875
-0.84697265625
-0.921142578125
-1.03598632813
-1.09340820313
-1.13647460938
-1.16997070313
-1.21064453125
-1.2728515625
-1.28481445313
-1.34223632813
-1.2537109375
-1.2537109375
-1.1484375
-1.04555664063
-1.22260742188
-0.90439453125
-0.784765625
-0.89482421875
-0.739306640625
-0.590966796875
-0.516796875
-0.593359375
-0.3541015625
-0.236865234375
-0.232080078125
-0.18662109375
-0.150732421875
-0.107666015625
-0.13876953125
-0.136376953125
-0.098095703125
-0.131591796875
-0.15791015625
-0.12919921875
-0.126806640625
-0.1435546875
-0.117236328125
-0.10048828125
-0.0861328125
-0.07177734375
0.031103515625
0.098095703125
0.172265625
0.222509765625
0.265576171875
0.356494140625
0.39716796875
0.40673828125
0.5359375
0.595751953125
0.590966796875
0.638818359375
0.746484375
0.85654296875
0.77041015625
0.9474609375
0.940283203125
1.01206054688
1.05991210938
1.1484375
1.25610351562
1.33266601563
1.397265625
1.45947265625
1.53842773438
1.60063476563
1.62216796875
1.67001953125
1.75615234375
1.71787109375
1.70830078125
1.70830078125
1.81118164063
1.80161132813
1.83032226563
1.89252929688
1.92602539063
1.96909179688
2.048046875
2.0671875
2.05283203125
2.04086914063
2.03369140625
2.06240234375
2.02890625
1.91884765625
1.89013671875
1.84228515625
1.6939453125
1.56953125
1.48818359375
1.44033203125
1.39248046875
1.34462890625
1.30395507812
1.30874023438
1.34223632813
1.2919921875
1.24653320313
1.11494140625
1.31591796875
1.42358398438
1.40444335938
1.42836914063
1.4451171875
1.42836914063
1.435546875
1.44272460938
1.4642578125
1.51450195313
1.51689453125
1.50732421875
1.56235351563
1.57670898438
1.55756835938
1.68198242188
1.780078125
1.78725585938
1.81118164063
1.94038085938
1.95473632813
1.85424804688
2.05283203125
2.0958984375
2.13178710938
2.1916015625
2.24423828125
2.33276367188
2.16767578125
2.3830078125
2.31123046875
2.49545898438
2.5744140625
2.5935546875
2.61508789063
2.70600585938
2.79213867188
2.90458984375
2.99072265625
3.09838867188
3.17495117188
3.0912109375
3.25869140625
3.3017578125
3.234765625
3.41899414063
3.49794921875
3.42856445313
3.5697265625
3.56733398438
3.71328125
3.84008789063
3.93579101563
3.95493164063
4.13676757813
4.17026367188
4.47890625
4.55307617188
4.66552734375
4.74448242188
4.81147460938
4.6607421875
4.65595703125
4.52436523438
4.5841796875
4.574609375
4.36645507812
4.40952148438
4.51240234375
4.53393554688
4.51958007813
4.54829101563
4.60571289062
4.85932617188
4.6798828125
4.9095703125
5.01005859375
5.0244140625
5.02202148438
5.07944335938
5.06748046875
4.99091796875
4.93110351563
4.9765625
5.02202148438
4.79711914062
5.05551757813
5.05073242188
5.10336914063
5.18232421875
5.19428710938
5.15600585938
5.16796875
5.11533203125
5.08901367188
5.04833984375
4.90478515625
4.81147460938
4.69663085938
4.5267578125
4.36884765625
4.07934570312
3.84965820313
3.68696289063
3.47880859375
3.45966796875
3.10317382813
2.92612304688
2.88544921875
2.64379882812
2.59116210938
2.30883789062
2.49545898438
1.72744140625
1.5982421875
1.72026367188
1.2728515625
1.21303710938
0.863720703125
0.811083984375
0.9091796875
0.669921875
0.610107421875
0.500048828125
0.4498046875
0.32060546875
0.322998046875
0.260791015625
0.160302734375
0.145947265625
0.126806640625
0.007177734375
0.083740234375
0.064599609375
0.122021484375
0.117236328125
0.11005859375
0.117236328125
0.083740234375
0.14833984375
0.150732421875
0.131591796875
