-0.11962890625
-0.169873046875
-0.19140625
-0.18662109375
-0.18662109375
-0.2201171875
-0.21533203125
-0.236865234375
-0.287109375
-0.169873046875
-0.385205078125
-0.35888671875
-0.389990234375
-0.404345703125
-0.447412109375
-0.413916015625
-0.456982421875
-0.476123046875
-0.466552734375
-0.480908203125
-0.49287109375
-0.514404296875
-0.555078125
-0.55029296875
-0.55029296875
-0.614892578125
-0.50244140625
-0.677099609375
-0.67470703125
-0.62685546875
-0.681884765625
-0.88046875
-0.701025390625
-0.75126953125
-0.720166015625
-0.72255859375
-0.71298828125
-0.724951171875
-0.71298828125
-0.753662109375
-0.80390625
-0.739306640625
-0.806298828125
-0.806298828125
-0.7751953125
-0.72734375
-0.73212890625
-0.787158203125
-0.739306640625
-0.758447265625
-0.74169921875
-0.681884765625
-0.72734375
-0.667529296875
-0.65078125
-0.69384765625
-0.657958984375
-0.634033203125
-0.669921875
-0.63642578125
-0.624462890625
-0.653173828125
-0.67470703125
-0.667529296875
-0.710595703125
-0.763232421875
-0.782373046875
-0.7751953125
-0.753662109375
-0.854150390625
-0.80869140625
-0.801513671875
-0.8326171875
-0.85654296875
-0.791943359375
-0.964208984375
-1.00009765625
-1.04555664063
-1.03120117188
-1.03359375
-1.06708984375
-1.06708984375
-1.13647460938
-1.205859375
-1.167578125
-1.13168945313
-1.10537109375
-1.21064453125
-1.29438476563
-1.24892578125
-1.3494140625
-1.39248046875
-1.34223632813
-1.35419921875
-1.397265625
-1.43076171875
-1.50971679688
-1.378125
-1.39248046875
-1.33266601563
-1.37094726563
-1.2345703125
-1.35659179688
-1.17236328125
-1.14604492188
-1.07905273438
-1.02163085938
-0.99052734375
-0.95703125
-0.878076171875
-0.8421875
-0.787158203125
-0.777587890625
-0.705810546875
-0.720166015625
-0.72255859375
-0.753662109375
-0.768017578125
-0.868505859375
-0.899609375
-1.04555664063
-1.03120117188
-1.14365234375
-1.20107421875
-1.09819335938
-1.28720703125
-1.26567382813
-1.3111328125
-1.29677734375
-1.26088867188
-1.26567382813
-1.21064453125
-1.11254882812
-1.00009765625
-0.902001953125
-0.801513671875
-0.75126953125
-0.701025390625
-0.67470703125
-0.600537109375
-0.514404296875
-0.500048828125
-0.433056640625
-0.39716796875
-0.389990234375
-0.322998046875
-0.294287109375
-0.25361328125
-0.251220703125
-0.210546875
-0.222509765625
-0.2296875
-0.179443359375
-0.174658203125
-0.13876953125
-0.13876953125
-0.2775390625
-0.15791015625
-0.141162109375
-0.153125
-0.078955078125
-0.069384765625
-0.09091796875
-0.040673828125
-0.0287109375
0.145947265625
-0.007177734375
-0.0095703125
-0.0095703125
0.021533203125
0.045458984375
0.057421875
0.04306640625
0.08134765625
-0.01435546875
0.083740234375
0.107666015625
0.064599609375
0.078955078125
0.002392578125
0.035888671875
0.09091796875
0.08134765625
0.12919921875
-0.026318359375
0.021533203125
-0.021533203125
-0.06220703125
-0.136376953125
-0.102880859375
-0.112451171875
-0.10048828125
-0.078955078125
-0.007177734375
-0.074169921875
-0.11962890625
-0.1244140625
-0.131591796875
0.057421875
0.117236328125
0.0478515625
0.102880859375
0.117236328125
0.153125
0.19619140625
0.210546875
0.289501953125
0.346923828125
0.29189453125
0.3158203125
0.2775390625
0.236865234375
0.210546875
0.189013671875
0.153125
0.133984375
0.095703125
0.057421875
0.1435546875
-0.0287109375
-0.098095703125
-0.160302734375
-0.136376953125
-0.174658203125
-0.2201171875
-0.246435546875
-0.2392578125
-0.289501953125
-0.2583984375
-0.256005859375
-0.437841796875
-0.322998046875
-0.43544921875
-0.39716796875
-0.456982421875
-0.41630859375
-0.459375
-0.466552734375
-0.5072265625
-0.50244140625
-0.5263671875
-0.55029296875
-0.5455078125
-0.57421875
-0.581396484375
-0.5837890625
-0.47373046875
-0.57421875
-0.466552734375
-0.6220703125
-0.614892578125
-0.593359375
-0.60771484375
-0.610107421875
-0.60771484375
-0.624462890625
-0.634033203125
-0.46416015625
-0.61728515625
-0.629248046875
-0.6029296875
-0.571826171875
-0.576611328125
-0.576611328125
-0.538330078125
-0.547900390625
-0.48330078125
-0.5072265625
-0.49287109375
-0.476123046875
-0.490478515625
-0.4498046875
-0.43544921875
-0.485693359375
-0.46416015625
-0.452197265625
-0.404345703125
-0.40673828125
-0.380419921875
-0.36845703125
-0.3828125
-0.394775390625
-0.4689453125
-0.308642578125
-0.41630859375
-0.456982421875
-0.375634765625
-0.389990234375
-0.3349609375
-0.30625
-0.27275390625
-0.222509765625
-0.241650390625
-0.15791015625
-0.299072265625
-0.102880859375
-0.1244140625
-0.0765625
-0.0478515625
-0.059814453125
-0.059814453125
-0.050244140625
-0.040673828125
-0.05263671875
-0.03349609375
0.016748046875
0.019140625
0.150732421875
0.01435546875
-0.019140625
0.088525390625
0.069384765625
0.040673828125
0.0478515625
0.098095703125
0.14833984375
0.179443359375
0.141162109375
0.093310546875
0.3158203125
0.227294921875
0.141162109375
0.2009765625
0.210546875
0.212939453125
0.25361328125
0.22490234375
0.2009765625
0.189013671875
0.0861328125
-0.021533203125
-0.093310546875
-0.14833984375
-0.232080078125
-0.3349609375
-0.52158203125
-0.61728515625
-0.85654296875
-0.921142578125
-1.20825195312
-1.397265625
-1.40444335938
-1.49536132812
-1.397265625
-1.66044921875
-1.37094726563
-1.1580078125
-1.05751953125
-0.724951171875
-0.50244140625
-0.32060546875
-0.16748046875
-0.01435546875
-0.0095703125
-0.112451171875
0.026318359375
0.007177734375
-0.17705078125
-0.2966796875
-0.366064453125
-0.562255859375
-0.744091796875
-0.7369140625
-0.81826171875
-0.9474609375
-0.849365234375
-0.8134765625
-0.882861328125
-0.8517578125
-0.85654296875
-0.937890625
-1.0240234375
-0.949853515625
-0.964208984375
-0.988134765625
-1.03598632813
-1.10297851563
-1.15561523438
-1.18671875
-1.25610351562
-1.27045898438
-1.25131835938
-1.2154296875
-1.225
-1.22978515625
-1.17954101563
-1.09819335938
-1.1388671875
-1.08862304688
-1.11733398438
-1.21303710938
-1.052734375
-0.937890625
-0.634033203125
-0.669921875
-0.576611328125
-0.471337890625
-0.404345703125
-0.346923828125
-0.42109375
-0.394775390625
-0.466552734375
-0.552685546875
-0.619677734375
-0.63642578125
-0.734521484375
-0.567041015625
-0.57421875
-0.53115234375
-0.423486328125
-0.38759765625
-0.251220703125
-0.236865234375
-0.145947265625
-0.07177734375
-0.045458984375
-0.021533203125
-0.019140625
-0.150732421875
0.031103515625
0.059814453125
0.095703125
0.07177734375
0.031103515625
0.136376953125
0.1435546875
0.10048828125
0.141162109375
0.18662109375
0.107666015625
0.11005859375
0.083740234375
-0.002392578125
0.131591796875
-0.057421875
-0.0861328125
-0.045458984375
-0.1435546875
-0.093310546875
-0.16748046875
-0.20576171875
-0.203369140625
-0.232080078125
-0.287109375
-0.337353515625
-0.42109375
-0.452197265625
-0.4498046875
-0.547900390625
-0.605322265625
-0.667529296875
-0.69384765625
-0.710595703125
-0.77998046875
-0.74169921875
-0.729736328125
-0.782373046875
-0.835009765625
-0.768017578125
-1.07426757813
-0.787158203125
-0.7943359375
-1.10776367188
-1.14365234375
-0.9953125
-0.9953125
-1.01684570312
-0.935498046875
-0.916357421875
-0.892431640625
-0.887646484375
-0.91875
-0.91875
-0.9091796875
-0.887646484375
-0.902001953125
-0.861328125
-0.902001953125
-0.85654296875
-0.84697265625
-0.820654296875
-0.744091796875
-0.7369140625
-0.681884765625
-0.60771484375
-0.57900390625
-0.586181640625
-0.562255859375
-0.595751953125
-0.657958984375
-0.768017578125
-0.772802734375
-1.13168945313
-1.25131835938
-1.36376953125
-1.36616210938
-1.435546875
-1.39008789063
-1.26088867188
-1.13168945313
