-1.03598632813
-1.03359375
-1.01923828125
-1.03837890625
-1.03359375
-1.04077148438
-0.983349609375
-1.00249023438
-1.014453125
-1.0623046875
-1.052734375
-1.03359375
-1.00009765625
-0.988134765625
-1.06469726562
-1.052734375
-0.811083984375
-0.801513671875
-0.79912109375
-0.806298828125
-0.74169921875
-0.65078125
-0.631640625
-0.590966796875
-0.58857421875
-0.581396484375
-0.5359375
-0.6029296875
-0.456982421875
-0.401953125
-0.346923828125
-0.3349609375
-0.3158203125
-0.256005859375
-0.227294921875
-0.172265625
-0.150732421875
-0.16748046875
-0.14833984375
-0.107666015625
-0.093310546875
-0.155517578125
-0.145947265625
-0.16748046875
-0.227294921875
-0.28232421875
-0.308642578125
-0.44501953125
-0.49287109375
-0.523974609375
-0.662744140625
-0.691455078125
-0.746484375
-0.79912109375
-0.868505859375
-0.86611328125
-0.899609375
-0.911572265625
-1.06948242188
-0.87568359375
-0.88525390625
-0.84697265625
-0.8708984375
-0.820654296875
-0.839794921875
-0.76083984375
-0.77998046875
-0.708203125
-0.715380859375
-0.67470703125
-0.6220703125
-0.5455078125
-0.476123046875
-0.4306640625
-0.36845703125
-0.3541015625
-0.179443359375
-0.10048828125
-0.055029296875
-0.12919921875
-0.155517578125
0.002392578125
0.03828125
0.136376953125
-0.045458984375
-0.045458984375
-0.050244140625
-0.007177734375
0.078955078125
0.136376953125
0.208154296875
0.24404296875
0.203369140625
0.078955078125
0.050244140625
-0.011962890625
-0.078955078125
-0.01435546875
-0.155517578125
-0.165087890625
-0.155517578125
-0.03349609375
-0.03349609375
0.0669921875
0.184228515625
0.34931640625
0.332568359375
0.248828125
0.031103515625
0.112451171875
0.308642578125
0.346923828125
0.456982421875
0.514404296875
0.5455078125
0.46416015625
0.356494140625
0.332568359375
0.361279296875
0.45458984375
0.490478515625
0.459375
0.5072265625
0.567041015625
0.56943359375
0.519189453125
0.519189453125
0.576611328125
0.56943359375
0.605322265625
0.586181640625
0.58857421875
0.631640625
0.629248046875
0.631640625
0.6890625
0.681884765625
0.720166015625
0.63642578125
0.701025390625
0.823046875
0.88525390625
0.897216796875
0.92353515625
0.945068359375
0.93310546875
0.921142578125
0.978564453125
0.992919921875
0.9953125
1.11494140625
1.1771484375
1.16040039062
1.1962890625
1.27524414063
1.27045898438
1.3302734375
1.36137695313
1.40922851563
1.40205078125
1.44033203125
1.45947265625
1.44033203125
1.35419921875
1.3685546875
1.29916992188
1.2537109375
1.18911132813
1.129296875
0.9953125
0.9283203125
0.82783203125
0.916357421875
0.691455078125
0.614892578125
0.461767578125
0.404345703125
0.31103515625
0.34931640625
0.208154296875
0.160302734375
-0.040673828125
-0.0765625
-0.0669921875
-0.11484375
-0.150732421875
-0.212939453125
-0.28232421875
-0.33017578125
-0.401953125
-0.41630859375
-0.42587890625
-0.41630859375
-0.4306640625
-0.440234375
-0.471337890625
-0.456982421875
-0.452197265625
-0.3923828125
-0.461767578125
-0.4306640625
-0.4306640625
-0.440234375
-0.428271484375
-0.36845703125
-0.370849609375
-0.3828125
-0.409130859375
-0.428271484375
-0.447412109375
-0.42587890625
-0.440234375
-0.442626953125
-0.447412109375
-0.478515625
-0.480908203125
-0.413916015625
-0.471337890625
-0.47373046875
-0.51201171875
-0.4115234375
-0.447412109375
-0.37802734375
-0.401953125
-0.385205078125
-0.361279296875
-0.3158203125
-0.375634765625
-0.389990234375
-0.370849609375
-0.363671875
-0.3732421875
-0.40673828125
-0.363671875
-0.356494140625
-0.3349609375
-0.30146484375
-0.346923828125
-0.33974609375
-0.3158203125
-0.346923828125
-0.318212890625
-0.155517578125
-0.313427734375
-0.45458984375
-0.2583984375
-0.20576171875
-0.2009765625
-0.179443359375
-0.11484375
-0.059814453125
-0.0478515625
-0.01435546875
0.011962890625
0.057421875
0.055029296875
0.1052734375
0.102880859375
0.021533203125
0.222509765625
0.2583984375
0.2775390625
0.337353515625
0.318212890625
0.4306640625
0.4498046875
0.528759765625
0.51201171875
0.56943359375
0.62685546875
0.667529296875
0.672314453125
0.734521484375
0.710595703125
0.76083984375
0.7751953125
0.8134765625
0.7751953125
0.81826171875
0.835009765625
0.86611328125
0.858935546875
0.8326171875
0.8517578125
0.849365234375
0.80390625
0.91396484375
0.782373046875
0.68427734375
0.65078125
0.5646484375
0.552685546875
0.54072265625
0.519189453125
0.447412109375
0.389990234375
0.260791015625
0.045458984375
0.35888671875
0.241650390625
0.035888671875
0.031103515625
0.064599609375
0.02392578125
-0.02392578125
-0.11005859375
-0.126806640625
-0.26796875
-0.366064453125
-0.3158203125
-0.55029296875
-0.634033203125
-0.7177734375
-0.844580078125
-0.916357421875
-1.04077148438
-1.07905273438
-1.13647460938
-1.17475585938
-1.17954101563
-1.282421875
-1.32548828125
-1.320703125
-1.31352539063
-1.37094726563
-1.39008789063
-1.397265625
-1.39487304688
-1.378125
-1.27763671875
-1.28959960938
-1.358984375
-1.1484375
-0.84697265625
-0.765625
-0.495263671875
-0.34453125
-0.2296875
-0.035888671875
0.246435546875
0.09091796875
-0.06220703125
-0.019140625
0.102880859375
0.01435546875
0.09091796875
0.332568359375
0.50244140625
0.571826171875
0.313427734375
0.287109375
0.30146484375
0.28232421875
0.35888671875
0.404345703125
0.3732421875
0.33974609375
0.27275390625
0.236865234375
0.23447265625
0.21533203125
0.18662109375
0.19140625
0.15791015625
0.088525390625
0.0861328125
0.08134765625
0.019140625
-0.045458984375
-0.078955078125
-0.095703125
-0.1435546875
-0.169873046875
-0.2009765625
-0.21533203125
-0.189013671875
-0.165087890625
-0.1818359375
-0.20576171875
-0.24404296875
-0.30146484375
-0.3828125
-0.459375
-0.49287109375
-0.49765625
-0.485693359375
-0.459375
-0.500048828125
-0.52158203125
-0.720166015625
-0.7751953125
-0.739306640625
-0.729736328125
-0.6890625
-0.7177734375
-0.74169921875
-0.8134765625
-0.777587890625
-0.7751953125
-0.76083984375
-0.686669921875
-0.68427734375
-0.63642578125
-0.590966796875
-0.528759765625
-0.504833984375
-0.490478515625
-0.528759765625
-0.557470703125
-0.595751953125
-0.248828125
-0.363671875
-0.399560546875
-0.3732421875
-0.356494140625
-0.342138671875
-0.322998046875
-0.294287109375
-0.370849609375
-0.34931640625
-0.36845703125
-0.33017578125
-0.3349609375
-0.351708984375
-0.3158203125
-0.361279296875
-0.3349609375
-0.35888671875
-0.401953125
-0.409130859375
-0.39716796875
-0.380419921875
-0.413916015625
-0.413916015625
-0.41630859375
-0.46416015625
-0.466552734375
-0.50244140625
-0.500048828125
-0.49287109375
-0.509619140625
-0.49765625
-0.509619140625
-0.523974609375
-0.562255859375
-0.60771484375
-0.61728515625
-0.677099609375
-0.6412109375
-0.653173828125
-0.6125
-0.605322265625
-0.590966796875
-0.62685546875
-0.634033203125
-0.648388671875
-0.691455078125
-0.643603515625
-0.586181640625
-0.60771484375
-0.6029296875
-0.648388671875
-0.662744140625
-0.7560546875
-0.5646484375
-0.54072265625
-0.57421875
-0.5455078125
-0.54072265625
-0.5072265625
-0.58857421875
-0.385205078125
-0.370849609375
-0.363671875
-0.33974609375
-0.452197265625
-0.256005859375
-0.279931640625
-0.241650390625
-0.208154296875
-0.30146484375
-0.165087890625
-0.126806640625
-0.078955078125
-0.050244140625
0.035888671875
0.088525390625
0.093310546875
0.095703125
0.098095703125
0.09091796875
0.107666015625
0.1244140625
0.16748046875
0.222509765625
0.227294921875
0.2775390625
0.303857421875
0.30146484375
0.294287109375
