-0.567041015625
-0.57900390625
-0.581396484375
-0.567041015625
-0.567041015625
-0.59814453125
-0.63642578125
-0.638818359375
-0.638818359375
-0.691455078125
-0.758447265625
-0.768017578125
-0.768017578125
-0.75126953125
-0.768017578125
-0.7943359375
-0.8134765625
-0.8134765625
-0.82783203125
-0.820654296875
-0.8326171875
-0.868505859375
-0.868505859375
-0.916357421875
-0.96181640625
-0.964208984375
-0.964208984375
-0.968994140625
-0.997705078125
-1.00966796875
-1.00966796875
-1.03120117188
-1.06469726562
-1.08862304688
-1.11254882812
-1.16040039062
-1.18671875
-1.20825195312
-1.22739257813
-1.29916992188
-1.33745117188
-1.32788085938
-1.30874023438
-1.34462890625
-1.33984375
-1.33984375
-1.38291015625
-1.4642578125
-1.4833984375
-1.50493164063
-1.54560546875
-1.56235351563
-1.56235351563
-1.52407226563
-1.39965820312
-1.55278320313
-1.61499023438
-1.61977539063
-1.59584960938
-1.62216796875
-1.62216796875
-1.67241210938
-1.6748046875
-1.66284179688
-1.72026367188
-1.72026367188
-1.75615234375
-1.75615234375
-1.7513671875
-1.72504882813
-1.72504882813
-1.70112304688
-1.68198242188
-1.68198242188
-1.64848632813
-1.64848632813
-1.64609375
-1.65805664063
-1.64848632813
-1.64609375
-1.62216796875
-1.60063476563
-1.5982421875
-1.5982421875
-1.59584960938
-1.55278320313
-1.50971679688
-1.49057617188
-1.47622070313
-1.45947265625
-1.45947265625
-1.4451171875
-1.42358398438
-1.435546875
-1.4642578125
-1.42119140625
-1.42836914063
-1.42836914063
-1.41162109375
-1.3685546875
-1.32548828125
-1.2728515625
-1.2728515625
-1.23217773438
-1.21782226563
-1.21782226563
-1.21782226563
-1.20107421875
-1.225
-1.23696289063
-1.16279296875
-1.14365234375
-1.15083007813
-1.09340820313
-1.21303710938
-1.05991210938
-1.01923828125
-1.0431640625
-0.92353515625
-1.07666015625
-1.04555664063
-0.99052734375
-0.9666015625
-0.9857421875
-0.9953125
-0.976171875
-0.976171875
-0.97138671875
-1.00966796875
-1.03837890625
-1.0431640625
-1.0431640625
-1.052734375
-1.06469726562
-1.07426757813
-1.1005859375
-1.1388671875
-1.1388671875
-1.17236328125
-1.16997070313
-1.1580078125
-1.1580078125
-1.15322265625
-1.16518554688
-1.22978515625
-1.2345703125
-1.2345703125
-1.21782226563
-1.24653320313
-1.24892578125
-1.21064453125
-1.20107421875
-1.20107421875
-1.25131835938
-1.28481445313
-1.31591796875
-1.320703125
-1.320703125
-1.32309570313
-1.33266601563
-1.30634765625
-1.3015625
-1.3015625
-1.320703125
-1.36616210938
-1.41879882813
-1.46904296875
-1.46904296875
-1.50493164063
-1.48579101563
-1.48818359375
-1.52646484375
-1.38291015625
-1.53603515625
-1.550390625
-1.5791015625
-1.56713867188
-1.59106445313
-1.62456054688
-1.62456054688
-1.63891601563
-1.665234375
-1.63891601563
-1.63891601563
-1.62216796875
-1.66762695313
-1.58149414063
-1.73461914063
-1.7322265625
-1.6939453125
-1.684375
-1.684375
-1.66762695313
-1.67001953125
-1.684375
-1.684375
-1.6556640625
-1.6556640625
-1.67958984375
-1.67958984375
-1.70112304688
-1.74897460938
-1.7513671875
-1.7513671875
-1.73701171875
-1.72265625
-1.703515625
-1.703515625
-1.69873046875
-1.7130859375
-1.73701171875
-1.73701171875
-1.7513671875
-1.77529296875
-1.7896484375
-1.7896484375
-1.80161132813
-1.82314453125
-1.818359375
-1.818359375
-1.79204101563
-1.78486328125
-1.78247070313
-1.78247070313
-1.79443359375
-1.83271484375
-1.84228515625
-1.84228515625
-1.82553710938
-1.86142578125
-1.88056640625
-1.88056640625
-1.856640625
-1.89731445313
-1.94516601563
-1.94516601563
-1.98583984375
-1.99301757813
-1.990625
-1.8470703125
-2.0001953125
-1.94038085938
-1.91884765625
-1.94995117188
-1.94995117188
-1.95234375
-1.91645507813
-1.87338867188
-1.87338867188
-1.84228515625
-1.8375
-1.85424804688
-1.85424804688
-1.82553710938
-1.75375976563
-1.78247070313
-1.78247070313
-1.81357421875
-1.76333007813
-1.74897460938
-1.74897460938
-1.7705078125
-1.7896484375
-1.75615234375
-1.75615234375
-1.741796875
-1.7609375
-1.7609375
-1.7609375
-1.76572265625
-1.77290039063
-1.74897460938
-1.74897460938
-1.7513671875
-1.7513671875
-1.71787109375
-1.71787109375
-1.6939453125
-1.68916015625
-1.68916015625
-1.68916015625
-1.703515625
-1.703515625
-1.83510742188
-1.68198242188
-1.65327148438
-1.5982421875
-1.6078125
-1.6078125
-1.626953125
-1.55278320313
-1.684375
-1.53125
-1.57192382813
-1.60063476563
-1.6173828125
-1.6173828125
-1.59345703125
-1.56474609375
-1.55756835938
-1.55756835938
-1.57670898438
-1.55517578125
-1.665234375
-1.512109375
-1.50493164063
-1.49536132812
-1.44990234375
-1.44990234375
-1.39487304688
-1.39965820312
-1.45708007813
-1.45708007813
-1.5216796875
-1.54560546875
-1.66284179688
-1.50971679688
-1.49536132812
-1.50014648438
-1.50014648438
-1.512109375
-1.47622070313
-1.42836914063
-1.42836914063
-1.4546875
-1.49057617188
-1.48818359375
-1.48818359375
-1.44750976562
-1.44990234375
-1.49296875
-1.49296875
-1.47622070313
-1.45947265625
-1.4546875
-1.4546875
-1.43315429688
-1.4259765625
-1.43076171875
-1.43076171875
-1.44033203125
-1.4546875
-1.45229492188
-1.45229492188
-1.46186523438
-1.46186523438
-1.42836914063
-1.42836914063
-1.43315429688
-1.45708007813
-1.44990234375
-1.44990234375
-1.3876953125
-1.35659179688
-1.22739257813
-1.38051757813
-1.38291015625
-1.34702148438
-1.35180664062
-1.35180664062
-1.38051757813
-1.38291015625
-1.50014648438
-1.34702148438
-1.35659179688
-1.36376953125
-1.34702148438
-1.34702148438
-1.36137695313
-1.35419921875
-1.36376953125
-1.36376953125
-1.37573242188
-1.35659179688
-1.358984375
-1.358984375
-1.33745117188
-1.29677734375
-1.32548828125
-1.32548828125
-1.3494140625
-1.38051757813
-1.39008789063
-1.39008789063
-1.38530273438
-1.39248046875
-1.40922851563
-1.44750976562
-1.4068359375
-1.36137695313
-1.36616210938
-1.41879882813
-1.44750976562
-1.435546875
-1.42119140625
-1.43076171875
-1.43793945313
-1.4451171875
-1.44990234375
-1.47143554688
-1.48579101563
-1.48818359375
-1.46904296875
-1.44272460938
-1.46904296875
-1.48818359375
-1.51928710938
-1.56474609375
-1.473828125
-1.41879882813
-1.41879882813
-1.4068359375
-1.42119140625
-1.39965820312
-1.4259765625
-1.39487304688
-1.38291015625
-1.397265625
-1.41162109375
-1.43793945313
-1.42119140625
-1.42119140625
-1.397265625
-1.40922851563
-1.42836914063
-1.44033203125
-1.45947265625
-1.4546875
-1.45708007813
-1.44990234375
-1.47143554688
-1.48818359375
-1.46904296875
-1.473828125
-1.48579101563
-1.45947265625
-1.397265625
-1.3876953125
-1.44750976562
-1.5791015625
-1.57431640625
-1.5216796875
-1.45708007813
-1.4546875
-1.45708007813
-1.44990234375
-1.49296875
-1.45947265625
-1.46904296875
-1.512109375
-1.5408203125
-1.55278320313
-1.39487304688
-1.56474609375
-1.55517578125
-1.56713867188
-1.52885742188
-1.56953125
-1.53603515625
-1.38051757813
-1.5216796875
-1.5408203125
-1.50014648438
-1.48579101563
-1.48579101563
-1.50971679688
-1.49057617188
-1.47143554688
-1.49775390625
-1.46665039063
-1.4833984375
-1.4642578125
-1.4546875
-1.41162109375
-1.40922851563
-1.40922851563
-1.42358398438
-1.41162109375
-1.40205078125
-1.35659179688
-1.31352539063
-1.33984375
-1.3494140625
-1.26088867188
-1.282421875
-1.26806640625
-1.24174804688
-1.1962890625
-1.1580078125
-1.11015625
-1.09580078125
-1.08383789063
-1.12690429688
-1.16279296875
-1.14604492188
-1.13647460938
-1.19389648438
-1.09819335938
-1.07426757813
-1.03598632813
