-0.31103515625
-0.447412109375
-0.595751953125
-0.476123046875
-0.40673828125
-0.351708984375
-0.33974609375
-0.3158203125
-0.270361328125
-0.093310546875
-0.045458984375
0.098095703125
0.1626953125
0.33974609375
0.394775390625
0.555078125
0.60771484375
0.631640625
0.75126953125
0.90439453125
0.91396484375
0.88046875
0.91396484375
0.88525390625
0.835009765625
0.849365234375
0.80390625
0.715380859375
0.6890625
0.65078125
0.62685546875
0.739306640625
0.576611328125
0.504833984375
0.38759765625
0.428271484375
0.203369140625
0.1626953125
0.133984375
0.021533203125
-0.12919921875
-0.131591796875
-0.21533203125
-0.24404296875
-0.36845703125
-0.43544921875
-0.53115234375
-0.552685546875
-0.605322265625
-0.65556640625
-0.69384765625
-0.677099609375
-0.6890625
-0.708203125
-0.708203125
-0.708203125
-0.6220703125
-0.629248046875
-0.62685546875
-0.595751953125
-0.46416015625
-0.52158203125
-0.394775390625
-0.351708984375
-0.172265625
-0.303857421875
-0.198583984375
-0.169873046875
-0.11005859375
-0.05263671875
-0.145947265625
0.07177734375
0.093310546875
0.153125
0.019140625
0.189013671875
0.174658203125
0.141162109375
0.0861328125
0.0861328125
0.021533203125
-0.045458984375
-0.0765625
-0.145947265625
-0.2201171875
-0.260791015625
-0.172265625
-0.318212890625
-0.401953125
-0.409130859375
-0.447412109375
-0.308642578125
-0.5455078125
-0.562255859375
-0.552685546875
-0.58857421875
-0.57421875
-0.638818359375
-0.562255859375
-0.56943359375
-0.593359375
-0.543115234375
-0.5455078125
-0.571826171875
-0.52158203125
-0.4498046875
-0.42587890625
-0.43544921875
-0.40673828125
-0.401953125
-0.33017578125
-0.3349609375
-0.227294921875
-0.256005859375
-0.210546875
-0.155517578125
-0.117236328125
-0.141162109375
-0.057421875
-0.019140625
-0.002392578125
-0.016748046875
-0.002392578125
-0.045458984375
-0.0478515625
-0.026318359375
-0.011962890625
0.02392578125
0.06220703125
0.117236328125
0.112451171875
0.095703125
0.10048828125
0.078955078125
0.102880859375
0.0861328125
0.088525390625
0.102880859375
0.093310546875
0.10048828125
0.11484375
0.064599609375
0.098095703125
0.007177734375
0.1626953125
0.112451171875
0.117236328125
0.09091796875
0.08134765625
0.05263671875
0.069384765625
0.069384765625
0.0861328125
0.0861328125
0.045458984375
0.03828125
0.09091796875
0.074169921875
0.083740234375
0.0861328125
0.055029296875
0.007177734375
0.03349609375
0.0478515625
0.031103515625
-0.035888671875
-0.064599609375
-0.050244140625
-0.08134765625
-0.11962890625
-0.153125
-0.189013671875
-0.222509765625
-0.2775390625
-0.2775390625
-0.404345703125
-0.528759765625
-0.516796875
-0.495263671875
-0.50244140625
-0.571826171875
-0.629248046875
-0.753662109375
-0.787158203125
-0.878076171875
-0.95703125
-0.98095703125
-1.0431640625
-1.09580078125
-1.23217773438
-1.3111328125
-1.46186523438
-1.54560546875
-1.6078125
-1.75375976563
-1.83989257813
-1.94995117188
-2.00498046875
-2.13657226563
-2.22270507813
-2.29448242188
-2.47392578125
-2.52416992188
-2.61748046875
-2.7275390625
-2.75625
-2.775390625
-2.851953125
-2.89501953125
-2.9572265625
-2.94287109375
-2.928515625
-2.9380859375
-2.9380859375
-2.9189453125
-2.890234375
-2.83041992188
-2.74428710938
-2.61508789063
-2.53134765625
-2.46435546875
-2.2681640625
-2.201171875
-2.00737304688
-1.9236328125
-1.72504882813
-1.62934570313
-1.42119140625
-1.14365234375
-1.014453125
-1.02163085938
-0.777587890625
-0.691455078125
-0.461767578125
-0.361279296875
-0.20576171875
-0.078955078125
0.06220703125
0.093310546875
0.002392578125
0.189013671875
0.208154296875
0.284716796875
0.30625
0.28232421875
0.172265625
0.16748046875
0.150732421875
0.069384765625
0.011962890625
-0.145947265625
-0.150732421875
-0.217724609375
-0.284716796875
-0.413916015625
-0.5455078125
-0.485693359375
-0.59814453125
-0.734521484375
-0.806298828125
-0.72734375
-0.65078125
-0.772802734375
-0.95224609375
-1.00727539063
-0.452197265625
-0.35888671875
-0.303857421875
-0.227294921875
-0.1052734375
-0.083740234375
-0.064599609375
-0.145947265625
0.145947265625
0.002392578125
-0.007177734375
-0.083740234375
-0.117236328125
-0.19619140625
-0.236865234375
-0.34931640625
-0.437841796875
-0.516796875
-0.555078125
-0.6220703125
-0.72734375
-0.796728515625
-0.861328125
-0.873291015625
-0.95224609375
-0.940283203125
-1.00727539063
-0.983349609375
-1.13168945313
-1.08862304688
-1.11733398438
-1.13408203125
-1.1771484375
-1.14365234375
-1.12211914063
-1.1580078125
-1.22260742188
-1.14365234375
-1.12690429688
-1.12211914063
-1.09340820313
-1.00249023438
-1.02641601563
-1.00009765625
-0.954638671875
-0.940283203125
-0.899609375
-0.844580078125
-0.811083984375
-0.739306640625
-0.784765625
-0.768017578125
-0.782373046875
-0.91875
-0.7943359375
-0.823046875
-0.863720703125
-0.844580078125
-0.835009765625
-0.825439453125
-0.830224609375
-0.878076171875
-0.916357421875
-0.9283203125
-0.940283203125
-0.863720703125
-0.784765625
-0.88046875
-0.868505859375
-0.87568359375
-0.89482421875
-0.815869140625
-0.787158203125
-0.906787109375
-0.705810546875
-0.643603515625
-0.600537109375
-0.528759765625
-0.485693359375
-0.318212890625
-0.366064453125
-0.3158203125
-0.26796875
-0.22490234375
-0.112451171875
-0.0478515625
-0.007177734375
0.055029296875
0.083740234375
0.117236328125
0.20576171875
0.260791015625
0.16748046875
0.351708984375
0.40673828125
0.39716796875
0.4498046875
0.523974609375
0.509619140625
0.57900390625
0.576611328125
0.634033203125
0.720166015625
0.677099609375
0.77041015625
0.71298828125
0.777587890625
0.782373046875
0.74169921875
0.91396484375
0.64599609375
0.78955078125
0.787158203125
0.708203125
0.72255859375
0.669921875
0.6603515625
0.631640625
0.55986328125
0.552685546875
0.547900390625
0.428271484375
0.37802734375
0.34453125
0.284716796875
0.1818359375
0.1244140625
0.10048828125
0.078955078125
0.078955078125
-0.026318359375
-0.232080078125
-0.29189453125
-0.39716796875
-0.38759765625
-0.394775390625
-0.48330078125
-0.763232421875
-0.801513671875
-0.858935546875
-0.79912109375
-0.9953125
-1.09340820313
-1.08383789063
-1.12211914063
-1.2154296875
-1.34223632813
-1.23935546875
-1.30634765625
-1.34462890625
-1.320703125
-1.35659179688
-1.44272460938
-1.4833984375
-1.4546875
-1.46186523438
-1.57670898438
-1.62934570313
-1.63413085938
-1.53842773438
-1.512109375
-1.397265625
-1.53842773438
-1.39965820312
-1.550390625
-1.55517578125
-1.59584960938
-1.59106445313
-1.6173828125
-1.62456054688
-1.64130859375
-1.665234375
-1.65087890625
-1.65087890625
-1.64609375
-1.63413085938
-1.67241210938
-1.6173828125
-1.60302734375
-1.6173828125
-1.64370117188
-1.65805664063
-1.62456054688
-1.59106445313
-1.56953125
-1.50971679688
-1.48579101563
-1.473828125
-1.47622070313
-1.44272460938
-1.39008789063
-1.358984375
-1.32788085938
-1.30634765625
-1.31831054688
-1.320703125
-1.32309570313
-1.29916992188
-1.25849609375
-1.21303710938
-1.19389648438
-1.18193359375
-1.16279296875
-1.11015625
-1.11254882812
-1.11494140625
-1.08623046875
-1.11015625
-1.26088867188
-1.17475585938
-1.1580078125
-1.04555664063
-0.97138671875
-0.988134765625
-1.00249023438
-0.959423828125
-0.921142578125
-0.95224609375
-0.940283203125
-0.973779296875
-1.052734375
-1.16040039062
-1.2919921875
-1.34223632813
-1.45708007813
-1.48818359375
-1.49536132812
-1.5408203125
-1.61499023438
-1.62216796875
-1.626953125
-1.60302734375
-1.6173828125
-1.60063476563
-1.62456054688
