-0.318212890625
-0.21533203125
-0.11005859375
0.002392578125
0.09091796875
0.02392578125
0.198583984375
0.203369140625
0.227294921875
0.26796875
0.241650390625
0.210546875
0.2392578125
0.203369140625
0.019140625
0.212939453125
0.198583984375
0.24404296875
0.172265625
0.34931640625
0.37802734375
0.4498046875
0.516796875
0.495263671875
0.631640625
0.69384765625
0.72255859375
0.7751953125
0.82783203125
0.823046875
0.8900390625
0.88046875
0.921142578125
0.935498046875
0.9283203125
0.940283203125
0.899609375
0.873291015625
0.729736328125
0.72255859375
0.681884765625
0.6220703125
0.54072265625
0.47373046875
0.459375
0.3923828125
0.2775390625
0.299072265625
0.184228515625
0.198583984375
0.20576171875
0.04306640625
0.021533203125
-0.019140625
-0.09091796875
-0.136376953125
-0.24404296875
-0.279931640625
-0.351708984375
-0.34453125
-0.380419921875
-0.399560546875
-0.60771484375
-0.478515625
-0.56943359375
-0.543115234375
-0.55029296875
-0.478515625
-0.65556640625
-0.720166015625
-0.753662109375
-0.823046875
-0.830224609375
-0.854150390625
-0.849365234375
-0.8421875
-0.90439453125
-0.868505859375
-0.8708984375
-0.868505859375
-0.89482421875
-0.87568359375
-0.906787109375
-0.820654296875
-0.81826171875
-0.91396484375
-0.806298828125
-0.696240234375
-0.734521484375
-0.619677734375
-0.327783203125
-0.514404296875
-0.839794921875
-0.78955078125
-0.6412109375
-0.648388671875
-0.600537109375
-0.753662109375
-0.49765625
-0.547900390625
-0.6794921875
-0.145947265625
-0.380419921875
-0.571826171875
-0.40673828125
-0.30625
-0.260791015625
-0.351708984375
-0.33974609375
-0.299072265625
-0.20576171875
-0.25361328125
-0.303857421875
-0.399560546875
-0.155517578125
-0.1244140625
-0.045458984375
-0.06220703125
-0.0765625
-0.1244140625
-0.095703125
-0.083740234375
-0.031103515625
-0.031103515625
0.011962890625
0.045458984375
0.107666015625
0.16748046875
0.2296875
0.251220703125
0.29189453125
0.241650390625
0.657958984375
0.52158203125
0.356494140625
0.480908203125
0.66513671875
0.5646484375
0.581396484375
0.57900390625
0.61728515625
0.5837890625
0.758447265625
0.629248046875
0.6125
0.58857421875
0.638818359375
0.669921875
0.677099609375
0.715380859375
0.8134765625
0.744091796875
0.72734375
0.70341796875
0.765625
0.765625
0.69384765625
0.715380859375
0.672314453125
0.634033203125
0.6220703125
0.643603515625
0.552685546875
0.581396484375
0.49287109375
0.47373046875
0.557470703125
0.480908203125
0.4880859375
0.58857421875
0.42587890625
0.4115234375
0.437841796875
0.35888671875
0.325390625
0.31103515625
0.179443359375
0.28232421875
0.112451171875
0.055029296875
0.035888671875
-0.13876953125
-0.28232421875
-0.366064453125
-0.24404296875
-0.256005859375
-0.33974609375
-0.5359375
-0.6029296875
-0.638818359375
-0.64599609375
-0.86611328125
-0.992919921875
-1.07905273438
-1.09819335938
-1.378125
-1.40205078125
-1.64130859375
-1.67001953125
-1.66762695313
-1.69633789063
-1.75615234375
-1.67001953125
-1.66284179688
-1.50014648438
-1.71069335938
-1.67958984375
-1.63891601563
-1.35659179688
-1.22021484375
-1.13647460938
-0.686669921875
-0.5263671875
-0.523974609375
-0.523974609375
-0.5455078125
-0.533544921875
-0.600537109375
-0.590966796875
-0.5359375
-0.710595703125
-0.638818359375
-0.485693359375
-0.42109375
-0.32060546875
-0.24404296875
0.01435546875
0.055029296875
0.1626953125
0.385205078125
0.413916015625
0.3923828125
0.210546875
0.174658203125
0.117236328125
0.02392578125
-0.13876953125
-0.17705078125
-0.251220703125
-0.21533203125
-0.23447265625
-0.260791015625
-0.418701171875
-0.179443359375
-0.32060546875
-0.461767578125
-0.4498046875
-0.514404296875
-0.57421875
-0.66513671875
-0.691455078125
-0.667529296875
-0.748876953125
-0.796728515625
-0.863720703125
-0.9091796875
-0.91875
-0.9091796875
-0.916357421875
-0.88525390625
-0.897216796875
-0.897216796875
-1.0431640625
-0.86611328125
-0.911572265625
-0.8708984375
-0.844580078125
-0.80869140625
-0.772802734375
-0.746484375
-0.724951171875
-0.705810546875
-0.638818359375
-0.610107421875
-0.562255859375
-0.5263671875
-0.4880859375
-0.610107421875
-0.433056640625
-0.35888671875
-0.34931640625
-0.322998046875
-0.299072265625
-0.251220703125
-0.25361328125
-0.275146484375
-0.227294921875
-0.318212890625
-0.2775390625
-0.30625
-0.34453125
-0.24404296875
-0.23447265625
-0.33974609375
-0.318212890625
-0.447412109375
-0.514404296875
-0.461767578125
-0.308642578125
-0.332568359375
-0.35888671875
-0.442626953125
-0.50244140625
-0.538330078125
-0.480908203125
-0.48330078125
-0.466552734375
-0.437841796875
-0.456982421875
-0.394775390625
-0.413916015625
-0.418701171875
-0.39716796875
-0.375634765625
-0.394775390625
-0.35888671875
-0.41630859375
-0.4306640625
-0.3923828125
-0.409130859375
-0.3732421875
-0.361279296875
-0.356494140625
-0.442626953125
-0.442626953125
-0.401953125
-0.31103515625
-0.30146484375
-0.284716796875
-0.313427734375
-0.3349609375
-0.342138671875
-0.322998046875
-0.15791015625
-0.33974609375
-0.346923828125
-0.299072265625
-0.275146484375
-0.260791015625
-0.256005859375
-0.270361328125
-0.260791015625
-0.260791015625
-0.2201171875
-0.165087890625
-0.179443359375
-0.30625
-0.136376953125
-0.145947265625
-0.10048828125
-0.112451171875
-0.04306640625
-0.07177734375
-0.016748046875
-0.016748046875
0.011962890625
0.019140625
0.040673828125
0.06220703125
0.069384765625
0.078955078125
0.059814453125
0.083740234375
0.150732421875
0.141162109375
0.136376953125
0.126806640625
0.150732421875
0.145947265625
0.136376953125
0.15791015625
0.13876953125
0.153125
0.1244140625
0.021533203125
0.165087890625
0.174658203125
0.189013671875
0.18662109375
0.13876953125
0.11962890625
0.1244140625
0.1052734375
0.095703125
0.107666015625
0.102880859375
0.035888671875
-0.007177734375
-0.03349609375
-0.007177734375
-0.040673828125
-0.05263671875
-0.0861328125
-0.117236328125
-0.136376953125
-0.2296875
-0.2392578125
-0.193798828125
-0.222509765625
-0.198583984375
-0.2775390625
-0.284716796875
-0.1626953125
-0.325390625
-0.27275390625
-0.303857421875
-0.346923828125
-0.34453125
-0.33974609375
-0.4306640625
-0.485693359375
-0.466552734375
-0.476123046875
-0.4689453125
-0.476123046875
-0.49287109375
-0.576611328125
-0.58857421875
-0.5646484375
-0.543115234375
-0.58857421875
-0.638818359375
-0.638818359375
-0.686669921875
-0.710595703125
-0.705810546875
-0.705810546875
-0.691455078125
-0.71298828125
-0.7369140625
-0.815869140625
-0.854150390625
-0.887646484375
-0.8326171875
-0.691455078125
-0.708203125
-0.748876953125
-0.7751953125
-0.8134765625
-0.77041015625
-0.806298828125
-0.85654296875
-0.8326171875
-0.801513671875
-0.854150390625
-0.878076171875
-0.79912109375
-0.81826171875
-0.8421875
-0.82783203125
-0.820654296875
-0.854150390625
-0.8708984375
-0.79912109375
-0.796728515625
-0.811083984375
-0.79912109375
-0.777587890625
-0.806298828125
-0.782373046875
-0.82783203125
-0.796728515625
-0.784765625
-0.7751953125
-0.7943359375
-0.8326171875
-0.7943359375
-0.80869140625
-0.83740234375
-0.825439453125
-0.83740234375
-0.878076171875
-0.911572265625
-0.882861328125
-0.873291015625
-0.906787109375
-0.964208984375
-0.94267578125
-0.949853515625
-0.98095703125
-1.02880859375
-1.03120117188
-1.0048828125
-0.9857421875
-1.00009765625
-1.014453125
-0.9666015625
-0.954638671875
-1.014453125
-1.0240234375
-0.9283203125
-0.954638671875
-0.93310546875
-0.9283203125
-0.930712890625
-0.93310546875
-0.968994140625
-0.978564453125
-0.997705078125
-0.99052734375
