-0.0287109375
0.045458984375
0.069384765625
0.057421875
0.1052734375
0.02392578125
0.18662109375
0.193798828125
0.210546875
0.246435546875
0.21533203125
0.27275390625
0.29189453125
0.2583984375
0.299072265625
0.23447265625
0.179443359375
0.22490234375
0.2392578125
0.227294921875
0.227294921875
0.155517578125
0.13876953125
0.074169921875
0.055029296875
0.021533203125
0.145947265625
0.0
-0.102880859375
-0.0669921875
-0.141162109375
-0.107666015625
-0.1052734375
-0.14833984375
-0.17705078125
-0.21533203125
-0.287109375
-0.279931640625
-0.394775390625
-0.49765625
-0.595751953125
-0.71298828125
-0.839794921875
-0.8708984375
-0.968994140625
-1.06708984375
-1.06469726562
-1.09580078125
-1.05034179688
-0.96181640625
-0.921142578125
-0.868505859375
-0.765625
-0.701025390625
-0.58857421875
-0.516796875
-0.466552734375
-0.37802734375
-0.32060546875
-0.248828125
-0.2392578125
-0.15791015625
-0.12919921875
-0.153125
-0.11962890625
-0.126806640625
-0.160302734375
-0.1818359375
-0.189013671875
-0.25361328125
-0.217724609375
-0.2392578125
-0.30146484375
-0.136376953125
-0.346923828125
-0.31103515625
-0.11005859375
-0.1244140625
-0.15791015625
-0.122021484375
-0.03349609375
-0.069384765625
-0.021533203125
-0.016748046875
-0.126806640625
-0.03828125
-0.10048828125
-0.045458984375
-0.055029296875
-0.117236328125
-0.184228515625
-0.210546875
-0.24404296875
-0.299072265625
-0.284716796875
-0.2392578125
-0.15791015625
-0.325390625
-0.318212890625
-0.33017578125
-0.35888671875
-0.447412109375
-0.45458984375
-0.5359375
-0.571826171875
-0.576611328125
-0.63642578125
-0.64599609375
-0.6794921875
-0.66513671875
-0.715380859375
-0.744091796875
-0.669921875
-0.677099609375
-0.6794921875
-0.7560546875
-0.768017578125
-0.791943359375
-0.79912109375
-0.75126953125
-0.87568359375
-0.9474609375
-0.9857421875
-1.03598632813
-1.07905273438
-1.13647460938
-1.18193359375
-1.18432617188
-1.20346679688
-1.24174804688
-1.22978515625
-1.28002929688
-1.3685546875
-1.4546875
-1.56713867188
-1.5982421875
-1.58149414063
-1.55278320313
-1.6173828125
-1.71069335938
-1.76811523438
-1.55278320313
-1.63173828125
-1.8279296875
-1.85185546875
-1.72983398438
-1.64130859375
-1.68198242188
-1.74418945313
-1.77768554688
-1.75615234375
-1.83032226563
-1.65087890625
-1.63413085938
-1.63173828125
-1.62934570313
-1.60302734375
-1.61499023438
-1.53364257813
-1.50014648438
-1.47622070313
-1.45229492188
-1.42119140625
-1.39487304688
-1.37333984375
-1.244140625
-1.41640625
-1.3876953125
-1.38530273438
-1.37333984375
-1.42119140625
-1.42358398438
-1.435546875
-1.41640625
-1.44033203125
-1.41401367188
-1.39248046875
-1.42358398438
-1.4451171875
-1.41162109375
-1.39965820312
-1.40922851563
-1.32788085938
-1.35180664062
-1.35419921875
-1.23935546875
-1.39965820312
-1.3302734375
-1.3111328125
-1.22739257813
-1.18193359375
-1.167578125
-1.23935546875
-1.19150390625
-1.07426757813
-1.23935546875
-1.167578125
-1.16040039062
-1.18671875
-1.1580078125
-1.13647460938
-1.09340820313
-1.09819335938
-1.08862304688
-1.07426757813
-1.05751953125
-1.04555664063
-0.94267578125
-0.887646484375
-0.916357421875
-0.902001953125
-0.978564453125
-0.949853515625
-0.916357421875
-0.861328125
-0.84697265625
-0.796728515625
-0.763232421875
-0.784765625
-0.801513671875
-0.796728515625
-0.784765625
-0.710595703125
-0.715380859375
-0.758447265625
-0.72255859375
-0.6986328125
-0.614892578125
-0.6029296875
-0.57900390625
-0.51201171875
-0.504833984375
-0.49765625
-0.514404296875
-0.437841796875
-0.37802734375
-0.313427734375
-0.270361328125
-0.22490234375
-0.222509765625
-0.2201171875
-0.14833984375
-0.133984375
-0.0669921875
-0.019140625
-0.016748046875
0.0095703125
0.0478515625
0.11005859375
0.07177734375
0.095703125
0.145947265625
0.21533203125
0.294287109375
0.160302734375
0.3923828125
0.401953125
0.275146484375
0.19140625
0.260791015625
0.35888671875
0.401953125
0.629248046875
0.6603515625
0.629248046875
0.6220703125
0.5455078125
0.52158203125
0.45458984375
0.456982421875
0.53115234375
0.53115234375
0.5072265625
0.495263671875
0.519189453125
0.547900390625
0.5359375
0.555078125
0.543115234375
0.509619140625
0.509619140625
0.490478515625
0.452197265625
0.461767578125
0.466552734375
0.43544921875
0.363671875
0.299072265625
0.25361328125
0.1818359375
0.179443359375
0.172265625
0.12919921875
0.026318359375
0.02392578125
-0.016748046875
-0.06220703125
-0.078955078125
-0.06220703125
-0.0861328125
-0.11005859375
-0.155517578125
-0.193798828125
-0.24404296875
-0.26796875
-0.294287109375
-0.332568359375
-0.44501953125
-0.44501953125
-0.49287109375
-0.5263671875
-0.5646484375
-0.5455078125
-0.538330078125
-0.624462890625
-0.669921875
-0.686669921875
-0.768017578125
-0.80869140625
-0.873291015625
-0.91396484375
-0.9666015625
-1.01923828125
-1.04555664063
-1.071875
-1.11254882812
-1.1197265625
-1.18911132813
-1.21303710938
-1.23217773438
-1.26806640625
-1.31591796875
-1.36616210938
-1.42836914063
-1.5216796875
-1.32788085938
-1.32548828125
-1.35180664062
-1.473828125
-1.473828125
-1.49775390625
-1.46665039063
-1.48818359375
-1.46186523438
-1.512109375
-1.47622070313
-1.46186523438
-1.435546875
-1.46186523438
-1.45708007813
-1.42358398438
-1.41640625
-1.40444335938
-1.3685546875
-1.38530273438
-1.3685546875
-1.34702148438
-1.28481445313
-1.26088867188
-1.28959960938
-1.23935546875
-1.19868164063
-1.14365234375
-1.14125976563
-1.13408203125
-1.13408203125
-1.09340820313
-1.03359375
-1.02163085938
-0.99052734375
-0.95703125
-0.954638671875
-0.964208984375
-0.96181640625
-0.892431640625
-0.930712890625
-1.02880859375
-0.86611328125
-0.86611328125
-0.868505859375
-0.873291015625
-0.80390625
-0.82783203125
-0.806298828125
-0.823046875
-0.844580078125
-0.80869140625
-0.8326171875
-0.835009765625
-0.82783203125
-0.82783203125
-0.873291015625
-0.91875
-0.861328125
-0.8517578125
-0.85654296875
-0.87568359375
-0.796728515625
-0.78955078125
-0.80869140625
-0.8326171875
-0.811083984375
-0.806298828125
-0.7751953125
-0.777587890625
-0.777587890625
-0.77998046875
-0.758447265625
-0.7560546875
-0.7751953125
-0.768017578125
-0.782373046875
-0.787158203125
-0.753662109375
-0.765625
-0.7369140625
-0.744091796875
-0.76083984375
-0.823046875
-0.82783203125
-0.878076171875
-0.868505859375
-0.902001953125
-1.00966796875
-1.03598632813
-0.92353515625
-1.10297851563
-1.09819335938
-1.15083007813
-1.19868164063
-1.23935546875
-1.2537109375
-1.27763671875
-1.27763671875
-1.3015625
-1.2728515625
-1.24174804688
-1.22978515625
-1.24653320313
-1.20825195312
-1.1771484375
-1.1197265625
-1.04794921875
-0.945068359375
-0.940283203125
-0.87568359375
-0.858935546875
-0.90439453125
-0.746484375
-0.77041015625
-0.7751953125
-0.734521484375
-0.69384765625
-0.715380859375
-0.73212890625
-0.75126953125
-0.73212890625
-0.672314453125
-0.653173828125
-0.758447265625
-0.595751953125
-0.562255859375
-0.55986328125
-0.514404296875
-0.56943359375
-0.677099609375
-0.4306640625
-0.3541015625
-0.35888671875
-0.401953125
-0.440234375
-0.380419921875
-0.270361328125
-0.256005859375
-0.246435546875
-0.203369140625
-0.212939453125
-0.265576171875
-0.332568359375
-0.380419921875
-0.456982421875
-0.466552734375
-0.5359375
-0.590966796875
-0.504833984375
-0.753662109375
-0.8134765625
-0.906787109375
-0.899609375
-0.80390625
-0.97138671875
-1.03120117188
-1.03837890625
-1.0431640625
-1.06469726562
-1.06948242188
-1.03359375
-1.04555664063
-1.08862304688
-1.04555664063
