0.696240234375
0.66513671875
0.71298828125
0.68427734375
0.681884765625
0.691455078125
0.691455078125
0.62685546875
0.629248046875
0.643603515625
0.624462890625
0.634033203125
0.631640625
0.538330078125
0.555078125
0.600537109375
0.528759765625
0.590966796875
0.4689453125
0.744091796875
0.5072265625
0.57900390625
0.64599609375
0.662744140625
0.6986328125
0.710595703125
0.65556640625
0.6794921875
0.708203125
0.65078125
0.593359375
0.55029296875
0.562255859375
0.5359375
0.533544921875
0.543115234375
0.51201171875
0.485693359375
0.51201171875
0.43544921875
0.394775390625
0.361279296875
0.399560546875
0.361279296875
0.375634765625
0.3732421875
0.3828125
0.3828125
0.4115234375
0.380419921875
0.3828125
0.337353515625
0.332568359375
0.346923828125
0.346923828125
0.318212890625
0.25361328125
0.27275390625
0.246435546875
0.217724609375
0.172265625
0.1626953125
0.141162109375
0.1052734375
0.088525390625
0.03828125
-0.00478515625
-0.057421875
-0.093310546875
-0.189013671875
-0.222509765625
-0.260791015625
-0.294287109375
-0.361279296875
-0.356494140625
-0.401953125
-0.452197265625
-0.5072265625
-0.552685546875
-0.562255859375
-0.552685546875
-0.52158203125
-0.509619140625
-0.459375
-0.46416015625
-0.409130859375
-0.389990234375
-0.401953125
-0.299072265625
-0.2392578125
-0.2296875
-0.172265625
-0.122021484375
-0.088525390625
-0.153125
0.002392578125
0.05263671875
0.06220703125
0.08134765625
0.11484375
0.0669921875
0.270361328125
0.294287109375
0.279931640625
0.29189453125
0.294287109375
0.284716796875
0.3541015625
0.4115234375
0.58857421875
0.62685546875
0.696240234375
0.68427734375
0.71298828125
0.74169921875
0.72255859375
0.787158203125
0.8517578125
0.887646484375
0.9666015625
0.96181640625
0.925927734375
0.844580078125
0.811083984375
0.76083984375
0.648388671875
0.763232421875
1.03359375
1.03359375
0.8134765625
0.734521484375
0.62685546875
0.55986328125
0.461767578125
0.428271484375
0.459375
0.459375
0.413916015625
0.41630859375
0.3923828125
0.3541015625
0.251220703125
0.26796875
0.294287109375
0.303857421875
0.287109375
0.246435546875
0.17705078125
0.1052734375
0.057421875
0.03349609375
0.0095703125
0.14833984375
-0.04306640625
-0.083740234375
-0.112451171875
-0.15791015625
-0.193798828125
-0.217724609375
-0.212939453125
-0.241650390625
-0.3158203125
-0.370849609375
-0.418701171875
-0.471337890625
-0.50244140625
-0.504833984375
-0.528759765625
-0.562255859375
-0.610107421875
-0.691455078125
-0.74169921875
-0.791943359375
-0.7943359375
-0.82783203125
-0.823046875
-0.820654296875
-0.7751953125
-0.935498046875
-0.88525390625
-0.899609375
-0.940283203125
-0.978564453125
-0.9857421875
-1.02163085938
-1.05751953125
-0.96181640625
-0.8900390625
-0.988134765625
-1.03120117188
-0.9666015625
-0.91875
-0.90439453125
-0.91875
-0.925927734375
-0.892431640625
-0.902001953125
-0.854150390625
-0.861328125
-0.8326171875
-0.830224609375
-0.85654296875
-0.82783203125
-0.8421875
-0.8134765625
-0.820654296875
-0.801513671875
-0.7943359375
-0.777587890625
-0.746484375
-0.75126953125
-0.72255859375
-0.724951171875
-0.7369140625
-0.70341796875
-0.64599609375
-0.58857421875
-0.55986328125
-0.557470703125
-0.552685546875
-0.533544921875
-0.53115234375
-0.4689453125
-0.3923828125
-0.385205078125
-0.370849609375
-0.3541015625
-0.3732421875
-0.337353515625
-0.2966796875
-0.32060546875
-0.35888671875
-0.294287109375
-0.27275390625
-0.279931640625
-0.28232421875
-0.25361328125
-0.241650390625
-0.19140625
-0.193798828125
-0.203369140625
-0.232080078125
-0.20576171875
-0.15791015625
-0.153125
-0.133984375
-0.11005859375
-0.083740234375
-0.098095703125
-0.102880859375
-0.093310546875
-0.04306640625
-0.026318359375
-0.1435546875
0.0287109375
0.0478515625
0.078955078125
0.078955078125
0.093310546875
0.074169921875
0.0861328125
0.083740234375
0.10048828125
0.1052734375
0.102880859375
0.10048828125
0.095703125
0.107666015625
0.11005859375
0.126806640625
0.179443359375
0.155517578125
0.1818359375
0.217724609375
0.21533203125
0.275146484375
0.265576171875
0.2392578125
0.279931640625
0.299072265625
0.28232421875
0.165087890625
0.356494140625
0.3541015625
0.389990234375
0.389990234375
0.437841796875
0.3541015625
0.361279296875
0.389990234375
0.428271484375
0.48330078125
0.538330078125
0.593359375
0.6794921875
0.68427734375
0.734521484375
0.796728515625
0.82783203125
0.806298828125
0.8708984375
0.8517578125
0.878076171875
0.902001953125
0.90439453125
0.921142578125
0.95703125
0.954638671875
0.9283203125
0.8900390625
0.784765625
0.7943359375
0.787158203125
0.75126953125
0.720166015625
0.70341796875
0.696240234375
0.6890625
0.638818359375
0.638818359375
0.619677734375
0.52158203125
0.4880859375
0.4498046875
0.327783203125
0.34453125
0.2966796875
0.29189453125
0.212939453125
0.174658203125
0.093310546875
0.06220703125
-0.07177734375
-0.08134765625
-0.14833984375
-0.14833984375
-0.15791015625
-0.227294921875
-0.246435546875
-0.27275390625
-0.275146484375
-0.26796875
-0.27275390625
-0.27275390625
-0.287109375
-0.294287109375
-0.28232421875
-0.299072265625
-0.35888671875
-0.313427734375
-0.322998046875
-0.356494140625
-0.36845703125
-0.36845703125
-0.375634765625
-0.409130859375
-0.4115234375
-0.3828125
-0.375634765625
-0.44501953125
-0.363671875
-0.3541015625
-0.37802734375
-0.380419921875
-0.389990234375
-0.299072265625
-0.24404296875
-0.24404296875
-0.30625
-0.375634765625
-0.418701171875
-0.38759765625
-0.3158203125
-0.313427734375
-0.303857421875
-0.30625
-0.313427734375
-0.318212890625
-0.322998046875
-0.308642578125
-0.313427734375
-0.356494140625
-0.294287109375
-0.31103515625
-0.41630859375
-0.26318359375
-0.232080078125
-0.241650390625
-0.232080078125
-0.18662109375
-0.131591796875
-0.145947265625
-0.0669921875
-0.08134765625
-0.035888671875
-0.026318359375
-0.0287109375
-0.002392578125
0.026318359375
0.002392578125
-0.02392578125
-0.011962890625
0.050244140625
0.069384765625
0.088525390625
0.122021484375
0.0861328125
0.0861328125
0.083740234375
0.069384765625
0.06220703125
0.093310546875
0.069384765625
0.026318359375
0.059814453125
0.07177734375
0.035888671875
0.031103515625
0.06220703125
0.021533203125
-0.021533203125
-0.035888671875
-0.040673828125
-0.093310546875
-0.1052734375
-0.078955078125
-0.031103515625
-0.02392578125
-0.055029296875
-0.069384765625
-0.0765625
-0.059814453125
-0.035888671875
-0.098095703125
-0.04306640625
0.0095703125
0.03349609375
0.0478515625
0.0669921875
0.093310546875
0.093310546875
0.007177734375
0.150732421875
0.11484375
0.17705078125
0.174658203125
0.25361328125
0.284716796875
0.241650390625
0.26318359375
0.260791015625
0.222509765625
0.23447265625
0.251220703125
0.275146484375
0.265576171875
0.210546875
0.2201171875
0.15791015625
0.184228515625
0.1244140625
0.057421875
0.045458984375
-0.002392578125
-0.095703125
-0.112451171875
-0.11005859375
-0.133984375
-0.172265625
-0.172265625
-0.22490234375
-0.260791015625
-0.2583984375
-0.26796875
-0.26796875
-0.19619140625
-0.17705078125
-0.133984375
-0.107666015625
-0.07177734375
-0.102880859375
-0.045458984375
-0.06220703125
-0.1052734375
-0.069384765625
-0.03828125
-0.145947265625
0.0
-0.136376953125
0.107666015625
0.107666015625
0.133984375
0.133984375
0.131591796875
0.184228515625
0.160302734375
0.20576171875
0.294287109375
0.179443359375
0.3828125
