-1.16040039062
-1.129296875
-1.16040039062
-1.16279296875
-1.17236328125
-1.16279296875
-1.15561523438
-1.08623046875
-1.052734375
-1.11494140625
-1.1388671875
-1.18911132813
-1.19150390625
-1.17954101563
-1.15561523438
-1.12451171875
-1.11494140625
-1.08862304688
-1.052734375
-1.13408203125
-1.20107421875
-1.19150390625
-1.16518554688
-1.129296875
-1.08623046875
-1.0814453125
-1.11494140625
-1.11015625
-1.20346679688
-1.03359375
-1.10537109375
-1.12451171875
-1.12690429688
-1.1005859375
-1.09819335938
-1.05512695313
-1.07426757813
-1.071875
-1.0240234375
-1.00727539063
-1.01684570312
-1.01684570312
-1.00727539063
-1.0048828125
-1.00966796875
-0.96181640625
-0.983349609375
-0.983349609375
-0.97138671875
-1.00249023438
-0.997705078125
-1.02880859375
-1.06469726562
-0.94267578125
-0.9283203125
-1.04077148438
-1.06708984375
-1.06948242188
-1.20825195312
-1.03359375
-1.06948242188
-1.09580078125
-1.13408203125
-1.16518554688
-1.16040039062
-1.15322265625
-1.15322265625
-1.17954101563
-1.225
-1.225
-1.23217773438
-1.2345703125
-1.26088867188
-1.28481445313
-1.26806640625
-1.3111328125
-1.3015625
-1.3302734375
-1.30634765625
-1.320703125
-1.358984375
-1.33505859375
-1.32309570313
-1.30874023438
-1.3111328125
-1.30874023438
-1.33745117188
-1.36137695313
-1.3111328125
-1.34702148438
-1.31831054688
-1.31591796875
-1.33745117188
-1.38291015625
-1.40205078125
-1.38530273438
-1.35659179688
-1.37094726563
-1.3685546875
-1.39487304688
-1.41162109375
-1.37573242188
-1.24174804688
-1.37333984375
-1.358984375
-1.34702148438
-1.37573242188
-1.39965820312
-1.44033203125
-1.52646484375
-1.34702148438
-1.34462890625
-1.320703125
-1.27524414063
-1.28481445313
-1.2919921875
-1.31352539063
-1.33266601563
-1.3111328125
-1.31352539063
-1.33266601563
-1.31352539063
-1.28481445313
-1.27763671875
-1.31831054688
-1.29438476563
-1.2728515625
-1.32548828125
-1.28720703125
-1.29438476563
-1.282421875
-1.28002929688
-1.28002929688
-1.28481445313
-1.1580078125
-1.17236328125
-1.16997070313
-1.17954101563
-1.19389648438
-1.20346679688
-1.16997070313
-1.14604492188
-1.15083007813
-1.07905273438
-1.10297851563
-1.1005859375
-1.10537109375
-1.09819335938
-1.05034179688
-1.07666015625
-1.18193359375
-1.01684570312
-1.0048828125
-0.9666015625
-0.954638671875
-0.921142578125
-0.863720703125
-0.86611328125
-0.823046875
-0.791943359375
-0.772802734375
-0.75126953125
-0.7560546875
-0.72734375
-0.710595703125
-0.729736328125
-0.724951171875
-0.6890625
-0.6986328125
-0.69384765625
-0.667529296875
-0.681884765625
-0.653173828125
-0.653173828125
-0.629248046875
-0.686669921875
-0.681884765625
-0.657958984375
-0.648388671875
-0.657958984375
-0.66513671875
-0.657958984375
-0.64599609375
-0.6890625
-0.686669921875
-0.66513671875
-0.667529296875
-0.672314453125
-0.696240234375
-0.6986328125
-0.729736328125
-0.705810546875
-0.76083984375
-0.77998046875
-0.782373046875
-0.77041015625
-0.768017578125
-0.835009765625
-0.849365234375
-0.80390625
-0.765625
-0.80869140625
-0.782373046875
-0.729736328125
-0.758447265625
-0.7560546875
-0.74169921875
-0.734521484375
-0.708203125
-0.73212890625
-0.710595703125
-0.6603515625
-0.662744140625
-0.729736328125
-0.777587890625
-0.83740234375
-0.80869140625
-0.899609375
-0.746484375
-0.715380859375
-0.708203125
-0.72255859375
-0.72734375
-0.772802734375
-0.77998046875
-0.77041015625
-0.916357421875
-0.763232421875
-0.744091796875
-0.744091796875
-0.739306640625
-0.739306640625
-0.765625
-0.806298828125
-0.820654296875
-0.820654296875
-0.854150390625
-0.86611328125
-0.854150390625
-0.8134765625
-0.89482421875
-0.74169921875
-0.710595703125
-0.729736328125
-0.724951171875
-0.724951171875
-0.724951171875
-0.746484375
-0.772802734375
-0.772802734375
-0.820654296875
-0.85654296875
-0.84697265625
-0.84697265625
-0.80390625
-0.80869140625
-0.784765625
-0.746484375
-0.777587890625
-0.765625
-0.76083984375
-0.772802734375
-0.777587890625
-0.820654296875
-0.921142578125
-1.071875
-0.88525390625
-0.858935546875
-0.823046875
-0.8134765625
-0.8517578125
-0.8517578125
-0.8708984375
-0.887646484375
-0.91875
-0.937890625
-0.95224609375
-0.95224609375
-0.959423828125
-0.897216796875
-0.90439453125
-0.992919921875
-0.992919921875
-0.992919921875
-0.97138671875
-0.96181640625
-0.94267578125
-0.94267578125
-0.949853515625
-0.978564453125
-0.9857421875
-0.9857421875
-0.973779296875
-0.964208984375
-0.968994140625
-0.968994140625
-0.968994140625
-0.940283203125
-0.8900390625
-0.8900390625
-0.85654296875
-0.8421875
-0.8326171875
-0.8326171875
-0.796728515625
-0.724951171875
-0.72255859375
-0.72255859375
-0.7369140625
-0.701025390625
-0.70341796875
-0.70341796875
-0.705810546875
-0.6890625
-0.686669921875
-0.686669921875
-0.6794921875
-0.634033203125
-0.76083984375
-0.60771484375
-0.614892578125
-0.610107421875
-0.47373046875
-0.62685546875
-0.629248046875
-0.605322265625
-0.6029296875
-0.6029296875
-0.593359375
-0.571826171875
-0.538330078125
-0.538330078125
-0.485693359375
-0.4689453125
-0.471337890625
-0.471337890625
-0.48330078125
-0.47373046875
-0.4689453125
-0.4689453125
-0.480908203125
-0.50244140625
-0.53115234375
-0.53115234375
-0.55029296875
-0.56943359375
-0.56943359375
-0.56943359375
-0.5359375
-0.480908203125
-0.49287109375
-0.49287109375
-0.519189453125
-0.51201171875
-0.53115234375
-0.53115234375
-0.5837890625
-0.614892578125
-0.624462890625
-0.624462890625
-0.64599609375
-0.6412109375
-0.643603515625
-0.643603515625
-0.638818359375
-0.634033203125
-0.65556640625
-0.65556640625
-0.667529296875
-0.75126953125
-0.691455078125
-0.844580078125
-0.887646484375
-0.878076171875
-0.844580078125
-0.844580078125
-0.830224609375
-0.820654296875
-0.844580078125
-0.844580078125
-0.88525390625
-0.88525390625
-0.89482421875
-0.89482421875
-0.925927734375
-0.959423828125
-0.973779296875
-0.973779296875
-0.98095703125
-0.9953125
-1.00009765625
-1.00009765625
-1.03120117188
-1.02641601563
-1.01684570312
-1.01684570312
-1.03837890625
-1.08623046875
-1.11733398438
-1.11733398438
-1.12451171875
-1.13647460938
-1.13647460938
-1.13647460938
-1.167578125
-1.19868164063
-1.16997070313
-1.16997070313
-1.129296875
-1.14365234375
-1.16279296875
-1.16279296875
-1.01684570312
-0.787158203125
-0.86611328125
-1.01923828125
-1.6078125
-1.98823242188
-1.84228515625
-1.99541015625
-1.74897460938
-1.57192382813
-1.5982421875
-1.4451171875
-1.35659179688
-1.34462890625
-1.34462890625
-1.36376953125
-1.45708007813
-1.55278320313
-1.55278320313
-1.62216796875
-1.64370117188
-1.61499023438
-1.61499023438
-1.59584960938
-1.56235351563
-1.51689453125
-1.51689453125
-1.52646484375
-1.53364257813
-1.5025390625
-1.5025390625
-1.48579101563
-1.4451171875
-1.42358398438
-1.42358398438
-1.435546875
-1.37094726563
-1.28959960938
-1.28959960938
-1.25610351562
-1.225
-1.21064453125
-1.21064453125
-1.17475585938
-1.13408203125
-1.12451171875
-1.12451171875
-1.1005859375
-1.04794921875
-1.0048828125
-1.0048828125
-0.968994140625
-0.8900390625
-0.83740234375
-0.83740234375
-0.854150390625
-0.863720703125
-0.82783203125
-0.82783203125
-0.76083984375
-0.708203125
-0.677099609375
-0.677099609375
-0.69384765625
-0.744091796875
-0.76083984375
-0.76083984375
-0.701025390625
-0.629248046875
-0.739306640625
-0.586181640625
-0.593359375
-0.6125
-0.590966796875
-0.590966796875
-0.562255859375
-0.555078125
-0.55029296875
-0.555078125
-0.55986328125
-0.5646484375
-0.576611328125
-0.562255859375
-0.547900390625
-0.571826171875
-0.47373046875
-0.619677734375
-0.576611328125
