-2.7466796875
-2.85434570313
-2.7658203125
-2.52416992188
2.6509765625
3.41899414063
5.20864257813
6.18002929688
8.04384765625
8.93388671875
10.3909667969
10.4914550781
10.0942871094
9.7330078125
10.0464355469
9.7521484375
9.16118164063
8.39794921875
5.28999023438
4.16547851563
2.50263671875
-3.6654296875
-4.383203125
-5.90249023438
-6.72075195313
-8.28310546875
-9.8
-10.4938476563
-11.1853027344
-12.2021484375
-12.4725097656
-13.0491210938
-13.2692382813
-13.5778808594
-13.455859375
-13.3673339844
-13.1807128906
-12.90078125
-12.44140625
-11.7547363281
-10.2474121094
-8.47451171875
-6.46713867188
-3.78984375
4.2109375
9.36215820313
12.0920898438
14.7645996094
19.5162597656
19.5994018555
19.5994018555
19.5994018555
19.5994018555
19.5994018555
19.5994018555
19.5994018555
19.5994018555
19.5994018555
19.5994018555
19.5994018555
19.4540527344
18.1357421875
16.9729492188
14.3339355469
12.9127441406
11.4484863281
9.953125
8.4697265625
7.0724609375
5.67998046875
4.230078125
-3.57211914063
-4.28989257813
-4.89282226562
-4.79951171875
-5.41201171875
-5.90249023438
-6.335546875
-6.72314453125
-6.63940429688
-7.09877929688
-7.45288085938
-7.79501953125
-7.66103515625
-8.12041015625
-8.35727539063
-8.4888671875
-8.6419921875
-8.6419921875
-8.81665039062
-8.89321289063
-8.92192382813
-8.97216796875
-9.03198242188
-9.03198242188
-9.06787109375
-9.09897460938
-9.17075195313
-9.19467773438
-9.19467773438
-9.21860351563
-9.23056640625
-9.33344726563
-9.18032226563
-9.07983398438
-9.1013671875
-9.14682617188
-8.66831054688
-8.72333984375
-9.168359375
-9.2544921875
-9.206640625
-9.2544921875
-9.30952148438
-9.38608398438
-9.47939453125
-9.34780273438
-9.50092773438
-9.41958007813
-9.27841796875
-9.24970703125
-9.1875
-9.09658203125
-8.97456054688
-8.81665039062
-8.64438476563
-8.04145507813
-7.30454101563
-6.6609375
-6.22309570313
-5.73022460938
-5.16796875
-4.56264648438
-3.91186523438
-3.25869140625
-2.51459960938
2.65576171875
3.26586914063
3.6080078125
3.39267578125
3.03618164063
3.17734375
3.63432617188
4.12719726562
4.54829101563
4.8138671875
5.01484375
5.29716796875
5.40483398438
5.2541015625
4.93349609375
4.5650390625
4.26118164063
4.09130859375
3.26826171875
2.62465820313
2.46674804688
2.56484375
2.65815429688
2.7466796875
2.851953125
2.93090820312
2.91416015625
2.86630859375
2.93569335938
2.9380859375
2.77299804688
2.6701171875
2.50502929688
3.23955078125
3.78984375
5.09619140625
4.89521484375
3.87119140625
2.507421875
2.9572265625
4.038671875
5.34501953125
5.88095703125
5.761328125
5.60102539063
5.34262695313
4.87846679688
4.84018554688
4.8138671875
-3.55776367188
-11.3240722656
-18.2146972656
-19.6
-19.6
-19.6
-19.6
-19.4540527344
-15.2957519531
-9.14443359375
-3.10795898438
2.48588867188
7.68735351563
11.8408691406
14.6066894531
16.0063476562
16.1594726563
15.2239746094
13.4271484375
11.0202148438
8.27592773438
2.966796875
-3.0720703125
-3.51708984375
-3.33046875
-2.60551757813
-2.51938476563
-2.85434570313
-3.21323242188
-3.5697265625
-3.89033203125
-3.98603515625
-4.15112304688
-4.15112304688
-4.0673828125
-3.847265625
-3.51469726563
-3.11274414063
-2.71318359375
2.94526367188
3.38071289063
3.7611328125
3.89272460938
3.80419921875
3.6271484375
3.49555664063
3.30893554688
2.95004882813
2.60791015625
-2.909375
-4.00517578125
-4.00517578125
-5.13447265625
-6.144140625
-6.81884765625
-6.98154296875
-6.5748046875
-5.4072265625
-4.03149414062
2.56245117188
