-2.5547196457563678e-08
-1.168371273518017e-07
-2.1557891039239126e-07
-1.276556129686278e-07
3.758368997221074e-07
1.4909314669768342e-06
3.4017070601933964e-06
6.3360379705217734e-06
1.058680991948549e-05
1.6466007994150173e-05
2.4270571655444508e-05
3.4316602206255316e-05
4.693274684672945e-05
6.241129048762039e-05
8.103730462356143e-05
0.00010314106391631726
0.00012909565305414388
0.00015927194913493316
0.00019398204319536698
0.0002334857360554126
0.0002780279257099324
0.00032782941325468684
0.00038306895542451004
0.0004438495374824008
0.0005101886040330094
0.0005820660304610153
0.0006594454099802682
0.0007422748555633108
0.0008304773723539599
0.0009239287647460548
0.0010224709367711194
0.0011259586824305023
0.0012342778206893023
0.0013473161086162175
0.0014649684296381053
0.0015871376672222384
0.0017136839704651756
0.0018444260690614368
0.00197916514196423
0.0021176472279568
0.0022595499109742834
0.0024045406992756245
0.002552311249655048
0.0027025819289669428
0.0028551119903779403
0.003009684005772768
0.0031660759353585115
0.0033240674520298593
0.0034834657419726325
0.0036440760039613733
0.0038056588583296313
0.0039679845472814085
0.004130924318396077
0.004294430206346533
0.004458444489166063
0.004622880533727132
0.004787647161441862
0.004952650981153554
0.00511780289545941
0.005283049784025617
0.005448377065435801
0.005613755893527047
0.005779123834326931
0.005944419484463889
0.006109585439135938
0.006274540696186695
0.006439069497172258
0.006602729382088007
0.006765105516272638
0.006926050838559382
0.00708553623800264
0.007243500531209667
0.007399856033856441
0.007554504450195151
0.007707336345783051
0.00785823261635178
0.008007060722393213
0.00815366405165706
0.008297897122350042
0.008439641524821738
0.008578764265746294
0.008715123770682811
0.008848600827307875
0.008979089510080845
0.009106489512283825
0.00923070234080827
0.00935162038885992
0.009469116958492492
0.009583027295760185
0.009693165703289458
0.009799359947340871
0.009901450791881365
0.009999297739982673
0.010092770527067627
0.01018172539339119
0.010266025455537958
0.01034555499171343
0.01042018856304834
0.010489804614806433
0.010554330322975921
0.01061367472506932
0.010667632098958312
0.010715932760459734
0.010758348482779331
0.01079467986183626
0.010824687113514076
0.010848118654500997
0.010864790494141985
0.010874574592882177
0.01087732070802864
0.010872864033466984
0.010861093715048809
0.01084194467577082
0.010815343947909563
0.01078118430003609
0.010739342760155346
0.010689719630433879
0.01063223956474363
0.010566831539233757
0.010493439207968691
0.010412024613857323
0.01032252643741142
0.010224850281191342
0.010118908003670646
0.010004611920035903
0.0098818485246922
0.009750493386167574
0.009610428246215514
0.009461554326204241
0.009303821255682632
0.00913720907049992
0.008961671104819637
0.008777136985628502
0.008583546827459586
0.00838085874354437
0.008169045548248627
0.007948081597284055
0.007717933345838847
0.007478566950542287
0.0072299768121955816
0.006972204155388337
0.006705292749100627
0.0064292638079513605
0.0061441441966702355
0.005849941276280814
0.005546621943866652
0.005234159783333639
0.004912554547218521
0.004581824978828113
0.004242018631171736
0.003893214800608339
0.00353551871898813
0.0031690283181592164
0.002793790206856285
0.0024098378327878545
0.002017248032792301
0.0016161027636157309
0.0012064217826032709
0.00078814620256031
0.00036119603276894423
-7.446963022664543e-05
-0.0005188734086039228
-0.0009720534576006503
-0.0014340423268804055
-0.0019048281113133133
-0.002384368917585566
-0.0028726407981932134
-0.003369623275533243
-0.0038752754625019535
-0.004389572904153815
-0.004912499330993196
-0.005444023186909821
-0.0059841341255681794
-0.006532815821699016
-0.007089992503799469
-0.007655564050687436
-0.008229432996122296
-0.008811497544591273
-0.009401675474205298
-0.009999925853668453
-0.010606242070971196
-0.011220631344532436
-0.011843096598745745
-0.012473623887368194
-0.013112184936588918
-0.013758758245477285
-0.014413335405449371
-0.015075909689235443
-0.01574648494315069
-0.01642507935083954
-0.017111704321103562
-0.017806382215948935
-0.01850914935985502
-0.0192200091361313
-0.01993893730731468
-0.0206659259339294
-0.021400981328645288
-0.022144104435927254
-0.022895300846660915
-0.02365456755806772
-0.02442184922651644
-0.025197054773913197
-0.025980138426448328
-0.026771121192921875
-0.02757004049732216
-0.028376934233195747
-0.029191854631350628
-0.030014861279470277
-0.030845999884931977
-0.031685307231815396
-0.03253282224766057
-0.033388565859287594
-0.034252538590085715
-0.03512474648128813
-0.036005227024304996
-0.0368940366545187
-0.037791215408349614
-0.03869677332576717
-0.03961066669466289
-0.04053281319309815
-0.04146315611382229
-0.04240166512928141
-0.04334829561655294
-0.0443030206733558
-0.045265880391368314
-0.0462369379301213
-0.04721623913536583
-0.04820383393012664
-0.049199767789868315
-0.05020406370437936
-0.051216727299267274
-0.0522377399593741
-0.053267071927353124
-0.054304708305280475
-0.05535062992255392
-0.05640480225077506
-0.057467216366835897
-0.058537915008841264
-0.059616960593181105
-0.06070438571905051
-0.06180019916923836
-0.06290443173603343
-0.06401713827816088
-0.06513837542799732
-0.06626819806899867
-0.06740665711932235
-0.06855379140474516
-0.06970961249252963
-0.07087411486439972
-0.07204729160727369
-0.07322910194126388
-0.07441946217886383
-0.0756182782817407
-0.07682544259108057
-0.0780408286372208
-0.07926431878970648
-0.08049581501953255
-0.08173523383110626
-0.08298249508558735
-0.08423750780800456
-0.08550017908023
-0.08677042475256093
-0.08804816928847901
-0.08933334015417607
-0.09062584668642258
-0.09192557250394115
-0.09323239857291216
-0.09454622832265012
-0.09586697384361886
-0.09719451902680734
-0.09852875854985757
-0.09986966217665326
-0.1012172294535173
-0.10257140804148704
-0.10393208575976172
-0.1052991269378469
-0.10667240511675662
-0.10805181827196057
-0.10943728167310464
-0.1108287054961721
-0.11222597657512905
-0.11362897373467366
-0.11503758680667883
-0.11645170924643955
-0.11787123311852916
-0.1192960446726809
-0.12072602769235878
-0.12216106132464684
-0.12360100282168228
-0.12504570607675974
-0.1264950512244477
-0.12794894689611996
-0.12940733515678332
-0.13087019138327668
-0.13233749214291288
-0.13380918292764277
-0.13528519238196424
-0.13676545941381435
-0.13824992507312142
-0.13973855161706497
-0.14123136031402617
-0.14272838767312637
-0.14422963058289945
-0.14573506143398035
-0.14724465040466175
-0.14875836153549615
-0.1502761389570633
-0.15179789263435692
-0.15332350372986123
-0.15485285665898962
-0.1563858710425362
-0.15792250502885535
-0.1594627332481106
-0.16100653385639926
-0.1625538787975746
-0.1641047222637756
-0.16565901665800248
-0.16721672776291321
-0.16877783226187898
-0.17034231009578282
-0.1719101324974262
-0.1734812681091579
-0.17505567881747583
-0.17663330425720028
-0.17821409150257547
-0.1797980113050712
-0.1813850149924556
-0.18297500780210088
-0.18456787951951603
-0.18616353504363015
-0.18776187105208061
-0.18936275682422712
-0.19096606180898132
-0.19257167771731787
-0.19417950497802447
-0.19578943324414091
-0.1974013639346003
-0.19901522739234348
-0.20063093944547694
-0.2022483637428067
-0.20386731126252025
-0.20548755546540248
-0.2071088099672141
-0.20873066298527845
-0.21035259835418665
-0.21197408388030164
-0.21359461141983255
-0.215213700240227
-0.21683089485769916
-0.21844578672206139
-0.22005802631158397
-0.2216672774487323
-0.2232731801558683
-0.2248753563743031
-0.22647342078869726
-0.22806699789973703
-0.2296557521702741
-0.23123938957429968
-0.2328176055352467
-0.23439004648813183
-0.23595635947526936
-0.23751624255228326
-0.23906935162633325
-0.24061522441956792
-0.24215341620386457
-0.24368359529755376
-0.2452054690903737
-0.2467187536084253
-0.2482231982129901
-0.24971857833255873
-0.25120467294826
-0.25268126829449405
-0.25414817513107346
-0.255605205755695
-0.25705215442191726
-0.25848880664970253
-0.25991494960396877
-0.26133037880679544
-0.26273486801440055
-0.26412815057398237
-0.26550995471070554
-0.2668800250112503
-0.26823810431463346
-0.2695839129653314
-0.2709171458201646
-0.27223747824491806
-0.27354459779790613
-0.27483825888297286
-0.27611829792561055
-0.27738459120428965
-0.2786370092457861
-0.27987542490381556
-0.28109974410536653
-0.282309888643249
-0.28350578722423114
-0.28468741504923145
-0.2858547909770708
-0.28700790404466037
-0.28814667187234677
-0.2892710042796293
-0.29038087141913443
-0.29147626397440585
-0.29255711763676573
-0.29362332085237575
-0.29467492829878184
-0.29571233934208285
-0.2967359919206997
-0.29774604006338024
-0.29874249509591333
-0.29972541533051716
-0.3006949195752443
-0.3016511401088636
-0.3025942023265986
-0.3035242322984919
-0.3044413522809192
-0.3053457040919608
-0.3062374752711347
-0.30711686918351144
-0.30798405236421367
-0.3088391489862564
-0.309682274875959
-0.3105135274891226
-0.3113329569791387
-0.31214059882924305
-0.3129365128228397
-0.31372077266773074
-0.31449344936278045
-0.31525462389522296
-0.31600438853765456
-0.3167428319967325
-0.31747005187512783
-0.31818613490312975
-0.31889110901765405
-0.3195849682753841
-0.3202677275664457
-0.32093942843275014
-0.32160013237142415
-0.3222499078109251
-0.3228888143527057
-0.3235169260014767
-0.3241343509827267
-0.3247412231565831
-0.32533768986692513
-0.3259239032393049
-0.32649999576641214
-0.3270660531283665
-0.32762213068608714
-0.3281682788491055
-0.32870454688787276
-0.32923095145463194
-0.32974747918200514
-0.3302541760492003
-0.3307511537148394
-0.3312385111413255
-0.33171633010993407
-0.3321847194366823
-0.33264380775938424
-0.33309368957794155
-0.3335344308434681
-0.3339661188455603
-0.33438884394779017
-0.3348026811675758
-0.335207724933255
-0.3356040562202718
-0.33599170063011585
-0.33637066043091374
-0.33674091872040424
-0.3371024383059064
-0.3374551943410162
-0.3377991674098555
-0.3381343419481746
-0.3384607371853389
-0.33877836433325437
-0.3390871808556398
-0.33938714183674634
-0.33967823972598515
-0.3399604862867084
-0.3402338700755582
-0.34049833332221857
-0.34075382985916114
-0.3410003747747657
-0.3412380174790305
-0.3414668140260074
-0.3416868155778038
-0.3418980667580244
-0.3421006246236462
-0.34229455594973046
-0.3424799055434451
-0.342656688220468
-0.34282488961755536
-0.34298446897931995
-0.3431354013345736
-0.3432777012721533
-0.3434113907068699
-0.3435364873365755
-0.34365300422886397
-0.3437609414792982
-0.34386032217720536
-0.34395120413287567
-0.3440336576474131
-0.3441077526245577
-0.34417353649800203
-0.3442310234881447
-0.3442801964668241
-0.344321023426581
-0.34435345975529064
-0.34437745245481877
-0.3443929708217389
-0.34439999587416775
-0.34439848045829924
-0.3443883393725197
