0.518919944763
0.513204097748
0.503854036331
0.50311088562
0.508074998856
0.508213043213
0.508145093918
0.514070987701
0.501909017563
0.507625818253
0.506416082382
0.507361888885
0.508647203445
0.507564783096
0.507247209549
0.508530855179
0.508469104767
0.507544994354
0.50840306282
0.508800983429
0.507203817368
0.507157087326
0.507870912552
0.507920980453
0.507688045502
0.508170127869
0.514811038971
0.50123500824
0.508365869522
0.526155948639
0.524093151093
0.472210884094
0.507008075714
0.508702039719
0.508496999741
0.507105827332
0.508020162582
0.508064985275
0.508606910706
0.507560014725
0.506573915482
0.507219076157
0.507616996765
0.509652137756
0.509306907654
0.503648996353
0.508805036545
0.511021852493
0.523980140686
0.490561962128
0.507757902145
0.508782148361
0.508409023285
0.508556842804
0.507584095001
0.50719499588
0.510056972504
0.506128072739
0.507343053818
0.507015943527
0.507494926453
0.508491039276
0.510673046112
0.504245042801
0.507746934891
0.507282018661
0.507284879684
0.508433103561
0.508167982101
0.507847070694
0.510190010071
0.50572180748
0.50908613205
0.505369901657
0.508402109146
0.508352041245
0.506979942322
0.507804870605
0.507912158966
0.533020973206
0.482944965363
0.507421016693
0.508481025696
0.507304906845
0.507678031921
0.510562896729
0.505325078964
0.50793504715
0.50802898407
0.507308006287
0.508667945862
0.506864070892
0.508085012436
0.507593870163
0.508007049561
0.507718086243
0.507380008698
0.508172035217
0.508870840073
0.509258985519
0.506405115128
0.507297039032
0.508213043213
0.507813930511
0.507891893387
0.507493972778
0.508001089096
0.507457017899
0.507508039474
0.508745908737
0.507740020752
0.508212089539
0.507313966751
0.507920026779
0.507467985153
0.511267900467
0.50879907608
0.508661031723
0.506965875626
0.508043050766
0.507043123245
0.508327007294
0.507611989975
0.508608818054
0.507750034332
0.508703947067
0.506875991821
0.50839805603
0.507877111435
0.50735783577
0.507700204849
0.508431911469
0.507802963257
0.508795022964
0.507308959961
0.508558988571
0.507508039474
0.508563041687
0.508579969406
0.507175922394
0.507210016251
0.507068157196
0.507321834564
0.508489131927
0.508301019669
0.507754802704
0.565335035324
0.535603046417
0.530972003937
0.401318073273
0.506517887115
0.50998210907
0.50753903389
0.508656024933
0.507702827454
0.507858991623
0.507506132126
0.509517908096
0.507467985153
0.507763147354
0.5103058815
0.506495952606
0.507570028305
0.508386135101
0.508016824722
0.507297039032
0.508001089096
0.507668972015
0.508292913437
0.506953001022
0.508166074753
0.507755994797
0.507673025131
0.507411003113
0.508009910583
0.50833106041
0.603513002396
0.411426067352
0.50657081604
0.503140211105
0.508308887482
0.508220911026
0.509226083755
0.50701713562
0.507859945297
0.508018016815
0.507210016251
0.50767993927
0.508068084717
0.507539987564
0.507010936737
0.508396863937
0.508802175522
0.507658958435
0.508367061615
0.507918834686
0.508600950241
0.507927179337
0.50850892067
0.508691072464
0.506026029587
0.507944822311
0.507208108902
0.507356882095
0.507699012756
0.507794141769
0.507956027985
0.507159948349
0.507961988449
0.508640050888
0.508101940155
0.50841999054
0.507364034653
0.50852394104
0.508100032806
0.507740020752
0.507289886475
0.507740020752
0.508548021317
0.506865978241
0.508279085159
0.507978916168
0.507855176926
0.508347988129
0.508780956268
0.507002830505
0.509338140488
0.506716012955
0.510562896729
0.505167961121
0.50749707222
0.507874965668
0.508097171783
0.507239818573
0.507117986679
0.508650064468
0.507858991623
0.50789809227
0.50772190094
0.507956027985
0.511630058289
0.505162000656
0.50731086731
0.508576154709
0.507390975952
0.508484840393
0.534967184067
0.480752944946
0.508284091949
0.507968902588
0.508522033691
0.5083360672
0.508334875107
0.506918907166
0.507516145706
0.506721019745
0.507267951965
0.508811950684
0.506827116013
0.505003929138
0.5081179142
0.507416963577
0.508276224136
0.508846998215
0.508506774902
0.541315078735
0.496245145798
0.486705780029
0.506962060928
0.507161140442
0.507296800613
0.507638216019
0.508677005768
0.508436918259
0.507071018219
0.507272958755
0.507920980453
0.508086919785
0.511946201324
0.504278898239
0.508097887039
0.506699085236
0.508089065552
0.508502006531
0.50838804245
0.508293867111
0.507707118988
0.509738922119
0.506525993347
0.509706020355
0.506152868271
0.507477045059
0.507235050201
0.508009910583
0.508099079132
0.507650136948
0.508277893066
0.508165121078
0.507957935333
0.507640838623
0.506953001022
0.507254123688
0.507251977921
0.508316040039
0.507649898529
0.508316993713
0.507404088974
0.508059978485
0.508121013641
0.506802082062
0.507439851761
0.508675098419
0.508493900299
0.507884979248
0.508751153946
0.50816988945
0.508671045303
0.508061885834
0.507252216339
0.508282899857
0.507867097855
0.507550954819
0.507617950439
0.507608890533
0.507920026779
0.506982088089
0.508271932602
0.507750034332
0.50706911087
0.506991863251
0.50797700882
0.507353067398
0.507263898849
0.507173061371
0.50879907608
0.507918834686
0.509005069733
0.507122993469
0.508073091507
0.508359909058
0.508912086487
0.508945941925
0.508907079697
0.507289886475
0.508279085159
0.506969928741
0.507743120193
0.50722694397
0.507817983627
0.508496999741
0.507869958878
0.508754014969
0.507467985153
0.507859945297
0.508699178696
0.508056879044
0.50789308548
0.511909008026
0.503684997559
0.507755994797
0.507150888443
0.513199090958
0.501090049744
0.508191823959
0.507869005203
0.507966995239
0.507261991501
0.507968187332
0.50812292099
0.507327079773
0.508125782013
0.508141040802
0.506630182266
0.507576942444
0.508220911026
0.50786113739
0.508549928665
0.510035037994
0.505730867386
0.50804901123
0.507673025131
0.507735967636
0.508495092392
0.509191036224
0.507408857346
0.58137512207
0.433023929596
0.509182929993
0.508892059326
0.5079600811
0.507879972458
0.50724196434
0.507306098938
0.508018016815
0.507520914078
0.508056879044
0.507693052292
0.508146047592
0.50891494751
0.507018089294
0.507461071014
0.508399963379
0.50767493248
0.50790810585
0.507661819458
0.508733034134
0.50924706459
0.506433963776
0.50842499733
0.507752895355
0.507181167603
0.561714887619
0.493674993515
0.468957185745
0.604902982712
0.411259889603
0.506709098816
0.508239984512
0.507772922516
0.508335113525
0.514382839203
0.501183986664
0.509231090546
0.506888866425
0.507892131805
0.509015083313
0.507440805435
0.509630203247
0.506597995758
0.508223772049
0.507730007172
0.507211208344
0.508955955505
0.506939888
0.508448123932
0.507694959641
0.507974863052
0.509728193283
0.506851911545
0.508062124252
0.506993770599
0.507626056671
0.508698940277
0.507271051407
0.508233070374
0.508267879486
0.508045196533
0.572042942047
0.447587966919
0.504441022873
0.507589101791
0.508746862411
0.507318973541
0.508337020874
0.508310079575
0.507951021194
0.508252859116
0.510015010834
0.506452083588
0.50727891922
0.508650064468
0.507656097412
0.508879899979
0.508723974228
0.508651971817
0.506938934326
0.507589101791
0.506982088089
0.508796930313
0.507538080215
0.507628917694
0.509295940399
0.507677078247
0.507818937302
0.507396936417
0.508429050446
0.507817983627
0.508859157562
0.50718998909
0.507678985596
0.507797002792
0.507331848145
0.50794506073
0.508150100708
0.508265018463
0.508440971375
0.507465839386
0.507616996765
0.508184194565
0.508183002472
0.507655858994
0.507643938065
0.508486032486
0.508562088013
0.508343935013
0.508378982544
0.508243083954
0.508157968521
0.508651018143
0.508009910583
0.508254051208
0.533549070358
0.528723955154
0.460721969604
0.506880044937
0.508866071701
0.507903814316
0.507353067398
0.508484125137
0.50775885582
0.507853984833
