0.43544921875
-0.0287109375
-0.29189453125
1.03120117188
-0.614892578125
-0.045458984375
1.29677734375
0.988134765625
-0.141162109375
0.715380859375
0.150732421875
-0.34453125
-0.423486328125
0.60771484375
-0.141162109375
0.0478515625
0.657958984375
-1.7130859375
0.715380859375
-0.567041015625
-0.765625
0.66513671875
-0.710595703125
-0.57900390625
-0.325390625
-0.863720703125
0.279931640625
-0.593359375
-0.17705078125
0.423486328125
-0.567041015625
0.169873046875
0.0095703125
-0.65556640625
-0.12919921875
-0.567041015625
1.11254882812
0.77998046875
1.7609375
0.27275390625
-0.657958984375
0.050244140625
-0.921142578125
0.672314453125
0.57900390625
0.0095703125
0.590966796875
0.055029296875
0.057421875
0.23447265625
0.045458984375
0.7751953125
-0.088525390625
1.0048828125
0.99052734375
0.28232421875
0.51201171875
-0.523974609375
0.39716796875
-0.10048828125
0.916357421875
1.44033203125
-0.040673828125
0.7369140625
0.516796875
0.17705078125
0.035888671875
-0.212939453125
0.2296875
0.51201171875
-0.153125
0.1244140625
0.389990234375
1.13408203125
0.97138671875
1.07666015625
0.22490234375
0.459375
0.634033203125
-0.184228515625
0.133984375
0.77998046875
0.593359375
0.791943359375
-0.34453125
0.753662109375
0.02392578125
0.370849609375
0.696240234375
0.11484375
0.126806640625
-0.562255859375
-0.0669921875
0.10048828125
-0.18662109375
0.342138671875
0.758447265625
0.65078125
-0.303857421875
0.629248046875
-0.270361328125
-0.0095703125
0.571826171875
-0.47373046875
-0.117236328125
-1.34702148438
-1.00249023438
-0.30146484375
-0.70341796875
-0.193798828125
-0.098095703125
-0.62685546875
-0.820654296875
-1.26567382813
-0.2296875
-0.547900390625
-0.36845703125
-0.643603515625
-0.772802734375
0.174658203125
0.25361328125
-0.1626953125
-0.71298828125
0.318212890625
-0.078955078125
0.46416015625
0.133984375
0.61728515625
0.1818359375
0.246435546875
-0.203369140625
0.442626953125
-0.2009765625
-0.346923828125
-0.555078125
0.45458984375
-0.78955078125
-0.57900390625
-0.562255859375
-0.287109375
-0.10048828125
0.538330078125
-0.057421875
-0.06220703125
-0.32060546875
-0.155517578125
0.098095703125
0.0287109375
-0.217724609375
0.485693359375
-0.70341796875
-0.8517578125
0.241650390625
0.820654296875
1.378125
-0.270361328125
0.9283203125
-0.58857421875
-0.102880859375
0.55986328125
0.748876953125
1.11494140625
0.863720703125
1.16518554688
-0.75126953125
-0.4689453125
-0.557470703125
-0.208154296875
-0.44501953125
0.47373046875
-0.399560546875
0.18662109375
-0.973779296875
-0.13876953125
-0.456982421875
0.547900390625
-0.3732421875
0.04306640625
-0.057421875
0.33974609375
-0.15791015625
-0.322998046875
0.0861328125
-0.02392578125
0.34931640625
0.30625
-0.07177734375
-0.519189453125
-0.212939453125
-0.85654296875
0.169873046875
-0.43544921875
0.172265625
-0.133984375
-0.389990234375
0.724951171875
-0.131591796875
-0.248828125
-0.0095703125
0.73212890625
-0.13876953125
-0.0095703125
1.02880859375
0.06220703125
0.8326171875
0.500048828125
-0.208154296875
-0.153125
0.19140625
0.11005859375
0.76083984375
0.739306640625
0.6794921875
-0.078955078125
-0.662744140625
-0.33017578125
-0.495263671875
0.2201171875
0.830224609375
0.78955078125
0.41630859375
1.8662109375
1.20346679688
-0.19140625
0.729736328125
1.04794921875
1.54799804688
0.806298828125
1.67719726563
0.236865234375
1.72983398438
1.50014648438
0.69384765625
0.887646484375
0.796728515625
1.3015625
0.669921875
0.8134765625
1.19150390625
1.00009765625
1.44990234375
2.17724609375
1.8470703125
0.51201171875
2.45
1.57192382813
0.5837890625
0.6890625
0.964208984375
0.35888671875
0.710595703125
0.861328125
0.49765625
0.643603515625
0.54072265625
1.76811523438
0.77041015625
0.69384765625
1.58627929688
-0.172265625
1.23217773438
-0.418701171875
1.10537109375
1.25610351562
0.122021484375
0.849365234375
0.825439453125
0.8708984375
0.490478515625
1.05991210938
0.878076171875
0.363671875
1.33505859375
0.260791015625
-0.528759765625
0.27275390625
0.3923828125
-0.11484375
0.724951171875
-0.153125
1.18432617188
0.784765625
0.18662109375
-1.22978515625
0.72734375
0.03828125
-0.696240234375
0.2201171875
0.43544921875
0.325390625
-0.815869140625
0.433056640625
0.758447265625
0.44501953125
-0.567041015625
-0.428271484375
-0.0287109375
0.3923828125
0.6220703125
0.9666015625
-1.11494140625
1.03837890625
0.361279296875
1.05512695313
0.332568359375
0.107666015625
1.49775390625
0.61728515625
0.691455078125
1.55517578125
0.748876953125
-0.078955078125
0.748876953125
1.00249023438
0.153125
1.82553710938
-0.021533203125
0.466552734375
0.55029296875
0.863720703125
1.55278320313
-0.236865234375
1.76811523438
0.452197265625
1.2345703125
0.43544921875
-0.20576171875
2.53134765625
-0.265576171875
0.667529296875
0.504833984375
0.52158203125
0.772802734375
0.854150390625
1.33505859375
0.8326171875
1.22978515625
-0.705810546875
-0.461767578125
0.33974609375
1.04555664063
-0.56943359375
-0.287109375
0.007177734375
1.11494140625
0.126806640625
-0.361279296875
0.49765625
-0.385205078125
-1.11494140625
1.19868164063
-0.57900390625
-1.03837890625
0.758447265625
1.4259765625
0.03828125
0.23447265625
1.2919921875
0.77998046875
-0.3732421875
0.772802734375
-0.2201171875
1.99541015625
0.784765625
0.2775390625
0.657958984375
1.244140625
-0.42587890625
0.68427734375
0.84697265625
1.33505859375
0.248828125
1.30634765625
0.586181640625
-0.57421875
1.03598632813
0.746484375
-1.07426757813
2.58637695313
-0.210546875
-0.1052734375
0.715380859375
0.6603515625
0.1052734375
1.16518554688
0.705810546875
0.30146484375
0.0
1.02880859375
0.174658203125
1.22021484375
0.428271484375
0.571826171875
0.605322265625
-0.0669921875
1.03837890625
0.6029296875
0.31103515625
0.882861328125
0.547900390625
-0.141162109375
-0.41630859375
0.25361328125
0.040673828125
1.22739257813
1.071875
0.01435546875
0.16748046875
0.155517578125
0.150732421875
0.57421875
0.538330078125
0.356494140625
1.11254882812
1.26806640625
0.461767578125
1.15322265625
0.968994140625
0.327783203125
0.825439453125
-0.136376953125
0.73212890625
-0.6029296875
0.49765625
-0.16748046875
0.189013671875
1.02880859375
-0.14833984375
0.313427734375
0.222509765625
0.509619140625
-0.937890625
-0.20576171875
0.7943359375
-0.33017578125
0.456982421875
-0.01435546875
0.466552734375
-0.81826171875
1.0240234375
0.87568359375
-0.815869140625
0.835009765625
-0.179443359375
0.88046875
0.270361328125
-0.375634765625
0.06220703125
-1.63413085938
1.244140625
0.68427734375
0.796728515625
0.57900390625
0.61728515625
0.552685546875
-0.3349609375
-1.052734375
0.09091796875
0.65078125
1.16279296875
-0.825439453125
0.57421875
0.248828125
0.916357421875
