-26964
-27046
-27189
-27270
-26876
-27445
-27560
-27573
-27420
-28063
-28155
-28283
-28394
-28478
-28554
-28596
-28722
-28810
-28869
-28918
-29079
-29123
-29117
-29138
-29100
-29119
-29086
-28938
-28882
-28854
-28747
-28565
-28443
-28375
-28275
-28140
-28008
-27974
-27865
-27771
-27676
-27602
-27502
-27331
-27304
-27132
-27006
-26903
-26854
-26791
-26691
-26611
-26523
-26407
-26373
-26348
-26262
-26237
-26168
-26123
-26113
-26077
-26136
-26138
-26167
-26210
-26239
-26252
-26298
-26359
-26422
-26445
-26539
-26630
-26682
-26792
-26892
-26972
-27092
-27163
-27199
-27310
-27399
-27485
-27544
-27590
-27682
-27722
-27737
-27800
-27876
-27878
-27859
-27907
-27924
-27951
-27949
-27871
-27869
-27840
-27831
-27808
-27724
-27775
-27747
-27661
-27605
-27584
-27491
-27407
-27844
-27271
-27186
-27088
-27025
-26899
-26758
-26607
-26480
-26336
-26243
-26184
-26086
-26000
-25928
-25915
-25865
-25831
-25804
-25686
-25642
-25674
-25695
-25710
-25726
-25730
-25733
-25779
-25825
-25834
-25892
-25938
-25974
-26025
-26121
-26207
-26334
-26447
-26533
-26642
-26716
-26831
-26928
-27060
-27258
-27355
-27439
-27521
-27646
-27810
-27913
-28062
-28191
-28321
-28445
-28550
-28640
-28714
-28792
-28905
-29075
-29184
-29275
-29428
-29537
-29682
-29791
-29869
-29949
-30042
-30100
-30153
-30201
-29817
-30390
-30430
-30470
-30550
-30598
-30642
-30678
-30728
-30754
-30294
-30792
-30806
-30897
-30943
-30966
-30957
-30964
-30960
-30934
-30928
-30960
-30947
-30911
-30861
-30848
-30834
-30815
-30798
-30810
-30812
-30789
-30770
-30747
-30739
-30754
-30794
-30812
-30802
-30798
-30817
-30833
-30825
-30800
-30764
-30747
-30294
-30842
-30901
-30861
-30808
-30791
-30829
-30848
-30884
-30913
-30943
-30964
-30959
-30960
-30945
-30938
-30939
-30930
-30966
-31014
-31033
-31027
-31020
-31046
-31083
-31090
-31058
-31021
-31014
-30999
-31016
-31027
-31044
-31033
-30995
-30947
-30928
-30909
-30920
-30926
-30918
-30901
-30854
-31256
-30741
-30292
-30785
-30764
-30724
-30697
-30693
-30693
-30680
-30653
-30592
-30541
-30506
-30510
-30457
-30382
-30346
-30329
-30312
-30283
-30237
-30218
-30193
-30132
-30077
-30002
-29918
-29850
-29855
-29812
-29756
-29688
-29611
-29550
-29537
-29512
-29472
-29428
-29378
-29342
-29281
-29233
-29170
-29092
-29027
-28983
-28943
-28924
-28884
-29310
-28768
-28701
-28649
-28590
-28567
-28521
-28453
-28417
-28422
-28403
-28420
-28397
-28420
-28462
-28478
-28445
-28403
-28344
-28302
-28262
-28237
-28216
-28193
-28189
-28195
-28147
-28130
-28125
-28136
-28113
-28067
-28010
-27924
-27829
-27773
-27720
-27653
-27588
-27510
-27415
-27844
-27252
-27128
-27041
-26909
-26791
-26657
-26520
-26871
-26214
-26083
-25976
-25817
-25632
-25478
-25313
-25165
-24957
-24754
-24605
-24886
-24182
-23987
-23764
-23560
-23397
-23199
-22991
-22779
-22565
-22357
-22167
-21932
-21705
-21510
-21298
-21081
-20892
-20672
-20523
-20359
-20172
-20060
-19941
-19802
-19661
-19478
-19342
-19289
-19231
-19126
-18980
-18861
-18785
-18758
-18712
-18625
-19052
-18542
-18535
-18521
-18504
-18459
-18466
-18457
-18487
-18558
-18634
-18680
-18718
-18722
-18752
-18823
-18857
-18890
-18989
-19071
-19117
-19172
-19262
-19329
-19409
-19438
-19455
-19523
-19573
-19567
-19500
-19523
-19544
-19483
-19453
-19430
-19386
-19367
-19329
-19268
-19207
-19155
-19096
-19042
-18997
-18939
-18899
-18798
-18735
-18672
-18581
-18468
-18418
-18376
-18300
-18209
-18119
-18042
-17999
-17976
-17917
-17886
-17873
-17829
-17789
-17762
-17766
-17791
-17789
-17750
-17710
-17709
-17682
-17625
-17625
-17592
-17541
-17525
-17493
-17485
-17460
-17430
-17441
-17453
-17459
-17459
-17447
-17453
-17415
-17354
-17338
-17375
-17407
-17432
-17392
-17323
-17319
-17367
-17384
-17380
-17336
-17323
-17346
-17363
-17367
-17369
-17384
-17436
-17560
-17657
-17716
-17735
-17770
-17834
-17932
-18000
-18075
-18130
-18226
-18306
-18346
-18380
-18422
-18436
-18480
-18546
-18613
-18724
-18787
-18861
-18922
-18964
-19012
-19046
-19094
-19186
-19277
-19361
-19399
-19451
-19489
-19533
-19626
-19674
-19688
-19714
-19747
-19810
-19901
-19928
-19896
-19892
-19939
-19972
-19978
-19976
-19955
-19915
-19861
-19754
-19680
-19605
-19556
-19476
-19380
-19317
-19279
-19182
-19065
-18894
-18777
-18709
-18571
-18371
-18241
-18109
-17959
-17844
-17737
-17646
-17548
-17396
-17260
-17151
-17014
-16875
-16779
-16657
-16510
-16399
-16268
-16174
-16031
-15884
-15775
-15674
-15554
-15436
-15296
-15174
-15083
-14968
-14840
-14750
-15146
-14544
-14411
-14294
-14644
-14060
-13932
-13813
-13709
-13596
-13552
-13487
-13439
-13409
-13378
-13361
-13357
-13375
-13384
-13380
-13386
-13392
-13418
-13441
-13453
-13453
-13438
-13439
-13480
-13520
-13506
-13493
-13451
-13422
-13424
-13420
-13415
-13392
-13394
-13399
-13384
-13357
-13359
-13310
-13312
-13312
-13294
-13237
-13210
-13178
-13163
-13128
-13123
-13138
-13146
-13119
-13079
-13054
-13042
-13042
-13027
-12989
-12943
-12859
-12819
-12789
-12777
-12726
-12689
-12674
-12653
-12558
-12487
-12445
-12359
-12289
-12230
-12184
-12140
-12041
-11949
-11888
-11854
-11815
-11785
-11737
-11701
-11659
-11628
-11565
-11468
-11396
-11342
-11273
-11724
-11199
-11111
-11018
-10945
-10894
-10878
-10861
-10836
-10798
-10735
-10655
-10619
-10607
-10573
-10521
-10460
-10428
-10373
-10312
-10273
-10231
-10228
-10235
-10178
-10140
-10102
-10067
-10048
-10027
-10018
-9989
-9917
-9819
-10260
-9768
-9760
-9707
-9674
-9628
-9588
-9539
-9529
-9489
-9460
-9432
-9438
-9420
-9397
-9355
-9298
-9287
-9289
-9313
-9354
-9369
-9390
-9426
-9485
-9499
-9537
-9563
-9600
-9632
-9718
-9808
-9880
-9901
-9886
-9945
-10052
-10161
-10230
-10245
-10281
-10369
-10443
-10510
-10567
-10634
-10678
-10718
-10770
-10852
-10959
-11041
-11123
-11224
-11296
-11365
-11464
-11493
-11537
-11609
-11705
-11791
-11852
-11913
-11980
-12037
-12086
-12121
-12144
-12130
-12119
-12119
-12132
-12125
-12094
-12044
-11993
-11960
-11924
-11863
-11798
-11737
-11680
-11625
-11556
-11510
-11405
-11268
-11142
-11033
-10951
-10834
-10686
-10575
-10455
-10304
-10161
-10006
-9876
-9779
-9670
-9544
-9407
-9760
-9144
-8989
-8894
-8802
-8676
-8552
-8462
-8355
-8230
-8146
-8056
-7955
-7878
-8300
-7749
-7621
-7527
-7468
-7396
-7315
-7237
-7159
-7058
-6989
-6896
-6829
-6758
-6689
-6647
-6584
-6508
-6464
-6411
-6338
-6271
-6243
-6237
-6212
-6178
-6130
-6081
-6037
-6010
-5987
-5957
-5924
-5878
-5831
-5787
-5749
-5733
-5735
-5760
-5758
-5737
-5693
-5674
-5680
-5649
-5636
-5630
-5655
-5689
-5680
-5670
-5663
-5640
-5674
-5733
-5754
-5745
-5710
-5674
-5693
-5724
-5726
-5731
-5750
-5771
-5800
-5806
-5838
-5876
-5894
-5918
-5959
-5972
-6018
-6060
-6067
-6063
-6130
-6191
-6184
-6188
-6195
-6247
-6275
-6283
-6298
-6306
-6329
-6348
-6338
-6308
-6302
-6333
-6323
-6310
-6302
-6312
-6277
-6231
-6203
-6174
-6155
-6094
-6012
-5951
-5880
-5823
-5773
-5697
-5588
-5516
-5447
-5367
-5270
-5161
-5075
-4953
-4861
-4775
-4689
-4588
-4500
-4403
-4266
-4159
-4048
-3962
-3854
-3705
-3560
-3422
-3302
-3191
-3054
-2951
-2842
-2735
-2644
-2556
-2447
-2376
-2289
-2149
-2033
-1890
-1813
-1783
-1663
-1560
-1495
-1382
-1275
-1212
-1144
-1071
-1023
-1002
-966
-890
-831
-787
-783
-785
-741
-691
-705
-684
-682
-670
-676
-663
-667
-691
-697
-731
-747
-743
-796
-875
-924
-955
-1016
-1107
-1207
-1262
-1304
-1355
-1447
-1552
-1693
-1789
-1855
-1938
-2023
-2138
-2258
-2367
-2464
-2590
-2697
-2794
-2861
-2978
-3109
-3193
-3329
-3487
-3581
-3600
-3647
-3735
-3789
-3846
-3976
-4084
-4128
-4140
-4193
-4260
-4350
-4380
-4375
-4417
-4460
-4525
-4554
-4560
-4600
-4623
-4644
-4638
-4642
-4651
-4686
-4703
-4695
-4668
-4623
-4590
-4562
-4539
-4453
-4289
-4163
-3968
-3678
-3907
-3233
-3077
-2840
-2670
-2518
-2354
-2209
-2039
-1817
-1623
-1497
-1352
-1189
-999
-834
-688
-583
-376
-205
-77
166
341
515
650
801
969
1104
1202
1246
1372
1515
1484
1479
1452
1368
1326
1322
1324
1248
1089
1001
925
858
713
645
954
318
251
97
-65
-203
-300
-315
-443
-556
-590
-615
-663
-741
-745
-707
-661
-659
-596
-491
-411
-270
-159
-39
118
177
314
486
652
778
921
1017
1204
1316
1395
1526
1612
1753
1793
1793
1872
1879
1908
1883
1784
1782
1734
1648
1528
1395
1332
1286
1095
874
677
490
314
61
-178
-413
-703
-918
-1115
-1350
-1661
-1855
-2060
-2321
-2468
-2621
-2890
-3094
-3216
-3277
-3405
-3573
-3773
-3823
-3886
-3981
-4083
-4178
-4233
-4302
-4340
-4382
-4426
-4418
-4443
-4403
-4369
-4350
-4283
-4233
-4218
-4138
-4075
-4125
-4077
-4046
-3987
-3939
-3917
-3920
-3964
-4388
-3854
-3817
-3817
-3842
-3869
-3836
-3905
-4010
-4048
-4105
-4170
-4268
-4346
-4449
-4478
-4546
-4636
-4712
-4724
-4810
-4399
-4957
-5048
-5168
-5222
-5250
-4896
-5436
-5504
-5625
-5724
-5781
-5859
-6039
-6182
-6300
-6403
-6537
-6716
-6863
-6989
-7140
-6863
-7464
-7626
-7730
-7880
-8088
-8262
-8451
-8594
-8766
-8949
-9146
-9266
-9466
-9703
-9846
-10006
-10121
-10306
-10453
-10611
-10716
-10789
-10922
-11046
-11104
-11222
-11384
-11487
-11531
-11600
-11657
-11754
-11796
-11882
-11978
-12000
-12042
-12088
-12111
-12144
-12237
-12197
-12222
-12300
-12338
-12350
-12390
-12338
-12325
-12390
-12443
-12468
-12464
-12500
-12556
-12590
-12583
-12632
-12657
-12684
-12747
-12773
-12791
-12882
-12932
-12915
-12953
-13002
-13037
-13084
-13096
-13050
-13125
-13233
-13277
-13289
-13354
-13384
-13405
-13480
-13579
-13655
-13747
-13823
-13886
-13980
-14084
-14201
-14298
-14392
-14516
-14695
-14775
-14833
-15016
-15125
-15224
-15264
-15428
-15590
-15770
-15917
-16018
-15661
-16241
-16396
-16586
-16747
-16838
-16989
-17197
-17271
-17394
-17584
-17733
-17831
-17907
-18027
-18167
-18342
-18443
-18102
-18766
-18897
-19025
-19176
-19340
-19499
-19653
-19823
-20010
-20149
-20382
-20602
-20728
-20871
-21008
-21142
-21308
-21480
-21699
-21840
-21516
-22172
-22302
-21995
-22636
-22760
-22852
-22959
-23048
-23239
-23296
-23359
-23516
-23592
-23625
-23630
-23705
-23781
-23787
-23737
-23817
-23794
-23781
-23863
-23852
-23771
-23701
-23693
-23731
-23733
-23670
-23691
-23688
-23676
-23699
-23760
-23787
-23817
-23817
-23915
-24021
-24029
-24029
-24084
-24237
-24338
-24375
-24552
-24605
-24686
-24741
-24848
-24966
-25033
-25149
-25228
-25283
-25363
-25508
-25588
-25680
-25745
-25823
-25831
-25855
-25886
-25926
-26002
-25995
-25928
-25957
-25962
-25993
-26021
-26050
-25978
-25955
-25985
-26000
-25966
-26375
-25894
-25867
-25850
-25882
-25932
-25917
-25876
-25924
-25985
-26021
-26054
-26144
-26201
-26292
-26369
-26491
-26634
-26819
-26932
-27086
-27218
-27325
-27493
-27636
-27712
-27810
-27863
-27974
-27999
-28140
-28243
-28256
-28325
-28367
-28365
-28405
-28403
-28375
-28405
-28357
-28399
-28350
-28283
-28233
-28193
-28161
-28149
-28092
-27968
-27852
-27789
-27684
-27670
-27634
-27602
-27602
-27605
-27510
-27489
-27476
-27399
-27315
-27369
-27394
-27361
-27338
-27409
-27424
-27392
-27438
-27451
-27502
-27502
-27508
-27531
-27562
-27588
-27623
-27640
-27657
-27646
-27672
-27691
-27684
-27735
-27762
-27741
-27710
-27686
-27741
-27796
-27773
-27705
-27688
-27749
-27718
-27728
-27731
-27733
-27741
-27775
-27831
-27361
-27861
-27909
-27928
