2879
3416
2940
2879
2780
2610
2480
2351
2427
1587
1400
1127
860
616
417
204
-83
-273
-485
-749
-1348
-1523
-1714
-1472
-2155
-2268
-2375
-2930
-2380
-2346
-2281
-2197
-2161
-1999
-1886
-1815
-1628
-1539
-1535
-1941
-1392
-1346
-1363
-1439
-1481
-1548
-1638
-1731
-1863
-1991
-2161
-2342
-2417
-2638
-2850
-3041
-3226
-3390
-3636
-3827
-4031
-4264
-4432
-4636
-4413
-5069
-5167
-5258
-5359
-5466
-5573
-5630
-5716
-5796
-5926
-5938
-5995
-6004
-5947
-5896
-5808
-5754
-5634
-5491
-5405
-5382
-5376
-5310
-5289
-5119
-4848
-4628
-4619
-4653
-4594
-4554
-4508
-4457
-4441
-4886
-4338
-4312
-4271
-4241
-4193
-4159
-4111
-4084
-4079
-4090
-4058
-4035
-4042
-4044
-4054
-4048
-4048
-4092
-4109
-4140
-4159
-4180
-4199
-4239
-4292
-4357
-4420
-4443
-4434
-4436
-4462
-4516
-4588
-4659
-4735
-4804
-4854
-4876
-4924
-4976
-5044
-5142
-5191
-5258
-5254
-5230
-5233
-5233
-5245
-5262
-5292
-5336
-4892
-5436
-5474
-5542
-5594
-5625
-5668
-5682
-5695
-5750
-5775
-5762
-5722
-5712
-5731
-5735
-5668
-5609
-5581
-5563
-5552
-5531
-5506
-5516
-5506
-5491
-5493
-5464
-5434
-5363
-5333
-5340
-5321
-5271
-5237
-5218
-5174
-5126
-5083
-5031
-4972
-5373
-4840
-4798
-4747
-4707
-4703
-4688
-4640
-4577
-4512
-4462
-4422
-4415
-4375
-4319
-4283
-4247
-4228
-4195
-4155
-4146
-4151
-4180
-4214
-4222
-4197
-4197
-4228
-4264
-4291
-4336
-4384
-4422
-4478
-4529
-4600
-4688
-4749
-4798
-4834
-4915
-5023
-5117
-5180
-5230
-5312
-5399
-5480
-5531
-5556
-5590
-5667
-5771
-5953
-6153
-6334
-6489
-6546
-6575
-6644
-6737
-6905
-7031
-7128
-7258
-7350
-7436
-7537
-7682
-7787
-7861
-7960
-8077
-8201
-8312
-8447
-8560
-8667
-8760
-8815
-8783
-8731
-8680
-8773
-9058
-9291
-9487
-9483
-9415
-9361
-9401
-9470
-9581
-9653
-9676
-9743
-9855
-9939
-9970
-9993
-9968
-9960
-9985
-10002
-10020
-10042
-10041
-10077
-10079
-10083
-10079
-10102
-10130
-10157
-10134
-9972
-9857
-9773
-9720
-9718
-9707
-9674
-9634
-9605
-9592
-9533
-9468
-9434
-9399
-9394
-9415
-9418
-9411
-9365
-9380
-9439
-9508
-9520
-9542
-9600
-9647
-9707
-9754
-9794
-9848
-9888
-9899
-9960
-10025
-10063
-10149
-10289
-10340
-10407
-10527
-10607
-10695
-10770
-10857
-10926
-10970
-11041
-11105
-11231
-11310
-11378
-11510
-11609
-11686
-11758
-11840
-11960
-12063
-12153
-12310
-12428
-12590
-12747
-12888
-13023
-13176
-13338
-13544
-13739
-13882
-14071
-14222
-14373
-14596
-14804
-14974
-14674
-15359
-15527
-15733
-15957
-15655
-16350
-16562
-16718
-16903
-16638
-17287
-17468
-17619
-17802
-17959
-18088
-18275
-18445
-18535
-18653
-18827
-19000
-19130
-19247
-19340
-19445
-19537
-19682
-19798
-19890
-19985
-20041
-20075
-20073
-20084
-20107
-20144
-20105
-20046
-19968
-19903
-19812
-19735
-19647
-19565
-19521
-19466
-19348
-19258
-19205
-19182
-19151
-19079
-18980
-18838
-18754
-18684
-18623
-19035
-18417
-18334
-18243
-18138
-17995
-17911
-17850
-17768
-17682
-17605
-17521
-17397
-17285
-17184
-17062
-16943
-16875
-16808
-16710
-16630
-16533
-16420
-16357
-16306
-16260
-16222
-16188
-16144
-16134
-16161
-16182
-16178
-16180
-16214
-16291
-16420
-16502
-16142
-16710
-16775
-16850
-16962
-17063
-17153
-17315
-17438
-17586
-17743
-17880
-18039
-18168
-18336
-18491
-18592
-18745
-18909
-19042
-19193
-19317
-19424
-19523
-19623
-19749
-19869
-20012
-20155
-20268
-20359
-20506
-20634
-20739
-20886
-21079
-21224
-21367
-21012
-21586
-21758
-21911
-22027
-22188
-22346
-22493
-22657
-22785
-22901
-23027
-23212
-23420
-23663
-23819
-23936
-24020
-24088
-24167
-24231
-24298
-24291
-24327
-24354
-24373
-24399
-24417
-24409
-24376
-24363
-24399
-24399
-24346
-24354
-24363
-24354
-24342
-24308
-24317
-24342
-24321
-24247
-24170
-24115
-24094
-24151
-24220
-24285
-24321
-24405
-24466
-24504
-24539
-24546
-24529
-24485
-24438
-24371
-24334
-24321
-24277
-24201
-24109
-24052
-24010
-23968
-23917
-23899
-23848
-23794
-23764
-23731
-23701
-23638
-23590
-23605
-23604
-23625
-23657
-23686
-23707
-23731
-23779
-23800
-23838
-23873
-23882
-23863
-23876
-23903
-23460
-23995
-24012
-24014
-24002
-23985
-24010
-24052
-24060
-24090
-24063
-24060
-24088
-24126
-24153
-24207
-24226
-24273
-24249
-24252
-24258
-24291
-24285
-24304
-24388
-24438
-24481
-24510
-24579
-24686
-24787
-24897
-24970
-25027
-25105
-25134
-25165
-25270
-25357
-25445
-25523
-25558
-25579
-25628
-25691
-25735
-25762
-25785
-25823
-25928
-26000
-26044
-26071
-26098
-26121
-26157
-26195
-26249
-26329
-26380
-26417
-26476
-26563
-26632
-26674
-26745
-26854
-26924
-27000
-27046
-27079
-27147
-27201
-27224
-27247
-27304
-27378
-27478
-27579
-27665
-27737
-27821
-27905
-27920
-27938
-28008
-28069
-28126
-28182
-28245
-28298
-28300
-28306
-28312
-28336
-28365
-28359
-28348
-28348
-28331
-28281
-28247
-28268
-28279
-28292
-28312
-28266
-28230
-28218
-28220
-28199
-28176
-28153
-28125
-28075
-28054
-28031
-28006
-27980
-27999
-28010
-28008
-27989
-27991
-27941
-27936
-27955
-27953
-27987
-27983
-27939
-27892
-27873
-27888
-27920
-27976
-27985
-27974
-27972
-27997
-28042
-28113
-28176
-28230
-28260
-28292
-28365
-28439
-28493
-28514
-28604
-28686
-28779
-28836
-28855
-28901
-28978
-29054
-29138
-29226
-29312
-29348
-29411
-29533
-29653
-29710
-29771
-29813
-29865
-29959
-30054
-30117
-30153
-30205
-30262
-30342
-30344
-30359
-30367
-30403
-30464
-30495
-30558
-30634
-30663
-30688
-30699
-30718
-30703
-30693
-30693
-30714
-30764
-30796
-30813
-30821
-30829
-30813
-30789
-30791
-30766
-30762
-30760
-30758
-30716
-30709
-30699
-30649
-30632
-30634
-30602
-30567
-30527
-30451
-30459
-30439
-30376
-30350
-30313
-30249
-30218
-30184
-30147
-30111
-30086
-30050
-29970
-29897
-29869
-29833
-30287
-29768
-29726
-29686
-29665
-29632
-29588
-29567
-29577
-29615
-29632
-29607
-29558
-29502
-29480
-29481
-29521
-29516
-29466
-29418
-29375
-29346
-29340
-29352
-29317
-29264
-29237
-29239
-29256
-29262
-29247
-29214
-29170
-29107
-29065
-29006
-28932
-28913
-28867
-28829
-28770
-28676
-28579
-28527
-28483
-28464
-28409
-28308
-28256
-28239
-28216
-28195
-28128
-28094
-28081
-28088
-28075
-28035
-28000
-27974
-27976
-28004
-28065
-28098
-28086
-28084
-28088
-28125
-28172
-28266
-28333
-28371
-28363
-28375
-28411
-28518
-28607
-28684
-28739
-28806
-28821
-28791
-28821
-28892
-28955
-29020
-29029
-29035
-29052
-29102
-29132
-29161
-29176
-29157
-29138
-29126
-29111
-29083
-29023
-28993
-28939
-28903
-28852
-28802
-28789
-28730
-28634
-28520
-28430
-28428
-28365
-28260
-28178
-28069
-27981
-27857
-27728
-27638
-27554
-27504
-27426
-27331
-27176
-27071
-27012
-26947
-26834
-26703
-26596
-26497
-26405
-26352
-26264
-26188
-26092
-25978
-25899
-25842
-25777
-25695
-25563
-25485
-25468
-25464
-25451
-25417
-25338
-25249
-25228
-25254
-25273
-25260
-25222
-25170
-25157
-25153
-25149
-25146
-25105
-25107
-25113
-25125
-25115
-25100
-25084
-25050
-25042
-25044
-25052
-25065
-25046
-25000
-24966
-24959
-24966
-24959
-24976
-24983
-24936
-24907
-24917
-24915
-24911
-24897
-24850
-24831
-24810
-24810
-24806
-24804
-24781
-24724
-24693
-24726
-24722
-24668
-24609
-24537
-24495
-24457
-24411
-24384
-24392
-24396
-24375
-24363
-24334
-24304
-24279
-24264
-24218
-24140
-24075
-23978
-23932
-23892
-23802
-23691
-23579
-23489
-23938
-23424
-23334
-23224
-23113
-23016
-22941
-22863
-22771
-22703
-22626
-22541
-22962
-22409
-22367
-22357
-22384
-22392
-22344
-22268
-22264
-22262
-22220
-22109
-21932
-21844
-21901
-21966
-22048
-22241
-22449
-22800
-23172
-23665
-24205
-24625
-24472
-25193
-25266
-25239
-25256
-25281
-25231
-25289
-25273
-25333
-25369
-25451
-25502
-25667
-25642
-25605
-25636
-25571
-25865
-25298
-25302
-25296
-25176
-25130
-25050
-25073
-25084
-25010
-24953
-24974
-24997
-24960
-24876
-24896
-24888
-24846
-24680
-24558
-24449
-24350
-24220
-24054
-23928
-23842
-23728
-23575
-23466
-23390
-23262
-23144
-23147
-23165
-23113
-23136
-23237
-23302
-23403
-23499
-23611
-23752
-23907
-24058
-24142
-24258
-24390
-24443
-24581
-24703
-24747
-24798
-24779
-24827
-24852
-24882
-24913
-25399
-24894
-24888
-24865
-24848
-24873
-24915
-24899
-24865
-24884
-25014
-25092
-25050
-25054
-25058
-25062
-24964
-24897
-24857
-24840
-24785
-24625
-24434
-24310
-24144
-23964
-23810
-23573
-23319
-23086
-22876
-22636
-22287
-22042
-21794
-21928
-21149
-20777
-20535
-20245
-19934
-19665
-19445
-19199
-18938
-18707
-18485
-18285
-18548
-17915
-17697
-17542
-17392
-17270
-17165
-17130
-17094
-17086
-17086
-17121
-17147
-17222
-17275
-17302
-17317
-17382
-17476
-17663
-17848
-18050
-18235
-18369
-18558
-18749
-18886
-19033
-19245
-19373
-19062
-19703
-19823
-19838
-19983
-20081
-20102
-20174
-20209
-20252
-20279
-20281
-20224
-20209
-20149
-20048
-20012
-19957
-19920
-19865
-19857
-19728
-19619
-19485
-19342
-19176
-19060
-18890
-18674
-18500
-18302
-18546
-17878
-17626
-17384
-17182
-16903
-17048
-16296
-16071
-15821
-15562
-15350
-15069
-14749
-14497
-14266
-13968
-13733
-13500
-13252
-12970
-12743
-12567
-12268
-11997
-11833
-11588
-11453
-11258
-11111
-10959
-10871
-10834
-10792
-10798
-10808
-10899
-11042
-11132
-11285
-11413
-11657
-11844
-12084
-12327
-12632
-12926
-12709
-13480
-13796
-14048
-14334
-14565
-14821
-15044
-15285
-15476
-15730
-15926
-16117
-16230
-16262
-16401
-16443
-16449
-16474
-16436
-16329
-16252
-16176
-16033
-15920
-15785
-16119
-15445
-15258
-15050
-14804
-14628
-14422
-14104
-13880
-14136
-13325
-12972
-12607
-12346
-12071
-11758
-11378
-11098
-10791
-10520
-10716
-10000
-9697
-9468
-9287
-9191
-9021
-8867
-8735
-8619
-8521
-8460
-8352
-8287
-8271
-8233
-8239
-8205
-8205
-8151
-8121
-8168
-8136
-8109
-8165
-8233
-8191
-8228
-8228
-8239
-8224
-8233
-8258
-7819
-8291
-8285
-8409
-8455
-8487
-8487
-8451
-8455
-8445
-8418
-8405
-8334
-8243
-8165
-8098
-8048
-7989
-7930
-7859
-8304
-7785
-7842
-7884
-7928
-7934
-7970
-7997
-8004
-7949
-7854
-7754
-7672
-7481
-7275
-7153
-7096
-7037
-6922
-6899
-6915
-6859
-6787
-6773
-6787
-6770
-6758
-6667
-6525
-6451
-6317
-6069
-5903
-5750
-5550
-5384
-5235
-5201
-5126
-5090
-4987
-4966
-5361
-4710
-4632
-4583
-4445
-4317
-4266
-4146
-4067
-3936
-3785
-3686
-3506
-3365
-3245
-3170
-3075
-2993
-2917
-2846
-2848
-2871
-2802
-2802
-2850
-2917
-2974
-3041
-3115
-3146
-3239
-3296
-3369
-3445
-3523
-3636
-3703
-3823
-3428
-3955
-4023
-4100
-4209
-4207
-4182
-4231
-4340
-4336
-4302
-4319
-4331
-4344
-4376
-4346
-4359
-3911
-4376
-4334
-4292
-4319
-4355
-4380
-4403
-4405
-4439
-4476
-4407
-4447
-4520
-4571
-4565
-4554
-4516
-4537
-4499
-4468
-4371
-4285
-4224
-4212
-4159
-4184
-4188
-4193
-4231
-4298
-4418
-4462
-4563
-4676
-4794
-4968
-5125
-5292
-5480
-5575
-5630
-5750
-5388
-6006
-6052
-6046
-6020
-6004
-6325
-5766
-5720
-5688
-5611
-5432
-5281
-5102
-4928
-4789
-4600
-4850
-4163
-3943
-3653
-3436
-3180
-2953
-2733
-2537
-2294
-2100
-2436
-1756
-1747
-1815
-1785
-1365
-1170
-1188
-1193
-1102
-960
-836
-752
-959
-668
-1060
-678
-502
-607
-605
-701
-922
-1027
-1132
-1323
-993
-1815
-2113
-2262
-2600
-3046
-3392
-3691
-4079
-4476
-4714
-4985
-5180
-5306
-5476
-5709
-5384
-6058
-6260
-6439
-6674
-6804
