-3021
-3042
-3115
-3178
-3212
-3243
-3226
-3319
-3367
-3401
-3411
-3394
-3430
-3407
-3476
-3491
-3451
-3407
-3390
-3334
-3334
-3294
-3254
-3203
-3199
-3199
-3191
-3224
-3243
-3273
-3237
-3168
-3165
-3157
-3125
-3048
-2888
-2792
-2691
-2573
-2478
-2355
-2218
-2079
-2073
-1911
-1758
-1737
-1697
-1605
-1554
-1554
-1474
-1396
-1376
-1441
-1369
-1365
-1365
-1373
-1306
-1214
-1247
-1243
-1184
-1125
-1172
-1184
-1193
-1300
-1338
-1392
-1415
-1533
-1642
-1712
-1882
-2058
-2230
-2354
-2497
-2682
-2844
-2871
-2806
-2657
-2504
-2375
-2340
-2256
-2186
-2081
-1938
-1794
-1726
-1634
-1546
-1315
-1172
-1109
-981
-888
-773
-684
-619
-569
-518
-438
-401
-457
-468
-426
-369
-340
-319
-336
-361
-401
-415
-438
-459
-447
-472
-480
-506
-525
-573
-630
-661
-674
-644
-644
-667
-709
-762
-781
-747
-686
-693
-716
-752
-766
-785
-747
-733
-749
-745
-756
-743
-741
-762
-785
-821
-810
-821
-817
-819
-829
-852
-875
-855
-873
-869
-829
-804
-791
-848
-922
-918
-909
-897
-903
-932
-945
-957
-955
-945
-964
-945
-905
-876
-865
-886
-896
-934
-978
-1008
-1037
-1039
-1039
-1020
-997
-978
-1002
-1027
-1052
-1023
-964
-939
-968
-1023
-1020
-1004
-985
-978
-964
-936
-924
-915
-875
-869
-844
-829
-854
-869
-854
-865
-878
-859
-848
-875
-896
-896
-903
-920
-941
-970
-978
-993
-1004
-997
-993
-1010
-1058
-1077
-1090
-1088
-1115
-1109
-1109
-1123
-1107
-1105
-1132
-1161
-1161
-1140
-1163
-1167
-1153
-1109
-1146
-1170
-1147
-1117
-1102
-1130
-1157
-1151
-1138
-1142
-1146
-1134
-1130
-1147
-1142
-1140
-1157
-1189
-1199
-1191
-1161
-1142
-1140
-1132
-1086
-1027
-987
-993
-995
-989
-968
-930
-850
-802
-766
-741
-678
-600
-552
-539
-520
-514
-464
-415
-371
-346
-327
-298
-271
-237
-193
-168
-138
-105
-92
-92
-69
-56
-39
-31
-10
-35
-29
-71
-73
-65
-92
-144
-140
-138
-149
-136
-149
-212
-241
-289
-313
-312
-333
-373
-409
-451
-487
-514
-535
-548
-579
-617
-659
-676
-709
-779
-836
-844
-842
-867
-896
-930
-972
-995
-1035
-1104
-1165
-1176
-1180
-1230
-1275
-1319
-1369
-1453
-1548
-1628
-1707
-1750
-1789
-1812
-1890
-2012
-2105
-2205
-2279
-2361
-2428
-2493
-2573
-2667
-2730
-2764
-2823
-2901
-2955
-3037
-3090
-3132
-3172
-3203
-3241
-3245
-3218
-3220
-3210
-3199
-3212
-3193
-3149
-3102
-3094
-3031
-2976
-2934
-2886
-2821
-2745
-2741
-2672
-2621
-2577
-2529
-2472
-2413
-2363
-2342
-2327
-2279
-2214
-2132
-2075
-1993
-1899
-1804
-1741
-1668
-1630
-1611
-1539
-1436
-1390
-1365
-1336
-1323
-1289
-1243
-1201
-1203
-1201
-1184
-1170
-1184
-1186
-1205
-1184
-1199
-1237
-1260
-1302
-1336
-1392
-1455
-1518
-1577
-1651
-1730
-1794
-1894
-1980
-2033
-2094
-2180
-2291
-2399
-2453
-2529
-2644
-2764
-2896
-3052
-3167
-3296
-3449
-3569
-3705
-3800
-3855
-3938
-4063
-4155
-4262
-4321
-4359
-4436
-4554
-4661
-4781
-4848
-4953
-5041
-5092
-5146
-5182
-5212
-5262
-5302
-5327
-5373
-5392
-5399
-5441
-5466
-5426
-5394
-5418
-5457
-5474
-5464
-5459
-5460
-5453
-5439
-5468
-5491
-5499
-5531
-5571
-5615
-5634
-5647
-5663
-5682
-5724
-5745
-5714
-5741
-5771
-5806
-5846
-5867
-5882
-5903
-5960
-6025
-6081
-6151
-6203
-6291
-5867
-6417
-6520
-6594
-6682
-6476
-7044
-7132
-6850
-7495
-7649
-7758
-7884
-8063
-8189
-8344
-8493
-8642
-8825
-8980
-9096
-9226
-9388
-9550
-9701
-9897
-10025
-10167
-10300
-10445
-10604
-10730
-10867
-10995
-11153
-11300
-11451
-11619
-11724
-11785
-11857
-11957
-12075
-12212
-12333
-12405
-12457
-12552
-12651
-12739
-12794
-12817
-12876
-12947
-13025
-13062
-13062
-13079
-13094
-13130
-13180
-13189
-13170
-13153
-13140
-13111
-13067
-13041
-13018
-12999
-12932
-12857
-12804
-12785
-12771
-12747
-12726
-12688
-12613
-12535
-12514
-12531
-12504
-12434
-12413
-12409
-12384
-12310
-12252
-12260
-12325
-12346
-12306
-12268
-12258
-12258
-12302
-12367
-12392
-12417
-12426
-12466
-12546
-12600
-12676
-12731
-12750
-12787
-12825
-12878
-13000
-13107
-13159
-13226
-13323
-13403
-13518
-13667
-13770
-13838
-13964
-14083
-14260
-14466
-14611
-14726
-14817
-14907
-15056
-15210
-15354
-15474
-15558
-15661
-15789
-15901
-15960
-16037
-16163
-16264
-16333
-16399
-16449
-16523
-16640
-16752
-16854
-16941
-16997
-17090
-17197
-17260
-17350
-17491
-17105
-17701
-17810
-17907
-18035
-18132
-18247
-18329
-18415
-18529
-18688
-18783
-18815
-18920
-19027
-19140
-19243
-19327
-19424
-19493
-19562
-19653
-19733
-19800
-19876
-19918
-20020
-20163
-20296
-20384
-20459
-20042
-20598
-20728
-20855
-20951
-21067
-21205
-21289
-21378
-21012
-21615
-21758
-21892
-22016
-22117
-22216
-22279
-22409
-22575
-22724
-22863
-22960
-23048
-23188
-23346
-23459
-23562
-23619
-23670
-23745
-23871
-23978
-24084
-24172
-24256
-24359
-23949
-24525
-24682
-24800
-24876
-24962
-25048
-25159
-25245
-25367
-25523
-25659
-25766
-25865
-25949
-26018
-26088
-26186
-26310
-26420
-26491
-26558
-26625
-26689
-26773
-26840
-26922
-27037
-27161
-27245
-27334
-27411
-27491
-27563
-27634
-27699
-27813
-27918
-28008
-28098
-28168
-28220
-28294
-28323
-28396
-28464
-28527
-28529
-28552
-28554
-28556
-28592
-28619
-28665
-28668
-28623
-28613
-28584
-28567
-28563
-28588
-28617
-28586
-28544
-28464
-28394
-28369
-28359
-28327
-28287
-28191
-28115
-28067
-28054
-28012
-27972
-27972
-27953
-27920
-27878
-27836
-27819
-27781
-27739
-27689
-27705
-27714
-27680
-27663
-27714
-27749
-27806
-27369
-27915
-27936
-27913
-27939
-27964
-27974
-28039
-28117
-28170
-28205
-28264
-28315
-28384
-28495
-28565
-28615
-28667
-28758
-28901
-28997
-29090
-29201
-29279
-29399
-29562
-29688
-29743
-29319
-29913
-30037
-30188
-30331
-30424
-30512
-30636
-30754
-30896
-30981
-31100
-31218
-31312
-31478
-31619
-31703
-31827
-31926
-32004
-32100
-32197
-31758
-32308
-32417
-32481
-32581
-32644
-32686
-32771
-32848
-32869
-32865
-32896
-32938
-33006
-33054
-33073
-33113
-33167
-33205
-33199
-33189
-33130
-33115
-33146
-33191
-33201
-33205
-33157
-33071
-33025
-33006
-32964
-32928
-32878
-32810
-33210
-32609
-32533
-32468
-32396
-32277
-32121
-31985
-31899
-31775
-31619
-31518
-31426
-31741
-31081
-30957
-30834
-30701
-30541
-30445
-30352
-30222
-30075
-29951
-29842
-29710
-29590
-29462
-29348
-29226
-29134
-29075
-29010
-28920
-28871
-28743
-28657
-28613
-28558
-28468
-28392
-28325
-28313
-28312
-28308
-28279
-28207
-28182
-28205
-28214
-28218
-28210
-28188
-28180
-28201
-28271
-28315
-28357
-28413
-28426
-28439
-28521
-28584
-28651
-28741
-28850
-28926
-28997
-29044
-29113
-29212
-29319
-29441
-29560
-29672
-29802
-29951
-30079
-30149
-30264
-30409
-30537
-30701
-30800
-30897
-31094
-31260
-31422
-31562
-31689
-31831
-31968
-32104
-32279
-32430
-32560
-32252
-32924
-33050
-33222
-33415
-33539
-33672
-33781
-33888
-34000
-34105
-34268
-34441
-34560
-34207
-34779
-34861
-34960
-35037
-35117
-35210
-35294
-35361
-35388
-35459
-35514
-35529
-35525
-35552
-35605
-35600
-35575
-35575
-35617
-35663
-35661
-35628
-35556
-35493
-35428
-35371
-35271
-35665
-35079
-35033
-34972
-34892
-34831
-34712
-34581
-34415
-34277
-34140
-34021
-33936
-33840
-33762
-33649
-33478
-33300
-33054
-32947
-32758
-32554
-32350
-32123
-32002
-31827
-31649
-31556
-31367
-31243
-31052
-30936
-30897
-31243
-30682
-30699
-30661
-30558
-30539
-30542
-30531
-30506
-30500
-30541
-30573
-30604
-30628
-30680
-30735
-30802
-30831
-30886
-30941
-31012
-31058
-31086
-31189
-31258
-31302
-31376
-31403
-31447
-31512
-31581
-31634
-31655
-31653
-31699
-31750
-31754
-31840
-31926
-31936
-31970
-32008
-32023
-32060
-32121
-32214
-32224
-32222
-32292
-32336
-32298
-32336
-32405
-32485
-32472
-32464
-32569
-32609
-32661
-32703
-32691
-32724
-32791
-32802
-32863
-32909
-32901
-32934
-32934
-32989
-33031
-33098
-33111
-33021
-33014
-33039
-33006
-32922
-32812
-32770
-32697
-32546
-32438
-32294
-32058
-31932
-31930
-31945
-31928
-31854
-31688
-31531
-31445
-31275
-31107
-31035
-30945
-31260
-30592
-30474
-30350
-30161
-30014
-29878
-29735
-29632
-29535
-29392
-29298
-29247
-29174
-29121
-29056
-29048
-29021
-28962
-29004
-29016
-29029
-29058
-29123
-29182
-29241
-29388
-29439
-29474
-29590
-29720
-29863
-29888
-30021
-30149
-29813
-30371
-30487
-30625
-30730
-30875
-30968
-31020
-31174
-30783
-31312
-31365
-31344
-31363
-31417
-31396
-31375
-31371
-31730
-31153
-31079
-31016
-30869
-30695
-30558
-30403
-30184
-30052
-29848
-29634
-29396
-29163
-28941
-28724
-28388
-28100
-28306
-27510
-27230
-26930
-26630
-26813
-25974
-25661
-25317
-24999
-24676
-24359
-24020
-23726
-23392
-23046
-22747
-22909
-22138
-21901
-21642
-21432
-21201
-21451
-20739
-20596
-20428
-20256
-20499
-19917
-19873
-19764
-19688
-19632
-19581
-19596
-19670
-19693
-19783
-19915
-19997
-20094
-20264
-20378
-20035
-20710
-20905
-21084
-21310
-21016
-21604
-21779
-21960
-22140
-22355
-22500
-22741
-23010
-23125
-23294
-23491
-23663
-23867
-24000
-24035
-24115
-24161
-24184
-24199
-24096
-23989
-23802
-23569
-23348
-23100
-22707
-22361
-22453
-21974
-21460
-20417
-19876
-19235
-19041
-17871
-17126
-16403
-15659
-15020
-14218
-13401
-12752
-12586
-11481
-10800
-10737
-9636
-9071
-8617
-8168
-8233
-7397
-7123
-6878
-6653
-6491
-6422
-6380
-6279
-6302
-6439
-6512
-6609
-6804
-7083
-7371
-7674
-7842
-8142
-8510
-8875
-9258
-9539
-9336
-10136
-10445
-10726
-11042
-11338
-11577
-11770
-11913
-12125
-12392
-12583
-12804
-12974
-13107
-13273
-13386
-13548
-13670
-13749
-13848
-13873
-14054
-14102
-14104
-14119
-14104
-14104
-14027
-13957
-13844
-13764
-14165
-13439
-13287
-13092
-12869
-12596
-12285
-12027
-12191
-11388
-11027
-10659
-10714
-9792
-9411
-8993
-8598
-8130
-7657
-7203
-7275
-6418
-5909
-5531
-5125
-4726
-4852
-3939
-3646
-3245
-3420
-2684
-2932
-2209
-2027
-1909
-1770
-1703
-1632
-1619
-1604
-1646
-1718
-1840
-1945
-2084
-2230
-2367
-2541
-2676
-2926
-3176
-3384
-3634
-3821
-4058
-4321
-4621
-4850
-5054
-5277
-5544
-5789
-5991
-6209
-6470
-6693
-6380
-7018
-7218
-6846
-7512
-7617
-7705
-7878
-8025
-8197
-8302
-8405
-8485
-8615
-8733
-8934
-8991
-9031
-9119
-9228
-9294
-9350
-9420
-9438
-9428
-9430
-9386
-9371
-9355
-9285
-9161
-9029
-8901
-8712
-8567
-8390
-8214
-8084
-7884
-7693
-7464
-7260
-7046
-6867
-6668
-6426
-6313
-6113
-5983
-6333
-5686
-5592
-5499
-5413
-5239
-5153
-5128
-5084
-5121
-5149
-5157
-5130
-5188
-5300
-5449
-5611
-5773
-5934
-6111
-6346
-6602
-6357
-7132
-6863
-7602
-7896
-8243
-8481
-8686
-8955
-9279
-9521
-9743
-9987
-10243
-10434
-10571
-10722
-10888
-10959
-11010
-11102
-11081
-11010
-10989
-10875
-10794
-10623
-10478
-10300
-10153
-9892
-9647
-9357
-9081
-9283
-8491
-8111
-8249
-7394
-7031
-6714
-6764
-6289
-5441
-5077
-4668
-4270
-3991
-3649
-3298
-3397
-2548
-2291
-2041
-1871
-1615
-1438
-1317
-1159
-1063
-980
-915
-876
-850
-848
-810
