-8146
-8191
-8168
-8149
-8058
-8014
-7978
-7941
-7869
-7771
-7739
-7588
-7569
-7499
-7434
-7405
-7369
-7359
-7432
-7516
-7592
-7647
-7655
-7693
-7791
-7892
-8029
-8165
-8195
-8355
-8418
-8500
-8646
-8770
-8955
-9084
-9189
-9340
-9529
-9649
-9764
-9882
-10050
-10126
-10230
-10388
-10542
-10621
-10796
-10939
-11094
-11105
-11222
-11277
-11289
-11333
-11384
-11386
-11472
-11504
-11539
-11626
-11628
-11636
-11668
-11770
-11760
-11733
-11791
-11804
-11779
-11737
-11762
-11754
-11768
-11806
-11829
-11812
-11792
-11798
-11823
-11833
-11857
-11920
-11936
-11918
-11964
-12031
-12041
-12058
-12136
-12186
-11733
-12262
-12313
-12359
-12413
-12468
-12504
-12550
-12588
-12642
-12688
-12733
-12821
-12930
-12985
-13014
-13039
-13149
-13230
-13277
-13306
-13361
-13397
-13443
-13497
-13535
-13615
-13197
-13720
-13756
-13802
-13833
-13911
-13976
-14018
-14020
-14044
-14094
-14126
-14136
-14136
-14138
-14115
-14100
-14107
-14146
-13684
-14184
-14188
-14130
-14084
-14056
-14044
-14025
-13980
-13960
-13938
-13897
-13855
-13781
-13663
-13632
-13588
-13556
-13563
-13550
-13527
-13514
-13516
-13497
-13443
-13397
-13407
-13415
-13417
-13396
-13367
-13352
-13306
-13235
-13235
-13310
-13342
-13334
-13354
-13403
-13466
-13499
-13527
-13604
-13707
-13777
-13813
-13852
-13894
-13934
-13993
-14065
-14147
-14184
-14216
-14304
-14466
-14586
-14705
-14787
-14863
-15004
-15130
-15224
-15342
-15415
-15556
-15739
-15888
-16044
-16226
-16399
-16125
-16871
-17084
-17270
-17422
-17548
-17716
-17943
-18125
-18315
-18489
-18634
-18806
-18959
-19050
-19197
-19394
-19090
-19787
-19945
-20067
-20239
-20390
-20487
-20575
-20682
-20791
-20917
-21006
-21104
-21245
-21363
-21474
-21531
-21562
-21628
-21693
-21792
-21829
-21876
-21960
-22041
-22115
-22163
-22201
-22235
-22319
-22355
-22405
-22439
-22459
-22478
-22480
-22478
-22443
-22443
-22397
-22355
-22302
-22212
-22155
-22159
-22161
-22128
-22115
-22094
-22067
-22014
-21968
-21941
-21863
-21789
-21747
-21741
-21758
-21720
-21644
-21611
-21563
-21985
-21441
-21407
-21365
-21357
-21327
-21230
-21199
-21197
-21168
-21100
-21098
-21054
-20962
-20918
-20918
-20915
-20873
-20827
-20810
-20775
-20756
-20756
-20752
-20747
-20716
-20730
-20762
-20787
-20848
-20922
-20987
-21042
-21084
-21115
-21134
-21186
-21262
-21325
-21342
-21413
-21493
-21632
-21730
-21829
-21861
-21917
-21499
-22075
-22184
-22292
-22340
-22397
-22504
-22638
-22710
-22798
-22502
-23165
-23312
-23394
-23464
-23625
-23760
-23848
-23460
-24014
-24056
-24161
-24254
-24327
-24417
-24527
-24588
-24695
-24825
-24913
-25021
-25105
-25174
-25292
-25474
-25609
-25720
-25812
-25418
-25980
-26062
-26182
-26283
-26365
-26455
-26548
-26634
-26720
-26808
-26386
-26939
-27035
-27105
-27128
-27176
-27289
-27399
-27495
-27554
-27600
-27642
-27701
-27764
-27833
-27894
-27918
-27953
-27978
-27976
-27934
-27959
-27987
-27989
-27953
-27922
-27905
-27913
-27930
-27934
-27932
-27915
-27859
-27861
-27855
-27813
-27716
-27657
-27632
-27604
-27596
-27583
-27581
-27632
-27651
-27649
-27619
-27567
-27550
-27533
-27531
-27506
-27506
-27497
-27474
-27459
-27470
-27491
-27495
-27497
-27508
-27525
-27520
-27508
-27512
-27502
-27487
-27478
-27468
-27443
-27428
-27451
-27434
-27453
-27485
-27527
-27520
-27523
-27575
-27615
-27668
-27720
-27771
-27808
-27831
-27861
-27924
-27970
-28014
-28094
-28149
-28209
-28264
-28285
-28357
-28382
-28399
-28422
-28462
-28502
-28554
-28630
-28653
-28661
-28636
-28659
-28716
-28718
-28710
-28716
-28701
-28703
-28756
-28796
-28783
-28754
-28758
-28720
-28672
-28657
-28646
-28596
-28565
-28525
-28499
-28457
-28441
-28401
-28825
-28294
-28216
-28151
-28035
-27913
-28336
-27783
-27731
-27649
-27544
-27453
-27363
-27231
-27100
-27002
-26936
-26886
-26806
-26699
-26584
-26474
-26869
-26279
-26161
-26008
-25905
-25823
-25752
-25716
-25619
-25485
-25376
-25285
-25226
-25188
-25176
-25102
-25021
-24943
-24878
-24867
-24880
-24896
-24880
-24823
-24720
-24642
-24628
-24617
-24605
-24554
-24495
-24449
-24439
-24417
-24409
-24388
-24365
-24352
-24373
-24376
-24357
-24329
-24319
-24338
-24325
-24312
-24312
-24352
-24384
-24396
-24369
-24369
-24392
-24388
-23941
-24457
-24459
-24457
-24493
-24502
-24510
-24520
-24531
-24537
-24508
-24500
-24495
-24483
-24480
-24478
-24447
-24428
-24411
-24388
-24323
-24243
-24195
-24136
-24098
-24052
-23985
-24420
-23859
-23747
-23642
-23535
-23413
-23323
-23165
-23021
-22932
-22827
-22735
-22630
-22476
-22315
-22203
-22094
-21987
-21886
-21722
-21569
-21415
-21228
-21046
-20897
-20752
-20596
-20439
-20235
-20039
-19854
-19674
-19520
-19306
-19084
-18955
-18785
-18619
-18487
-18346
-18184
-18050
-17886
-17764
-17663
-17523
-17403
-17325
-17235
-17113
-17021
-16926
-16897
-16857
-16823
-16781
-16768
-16775
-16770
-16770
-16743
-16728
-16735
-16794
-16859
-16905
-16951
-16943
-16943
-16974
-17031
-17128
-17266
-17312
-17323
-17344
-17369
-17432
-17548
-17613
-17676
-17747
-17802
-17859
-17917
-17991
-18075
-18111
-18149
-18188
-18228
-18260
-18294
-18390
-18499
-18586
-18659
-18695
-18749
-18833
-18922
-18993
-19016
-19048
-19084
-19115
-19144
-19165
-19161
-19147
-19140
-19111
-19079
-19046
-19058
-19033
-18991
-18983
-18947
-18859
-18787
-18667
-19041
-18472
-18376
-18260
-18151
-17968
-17796
-17667
-17533
-17382
-17203
-16968
-16771
-16638
-16508
-16348
-16172
-15970
-15783
-16100
-15422
-15262
-15149
-14945
-14716
-14550
-14367
-14205
-14046
-13880
-13697
-13556
-13407
-13220
-13058
-12857
-12638
-12462
-12264
-12071
-11926
-11749
-11577
-11434
-11252
-11111
-10962
-10802
-10657
-10533
-10491
-10457
-10405
-10361
-10291
-10243
-10197
-10228
-10300
-10384
-10508
-10590
-10655
-10745
-10878
-10966
-11039
-11104
-11216
-11401
-11674
-11941
-12167
-12447
-12758
-13039
-13399
-13756
-14029
-14380
-14214
-15002
-15369
-15586
-15663
-16004
-16207
-17380
-17978
-18333
-18092
-18980
-19497
-19985
-20054
-20539
-21411
-21896
-22359
-22766
-23306
-23855
-24319
-24838
-25327
-25705
-26168
-26653
-27105
-27623
-28029
-28317
-28674
-29086
-29424
-29798
-30151
-30436
-30750
-31048
-30796
-31535
-31291
-31962
-32111
-32205
-32292
-32417
-32485
-32523
-32497
-32384
-32302
-32174
-32060
-31924
-32218
-31493
-31287
-30976
-30680
-30457
-30168
-30291
-29468
-29062
-28678
-28802
-27945
-27533
-27193
-26781
-26413
-25957
-25468
-25033
-24688
-24216
-23869
-23459
-23042
-22686
-22212
-21783
-21500
-21189
-20834
-20964
-20226
-20478
-19714
-19499
-19262
-19008
-18827
-18655
-18548
-18447
-18373
-18289
-18216
-18209
-18222
-18300
-18415
-18455
-18497
-18092
-18678
-18796
-18936
-19098
-19266
-19460
-19657
-19926
-20144
-20321
-20037
-20741
-20932
-21182
-21438
-21663
-21892
-22130
-22342
-22598
-22852
-23096
-23287
-23541
-23794
-23989
-24220
-24390
-24502
-24628
-24771
-24434
-25140
-25292
-25388
-25518
-25655
-25733
-25802
-25867
-25894
-25932
-25955
-25928
-25911
-25913
-25871
-25813
-25745
-25684
-25592
-25520
-25445
-25359
-25220
-25098
-24943
-24796
-24707
-24581
-24888
-24258
-24104
-23970
-23848
-23707
-23560
-23936
-23279
-23094
-22920
-22758
-22583
-22938
-22296
-22201
-22147
-22067
-21962
-21857
-21701
-21541
-21424
-21346
-21340
-21338
-21306
-21283
-21283
-21357
-21439
-21485
-21527
-21605
-21665
-21735
-21838
-21506
-22125
-22281
-22405
-22472
-22542
-22625
-22768
-22855
-22932
-22999
-23050
-23102
-23188
-23212
-23264
-23348
-22968
-23502
-23552
-23609
-23714
-23789
-23829
-23875
-23930
-24031
-24149
-24210
-24239
-24285
-24338
-24396
-24485
-24525
-24520
-24546
-24699
-24794
-24876
-24980
-25083
-25222
-25300
-25371
-25365
-25319
-25340
-24918
-25428
-25378
-25392
-25413
-25430
-25892
-25361
-25357
-25296
-25357
-25371
-25384
-25376
-25417
-25441
-25459
-25491
-25375
-25249
-25210
-25111
-24983
-24897
-24792
-24745
-24659
-24468
-24289
-24149
-24062
-23964
-23842
-23855
-23785
-23571
-23596
-23596
-23460
-23380
-23346
-23308
-23369
-23439
-23491
-23460
-23436
-23462
-23428
-23409
-23407
-23466
-23430
-23422
-23445
-23478
-23535
-23600
-23630
-23642
-23720
-23815
-23831
-23867
-23917
-23911
-24428
-23907
-23922
-23896
-23882
-23842
-23869
-23857
-23823
-23779
-23726
-23638
-23577
-23480
-23375
-23209
-22974
-22878
-22699
-22533
-22325
-22136
-21953
-21730
-21951
-21292
-21102
-20947
-20794
-20626
-20491
-20340
-20214
-20042
-19976
-19928
-19806
-19693
-19709
-19668
-19636
-19628
-19668
-19667
-19710
-19766
-19823
-19850
-19918
-19903
-19991
-20046
-20035
-19987
-19970
-19955
-19873
-19813
-19827
-19817
-19775
-19710
-19682
-19695
-19636
-19602
-19546
-19521
-19500
-19478
-19493
-19483
-19455
-19451
-19441
-19382
-19323
-19344
-19298
-19184
-19119
-19195
-19159
-19541
-19014
-19021
-18985
-18951
-18989
-19006
-18951
-18886
-18917
-18913
-18934
-18983
-18960
-18957
-19027
-19065
-19046
-19054
-19123
-19130
-19155
-19174
-19188
-19250
-19292
-19283
-19270
-19250
-19237
-19226
-19207
-19100
-19073
-19094
-18989
-18947
-18855
-18861
-18855
-18705
-18653
-18577
-18529
-18438
-18417
-18350
-18239
-18146
-18029
-17943
-17783
-17632
-17571
-17459
-17292
-17176
-16985
-16794
-16638
-16611
-16533
-16241
-15987
-15831
-16081
-15363
-15598
-14966
-15048
-14964
-14718
-14521
-14466
-14424
-14533
-14905
-15292
-15771
-15884
-15878
-16142
-17495
-17619
-18271
-18289
-18466
-18672
-18596
-19392
-19220
-18789
-18151
-18224
-18560
-18745
-18775
-18376
-17890
-16918
-16827
-17960
-18439
-18226
-17691
-16941
-16480
-15857
-15191
-14953
-14508
-15054
-15621
-16107
-15628
-14491
-14092
-13884
-14159
-13571
-13552
-13560
-13436
-13264
-13176
-13321
-13438
-13266
-13086
-12720
-13294
-13121
-12829
-12394
-12014
-11817
-11659
-11417
-11159
-10959
-10827
-10747
-10688
-10502
-10312
-10100
-9928
-10212
-9527
-9380
-9256
-9104
-9012
-8989
-8894
-8846
-8863
-8951
-8997
-8947
-8913
-8970
-9041
-9146
-8798
-9516
-9649
-9285
-9848
-9894
-9890
-9890
-9873
-9850
-9792
-9737
-9770
-9848
-9970
-10048
-10191
-10331
-10472
-10621
-10880
-11172
-11296
-11512
-11718
-11911
-12109
-12260
-12495
-12672
-12775
-12909
-13008
-13079
-13104
-13149
-13121
-13113
-13010
-12871
-12792
-12613
-12464
-12682
-11917
-11619
-11262
-10945
-10521
-10193
-10233
-9300
-8859
-8399
-7983
-7531
-7128
-6710
-6262
-5896
-5636
-5823
-5025
-4724
-4531
-4313
-4191
-4102
-4033
-4054
-4130
-4159
-4247
-4386
-4579
-4722
-4436
-5186
-5451
-5728
-5999
-6256
-6497
-6382
-7247
-7567
-7941
-7878
-8720
-9027
-9365
-9695
-9976
-10220
-10432
-10628
-10838
-11069
-10781
-11399
-11592
-11663
-11256
-11792
-11813
-11867
-11844
-11798
-11771
-11684
-11573
-11516
-11426
-11350
-11218
-11136
-11020
-10838
-10668
-10466
-10731
-10100
-9907
-9604
-9436
-9296
-9088
-8859
-8735
-8499
-8760
-8142
-7987
-7701
-7422
-7230
-7062
-6855
-6626
-6451
-6825
-6159
-6042
-5943
-5680
-5539
-5497
-5401
-5277
-5193
-5123
-5054
-5079
-5063
-5111
-5168
-5205
-5220
-5279
-5346
-5407
-5508
-5628
-5705
-5829
-5930
-6027
-6151
-6304
-6499
-6647
-6359
-7104
-7254
-7493
-7733
-7907
-8090
-7825
-8443
-8586
-8735
-8888
-8928
-9069
-9168
-9237
-9258
-9291
-9292
-9331
-9327
-9334
-9352
-9367
-9413
-9481
-9506
-9445
-9481
-9571
-9602
-9609
-9583
-9552
-9506
-9489
-9518
-9512
-9541
-9542
-9596
-9613
-9625
-9657
-9628
-9678
-9697
-9756
-9825
-9827
-9846
-9789
-9838
-9928
-9947
-9896
-9810
-9796
-9821
-9823
-9854
-9915
-9976
-10067
-10182
-10245
-9791
-10371
-10472
-10493
-10464
-10478
-10403
-10365
-10453
-10563
-10699
-10777
-11035
-10768
-11407
