-28092
-28203
-28329
-28518
-28693
-28808
-28943
-29039
-29090
-29165
-29264
-29289
-29266
-29270
-29237
-29283
-29283
-29197
-29155
-29109
-29025
-28915
-28791
-28712
-28563
-28415
-28258
-28075
-27884
-27710
-27480
-27327
-27117
-26943
-26768
-26565
-26384
-26193
-26027
-25865
-25693
-25613
-25464
-25371
-25247
-25128
-25021
-24880
-24804
-24668
-24640
-24497
-24382
-24325
-24268
-24147
-24065
-24021
-23972
-23848
-23791
-23714
-23691
-23668
-23558
-23481
-23422
-23396
-23310
-23363
-23367
-23394
-23375
-23336
-23348
-23407
-23382
-23342
-23308
-23333
-23350
-23361
-23363
-23275
-23205
-23212
-23226
-23277
-23317
-23081
-22684
-22369
-22279
-22140
-21876
-21676
-21978
-21258
-21010
-20779
-20563
-20325
-20102
-19951
-19836
-19754
-19632
-19485
-19354
-19195
-19094
-18995
-18901
-18848
-18756
-18686
-18609
-18499
-18371
-18250
-18184
-18138
-18562
-17987
-17896
-17783
-17714
-17649
-17562
-17470
-17405
-17319
-17268
-17273
-17254
-17231
-17184
-17161
-17107
-17065
-17067
-17048
-16983
-16978
-17010
-17042
-17031
-17002
-16976
-16981
-16997
-17014
-17027
-17052
-17071
-17071
-17054
-17084
-17123
-17155
-17176
-17184
-17172
-17193
-17226
-17275
-17321
-17369
-17397
-17420
-17443
-17470
-17521
-17583
-17642
-17701
-17752
-17783
-17775
-17800
-17808
-17840
-17884
-17890
-17890
-17896
-17905
-17903
-17869
-17798
-17758
-17722
-17663
-17634
-18067
-17497
-17380
-17241
-17136
-16999
-16855
-16697
-16495
-16329
-16212
-16062
-15886
-15768
-15583
-15354
-15203
-15014
-14796
-14594
-14359
-14626
-14014
-13810
-13535
-13321
-13062
-12806
-12678
-12523
-12354
-12688
-12069
-11905
-11779
-11661
-11571
-11521
-11455
-11331
-11250
-11197
-11140
-11058
-10960
-10892
-10762
-10604
-10449
-10392
-10420
-10506
-10602
-10695
-10726
-10756
-10863
-10968
-11065
-11210
-11310
-11397
-11542
-11651
-11798
-12000
-12167
-12298
-12462
-12676
-12861
-13113
-13321
-13472
-13680
-13922
-14113
-14357
-14607
-14787
-14989
-15199
-15394
-15147
-15840
-15991
-16226
-16481
-16684
-16878
-17016
-17136
-17294
-17472
-17636
-17831
-17974
-18071
-18212
-18411
-18525
-18644
-18768
-18850
-18978
-19113
-19233
-19375
-19493
-19539
-19569
-19642
-19724
-19834
-19907
-19962
-20010
-20048
-20081
-20121
-20151
-20207
-20266
-20313
-20354
-20375
-20365
-20354
-20371
-20378
-20382
-20390
-20291
-20161
-20004
-19896
-19798
-19730
-19651
-20025
-19436
-19361
-19239
-19056
-18911
-18777
-18663
-18533
-18397
-18279
-18205
-18146
-18052
-17962
-17859
-17750
-17663
-17567
-17485
-17420
-17333
-17266
-17249
-17230
-17220
-17199
-17153
-17178
-17250
-17287
-17256
-17382
-17724
-17957
-18033
-17953
-17947
-18140
-18340
-18510
-18634
-18812
-18964
-19136
-19310
-19426
-19567
-19726
-19859
-19565
-20197
-20268
-20310
-20405
-20033
-20638
-20710
-20848
-20920
-20981
-21096
-21226
-21289
-21327
-21352
-21338
-21323
-21247
-21163
-21083
-20972
-20867
-20726
-20571
-20438
-20212
-20504
-19871
-19710
-20018
-19359
-19134
-18930
-18752
-18516
-18239
-18018
-17764
-17525
-17250
-16999
-16739
-16426
-16157
-15970
-15762
-15527
-15313
-15090
-14861
-14682
-14504
-14312
-14180
-14044
-13909
-13794
-13630
-13481
-13363
-13256
-13155
-13069
-13002
-13002
-12993
-12997
-12991
-13037
-13165
-13292
-13411
-13510
-13596
-13201
-13815
-13972
-14140
-14252
-14361
-14476
-14638
-14781
-14934
-15144
-15342
-15598
-15787
-15941
-15642
-16327
-16516
-16750
-17004
-17218
-17443
-17621
-17810
-18035
-18199
-18325
-18413
-18468
-18441
-18342
-18373
-18138
-18613
-19535
-19871
-19947
-19907
-19884
-19960
-20065
-20119
-20163
-20197
-20268
-20373
-20466
-20525
-20552
-20605
-20661
-20709
-20737
-20758
-20760
-20810
-20857
-20867
-20854
-20833
-20810
-20804
-20873
-20932
-20894
-20848
-20834
-20834
-20804
-20789
-20834
-20831
-20854
-20873
-20871
-20890
-20917
-20911
-20882
-20901
-20970
-21023
-21083
-21102
-21098
-21119
-21188
-21325
-21424
-21023
-21617
-21701
-21789
-21882
-21960
-22042
-22147
-22226
-22321
-22012
-22623
-22741
-22838
-22483
-23144
-23296
-23520
-23760
-23917
-24113
-24367
-24604
-24831
-24974
-25092
-25277
-24930
-25563
-25783
-25995
-26147
-26302
-26438
-26514
-26649
-26760
-26836
-26936
-26997
-27027
-27058
-27140
-27239
-27317
-27401
-27481
-27596
-27716
-27376
-28002
-28086
-28147
-28212
-28283
-28390
-28453
-28493
-28489
-28436
-28386
-28344
-28277
-28159
-28018
-27890
-27785
-27623
-27451
-27312
-27098
-26892
-26762
-26617
-26472
-26355
-26157
-25945
-25758
-25539
-25279
-25073
-24836
-24613
-24890
-24094
-23756
-23499
-23226
-23409
-22634
-22291
-21911
-21602
-21268
-21445
-20693
-20352
-19953
-19632
-19271
-18981
-18623
-18283
-18056
-17802
-17510
-17279
-16987
-16695
-16516
-16312
-16600
-16000
-15850
-15693
-15569
-15436
-15298
-15207
-15140
-15147
-15138
-15126
-15094
-15081
-14676
-15302
-15428
-15554
-15695
-15829
-16029
-16205
-16376
-16562
-16691
-16844
-17054
-17235
-17451
-17657
-17815
-17972
-18132
-18310
-18525
-18747
-18913
-19104
-19256
-19449
-19689
-19892
-19562
-20239
-20403
-20646
-20876
-21023
-21212
-21365
-21023
-21693
-21871
-21499
-22165
-22346
-22014
-22665
-22810
-22957
-23102
-23216
-23306
-23394
-23521
-23636
-23760
-23861
-23920
-24010
-24090
-24146
-24184
-24161
-24113
-24147
-24193
-24212
-24188
-24113
-24014
-23920
-23836
-23745
-23607
-23495
-23399
-23323
-23239
-23111
-22966
-22802
-22604
-22439
-22281
-22123
-22445
-21743
-21562
-21384
-21151
-20976
-20815
-20577
-20327
-20138
-19924
-19714
-19999
-19197
-18926
-18619
-18285
-18010
-17667
-17319
-17012
-16667
-16306
-16004
-15682
-15405
-15602
-14754
-14453
-14209
-13915
-13691
-13523
-13256
-12980
-12766
-12541
-12354
-12149
-11911
-12199
-11485
-11308
-11119
-10890
-10688
-10508
-10384
-10739
-10084
-9955
-9821
-9693
-9605
-9541
-9481
-9415
-9338
-9247
-9180
-9159
-9188
-9193
-9157
-9113
-9092
-9081
-9096
-9113
-9121
-9111
-9081
-9048
-9060
-9058
-9073
-9126
-9174
-9252
-9298
-9346
-9403
-9445
-9485
-9521
-9569
-9613
-9670
-9758
-9821
-9884
-9951
-9978
-10010
-10090
-10172
-10220
-10241
-10247
-10254
-10271
-10329
-10397
-10413
-10397
-10434
-10447
-10441
-10481
-10514
-10516
-10516
-10518
-10558
-10560
-10521
-10474
-10470
-10462
-10466
-10455
-10447
-10375
-10310
-10249
-10186
-10111
-10046
-9949
-9917
-9863
-9819
-9777
-9756
-9707
-9640
-9550
-9481
-9468
-9436
-9355
-9285
-9216
-9176
-9134
-9071
-8966
-8863
-8762
-8688
-8607
-8535
-8445
-8354
-8271
-8176
-8081
-8052
-8058
-8046
-8021
-7987
-7981
-8004
-7993
-7959
-7918
-7905
-7938
-7960
-7978
-8012
-8048
-8069
-8096
-8134
-8157
-8182
-8209
-8203
-8163
-8149
-8172
-8210
-8245
-8260
-8262
-8228
-8188
-8176
-8224
-8249
-8231
-8193
-8111
-8027
-7970
-7917
-7859
-7781
-7699
-7613
-7512
-7409
-7312
-7205
-7042
-6901
-6825
-6710
-6594
-6500
-6403
-6306
-6184
-6052
-5930
-6348
-5770
-5728
-5686
-5630
-5571
-5516
-5459
-5457
-5445
-5457
-5453
-5485
-5546
-5604
-5642
-5688
-5730
-5806
-5831
-5886
-5993
-6102
-6226
-6340
-6478
-6640
-6791
-6922
-7023
-7159
-7268
-7369
-7468
-7502
-7533
-7665
-7773
-7855
-7924
-7974
-7966
-7964
-7985
-8012
-8012
-7989
-7930
-7890
-7850
-7775
-7739
-7682
-7621
-7577
-7500
-7397
-7333
-7186
-7058
-6960
-6842
-6714
-6628
-6493
-6375
-6273
-6155
-6016
-5875
-5745
-5592
-5439
-5245
-5014
-4834
-4657
-4491
-4352
-4146
-3978
-3850
-3686
-3548
-3376
-3230
-3121
-2972
-2869
-2798
-2655
-2932
-2308
-2241
-2161
-2088
-2004
-1957
-1909
-1873
-1825
-1760
-1745
-1739
-1703
-1672
-1672
-1628
-1613
-1613
-1562
-1516
-1506
-1542
-1594
-1626
-1663
-1686
-1710
-1806
-1917
-2027
-2006
-2092
-2207
-2254
-2258
-2296
-2367
-2394
-2422
-1972
-2483
-2563
-2661
-2695
-2750
-2854
-2962
-3039
-3140
-3243
-3342
-3506
-3638
-3680
-3850
-4115
-4275
-3945
-4655
-4407
-5184
-4899
-5642
-5399
-6146
-6434
-6640
-6949
-7209
-7378
-7594
-7336
-8037
-8235
-8321
-8449
-8586
-8709
-8846
-8899
-9039
-9088
-9119
-9138
-9144
-9104
-9039
-9050
-9081
-8987
-8871
-8857
-8796
-8745
-8730
-8621
-8527
-8499
-8544
-8539
-8462
-8432
-8460
-8500
-8499
-8525
-8651
-8756
-8861
-8943
-9056
-9233
-9365
-9489
-9649
-9833
-9930
-10058
-10249
-10350
-10455
-10609
-10709
-10876
-10995
-11079
-11193
-11289
-11443
-11512
-11569
-11594
-11678
-11699
-11693
-11672
-11646
-11632
-11577
-11533
-11434
-11378
-11304
-11203
-11111
-11042
-10890
-10804
-10800
-10787
-11231
-10709
-10684
-10651
-10722
-10775
-10897
-10882
-10896
-10936
-11025
-11140
-10758
-11289
-11371
-11470
-11628
-11709
-11789
-11852
-11939
-12056
-12102
-12203
-12209
-11743
-12319
-12327
-12357
-12399
-12411
-12430
-12426
-12426
-12384
-12373
-12308
-12273
-12147
-12102
-12081
-11959
-11855
-11777
-11707
-11672
-11665
-11628
-11537
-11483
-11420
-11371
-11300
-11189
-11130
-11092
-11067
-10991
-10920
-10922
-10842
-10791
-10821
-10794
-10756
-10268
-10762
-10749
-10768
-10266
-10817
-10915
-10913
-10932
-10985
-11063
-11121
-11220
-11237
-11296
-11399
-11480
-11531
-11670
-11796
-11855
-11964
-12117
-12237
-12308
-12428
-12487
-12588
-12728
-12859
-12993
-13100
-13168
-13275
-13470
-13604
-13632
-13808
-13968
-14079
-14231
-14317
-14357
-14462
-14514
-14436
-14443
-14586
-14756
-14899
-15083
-15189
-15376
-15176
-15833
-16041
-16245
-16428
-16659
-16827
-17033
-17180
-17336
-17392
-17502
-17667
-17813
-17888
-17955
-18016
-18117
-18165
-18161
-18111
-18128
-18096
-18063
-18020
-17974
-17938
-17876
-17825
-17825
-17733
-17619
-17439
-17369
-17315
-17146
-16999
-16917
-16731
-16661
-17071
-16401
-16317
-16239
-16605
-15924
-15754
-15680
-15857
-16054
-16058
-15918
-15794
-15802
-15815
-15731
-15750
-15693
-15684
-15672
-15590
-15415
-15281
-15621
-14995
-14865
-14831
-14731
-15134
-14600
-14554
-14485
-14462
-14460
-14443
-14384
-14306
-14346
-14415
-14340
-14294
-14371
-14451
-14422
-14430
-14533
-14621
-14617
-14636
-14699
-14722
-14707
-14762
-14787
-14831
-14876
-14966
-15092
-15231
-15373
-15504
-15697
-15951
-16117
-16256
-16464
-16693
-16854
-17021
-17153
-17304
-17453
-17613
-17712
-17762
-17867
-17943
-17991
-17932
-17928
-17871
-17792
-17722
-17544
-17485
-17405
-17289
-17195
-17581
-16934
-16792
-16808
-16730
-16626
-16560
-16502
-16403
-16296
-16161
-16027
-15909
-15798
-15722
-15628
-15521
-15396
-15361
-15329
-15264
-15260
-15205
-15069
-15065
-15037
-15073
-15079
-15182
-15283
-15344
-15363
-15403
-15527
-15668
-15756
-15846
-16031
-16222
-16384
-16125
-16884
-17167
-17397
-17749
-18071
-18315
-18125
-18905
-19254
-19077
-19896
-20334
-20598
-20875
-21212
-21588
-21939
-22188
-22468
-22760
-23100
-23363
-23546
-23754
-23989
-24132
-24281
-24333
-24449
-24537
-24609
-24707
-24783
-24798
-24806
-24798
-24749
-24779
-24680
-24579
-24478
-24342
-24249
-24088
-23976
-23859
-23674
-23510
-23321
-23170
-22985
-22863
-22720
-22542
-22390
-22228
-22092
-21949
-21785
-21670
-21569
-21531
-21449
-21323
-21302
-21340
-21350
-21321
-21315
-21340
-21438
-21592
-21676
-21806
-21985
-22260
-22451
-22638
-22894
-23090
-23363
-23672
-23813
-24020
-24270
-23962
-24718
-24443
-25104
-25369
-25600
-25794
-26023
-26266
-26428
-26640
-26838
-26890
-26972
-27008
-27012
-27117
-27264
-27325
-27396
-27413
-27445
-27468
-27430
-27363
-27300
-27226
-27136
-26976
-26850
-26739
-26529
-26384
-26161
-25947
-25764
-25625
-25413
-25243
-25105
-25382
-24754
-24617
-24890
-24222
-24039
-23897
-23733
-23621
-23493
-23355
-23222
-23088
-22989
-22878
