-27115
-27071
-27063
-27035
-26991
-26972
-27056
-26993
-26903
-26897
-26939
-26980
-26974
-26915
-26924
-27006
-27075
-27102
-27146
-27161
-27256
-27302
-26897
-27487
-27563
-27605
-27699
-27777
-27831
-27949
-28000
-28107
-28203
-27859
-28439
-28457
-28556
-28682
-28743
-28764
-28350
-28897
-28934
-28911
-28938
-28981
-28962
-28917
-28901
-28959
-28943
-28943
-28911
-28873
-28861
-28848
-28794
-28838
-29302
-28743
-28668
-28563
-28459
-28369
-28325
-28329
-28258
-28214
-28111
-28012
-27966
-27913
-27804
-27682
-27653
-27544
-27390
-27325
-27212
-27144
-27123
-27039
-27354
-26762
-26623
-26489
-26863
-26184
-26054
-25897
-25747
-25581
-25369
-25195
-25142
-25090
-25006
-25388
-24825
-24800
-24752
-24682
-24634
-24625
-24602
-24556
-24472
-24411
-24346
-24277
-24191
-24073
-23991
-23892
-23848
-23812
-23749
-23686
-23617
-23579
-23510
-23439
-23403
-23369
-23348
-23310
-23270
-23207
-23136
-23083
-22978
-22871
-22810
-22697
-22556
-22962
-22384
-22313
-22264
-22174
-22079
-21989
-21882
-21844
-21804
-21737
-21686
-21630
-21569
-21546
-21500
-21439
-21369
-21266
-21149
-21098
-21052
-20987
-20892
-20758
-20634
-20542
-20483
-20489
-20455
-20380
-20281
-20233
-20249
-20279
-20273
-20275
-20245
-20230
-20247
-20273
-20308
-20315
-20315
-20312
-20313
-20306
-20310
-20277
-20256
-20264
-20306
-20323
-20329
-20367
-20434
-20476
-20556
-20611
-20691
-20766
-20848
-20924
-20972
-20959
-20897
-20863
-20859
-20857
-20844
-20827
-20760
-20686
-20665
-20615
-20533
-20405
-20275
-20191
-20153
-20130
-20113
-20100
-20090
-20083
-20514
-19974
-19959
-19924
-19901
-19871
-19819
-19735
-19699
-19686
-19686
-19640
-19550
-19443
-19363
-19302
-19247
-19153
-19023
-18930
-18829
-18724
-18594
-18476
-18373
-18304
-18155
-17978
-17825
-17661
-17500
-17382
-17237
-17069
-16957
-16823
-16661
-16504
-16315
-16125
-15960
-15745
-15581
-15420
-15220
-15014
-14838
-15140
-14451
-14264
-14086
-13926
-13777
-13598
-13380
-13230
-13063
-12926
-12813
-12617
-12459
-12313
-12176
-12071
-11960
-11842
-11735
-11623
-11542
-11483
-11430
-11399
-11363
-11292
-11197
-11174
-11102
-11016
-10978
-10913
-10798
-10684
-10605
-10533
-10459
-10359
-10264
-10188
-10102
-9970
-9779
-9663
-9588
-9483
-9333
-9163
-9002
-8924
-8812
-8710
-8567
-8403
-8241
-8084
-7968
-7882
-7777
-7722
-7659
-7577
-7554
-7558
-7516
-7459
-7451
-7512
-7592
-7657
-7699
-7800
-7932
-8075
-8142
-8222
-8357
-8542
-8724
-8947
-9142
-8804
-9539
-9756
-9981
-10237
-10462
-10691
-10943
-10760
-11527
-11810
-12084
-12354
-12220
-13062
-13373
-13237
-13995
-14357
-14775
-15102
-15527
-15943
-16275
-16144
-16976
-17260
-17121
-17875
-18216
-18506
-18815
-18600
-19273
-19487
-19626
-19831
-19974
-20140
-20310
-20445
-20609
-20789
-20911
-21063
-21182
-21271
-21413
-21550
-21646
-21728
-21800
-21857
-21962
-22094
-22174
-22239
-22214
-22170
-22130
-22126
-22121
-22172
-22218
-22205
-22180
-22123
-22071
-21993
-21949
-21903
-21833
-21766
-21646
-21985
-21350
-21235
-21071
-20934
-20745
-20548
-20392
-20159
-19928
-19728
-19546
-19357
-19180
-19006
-18812
-18649
-18415
-18182
-17981
-17770
-17525
-17310
-17054
-16831
-16617
-16388
-16147
-15945
-15722
-15523
-15369
-15212
-15081
-14978
-14829
-14674
-14533
-14401
-14319
-14247
-14647
-14117
-14025
-13936
-13838
-13770
-13695
-13611
-13552
-13581
-13661
-13720
-13804
-13873
-13972
-14132
-14260
-14396
-14527
-14632
-14731
-14846
-14951
-15048
-15170
-15291
-15363
-15426
-15462
-15527
-15571
-15621
-15743
-15922
-16098
-16228
-16329
-16451
-16611
-16827
-17002
-17191
-17390
-17548
-17691
-17812
-17918
-17605
-18210
-18300
-18373
-18491
-18619
-18676
-18720
-18752
-18840
-18909
-18943
-18968
-19002
-19054
-19123
-19186
-19254
-19287
-19327
-19331
-19331
-19300
-19273
-19245
-19207
-19147
-19060
-18938
-18813
-18682
-18567
-18470
-18325
-18189
-18537
-17909
-17802
-17709
-17602
-17470
-17304
-17130
-17006
-16932
-16873
-16775
-16621
-16474
-16329
-16168
-16008
-15827
-15659
-15516
-15336
-15186
-15056
-14890
-14783
-14680
-14533
-14384
-14285
-14649
-14046
-14020
-14021
-14021
-14014
-13989
-13989
-14020
-14027
-14031
-14046
-14075
-14092
-14144
-14224
-14292
-14424
-14483
-14535
-14600
-14718
-14863
-15037
-15233
-15369
-15481
-15594
-15726
-15905
-16090
-16222
-16386
-16502
-16596
-16722
-16867
-17000
-17161
-17317
-17432
-17544
-17686
-17823
-17947
-18014
-18077
-18149
-18224
-18296
-18409
-18493
-18081
-18590
-18575
-18615
-18688
-18709
-18707
-18707
-18707
-18737
-18760
-18770
-18794
-18813
-18831
-18823
-18789
-18762
-18697
-18628
-18531
-18424
-18304
-18249
-18153
-18552
-17949
-17819
-17701
-17619
-17542
-17439
-17384
-17270
-17144
-17056
-16999
-16924
-16842
-16764
-16693
-16640
-16634
-16640
-16588
-16542
-16506
-16451
-16443
-16418
-16365
-16317
-16313
-16344
-16354
-16321
-16277
-16268
-16256
-16230
-16189
-16161
-16182
-16195
-16203
-16207
-16199
-16189
-16216
-16262
-16298
-16285
-16254
-16277
-16294
-16308
-16333
-16384
-16443
-16489
-16497
-16485
-16531
-16600
-16678
-16703
-16733
-16737
-16735
-16745
-16770
-16800
-16789
-16792
-16842
-16896
-16886
-16836
-16846
-16905
-16964
-16976
-16959
-16968
-16981
-17008
-17004
-16966
-16930
-16930
-16960
-16997
-17041
-17025
-16991
-16953
-16924
-16934
-16917
-16886
-16855
-16810
-16815
-16817
-16823
-16836
-16834
-16802
-16724
-16644
-16592
-16565
-16535
-16516
-16468
-16388
-16376
-16371
-16344
-16289
-16220
-16161
-16083
-16042
-16023
-15993
-15960
-15947
-15882
-15834
-15804
-15730
-15644
-15518
-15386
-15327
-15256
-15630
-15021
-14943
-14842
-14735
-14600
-14451
-14396
-14333
-14268
-14222
-14149
-14039
-13983
-13852
-13728
-14161
-13623
-13577
-13554
-13476
-13357
-13283
-13228
-13201
-13155
-13077
-12993
-12932
-12863
-12833
-12821
-12810
-12752
-12647
-12562
-12533
-12491
-12462
-12401
-12331
-12289
-12268
-12271
-12262
-12224
-12222
-12201
-12197
-12174
-12165
-12176
-12180
-12186
-12172
-12126
-12149
-12189
-12205
-12188
-12159
-12157
-12157
-12161
-12212
-12230
-12703
-12178
-12165
-12191
-12205
-12188
-12149
-12090
-12025
-11953
-11918
-11886
-11840
-11804
-11794
-11760
-11712
-11665
-11609
-11525
-11451
-11388
-11342
-11289
-11212
-11104
-11031
-10964
-10909
-10857
-10802
-11235
-10693
-10642
-10562
-10525
-10516
-10464
-10422
-10405
-10413
-10397
-10390
-10390
-10369
-10346
-10323
-10749
-10218
-10195
-10209
-10235
-10245
-10195
-10155
-10151
-10115
-10067
-10044
-10077
-10126
-10140
-10105
-10086
-10067
-10033
-10000
-10046
-10123
-10170
-10161
-10126
-10113
-10102
-10096
-10090
-10086
-10084
-10069
-10115
-10157
-10168
-10174
-10146
-10094
-10094
-10111
-10113
-10109
-10100
-10088
-10041
-10041
-10039
-10014
-9957
-9875
-9836
-9787
-9688
-9626
-9617
-9586
-9506
-9430
-9380
-9313
-9270
-9178
-9134
-9102
-9060
-8999
-8932
-8829
-8760
-8718
-8653
-8611
-8600
-8514
-8415
-8382
-8378
-8392
-8384
-8331
-8271
-8212
-8172
-8168
-8146
-8119
-8111
-8100
-8063
-8033
-8014
-8044
-8096
-8138
-8161
-8201
-8256
-8294
-7823
-8344
-8394
-8474
-8523
-8581
-8634
-8712
-8794
-8876
-8968
-9016
-9105
-9224
-9266
-9346
-9394
-9466
-9554
-9644
-9739
-9813
-9915
-9980
-10027
-10084
-10115
-10182
-10262
-10352
-10411
-10417
-10424
-10453
-10497
-10500
-10520
-10510
-10539
-10546
-10529
-10481
-10443
-10451
-10470
-10464
-10407
-10277
-10138
-10041
-9970
-9920
-9855
-9728
-9563
-9375
-9191
-9077
-8926
-8752
-8630
-8495
-8375
-8321
-8287
-8250
-8199
-8102
-8033
-8010
-8002
-7978
-7947
-7899
-7825
-7794
-7745
-7676
-7638
-7590
-7550
-7474
-7392
-7808
-7245
-7161
-7096
-6968
-6939
-6918
-6890
-6871
-6913
-7012
-7113
-7214
-7378
-7529
-7670
-7897
-8071
-8209
-8371
-8529
-8672
-8758
-8783
-8745
-8661
-8588
-8544
-8380
-8212
-8044
-7821
-7611
-7363
-7167
-6938
-6720
-6453
-6126
-5899
-5638
-5273
-4974
-4659
-4357
-4052
-3726
-3449
-3115
-2846
-2657
-2918
-2243
-2077
-1894
-1800
-1749
-1665
-1605
-1615
-1611
-1626
-1674
-1737
-1798
-1892
-2027
-2134
-2207
-2333
-2476
-2581
-2699
-2834
-2989
-3159
-3291
-3409
-3535
-3695
-3773
-3899
-4023
-4060
-4071
-4170
-4271
-4300
-4237
-4235
-4325
-4371
-4292
-4203
-4172
-4184
-4136
-4090
-4008
-3896
-3796
-3709
-3644
-3625
-3500
-3378
-3291
-3224
-3088
-2997
-2970
-2865
-2741
-2632
-2586
-2544
-2474
-2355
-2292
-2266
-2140
-2010
-1959
-1821
-1697
-1659
-1558
-1518
-1480
-1500
-1453
-1459
-1520
-1985
-2088
-2155
-2264
-2495
-2718
-2875
-3016
-3230
-3474
-3625
-3810
-4094
-4291
-4476
-4684
-4915
-5111
-5346
-5510
-5684
-5399
-6058
-6228
-6392
-6638
-6737
-6897
-7035
-7193
-7281
-6850
-7445
-7497
-7583
-7563
-7605
-7665
-7613
-7573
-7539
-7451
-7407
-7354
-7264
-7159
-7075
-6943
-6808
-6710
-6546
-6428
-6315
-6176
-6073
-5999
-5934
-5821
-5726
-5644
-5655
-5605
-5506
-5500
-5481
-5439
-5329
-5323
-5388
-5380
-5359
-5315
-5317
-5283
-5289
-5338
-5407
-5428
-5449
-5500
-5581
-5630
-5741
-5861
-5989
-6170
-6264
-6319
-6422
-6476
-6546
-6651
-6745
-6878
-7025
-7186
-7117
-7060
-7163
-7317
-7428
-7563
-7659
-7739
-7907
-8018
-8126
-8235
-8283
-8281
-8369
-8382
-8361
-8409
-8464
-8487
-8544
-8695
-8840
-8878
-8934
-9008
-9031
-9052
-9094
-9094
-9144
-9201
-9165
-9214
-9258
-9340
-9396
-9390
-9348
-9373
-9459
-9478
-9495
-9529
-9584
-9678
-9760
-9792
-9842
-9930
-9953
-10006
-10039
-10107
-10155
-10205
-10308
-10417
-10397
-10449
-10565
-10621
-10726
-10812
-10938
-10991
-11113
-10760
-11415
-11539
-11676
-11831
-11947
-12094
-12184
-12333
-12493
-12567
-12670
-12766
-12886
-12964
-13100
-13252
-13397
-13573
-13670
-13815
-13997
-14092
-13684
-14354
-14449
-14575
-14170
-14771
-14922
-15054
-15197
-15409
-15562
-15682
-15817
-16083
-16317
-16441
-16544
-16730
-16926
-17079
-17193
-17338
-17470
-17649
-17766
-17857
-18046
-18289
-18396
-18462
-18617
-18707
-18871
-18995
-19123
-19254
-19312
-19405
-19512
-19623
-19705
-19810
-19918
-19546
-20069
-20134
-20197
-20291
-20344
-20497
-20596
-20586
-20680
-20813
-20983
-21113
-21184
-21256
-21317
-21436
-21586
-21709
-21771
-21941
-22121
-22292
-22441
-22560
-22722
-22924
-23132
-23270
-23424
-23600
-23739
-23913
-24079
-24210
-24363
-24489
-24625
-24709
-24833
-24995
-25153
-25231
-25254
-25327
-25525
-25625
-25642
-25693
-25747
-25783
-25407
-25915
-25873
-25821
-25724
-25638
-25567
-25481
-25880
-25317
-25191
-25094
-24928
-24722
-24676
-24495
-24203
-23989
-23661
-23367
-23044
-22735
-22493
-22220
-22042
-22037
-22004
-21991
-22077
-22088
-21959
-21924
-22018
-22000
-21884
-21913
-21888
-21869
-21867
-21880
-21915
-21947
-21890
-21939
-21978
-21947
-21917
-21875
-21817
-21777
-21777
-21703
-21680
-21714
-21697
-21724
-21754
-21833
-21892
-21966
-22033
-22107
-22256
-22376
-22386
-22466
-22499
-22529
-22642
-22750
-22834
-22943
-23113
-23247
-23296
-23376
-23541
-23747
-23894
-24004
-24092
-24239
-23959
-24592
-24712
-24907
-25069
-25197
-25336
-25468
-25586
-25709
-25848
-25999
-26125
-26209
-26275
-26369
-26417
-26418
-26500
-26579
-26630
-26647
-26676
-26701
-26674
-26689
-26659
-26592
-26579
-26500
-26430
-26405
-26338
-26361
-26321
-26264
-26216
-26144
-26056
-25909
-25865
-25869
-25884
-25934
-25981
-25960
-25941
-26037
-26109
-26132
-26243
-26279
-26336
-26453
-26588
-26741
-26396
-27035
-27197
-27375
-27510
-27647
-27367
