-9873
-9880
-9917
-9878
-9934
-10010
-9995
-10010
-10065
-10188
-10342
-10426
-10508
-10605
-10743
-10827
-10909
-11016
-11084
-11126
-11165
-11174
-11201
-11279
-11338
-11426
-11514
-11571
-11605
-11605
-11670
-11653
-11575
-11531
-11480
-11422
-11300
-11182
-10983
-10808
-10644
-10334
-10134
-9897
-9657
-9369
-9130
-8890
-8699
-8478
-8409
-8279
-8172
-8109
-8050
-8067
-8115
-8203
-8329
-8413
-8569
-8768
-8962
-9220
-9520
-9840
-10058
-10348
-10600
-10899
-11174
-11459
-11621
-11821
-12048
-11739
-12432
-12581
-12703
-12802
-12911
-12878
-12846
-12850
-12756
-12630
-12539
-12373
-12268
-12180
-11964
-11743
-11583
-11514
-11386
-11193
-11021
-10878
-10800
-10724
-10674
-10562
-10487
-10455
-10375
-10363
-10361
-10338
-10411
-10573
-10663
-10733
-10857
-10959
-11067
-11149
-11308
-11455
-11573
-11710
-11789
-11896
-11959
-12039
-12163
-12285
-12438
-12571
-12661
-12730
-12789
-12842
-12861
-12896
-12909
-12917
-12928
-12945
-13010
-13125
-13149
-13111
-13146
-13176
-13172
-13151
-13134
-13132
-13151
-13138
-13081
-12989
-12922
-12896
-12892
-12846
-12792
-12756
-12691
-12600
-12516
-12447
-12403
-12346
-12281
-12167
-12004
-11859
-11743
-11689
-11661
-11592
-11512
-11409
-11355
-11262
-11109
-10999
-10928
-10838
-10714
-10642
-10506
-10357
-10304
-10329
-10287
-10235
-10237
-10264
-10212
-10104
-10046
-9985
-9924
-9848
-9775
-9758
-9724
-9716
-9686
-9646
-9567
-9481
-9447
-9451
-9445
-9451
-9447
-9483
-9491
-9497
-9481
-9481
-9502
-9521
-9537
-9577
-9626
-9649
-9667
-9689
-9703
-9743
-9813
-9852
-9869
-9825
-9792
-9821
-9901
-9964
-10014
-9999
-9951
-9926
-9945
-9978
-10010
-10050
-10062
-10050
-10027
-9970
-9964
-9980
-9962
-9978
-9978
-9974
-9932
-9884
-9787
-9733
-9728
-9766
-9735
-9709
-9716
-9722
-9695
-9647
-9628
-9638
-9674
-9682
-9680
-9670
-9697
-9771
-9792
-9779
-9760
-9724
-9726
-9762
-9781
-9762
-9752
-9707
-9701
-9716
-9722
-9710
-9709
-9686
-9623
-9586
-9602
-9642
-9630
-9619
-9613
-9651
-9674
-9678
-9695
-9703
-9691
-9644
-9642
-9676
-9657
-9636
-9575
-9535
-9558
-9623
-9621
-9571
-9491
-9470
-9489
-9516
-9474
-9451
-9457
-9436
-9428
-9443
-9441
-9418
-9392
-9405
-9373
-9384
-9396
-9350
-9331
-9327
-9342
-9338
-9359
-9399
-9430
-9464
-9512
-9571
-9600
-9604
-9630
-9653
-9684
-9735
-9796
-9873
-9901
-9930
-9941
-9985
-10050
-10130
-10218
-10252
-10273
-10317
-10365
-10413
-10459
-10560
-10659
-10737
-10861
-10951
-10999
-11056
-11134
-11199
-11306
-11449
-11531
-11558
-11609
-11252
-11863
-11962
-12083
-12155
-12252
-12338
-12420
-12485
-12521
-12596
-12691
-12783
-12825
-12865
-12897
-12886
-12913
-12970
-13014
-13060
-13052
-13033
-13023
-13048
-13092
-13062
-13008
-13006
-13002
-13014
-13037
-13052
-13054
-13063
-13044
-13010
-12981
-12991
-12972
-12964
-12995
-13014
-12962
-12867
-12813
-12825
-12783
-12745
-13191
-12659
-12626
-12625
-12602
-12577
-12531
-12483
-12485
-12464
-12428
-12382
-12367
-12333
-12325
-12321
-12321
-12336
-12338
-12323
-12302
-12315
-12367
-12403
-12418
-12443
-12420
-12371
-12371
-12418
-12453
-12438
-12407
-12361
-12365
-12394
-12376
-12344
-12367
-12420
-12476
-12495
-12502
-12493
-12487
-12499
-12548
-12571
-12573
-12596
-12623
-12682
-12745
-12857
-12968
-13056
-13136
-13230
-13289
-13445
-13581
-13678
-13760
-13852
-13951
-14081
-14228
-14340
-14474
-14590
-14682
-14812
-14909
-15008
-15142
-15268
-15396
-15470
-15579
-15720
-15798
-15905
-16029
-16159
-16260
-16380
-16510
-16581
-16640
-16731
-16817
-16926
-16985
-17071
-17161
-17220
-17210
-17239
-17296
-17357
-17397
-17422
-17478
-17516
-17537
-17544
-17542
-17539
-17523
-17523
-17535
-17525
-17529
-17541
-17539
-17550
-17554
-17558
-17560
-17529
-17489
-17460
-17464
-17447
-17428
-17432
-17434
-17451
-17466
-17441
-17397
-17357
-17355
-17394
-17443
-17445
-17418
-17382
-17371
-17378
-17380
-17348
-17342
-17334
-17331
-17321
-17308
-17271
-17209
-17182
-17159
-17126
-17086
-17086
-17084
-17054
-16989
-16941
-16930
-16926
-16905
-16863
-16840
-16829
-16815
-16855
-16867
-16825
-16792
-16800
-16802
-16747
-16703
-16670
-16584
-16552
-16554
-16584
-16573
-16546
-16508
-16464
-16436
-16422
-16401
-16386
-16380
-16380
-16384
-16415
-16382
-16346
-16338
-16350
-16392
-16449
-16478
-16506
-16514
-16541
-16592
-16646
-16718
-16821
-16960
-17071
-17142
-17243
-17346
-17445
-17104
-17749
-17869
-18042
-18147
-18220
-18376
-18102
-18730
-18922
-19111
-19285
-19468
-19676
-19869
-20113
-20331
-20588
-20812
-21010
-21188
-21403
-21644
-21918
-22125
-22287
-22023
-22764
-22493
-23264
-23552
-23745
-24016
-24262
-23974
-24665
-24888
-25060
-25319
-25602
-25813
-25991
-26134
-26296
-26529
-26726
-26871
-27029
-27182
-27300
-27439
-27520
-27605
-27783
-27915
-28041
-28130
-28184
-28235
-28279
-28331
-28819
-28315
-28321
-28277
-28231
-28207
-28176
-28075
-28006
-27974
-27962
-27949
-27941
-27865
-27796
-27718
-27703
-27701
-27676
-27626
-27604
-27544
-27453
-27384
-27319
-27277
-27228
-27182
-27113
-27084
-27058
-27016
-27004
-27008
-27054
-27014
-26938
-26901
-26903
-26894
-26880
-26873
-26789
-26667
-26533
-26449
-26859
-26281
-26197
-26140
-26092
-26014
-25857
-25731
-25672
-25605
-25474
-25365
-25250
-25134
-25044
-24922
-24771
-24661
-24497
-24323
-24188
-24021
-23855
-23707
-23502
-23369
-23250
-23109
-23014
-22920
-22791
-22670
-22600
-22518
-22434
-22333
-22237
-22113
-22041
-21960
-21913
-21833
-21762
-21689
-21583
-21506
-21447
-21380
-21291
-21201
-21125
-21104
-21081
-21039
-20983
-20903
-20833
-20779
-20750
-20798
-20812
-20760
-20684
-20634
-20636
-20646
-20626
-20605
-20628
-20630
-20655
-20707
-20798
-20846
-20840
-20875
-20938
-20999
-21044
-21123
-21191
-21266
-21355
-21457
-21018
-21584
-21663
-21758
-21875
-21980
-22060
-22153
-22279
-22367
-22466
-22569
-22665
-22773
-22838
-22936
-23035
-23077
-23147
-23149
-23146
-23233
-23317
-23371
-23417
-23411
-23411
-23439
-23483
-23480
-23441
-23418
-23417
-22964
-23422
-23375
-23317
-23250
-23237
-23243
-23279
-23247
-23182
-23113
-23050
-22981
-22894
-22754
-22605
-22531
-22493
-22491
-22470
-22409
-22397
-22401
-22409
-22424
-22468
-22537
-22571
-22567
-22546
-22544
-22584
-22628
-22647
-22640
-22678
-22703
-22716
-22766
-22829
-22857
-22901
-22932
-22970
-23445
-22922
-22890
-22838
-22850
-22917
-22932
-22920
-22888
-22892
-22897
-22894
-22848
-22827
-22794
-22750
-22735
-22710
-22661
-22609
-22520
-22438
-22407
-22361
-22247
-22159
-22000
-21865
-21779
-21676
-21575
-21432
-21310
-21203
-21096
-21493
-20901
-20773
-20686
-20659
-20607
-20548
-20504
-20438
-20380
-20310
-20224
-20197
-20159
-20142
-20159
-20159
-20159
-20209
-20197
-20193
-20268
-20306
-20384
-20510
-20632
-20726
-20777
-20865
-20947
-21050
-21241
-21422
-21560
-21750
-21911
-22025
-22159
-22294
-22401
-22588
-22787
-22928
-23079
-23201
-23336
-22964
-23565
-23670
-23813
-23938
-24027
-24132
-24249
-24315
-24373
-24439
-24523
-24586
-24636
-24709
-24796
-24831
-24827
-24844
-24876
-24905
-24924
-24936
-24928
-24915
-24917
-24911
-24957
-24945
-24966
-24987
-24997
-24983
-24972
-24972
-24947
-24939
-24957
-24997
-25018
-25065
-25044
-25025
-25042
-25039
-25021
-24983
-24970
-24972
-24980
-24993
-24978
-24894
-24812
-24768
-24752
-24731
-24730
-24707
-24642
-24563
-24497
-24438
-24390
-24336
-24287
-24247
-24224
-24153
-24092
-24052
-23987
-24422
-23859
-23745
-23695
-23640
-23596
-23550
-23466
-23361
-23275
-23174
-23105
-23048
-22980
-22886
-22758
-22665
-22619
-22562
-22510
-22403
-22245
-22157
-22083
-22042
-21930
-21859
-21827
-21747
-21661
-21594
-21600
-21594
-21500
-21411
-21334
-21270
-21226
-21205
-21163
-21123
-21075
-21041
-21016
-20934
-20899
-20863
-20871
-20873
-20852
-20775
-20731
-20665
-20655
-20655
-20644
-20617
-20594
-20567
-20554
-20504
-20539
-20508
-20453
-20443
-20445
-20516
-20470
-20459
-20474
-20451
-20376
-20334
-20327
-20321
-20331
-20273
-20250
-20147
-20125
-20063
-19987
-19976
-19934
-19875
-19907
-19882
-19827
-19768
-19741
-19697
-19724
-19686
-19617
-19605
-19575
-19556
-19520
-19554
-19485
-19411
-19415
-19418
-19386
-19317
-19331
-19331
-19287
-19254
-19317
-19350
-19333
-19338
-19363
-19348
-19447
-19497
-19506
-19506
-19529
-19598
-19665
-19743
-19779
-19796
-19947
-20107
-20191
-20283
-20357
-20436
-20506
-20649
-20733
-20787
-20810
-20781
-20756
-20840
-20823
-20771
-20796
-20785
-20672
-20991
-20413
-20289
-20201
-20512
-19899
-19730
-19649
-19558
-19357
-19146
-19000
-18920
-18777
-18621
-18451
-18336
-18230
-18132
-18035
-17951
-17907
-17794
-17714
-17672
-17640
-17615
-17689
-17672
-17705
-17829
-17855
-17926
-18035
-18084
-18144
-18243
-18369
-18394
-18529
-18663
-18764
-18848
-19000
-19142
-19298
-19455
-19594
-19710
-19876
-20060
-20193
-20392
-20506
-20613
-20756
-20850
-20909
-20980
-21104
-21189
-21239
-21313
-21315
-21394
-21483
-21541
-21533
-21621
-21678
-21789
-21762
-21758
-21819
-21825
-21781
-21794
-21712
-21970
-21336
-21218
-21128
-20981
-20834
-20640
-20388
-20168
-19939
-19663
-19436
-19098
-18775
-18504
-18146
-17878
-17611
-17250
-17033
-16771
-16493
-16249
-16044
-15819
-15707
-15588
-15481
-15386
-15283
-15340
-15317
-15336
-15338
-15434
-15623
-15720
-15913
-16071
-16153
-16382
-16516
-16153
-16861
-16638
-17348
-17634
-17617
-18512
-18792
-18604
-19354
-19665
-20010
-20266
-20468
-20812
-21220
-21584
-21880
-22157
-22306
-22457
-22451
-22375
-22317
-22149
-21962
-21792
-21558
-21382
-21216
-21012
-20844
-20626
-20384
-20193
-19960
-19693
-19420
-19159
-18777
-18478
-18136
-17771
-17529
-17258
-17065
-16838
-17086
-16497
-16264
-16012
-15894
-15794
-15667
-15558
-15512
-15500
-15481
-15508
-15542
-15609
-15709
-15831
-16002
-16201
-16411
-16571
-16680
-16798
-17052
-17249
-17411
-17630
-17762
-17926
-18165
-18407
-18548
-18733
-18983
-19180
-19336
-19478
-19584
-19718
-19974
-20201
-20271
-20340
-20375
-20397
-20516
-20422
-20407
-20415
-20329
-20224
-20170
-20054
-19834
-19726
-19665
-19518
-19321
-19144
-18981
-18760
-18577
-18308
-18550
-17880
-17602
-17355
-17149
-16974
-16819
-16670
-16438
-16205
-16027
-15794
-16119
-15428
-15220
-15084
-14974
-14960
-14878
-14764
-14686
-14636
-14541
-14424
-14376
-14369
-14499
-14487
-14481
-14495
-14508
-14588
-14709
-14812
-14911
-14972
-15058
-15241
-15432
-15584
-15789
-16029
-16199
-16430
-16688
-16909
-17176
-17466
-17758
-17953
-18134
-18411
-18674
-18907
-19119
-19283
-19506
-19716
-19831
-19987
-20109
-20184
-20302
-20426
-20453
-20468
-20531
-20485
-20354
-20338
-20333
-20237
-20132
-19993
-19905
-19804
-19655
-19430
-19216
-18915
-18516
-18483
-17338
-16743
-16218
-15825
-15401
-15176
-15046
-14922
-14771
-14611
-14525
-14487
-14821
-14894
-14686
-14558
-14604
-14615
-14613
-14680
-14762
-14943
-15006
-15069
-15212
-15226
-15275
-15350
-15296
-15191
-15069
-14890
-15121
-14319
-14025
-14165
-13340
-12991
-12634
-12350
-12115
-11834
-11514
-11271
-11021
-10777
-10512
-10289
-10067
-9911
-10252
-9583
-9436
-9750
-9090
-8915
-8831
-8695
-8575
-8399
-8277
-8039
-7842
-7724
-7584
-7457
-7350
-7168
-7092
-7031
-7319
-6649
-6514
-6331
-6184
-6144
-6098
-5897
-5798
-5764
-5695
-5655
-5602
-5563
-5449
-5478
-5464
-5378
-5424
-5548
-5518
-5409
-5861
-5310
-5310
-5287
-5323
-5449
-5548
-5657
-5777
-5959
-6086
-6182
-6294
-6405
-6506
-6668
-6367
-7002
-7142
-6863
-7495
-7649
-7802
-7928
-8050
-8205
-7821
-8459
-8615
-8659
-8313
-8983
-9126
-9264
-9392
-9474
-9646
-9294
-9939
-10107
-9781
