-11632
-11840
-11939
-11938
-11945
-11922
-11899
-11896
-11884
-11976
-12138
-12292
-12367
-12434
-12554
-12657
-12777
-12800
-12819
-12810
-12779
-12672
-12514
-12445
-12413
-12338
-12331
-12334
-12321
-12266
-12216
-12107
-11976
-11815
-11665
-11525
-11270
-11125
-11020
-10978
-10966
-10867
-10623
-10443
-10361
-10292
-10338
-10455
-10584
-10714
-10928
-11067
-11218
-11483
-11869
-12170
-12491
-12243
-12960
-13073
-13262
-13439
-13619
-13808
-13993
-13728
-14472
-14170
-14760
-14850
-14993
-15107
-15268
-15386
-15495
-15695
-15913
-16069
-16277
-16558
-16716
-16882
-17025
-17241
-17417
-17113
-17735
-17878
-18018
-18123
-18237
-18376
-18516
-18626
-18689
-18752
-18827
-18888
-18953
-18991
-19033
-18569
-19081
-19117
-19155
-19205
-19289
-19312
-19233
-19170
-19155
-19144
-19100
-19056
-19048
-19037
-19016
-19021
-19050
-19020
-18962
-18918
-18892
-18892
-18846
-18745
-18678
-18586
-18506
-18422
-18319
-18268
-18245
-18191
-18086
-18039
-18002
-17985
-17897
-17848
-17798
-17808
-17791
-17716
-17649
-17640
-17617
-17592
-17569
-17481
-17466
-17512
-17520
-17499
-17455
-17417
-17355
-17323
-17273
-17231
-17182
-17201
-17193
-17210
-17243
-17264
-17300
-17304
-17300
-17313
-17401
-17483
-17533
-17544
-17579
-17621
-17665
-17695
-17737
-17791
-17802
-17808
-17890
-17987
-18065
-18126
-18174
-18230
-18319
-18405
-18447
-18518
-18590
-18647
-18724
-18800
-18869
-18959
-19042
-19109
-19230
-19361
-19424
-19474
-19060
-19590
-19649
-19737
-19861
-19947
-20014
-20071
-20107
-20107
-20126
-20151
-20184
-20254
-20313
-20344
-20354
-20354
-20392
-20417
-20447
-20480
-20480
-20487
-20544
-20592
-20598
-20573
-20598
-20617
-20613
-20592
-20600
-20604
-20607
-20605
-20581
-20537
-20506
-20480
-20491
-20512
-20510
-20460
-20405
-20392
-20333
-20321
-20319
-20315
-20270
-20214
-20155
-20115
-20088
-20065
-20516
-19981
-19941
-19888
-19857
-19857
-19833
-19773
-19724
-19670
-19655
-19642
-19605
-19579
-19571
-19604
-19604
-19604
-19598
-19604
-19590
-19602
-19649
-19703
-19731
-19724
-19714
-19747
-19804
-19886
-19951
-19993
-20046
-20142
-20174
-20256
-20344
-20460
-20617
-20716
-20750
-20854
-21004
-21140
-21289
-21430
-21556
-21737
-21909
-22023
-22165
-22319
-22000
-22688
-22852
-22997
-23210
-23449
-23605
-23743
-23932
-24107
-24313
-24500
-24693
-24899
-25075
-25222
-25373
-25529
-25703
-25430
-26050
-26149
-26298
-26451
-26607
-26783
-26953
-27050
-27161
-27302
-27401
-27569
-27720
-27808
-27915
-27983
-28060
-28153
-28260
-28378
-28480
-28548
-28626
-28693
-28722
-28773
-28348
-28880
-28867
-28867
-28827
-28733
-28617
-28544
-28520
-28539
-28527
-28474
-28401
-28346
-28294
-28182
-28052
-27962
-27869
-27775
-27617
-27462
-27329
-27226
-27052
-27344
-26731
-26596
-26413
-26237
-26052
-25840
-25651
-25445
-25281
-25174
-25025
-24794
-24588
-24890
-24237
-24081
-23913
-23731
-23571
-23375
-23184
-23025
-22833
-22605
-22394
-22180
-22462
-21794
-21569
-21380
-21250
-21140
-21018
-20932
-20792
-20693
-20670
-20636
-20556
-20464
-20399
-20411
-20432
-20378
-20336
-20369
-20417
-20500
-20563
-20625
-20605
-20594
-20642
-20735
-20854
-20972
-21071
-21151
-21250
-21392
-21581
-21745
-21846
-21926
-22033
-22155
-22287
-22422
-22537
-22672
-22848
-23002
-23130
-23252
-23392
-23586
-23750
-23863
-23991
-24109
-24250
-24417
-24556
-24638
-24750
-24861
-24441
-25050
-25195
-25298
-25438
-25579
-25623
-25682
-25766
-25834
-25886
-25932
-25970
-25976
-26016
-26006
-25959
-25918
-25903
-25880
-25850
-25810
-25754
-25739
-25728
-25668
-25598
-25525
-25422
-25270
-25167
-25067
-24981
-24909
-24779
-24680
-24556
-24911
-24235
-24060
-23909
-23720
-23548
-23382
-23195
-22989
-22829
-22644
-22476
-22331
-22126
-21957
-21812
-21644
-21508
-21401
-21273
-21104
-20968
-20848
-20733
-20646
-20590
-20575
-20525
-20403
-20266
-20176
-20151
-20121
-20056
-19968
-19930
-19905
-19890
-19852
-19827
-19802
-19791
-19749
-19688
-19653
-19674
-19747
-19810
-19855
-19913
-19922
-19913
-19955
-20016
-20052
-20136
-20241
-20342
-20480
-20596
-20695
-20775
-20875
-21002
-21094
-21176
-21283
-21390
-21439
-21460
-21518
-21590
-21655
-21720
-21771
-21810
-21808
-21804
-21796
-21787
-21758
-21724
-21724
-21726
-21707
-21668
-21617
-21533
-21441
-21371
-21306
-21168
-21035
-20953
-20899
-20813
-20707
-20613
-21000
-20434
-20298
-20212
-20128
-20000
-19854
-19733
-19636
-19571
-19499
-19394
-19285
-19189
-19098
-18993
-18905
-18844
-18775
-18688
-19033
-18415
-18302
-18210
-18149
-18069
-17968
-17878
-17794
-17691
-18073
-17468
-17371
-17323
-17258
-17180
-17575
-16993
-16899
-16834
-16804
-16768
-16733
-16691
-17094
-16506
-16449
-16403
-16378
-16350
-16310
-16306
-16302
-16262
-16264
-16230
-16180
-16107
-16088
-16075
-16048
-16046
-16010
-15983
-16016
-16054
-16065
-16067
-16079
-16077
-16079
-16044
-16039
-16098
-16167
-16209
-16268
-16294
-16302
-16302
-16308
-16340
-16312
-16289
-16289
-16329
-16350
-16363
-16375
-16390
-16417
-16438
-16480
-16539
-16586
-16626
-16630
-16632
-16640
-16670
-16670
-16670
-16665
-16676
-16661
-16638
-16653
-16674
-16642
-16621
-16602
-16590
-16569
-16537
-16491
-16447
-16434
-16455
-16451
-16413
-16384
-16401
-16403
-16388
-16350
-16291
-16262
-16270
-16302
-16338
-16352
-16355
-16333
-16325
-16329
-16373
-16428
-16464
-16504
-16541
-16590
-16678
-16764
-16829
-16899
-17020
-17130
-17222
-17327
-17430
-17569
-17728
-17834
-17993
-18147
-18306
-18460
-18649
-18819
-18575
-19260
-19415
-19619
-19833
-20012
-20228
-20468
-20665
-20938
-21176
-21401
-21604
-21771
-21499
-22197
-22424
-22632
-22840
-23052
-23256
-22995
-23655
-23875
-24067
-24243
-23966
-24619
-24747
-24453
-25146
-25233
-25298
-24928
-25535
-25646
-25701
-25750
-25808
-25867
-25926
-25983
-25997
-25972
-25934
-25932
-25928
-25907
-25829
-25773
-25707
-25670
-25649
-25552
-25460
-25355
-25264
-25111
-25010
-24875
-24752
-24657
-24508
-24384
-24193
-24069
-24426
-23836
-23745
-23646
-23518
-23394
-23239
-23063
-22964
-22894
-22806
-22707
-22569
-22434
-22340
-22258
-22231
-22199
-22159
-22113
-22048
-22472
-21917
-21815
-21728
-21682
-21609
-21529
-21470
-21397
-21338
-21268
-21207
-21155
-21111
-21052
-20972
-20926
-20901
-20861
-20808
-20724
-20657
-20642
-20686
-20668
-20609
-21004
-20344
-20216
-20113
-20033
-19953
-19825
-19709
-19558
-19424
-19306
-19193
-19105
-19000
-18831
-18667
-18533
-18399
-18266
-18144
-18004
-17892
-17791
-17640
-17480
-17354
-17250
-17151
-17050
-16913
-16794
-16682
-16535
-16384
-16294
-16230
-16594
-15991
-15844
-15760
-15697
-15596
-15504
-15432
-15371
-15312
-15250
-15163
-15134
-15081
-15050
-15033
-15027
-15020
-14981
-14938
-14918
-14962
-14978
-14976
-14953
-14953
-14974
-15008
-15021
-15056
-15067
-15100
-15132
-15163
-15186
-15197
-15189
-15180
-15228
-15281
-15296
-15329
-15418
-15474
-15464
-15470
-15481
-15472
-15449
-15407
-15415
-15436
-15407
-15375
-15354
-15350
-15333
-15310
-15266
-15256
-15270
-15289
-15312
-15382
-15481
-15598
-15707
-15762
-15791
-15854
-15899
-15943
-15972
-15974
-15964
-15964
-15964
-15999
-16025
-16044
-16056
-16084
-16109
-16163
-16243
-16323
-16380
-16468
-16571
-16659
-16722
-16707
-16697
-16739
-16787
-16781
-16758
-16703
-16665
-16665
-16667
-16668
-16655
-16651
-16684
-16707
-16684
-16661
-16651
-16634
-16626
-16600
-16542
-16460
-16403
-16300
-16220
-16140
-16041
-15936
-15819
-15716
-15670
-15625
-15567
-15502
-15457
-15392
-15302
-15212
-15088
-14978
-14892
-14791
-14697
-14623
-14520
-14344
-14264
-14172
-14067
-13934
-13813
-13728
-13615
-13556
-13483
-13386
-13266
-13668
-13107
-13023
-12980
-12930
-12861
-12823
-12821
-12735
-12693
-12691
-12762
-12829
-12978
-13065
-13147
-12716
-13296
-13401
-13615
-13716
-13800
-13926
-14130
-14291
-14371
-14460
-14623
-14739
-14878
-14987
-15086
-14672
-15239
-15373
-15548
-15661
-15745
-15756
-15842
-15928
-16018
-16079
-16155
-16243
-16302
-16321
-16384
-16447
-16455
-16470
-16544
-16571
-16621
-16596
-16617
-16693
-16716
-16718
-16722
-16647
-16605
-16560
-16451
-16363
-16273
-16605
-16025
-15846
-15691
-15455
-15275
-15186
-15077
-14829
-14581
-14420
-14243
-14014
-13846
-14151
-13556
-13399
-13647
-12989
-12909
-12813
-12686
-12592
-12472
-12323
-12270
-12239
-12153
-12071
-12023
-12027
-11953
-11964
-11964
-11932
-11924
-11899
-11859
-11829
-11863
-11867
-11798
-11821
-11731
-11695
-11676
-11684
-11659
-11607
-11563
-11525
-11497
-11455
-11449
-11405
-11325
-11346
-11361
-11270
-11212
-11155
-11100
-11065
-10991
-10947
-10918
-10857
-10792
-10758
-10802
-10722
-10709
-10730
-10682
-10718
-10670
-10638
-10693
-10678
-10653
-10630
-10615
-10626
-10672
-10661
-10598
-10592
-10592
-10521
-10506
-10506
-10520
-10464
-10459
-10428
-10304
-10151
-10117
-10050
-9993
-9915
-9823
-9728
-9586
-9426
-9396
-9407
-9334
-9207
-9117
-9062
-8964
-8867
-8867
-8857
-8773
-8693
-8621
-8542
-8506
-8497
-8468
-8388
-8376
-8378
-8296
-8231
-8159
-8138
-8063
-8018
-7943
-7867
-7869
-8306
-7739
-7726
-7705
-7649
-7649
-7605
-7525
-7499
-7426
-7424
-7441
-7480
-7529
-7504
-7504
-7531
-7533
-7586
-7594
-7638
-7716
-7352
-7947
-8023
-8142
-7823
-8428
-8506
-8588
-8691
-8773
-8838
-8833
-8813
-8760
-8693
-8600
-8428
-8220
-8023
-8275
-7594
-7373
-7128
-6867
-6615
-6424
-6186
-5955
-5785
-5613
-5420
-5321
-5283
-5266
-5220
-5222
-5287
-5237
-5275
-5354
-5415
-5485
-5556
-5483
-5556
-5617
-5598
-5537
-5451
-5426
-5352
-5289
-5197
-5094
-4894
-4741
-4548
-4340
-4111
-3913
-3749
-3489
-3205
-2939
-2646
-2348
-2048
-1836
-1535
-1273
-1071
-852
-619
-508
-415
-250
-180
-159
-153
-193
-224
-333
-382
-483
-623
-798
-1021
-1203
-1012
-1747
-1480
-2283
-2628
-2445
-3205
-3491
-3773
-4067
-4327
-4668
-4917
-5142
-5348
-5613
-5823
-5939
-6042
-6132
-6264
-6352
-6840
-6260
-6197
-6130
-6006
-5806
-5611
-5394
-5182
-4997
-4663
-4367
-4168
-3941
-3674
-3443
-3199
-2951
-2705
-2550
-2325
-2067
-1928
-1863
-1747
-1638
-1630
-1668
-1667
-1680
-1766
-1894
-2020
-2170
-2363
-2554
-2724
-2888
-3060
-3270
-2943
-3611
-3838
-4046
-4254
-4422
-4556
-4699
-4770
-4880
-4999
-5096
-5083
-5086
-5123
-5123
-5084
-5031
-5092
-5086
-5065
-5062
-5102
-5021
-4917
-5373
-4768
-4722
-4686
-4632
-4613
-4518
-4413
-4367
-4323
-4260
-4214
-4136
-4054
-3987
-3928
-3827
-3766
-3697
-3691
-3676
-3682
-3623
-3625
-3607
-3651
-3691
-3728
-3781
-3886
-3957
-4039
-4178
-4336
-4331
-3932
-4502
-4584
-4703
-4789
-4422
-5025
-5050
-5184
-5300
-4892
-5434
-5478
-5607
-5655
-5710
-5653
-5628
-5678
-5770
-5703
-5655
-5609
-5529
-5476
-5464
-5445
-5855
-5325
-5262
-5195
-5188
-5161
-5184
-5184
-5220
-5230
-5188
-5222
-5361
-5443
-5497
-5649
-5710
-5762
-5775
-5785
-5768
-5749
-5718
-5775
-5787
-5827
-5941
-6048
-6146
-6252
-6462
-6588
-6705
-6899
-6938
-7109
-7308
-7434
-7581
-7705
-7354
-7949
-8046
-8188
-8331
-8411
-8397
-8439
-8535
-8554
-8563
-8693
-8770
-8833
-8869
-8911
-9031
-9094
-9218
-9394
-9607
-9867
-10041
-10230
-10497
-10266
-11048
-11394
-11655
-11936
-11791
-12598
-12918
-12731
-13567
-13886
-14123
-14411
-14724
-14995
-15285
-15552
-15733
-15903
-15636
-16331
-16508
-16642
-16749
-16745
-16813
-16913
-17008
-17014
-17058
-17090
-17063
-17062
-17067
-17021
-16941
-16909
-16836
-16771
-16682
-16663
-16644
-16558
-16462
-16457
-16453
-16443
-16380
-16405
-16338
-16357
-16380
-16346
-16344
-16298
