-27432
-27369
-27833
-27228
-27138
-27105
-27144
-27146
-27147
-27155
-27098
-27071
-27121
-27052
-26991
-27035
-26949
-26983
-26974
-26947
-27350
-26842
-26386
-26941
-26934
-26932
-26884
-26917
-26922
-26949
-26915
-26953
-27020
-27081
-27195
-27235
-26875
-27476
-27499
-27480
-27542
-27592
-27642
-27634
-27615
-27628
-27504
-27403
-27281
-27163
-26995
-26838
-26684
-26537
-26857
-26228
-26189
-26168
-26050
-26014
-26002
-26008
-25993
-26031
-26052
-26170
-26268
-26350
-26487
-26621
-26709
-26794
-26926
-27014
-27029
-26997
-26972
-26989
-26993
-26983
-27004
-26995
-26920
-26831
-26773
-26739
-26688
-26621
-26575
-26533
-26468
-26392
-26298
-26230
-26073
-25911
-25794
-25684
-25621
-25554
-25449
-25302
-25209
-25092
-24985
-24890
-24813
-24737
-24655
-24575
-24483
-24394
-24329
-24279
-24201
-24138
-24147
-24168
-24146
-24117
-24104
-24115
-24144
-24189
-24270
-24350
-24470
-24569
-24674
-24804
-24945
-25052
-25214
-24938
-25611
-25806
-26037
-26235
-26447
-26695
-26934
-27107
-27334
-27525
-27737
-27934
-28167
-28375
-28535
-28745
-28901
-29098
-29266
-29476
-29667
-29764
-29852
-29985
-30138
-30283
-30451
-30558
-30657
-30735
-30804
-30857
-30913
-30905
-30907
-30899
-30880
-30854
-30844
-30836
-30798
-30749
-30665
-30596
-30512
-30411
-30268
-30123
-30002
-29850
-29726
-29579
-29382
-29216
-29002
-29281
-28588
-28812
-28035
-27777
-27500
-27220
-26993
-26762
-26552
-26256
-25932
-25680
-25859
-25073
-24855
-24542
-24230
-23983
-23657
-23357
-23132
-22882
-22667
-22369
-22041
-21791
-21983
-21218
-21480
-20714
-20455
-20230
-20499
-19800
-19619
-19369
-19170
-18951
-18773
-18651
-18443
-18245
-18100
-17934
-17798
-17689
-17546
-17424
-17279
-17159
-17125
-17588
-17083
-17062
-16999
-16897
-16833
-16785
-16783
-16800
-16800
-16806
-16854
-16915
-16993
-17006
-16999
-16976
-17041
-17134
-17203
-17264
-17371
-17466
-17573
-17659
-17794
-17945
-18065
-18180
-18275
-18367
-18480
-18632
-18766
-18869
-18966
-19161
-19287
-19376
-19459
-19063
-19649
-19785
-19938
-20023
-20121
-20210
-20260
-20321
-20409
-20544
-20628
-20655
-20670
-20676
-20724
-20806
-20819
-20833
-20869
-20903
-20936
-21004
-21052
-21100
-21126
-21094
-21100
-21117
-21079
-21075
-21084
-21071
-21021
-20978
-20960
-20924
-20892
-20861
-20823
-20760
-20684
-20651
-20657
-20659
-20607
-20569
-20539
-20466
-20367
-20277
-20239
-20174
-20128
-20121
-20033
-19905
-19831
-19770
-19741
-19731
-19730
-19701
-19703
-19688
-19628
-19581
-19581
-19583
-19558
-19529
-19514
-19529
-19521
-19459
-19327
-19193
-19060
-18974
-18922
-18854
-18831
-18831
-18880
-18962
-18983
-19004
-19044
-19165
-19262
-19273
-19279
-19302
-19350
-19420
-19464
-19472
-19506
-19518
-19525
-19583
-19655
-19682
-19703
-19720
-19707
-19653
-19579
-19497
-19367
-19300
-19275
-19207
-19174
-19189
-19184
-19210
-19281
-19342
-19325
-19308
-19315
-19354
-19369
-19394
-19476
-19514
-19537
-19491
-19464
-19445
-19460
-19497
-19556
-19602
-19600
-19550
-19516
-19537
-19590
-19640
-19647
-19625
-19579
-19537
-19567
-19604
-19605
-19600
-19583
-19560
-19577
-19605
-19636
-19663
-19661
-19670
-19689
-19686
-19697
-19730
-19775
-19840
-19909
-20006
-20058
-20073
-20088
-20146
-20237
-20357
-20432
-20451
-20478
-20491
-20037
-20581
-20602
-20644
-20712
-20756
-20747
-20789
-20798
-20768
-20758
-20766
-20764
-20764
-20791
-20796
-20779
-20749
-20710
-20665
-20590
-21008
-20453
-20375
-20256
-20186
-20111
-20033
-19989
-19949
-19924
-19907
-19882
-19840
-19789
-19689
-19588
-19510
-19409
-19317
-19256
-19209
-19149
-19062
-18997
-18949
-18861
-18787
-18718
-18670
-18646
-18581
-18523
-18460
-18438
-18418
-18355
-18327
-18323
-18310
-18233
-18224
-18155
-18550
-17978
-17905
-17844
-17815
-17819
-17850
-17848
-17859
-17873
-17880
-17930
-17978
-18008
-18018
-18002
-18004
-18023
-18050
-18092
-18090
-18105
-18119
-18117
-18113
-18109
-18142
-18155
-18182
-18197
-18191
-18193
-18174
-18193
-18228
-18231
-18212
-18205
-18210
-18197
-18191
-18191
-18176
-18147
-18126
-18104
-18102
-18109
-18069
-18039
-18029
-18039
-18046
-18071
-18062
-18037
-18010
-17981
-17932
-17892
-17907
-17926
-17901
-17857
-17779
-17720
-17684
-17668
-17672
-17626
-17558
-17533
-17514
-17483
-17428
-17367
-17292
-17260
-17230
-17172
-17115
-17037
-16978
-16896
-16804
-16730
-16670
-17100
-16560
-16453
-16375
-16323
-16245
-16134
-16060
-15960
-15886
-15833
-15722
-15630
-15546
-15470
-15399
-15323
-15233
-15147
-15056
-14983
-14966
-14928
-14875
-14855
-14831
-14802
-14731
-15140
-14590
-14533
-14520
-14535
-14560
-14550
-14489
-14451
-14457
-14521
-14562
-14581
-14577
-14567
-14558
-14560
-14571
-14609
-14646
-14176
-14714
-14750
-14726
-14720
-14686
-14695
-14739
-14730
-14718
-14741
-14699
-14667
-14667
-14678
-14667
-14638
-14598
-14556
-14470
-14422
-14403
-14375
-14270
-14170
-14165
-14172
-14113
-14027
-13957
-13875
-13754
-13661
-13579
-13520
-13436
-13348
-13296
-13218
-13126
-13029
-12951
-12918
-12869
-12787
-13182
-12617
-12541
-12464
-12359
-12340
-12354
-12292
-12220
-12193
-12172
-12161
-12111
-12069
-12010
-12004
-12018
-11995
-11997
-11995
-12010
-12018
-12002
-11966
-11907
-11888
-11896
-11932
-11943
-11949
-11934
-11917
-11880
-11804
-11770
-11758
-11712
-11640
-11535
-11462
-11417
-11327
-11252
-11205
-11125
-11027
-10918
-10815
-11226
-10623
-10472
-10344
-10214
-10100
-10023
-9913
-9867
-9777
-9680
-9598
-9504
-9409
-9313
-9168
-9042
-8962
-8903
-8838
-8747
-8626
-8548
-8523
-8470
-8401
-8344
-8283
-8249
-8249
-8233
-8250
-8245
-8239
-8245
-8262
-8268
-8273
-8306
-8331
-8319
-8794
-8792
-8294
-8283
-8291
-8306
-8300
-8296
-8254
-8207
-8199
-8201
-8220
-8218
-8243
-8254
-8212
-8161
-8109
-8096
-8083
-8067
-8081
-8067
-8016
-7926
-7890
-7882
-7875
-7831
-7758
-7710
-7684
-7653
-7575
-7514
-7462
-7420
-7369
-7359
-7338
-7344
-7338
-7289
-7203
-7147
-7105
-7048
-7041
-7069
-7073
-7046
-7029
-6999
-6970
-6955
-6947
-6953
-6962
-6949
-6953
-6955
-6993
-6968
-6915
-6939
-6989
-7006
-7006
-6953
-6892
-6886
-6899
-6905
-6913
-6911
-6894
-6813
-6750
-6730
-6730
-6678
-6630
-6569
-6497
-6428
-6376
-6317
-6256
-6195
-6161
-6147
-6107
-6088
-6050
-6006
-5913
-5842
-5840
-5850
-5792
-5730
-5657
-5579
-5525
-5495
-5474
-5447
-5422
-5334
-5285
-5256
-5195
-5178
-5153
-5119
-5094
-5063
-5029
-4999
-4987
-4980
-4957
-4897
-4857
-4815
-4804
-4781
-4733
-4693
-4674
-4649
-4628
-4604
-4527
-4497
-4502
-4548
-4588
-4569
-4476
-4411
-4384
-4371
-4382
-4376
-4367
-4354
-4313
-4277
-4264
-4270
-4285
-4317
-4344
-4348
-4268
-4243
-4260
-4273
-4262
-4273
-4254
-4218
-4262
-4315
-4342
-4359
-4333
-4350
-4380
-4434
-4483
-4541
-4586
-4632
-4655
-4693
-4783
-4854
-4899
-4959
-5006
-5060
-5123
-5201
-5268
-5310
-4890
-5445
-5497
-5539
-5655
-5754
-5812
-5840
-5859
-5861
-5897
-5980
-6046
-6079
-6083
-6136
-6260
-6346
-6355
-6352
-6382
-6417
-6441
-6445
-6472
-6499
-6497
-6468
-6457
-6491
-6504
-6527
-6518
-6455
-6397
-6386
-6399
-6365
-6285
-6222
-6138
-6067
-6044
-5985
-6340
-5750
-5674
-5565
-5426
-5302
-5157
-4972
-4766
-4594
-4861
-4205
-4014
-3808
-3646
-3462
-3254
-3117
-2959
-2796
-2672
-2523
-2342
-2144
-2012
-1905
-1785
-1653
-1542
-1397
-1292
-1199
-1102
-1035
-997
-972
-976
-981
-947
-905
-844
-829
-812
-787
-789
-857
-884
-913
-1041
-1090
-1176
-1304
-1382
-1380
-1523
-1676
-1737
-1827
-1953
-2029
-2144
-2205
-2256
-2291
-2405
-2394
-2279
-2210
-2142
-2044
-1880
-1747
-1602
-1472
-1394
-1165
-1459
-852
-701
-562
-478
-296
-138
141
412
612
818
1091
1280
990
1631
1830
1910
1994
2097
2125
2175
2286
2270
2269
2198
2141
2038
2438
1877
1625
1950
1318
1230
1085
1009
1000
994
1463
820
742
719
675
501
410
288
87
-125
-260
-478
-709
-918
-1113
-1298
-1010
-1632
-1783
-1928
-2109
-2230
-2357
-2514
-2625
-2743
-2842
-2980
-3071
-3165
-3287
-2943
-3478
-3457
-3499
-3577
-3686
-3726
-3787
-3871
-3911
-3970
-4039
-4084
-4123
-4216
-4205
-4268
-4417
-4533
-4583
-4621
-4718
-4854
-4922
-5018
-5079
-5146
-5186
-5163
-5243
-5241
-5184
-5216
-5283
-5403
-5850
-5357
-5396
-5436
-5401
-4892
-5462
-5554
-5556
-5588
-5661
-5728
-5800
-5945
-6128
-6298
-6470
-6613
-6789
-6995
-7224
-7506
-7749
-7930
-8174
-8428
-8619
-8747
-8959
-9201
-9401
-9552
-9602
-9289
-9926
-10067
-10193
-10285
-10378
-10451
-10558
-10562
-10569
-10586
-10611
-10647
-10670
-10720
-10684
-10617
-10504
-10462
-10432
-10348
-10735
-10130
-10130
-10052
-10056
-10065
-10052
-10023
-10092
-10163
-10239
-10361
-10489
-10665
-10808
-11025
-10758
-11520
-11775
-11983
-11773
-12527
-12796
-13058
-13369
-13668
-13999
-14304
-14646
-14928
-15285
-15558
-15854
-15661
-16445
-16762
-16964
-17165
-17342
-17567
-17676
-17720
-17878
-17938
-17972
-18071
-18092
-18113
-18042
-17993
-17949
-17884
-17825
-17714
-17600
-17434
-17296
-17142
-16941
-16739
-16539
-16302
-16060
-15825
-16079
-15363
-15163
-14867
-14554
-14319
-14209
-13924
-14142
-13485
-13317
-13676
-13050
-12915
-12781
-13176
-12569
-12521
-12466
-12407
-12386
-12392
-12380
-12397
-12485
-12575
-12665
-12798
-12943
-13157
-13367
-13592
-13766
-14021
-14279
-14506
-14722
-15041
-15333
-15726
-16042
-16386
-16737
-17151
-17111
-18018
-18392
-18829
-19302
-19730
-20115
-20065
-20981
-21392
-21857
-22218
-22615
-22478
-23367
-23674
-23464
-24168
-24403
-24682
-24436
-25146
-25359
-25541
-25699
-25834
-25936
-25951
-25995
-26121
-26134
-26144
-26172
-26170
-26151
-26098
-25951
-25878
-25703
-25510
-25396
-25275
-25104
-24951
-24665
-24502
-24231
-23888
-23703
-23459
-23168
-22834
-22592
-22352
-22121
-21873
-21644
-21504
-21319
-21193
-20949
-20697
-20617
-20552
-20413
-20371
-20376
-20352
-20413
-20418
-20434
-20039
-20684
-20785
-20924
-21035
-21230
-21468
-21663
-21808
-21976
-22249
-22499
-22613
-22815
-23126
-23382
-23638
-23857
-24063
-24348
-24617
-24884
-25060
-25298
-25516
-25756
-25888
-25978
-26125
-26279
-26367
-26472
-26605
-26573
-26548
-26583
-26565
-26562
-26495
-26401
-26228
-26146
-26056
-25934
-25737
-25596
-25426
-25294
-25113
-25397
-24735
-24560
-24396
-24212
-24023
-23827
-23577
-23415
-23258
-23153
-23037
-22932
-22871
-22827
-22680
-22659
-22689
-22684
-22638
-22661
-22705
-22754
-22880
-22959
-23037
-23121
-23247
-23333
-23447
-23499
-23573
-23676
-23823
-23455
-24037
-24151
-24222
-24271
-24350
-24514
-24640
-24697
-24792
-24953
-25046
-25184
-25306
-25361
-25462
-25586
-25722
-25787
-25920
-26010
-26128
-26264
-26340
-26396
-26483
-26537
-26602
-26592
-26577
-26579
-26569
-26605
-26569
-26567
-26695
-26653
-26632
-26611
-26630
-26701
-26688
-26615
-26628
-26596
-26560
-26531
-26590
-26632
-26750
-26794
-26848
-26920
-26959
-27048
-27090
-27111
-27176
-27304
-27493
-27724
-27918
-28199
-28514
-28651
-28699
-28707
-28733
-28762
-28859
-28926
-28945
-29029
-29188
-29313
-29489
-29688
-29800
-29922
-29896
-29892
-29949
-30008
-30104
-30189
-29812
-30245
-30352
-30541
-30709
-30800
-30939
-30993
-31075
-31172
-31287
-31300
-31340
-31420
-31539
-31548
-31562
-31590
-31592
-31541
-31602
-31701
-31815
-31834
-31884
-31804
-31695
-31560
-31417
-31271
-31086
-30957
-30905
-30838
-30682
-30537
-30352
-30182
-30073
-29941
-29823
-29743
-29705
-29710
-29728
