-3235
-3023
-2794
-2636
-2909
-2136
-1913
-1623
-1172
-441
-153
-14
150
181
259
314
272
339
166
74
473
-104
-222
-443
-674
-949
-1197
-1012
-1752
-2063
-1962
-2854
-3130
-2966
-3781
-4132
-3926
-4600
-4802
-4981
-5147
-5375
-5487
-5661
-5789
-5890
-5941
-6054
-6155
-6188
-6205
-6230
-6191
-6052
-6012
-5962
-5813
-5621
-5550
-5382
-5140
-4941
-4731
-4598
-4304
-4107
-3920
-3615
-3460
-3264
-3054
-2846
-2672
-2466
-2289
-2105
-197
-155
-130
-94
-140
-98
-88
-113
-159
-180
-241
-298
-376
-436
-8
-590
-667
-720
-789
-890
-493
-1044
-1128
-1228
-1342
-1439
-1521
-1651
-1796
-1497
-2132
-2310
-2439
-2573
-2701
-2829
-2957
-3098
-3214
-3373
-3542
-3688
-3787
-3426
-4060
-4184
-4354
-4474
-4573
-4657
-4728
-4775
-4861
-4926
-5020
-5105
-5151
-5226
-5262
-5291
-5334
-5354
-5338
-5313
-5304
-5285
-5214
-5151
-5083
-4972
-5363
-4783
-4672
-4584
-4478
-4350
-4245
-4130
-4002
-3875
-3705
-3567
-3445
-3312
-3174
-3027
-2911
-2829
-2760
-2628
-2502
-2399
-2310
-2230
-2186
-2121
-2041
-1920
-1798
-1750
-1745
-1688
-1598
-1567
-1544
-1525
-1539
-1516
-1485
-1411
-1422
-1436
-1483
-1508
-1542
-1571
-1575
-1584
-1598
-1590
-1642
-1689
-1709
-1716
-1796
-1886
-1951
-1978
-2021
-2048
-2090
-2161
-2214
-2266
-2296
-2357
-2380
-2413
-2491
-2558
-2642
-2691
-2714
-2781
-2840
-2926
-3006
-3073
-3172
-3243
-3281
-3312
-2943
-3539
-3649
-3766
-3825
-3890
-3962
-4010
-4094
-4184
-4277
-4363
-4422
-4478
-4514
-4533
-4584
-4640
-4651
-4684
-4731
-4747
-4743
-4741
-4733
-4762
-4781
-4750
-4714
-4688
-4649
-4613
-4590
-4573
-4554
-4493
-4459
-4386
-4304
-4212
-4136
-4060
-3985
-3888
-3770
-3615
-3499
-3333
-3146
-3010
-2815
-2626
-2487
-2279
-2050
-1852
-1590
-1361
-1193
-1004
-770
-563
-279
-27
200
370
633
900
1055
1238
1454
1666
1919
2097
2240
1958
2604
2709
2881
3036
3145
3261
3354
3427
3517
3618
3692
3782
3820
3851
3862
3870
3835
3772
3702
3666
3627
3545
3467
3303
3167
3057
3402
2763
2549
2311
2108
2423
1683
1396
1145
866
583
377
93
-189
-430
-730
-1031
-1270
-1581
-1890
-2115
-2390
-2678
-2920
-3216
-3541
-3770
-4033
-4300
-4562
-4834
-5092
-5277
-5464
-5684
-5892
-6151
-6342
-6493
-6659
-6369
-7056
-7235
-7394
-7512
-7649
-7331
-7987
-8128
-8218
-8333
-8453
-8558
-8663
-8739
-8775
-8771
-8789
-8798
-8813
-8821
-8802
-8785
-8752
-8670
-8588
-8554
-8436
-8289
-8193
-8092
-8004
-7888
-7731
-7558
-7407
-7247
-7088
-6985
-7325
-6670
-6556
-6396
-6233
-6092
-5989
-6331
-5688
-5516
-5852
-5207
-5004
-4823
-4688
-4539
-4331
-4146
-3928
-3720
-3602
-3478
-3313
-3159
-2968
-2808
-2659
-2485
-2317
-2189
-2065
-2428
-1846
-1768
-1714
-1697
-1630
-1605
-1575
-1571
-1588
-1617
-1672
-1733
-1779
-1819
-1848
-1922
-2025
-2157
-2264
-2378
-2487
-2636
-2764
-2886
-3075
-3201
-3355
-3476
-3632
-3794
-3434
-4086
-4216
-4397
-4563
-4714
-4415
-5069
-5239
-4909
-5535
-5688
-5861
-6006
-6195
-6388
-6542
-6733
-6915
-7046
-7214
-7373
-7453
-7525
-7602
-7688
-7800
-7886
-7917
-7985
-8056
-8134
-8178
-8195
-8239
-8273
-8296
-8317
-8275
-8273
-8277
-8281
-8245
-8146
-8060
-8012
-7974
-7960
-7897
-7867
-7796
-7716
-7636
-7535
-7447
-7344
-7262
-7115
-6993
-6918
-7321
-6752
-6647
-6459
-6308
-6233
-6199
-6146
-6029
-5718
-5644
-5535
-5468
-5401
-5315
-5260
-5209
-5201
-5212
-5191
-5130
-5107
-5090
-5058
-5083
-5149
-5205
-5247
-5281
-5306
-4892
-5506
-5577
-5646
-5724
-5848
-5955
-6081
-6197
-6329
-6497
-6678
-6823
-6962
-7115
-7281
-7485
-7693
-7876
-8058
-8243
-8401
-8600
-8781
-8917
-9153
-9363
-9602
-9804
-9962
-10176
-10342
-10521
-10697
-10865
-11042
-11184
-11344
-11485
-11684
-11850
-11985
-12092
-12245
-12382
-12491
-12609
-12749
-12924
-13046
-13151
-13268
-13365
-13453
-13531
-13617
-13710
-13823
-13884
-13964
-14021
-14084
-14149
-14212
-14315
-14373
-14397
-14401
-14424
-14476
-14556
-14584
-14579
-14584
-14609
-14588
-14527
-14489
-14480
-14478
-14500
-14451
-14396
-14329
-14317
-14340
-14348
-14333
-14315
-14310
-14287
-14275
-14312
-14355
-14363
-14384
-14394
-14397
-14396
-14422
-14462
-14493
-14508
-14516
-14523
-14552
-14560
-14565
-14634
-14705
-14766
-14792
-14808
-14836
-14876
-15014
-15126
-15193
-15275
-15329
-15396
-15468
-15588
-15705
-15813
-15962
-16084
-17260
-17397
-17575
-17731
-17810
-17928
-17598
-18209
-18361
-18483
-18567
-18691
-18834
-18945
-19086
-19222
-19350
-19483
-19611
-19688
-19762
-19827
-19909
-20025
-20161
-20281
-20354
-20451
-20619
-20731
-20850
-20970
-21048
-21172
-21300
-21392
-21478
-21596
-21693
-21865
-21985
-22069
-22224
-22388
-22464
-22544
-22684
-22783
-22869
-22983
-23065
-23184
-23342
-22987
-23594
-23720
-23798
-23884
-24021
-24163
-24268
-24359
-24464
-24575
-24695
-24806
-24441
-25063
-25209
-25306
-24934
-25558
-25674
-25815
-25918
-25989
-26073
-26180
-26264
-25899
-26499
-26609
-26745
-26859
-26964
-27073
-27218
-27350
-27462
-27548
-27626
-27739
-27884
-28023
-28184
-28418
-28577
-28682
-28794
-28903
-29027
-29174
-29350
-29518
-29688
-29327
-29953
-30119
-30275
-30392
-30560
-30728
-30854
-30991
-31126
-31239
-31363
-31497
-31605
-31754
-31888
-31981
-32056
-32144
-32220
-32308
-32390
-32460
-32529
-32571
-32609
-32659
-32661
-32644
-32655
-32619
-32605
-32619
-32628
-32583
-32529
-32470
-32439
-32392
-32294
-32228
-32165
-32098
-31995
-31892
-31775
-31699
-31619
-31491
-31405
-31741
-31149
-31046
-30909
-31262
-30661
-30548
-30382
-30231
-30105
-30025
-29922
-29739
-29562
-29415
-29273
-29159
-29073
-28930
-28794
-28674
-28548
-28411
-28361
-28287
-28174
-28121
-28044
-27951
-27899
-27834
-27777
-27756
-27768
-27775
-27779
-27785
-27812
-27361
-27867
-27915
-27991
-28105
-28201
-28256
-28315
-28394
-28460
-28556
-28619
-28657
-28760
-28863
-28951
-29086
-29191
-29291
-29407
-29489
-29575
-29644
-29789
-29930
-30010
-30115
-30239
-30375
-30474
-30558
-30680
-30292
-30894
-31058
-31220
-31333
-31459
-31592
-31695
-31831
-32000
-32130
-31779
-32434
-32544
-32680
-32766
-32848
-32945
-33035
-33153
-33329
-33476
-33529
-33581
-33686
-33785
-33873
-33955
-34023
-34140
-34245
-34325
-34434
-34550
-34626
-34709
-34798
-34873
-34938
-35006
-35069
-35134
-35250
-35371
-35468
-35527
-35544
-35625
-35741
-35794
-35880
-35943
-36002
-36062
-36170
-36207
-36226
-36226
-36291
-36376
-36449
-36478
-36455
-36436
-36449
-36470
-36480
-36476
-36476
-36472
-36443
-36382
-36338
-36283
-36243
-36222
-36199
-36630
-36023
-35909
-35785
-35682
-35588
-35443
-35277
-35163
-35023
-34854
-34718
-34575
-34399
-34275
-34102
-33941
-33812
-33636
-33493
-33352
-33710
-33037
-32903
-32760
-32609
-32506
-32350
-32218
-32153
-32067
-31920
-31829
-31707
-31590
-31525
-31447
-31384
-31327
-31289
-31243
-31178
-31142
-31100
-31086
-31067
-31054
-31008
-30989
-30980
-30949
-30915
-30907
-30926
-30918
-30926
-30959
-31014
-31094
-31144
-31155
-31218
-30791
-31355
-31424
-31487
-31604
-31731
-31808
-31890
-31968
-32062
-32189
-32344
-32445
-32529
-32670
-32896
-33205
-33436
-33586
-33789
-34041
-33737
-34413
-34592
-34750
-34901
-35037
-35092
-35243
-35327
-35348
-35327
-35399
-35487
-35508
-35491
-35438
-35476
-35472
-35457
-35520
-35462
-35397
-35357
-35285
-35270
-35256
-35207
-35167
-35069
-35008
-34899
-34903
-34819
-34724
-34668
-34512
-34396
-34304
-34672
-34102
-33949
-33869
-33762
-33646
-33539
-33418
-33378
-33701
-33069
-32980
-32901
-33214
-32680
-32628
-32495
-32420
-32384
-32264
-32170
-32121
-32075
-32039
-31953
-31905
-31960
-31939
-31831
-31802
-31762
-31743
-31678
-31623
-31577
-31571
-31506
-31468
-31480
-31476
-31441
-31354
-31300
-31289
-31279
-31275
-31212
-31155
-31079
-30987
-30941
-30833
-31264
-30712
-30682
-30575
-30483
-30306
-30180
-30168
-30119
-30056
-30000
-30006
-29959
-30018
-30029
-30006
-29938
-29972
-30063
-30134
-30113
-30081
-30039
-30021
-29962
-29978
-29918
-30291
-29720
-29667
-29607
-29518
-29407
-29298
-29155
-29050
-28907
-28737
-28586
-28504
-28367
-28165
-28000
-27836
-27710
-27499
-27258
-27073
-27327
-26531
-26302
-26067
-25840
-25611
-25310
-25041
-24754
-24516
-24277
-23964
-23756
-23466
-23163
-22840
-22584
-22334
-22104
-21867
-21527
-21218
-20968
-20647
-20369
-20104
-19810
-19447
-19155
-18867
-19031
-18298
-18033
-17733
-17510
-17214
-16976
-16806
-16619
-16401
-16214
-16069
-15831
-15676
-15584
-15495
-15396
-15254
-15184
-15083
-14957
-14949
-14876
-14901
-14894
-14863
-14834
-14861
-14880
-14951
-14959
-14941
-14983
-15008
-15010
-15088
-15039
-15002
-14930
-14798
-14661
-14611
-14556
-14357
-14123
-13896
-13791
-13630
-13462
-13306
-13077
-12892
-12756
-12527
-12292
-12100
-11892
-11623
-11451
-11691
-11046
-10844
-10674
-10518
-10361
-10277
-10083
-9938
-9791
-9678
-9563
-9432
-9327
-9260
-9224
-9176
-9119
-9136
-9186
-9256
-9250
-9327
-9346
-9459
-9516
-9550
-9628
-9712
-9829
-9913
-10008
-10012
-10063
-10125
-10209
-10205
-10138
-10084
-10031
-9934
-9871
-9716
-9588
-9447
-9749
-9081
-8981
-9283
-8527
-8378
-8086
-8266
-7592
-7783
-7042
-7317
-6525
-6228
-6012
-5823
-5632
-5485
-5264
-5048
-4911
-4752
-4663
-4619
-4529
-4434
-3911
-4413
-4336
-4451
-4573
-4604
-4695
-4819
-4401
-5083
-5189
-5298
-5497
-5684
-5388
-6075
-6231
-6405
-6550
-6737
-6873
-7094
-7250
-6844
-7415
-7581
-7718
-7806
-7829
-7854
-7939
-7991
-7926
-7890
-7911
-7869
-7863
-8302
-7684
-7556
-7405
-7334
-7228
-7037
-6850
-6672
-6417
-6096
-5869
-5625
-5827
-5008
-4754
-4468
-4121
-3792
-3480
-3151
-2813
-2481
-2210
-1878
-1504
-1149
-863
-575
-334
-149
-470
267
3
614
715
791
854
969
1007
1026
1040
986
946
839
713
603
520
387
209
9
-119
-373
-577
-754
-962
-1237
-1438
-1768
-2088
-2369
-2653
-2897
-3230
-3537
-3794
-4029
-4226
-3936
-4581
-4726
-4802
-4918
-5018
-5050
-5100
-5054
-5029
-5115
-5111
-5123
-5144
-5182
-5136
-5073
-5084
-5092
-5033
-5023
-4934
-5363
-4783
-4647
-4432
-4252
-4107
-3922
-3689
-3470
-3231
-3073
-3378
-2676
-2445
-2210
-2117
-1974
-1846
-1743
-1647
-1584
-1560
-1542
-1527
-1497
-1480
-1544
-1569
-1634
-1676
-1802
-1840
-2018
-2105
-2210
-2378
-2556
-2730
-2453
-3119
-3258
-3468
-3705
-3825
-3432
-4060
-4159
-4352
-4474
-4596
-4701
-4771
-4852
-4897
-4938
-4901
-4905
-4957
-4999
-4938
-4953
-4939
-4918
-4859
-4827
-4800
-4682
-4583
-4514
-4310
-4136
-3993
-3829
-3682
-3552
-3331
-3123
-2955
-2726
-2584
-2445
-2304
-2134
-2033
-2428
-1861
-1762
-1699
-1678
-1588
-1605
-1613
-1590
-1596
-1563
-1527
-1554
-1636
-1699
-1709
-1743
-1812
-1470
-2048
-2121
-2161
-2209
-2239
-2329
-2399
-1966
-2573
-2626
-2657
-2724
-2861
-2907
-2974
