-5787
-5399
-6067
-6230
-6331
-6436
-6546
-6697
-6518
-7090
-7212
-7287
-7386
-7432
-7542
-7560
-7605
-7607
-7688
-7701
-7680
-7552
-7451
-7376
-7804
-7186
-7044
-6905
-6823
-6770
-6653
-6480
-6399
-6426
-6438
-6577
-6752
-6970
-7199
-7457
-7741
-8014
-7855
-8651
-8833
-9041
-9266
-9464
-9529
-9716
-9831
-9848
-9838
-9932
-9987
-9970
-9997
-10035
-10010
-9981
-9909
-9806
-9771
-9798
-9861
-9999
-10083
-10243
-10346
-10436
-10527
-10731
-10840
-11025
-11285
-11487
-11678
-11844
-14506
-14674
-14833
-14878
-14960
-15027
-15109
-14659
-15119
-15042
-15039
-14993
-14968
-14951
-14844
-14861
-14848
-14810
-14792
-14819
-14875
-14936
-14955
-15054
-15092
-15188
-15205
-15271
-15338
-15357
-15459
-15548
-15663
-15745
-15833
-15922
-16016
-16117
-16176
-16334
-16588
-16718
-16821
-16953
-17058
-17167
-17287
-17340
-17392
-17470
-17550
-17661
-17762
-17857
-17886
-17945
-18062
-18205
-18268
-18340
-18369
-18418
-18499
-18649
-18739
-18813
-18857
-18894
-18936
-18985
-19058
-19149
-19241
-19313
-19397
-19481
-19063
-19638
-19689
-19758
-19840
-19951
-20012
-20088
-20155
-20168
-20220
-20306
-20352
-20413
-20476
-20546
-20573
-20588
-20655
-20731
-20789
-20844
-20875
-20938
-21006
-21094
-21130
-21159
-21197
-21245
-21304
-21396
-21493
-21573
-21644
-21686
-21710
-21749
-21800
-21871
-21920
-21506
-22069
-22098
-22117
-22170
-22243
-22291
-22365
-22455
-22510
-22579
-22623
-22670
-22714
-22750
-22817
-22896
-22985
-23042
-23073
-23104
-23153
-23195
-23228
-23241
-23260
-23266
-23239
-23195
-23144
-23121
-23136
-23151
-23140
-23104
-23067
-23014
-22974
-22968
-22955
-22886
-22823
-22764
-22709
-22636
-22602
-22556
-22493
-22445
-22422
-22396
-22392
-22380
-22336
-22302
-22279
-22247
-22182
-22176
-22157
-22180
-22180
-22193
-22136
-22075
-21987
-21955
-21980
-21983
-21972
-21976
-21978
-21938
-21876
-21871
-21888
-21861
-21840
-21813
-21777
-21768
-21791
-21773
-21783
-21775
-21756
-21770
-21789
-21792
-21783
-21756
-21752
-21768
-21735
-21676
-21670
-21657
-21640
-21640
-21667
-21676
-21665
-21642
-21628
-21626
-21615
-21567
-21527
-21556
-21573
-21554
-21525
-21510
-21483
-21441
-21418
-21411
-21413
-21384
-21346
-21354
-21344
-21340
-21333
-21340
-21359
-21386
-21388
-21342
-21289
-21254
-21231
-21209
-21180
-21182
-21182
-21163
-21149
-21138
-21105
-21084
-21060
-21037
-21069
-21130
-21104
-21058
-20999
-20987
-21025
-21111
-21161
-21161
-21128
-21121
-21121
-21111
-21130
-21186
-21199
-21209
-21216
-21228
-21249
-21281
-21346
-21407
-21445
-21474
-21506
-21520
-21548
-21592
-21634
-21684
-21699
-21716
-21716
-21743
-21773
-21834
-21865
-21884
-21894
-21886
-21899
-21932
-21968
-22016
-22067
-22073
-22084
-22098
-22121
-22178
-22220
-22249
-22287
-22323
-22355
-22382
-22443
-22533
-22607
-22695
-22693
-22665
-22688
-22712
-22741
-22777
-22794
-22802
-22869
-22924
-22972
-23010
-23016
-23052
-23079
-23105
-23142
-23168
-23209
-23279
-23361
-23422
-23466
-23459
-23502
-23573
-23657
-23688
-23745
-23768
-23785
-23815
-23901
-23974
-24069
-24172
-24207
-24264
-24350
-24411
-24527
-24636
-24688
-24714
-24768
-24833
-24943
-25102
-25233
-25302
-25348
-24930
-25554
-25678
-25728
-25848
-25926
-25985
-26035
-26159
-26218
-26292
-26514
-26573
-26609
-26634
-26739
-26836
-26922
-26941
-26970
-26964
-26980
-27031
-27083
-27063
-27033
-27048
-27048
-27039
-26983
-26934
-26920
-26875
-26848
-26836
-26842
-26859
-26844
-26819
-26802
-26794
-26808
-26821
-26817
-26781
-26766
-26773
-26718
-26688
-26628
-26584
-26476
-26363
-26264
-26174
-26083
-26014
-26376
-25804
-25716
-25617
-25500
-25355
-25237
-25090
-24953
-24819
-24737
-24640
-24504
-24386
-24319
-24271
-24197
-24132
-24079
-24037
-24018
-23991
-23983
-24000
-24020
-24008
-23995
-23970
-23957
-23978
-23978
-24018
-24084
-24098
-24117
-24159
-24178
-24199
-24201
-24214
-24222
-24231
-24231
-24237
-24252
-24252
-24289
-24298
-24291
-24245
-24230
-24222
-24231
-24212
-24197
-24205
-24195
-24167
-24115
-24062
-24037
-24027
-24025
-24018
-23972
-23955
-23897
-23817
-23750
-23688
-23623
-23583
-23548
-23926
-23355
-23277
-23174
-23071
-23014
-22941
-22878
-22773
-22672
-22565
-22483
-22411
-22306
-22151
-22048
-21999
-21978
-21917
-21813
-21749
-21663
-21594
-21544
-21529
-21516
-21491
-21411
-21302
-21239
-21180
-21134
-21130
-21115
-21042
-20985
-20939
-20878
-20842
-20768
-20674
-20628
-20617
-20594
-20565
-20554
-20506
-20447
-20401
-20340
-20294
-20268
-20277
-20268
-20243
-20228
-20231
-20231
-20256
-20241
-20268
-20300
-20285
-20266
-20279
-20292
-20367
-20405
-20390
-20418
-20489
-20569
-20626
-20638
-20644
-20697
-20783
-20854
-20932
-20970
-20980
-20525
-21125
-21197
-21241
-21239
-21264
-21325
-21363
-21367
-21396
-21449
-21483
-21531
-21588
-21644
-21680
-21737
-21771
-21808
-21873
-21882
-21863
-21871
-21894
-21911
-21947
-21972
-21976
-21968
-21981
-22012
-22006
-22006
-22012
-22037
-22025
-22014
-22006
-22002
-21991
-21972
-21955
-21970
-21938
-21896
-21878
-21844
-21802
-21770
-21754
-21726
-21716
-21678
-21668
-21644
-21598
-21560
-21499
-21453
-21417
-21418
-21449
-21474
-21447
-21466
-21514
-21533
-21539
-21560
-21583
-21617
-21636
-21642
-21644
-21642
-21726
-21855
-21943
-21504
-22016
-22023
-22006
-22062
-22180
-22271
-22327
-22399
-22491
-22562
-22638
-22712
-22779
-22834
-22907
-22997
-23134
-23266
-23363
-23426
-23476
-23527
-23609
-23747
-23831
-23823
-23810
-23819
-23903
-24000
-24050
-24010
-23985
-24006
-24048
-24006
-23941
-23863
-23829
-23791
-23754
-23712
-23649
-23613
-23569
-23533
-23485
-23432
-23447
-23443
-23401
-23365
-23331
-23275
-23203
-23149
-23132
-23100
-23020
-22922
-22842
-22722
-22611
-22600
-22588
-22531
-22457
-22386
-22342
-22342
-22285
-22222
-22163
-22111
-22081
-22052
-22037
-22023
-21955
-21869
-21819
-21762
-21712
-21716
-21792
-21812
-21867
-21960
-22023
-22073
-22107
-22136
-22207
-22264
-22289
-22312
-22336
-22348
-22382
-22424
-22449
-21987
-22500
-22497
-22464
-22426
-22409
-22396
-22373
-22365
-22333
-22302
-22231
-22163
-22153
-22163
-22111
-22062
-22464
-21899
-21817
-21731
-21640
-21531
-21403
-21306
-21184
-21046
-20917
-20810
-20691
-20586
-20415
-20237
-20042
-19869
-19710
-19504
-19336
-19214
-19098
-18917
-18728
-18514
-18348
-18216
-18558
-17936
-17750
-18054
-17432
-17298
-17109
-16941
-16741
-16581
-16497
-16394
-16281
-16161
-16063
-16025
-16021
-16021
-15964
-15922
-15892
-15838
-15802
-15813
-15833
-15825
-15848
-15911
-15938
-15938
-15941
-15953
-15951
-15926
-15928
-15959
-15999
-16035
-16052
-16044
-16008
-15966
-15938
-15854
-15796
-15739
-15735
-15720
-15676
-15680
-15697
-15688
-15634
-15647
-15663
-15680
-15672
-15718
-15792
-15844
-15875
-15890
-15903
-15978
-16058
-16146
-16205
-16308
-16438
-16125
-16762
-16871
-16957
-17021
-16623
-17224
-17466
-17722
-17854
-17810
-17754
-17827
-18054
-18264
-18369
-18399
-18405
-18413
-18460
-18516
-18552
-18607
-18680
-18770
-18882
-18983
-19079
-19203
-19401
-19583
-19722
-19842
-19962
-20136
-20279
-20409
-20487
-20562
-20649
-20750
-20823
-20848
-20886
-20939
-21002
-21054
-21090
-21104
-21136
-21197
-21228
-21285
-21334
-21340
-21331
-21344
-21354
-21312
-21260
-21222
-21189
-21113
-20951
-20817
-20731
-20634
-20550
-20443
-20300
-20230
-20144
-20058
-19970
-19869
-19747
-19590
-19459
-19365
-19245
-19128
-19537
-18907
-18747
-18621
-18466
-18315
-18197
-18044
-17922
-17794
-17623
-17535
-17428
-17291
-17165
-17054
-16968
-16882
-16754
-16613
-16491
-16371
-16292
-16212
-16596
-16016
-15915
-15838
-15800
-15728
-15640
-15569
-15514
-15462
-15375
-15298
-15216
-15168
-15138
-15117
-15083
-15004
-14913
-14844
-14796
-14777
-14724
-14642
-14615
-14607
-14567
-14539
-14520
-14487
-14459
-14382
-14350
-14325
-14266
-14273
-14262
-14243
-14283
-14313
-14355
-14405
-14462
-14491
-14483
-14470
-14449
-14497
-14537
-14642
-14703
-14752
-14810
-14817
-14903
-14930
-14888
-14852
-14907
-14903
-14791
-14766
-14733
-15142
-14579
-14525
-14455
-14394
-14300
-14216
-14147
-14039
-13962
-13846
-13743
-13623
-13583
-13470
-13359
-13245
-13195
-13115
-13109
-13010
-12894
-12875
-12890
-12875
-12878
-12854
-12770
-12703
-12712
-12709
-12699
-12668
-12604
-12623
-12640
-12228
-12806
-12714
-12653
-12651
-12583
-12571
-12495
-12489
-12470
-12355
-12174
-12012
-11871
-11743
-11596
-11516
-11363
-11241
-11107
-10846
-10628
-10348
-10100
-9865
-9676
-9527
-9361
-9250
-9144
-8991
-8800
-8730
-8668
-8504
-8363
-8340
-8397
-8481
-8474
-8470
-8594
-8697
-8689
-8691
-8712
-8819
-8850
-8901
-9018
-9142
-9264
-9396
-9602
-9689
-9697
-9771
-9890
-9905
-9890
-9949
-10002
-10100
-10189
-10220
-10281
-10296
-10331
-10331
-10334
-10317
-10250
-10266
-10189
-10125
-9957
-9848
-10258
-9720
-9638
-9556
-9476
-9375
-9292
-9207
-9128
-8987
-8857
-8689
-8604
-8401
-8140
-7947
-7771
-7651
-7472
-7302
-7117
-6934
-6819
-6626
-6418
-6216
-5962
-5640
-5445
-5281
-5107
-5050
-5058
-5088
-5090
-5111
-5147
-5172
-5285
-5502
-5653
-5695
-5781
-5380
-5896
-5779
-5672
-5638
-5703
-5770
-5831
-5831
-5773
-5672
-5523
-5460
-5317
-5170
-5266
-5352
-5178
-4980
-4993
-4938
-4863
-4836
-4842
-4724
-4663
-4747
-4802
-4852
-4871
-5002
-5168
-5331
-5502
-5661
-5792
-5834
-5886
-5915
-5833
-5836
-5863
-6352
-5791
-5623
-5426
-5136
-5359
-4497
-4268
-3989
-3678
-3850
-3008
-2699
-2327
-2438
-1500
-1010
-525
-86
366
812
1141
1555
1889
2202
2534
2824
3030
3162
3314
2937
3595
3671
3622
3603
3562
3452
3303
3095
2832
2543
2131
1875
1538
1070
643
171
-260
-718
-1191
-1745
-2163
-2588
-3081
-3592
-4073
-4537
-5033
-5462
-5397
-5873
-6718
-7090
-7384
-7636
-7808
-7991
-8020
-8046
-8096
-8004
-7890
-7756
-7638
-7464
-7804
-7119
-7321
-6592
-6285
-6023
-5703
-5855
-4918
-4478
-4128
-3758
-3352
-3329
-2382
-2365
-1357
-886
-894
-25
391
854
1280
1572
1868
2150
2370
2622
2807
2450
3040
3024
2988
2965
2824
2809
2681
2917
2162
2421
1582
1274
1446
631
278
-136
-6
-857
-1281
-1684
-2035
-2434
-2854
-3268
-3689
-4027
-3945
-4834
-5239
-5613
-5947
-6323
-6668
-6896
-7165
-7392
-7583
-7739
-7354
-7987
-8096
-8115
-8121
-8073
-7873
-7678
-7462
-7189
-6930
-6621
-6249
-5974
-5626
-5218
-4726
-4294
-3726
-3292
-3378
-2928
-2149
-1865
-1579
-1340
-1126
-947
-745
-552
-413
-250
-21
127
238
385
513
618
631
599
625
564
498
366
297
167
40
-18
-222
-430
-577
-781
-926
-1161
-1371
-1531
-1596
-1665
-1922
-2191
-2249
-2386
-2575
-2445
-3212
-2938
-3678
-3983
-4197
-4441
-4689
-4869
-5105
-5285
-5502
-5682
-5833
-5987
-6083
-6153
-5880
-6504
-6592
-6628
-6718
-6831
-6924
-6930
-6899
-6960
-7004
-6947
-6819
-6781
-6689
-6521
-6813
-6159
-5949
-5697
-5443
-5218
-4989
-4710
-4514
-4880
-4197
-4016
-3852
-3750
-3661
-3470
-3417
-3325
-3216
-3130
-3054
-3044
-3077
-3018
-3002
-3065
-3147
-3268
-3312
-3390
-3520
-3670
-3812
-3980
-4235
-4428
-4697
-4974
-5264
-5594
-5834
-6113
-6275
-6594
-6981
-7262
-7493
-7722
-7968
-8226
-8438
-8607
-8342
-9016
-9186
-9344
-9539
-9693
-9838
-9981
-10170
-10371
-10445
-10590
