-188
-130
-84
-33
-10
-4
-4
-50
-42
-23
3
36
26
38
57
97
145
200
215
236
248
213
215
251
257
282
307
309
326
337
375
398
417
438
435
438
471
505
522
503
511
574
622
635
631
683
700
681
692
708
740
730
711
677
652
679
698
694
709
719
681
652
614
599
593
606
593
540
452
459
538
583
580
582
549
500
517
543
585
622
612
593
646
717
788
795
812
874
956
1009
1055
1114
1198
1244
1286
1351
1433
1477
1534
1622
1685
1755
1828
1887
1473
2036
2103
2171
2204
2270
2347
2395
2417
2446
2492
2540
2557
2555
2562
2587
2597
2597
2580
2587
2568
2501
2450
2398
2387
2320
2261
2230
2175
2108
2036
1980
1940
1851
1763
1688
1608
1555
1509
1417
1311
1223
1160
1114
1068
1020
940
872
822
759
696
639
576
967
402
379
377
347
332
259
204
198
171
114
91
64
61
5
-84
-132
-146
-168
-176
-218
-266
-336
-369
-396
-399
-407
-483
-569
-609
-638
-689
-703
-722
-764
-796
-817
-825
-827
-875
-932
-953
-997
-1039
-1065
-1102
-1147
-1197
-1216
-1258
-1331
-1413
-1453
-1529
-1602
-1625
-1646
-1693
-1779
-1838
-1909
-1930
-1928
-1970
-2033
-2098
-2167
-2210
-2228
-2243
-2241
-2264
-2312
-2333
-2348
-2361
-2384
-2426
-2500
-2588
-2647
-2707
-2750
-2804
-2819
-2833
-2897
-2993
-3077
-3161
-3239
-3275
-3310
-3380
-3478
-3533
-3558
-3613
-3701
-3798
-3430
-3978
-4041
-4065
-4113
-4178
-4256
-4355
-4459
-4525
-4550
-4611
-4714
-4800
-4861
-4930
-4993
-5021
-5104
-5207
-5275
-5321
-5319
-5346
-5365
-5413
-5485
-5510
-5491
-5523
-5596
-5640
-5649
-5649
-5691
-5754
-5764
-5787
-5815
-5857
-5857
-5882
-5943
-5964
-5968
-5949
-5968
-6000
-6041
-6067
-6090
-6083
-6046
-6023
-6025
-6056
-6048
-6006
-5953
-5907
-5896
-5894
-5880
-5842
-5787
-5731
-5701
-5680
-5623
-5552
-5476
-5424
-5392
-5334
-5247
-5189
-5102
-4997
-4918
-4857
-4796
-4714
-4636
-4548
-4502
-4457
-4409
-4352
-4258
-4149
-4065
-3999
-3949
-3920
-3882
-3846
-3794
-3783
-3731
-3697
-3691
-3688
-3695
-3691
-3728
-3760
-3783
-3875
-3426
-4000
-4117
-4235
-4340
-4476
-4604
-4697
-4846
-4955
-5153
-5327
-5533
-5684
-5819
-5995
-6191
-6275
-6342
-6457
-6623
-6802
-6859
-6917
-7035
-7188
-7283
-7363
-7468
-7548
-7619
-7754
-7876
-7995
-8083
-8147
-8228
-8331
-8396
-8470
-8535
-8594
-8638
-8628
-8638
-8661
-8686
-8682
-8653
-8647
-8672
-8689
-8712
-8709
-8686
-8634
-8611
-8626
-8632
-8615
-8594
-8577
-8502
-8495
-8445
-8363
-8258
-8182
-8134
-8100
-8046
-7985
-7899
-7764
-7621
-7499
-7436
-7333
-7218
-7090
-6981
-6857
-6768
-6659
-6565
-6497
-6829
-6201
-6086
-5966
-6346
-5779
-5688
-5609
-5539
-5449
-5859
-5298
-5201
-5161
-5115
-5062
-5027
-4978
-4928
-4943
-4943
-4926
-4911
-4888
-4905
-4920
-4941
-4962
-4955
-4970
-4991
-4999
-5018
-5048
-5069
-5151
-5233
-5323
-5403
-5466
-5512
-5621
-5680
-5768
-5897
-6000
-6138
-6291
-6413
-6537
-6686
-6827
-7025
-7189
-7302
-7464
-7646
-7800
-7966
-8193
-8352
-8518
-8714
-8882
-9041
-8796
-9495
-9682
-9846
-10004
-10170
-10373
-10577
-10716
-10892
-11062
-11233
-11428
-11552
-11712
-11947
-12126
-12264
-12439
-12592
-12245
-12932
-13081
-13184
-13338
-13554
-13754
-13960
-14094
-14197
-14354
-14527
-14655
-14785
-14899
-15012
-14663
-15312
-15460
-15527
-15602
-15712
-15762
-15836
-15909
-15959
-15974
-15966
-15962
-15983
-15993
-15970
-15957
-15947
-15907
-15838
-15745
-15653
-15552
-15476
-15384
-15271
-15167
-15056
-14943
-14802
-14678
-14495
-14323
-14174
-14046
-13930
-13741
-13584
-13424
-13298
-13653
-13006
-12865
-12775
-12615
-12428
-12315
-12691
-12071
-11953
-11886
-11808
-12207
-11623
-11565
-11554
-11552
-11537
-11495
-11508
-11520
-11537
-11590
-11634
-11701
-11792
-11875
-11960
-12107
-11735
-12352
-12436
-12535
-12684
-12794
-12915
-13012
-13159
-13346
-13478
-13632
-13813
-14002
-14207
-14378
-14560
-14718
-14876
-15071
-15243
-15409
-15619
-15821
-15991
-16188
-16382
-16550
-16693
-16855
-17029
-17207
-17375
-17481
-17119
-17813
-18012
-18197
-18396
-18539
-18674
-18867
-19031
-19136
-19258
-19434
-19594
-19771
-19913
-20010
-20121
-20247
-20361
-20499
-20625
-20737
-20863
-20957
-20521
-21111
-21210
-21283
-21331
-21397
-21418
-21457
-21554
-21646
-21661
-21672
-21670
-21674
-21718
-21737
-21779
-21813
-21812
-21783
-21722
-21750
-21785
-21773
-21733
-21693
-21651
-21565
-21480
-21422
-21334
-21245
-21157
-21104
-21039
-20903
-20791
-20667
-20487
-20350
-20254
-20167
-20037
-19936
-19829
-19745
-19647
-19567
-19426
-19275
-19155
-19021
-18901
-18779
-18649
-18579
-18504
-18415
-18298
-18195
-18562
-18020
-17972
-17903
-17825
-17768
-17695
-17632
-17619
-17617
-17642
-17621
-18077
-17546
-17539
-17584
-17672
-17745
-17804
-17854
-17903
-18010
-18119
-18182
-18289
-18369
-18436
-18098
-18733
-18833
-18918
-19035
-19153
-19230
-19292
-19378
-19493
-19628
-19743
-19819
-19936
-20062
-20144
-20249
-20384
-20033
-20743
-20920
-21041
-21151
-21277
-21449
-21638
-21865
-22020
-22230
-22415
-22575
-22770
-22947
-23123
-23270
-23415
-23562
-23722
-23457
-24083
-24230
-24382
-24480
-24567
-24676
-24787
-24909
-25020
-25149
-25300
-25361
-25401
-25424
-25485
-25584
-25699
-25735
-25775
-25813
-25865
-25926
-26012
-26088
-26121
-26107
-26142
-26178
-26239
-26319
-26352
-26355
-26397
-26480
-26571
-26628
-26668
-26735
-26817
-26859
-26896
-26957
-26991
-27008
-27039
-27062
-27100
-27119
-27138
-27189
-27210
-27224
-27250
-27247
-27247
-27260
-27271
-27317
-27336
-27365
-27386
-27424
-27432
-27411
-27401
-27390
-27472
-27542
-27586
-27609
-27625
-27649
-27647
-27672
-27688
-27684
-27724
-27787
-27815
-27810
-27758
-27716
-27745
-27781
-27823
-27817
-27768
-27733
-27741
-27705
-27680
-27659
-27611
-27575
-27558
-27518
-27441
-27418
-27394
-27319
-27270
-27231
-27203
-27186
-27109
-27035
-26993
-26938
-26894
-26842
-26781
-26720
-26693
-26626
-26531
-26447
-26352
-26250
-26157
-26033
-25962
-25878
-25796
-25720
-25653
-25609
-25548
-25499
-25472
-25407
-25357
-25289
-25222
-25184
-25176
-25165
-25163
-25107
-25044
-25041
-25060
-25096
-25092
-25071
-25069
-25100
-25159
-25254
-25334
-25382
-25447
-25464
-25451
-25537
-25647
-25699
-25754
-25848
-25960
-26018
-26115
-26197
-26266
-26417
-26562
-26726
-26854
-27004
-27233
-26894
-27584
-27361
-28098
-28189
-28319
-28506
-28680
-28798
-28863
-28882
-29020
-29161
-29209
-29287
-29313
-29411
-29579
-29665
-29688
-29792
-29890
-29953
-29978
-30025
-30107
-30210
-30239
-30291
-30382
-30474
-30504
-30476
-30552
-30590
-30604
-30628
-30661
-30703
-30667
-30657
-30674
-30705
-30777
-30789
-30823
-30890
-30999
-30999
-30936
-30987
-31058
-31155
-31186
-30798
-31439
-31546
-31657
-31289
-31897
-32081
-32197
-32382
-32571
-32730
-32886
-33060
-33182
-33388
-33596
-33226
-33861
-33987
-34081
-33718
-34233
-34279
-34357
-34388
-34386
-34438
-34451
-34428
-34418
-34415
-34331
-34327
-34327
-34273
-34226
-34184
-34149
-34130
-34117
-34121
-34077
-34041
-34008
-33968
-33846
-33840
-33804
-33712
-33625
-33586
-33558
-33359
-33243
-33186
-33105
-32980
-32833
-32701
-32647
-32548
-32470
-32392
-32287
-32285
-32289
-32191
-32155
-32107
-32167
-32203
-32167
-32140
-32153
-32220
-32203
-32168
-32218
-32270
-32317
-32363
-32361
-32375
-32418
-32527
-32630
-32607
-32634
-32728
-32850
-32875
-32968
-33088
-33149
-33140
-33138
-33147
-33149
-33104
-33086
-33058
-33014
-32945
-32806
-32659
-32569
-32541
-32388
-32247
-32136
-31949
-32210
-31544
-31409
-31281
-31117
-30972
-30825
-30716
-30542
-30493
-30375
-30228
-30161
-30107
-30056
-29964
-29930
-29819
-29741
-29779
-29756
-29718
-29684
-29693
-29657
-29642
-29596
-29577
-29535
-29489
-29500
-29510
-29453
-29499
-29525
-29626
-29668
-29726
-29836
-29934
-29981
-30119
-29808
-30445
-30571
-30724
-30857
-31014
-31189
-31355
-31544
-31689
-31819
-31983
-32178
-32355
-32556
-32712
-32815
-32918
-32991
-33073
-33123
-33105
-33060
-33037
-32930
-32775
-32644
-32436
-32172
-32006
-31771
-31415
-31104
-31254
-30323
-29915
-29544
-29277
-28888
-28390
-28052
-27653
-27388
-26974
-26586
-26254
-25771
-25861
-24972
-24649
-24331
-24363
-23869
-23016
-22602
-22207
-21794
-21367
-21481
-20579
-20170
-19894
-19552
-19184
-18873
-18613
-18394
-18201
-17878
-17733
-18069
-17499
-17384
-17283
-17231
-17184
-17197
-17188
-17209
-17207
-17308
-17392
-17535
-17630
-17775
-17882
-18031
-18256
-18447
-18615
-18785
-18943
-18588
-19165
-19258
-19292
-19226
-19270
-19310
-19191
-19056
-19004
-18876
-18710
-18611
-18434
-18170
-17951
-17709
-17451
-17109
-16730
-16418
-16590
-15655
-15373
-15052
-15134
-14336
-13936
-13590
-13283
-12869
-12617
-12359
-12134
-11949
-11733
-11529
-11415
-11239
-11104
-11041
-11012
-11012
-11044
-11077
-11142
-11289
-11432
-11573
-11840
-12109
-12405
-12216
-13067
-13521
-13911
-14209
-14607
-15002
-15348
-15817
-16123
-16485
-16806
-16623
-17380
-17611
-17796
-18020
-18157
-18241
-18285
-18262
-18210
-18142
-18023
-17890
-17707
-17533
-17312
-17548
-16781
-16470
-16136
-15834
-15520
-15607
-14789
-14405
-14060
-13686
-13287
-12949
-12542
-12271
-12054
-11825
-11670
-11556
-11455
-11432
-11497
-11594
-11674
-11821
-12065
-12340
-12659
-12976
-13344
-13197
-14054
-14504
-14926
-15310
-15212
-16098
-16396
-16888
-17367
-17695
-18046
-18313
-18678
-19002
-19266
-19499
-19743
-19991
-20209
-20298
-20434
-20581
-20709
-20867
-20972
-20974
-20981
-21037
-21067
-21023
-21023
-21037
-21035
-20995
-20525
-21050
-21054
-21031
-21069
-21065
-20966
-20955
-20913
-20863
-20766
-20661
-20535
-20376
-20165
-19865
-19655
-19422
-19201
-18949
-18625
-18350
-18115
-17854
-18052
-17417
-17287
-17075
-16884
-16672
-16415
-16212
-15991
-15710
-15544
-15325
-15020
-14750
-14558
-14430
-14207
-13938
-13792
-13556
-13380
-13233
-12968
-12766
-12567
-12331
-12130
-11924
-12199
-11518
-11273
-11060
-10880
-10676
-10518
-10346
-10220
-10029
-9810
-9676
-9581
-9529
-9441
-9344
-9300
-9315
-9325
-9340
-9384
-9418
-9529
-9663
-9313
-9955
-10083
-9783
-10542
-10716
-10926
-11096
-11357
-11602
-11821
-12065
-11737
-12338
-12459
-12565
-12655
-12764
-12831
-12859
-12939
-12926
-12882
-12834
-12817
-12667
-12527
-12417
-12313
-12132
-11905
-12199
-11529
-11268
-10993
-10665
-10298
-9970
-9625
-9750
-8813
-8384
-7959
-7510
-7088
-6579
-6128
-5810
-5418
-4980
-4691
-4867
-4100
-3871
-3752
-3735
-3691
-3691
-3747
-3861
-3999
-4146
-4336
-4542
-4823
-5086
-5361
-5634
-5957
-6230
-6552
-6882
-7241
-7586
-7985
-7831
-8592
-8875
-9218
-9500
-9361
-10188
-10441
-10607
-10264
-10960
-11147
-11289
-11407
-11460
-11523
-11546
-11495
-11455
-11405
-11375
-11308
-11199
-11130
-11046
-10972
-10907
-10798
-10659
-10588
-10499
-10403
-10747
-10126
-9917
-9707
-9497
-9237
-8934
-8674
-8771
-7945
-7590
-7249
-7302
-6470
-6104
-5739
-5838
-4949
-4594
-4250
-4375
-3474
-3172
-2859
-2602
-2336
-2052
-1810
-1590
-1418
-1258
