-14529
-14565
-14579
-14548
-14523
-14525
-14483
-14508
-14422
-14348
-14247
-14649
-14104
-14086
-14021
-13936
-13875
-13876
-13899
-13836
-13743
-13730
-13743
-13716
-13684
-13596
-13525
-13510
-13443
-13376
-13296
-13270
-13281
-13207
-13100
-13029
-13006
-12899
-12823
-12758
-12665
-12552
-12460
-12323
-12176
-12002
-11789
-11644
-11464
-11270
-11062
-10966
-10854
-10731
-10659
-10604
-10529
-10533
-10537
-10516
-10558
-10613
-10668
-10268
-10867
-10928
-10920
-10928
-10943
-10968
-10960
-10922
-10915
-10863
-11230
-10565
-10506
-10468
-10399
-10726
-10096
-9947
-9825
-10249
-9636
-9537
-9396
-9224
-9031
-8918
-9268
-8625
-8495
-8359
-8235
-8117
-7966
-7758
-7583
-7449
-7804
-7193
-7104
-7004
-6911
-6844
-6724
-6584
-6523
-6464
-6380
-6331
-6323
-6317
-6312
-6317
-6315
-5869
-6369
-6352
-6369
-6418
-6493
-6592
-6670
-6760
-6871
-6955
-7035
-7121
-7212
-7312
-7464
-7592
-7691
-7792
-7907
-8039
-8218
-8363
-8464
-8563
-8659
-8766
-8899
-9014
-9117
-9184
-9241
-9333
-9413
-9472
-9499
-9499
-9523
-9541
-9554
-9567
-9581
-9575
-9579
-9544
-9491
-9430
-9361
-9294
-9226
-9170
-9147
-9107
-9058
-8993
-8926
-8857
-9281
-8709
-8615
-8514
-8439
-8390
-8321
-8270
-8216
-8180
-8189
-8182
-8174
-8193
-8271
-8294
-8226
-8140
-8079
-8067
-8041
-8037
-8069
-8077
-8050
-7993
-7928
-7867
-7863
-7844
-7764
-7663
-7546
-7470
-7415
-7268
-7155
-7086
-6997
-6926
-7319
-6663
-6499
-6840
-6239
-6096
-5970
-5907
-6350
-5836
-5758
-5672
-5594
-5569
-5573
-5586
-5548
-5483
-5399
-5380
-5426
-5462
-5506
-5541
-5537
-5533
-5542
-5533
-5544
-5625
-5693
-5750
-5842
-5926
-5991
-6062
-6136
-6245
-5869
-6459
-6558
-6689
-6821
-6966
-7060
-7163
-6855
-7521
-7609
-7739
-7894
-8004
-8151
-8285
-8405
-8546
-8609
-8676
-8792
-8932
-9071
-9195
-9312
-9394
-9508
-9602
-9665
-9771
-9852
-9924
-9972
-10014
-10037
-10069
-10073
-10060
-10039
-10025
-10029
-10002
-9959
-9901
-9823
-9709
-9586
-9548
-9571
-9548
-9459
-9363
-9247
-9199
-9144
-9063
-8974
-8865
-8775
-8695
-8617
-8581
-8535
-8460
-8384
-8785
-8157
-8050
-7997
-7968
-7955
-7949
-7928
-7907
-7911
-7947
-7918
-7859
-7867
-7871
-7857
-7855
-7882
-7934
-7997
-7999
-8018
-8031
-8081
-8138
-8216
-7825
-8392
-8460
-8504
-8550
-8630
-8750
-8884
-9018
-9130
-9195
-9262
-9382
-9504
-9609
-9728
-9838
-9928
-9981
-10006
-10084
-10163
-10235
-10271
-10344
-10457
-10514
-10573
-10607
-10642
-10672
-10676
-10693
-10655
-10623
-10634
-10628
-10590
-10497
-10426
-10426
-10407
-10365
-10279
-10193
-10163
-10138
-10048
-9949
-9876
-9842
-9794
-9745
-9670
-9510
-9359
-9262
-9170
-9073
-9010
-8941
-8855
-8766
-8712
-8646
-8565
-8481
-8382
-8313
-8247
-8151
-8069
-7953
-7829
-7695
-7573
-7476
-7394
-7289
-7149
-7035
-6901
-6800
-6701
-6596
-6491
-6434
-6833
-6230
-6155
-6081
-6002
-5957
-5890
-5840
-5781
-5716
-5674
-5628
-5602
-5569
-5563
-5571
-5583
-5539
-5506
-5500
-5500
-5518
-5537
-5531
-5504
-5485
-5500
-5521
-5510
-5489
-5502
-5508
-5491
-5518
-5556
-5583
-5598
-5594
-5609
-5613
-5605
-5665
-5714
-5716
-5730
-5768
-5791
-5812
-5810
-5815
-5842
-5890
-5941
-6014
-6083
-6163
-6249
-6331
-6365
-6422
-6493
-6548
-6592
-6689
-6792
-6903
-7014
-7090
-7155
-7283
-7396
-7502
-7590
-7651
-7707
-7777
-7840
-7894
-7976
-8046
-8084
-8079
-8109
-8182
-8294
-8344
-8342
-8367
-8443
-8520
-8579
-8628
-8670
-8720
-8728
-8735
-8764
-8829
-8911
-8926
-8970
-9046
-9056
-9046
-9046
-9048
-9113
-9172
-9224
-9224
-9210
-9191
-9186
-9216
-9207
-9144
-9096
-9056
-9016
-8970
-8939
-8899
-8834
-8808
-8760
-8756
-8779
-8783
-8823
-8850
-8869
-8897
-8896
-8941
-8987
-9041
-9104
-9140
-9153
-9195
-9258
-8798
-9313
-9369
-9411
-9407
-9373
-9367
-9325
-9361
-9394
-9399
-9388
-9396
-9432
-9487
-9554
-9607
-9665
-9714
-9808
-9920
-9983
-10033
-10044
-10098
-10167
-10226
-10283
-10348
-10405
-10464
-10523
-10623
-10693
-10770
-10863
-10943
-11023
-11140
-11218
-11258
-11252
-11268
-11319
-11323
-11333
-11334
-11333
-11323
-11281
-11230
-11212
-11220
-11241
-11264
-11291
-11281
-11266
-11230
-11170
-11123
-11126
-11138
-11128
-11132
-11155
-11155
-11165
-11184
-11226
-11222
-11210
-11205
-11193
-11245
-11268
-11222
-11193
-11174
-11224
-11264
-11726
-11189
-11186
-11189
-11195
-11258
-11338
-11376
-11367
-11376
-11438
-11514
-11569
-11605
-11661
-11674
-11709
-11775
-11815
-11854
-11903
-11945
-12006
-12102
-12186
-12243
-12275
-12273
-12277
-12327
-12376
-12394
-12415
-12438
-12466
-12487
-12495
-12516
-12563
-12594
-12667
-12758
-12815
-12842
-12880
-12911
-12922
-12930
-12980
-13117
-13245
-13333
-13405
-13464
-13535
-13676
-13781
-13876
-13978
-14067
-14128
-14210
-14289
-14365
-14407
-14439
-14521
-14600
-14688
-14730
-14750
-14789
-14850
-14897
-14920
-14918
-14938
-15031
-15123
-15188
-15216
-15237
-15292
-15331
-15367
-15420
-15472
-15499
-15548
-15596
-15592
-15611
-15644
-15640
-15638
-15651
-15672
-15718
-15760
-15773
-15728
-15707
-15707
-15724
-15758
-15766
-15762
-15768
-15800
-15823
-15852
-15867
-15897
-15901
-15888
-15894
-15930
-15999
-16018
-16004
-15951
-15890
-15899
-15974
-15997
-16020
-16041
-16081
-16113
-16111
-16159
-16256
-16340
-16413
-16426
-16447
-16533
-16655
-16722
-16798
-16867
-16934
-17018
-17084
-17159
-17258
-17342
-17510
-17709
-17823
-17943
-18042
-18130
-18283
-18470
-18092
-18707
-18806
-18920
-19098
-19254
-19334
-19409
-19466
-19573
-19705
-19792
-19897
-20018
-20142
-20214
-20245
-20298
-20367
-20500
-20625
-20688
-20749
-20815
-20875
-20951
-21056
-21159
-21212
-21230
-21256
-21283
-21329
-21390
-21417
-21428
-21386
-21363
-21371
-21411
-21422
-21407
-21420
-21388
-21376
-21371
-21380
-21346
-21287
-21245
-21237
-21268
-21308
-21315
-21313
-21279
-21268
-21281
-21294
-21323
-21338
-21390
-21451
-21481
-21504
-21464
-21438
-21399
-21382
-21342
-21275
-21239
-21218
-21207
-21167
-21088
-21485
-20892
-20823
-20730
-20636
-20541
-20430
-20273
-20123
-20518
-19993
-19951
-19926
-19886
-19819
-19779
-19735
-19680
-19586
-19535
-19500
-19447
-19386
-19354
-19331
-19304
-19321
-19344
-19350
-19386
-19447
-19487
-19508
-19560
-19647
-19739
-19821
-19936
-20069
-20230
-20338
-20459
-20657
-20833
-21079
-21338
-21552
-21775
-21516
-22245
-22535
-22804
-23037
-23304
-23592
-23857
-24172
-23980
-24724
-25060
-25354
-25615
-25443
-26222
-26441
-26737
-27063
-27291
-27565
-27373
-28111
-28388
-28710
-28980
-29197
-29396
-29552
-29743
-29974
-30167
-30357
-30506
-30632
-30770
-30899
-30993
-31105
-31239
-31344
-31422
-31481
-31521
-31562
-31583
-31598
-31632
-31640
-31600
-31504
-31405
-31756
-31184
-31109
-30993
-30857
-30703
-30535
-30390
-30756
-30092
-29884
-29762
-29613
-29401
-29235
-29039
-29308
-28668
-28459
-28250
-28109
-27941
-27810
-27676
-27502
-27300
-27008
-26655
-26411
-26176
-25980
-25827
-25697
-25478
-25331
-25189
-25002
-24848
-24684
-24512
-24336
-24161
-24037
-23951
-23764
-23558
-23939
-23287
-23132
-22985
-22785
-22659
-22609
-22541
-22424
-22313
-22174
-22062
-22468
-21917
-21875
-21840
-21760
-21707
-21686
-21594
-21527
-21459
-21403
-21384
-21333
-21231
-21178
-21170
-21170
-21180
-21170
-21168
-21134
-21044
-20983
-21021
-21075
-21222
-21298
-21161
-21302
-21481
-21533
-21668
-21764
-21943
-22256
-22521
-22766
-22535
-23287
-23499
-23762
-24035
-24371
-24604
-24863
-25163
-25436
-25663
-25417
-26235
-26470
-26695
-26922
-27149
-27438
-27674
-27810
-28016
-28207
-28474
-28653
-28773
-28855
-28901
-29008
-29115
-29201
-29241
-29283
-29380
-29462
-29453
-29386
-29348
-29268
-29126
-29018
-28855
-28752
-28678
-28550
-28436
-28813
-28140
-28065
-27926
-27819
-27720
-27605
-27499
-27392
-27214
-27092
-27054
-26951
-26926
-26880
-26773
-26640
-26617
-26609
-26525
-26491
-26491
-26481
-26491
-26544
-26668
-26758
-26409
-26974
-27041
-27155
-27258
-27485
-27376
-27888
-28731
-28917
-29126
-29428
-29743
-30050
-30333
-30596
-30842
-31132
-31481
-31680
-31896
-32027
-32168
-32302
-32470
-32556
-32653
-32791
-32924
-32905
-32964
-33037
-33146
-33243
-33300
-33256
-33201
-33161
-33027
-32836
-32638
-32363
-32052
-31668
-31371
-31027
-30628
-30155
-29638
-29098
-28397
-28214
-27153
-26451
-25697
-24978
-24210
-23497
-22827
-22218
-21907
-20775
-20170
-19638
-19147
-18758
-18367
-18500
-17626
-17338
-17191
-17586
-17020
-17037
-17195
-17346
-17556
-17943
-18279
-18138
-19020
-19470
-20029
-20500
-20628
-21705
-22254
-22930
-23665
-24323
-24459
-25611
-26249
-26829
-26932
-27840
-28260
-28678
-29115
-29520
-29783
-30041
-30252
-30453
-30575
-30634
-30672
-30649
-30619
-30506
-30357
-30275
-30132
-29953
-29667
-29436
-29174
-29054
-28978
-28588
-28000
-27756
-27460
-27142
-26720
-26812
-26260
-25218
-24672
-24325
-23985
-23529
-23195
-23397
-22588
-22352
-22239
-22102
-21859
-21636
-21636
-21670
-21577
-21481
-21480
-21436
-21371
-21371
-21331
-21340
-21413
-21565
-21737
-21869
-22008
-22159
-22338
-22579
-22800
-22518
-23220
-23430
-23642
-23838
-24023
-24199
-24373
-24552
-24686
-24792
-24798
-24871
-24993
-25000
-25067
-25069
-25069
-25041
-24972
-24890
-24836
-24762
-24571
-24449
-24371
-24306
-24268
-24237
-24191
-24189
-24161
-24117
-24094
-24092
-24027
-23865
-23842
-23823
-23689
-23529
-23424
-23310
-23182
-23146
-23098
-23014
-22890
-22770
-22655
-22584
-22441
-22354
-22209
-22104
-22457
-21844
-21836
-21842
-21812
-21836
-21917
-21924
-22039
-22184
-22210
-22264
-22367
-22523
-22674
-22854
-22983
-23090
-23199
-23376
-23544
-23640
-23777
-23871
-23960
-24094
-24146
-24228
-24315
-24359
-24352
-24417
-24558
-24592
-24588
-24636
-24695
-24688
-24754
-24806
-24745
-24758
-24817
-24892
-24890
-24794
-24821
-24794
-24731
-24588
-24438
-24334
-24237
-24094
-23882
-23640
-23920
-23239
-23441
-22813
-22571
-22422
-22260
-22033
-21831
-21659
-21415
-21270
-21086
-20806
-20521
-20407
-20250
-20083
-19934
-19730
-20018
-19449
-19405
-19312
-19262
-19210
-19279
-19327
-19315
-19292
-19388
-19428
-19518
-19615
-19638
-19657
-19697
-19783
-19861
-19880
-19959
-19993
-19978
-19987
-20041
-20102
-20086
-20107
-20125
-20077
-20073
-20039
-19999
-19970
-19941
-19794
-19735
-19668
-19607
-19575
-19457
-19321
-19199
-19138
-19056
-18907
-18819
-18720
-18674
-19042
-18417
-18264
-18544
-17995
-17945
-17829
-17747
-17646
-17550
-17481
-17476
-17436
-17441
-17396
-17354
-17329
-17346
-17285
-17300
-17336
-17384
-17447
-17497
-17521
-17569
-17647
-17745
-17737
-17806
-17945
-18031
-18039
-18107
-18254
-18275
-18212
-18214
-18266
-18302
-18291
-18304
-18331
-18279
-18212
-18195
-18209
-18144
-18081
-17983
-17924
-17869
-17724
-17674
-17621
-17481
-17325
-17237
-17165
-16997
-16808
-16621
-16367
-16189
-16029
-15836
-15478
-15205
-14875
-15096
-14394
-14132
-13855
-13598
-13266
-12915
-12571
-12296
-12044
-11859
-11644
-11453
-11691
-11048
-10890
-11218
-10626
-10535
-10417
-10375
-10313
-10262
-10245
-10264
-10296
-10413
-10451
-10438
-10481
-10592
-10718
-10766
-10882
-11010
-11168
-11230
-11296
-11445
-11600
-11584
-11647
-11707
-11777
-11754
-11768
-11825
-11781
-11764
-11760
-11791
-11854
-11848
-11821
-11779
-11672
-11674
-11680
-11657
-11600
-11525
-11415
-11241
-11117
-10978
-11226
-10529
-10346
-10083
-9894
-9693
-9462
-9241
-9054
-8911
-8764
-8563
-8422
-8289
-8174
-8098
-8073
