-19233
-19147
-19083
-19039
-19046
-19100
-19241
-19260
-19264
-19401
-19577
-19730
-19957
-20420
-20705
-20907
-21081
-21281
-21460
-21636
-21724
-21852
-22065
-22254
-22367
-22529
-22777
-23023
-23291
-23588
-23810
-24142
-24422
-24621
-24438
-25191
-25323
-25533
-25680
-25737
-25792
-25855
-25978
-25951
-25936
-26000
-25987
-25865
-25705
-25594
-25443
-25184
-24955
-24697
-24901
-24144
-23836
-23573
-23336
-23039
-22840
-22686
-22583
-22420
-22315
-22258
-22191
-22113
-22083
-22035
-22006
-22012
-22039
-22157
-22165
-22176
-22270
-22336
-22434
-22481
-22571
-22621
-22668
-22762
-22836
-22483
-23016
-23151
-23214
-23401
-23605
-23712
-23808
-23987
-24168
-24306
-24497
-24710
-24821
-24981
-25121
-25182
-25247
-25323
-25376
-25480
-25586
-25630
-25672
-25686
-25743
-25804
-25865
-25920
-25947
-25980
-26035
-26050
-26081
-26128
-26132
-26100
-26067
-26090
-26107
-26079
-26046
-26016
-25962
-25909
-25831
-25773
-25712
-25626
-25548
-25455
-25310
-25201
-25117
-25065
-24972
-24871
-24737
-24621
-24504
-24376
-24250
-24170
-24020
-23873
-23783
-23649
-23497
-23401
-23312
-23233
-23126
-22997
-22852
-22707
-22539
-22411
-22279
-22178
-22098
-22018
-21867
-21726
-21596
-21460
-21329
-21210
-21100
-21037
-20947
-20815
-20693
-20562
-20447
-20367
-20262
-20186
-20102
-19995
-19871
-19743
-19625
-19520
-19474
-19432
-19367
-19308
-19249
-19180
-19113
-18997
-18886
-18806
-18743
-18703
-18667
-18611
-18497
-18418
-18432
-18455
-18420
-18310
-18235
-18174
-18111
-18073
-18067
-18035
-17997
-17972
-17953
-17932
-17924
-17905
-17812
-17743
-17672
-17682
-17710
-17705
-17703
-17686
-17714
-17716
-17712
-17693
-17712
-17737
-17762
-17745
-17712
-17699
-17665
-17625
-17594
-17558
-17529
-17520
-17481
-17439
-17426
-17396
-17415
-17420
-17369
-17333
-17308
-17268
-17174
-17115
-17113
-17130
-17140
-17136
-17147
-17176
-17228
-17258
-17270
-17264
-17249
-17294
-17352
-17371
-17355
-17329
-17348
-17390
-17426
-17418
-17413
-17388
-17367
-17323
-17287
-17281
-17275
-17245
-17182
-17178
-17197
-17220
-17262
-17319
-17394
-17434
-17462
-17483
-17499
-17544
-17607
-17667
-17710
-17737
-17792
-17838
-17926
-18016
-18092
-18163
-18189
-18228
-18296
-18417
-18495
-18552
-18590
-18649
-18672
-18745
-18812
-18855
-18947
-19020
-19044
-19058
-19056
-19029
-19004
-18978
-18962
-18953
-18915
-18863
-18781
-18697
-18630
-18535
-18411
-18292
-18165
-18544
-17926
-17781
-17642
-17523
-17333
-17117
-16920
-16701
-16508
-16352
-16130
-15945
-15798
-15581
-15346
-15180
-14989
-14842
-14714
-14590
-14434
-14302
-14182
-14138
-14111
-14052
-14058
-14056
-14079
-13705
-14312
-14470
-14170
-14825
-15033
-15256
-15460
-15707
-16004
-16285
-16607
-16890
-16625
-17375
-17613
-17945
-18256
-18481
-18731
-18993
-19220
-19462
-19752
-20000
-20298
-20626
-20888
-21182
-21451
-21647
-21855
-22065
-22346
-22657
-22884
-23159
-23386
-23686
-23913
-24199
-24525
-24743
-24993
-25220
-25403
-25628
-25823
-25928
-26041
-26167
-26348
-26542
-26659
-26779
-26388
-26959
-27069
-27197
-27310
-27399
-27464
-27470
-27510
-27541
-27546
-27577
-27581
-27592
-27596
-27577
-27506
-27445
-27438
-27424
-27342
-27285
-27254
-27155
-27023
-26938
-27354
-26787
-26710
-26569
-26407
-26281
-26119
-26029
-25918
-25812
-25688
-25520
-25287
-25125
-24960
-24791
-24649
-24523
-24399
-24250
-24041
-23842
-23724
-23605
-23499
-23390
-23218
-23042
-22943
-22842
-22701
-22590
-22512
-22420
-22359
-22294
-22216
-22140
-22092
-22056
-22058
-22056
-22048
-22008
-21957
-21951
-21941
-21949
-21962
-21995
-22010
-22056
-22081
-22094
-22100
-22134
-22197
-22270
-22292
-22323
-22376
-22403
-22472
-22581
-22667
-22718
-22749
-22796
-22852
-22846
-22852
-22945
-23033
-23071
-23096
-23098
-23096
-23117
-23165
-23197
-23155
-23138
-23128
-23123
-23107
-23037
-22947
-22869
-22810
-22777
-22770
-22730
-22600
-22959
-22394
-22277
-22184
-22109
-22014
-21863
-21730
-21615
-21516
-21420
-21325
-21214
-21102
-20974
-20823
-20739
-20678
-20590
-20476
-20306
-20151
-20054
-19930
-19850
-19813
-19739
-19615
-19502
-19401
-19346
-19300
-19226
-19121
-19086
-19083
-19542
-19000
-18941
-18947
-18955
-18962
-18970
-18960
-18951
-18959
-19042
-19134
-19159
-19178
-19191
-19230
-19308
-19396
-19489
-19573
-19676
-19777
-19918
-20077
-20210
-20319
-20439
-20531
-20682
-20871
-20987
-21180
-21355
-21466
-21592
-21710
-21794
-21932
-22134
-22285
-22399
-22497
-22594
-22716
-22871
-22989
-23088
-23168
-23230
-23329
-23418
-23474
-23533
-23565
-23584
-23577
-23537
-23537
-23562
-23508
-23411
-23319
-23264
-23218
-23111
-23443
-22834
-22747
-22651
-22560
-22382
-22201
-22031
-21875
-21688
-21521
-21285
-21104
-20980
-20859
-20699
-21000
-20258
-20480
-19813
-19665
-19567
-19447
-19262
-19542
-18928
-18812
-18686
-18617
-18508
-18411
-18375
-18363
-18281
-18195
-18094
-18044
-17991
-17970
-17970
-17960
-17945
-17941
-17928
-17932
-17865
-17773
-17712
-18054
-16817
-16525
-17088
-17796
-18504
-18745
-18682
-18480
-18449
-18680
-19014
-19241
-19392
-19422
-19430
-19470
-19504
-19584
-19701
-19848
-20002
-20134
-20279
-20415
-20563
-20712
-20848
-20533
-21170
-21268
-21375
-21390
-21375
-21413
-21453
-21012
-21537
-21605
-21699
-21800
-21846
-21876
-21924
-21947
-21945
-21970
-22086
-22155
-22176
-22201
-22235
-22279
-22342
-22407
-22466
-22502
-22565
-22621
-22722
-22844
-22890
-22871
-22892
-22926
-23016
-23109
-23155
-23138
-23102
-23168
-23239
-23300
-23285
-23289
-23315
-23292
-23306
-23375
-23390
-23415
-23451
-23476
-23510
-23563
-23575
-23567
-23542
-23516
-23516
-23516
-23939
-23418
-23403
-23363
-23312
-23247
-23191
-23125
-23021
-22907
-22758
-22665
-22546
-22336
-22144
-21995
-21831
-21655
-21976
-21302
-21119
-20943
-20730
-20525
-20346
-20201
-20497
-19817
-19628
-19405
-19130
-18938
-18758
-18594
-18382
-18216
-18092
-17896
-17691
-17514
-17306
-17155
-17044
-16918
-16770
-16653
-16466
-16302
-16182
-16065
-15989
-15896
-15792
-15710
-15647
-15573
-15502
-15478
-15445
-15359
-15275
-15254
-15273
-15287
-15296
-15313
-15310
-15323
-15367
-15415
-15411
-15426
-15493
-15594
-15657
-15701
-15791
-15911
-15980
-16086
-16214
-16317
-16415
-16483
-16605
-16749
-16840
-16932
-17031
-17142
-17275
-17441
-17535
-17628
-17766
-17873
-18035
-18161
-18224
-18367
-18491
-18096
-18754
-18947
-19027
-19109
-19180
-19237
-19308
-19403
-19485
-19590
-19653
-19684
-19724
-19760
-19813
-19926
-19980
-19987
-20012
-20008
-20020
-20008
-20006
-19544
-20037
-20006
-19980
-19922
-19905
-19909
-19867
-19819
-19754
-19646
-19510
-19430
-19313
-19222
-19142
-19010
-18859
-18747
-18609
-18468
-18359
-18231
-18084
-17951
-17771
-17611
-17485
-17317
-17163
-17042
-16932
-16766
-17096
-16439
-16256
-16084
-15915
-15752
-16123
-15521
-15378
-15250
-15073
-14911
-14813
-14712
-14565
-14470
-14308
-14130
-14010
-13878
-13749
-14168
-13594
-13438
-13296
-13167
-13056
-12976
-12888
-12775
-12628
-12535
-12514
-12476
-12422
-12361
-12313
-12287
-12247
-12209
-12230
-12270
-12313
-12304
-12304
-12310
-12312
-12321
-12334
-12386
-12439
-12457
-12500
-12525
-12598
-12699
-12766
-12806
-12783
-12781
-12785
-12890
-12955
-13016
-13077
-13121
-13168
-13210
-13268
-13386
-13487
-13550
-13617
-13651
-13699
-13813
-13943
-14033
-14113
-14207
-14266
-14331
-14447
-14546
-14697
-14815
-14903
-14999
-15098
-15228
-15348
-15418
-15495
-15617
-15699
-15806
-15943
-16029
-15642
-16239
-16315
-16403
-16491
-16542
-16598
-16663
-16728
-16806
-16848
-16823
-16821
-16899
-16957
-17033
-17060
-17075
-17065
-17079
-17094
-17142
-17186
-17197
-17191
-17178
-17193
-17176
-17111
-17090
-17063
-17002
-16945
-16842
-16747
-16682
-16621
-16518
-16422
-16291
-16159
-16031
-15913
-15764
-16117
-15457
-15333
-15245
-15105
-14930
-14695
-14508
-14333
-14029
-13739
-13539
-13392
-13130
-12897
-12750
-12556
-12355
-12125
-11966
-11878
-11785
-11628
-11581
-11546
-11502
-11426
-11338
-11348
-11312
-11359
-11447
-11487
-11502
-11556
-11697
-11756
-11787
-11962
-12109
-12214
-12260
-12352
-12443
-12556
-12577
-12621
-12632
-12628
-12220
-12796
-12812
-12756
-12844
-12911
-12934
-12980
-13069
-13111
-13178
-13260
-13376
-13449
-13478
-13514
-13617
-13712
-13821
-13791
-13798
-13789
-13773
-13760
-13735
-13663
-13581
-13514
-13264
-13042
-12907
-12770
-12521
-12682
-11949
-11661
-11401
-11147
-10911
-10657
-10336
-9945
-9670
-9378
-9111
-8842
-8491
-8212
-7938
-7747
-7563
-7355
-7157
-7050
-6945
-7313
-6768
-6728
-6789
-6909
-7109
-7252
-7375
-7567
-7773
-8039
-8264
-8510
-8794
-9128
-9430
-9735
-10069
-10315
-10542
-10878
-11065
-11296
-11500
-11712
-11884
-11993
-12125
-12176
-12161
-12115
-12088
-12073
-12035
-11918
-11798
-11674
-11430
-11287
-11107
-10903
-10668
-10489
-10726
-10035
-10243
-9491
-9300
-9016
-8750
-8523
-8775
-8165
-7873
-7626
-7443
-7191
-6999
-6770
-6565
-6384
-6132
-6014
-5869
-5785
-5621
-5487
-5417
-5310
-5264
-5226
-5081
-5147
-5149
-5191
-5237
-5294
-5355
-5375
-5396
-5472
-5535
-5615
-5699
-5796
-5890
-6006
-6161
-6271
-6436
-6640
-6819
-7060
-7281
-7424
-7541
-7750
-7959
-8189
-8411
-8609
-8871
-9029
-9201
-9409
-9646
-9859
-10016
-10142
-10310
-10476
-10539
-10680
-10804
-10848
-10920
-10972
-11084
-11086
-11090
-11100
-11062
-11035
-10943
-10863
-10779
-10688
-10588
-10466
-10291
-10105
-9920
-10243
-9546
-9420
-9754
-9058
-8888
-8688
-8481
-8386
-8220
-8136
-7987
-7854
-7789
-7661
-7625
-7544
-7485
-7434
-7382
-7424
-7346
-7279
-7323
-7355
-7397
-7430
-7510
-7548
-7686
-7850
-7890
-7976
-8111
-8270
-8489
-8619
-8731
-8800
-8787
-9352
-9527
-9346
-9584
-9932
-10115
-10209
-10342
-10434
-10499
-10523
-10667
-10787
-10930
-10968
-10964
-11058
-11153
-10752
-11338
-11453
-11521
-11623
-11737
-11764
-11806
-11909
-11993
-12090
-12191
-12241
-12298
-12378
-12413
-12495
-12571
-12768
-12911
-13000
-13077
-13186
-13352
-13491
-13617
-13796
-13838
-13978
-14115
-14151
-14224
-14334
-14384
-14481
-14546
-14571
-14609
-14724
-14752
-14773
-14819
-14909
-14970
-14978
-14970
-15052
-15100
-15132
-15151
-15161
-15111
-15163
-15193
-15279
-15249
-15205
-15233
-15222
-15153
-15128
-15111
-15126
-15115
-15039
-15088
-15140
-15056
-15023
-15113
-15105
-15075
-15077
-15121
-15100
-15117
-15126
-15090
-15105
-15144
-15140
-15189
-15214
-15294
-15352
-15434
-15552
-15623
-15718
-15873
-16044
-16180
-16222
-16281
-16384
-16518
-16634
-16728
-16823
-16869
-16938
-17077
-17117
-17184
-17317
-17436
-17575
-17745
-17863
-18018
-18195
-18325
-18363
-18424
-18596
-18775
-18825
-18848
-18980
-19081
-19140
-19249
-19334
-19434
-19478
-19056
-19659
-19743
-19808
-19901
-20002
-20119
-20107
-20170
-20302
-20306
-20264
-20233
-20205
-20153
-20035
-19949
-19817
-19646
-19562
-19497
-19415
-19397
-19432
-19438
-19340
-19209
-18962
-18758
-19033
-18268
-18014
-17800
-18058
-17292
-16983
-16794
-16649
-16420
-16333
-16249
-16172
-16188
-16002
-15829
-16121
-15413
-15186
-14926
-15128
-14476
-14340
-14279
-14207
-14086
-14025
-13867
-13695
-13718
-13938
-14069
-14107
-14241
-14327
-14476
-14176
-14817
-14970
-15176
-15407
-15178
-15812
-15980
-15661
-16271
-16397
-16518
-16667
-16792
-16924
-17041
-17178
-17430
-17644
-17798
-18050
-18291
-18531
-18804
-18569
-19348
-19098
-19781
-19922
-20111
-20250
-20354
-20411
-20520
-20562
-20609
-20699
-20791
-20777
-20804
-20890
-20922
-20888
-20873
-20924
-20976
-21014
-20915
-20875
-20917
-20932
-20850
-20766
-20575
-20338
-20077
-19781
-20029
-19258
-19004
-18802
-18506
-18289
-18132
-17993
-17957
-17869
-17802
-17787
-17787
-17838
-17899
-17873
-17972
-18109
-18271
