-32621
-32523
-32367
-32250
-32115
-31978
-31838
-31588
-31424
-31317
-31128
-30949
-31249
-30632
-30445
-30214
-29999
-29823
-29563
-29340
-29165
-28920
-28726
-28594
-28417
-28228
-28042
-27890
-27750
-27613
-27502
-27491
-27596
-27623
-27672
-27749
-27831
-27920
-28023
-28119
-28062
-28050
-28107
-28086
-28107
-28115
-28083
-28069
-28056
-27968
-27959
-27915
-27802
-27720
-27590
-27434
-27842
-27239
-27155
-27044
-27016
-26955
-26804
-26703
-26634
-26459
-26231
-26050
-25817
-25575
-25357
-25189
-24943
-24737
-24590
-24897
-24107
-23819
-23581
-23289
-23073
-22936
-22737
-22548
-22392
-22315
-22283
-22218
-22134
-22048
-22075
-22084
-22073
-22113
-22146
-22241
-22313
-22357
-22445
-22623
-22770
-22909
-22943
-23073
-23308
-23539
-23817
-24073
-24212
-23983
-24705
-24817
-24457
-25071
-25132
-25189
-25220
-25306
-25390
-25371
-25382
-25405
-25430
-25459
-25468
-25466
-25457
-25441
-25468
-25487
-25474
-25518
-25531
-25520
-25499
-25453
-25426
-25399
-25382
-25365
-25338
-25289
-25271
-25247
-25205
-25165
-25123
-25113
-25088
-25069
-25044
-25035
-25014
-25004
-25010
-25048
-25075
-25067
-25031
-25000
-24970
-24960
-24955
-24930
-24848
-24789
-24764
-24720
-24718
-24752
-24756
-24747
-24676
-24628
-24579
-24592
-24611
-24642
-24644
-24632
-24621
-24604
-24581
-24586
-24611
-24634
-24579
-24520
-24512
-24502
-24436
-24373
-24310
-24283
-24235
-24184
-24092
-24025
-23972
-23918
-23869
-23827
-23781
-23718
-23611
-23531
-23464
-23422
-23334
-23239
-23125
-23046
-23014
-22920
-22812
-22756
-22667
-22592
-22502
-22409
-22312
-22222
-22073
-22466
-21920
-21867
-21747
-21668
-21600
-21554
-21474
-21409
-21331
-21247
-21157
-21094
-21060
-21497
-20960
-20863
-20802
-20773
-20787
-20785
-20777
-20766
-20724
-20705
-20739
-20762
-20783
-20781
-20731
-20668
-20537
-20396
-20329
-20291
-20201
-20107
-20506
-19930
-19890
-19861
-19829
-19785
-19718
-19655
-19651
-19626
-19613
-19550
-19466
-19361
-19296
-19264
-19199
-19149
-19147
-19111
-19029
-18909
-18825
-18779
-18728
-18689
-18672
-18686
-18663
-18594
-18464
-18287
-18161
-18563
-18021
-17955
-17844
-17731
-17609
-17527
-17434
-17371
-17298
-17230
-17149
-17073
-16989
-16894
-16802
-16644
-16518
-16397
-16241
-16144
-16039
-15896
-15760
-16123
-15504
-15397
-15298
-15178
-15069
-14951
-14804
-14693
-14579
-14480
-14411
-14271
-14081
-13964
-13827
-14163
-13581
-13506
-13409
-13327
-13256
-13201
-13163
-13128
-13094
-13044
-12991
-12926
-12878
-12859
-12777
-12649
-12544
-12474
-12424
-12373
-12344
-12294
-12230
-12161
-12123
-12117
-12126
-12084
-12010
-11953
-11924
-11846
-11806
-11770
-12209
-11701
-11693
-11695
-11682
-11665
-11628
-11607
-11626
-11672
-11703
-11726
-11747
-11760
-11791
-11821
-11871
-11901
-11878
-11882
-11932
-11966
-11974
-12012
-12012
-12029
-12027
-12014
-11993
-12023
-12075
-12136
-12189
-12176
-12153
-12184
-12243
-12327
-12384
-12428
-12500
-12544
-12518
-12527
-12531
-12537
-12539
-12562
-12586
-12611
-12598
-12579
-12544
-12544
-12558
-12552
-12533
-12514
-12504
-12506
-12495
-12483
-12480
-12497
-12523
-12518
-12514
-12523
-12523
-12514
-12480
-12455
-12411
-12384
-12344
-12313
-12329
-12346
-12346
-12306
-12689
-12125
-12125
-12134
-12107
-12039
-12002
-11970
-11920
-11846
-11752
-11661
-11586
-11514
-11396
-11294
-11140
-11025
-10926
-10800
-10674
-10552
-10443
-10331
-10220
-10096
-9989
-9827
-9693
-9567
-9417
-9766
-9113
-8938
-8827
-8716
-8514
-8371
-8262
-8140
-7993
-7865
-7720
-7594
-7474
-7359
-7270
-7189
-7086
-7006
-6970
-6915
-6848
-6800
-6741
-6663
-6573
-6504
-6487
-6487
-6483
-6480
-6485
-6480
-6514
-6569
-6634
-6663
-6684
-6701
-6716
-6770
-6861
-6951
-7035
-7123
-7199
-6842
-7445
-7535
-7659
-7336
-7970
-8125
-7829
-8483
-8705
-8896
-9054
-9250
-9409
-9550
-9747
-9917
-10044
-10172
-10325
-10403
-10502
-10584
-10674
-10262
-10777
-10834
-10789
-10709
-10655
-10632
-10598
-10520
-10363
-10212
-10035
-9886
-10243
-9567
-9363
-9163
-8966
-8749
-8552
-8432
-8209
-7983
-8291
-7577
-7365
-7220
-7014
-6850
-6682
-6565
-6474
-6359
-6260
-6182
-6098
-6048
-6023
-5981
-5945
-5932
-5951
-5968
-6021
-6188
-6428
-6502
-6441
-6371
-6359
-6436
-6558
-6697
-6371
-6966
-7100
-7222
-7323
-7483
-7626
-7731
-7846
-7913
-7966
-8035
-8062
-8060
-8033
-7928
-7840
-7775
-7703
-7586
-7451
-7802
-7210
-7054
-6886
-6756
-6598
-6422
-6201
-5985
-5813
-5613
-5386
-5201
-4951
-4735
-4552
-4264
-3970
-3737
-3438
-3147
-3390
-2619
-2334
-2128
-1848
-1573
-1388
-1168
-939
-758
-529
-342
-178
-35
61
139
230
324
402
469
522
561
599
641
629
589
574
572
551
517
507
442
379
351
335
316
250
202
158
131
59
-39
-142
-172
-210
-273
-323
-359
-441
-508
-584
-621
-655
-739
-806
-833
-880
-892
-880
-846
-777
-739
-712
-668
-647
-615
-535
-459
-380
-317
-287
-193
-88
-48
20
110
213
307
381
467
538
641
750
858
938
1017
1108
1188
1307
1423
1511
1614
1713
1832
1950
2070
2196
2311
2389
2473
2576
2677
2835
2984
3078
3145
3196
3263
3375
3459
3501
3578
3629
3683
3740
3713
3683
3667
3660
3643
3570
3500
3435
3358
3280
3213
3125
3028
2839
2666
2513
2328
2152
2003
1801
1555
1339
1074
858
610
322
64
-170
-382
-611
-884
-1157
-1382
-1659
-1955
-2163
-2432
-2709
-2926
-3165
-2936
-3642
-3873
-4088
-4287
-4506
-4712
-4928
-5107
-5270
-5483
-5689
-5384
-6069
-6210
-6292
-6403
-6510
-6592
-6682
-6819
-6939
-7067
-7130
-7188
-7262
-7313
-7361
-7438
-7470
-7499
-7491
-7453
-7451
-7445
-7434
-7428
-7384
-7325
-7264
-7188
-7149
-7109
-7012
-6917
-7321
-6737
-6659
-6581
-6483
-6390
-6306
-6270
-6250
-6233
-6035
-5728
-5827
-5090
-4976
-4911
-4857
-4701
-4502
-4306
-4159
-4088
-4067
-3991
-3838
-3667
-3506
-3903
-3359
-3268
-3136
-3016
-2880
-2771
-2676
-2563
-2470
-2357
-2214
-2094
-1997
-1899
-1815
-1730
-1670
-1668
-1653
-1663
-1636
-1600
-1558
-1542
-1548
-1565
-1569
-1567
-1579
-1653
-1737
-1848
-1924
-1972
-2008
-2073
-2172
-2249
-2325
-1962
-2584
-2682
-2812
-2462
-3054
-3184
-3302
-2936
-3548
-3596
-3632
-3731
-3815
-3840
-3897
-3970
-4073
-4250
-4483
-4682
-4852
-4957
-5119
-4888
-5594
-5825
-6060
-6230
-6434
-6630
-6804
-6989
-7130
-7271
-7439
-7596
-7720
-7869
-7995
-8096
-8184
-8283
-8359
-8411
-8447
-8546
-8659
-8724
-8762
-8834
-8903
-8976
-8993
-9021
-9058
-9083
-9084
-9083
-9102
-9117
-9111
-9063
-9023
-8980
-8957
-8960
-8951
-8920
-8884
-8813
-8779
-8756
-8714
-8693
-8701
-8726
-8749
-8714
-8647
-8646
-8686
-8733
-8806
-8875
-8911
-8953
-8989
-9018
-9084
-9180
-9241
-9264
-9289
-9321
-9384
-9466
-9531
-9558
-9611
-9678
-9682
-9747
-9842
-9884
-9909
-9930
-9947
-10012
-10081
-10161
-10197
-10201
-10260
-10292
-10268
-10258
-10260
-10289
-10294
-10312
-10300
-10266
-10250
-10285
-10371
-10445
-10510
-10554
-10600
-10655
-10737
-10855
-10951
-11063
-11159
-11252
-11319
-11422
-11531
-11626
-11752
-11886
-12054
-12170
-12264
-12367
-12449
-12571
-12226
-12829
-12989
-13117
-12718
-13329
-13491
-13630
-13768
-13957
-14113
-14296
-14468
-14579
-14705
-14840
-14978
-15128
-15292
-15443
-15575
-15682
-15791
-15960
-16065
-16117
-16161
-16233
-16306
-16439
-16548
-16638
-16718
-16773
-16875
-16978
-17046
-17113
-17138
-17153
-17218
-17338
-17417
-17495
-17504
-17529
-17552
-17571
-17602
-17605
-17602
-17607
-17693
-17810
-17836
-17882
-17926
-17960
-18031
-18010
-17991
-17938
-17957
-17962
-17932
-18014
-18062
-18035
-18044
-18144
-18157
-18147
-18144
-18102
-18168
-18302
-18340
-18384
-18487
-18655
-18802
-18907
-18970
-19042
-19163
-19235
-19315
-19451
-19523
-19667
-19831
-19934
-20016
-20142
-20279
-20350
-20367
-20405
-20455
-20504
-20508
-20537
-20621
-20737
-20794
-20804
-20876
-20876
-20873
-20949
-20932
-20966
-20983
-20959
-20911
-20939
-20836
-20758
-20699
-20691
-20634
-20521
-20527
-20546
-21006
-20489
-20499
-20499
-20537
-20598
-20604
-20586
-20581
-20651
-20623
-20657
-20716
-20783
-20855
-20521
-21092
-21146
-21271
-21373
-21014
-21636
-21714
-21812
-21972
-22102
-22312
-22466
-22636
-22798
-22476
-23123
-23275
-23428
-23588
-23899
-24226
-24487
-24815
-25088
-25380
-25682
-25890
-26144
-26352
-26548
-26766
-26938
-27125
-27277
-27390
-27575
-27689
-27817
-27924
-28004
-28071
-28165
-28277
-28291
-28390
-28712
-29039
-28852
-28226
-28329
-27701
-27798
-26932
-26703
-26455
-26338
-26300
-26212
-26161
-26073
-26069
-25962
-25928
-25964
-25980
-25997
-26008
-26062
-26191
-26250
-26325
-26457
-26542
-26726
-26930
-27146
-27281
-27413
-27562
-27731
-27382
-27959
-28136
-28239
-28451
-28735
-28978
-29210
-29462
-29773
-29985
-30205
-30489
-30777
-30974
-31170
-31390
-31667
-31854
-31962
-32224
-32411
-32644
-32873
-33138
-33390
-33689
-33985
-34321
-34567
-34756
-35000
-35109
-35256
-35537
-35655
-35812
-36054
-36214
-36271
-36271
-36350
-36354
-36209
-36630
-36104
-36033
-35901
-35800
-35716
-35613
-35426
-35258
-34980
-35163
-34539
-34296
-33993
-33821
-33672
-33562
-33342
-33115
-32909
-32670
-32447
-32306
-32126
-32031
-32000
-31959
-31888
-31894
-31865
-31695
-31619
-31527
-31344
-31247
-31231
-31218
-31188
-31126
-31098
-31052
-31033
-30959
-30857
-30781
-30703
-30691
-30657
-30630
-30672
-30663
-30626
-30533
-30346
-30195
-30008
-29930
-29846
-29695
-29707
-29686
-29541
-29375
-29220
-29018
-28752
-28590
-28464
-28819
-28230
-28098
-27901
-27731
-27510
-27287
-27117
-26913
-26728
-26441
-26186
-26367
-25638
-25451
-25243
-24959
-24703
-24903
-24178
-24424
-23693
-23504
-23306
-23075
-22815
-22600
-22504
-22361
-22226
-22136
-22067
-21943
-21823
-21724
-21630
-21563
-21462
-21375
-21315
-21218
-21168
-21130
-21489
-20989
-20993
-20901
-20890
-20928
-20855
-20852
-20842
-20836
-20827
-20865
-20936
-20997
-21044
-21098
-21172
-21254
-21315
-21371
-21399
-21478
-21560
-21674
-21688
-21644
-21722
-21798
-21779
-21764
-21703
-21663
-21556
-21985
-21455
-21439
-21333
-21170
-21100
-21104
-21014
-20941
-20901
-20955
-21046
-21014
-20997
-21094
-21107
-21102
-21094
-21041
-20981
-20943
-20911
-20875
-20825
-20829
-20768
-20623
-20470
-20348
-20266
-20081
-19907
-19749
-19991
-19207
-18917
-18625
-18310
-17911
-17428
-16939
-16470
-16569
-15483
-14842
-14266
-14147
-13105
-12451
-11850
-11029
-10661
-9798
-9747
-9439
-8964
-8647
-8327
-8222
-8241
-8096
-8056
-8264
-8499
-8718
-9025
-9491
-9966
-10562
-11176
-11899
-12655
-13401
-14140
-14863
-15621
-16512
-17386
-17659
-18594
-19909
-20869
-21749
-22466
-23161
-23792
-24046
-25170
-25831
-25945
-26939
-27474
-27438
-28235
-28562
-28758
-28936
-29014
-28999
-28955
-28890
-28634
-28369
-28031
-27655
-27838
-26947
-26583
-26230
-26376
-25520
-25167
-24789
-24888
-24042
-23678
-23363
-23081
-22802
-22504
-22123
-21771
-21499
-21191
-20894
-20621
-20415
-20113
-19899
-19731
-20004
-19346
-19296
-19239
-19125
-19071
-19094
-19109
-19172
-19266
-19376
-19483
-19615
-19888
-20189
-20459
-20695
-20951
-21317
-21701
-21520
-22321
-22638
-23052
-22964
-23731
-24098
-24376
-24693
-25020
-25233
-25468
-25709
-25951
-26046
-26170
-26285
-26317
-26287
-26334
-26342
-26243
-26168
-26012
