-13957
-13684
-13470
-13279
-13008
-12789
-12604
-12434
-12250
-12002
-11812
-11571
-11361
-11161
-11008
-10913
-10897
-10817
-10722
-10705
-10644
-10626
-10644
-10680
-10705
-10827
-10970
-11065
-11163
-11235
-11436
-11583
-11609
-11743
-11804
-11882
-11972
-12086
-12176
-12273
-12281
-12317
-12420
-12523
-12619
-12735
-12854
-12976
-13018
-13176
-13319
-13415
-13537
-13609
-13730
-13836
-13939
-14063
-14182
-14222
-14262
-14348
-14428
-14476
-14529
-14584
-14584
-14567
-14575
-14510
-14487
-14478
-14407
-14331
-14300
-14264
-14268
-14266
-14224
-14132
-14041
-14033
-14000
-13953
-13871
-13800
-13834
-13855
-13825
-13794
-13730
-13695
-13695
-13695
-13691
-14168
-13630
-13680
-13703
-13752
-13802
-13850
-13886
-13871
-13852
-13873
-13926
-13966
-13999
-14054
-14065
-14067
-14105
-14159
-14212
-14264
-14300
-14333
-14302
-14214
-14146
-14159
-14188
-14201
-14140
-14083
-14012
-13934
-13842
-13758
-13657
-13563
-13497
-13359
-13678
-13018
-12848
-12720
-12571
-12369
-12140
-11936
-12214
-11571
-11382
-11170
-10932
-10758
-10567
-10371
-10174
-9939
-10230
-9584
-9386
-9207
-9098
-8953
-8800
-8638
-8432
-8342
-8287
-8245
-8155
-8063
-7985
-7983
-8000
-8010
-8071
-8144
-8203
-8252
-8340
-8500
-8646
-8313
-8987
-9104
-9205
-8808
-9338
-9426
-9523
-9569
-9609
-9674
-9743
-9758
-9781
-9823
-9844
-9831
-9850
-9865
-9819
-9762
-9745
-9733
-9649
-9491
-9333
-9250
-9199
-9172
-9115
-9054
-9018
-8962
-8959
-8909
-8827
-8745
-8667
-8617
-8567
-8491
-8384
-8787
-8205
-8191
-8224
-8291
-8375
-8411
-8434
-8422
-8434
-8445
-8464
-8497
-8539
-8567
-8575
-8562
-8625
-8684
-8752
-8829
-8884
-9000
-9081
-9142
-9243
-9361
-9464
-9598
-9710
-9768
-9806
-9899
-9995
-10092
-10155
-10189
-10184
-10193
-10172
-10146
-10130
-10094
-10109
-10109
-10083
-9966
-9901
-9819
-9750
-9709
-9615
-9478
-9371
-9260
-9102
-8981
-8819
-8668
-8508
-8331
-8159
-7966
-7709
-7481
-7808
-7105
-6894
-6699
-6420
-6188
-6002
-5813
-5678
-5489
-5319
-5144
-4936
-4750
-4640
-4481
-4270
-4140
-4004
-3846
-3710
-3525
-3355
-3250
-3182
-3100
-3014
-2888
-2762
-2672
-2592
-2495
-2438
-2428
-2388
-2355
-2342
-2289
-2230
-2209
-2189
-2155
-2178
-2203
-2220
-2230
-2203
-2180
-2165
-2147
-2153
-2186
-2228
-2264
-2312
-2333
-2359
-2380
-2403
-2422
-2474
-2556
-2607
-2672
-2771
-2850
-2894
-2966
-3041
-3121
-3193
-3287
-3371
-3449
-3504
-3600
-3716
-3762
-3838
-3880
-3928
-4027
-4090
-4147
-4231
-4354
-4453
-4535
-4598
-4667
-4789
-4926
-5079
-5205
-5281
-5397
-5525
-5646
-5777
-5932
-6073
-6212
-6312
-6478
-6636
-6743
-6918
-7088
-7271
-7401
-7558
-7712
-7333
-7951
-8126
-8287
-8460
-8600
-8707
-8827
-8949
-9094
-9203
-9289
-9430
-9579
-9695
-9813
-9913
-9983
-10046
-10075
-10130
-10216
-10336
-10405
-10432
-10428
-10382
-10369
-10405
-10424
-10413
-10396
-10371
-10312
-10258
-10172
-10083
-10008
-9924
-9865
-9802
-9701
-9607
-9478
-9348
-9210
-9100
-8987
-8821
-8689
-8529
-8371
-8243
-8056
-7842
-7672
-7457
-7247
-7107
-6911
-6735
-6571
-6378
-6199
-6033
-5829
-5647
-5504
-5863
-5260
-5111
-4938
-4770
-4611
-4451
-4308
-4170
-4052
-3926
-3792
-3651
-3577
-3506
-3466
-3432
-3350
-3250
-3176
-3109
-3098
-3092
-3054
-3006
-2974
-3418
-2882
-2876
-2880
-2918
-2936
-2932
-2934
-2941
-2981
-2997
-2997
-3010
-3029
-3046
-3063
-3073
-3083
-3123
-3176
-3207
-3203
-3243
-3312
-3338
-3357
-3394
-2934
-3445
-3497
-3565
-3598
-3640
-3665
-3682
-3667
-3689
-3733
-3739
-3749
-3749
-3773
-3794
-3819
-3802
-3779
-3764
-3762
-3749
-3724
-3737
-3747
-3735
-3707
-3644
-3623
-3636
-3626
-3598
-3577
-3567
-3579
-3586
-3581
-3575
-3594
-3577
-3554
-3571
-3571
-3613
-3619
-3584
-3577
-3590
-3592
-3573
-3565
-3613
-3640
-3630
-3600
-3592
-3571
-3569
-3594
-3617
-3630
-3657
-3657
-3632
-3609
-3600
-3619
-3684
-3724
-3754
-3722
-3672
-3640
-3617
-3611
-3651
-3709
-3716
-3714
-3724
-3720
-3743
-3819
-3852
-3909
-3997
-4046
-4083
-4146
-4224
-4319
-4363
-4455
-4565
-4636
-4689
-4840
-4957
-5084
-5191
-5270
-5346
-5485
-5613
-5781
-5920
-6023
-6117
-6197
-6277
-6409
-6546
-6636
-6716
-6833
-6955
-7088
-7193
-7287
-7434
-7598
-7720
-7840
-7953
-8058
-8230
-8413
-8546
-8722
-8901
-9029
-9178
-9296
-9451
-9617
-9733
-9878
-10023
-10136
-10235
-10302
-10378
-10512
-10602
-10668
-10775
-10894
-10959
-11008
-11075
-11132
-11163
-11176
-10762
-11331
-11359
-11367
-11388
-11403
-11439
-11485
-11548
-11607
-11638
-11693
-11707
-11714
-11743
-11747
-11750
-11764
-11842
-11922
-12018
-12065
-12088
-12132
-12119
-12117
-12147
-12182
-12186
-12207
-12226
-12260
-12291
-12294
-12268
-12260
-12250
-12260
-12283
-12296
-12304
-12283
-12294
-12344
-12369
-12371
-12375
-12392
-12418
-12438
-12457
-12537
-12565
-12584
-12615
-12661
-12667
-12661
-12695
-12689
-12216
-12750
-12810
-12821
-12842
-12861
-12861
-12863
-12861
-12892
-12968
-13012
-13046
-13041
-12980
-12983
-13060
-13136
-13188
-13214
-13262
-13310
-13352
-13403
-13443
-13500
-13531
-13560
-13604
-13604
-13617
-13644
-13703
-13745
-13794
-13850
-13873
-13852
-13857
-13896
-13968
-14016
-14048
-14104
-13686
-14239
-14313
-14373
-14436
-14523
-14619
-14678
-14768
-14831
-14865
-14905
-14955
-15044
-15170
-15279
-15354
-15432
-15516
-15583
-15678
-15792
-15899
-16008
-16115
-16205
-16338
-16438
-16560
-16686
-16798
-16892
-17016
-17123
-17273
-17403
-17500
-17609
-17701
-17749
-17875
-17995
-18044
-17590
-18186
-18300
-18418
-18554
-18602
-18649
-18720
-18812
-18918
-18989
-18571
-19119
-19165
-19228
-19340
-19390
-19378
-19392
-19460
-19541
-19632
-19655
-19649
-19684
-19756
-19798
-19838
-19873
-19896
-19943
-19934
-19928
-19949
-19953
-19960
-20016
-20071
-20048
-19989
-19995
-19548
-20100
-20115
-20084
-20012
-19978
-19962
-19936
-19890
-19821
-19819
-19794
-19758
-19714
-19699
-19676
-19659
-19670
-19674
-19600
-19548
-19506
-19459
-19401
-19350
-19292
-19256
-19184
-19170
-19195
-19203
-19174
-19125
-19096
-19058
-19048
-19042
-18567
-19069
-19058
-19054
-19058
-19107
-19178
-19222
-19256
-19323
-19344
-19376
-19451
-19499
-19542
-19577
-19626
-19611
-19600
-19617
-19636
-19672
-19682
-19632
-19592
-19523
-19504
-19525
-19533
-19550
-19569
-19573
-19529
-19506
-19472
-19476
-19462
-19434
-19380
-19371
-19417
-19455
-19495
-19525
-19609
-19709
-19792
-19861
-19918
-19968
-20027
-20079
-20121
-20184
-20210
-20254
-20315
-20375
-20422
-20438
-20493
-20581
-20705
-20787
-20897
-20523
-21096
-21195
-21256
-21348
-21491
-21621
-21730
-21838
-21970
-22102
-22218
-22319
-22382
-22466
-22598
-22686
-22792
-22882
-22943
-22999
-23060
-23126
-23203
-23273
-23333
-23413
-23529
-23619
-23668
-23754
-23846
-23915
-23957
-24039
-24138
-24207
-24241
-24277
-24338
-23947
-24514
-24588
-24647
-24716
-24752
-24779
-24840
-24970
-25033
-25094
-25155
-25203
-25250
-25300
-25344
-25378
-25388
-25382
-25428
-25474
-25523
-25529
-25506
-25485
-25474
-25508
-25552
-25579
-25584
-25567
-25556
-25525
-25527
-25588
-25626
-25605
-25529
-25478
-25443
-25894
-25365
-25336
-25327
-25319
-25294
-25245
-25161
-25104
-25073
-25079
-25084
-25050
-25054
-25052
-25071
-25039
-24981
-24983
-25008
-25012
-25029
-25054
-25088
-25123
-25147
-25172
-25233
-25254
-25310
-25331
-25363
-25418
-25455
-25447
-25422
-25418
-25445
-25430
-25401
-25333
-25317
-25333
-25317
-25245
-25207
-25142
-25092
-25096
-25052
-24997
-24989
-24987
-24959
-24991
-25060
-25098
-25144
-25197
-25268
-25250
-25262
-25283
-25294
-25327
-25312
-25388
-25390
-25388
-25420
-25523
-25554
-25604
-25697
-25802
-25413
-25980
-26104
-26151
-26218
-26344
-26399
-26413
-26474
-26518
-26518
-26537
-26493
-26424
-26418
-26375
-26296
-26247
-26130
-26098
-26052
-25951
-25861
-25810
-25754
-25724
-25720
-25686
-25621
-25588
-25575
-25470
-25382
-25376
-25365
-25300
-25279
-25250
-25249
-25264
-25237
-25226
-25266
-25268
-25277
-25315
-25281
-25342
-25331
-25296
-25348
-25342
-25315
-25291
-25279
-25231
-25109
-24993
-24920
-24869
-24730
-24619
-24903
-24161
-23993
-23789
-23607
-23415
-23151
-23012
-22815
-22623
-22397
-22180
-22014
-21813
-21584
-21443
-21249
-21041
-20955
-20863
-20796
-20686
-20598
-20546
-20510
-20502
-20485
-20514
-20531
-20579
-20560
-20546
-21006
-20409
-20317
-20245
-20237
-20220
-20163
-20121
-20060
-19909
-19863
-19787
-19649
-19558
-19495
-19478
-19409
-19375
-19390
-19390
-19319
-19249
-19193
-19128
-18930
-18728
-18579
-18396
-18222
-17945
-17699
-17438
-17212
-16936
-16481
-16142
-15833
-15439
-15021
-14567
-14651
-13691
-13277
-12993
-12607
-12327
-12111
-11938
-11815
-12210
-11611
-11249
-11884
-11922
-12063
-12271
-12392
-12575
-12773
-12913
-13180
-13586
-13939
-14285
-14218
-15146
-15550
-16044
-16466
-16934
-17300
-17134
-18031
-18334
-18638
-18959
-19277
-19105
-19890
-20105
-20342
-20499
-20548
-20693
-20831
-20886
-20983
-21069
-21485
-20957
-20529
-20970
-20836
-20771
-20730
-20707
-20623
-20533
-20485
-20334
-20151
-19966
-19808
-19625
-20025
-19357
-19098
-18831
-18613
-18331
-18558
-17854
-17699
-17483
-17369
-17214
-17075
-16915
-16876
-16798
-16672
-16596
-16533
-16428
-16382
-16359
-16357
-16333
-16296
-16321
-16470
-16567
-16659
-16831
-17002
-17249
-17539
-17810
-17670
-18472
-18833
-19191
-19514
-19836
-19594
-20302
-20508
-20691
-20781
-20869
-20905
-20957
-20974
-21006
-21035
-20989
-20987
-20951
-20867
-20810
-20720
-20605
-20560
-20413
-20180
-20065
-19981
-19747
-20031
-19415
-19264
-18981
-18731
-18476
-18277
-17985
-17714
-17514
-17241
-17031
-16871
-16686
-16434
-16296
-16165
-16065
-15873
-15667
-15646
-15478
-15216
-15012
-14920
-15142
-14384
-14199
-14025
-13792
-13592
-13485
-13392
-13674
-13123
-13088
-12978
-12743
-12577
-12632
-12594
-12384
-12327
-12319
-12235
-12693
-12170
-12096
-12025
-12113
-12193
-12212
-12273
-12325
-12405
-12544
-12569
-12613
-12825
-13025
-13123
-13315
-13560
-13785
-13932
-14048
-14249
-14355
-14495
-14630
-14810
-14997
-14665
-15287
-15420
-15581
-15655
-15752
-15897
-16029
-16092
-15642
-16155
-16195
-16268
-16241
-16188
-16149
-16172
-16182
-16136
-16050
-16117
-16113
-16201
-16207
-16279
-16329
-16373
-16480
-16504
-16596
-16663
-16775
-16867
-17020
-17161
-17254
-17396
-17115
-17697
-17802
-17968
-18147
-18275
-18355
-18422
-18537
-18655
-18743
-18909
-19025
-19033
-19155
-19260
-19310
-19371
-19430
-19502
-19491
-19062
-19537
-19533
-19422
-19355
-19300
-19163
-19075
-18999
-18829
-18682
-18504
-18302
-18184
-18020
-17800
-17611
-17415
-17235
-16983
-16783
-16657
-16453
-16252
-16041
-15867
-15714
-15541
-15386
-15193
-15020
-14855
-14737
-14668
-14579
-14464
-14300
-14188
-14086
-14020
-13960
-13882
-13750
-13705
-13598
-13558
-13531
-13369
-13275
-13233
-13239
-13201
-13214
-13159
-13117
-13090
-13046
-12999
-12970
-12938
-12957
-12930
-12918
-12972
-12993
-13016
-12966
-12913
-12964
-12955
-12932
-12867
-12844
-12920
-12938
-12905
-12838
-12785
-12808
-12815
-12741
-12686
-12653
-12586
-12491
-12472
-12491
-12491
-12449
-12432
-12380
-12331
-12266
-12193
-12123
-12006
-11962
-11886
-11821
-11750
-11567
-11443
-11363
-11247
-11115
-11008
-10938
-10768
-10630
-10502
-10415
-10298
-10096
-9934
-9852
-9812
-9579
-9436
-9392
-9260
-9134
-9075
-9031
-8924
-8859
-9270
-8653
-8598
-8544
-8525
-8508
-8533
-8460
