-5182
-5084
-5014
-4960
-4938
-4854
-4855
-4806
-4815
-4932
-4976
-4997
-5132
-5266
-5336
-5451
-5575
-5724
-5968
-6155
-6289
-6441
-6642
-6798
-6976
-7214
-6869
-7544
-7800
-8062
-8205
-8304
-8464
-8720
-8903
-9023
-9189
-9312
-9420
-9489
-9586
-9588
-9558
-9621
-9626
-9607
-9571
-9518
-9525
-9434
-9344
-9329
-9333
-9256
-9084
-8976
-8932
-8846
-8745
-8636
-8518
-8388
-8277
-8216
-8111
-8077
-8098
-8079
-8006
-7913
-8306
-7787
-7775
-7770
-7771
-7737
-7663
-7594
-7590
-7596
-7596
-7573
-7554
-7539
-7500
-7470
-7418
-7348
-7817
-7317
-7315
-7277
-7218
-7180
-7193
-7275
-7346
-7390
-7428
-7521
-7617
-7756
-7913
-8060
-8178
-8306
-8373
-8420
-8476
-8516
-8527
-8569
-8609
-8626
-8617
-8617
-8630
-8644
-8653
-8651
-8621
-8579
-8537
-8495
-8497
-8514
-8497
-8449
-8426
-8392
-8342
-8792
-8275
-8254
-8224
-8155
-8104
-8069
-8016
-7953
-7918
-7873
-7798
-7747
-7709
-7668
-7659
-7644
-7668
-7699
-7659
-7625
-7605
-7594
-7611
-7600
-7563
-7514
-7533
-7565
-7613
-7647
-7647
-7626
-7596
-7558
-7537
-7569
-7640
-7689
-7724
-7770
-7815
-7886
-7972
-8002
-8056
-8105
-8149
-8172
-8218
-8241
-8264
-7827
-8365
-8373
-8386
-8438
-8470
-8510
-8531
-8542
-8598
-8659
-8693
-8720
-8737
-8739
-8785
-8850
-8930
-8957
-8949
-8957
-9031
-9119
-9182
-9172
-9174
-9189
-9250
-9294
-9300
-9333
-9403
-9485
-9556
-9600
-9697
-9292
-9829
-9886
-9926
-9976
-10008
-10115
-9781
-10371
-10443
-10527
-10655
-10792
-10962
-11098
-11201
-11285
-11365
-11432
-11550
-11693
-11771
-11821
-11970
-12079
-12193
-12306
-12363
-12420
-12481
-12510
-12527
-12646
-12733
-12821
-12915
-12980
-13044
-13144
-13170
-13174
-13245
-13361
-13411
-13459
-13487
-13523
-13613
-13193
-13724
-13710
-13684
-13653
-13621
-13607
-13588
-13565
-13485
-13426
-13390
-13317
-13260
-13138
-13042
-13004
-12939
-12850
-12785
-12676
-12550
-12428
-12291
-12189
-12121
-12042
-11945
-11852
-12209
-11640
-11600
-11535
-11466
-11354
-11195
-11086
-11027
-10978
-10888
-10815
-10739
-10667
-10609
-10588
-10619
-10646
-10592
-10539
-10518
-10535
-10567
-10607
-10670
-10726
-10749
-10768
-10787
-10794
-10827
-10882
-11035
-11159
-11222
-11291
-11403
-11539
-11705
-11836
-11949
-12119
-12279
-12411
-12533
-12638
-12731
-12808
-12959
-13107
-13277
-13426
-13571
-13730
-13846
-13934
-14065
-14210
-14338
-14493
-14636
-14728
-14844
-14947
-15035
-14674
-15298
-15399
-15489
-15527
-15592
-15726
-15825
-15953
-16086
-16203
-16266
-16340
-16380
-16449
-16500
-16592
-16686
-16779
-16863
-16947
-16613
-17216
-17304
-17407
-17527
-17705
-17880
-17989
-17607
-18224
-18315
-18445
-18596
-18731
-18880
-18983
-19046
-19144
-19258
-19399
-19523
-19613
-19709
-19789
-19888
-20027
-20115
-20191
-20277
-20390
-20495
-20588
-20649
-20733
-20871
-20523
-21104
-21172
-21205
-21271
-21380
-21489
-21546
-21592
-21592
-21615
-21663
-21728
-21768
-21821
-21819
-21773
-21701
-21632
-21611
-21605
-21575
-21541
-21512
-21478
-21434
-21359
-21277
-21210
-21138
-21081
-21039
-20999
-20953
-20882
-20766
-20707
-20667
-20607
-20571
-20542
-21006
-20487
-20426
-20386
-20355
-20338
-20304
-20289
-20298
-20285
-20222
-20149
-20098
-20054
-20041
-20516
-19949
-19884
-19852
-19825
-19831
-19848
-19850
-19888
-19918
-19941
-19976
-20014
-20077
-20167
-20247
-20325
-20413
-20550
-20626
-20730
-20857
-20978
-21104
-21228
-21376
-21023
-21602
-21686
-21833
-21983
-22104
-22304
-22010
-22644
-22791
-22918
-23035
-23149
-23258
-23378
-23537
-23693
-23821
-23468
-24092
-24203
-24359
-24508
-24663
-24789
-24888
-24438
-25033
-25176
-25271
-25380
-25474
-25550
-25619
-25689
-25764
-25850
-25882
-25926
-25997
-26048
-26119
-26176
-26228
-26271
-26334
-26396
-26443
-26523
-26565
-26607
-26636
-26657
-26668
-26686
-26699
-26728
-26724
-26739
-26752
-26792
-26812
-26808
-26796
-26791
-26792
-26819
-26863
-26869
-26857
-26817
-26823
-26802
-26789
-26785
-26798
-26831
-26833
-26800
-26762
-26726
-26726
-26743
-26785
-26792
-26792
-26766
-26791
-26789
-26743
-26676
-26682
-26716
-26707
-26667
-26617
-26615
-26611
-26596
-26575
-26529
-26480
-26420
-26397
-26354
-26355
-26367
-26371
-26352
-26302
-26266
-26279
-26296
-26304
-26298
-26304
-26344
-25896
-26394
-26405
-26415
-26397
-26397
-26373
-26367
-26407
-26430
-26413
-26405
-26394
-26396
-26409
-26863
-26292
-26283
-26317
-26331
-26306
-26292
-26296
-26281
-26250
-26203
-26201
-26212
-26201
-26199
-26159
-26142
-26128
-26144
-26126
-26134
-26132
-26172
-26161
-26088
-26105
-26134
-26100
-26079
-26096
-26090
-26092
-26094
-26054
-26037
-26050
-26062
-26071
-26052
-26035
-26023
-26000
-26002
-25947
-25934
-25909
-25913
-25897
-25848
-25804
-25796
-25730
-25709
-25678
-25611
-25579
-25523
-25439
-25422
-25399
-25380
-25329
-25287
-25262
-25243
-25209
-25161
-25161
-25155
-25140
-25134
-25090
-25042
-25037
-25037
-25039
-25044
-25027
-24983
-25397
-24848
-24775
-24756
-24745
-24720
-24710
-24680
-24638
-24598
-24609
-24552
-24512
-24499
-24489
-24480
-24441
-24371
-24317
-24310
-24323
-24321
-24270
-24228
-24216
-24184
-24161
-24138
-24142
-24121
-24119
-24111
-24088
-24060
-24042
-24073
-24092
-24094
-24098
-24077
-24039
-23981
-23957
-23918
-23897
-23920
-23953
-23917
-23825
-23785
-23802
-23810
-23768
-23697
-23688
-23672
-23632
-23577
-23531
-23462
-23420
-23319
-23239
-23172
-23128
-23115
-23100
-23035
-23449
-22915
-22850
-22813
-22771
-22724
-22651
-22567
-22962
-22384
-22287
-22197
-22142
-22044
-21922
-21834
-21680
-21523
-21422
-21354
-21270
-21193
-21086
-20957
-20838
-20762
-20745
-20688
-20583
-20438
-20325
-20235
-20147
-20090
-20054
-20010
-19959
-19928
-19880
-19806
-19794
-19773
-19718
-19663
-19617
-19567
-19558
-19579
-19602
-19634
-19623
-19605
-19598
-19604
-19638
-19667
-19607
-19552
-19531
-19493
-19474
-19500
-19459
-19394
-19321
-19271
-19222
-19136
-19086
-19048
-19027
-18987
-18905
-18808
-18762
-18743
-18695
-18634
-18523
-18443
-18367
-18247
-18123
-18016
-17882
-17756
-17623
-17464
-17355
-17268
-17153
-16970
-16777
-16621
-16516
-16386
-16241
-16109
-15947
-15754
-15615
-15495
-15405
-15300
-15172
-15054
-14960
-14852
-14775
-14716
-14705
-14707
-14714
-14709
-14726
-14791
-14859
-14978
-15063
-15140
-15277
-15430
-15562
-15762
-15999
-16209
-16457
-16667
-16836
-17071
-17279
-17571
-17880
-18159
-18480
-18741
-18957
-19241
-19527
-19848
-20098
-20367
-20634
-20854
-21125
-21428
-21663
-21915
-22163
-22375
-22567
-22766
-22932
-23146
-23369
-23529
-23701
-23821
-23472
-24077
-24172
-24321
-24466
-24562
-24638
-24672
-24745
-24827
-24436
-24983
-25010
-25037
-25075
-25119
-25109
-25077
-25052
-25014
-24945
-24913
-24882
-24836
-24836
-24819
-24754
-24689
-24630
-24602
-24583
-24552
-24544
-24542
-24518
-24491
-24432
-24363
-24323
-24323
-24313
-24312
-24338
-24371
-24340
-24294
-24292
-24291
-24252
-24176
-24117
-24100
-24065
-24065
-24056
-24041
-24018
-23960
-23907
-23894
-23924
-23949
-23903
-23869
-23854
-23802
-23760
-23739
-23768
-23770
-23756
-23756
-23768
-23827
-23922
-23968
-23760
-23478
-23209
-23140
-23176
-23268
-23289
-23252
-23220
-23165
-23121
-23107
-23132
-23140
-23119
-23107
-23104
-23094
-23052
-22997
-22985
-23067
-23105
-23090
-23081
-23083
-23062
-23067
-23090
-23146
-23224
-23279
-23315
-23359
-23420
-23491
-23542
-23605
-23626
-23657
-23680
-23794
-23861
-23861
-23850
-23798
-23781
-23787
-23741
-23691
-23586
-23533
-23428
-23394
-23333
-23153
-23027
-22882
-22779
-22598
-22943
-22323
-22168
-22023
-21733
-21502
-21331
-21119
-20947
-20854
-20674
-20521
-20382
-20308
-20262
-20147
-20062
-19959
-19918
-19884
-19773
-19783
-19771
-19733
-19611
-19590
-19604
-19565
-19495
-19470
-19436
-19451
-19495
-19067
-19651
-19667
-19705
-19768
-19869
-19909
-19995
-20151
-20348
-20550
-20783
-20951
-21039
-21312
-21480
-21596
-21667
-21771
-21875
-21970
-22063
-22233
-22292
-22323
-22439
-22525
-22552
-22647
-22712
-22735
-22768
-22800
-22846
-22867
-22848
-22813
-22735
-22726
-22768
-22747
-22703
-22712
-22731
-22794
-22737
-22705
-22649
-22605
-22563
-22556
-22480
-22424
-22399
-22346
-22369
-22338
-22285
-22327
-22346
-22346
-22340
-22376
-22451
-22396
-22369
-22386
-22344
-22352
-22380
-22363
-22409
-22438
-22512
-22510
-22955
-22468
-22411
-22321
-22258
-22144
-21997
-21920
-21930
-21884
-21752
-21661
-21607
-21560
-21460
-21369
-21298
-21214
-21136
-21056
-20962
-20918
-20785
-20621
-20569
-20422
-20348
-20222
-20104
-20004
-19972
-19865
-19735
-19701
-19605
-19508
-19500
-19392
-19312
-19195
-19077
-19020
-19062
-19042
-19016
-18980
-19062
-19073
-19075
-19033
-19035
-19130
-19107
-19117
-19226
-19235
-19207
-19140
-19149
-19144
-19021
-18899
-18760
-18697
-18722
-18810
-18827
-18943
-19140
-19441
-19600
-19743
-19945
-20088
-20081
-20021
-20012
-19968
-19863
-19794
-19789
-19808
-19884
-19974
-19978
-19957
-19917
-19865
-19777
-19731
-19663
-19483
-19405
-19409
-19340
-19270
-19281
-19222
-19174
-19125
-19012
-18928
-18796
-18663
-18569
-18491
-18354
-18182
-18044
-17865
-17730
-17520
-17329
-17167
-17020
-16821
-16657
-16436
-16273
-16044
-15831
-15678
-15500
-15264
-15107
-14938
-14733
-14613
-14390
-14130
-14023
-13833
-14168
-13573
-13460
-13323
-13157
-13081
-12999
-12880
-12840
-12863
-12737
-12686
-12695
-12596
-12537
-12525
-12554
-12512
-12552
-12476
-12275
-12258
-12308
-13247
-13216
-13191
-13361
-13579
-13584
-13640
-13201
-13794
-13922
-14046
-14159
-14325
-14441
-14563
-14581
-14594
-14623
-14569
-14529
-14533
-14527
-14495
-14483
-14489
-14430
-14390
-14325
-14205
-14054
-13949
-13892
-13812
-14157
-13621
-13476
-13365
-13264
-13153
-13151
-13081
-13029
-12983
-12957
-12938
-12966
-12989
-13048
-13088
-13159
-13273
-13384
-13512
-13623
-13674
-13739
-13794
-13823
-13775
-13722
-13695
-13571
-13432
-13296
-13102
-12813
-12548
-12291
-12029
-12210
-11436
-11138
-11220
-10365
-10134
-9827
-9523
-9770
-9052
-8901
-8764
-8680
-8605
-8640
-8714
-8779
-8863
-9023
-9170
-9378
-9541
-9762
-9987
-10203
-10428
-10676
-10897
-11092
-11292
-11455
-11586
-11714
-11854
-12046
-12165
-12220
-12250
-12245
-12235
-12201
-12140
-12105
-12000
-11848
-11737
-11638
-11445
-11355
-11195
-11000
-10819
-10644
-10476
-10273
-10102
-9876
-9691
-9470
-9220
-9065
-8928
-9247
-8605
-8445
-8258
-8081
-7848
-7735
-7563
-7781
-7153
-7023
-7319
-6653
-6451
-6317
-6167
-6014
-6344
-5665
-5594
-5424
-5279
-5140
-4997
-4932
-4821
-4773
-4773
-4735
-4615
-4621
-4605
-4611
-4611
-4672
-4630
-4583
-4621
-4604
-4605
-4558
-4512
-4514
-4506
-4462
-4367
-4340
-4264
-4142
-4021
-3918
-3815
-3657
-3445
-3327
-3209
-2980
-2815
-2605
-2399
-2233
-2096
-2439
-1800
-1619
-1476
-1304
-1193
-1054
-1466
-909
-875
-857
-888
-949
-959
-1023
-1193
-1340
-1502
-1651
-1749
-1907
-2016
-2310
-2672
-2993
-3401
-3796
-4233
-4541
-4878
-5233
-5563
-5449
-6342
-6777
-7111
-7424
-7957
-8367
-8674
-8995
-9228
-9434
-9602
-9854
-10060
-10203
-10401
-10518
-10529
-10628
-10663
-10663
-10707
-10758
-10731
-10678
-10665
-10623
-10583
-10432
-10709
-10033
-9815
-9602
-9460
-9724
-9046
-9071
-9018
-8909
-8917
-8876
-8730
-8563
-8428
-8260
-8065
-7972
-7844
-7703
-7583
-7409
-7348
-7350
-7300
-7258
-7247
-7161
-7287
-7439
-7563
-7747
-7865
-8042
-8155
-7819
-8451
-8567
-8731
-8939
-9100
-9247
-9449
-9674
-9907
-10084
-10258
-10483
-10577
-10741
-10878
