-16302
-16401
-16418
-16418
-16397
-16413
-16493
-16605
-16705
-16812
-16938
-17083
-17275
-17432
-17548
-17653
-17924
-18105
-18256
-18418
-18119
-18714
-18813
-18922
-19073
-19170
-19281
-19350
-19430
-19060
-19588
-19670
-19783
-19796
-19852
-19817
-19752
-19777
-19737
-19625
-19611
-19581
-19434
-19373
-19319
-19226
-19149
-19132
-19523
-18943
-18917
-18836
-18842
-18777
-18750
-18771
-18781
-18815
-18917
-19033
-19126
-19256
-19382
-19609
-19848
-19560
-20266
-20052
-20745
-20959
-21207
-21052
-21859
-22090
-22336
-22562
-22798
-22955
-23205
-22968
-23617
-23804
-23978
-24226
-24439
-24556
-24707
-24838
-24903
-24980
-25041
-25113
-25159
-25220
-25304
-25340
-25405
-25453
-25504
-25533
-25552
-25571
-25584
-25607
-25613
-25556
-25512
-25527
-25552
-25571
-25584
-25577
-25577
-25558
-25541
-25535
-25537
-25502
-25445
-25380
-25331
-25302
-25289
-25287
-25247
-25203
-25142
-25102
-25065
-25042
-25002
-24943
-24886
-24827
-24754
-24670
-24592
-24588
-24600
-24546
-24493
-24397
-24342
-24327
-24327
-24268
-24210
-24178
-24096
-24073
-24094
-24102
-24083
-24020
-23949
-23903
-23840
-23808
-23781
-23718
-23689
-23688
-23665
-23665
-23651
-23653
-23640
-23676
-23709
-23716
-23720
-23703
-23716
-23718
-23737
-23752
-23764
-23745
-23760
-23794
-23840
-23842
-23806
-23827
-23846
-23886
-23928
-23932
-23930
-23936
-23936
-23457
-24006
-24025
-24025
-24048
-24042
-24020
-24016
-24092
-24109
-24100
-24086
-24090
-24075
-24084
-24098
-24115
-24105
-24083
-24071
-24046
-24023
-24027
-24027
-23962
-23909
-23871
-23802
-23743
-23728
-23668
-23670
-23626
-23554
-23491
-23934
-23405
-23384
-23329
-23268
-23233
-23247
-23214
-23163
-23088
-22997
-22949
-22978
-22999
-22980
-22964
-22941
-22886
-22842
-22827
-22819
-22792
-22773
-22712
-22682
-22686
-22688
-22695
-22695
-22680
-22680
-22710
-22714
-22703
-22655
-22663
-22697
-22735
-22752
-22739
-22728
-22716
-22680
-22668
-22667
-22663
-22668
-22693
-22707
-22710
-22672
-22615
-22583
-22604
-22611
-22579
-22556
-22586
-22586
-22579
-22586
-22604
-22615
-22565
-22558
-22588
-22602
-22626
-22693
-22712
-22735
-22750
-22739
-22714
-22716
-22733
-22747
-22741
-22716
-22699
-22670
-22668
-22663
-22655
-22649
-22655
-22634
-22623
-22630
-22640
-22676
-22705
-22705
-22697
-22730
-22762
-22783
-22848
-22947
-23027
-23067
-23083
-23128
-23195
-23283
-23369
-23418
-23476
-23491
-23527
-23583
-23611
-23596
-23565
-23567
-23584
-23592
-23529
-23422
-23382
-23373
-23352
-23313
-23300
-23271
-23218
-23161
-23117
-23144
-23180
-23239
-23352
-22972
-23583
-23605
-23573
-23548
-23535
-23558
-23573
-23604
-23625
-23609
-23607
-23625
-23634
-23651
-23676
-23714
-23768
-23806
-23859
-23903
-23947
-23997
-24025
-24035
-24048
-24086
-24092
-24113
-24172
-24235
-24304
-24357
-24399
-24468
-24579
-24691
-24758
-24785
-24854
-24972
-25062
-25119
-25214
-25331
-25390
-25443
-25502
-25563
-25636
-25693
-25733
-25781
-25817
-25848
-25409
-25959
-25972
-25999
-26031
-26063
-26105
-26117
-26140
-26157
-26165
-26188
-26210
-26205
-26252
-26264
-26235
-26209
-26186
-26228
-26218
-26191
-26209
-26279
-26319
-26336
-26342
-26357
-26365
-26357
-26354
-26355
-26390
-26443
-26478
-26541
-26590
-26623
-26667
-26726
-26792
-26388
-26920
-26995
-27104
-27195
-27273
-27329
-27422
-27514
-27596
-27659
-27750
-27373
-27928
-27997
-28071
-28138
-28209
-28279
-28333
-28403
-28476
-28506
-28567
-28661
-28724
-28773
-28838
-28899
-28985
-29063
-29104
-29128
-29123
-29115
-29111
-29104
-29126
-29174
-29197
-29172
-29111
-29067
-29056
-29035
-28966
-28936
-28903
-28833
-28709
-28584
-28480
-28396
-28252
-28126
-28020
-27913
-27796
-27674
-27481
-27281
-27159
-27039
-26938
-26842
-26684
-26506
-26857
-26243
-26125
-26029
-25928
-25779
-25642
-25497
-25384
-25313
-25231
-25142
-25012
-24886
-24768
-24701
-24630
-24577
-24512
-24439
-24344
-24228
-24111
-24018
-23903
-23831
-23726
-23665
-23680
-23659
-23651
-23630
-23596
-23565
-23493
-23457
-23432
-23338
-23228
-23163
-23123
-23063
-23004
-22936
-22882
-22802
-22686
-22617
-22518
-22403
-22313
-22271
-22231
-22195
-22157
-22117
-22090
-22119
-22151
-22130
-22128
-22098
-22123
-22109
-22077
-22029
-21993
-21980
-21915
-21815
-21800
-21785
-21743
-21672
-21642
-21613
-21556
-21500
-21459
-21420
-21388
-21363
-21340
-21233
-21159
-21096
-21039
-21016
-20999
-20957
-20901
-20867
-20817
-20766
-20672
-20571
-20525
-20508
-20487
-20422
-20310
-20182
-20100
-19989
-19905
-19821
-19672
-19550
-19375
-19224
-19083
-18966
-18842
-18703
-18483
-18291
-18142
-17974
-17831
-17686
-17499
-17308
-17184
-17027
-16827
-16655
-16457
-16260
-16109
-15983
-15838
-15684
-15491
-15312
-15207
-15088
-14966
-14867
-14720
-14613
-14575
-14518
-14441
-14373
-14268
-14197
-14149
-14088
-14063
-14044
-13995
-13970
-13941
-13903
-13888
-13905
-13968
-13991
-14033
-14094
-14142
-14167
-14228
-14312
-14390
-14508
-14602
-14647
-14716
-14833
-14909
-15004
-15128
-15233
-15315
-15424
-15531
-15676
-15798
-15873
-15970
-16075
-16186
-16334
-16449
-16506
-16126
-16747
-16850
-16953
-17027
-16626
-17228
-17367
-17443
-17485
-17520
-17569
-17609
-17705
-17834
-17947
-17997
-17604
-18203
-18283
-18327
-18373
-18478
-18623
-18726
-18789
-18840
-18917
-18974
-18567
-19157
-19180
-19189
-19224
-19264
-19323
-19403
-19464
-19535
-19533
-19539
-19567
-19596
-19613
-19642
-19703
-19768
-19817
-19922
-19960
-19970
-19554
-20121
-20209
-20245
-20262
-20268
-20271
-20294
-20338
-20329
-20325
-20325
-20331
-20361
-20367
-20340
-20319
-20321
-20327
-20304
-20283
-20254
-20252
-20237
-20230
-20214
-20174
-20123
-20052
-20018
-20048
-20027
-19987
-19926
-19863
-19815
-19791
-19777
-19730
-19655
-19609
-19584
-20031
-19495
-19445
-19413
-19375
-19333
-19296
-19260
-19195
-19184
-19176
-19111
-19033
-18999
-18932
-18857
-18747
-18676
-18636
-18605
-18546
-18466
-18354
-18277
-18296
-18300
-18270
-18260
-18209
-18130
-18104
-18035
-17978
-17915
-17852
-17785
-17731
-17611
-17556
-17510
-17438
-17338
-17266
-17201
-17138
-17094
-16613
-17077
-17054
-17039
-17035
-17020
-17002
-16960
-16951
-16985
-17020
-17042
-17130
-17214
-17285
-17336
-17294
-17249
-17250
-17296
-17365
-17432
-17489
-17502
-17487
-17495
-17521
-17541
-17546
-17617
-17668
-17661
-17665
-17728
-17768
-17783
-17836
-17876
-17892
-17905
-17936
-17962
-17989
-17981
-17949
-17945
-17936
-17888
-17800
-17737
-17730
-17722
-17693
-17632
-17590
-17520
-17439
-17352
-17270
-17130
-17010
-16938
-16865
-16783
-16691
-17088
-16508
-16436
-16348
-16252
-16193
-16172
-16146
-16113
-16079
-16004
-15941
-15890
-15857
-15855
-15850
-15792
-15714
-15646
-15563
-15466
-15350
-15245
-15157
-15046
-14936
-14808
-15128
-14453
-14344
-14184
-14035
-13939
-13810
-13667
-13459
-13252
-13084
-12972
-12831
-13168
-12573
-12487
-12411
-12333
-12270
-12220
-12163
-12132
-12107
-12125
-12176
-12203
-12241
-12262
-12333
-12439
-12525
-12586
-12653
-12777
-12894
-13079
-13191
-13285
-13451
-13609
-13739
-13897
-14050
-14170
-14321
-14495
-14623
-14796
-14955
-15062
-15197
-15363
-15514
-15709
-15941
-15647
-16321
-16497
-16655
-16848
-17033
-17237
-17453
-17657
-17834
-18058
-18243
-18378
-18546
-18710
-18859
-19018
-19142
-19199
-19258
-19350
-19474
-19600
-19674
-19728
-19735
-19785
-19831
-19865
-19878
-19894
-19894
-19844
-19802
-19771
-19730
-19682
-19621
-19584
-19544
-19516
-19512
-19478
-19455
-19413
-19375
-19321
-19300
-19237
-19119
-19014
-18949
-18863
-18800
-18741
-18628
-18520
-18432
-18333
-18210
-18090
-17959
-17850
-17770
-17688
-17632
-17525
-17355
-17239
-17180
-17119
-17071
-17000
-16899
-16838
-16808
-16791
-16741
-16659
-16571
-16455
-16401
-16336
-16209
-15997
-15840
-15550
-15378
-15228
-15159
-15073
-14980
-14970
-14922
-14817
-14777
-14726
-14653
-14632
-14518
-14436
-14279
-13947
-13569
-13361
-13674
-13062
-12911
-12821
-12779
-12791
-12773
-12770
-12689
-12613
-12438
-12676
-11928
-11836
-11743
-11634
-11495
-11464
-11474
-11527
-11455
-11325
-11210
-11058
-10945
-10865
-10781
-10722
-10741
-10768
-10821
-10813
-10726
-10602
-10514
-10434
-10312
-10747
-10207
-10149
-10147
-10172
-9781
-10327
-10329
-10745
-10205
-10191
-10209
-9777
-10336
-10485
-10556
-10560
-10638
-10770
-10913
-11025
-11098
-11159
-11205
-11254
-11310
-11304
-11346
-11310
-11287
-11270
-11180
-11126
-11075
-11041
-10934
-10798
-10697
-10596
-10520
-10386
-10228
-10178
-10102
-10037
-9899
-9861
-9823
-9747
-9676
-9644
-9720
-9686
-9628
-9642
-9625
-9607
-9584
-9567
-9567
-9512
-9451
-9462
-9434
-9352
-9378
-9415
-9438
-9415
-9430
-9386
-9376
-9397
-9436
-9411
-9424
-9422
-9434
-9424
-9418
-9397
-9447
-9497
-9520
-9495
-9541
-9567
-9514
-9546
-9634
-9644
-9670
-9752
-9749
-9739
-9291
-9827
-9873
-9894
-9907
-9947
-9991
-10020
-9999
-10012
-9980
-9966
-9962
-9972
-9951
-9907
-9894
-9863
-9792
-9768
-9724
-9665
-9594
-9590
-9514
-9481
-9405
-9334
-9300
-9256
-9178
-9130
-9083
-9086
-9042
-9104
-9121
-9109
-9098
-9128
-9170
-9205
-8804
-9392
-9438
-9556
-9678
-9815
-9917
-10065
-10184
-10283
-10396
-10443
-10474
-10502
-10510
-10508
-10560
-10611
-10584
-10571
-10583
-10581
-10550
-10453
-10394
-10325
-10218
-10094
-9981
-9842
-9722
-9613
-9531
-9413
-9287
-9165
-9088
-9056
-9008
-8922
-8808
-8731
-8625
-8642
-8609
-8502
-8428
-8333
-8275
-8094
-7987
-7852
-7667
-7535
-7331
-7075
-6890
-6701
-6506
-6298
-6084
-5918
-5733
-5565
-5829
-5081
-4949
-4808
-4619
-4470
-4399
-4270
-4147
-4088
-4037
-4025
-4016
-3999
-4027
-4119
-4167
-4264
-3913
-4516
-4655
-4789
-4917
-5056
-5163
-5342
-5535
-5659
-5827
-6023
-6226
-6336
-6451
-6583
-6766
-6972
-7159
-7270
-7397
-7520
-7653
-7783
-7905
-7989
-8149
-7819
-8468
-8592
-8716
-8760
-8855
-9025
-9086
-9207
-8806
-9409
-9462
-9533
-9546
-9535
-9571
-9594
-9527
-9499
-9443
-9352
-9359
-9758
-9132
-9002
-8903
-8661
-8472
-8409
-8327
-8224
-8147
-8025
-7920
-7703
-7560
-7409
-7808
-7126
-6991
-6865
-6710
-6605
-6563
-6468
-6376
-6396
-6836
-6338
-6317
-6264
-6209
-6184
-6176
-6172
-6147
-6119
-6136
-6214
-6279
-6275
-6231
-6252
-6313
-6380
-6397
-6489
-6523
-6493
-6542
-6686
-6768
-6760
-6794
-6829
-6892
-6924
-6951
-6985
-6966
-7016
-6997
-6899
-6813
-6896
-6884
-6808
-6731
-6703
-6682
-6625
-6602
-6539
-6535
-6472
-6367
-5865
-6334
-6249
-6218
-6228
-6182
-6123
-6023
-6020
-6014
-5997
-6079
-6083
-5962
-5983
-6020
-5951
-5878
-5850
-5827
-5827
-5798
-5792
-5775
-5760
-5724
-5703
-5741
-5686
-5699
-5726
-5819
-5815
-5842
-5972
-6037
-6048
-6119
-6027
-6044
-6191
-6277
-6306
-6298
-6344
-6371
-6327
-6327
-6327
-6357
-6401
-6317
-6333
-6338
-6411
-6384
-6292
-6352
-6323
-6317
-6352
-6378
-6373
-6462
-6480
-6462
-6541
-6625
-6653
-6728
-6779
-6873
-6987
-7056
-7134
-7195
-7264
-7361
-7447
-7520
-7634
-7737
-7346
-7836
-7909
-8006
-8100
-8140
-8157
-8176
-8126
-8149
-8170
-8212
-8218
-8161
-8136
-8096
-8065
-8105
-8042
-7991
-7938
-8300
-7833
-7861
-7794
-7722
-7758
-7731
-7672
-7665
-7691
-7653
-7609
-7619
-7649
-7651
-7695
-7730
-7749
-7771
-7796
-7869
-7911
-7962
-8042
-8056
-8100
-8228
-8271
-8338
-8495
-8630
-8312
-8930
-9084
-9193
-9317
-9445
-9626
-9764
-9890
-10037
-10226
-10397
-10571
-10735
-10960
-11174
-11418
-11491
-11655
-11938
-12149
-12338
-12554
-12768
-12997
-13128
-13281
-13466
-13199
