-9623
-9567
-9565
-9592
-9529
-9426
-9409
-9468
-9287
-9172
-9062
-8978
-8827
-8699
-8514
-8334
-8197
-8098
-7974
-7833
-7514
-7373
-7302
-7310
-7231
-7126
-7113
-7102
-7023
-7073
-7073
-7180
-7231
-7249
-7285
-7287
-7355
-7449
-7474
-7483
-7510
-7560
-7596
-7598
-7548
-7573
-7590
-7670
-7596
-7609
-7615
-7638
-7636
-7655
-7632
-7644
-7724
-7771
-7747
-7726
-7760
-7733
-7712
-7747
-7712
-7657
-7632
-7665
-7590
-7529
-7493
-7480
-7428
-7386
-7317
-7281
-7212
-7168
-7107
-7067
-7037
-6951
-6976
-7010
-6980
-6945
-6976
-6995
-7012
-7002
-6981
-6989
-7016
-7041
-7050
-7058
-7054
-7083
-7079
-7086
-7090
-7083
-7111
-7228
-7279
-7281
-7275
-7252
-7237
-7256
-7289
-7331
-7392
-7445
-7483
-7518
-7550
-7596
-7611
-7592
-7584
-7623
-7653
-7649
-7588
-7529
-7508
-7537
-7588
-7611
-7623
-7703
-7779
-7854
-7947
-8042
-8102
-8147
-8235
-8304
-8373
-8409
-8462
-8550
-8619
-8695
-8743
-8802
-8827
-8882
-8924
-8966
-8966
-8918
-8892
-8896
-8875
-8833
-8831
-8829
-8808
-8777
-8758
-8737
-8695
-8665
-8625
-8626
-8630
-8611
-8583
-8529
-8500
-8485
-8483
-8422
-8371
-8388
-8413
-8399
-8357
-8325
-8266
-8256
-8275
-8262
-8230
-8191
-8149
-8117
-8104
-8096
-8075
-8056
-8065
-8048
-8014
-7983
-7947
-7922
-7890
-7903
-7953
-7953
-7941
-7949
-7983
-8004
-8031
-7991
-8002
-8062
-8111
-8092
-8050
-8048
-8069
-8117
-8153
-8172
-8184
-8191
-8195
-8220
-8266
-8333
-8365
-8378
-8390
-8382
-8390
-8426
-8510
-8558
-8594
-8632
-8653
-8710
-8800
-8892
-8959
-9031
-9134
-9199
-9237
-9252
-9329
-9422
-9514
-9575
-9647
-9722
-9798
-9918
-9993
-10035
-10119
-10247
-10321
-10399
-10541
-10630
-10735
-10827
-10899
-10968
-11012
-11035
-11077
-11142
-11216
-11292
-11319
-11348
-11388
-11443
-11516
-11577
-11623
-11646
-11684
-11733
-11741
-11710
-11712
-11760
-11792
-11812
-11777
-11796
-11817
-11831
-11846
-11823
-11808
-11815
-11831
-11842
-11840
-11833
-11844
-11863
-11924
-12008
-12063
-12092
-12109
-12176
-12249
-12319
-12369
-12417
-12470
-12531
-12584
-12638
-12688
-12714
-12760
-12833
-12850
-12861
-12823
-12844
-12817
-12844
-12829
-12840
-12840
-12819
-12854
-12852
-12819
-12777
-12726
-12668
-12218
-12689
-12642
-12596
-12554
-12560
-12535
-12550
-12552
-12565
-12594
-12560
-12571
-12592
-12619
-12611
-12554
-12546
-12586
-12607
-12577
-12550
-12533
-12495
-12476
-12464
-12472
-12478
-12489
-12493
-12472
-12474
-12495
-12542
-12590
-12569
-12560
-12544
-12586
-12695
-12787
-12829
-12833
-12802
-12812
-12844
-12917
-12989
-13033
-13018
-13037
-13119
-13157
-13157
-13149
-13182
-13271
-13321
-13325
-13369
-13411
-13508
-13575
-13611
-13649
-13733
-13792
-13857
-13890
-13970
-14075
-13682
-14237
-14323
-14455
-14550
-14619
-14665
-14747
-14846
-14949
-15020
-15069
-15083
-15128
-15224
-15287
-15350
-15466
-15529
-15563
-15579
-15625
-15651
-15693
-15743
-15794
-15842
-15918
-15920
-15932
-15989
-16027
-16094
-16170
-16184
-16186
-16186
-16205
-16249
-16264
-16250
-16270
-16333
-16348
-16359
-16354
-16313
-16313
-16319
-16329
-16357
-16340
-16304
-16277
-16250
-16216
-16170
-16119
-16096
-16077
-16035
-16006
-15966
-15909
-15867
-15842
-15825
-15810
-15787
-15756
-15703
-15665
-16121
-15598
-15584
-15573
-15552
-15512
-15483
-15449
-15426
-15447
-15455
-15443
-15405
-15386
-15392
-15426
-15462
-15495
-15525
-15548
-15552
-15607
-15663
-15709
-15768
-15789
-15863
-15962
-16062
-16153
-16239
-16344
-16439
-16529
-16670
-16833
-16989
-16632
-17203
-17327
-17495
-17626
-17741
-17833
-17938
-17592
-18178
-18285
-18411
-18499
-18567
-18640
-18697
-18760
-18869
-18980
-19086
-19184
-19250
-19329
-19415
-19060
-19638
-19730
-19821
-19917
-19962
-20027
-20098
-20207
-20291
-20327
-20361
-20405
-20436
-20504
-20562
-20596
-20649
-20693
-20710
-20733
-20741
-20735
-20747
-20771
-20771
-20731
-20667
-20657
-20653
-20651
-20605
-20539
-20460
-20382
-20331
-20302
-20233
-20140
-20050
-19993
-19939
-19846
-19768
-19714
-19653
-19634
-19590
-19535
-19453
-19447
-19418
-19373
-19315
-19277
-19224
-19144
-19105
-19119
-19132
-19092
-19020
-18978
-19010
-18999
-18970
-18936
-18943
-18938
-18938
-18938
-18945
-18957
-18976
-18991
-18983
-18953
-18947
-18941
-18955
-18980
-18569
-19354
-19397
-19447
-19520
-19594
-19657
-19716
-19791
-19813
-19831
-19844
-19871
-19901
-19976
-19999
-19999
-20002
-20062
-20123
-20134
-20136
-20151
-20189
-20214
-20209
-20239
-20266
-20275
-20271
-20264
-20289
-20268
-20250
-20281
-20230
-20197
-20170
-20153
-20165
-20157
-20165
-20184
-20165
-20113
-20042
-19997
-19995
-19995
-19985
-19980
-19955
-19917
-19894
-19878
-19875
-19880
-19842
-19829
-19806
-19817
-19859
-19859
-19896
-19909
-19896
-19930
-19955
-19970
-19959
-19955
-19974
-19989
-20069
-20157
-20235
-20266
-20285
-20334
-20430
-20474
-20510
-20558
-20628
-20659
-20709
-20749
-20796
-20896
-20970
-21090
-21153
-21167
-21209
-21270
-21329
-21390
-21438
-21489
-21546
-21605
-21688
-21731
-21766
-21764
-21817
-21871
-21888
-21886
-21926
-21972
-21957
-21920
-21926
-21508
-22083
-22125
-22149
-22151
-22092
-22092
-22151
-22176
-22182
-22167
-22149
-22136
-22117
-22130
-22140
-22073
-22075
-22111
-22151
-22151
-22142
-22109
-22092
-22102
-22123
-22189
-22237
-22210
-22210
-22220
-22243
-22241
-22275
-22275
-22254
-22247
-22275
-22315
-22340
-22354
-22376
-22390
-22407
-22439
-22510
-22508
-22468
-22449
-22468
-22529
-22626
-22676
-22718
-22747
-22737
-22710
-22720
-22770
-22802
-22834
-22875
-22873
-22823
-22798
-22831
-22829
-22829
-22842
-22836
-22815
-22817
-22821
-22819
-22817
-22848
-22838
-22781
-22750
-22752
-22743
-22754
-22739
-22720
-22710
-22705
-22699
-22682
-22668
-22726
-22756
-22789
-22821
-22781
-22754
-22779
-22819
-22852
-22869
-22871
-22901
-22943
-22970
-22970
-22974
-22978
-22989
-22997
-23037
-23126
-23170
-23214
-23247
-23254
-23291
-23336
-23371
-23403
-23445
-23504
-23542
-23590
-23636
-23688
-23749
-23791
-23808
-23831
-23859
-23897
-23459
-24006
-24060
-24126
-24167
-24176
-24203
-24235
-24310
-24340
-24388
-24455
-24451
-24468
-24493
-24521
-24531
-24531
-24541
-24529
-24525
-24520
-24493
-24459
-24430
-24407
-24378
-24340
-24283
-24230
-24182
-24136
-24083
-24008
-23943
-23915
-23890
-23869
-23823
-23754
-23714
-23651
-23558
-23491
-23428
-23344
-23304
-23306
-23298
-23275
-23186
-23084
-23039
-22980
-22945
-22915
-22844
-22756
-22670
-22596
-22562
-22502
-22478
-22462
-22426
-22371
-22325
-22279
-22239
-22188
-22180
-22205
-22262
-22252
-22201
-22159
-22167
-22189
-22191
-22180
-22210
-22231
-22205
-22153
-22167
-22199
-22212
-22249
-22239
-22193
-22178
-22199
-22203
-22218
-22228
-22243
-22266
-22266
-22256
-22287
-22310
-22304
-22329
-22344
-22342
-22346
-22342
-22359
-22348
-22352
-22361
-22373
-22359
-22355
-22350
-22331
-22275
-22283
-22329
-22312
-22226
-22186
-22184
-22199
-22159
-22104
-22100
-22094
-22029
-21959
-21920
-21903
-21880
-21840
-21800
-21731
-21709
-21693
-21628
-21554
-21457
-21403
-21357
-21319
-21277
-21237
-21197
-21151
-21113
-21058
-21010
-20964
-20945
-20905
-20903
-20873
-20792
-20703
-20640
-20581
-20539
-20447
-20367
-20310
-20254
-20199
-20155
-20073
-19968
-19899
-19846
-19798
-19773
-19693
-19583
-19502
-19420
-19338
-19283
-19182
-19088
-19010
-18955
-18901
-18833
-18773
-18735
-18676
-18617
-18539
-18485
-18438
-18392
-18310
-18273
-18199
-18146
-18115
-18052
-17997
-17939
-17861
-17823
-17865
-17888
-17737
-17558
-17405
-17325
-17233
-17241
-17291
-17344
-17399
-17382
-17413
-17573
-17728
-18020
-18386
-18733
-18579
-19340
-19527
-19806
-20014
-20243
-20590
-20976
-21300
-21665
-21981
-22174
-22405
-22632
-22722
-22823
-22491
-23153
-23271
-23390
-23584
-23594
-23634
-23697
-23863
-23861
-23840
-23838
-23808
-23703
-23604
-23455
-23182
-22995
-22745
-22523
-22214
-21861
-21533
-21201
-20890
-20993
-20205
-19821
-19491
-19075
-18714
-18384
-18539
-17726
-17445
-17184
-16964
-16665
-16420
-16275
-16609
-15920
-15831
-15758
-15754
-15737
-15781
-15804
-15863
-15905
-16046
-16235
-16485
-16710
-16924
-17218
-17525
-17752
-17605
-18088
-18964
-19420
-19829
-20268
-20806
-21321
-21802
-22258
-22625
-22485
-23405
-23745
-24132
-23970
-24647
-24817
-24936
-25037
-25117
-25155
-25081
-25167
-25243
-24829
-24058
-23623
-23142
-22476
-21926
-21899
-21474
-20630
-20231
-19825
-19464
-19146
-18783
-19048
-18438
-18291
-18165
-18050
-17840
-17525
-17363
-17588
-17037
-16596
-15909
-15894
-15876
-16069
-16355
-16741
-17075
-17510
-17970
-18403
-18897
-19294
-19688
-20069
-20396
-20817
-21151
-21415
-21560
-21789
-21976
-22117
-22176
-22201
-22224
-22216
-22086
-21928
-21667
-21972
-21209
-20903
-20565
-20239
-19890
-19460
-19499
-18630
-18241
-17779
-17312
-16876
-16361
-15794
-15329
-14894
-14386
-13928
-13493
-13130
-12745
-12340
-11888
-11550
-11247
-10869
-10670
-10338
-10073
-9817
-9584
-9459
-9315
-9193
-9153
-9117
-9104
-9157
-9191
-9268
-9371
-9571
-9625
-9686
-9966
-10088
-9777
-10480
-10707
-10949
-11157
-11409
-11726
-12029
-12321
-12562
-12798
-13063
-13386
-13665
-13890
-13720
-14550
-14792
-14957
-15249
-15550
-15758
-15899
-16113
-16313
-16468
-16144
-16712
-16787
-16934
-16621
-17140
-17125
-17147
-17230
-17260
-17237
-17134
-17050
-16980
-16905
-16825
-16712
-16628
-16495
-16396
-16270
-16167
-16048
-15918
-15836
-15676
-15546
-15436
-15325
-15226
-15090
-15050
-14957
-14823
-15144
-14565
-14468
-14344
-14294
-14203
-14172
-14088
-14008
-14044
-14023
-14004
-14004
-13959
-13987
-13987
-13985
-14016
-14008
-13989
-14000
-13970
-13934
-13955
-13873
-13737
-13619
-13537
-13485
-13403
-13266
-13153
-13060
-12970
-12884
-12789
-12659
-12579
-12489
-12348
-12230
-12119
-11995
-11947
-11878
-11787
-11689
-11613
-11602
-11527
-11334
-11239
-11201
-11092
-11004
-10884
-10817
-10848
-10792
-10682
-10638
-10571
-10563
-10558
-10491
-10411
-10325
-10230
-10138
-10088
-10014
-9876
-9792
-9777
-9728
-9663
-9625
-9544
-9499
-9432
-9392
-9367
-9205
-9113
-9063
-8941
-8859
-8722
-8674
-8663
-8602
-8611
-8556
-8523
-8470
-8426
-8451
-8460
-8380
-8409
-8436
-8413
-8386
-8455
-8489
-8558
-8613
-8638
-8581
-8647
-8739
-8781
-8792
-8775
-8823
-8869
-8936
-8991
-8989
-8985
-9079
-9084
-9126
-9065
-9037
-9039
-9065
-9117
-9140
-9086
-9136
-9119
-9094
-9128
-9174
-9130
-9063
-9069
-9306
-9418
-9386
-9357
-9254
-9092
-8985
-8962
-8968
-9016
-9069
-9123
-9117
-9168
-9146
-9128
-9121
-9180
-9296
-9350
-9312
-9378
-9399
-9396
-9434
-9434
-9441
-9438
-9413
-9346
-9348
-9333
-9350
-9252
-9247
-9226
-9231
-9138
-9111
-9144
-9107
-9042
-9021
-9000
-8936
-8884
-8833
-8813
-8842
-8699
-8586
-8539
-8510
-8376
-8312
-8291
-8209
-8117
-8021
-7930
-7739
-7581
-7491
-7812
-7098
-6945
-7317
-6632
-6420
-6275
-6138
-6010
-5907
-5760
-5640
-5615
-5680
-5716
-5750
-5819
-5905
-5999
-6117
-6319
-6426
-6611
-6762
-6821
-6848
-6892
-6903
-6855
-6915
-6911
-6989
-7023
-7069
-7075
-7062
-7065
-7029
-6903
-6792
-6724
-6596
-6430
-6214
-6029
-5924
-5766
-5489
-5289
-5073
-4808
-4562
-4283
-3981
-3735
-3453
-3264
-3111
-2854
-2632
-2924
-2174
-1844
-1552
-1350
-1056
-781
-399
-98
202
477
774
1078
1339
1606
1811
2072
2150
2337
2675
2921
3398
2826
2812
2803
2833
2877
