-21451
-21714
-21980
-22172
-22453
-22804
-23006
-23273
-22993
-23777
-24029
-24249
-24539
-24747
-24987
-25201
-24924
-25581
-25728
-25407
-25970
-26084
-26195
-26279
-26308
-26252
-26239
-26214
-26088
-26071
-25964
-25722
-25474
-25348
-25138
-24861
-24584
-24207
-23821
-23466
-23002
-22539
-22128
-21703
-21176
-20712
-20245
-19693
-19168
-18665
-18216
-17785
-17403
-16964
-16626
-16348
-15991
-15720
-15411
-15270
-15165
-15046
-14968
-15098
-15271
-15420
-15161
-15993
-16321
-16730
-16684
-17144
-17684
-18791
-19338
-19871
-20405
-21006
-21018
-22105
-22695
-23197
-23667
-24123
-24525
-24733
-24907
-25105
-25289
-25317
-25403
-25439
-25365
-25210
-25014
-24882
-24665
-24338
-24065
-23750
-23470
-23128
-22792
-22430
-22041
-21657
-21237
-20806
-20466
-20084
-19730
-19308
-18960
-19021
-18207
-17949
-17632
-17350
-17565
-16894
-16680
-16436
-16317
-16153
-16088
-15995
-15888
-15810
-15735
-15710
-15682
-15659
-15623
-15586
-15529
-15508
-15516
-15611
-15655
-15701
-15724
-15699
-15695
-15693
-15689
-15707
-15756
-15779
-15768
-15760
-15754
-15756
-15792
-15932
-16071
-16149
-16233
-16329
-16392
-16457
-16562
-16684
-16848
-17020
-17142
-17285
-17426
-17584
-17777
-17951
-17598
-18222
-18361
-18462
-18592
-18693
-18850
-18974
-19102
-19260
-19354
-19432
-19531
-19649
-19749
-19882
-19943
-20004
-20107
-20201
-20315
-20384
-20422
-20485
-20546
-20607
-20688
-20712
-20705
-20678
-20714
-20735
-20741
-20701
-20628
-20523
-20434
-20367
-20310
-20264
-20184
-20084
-19939
-19863
-19771
-19709
-19657
-19550
-19443
-19348
-19235
-19132
-19542
-18991
-18920
-18833
-18722
-18594
-18491
-18413
-18317
-18241
-18174
-18121
-18563
-17970
-17880
-17705
-17609
-17607
-17640
-17668
-17651
-18067
-17516
-17504
-17502
-17546
-17573
-17491
-17331
-17163
-16857
-17065
-16392
-16210
-16060
-15901
-15699
-15552
-15430
-15308
-15210
-15159
-15096
-15039
-14972
-14932
-14894
-14901
-14932
-14964
-15010
-15037
-15111
-15159
-15174
-15165
-15142
-15104
-15054
-15018
-14926
-14802
-14720
-14625
-14445
-14312
-14184
-14075
-13867
-14151
-13571
-13514
-13415
-13308
-13237
-13147
-13113
-13062
-13042
-13012
-13063
-13149
-13159
-13121
-13115
-13149
-13168
-13121
-13058
-13014
-13016
-13023
-13027
-13008
-12980
-12962
-12966
-12987
-13021
-13081
-13159
-12707
-13199
-13186
-13216
-13308
-13417
-13443
-13457
-13489
-13535
-13577
-13634
-13657
-13707
-13752
-13789
-13869
-13941
-14016
-14065
-14138
-14233
-14329
-14380
-14455
-14531
-14590
-14714
-14794
-14861
-14938
-15006
-15075
-14676
-15275
-15378
-15424
-15495
-15533
-15541
-15592
-15668
-15875
-15688
-16470
-16584
-16600
-16592
-16586
-16584
-16571
-16579
-16126
-16684
-16733
-16707
-16682
-16640
-16636
-16617
-16596
-16600
-16575
-16550
-16535
-16541
-16552
-16577
-16575
-16577
-16600
-16577
-16554
-16562
-16571
-16583
-16556
-16529
-16495
-16512
-16520
-16523
-16497
-16432
-16409
-16439
-16474
-16483
-16426
-16375
-16310
-16266
-16224
-16165
-16111
-16039
-16012
-15995
-15995
-15981
-15972
-15934
-15957
-16006
-16037
-16081
-16094
-16105
-16136
-16136
-16149
-16222
-16247
-16260
-16291
-16304
-16365
-16426
-16466
-16508
-16535
-16552
-16569
-16667
-16722
-16752
-16764
-16781
-16796
-16798
-16817
-16815
-16815
-16771
-16720
-16701
-16676
-16670
-16674
-16693
-16710
-16695
-16651
-16647
-16665
-16636
-16657
-16676
-16691
-16678
-16653
-17094
-16581
-16573
-16573
-16125
-16602
-16563
-16518
-16499
-16470
-16447
-16445
-16390
-16342
-16342
-16325
-16252
-16218
-16159
-16052
-15972
-15857
-15762
-15720
-15649
-15556
-15476
-15392
-15348
-15294
-15224
-15625
-15010
-14930
-14938
-14947
-14880
-14848
-14808
-14770
-14745
-14731
-14743
-14726
-14714
-14691
-14676
-14674
-14689
-14703
-14716
-14712
-14703
-14697
-14661
-14674
-14699
-14705
-14659
-14615
-14594
-14573
-14607
-14644
-14596
-14535
-14497
-14447
-14403
-14373
-14336
-14333
-14304
-14306
-14258
-14170
-14088
-14058
-14029
-14000
-13968
-13962
-13957
-13947
-13913
-13886
-13871
-13896
-13905
-13865
-13833
-13806
-13838
-13865
-13894
-13873
-13846
-13827
-13827
-13792
-13747
-13703
-13686
-13701
-13730
-13722
-13705
-13659
-13590
-13575
-13598
-13596
-13584
-13544
-13537
-13546
-13554
-13542
-13520
-13502
-13542
-13556
-13548
-13550
-13567
-13592
-13571
-13562
-13535
-13527
-13537
-13531
-13527
-13546
-13584
-13554
-13451
-13340
-13270
-13222
-13176
-13107
-13006
-12869
-12787
-12733
-12684
-12680
-12668
-12646
-12604
-12521
-12472
-12439
-12399
-12365
-12373
-12344
-12331
-12315
-12327
-12313
-12228
-12170
-12136
-12168
-12159
-12115
-12098
-12067
-12000
-11936
-11909
-11890
-11875
-11844
-11802
-11754
-12209
-11688
-11628
-11565
-11523
-11487
-11445
-11399
-11344
-11292
-11228
-11220
-11203
-11172
-11126
-11113
-11111
-11128
-11130
-11119
-11113
-11123
-11125
-11134
-11121
-11119
-11104
-11075
-11077
-11063
-11088
-11138
-11178
-11186
-11178
-11174
-11174
-11182
-11209
-11264
-11285
-11273
-11279
-11273
-11287
-11312
-11344
-11394
-11405
-11348
-11323
-11367
-11409
-11428
-11445
-11430
-11390
-11401
-11413
-11422
-11424
-11424
-11401
-11354
-11331
-11323
-11333
-11312
-11285
-11279
-11308
-11313
-11312
-11336
-11355
-11373
-11397
-11409
-11386
-11373
-11394
-11462
-11531
-11588
-11651
-11667
-11688
-11733
-11775
-11834
-11903
-11983
-12031
-12079
-12142
-12188
-12260
-12321
-12355
-12396
-12434
-12480
-12527
-12596
-12628
-12638
-12216
-12749
-12829
-12888
-12907
-12947
-12985
-13021
-13071
-13088
-13083
-13102
-13159
-13210
-13262
-13262
-13243
-13224
-13224
-13214
-13207
-13258
-13279
-13289
-13273
-13268
-13254
-13260
-13287
-13268
-13256
-13247
-13212
-13182
-13167
-13146
-13132
-13119
-13094
-13062
-13058
-12987
-12880
-12806
-12731
-12657
-12621
-12562
-12480
-12342
-12682
-12052
-11936
-11808
-11646
-11439
-11241
-11105
-10939
-11224
-10573
-10367
-10142
-9913
-9678
-9514
-9397
-9239
-9037
-8867
-8712
-8560
-8445
-8787
-8186
-8107
-8025
-7939
-7846
-7762
-7640
-7464
-7218
-7044
-7033
-7174
-7392
-7541
-7600
-7562
-7546
-7609
-7674
-7741
-7817
-7888
-8027
-8178
-8315
-8470
-8615
-8766
-9029
-9277
-9499
-9728
-9928
-10062
-9779
-10521
-10697
-10894
-11048
-11168
-11329
-11478
-11611
-11247
-11815
-11869
-11928
-11978
-12006
-12025
-12023
-11972
-11896
-11852
-11792
-11684
-11584
-11495
-11382
-11241
-11144
-11010
-10894
-11235
-10590
-10466
-10325
-10147
-10010
-9827
-9678
-9533
-9359
-9144
-8980
-8800
-8626
-8462
-8762
-8081
-7943
-7791
-7644
-7510
-7361
-7243
-7167
-7084
-7006
-6953
-6854
-6760
-6758
-6756
-6691
-6657
-6695
-6674
-6642
-6605
-6569
-6583
-6617
-6651
-6710
-6764
-6817
-6854
-6896
-6901
-6941
-7054
-7140
-7199
-7271
-7329
-7375
-7457
-7556
-7646
-7726
-7781
-7834
-7924
-8029
-8098
-8193
-8268
-8262
-8264
-8323
-8355
-8413
-8493
-8502
-8542
-8586
-8598
-8626
-8626
-8642
-8653
-8688
-8701
-8699
-8705
-8728
-8771
-8785
-8783
-8787
-8794
-8792
-8783
-8787
-8794
-8838
-8850
-8808
-8766
-8752
-8760
-8764
-8756
-8771
-8775
-8806
-8834
-8846
-8842
-8844
-8876
-8897
-8899
-8924
-8997
-9018
-8985
-8970
-8993
-9046
-9090
-9102
-9132
-9140
-9138
-9149
-9151
-9155
-9165
-9123
-9105
-9105
-9109
-9094
-9054
-9027
-8983
-8941
-8882
-8848
-8819
-8789
-8726
-8668
-8628
-8575
-8500
-8447
-8384
-8787
-8258
-8252
-8260
-8228
-8159
-8056
-7976
-7917
-7836
-7770
-7728
-7674
-7607
-7552
-7518
-7459
-7447
-7453
-7455
-7405
-7344
-7283
-7237
-7203
-7172
-7134
-7098
-7113
-7102
-7046
-7018
-7000
-6985
-6970
-6949
-6953
-6970
-7008
-7037
-7016
-7012
-7052
-7119
-7138
-7163
-7159
-7161
-7182
-7228
-7302
-7357
-7422
-7464
-7472
-7506
-7554
-7577
-7647
-7718
-7749
-7771
-7775
-7787
-7834
-7861
-8304
-7756
-7758
-7808
-7846
-7875
-7930
-7980
-8041
-8069
-8109
-8165
-8228
-8319
-8312
-8338
-8380
-8432
-8457
-8525
-8516
-8537
-8665
-8667
-8609
-8632
-8563
-8571
-8541
-8504
-8460
-8436
-8399
-8397
-8357
-8789
-8165
-8020
-7896
-7726
-7550
-7420
-7243
-7023
-6791
-6495
-6193
-5943
-5697
-5829
-5104
-4911
-4750
-4594
-4875
-4199
-3972
-3810
-3651
-3434
-3292
-3016
-2741
-2552
-2397
-2275
-2126
-1974
-1838
-1804
-1743
-1726
-1737
-1785
-1821
-1905
-2060
-2279
-2533
-2785
-3111
-3008
-3787
-4084
-4596
-4997
-4936
-5852
-6327
-6817
-7291
-7817
-7857
-8773
-9191
-9636
-10039
-10457
-10884
-10781
-11684
-12146
-12583
-12917
-13313
-13672
-14000
-14348
-14598
-14840
-15092
-15279
-15476
-15575
-15630
-15640
-15653
-15642
-15626
-15499
-15457
-15367
-15184
-14960
-14806
-14577
-14252
-14004
-13709
-13420
-13119
-12892
-12571
-12306
-12107
-11949
-12193
-11470
-11262
-11077
-10932
-10836
-10678
-10600
-10548
-10491
-10489
-10514
-10514
-10525
-10613
-10703
-10819
-10945
-11031
-11151
-11287
-11478
-11626
-11766
-11955
-12128
-12373
-12579
-12823
-13031
-13271
-13407
-13480
-13663
-13806
-13920
-14021
-14140
-14340
-14510
-14689
-14915
-15125
-15340
-15609
-15810
-16039
-16308
-16516
-16705
-16964
-16625
-17209
-17334
-17401
-17438
-17478
-17493
-17575
-17598
-17105
-17659
-17697
-17672
-17686
-17678
-17770
-17771
-17676
-17602
-17607
-17579
-17577
-17562
-17451
-17375
-17359
-17354
-17361
-17378
-17361
-17312
-17270
-17209
-17243
-17256
-17298
-17323
-17344
-17436
-17548
-17709
-17785
-17875
-18062
-18262
-18506
-18647
-18861
-18609
-19325
-19510
-19709
-19972
-20201
-20384
-20604
-20771
-20918
-21126
-21287
-21380
-21483
-21647
-21785
-21980
-22042
-22048
-22191
-22218
-22170
-22224
-22197
-22136
-22039
-21941
-21752
-21600
-21972
-21323
-21243
-21090
-20966
-20869
-20709
-20558
-20459
-20354
-20138
-19907
-19798
-19646
-20023
-19392
-19231
-18997
-18867
-18768
-19041
-18336
-18195
-18563
-17980
-17810
-17709
-17651
-17544
-17520
-17464
-17523
-17529
-17529
-17630
-17688
-17739
-17875
-17957
-18014
-18199
-18382
-18548
-18682
-18861
-18609
-19287
-19439
-19649
-19859
-20115
-20359
-20548
-20709
-20878
-21104
-21355
-21565
-21735
-21943
-22004
-22069
-22178
-22252
-22287
-22352
-22340
-22363
-22388
-22411
-22430
-22334
-22306
-22264
-22220
-22182
-22104
-22084
-22069
-22470
-21943
-21949
-21869
-21781
-21794
-21743
-21710
-21756
-21722
-21678
-21747
-21888
-21500
-22042
-22048
-22105
-22209
-22382
-22449
-22499
-22586
-22762
-22951
-23081
-23241
-23434
-23598
-23869
-24048
-24268
-24497
-24718
-24907
-25193
-25474
-25720
-25936
-26199
-26487
-26756
-27004
-27254
-27464
-27695
-27934
-28119
-27861
-28445
-28504
-28709
-28857
-28957
-29008
-29033
-29058
-29090
-29125
-29081
-28951
-28976
-28981
-29306
-28771
-28674
-28581
-28539
-28415
-28264
-28155
-28037
-28333
-27730
-27571
-27363
-27226
-27111
-26987
-26825
-26684
-26659
-26527
-26468
-26867
-26296
-26239
-26167
-26159
-26155
-26151
-26134
-26119
-26168
-26188
-26182
-26216
-26212
-26312
-26396
-26478
-26565
-26634
-26752
-26405
-27000
-27077
-27193
-27304
-27439
-27588
-27731
-27815
-27939
-28073
-28174
-27852
-28539
-28651
-28714
-28939
-29086
-29136
-29188
-29262
-29388
-29375
-29422
-29420
-29355
-29371
-29405
-29418
-29319
-29222
-29144
-29067
-28939
-28850
-28779
-28628
-28485
-28386
-28191
-28046
-27894
-27754
-27567
-27361
-27161
-26922
-26796
-26623
-26430
-26172
-25981
-25817
-25579
-25386
-25176
-24981
-24745
-24527
-24283
-24117
-24020
-23873
-23712
-23598
-23481
-23396
-23308
-23216
-23182
-23165
-23130
-23147
-23134
-23077
-23044
-23136
-23107
-23037
-23058
-23027
-23016
-23033
-23077
-23081
-23016
