-33697
-32863
-32583
-32392
-32079
-32216
-31439
-31191
-30890
-30667
-30516
-30304
-30088
-29943
-30245
-29554
-29420
-29296
-29121
-28991
-28913
-28831
-28737
-28709
-28642
-28541
-28523
-28470
-28424
-28459
-28480
-28573
-28615
-28617
-28680
-28741
-28781
-28825
-28875
-28980
-28983
-29023
-29037
-29113
-29180
-29275
-29243
-29132
-29069
-29105
-29018
-28882
-28733
-28569
-28407
-28191
-27934
-27701
-27542
-27270
-26980
-26733
-26466
-26218
-25981
-25630
-25833
-25077
-24876
-24722
-24600
-24447
-24323
-24153
-24002
-23924
-23867
-23752
-23636
-23537
-23420
-23323
-23230
-23163
-23069
-23018
-22999
-22968
-22869
-22827
-22838
-22821
-22787
-22827
-22865
-22852
-22829
-22823
-22865
-22928
-22983
-23069
-23117
-23147
-23212
-23289
-23373
-23413
-23411
-23390
-23434
-23506
-23531
-23533
-23508
-23504
-23504
-23502
-23464
-23438
-23474
-23520
-23495
-23468
-23438
-23432
-23424
-23439
-23480
-23459
-23438
-23439
-23449
-23480
-23506
-23518
-23529
-23525
-23512
-23520
-23594
-23661
-23705
-23726
-23737
-23743
-23741
-23743
-23737
-23777
-23827
-23453
-23978
-23989
-23974
-23970
-23997
-24050
-24084
-24113
-24142
-24165
-24220
-24291
-24317
-24287
-24275
-24327
-24420
-24474
-24472
-24457
-24481
-24527
-24558
-24529
-24497
-24447
-24399
-24363
-24365
-24352
-24291
-24167
-24109
-24098
-24065
-23976
-23880
-23802
-23712
-23615
-23464
-23300
-23176
-23065
-22964
-22848
-22680
-22491
-22333
-22176
-22062
-21951
-21838
-21691
-21512
-21363
-21266
-21107
-20911
-20750
-20579
-20438
-20354
-20268
-20146
-19995
-19813
-19663
-20020
-19363
-19180
-19067
-18947
-18808
-18712
-18625
-18521
-18439
-18338
-18249
-18170
-18100
-18016
-17943
-17873
-17831
-17804
-17739
-17670
-17613
-17556
-17457
-17401
-17355
-17300
-17252
-17210
-17157
-17104
-17018
-16966
-16920
-16875
-16802
-16794
-16771
-16712
-16632
-16550
-16520
-16521
-16472
-16394
-16323
-16201
-16083
-15981
-15878
-15787
-15682
-15565
-15476
-15436
-15361
-15300
-15218
-15632
-15077
-15069
-15041
-15012
-14915
-14836
-14785
-14726
-14684
-14668
-14647
-14625
-14607
-14609
-14636
-14625
-14592
-14584
-14594
-14684
-14806
-14896
-14941
-15008
-15086
-15184
-15292
-15399
-15504
-15581
-15653
-15728
-15810
-15884
-15985
-16111
-16212
-16310
-16401
-16460
-16535
-16144
-16735
-16813
-16850
-16882
-16962
-17025
-17073
-17111
-17157
-17210
-17277
-17357
-17388
-17396
-17359
-17304
-17258
-17256
-17260
-17231
-17191
-17147
-17142
-17134
-17107
-17041
-16955
-16896
-16878
-16840
-16813
-16739
-16649
-16598
-16588
-16579
-16525
-16418
-16254
-16151
-16096
-16044
-15989
-15938
-15861
-15825
-15787
-15730
-15642
-15563
-15531
-15558
-15531
-15466
-15348
-15285
-15268
-15252
-15231
-15207
-15176
-15193
-15228
-15224
-15167
-15084
-15119
-15159
-15172
-15632
-15136
-15165
-15180
-15186
-15168
-15191
-15210
-15245
-15270
-15308
-15359
-15443
-15500
-15544
-15565
-15590
-15149
-15657
-15688
-15777
-15873
-16010
-16147
-16300
-16462
-16611
-16731
-16834
-16939
-17042
-17111
-17149
-17182
-17235
-17292
-17334
-17382
-17392
-17411
-17464
-17537
-17554
-17579
-17577
-17548
-17533
-17552
-17579
-17604
-18071
-17560
-17575
-17638
-17695
-17764
-17806
-17785
-17730
-17657
-17649
-17695
-17710
-17726
-17676
-17653
-17636
-17636
-17634
-17619
-17592
-17556
-17502
-17439
-17388
-17333
-17243
-17172
-17113
-17050
-16983
-16911
-16764
-16615
-16481
-16329
-16157
-16056
-15966
-15852
-15703
-15560
-15420
-15319
-15231
-15117
-15014
-14863
-14766
-14697
-14604
-14518
-14462
-14409
-14371
-14277
-14128
-13983
-13901
-13806
-13697
-13575
-13443
-13323
-13224
-13130
-13050
-12915
-12777
-12665
-12533
-12418
-12340
-12231
-12147
-12065
-11949
-11875
-11794
-11697
-11623
-11544
-11497
-11403
-11315
-11222
-11182
-11128
-11037
-10959
-10959
-10993
-10985
-10949
-10838
-10794
-10770
-10770
-10815
-10838
-10794
-10758
-10735
-10730
-10739
-11237
-10697
-10707
-10747
-10726
-10720
-10749
-10794
-10798
-10802
-10817
-10855
-10875
-10882
-10918
-10955
-10995
-11027
-11037
-11042
-11048
-11054
-11039
-11031
-11071
-11136
-11182
-11218
-10750
-11312
-11371
-11392
-11417
-11459
-11500
-11563
-11617
-11670
-11739
-11783
-11846
-11970
-12042
-12088
-12113
-12113
-12161
-12277
-12373
-12447
-12493
-12520
-12539
-12594
-12628
-12668
-12682
-12699
-12728
-12754
-12787
-12836
-12836
-12833
-12897
-12972
-12983
-13016
-13012
-13020
-13042
-13058
-13052
-13048
-13063
-13096
-13121
-13119
-13079
-13065
-13060
-13050
-13071
-13107
-13098
-13054
-13010
-13002
-12955
-12892
-12829
-12775
-12735
-12697
-12642
-12602
-12525
-12483
-12422
-12334
-12294
-12271
-12241
-12256
-12249
-12172
-12094
-12075
-12048
-12033
-12016
-11976
-11913
-11854
-11827
-11766
-11720
-11693
-11646
-11605
-11586
-11539
-11499
-11457
-11434
-11417
-11394
-11348
-11300
-11207
-11151
-11109
-11048
-11060
-11079
-11086
-11102
-11098
-11111
-11102
-11102
-11111
-11115
-11140
-11138
-11126
-11136
-11167
-11230
-11275
-11338
-11376
-11409
-11430
-11447
-11472
-11516
-11562
-11611
-11636
-11634
-11657
-11712
-11749
-11806
-11854
-11876
-11884
-11876
-11823
-11804
-11865
-11899
-11886
-11869
-11840
-11794
-11739
-11739
-11754
-11701
-11640
-11537
-11417
-11329
-11271
-11199
-11126
-11054
-11004
-10926
-10764
-10569
-10459
-10352
-10264
-10113
-9955
-9875
-9783
-9657
-9556
-9418
-9764
-9203
-9065
-8892
-8760
-8638
-8510
-8441
-8338
-8178
-8107
-8016
-7907
-7854
-7775
-7688
-7638
-7600
-7590
-7558
-7491
-7401
-7357
-7367
-7361
-7344
-7352
-7378
-7401
-7428
-7390
-7367
-7380
-7390
-7415
-7417
-7428
-7438
-7441
-7449
-7449
-7457
-7493
-7512
-7544
-7571
-7584
-7607
-7630
-7676
-7745
-7781
-7785
-7798
-7817
-7840
-7886
-7936
-7957
-8006
-8023
-8027
-8033
-8044
-8084
-8126
-8172
-8247
-8302
-8319
-8336
-8310
-8279
-8327
-8403
-8462
-8455
-8420
-8420
-8445
-8460
-8506
-8497
-8478
-8487
-8520
-8565
-8600
-8586
-8598
-8651
-8680
-8703
-8739
-8821
-8867
-8930
-8993
-9010
-9014
-9046
-9105
-9182
-9250
-9321
-9376
-9401
-9375
-9361
-9417
-9462
-9560
-9628
-9630
-9607
-9626
-9665
-9684
-9655
-9653
-9661
-9634
-9571
-9520
-9554
-9558
-9531
-9504
-9439
-9390
-9380
-9369
-9371
-9306
-9220
-9163
-9159
-9147
-9092
-9020
-8957
-8892
-8846
-8758
-8689
-8630
-8579
-8523
-8447
-8369
-8273
-8155
-8109
-8048
-7953
-7861
-7766
-7699
-7655
-7546
-7460
-7415
-7355
-7268
-7199
-7105
-7006
-6962
-6926
-6880
-7325
-6802
-6737
-6686
-6630
-6636
-6663
-6665
-6651
-6592
-6510
-6493
-6563
-6626
-6626
-6625
-6596
-6613
-6676
-6758
-6787
-6752
-6739
-6800
-6880
-6943
-6989
-7016
-7021
-7031
-7083
-7123
-7115
-7113
-7157
-7266
-7384
-7415
-7439
-7489
-7554
-7674
-7779
-7796
-7842
-7911
-8008
-8126
-8228
-8296
-8394
-8506
-8573
-8642
-8710
-8752
-8781
-8836
-8909
-8974
-8999
-9025
-9016
-9020
-9027
-9016
-9000
-8999
-8964
-8930
-8888
-8829
-8766
-8682
-8556
-8483
-8424
-8334
-8279
-8214
-8147
-8104
-8042
-7928
-7833
-7731
-7649
-7598
-7541
-7491
-7474
-7464
-7409
-7371
-7313
-7256
-7262
-7270
-7302
-7304
-7250
-7228
-7207
-7243
-7281
-7310
-7348
-7348
-7380
-7422
-7451
-7512
-7556
-7609
-7663
-7733
-7758
-7815
-7897
-7941
-7955
-7953
-7968
-8050
-8146
-8233
-7829
-8308
-8283
-8292
-8273
-8300
-8327
-8308
-8245
-8094
-7985
-7871
-7617
-7397
-7212
-6852
-6565
-6260
-5924
-5634
-5378
-5002
-4670
-4865
-4096
-3817
-3607
-3397
-3146
-2962
-2848
-2684
-2516
-2401
-2317
-2235
-2123
-2107
-2046
-2031
-2077
-2168
-2266
-2367
-2457
-2584
-2682
-2892
-3126
-3256
-2953
-3678
-3894
-4058
-4193
-4357
-4480
-4640
-4852
-5000
-5077
-5102
-5230
-5317
-5304
-5352
-5344
-5317
-5300
-5235
-5170
-5168
-5060
-4960
-4873
-4861
-4741
-4670
-4497
-4415
-4300
-4144
-4018
-3875
-3749
-3626
-3485
-3401
-3310
-3163
-3123
-3041
-2962
-2873
-2840
-2773
-2691
-2691
-2575
-2485
-2495
-2506
-2455
-2485
-2544
-2491
-2380
-2422
-2413
-2413
-2441
-2439
-2405
-2397
-2411
-2426
-2499
-2510
-2500
-2546
-2630
-2682
-2728
-2838
-2896
-2968
-3052
-3146
-3315
-2936
-3520
-3590
-3768
-3434
-4056
-4180
-4302
-4480
-4693
-4836
-4955
-5113
-5237
-4896
-5542
-5604
-5745
-5821
-5920
-5997
-6037
-6033
-6010
-6050
-6054
-6056
-6039
-5980
-6023
-5964
-5876
-5846
-5821
-5905
-5873
-5752
-5754
-5745
-5693
-5682
-5695
-5707
-5743
-5785
-5771
-5705
-5728
-5739
-5758
-5800
-5812
-5848
-5892
-5886
-6012
-6067
-6083
-6180
-6199
-6249
-6277
-6352
-6363
-6462
-6474
-6476
-6544
-6514
-6546
-6594
-6602
-6573
-6577
-6623
-6602
-6592
-6602
-6594
-6468
-6399
-6392
-6308
-6201
-6176
-6153
-6077
-6010
-6016
-5987
-5985
-6067
-6128
-6115
-6188
-6334
-6453
-6535
-6720
-6863
-7006
-7193
-6863
-7607
-7909
-8104
-7829
-8518
-8340
-9073
-8812
-9504
-9743
-9993
-10218
-10504
-10298
-10981
-11167
-11300
-11476
-11621
-11783
-11930
-12020
-11730
-12397
-12451
-12581
-12674
-12800
-12907
-12951
-13016
-13119
-13191
-13336
-13424
-13546
-13609
-13781
-13869
-13941
-14083
-14142
-14249
-14313
-14447
-14571
-14628
-14699
-14775
-14920
-15048
-15172
-15315
-15424
-15569
-15768
-15924
-16029
-16138
-16256
-16451
-16531
-16153
-16762
-16926
-16617
-17237
-17417
-17102
-17689
-17840
-17985
-18134
-18235
-18287
-18417
-18607
-18640
-18680
-18750
-18833
-18913
-18949
-18978
-18949
-18997
-18981
-19031
-19067
-19071
-19042
-19010
-18993
-18991
-19025
-19079
-19031
-19041
-19071
-19119
-19147
-19193
-19268
-19338
-19441
-19537
-19678
-19785
-19859
-19896
-19989
-19983
-20071
-20178
-20258
-20344
-20426
-20497
-20621
-20768
-20899
-20980
-21077
-21222
-21312
-21464
-21542
-21657
-21754
-21905
-21980
-22016
-22113
-22176
-22237
-22273
-22348
-22388
-22415
-22378
-22397
-22438
-22420
-22438
-22409
-22329
-22334
-22262
-22203
-22157
-22102
-22002
-21918
-21854
-21722
-21644
-21506
-21455
-21333
-21163
-21060
-21027
-20999
-20947
-20894
-20920
-20539
-21052
-21128
-21193
-21254
-21357
-21018
-21649
-21951
-22189
-22390
-22590
-22863
-23210
-23449
-23632
-23878
-24218
-24510
-24712
-24917
-25117
-25359
-25558
-25688
-25840
-25947
-26073
-26195
-26283
-26373
-26457
-26468
-26418
-26354
-26405
-26357
-26313
-26207
-26130
-26031
-25941
-25827
-25733
-25510
-25892
-25327
-25207
-25004
-24831
-24756
-24647
-24521
-24913
-24352
-24355
-24340
-24323
-24241
-24155
-24172
-24218
-24210
-24283
-24346
-24407
-24527
-24663
-24821
-24443
-25075
-25195
-25342
-25485
-25689
-25848
-25981
-26128
-26285
-26445
-26598
-26718
-26405
-27023
-27092
-27216
-27334
-27447
-27562
-27646
-27682
-27730
-27760
-27733
-27750
-27766
-27834
-27815
-27770
-27691
-27682
-27697
-27628
-27581
-27500
-27460
-27817
-27235
-27123
-27006
-26854
-26710
-26550
-26472
-26275
-26092
-26376
-25695
-25518
-25338
-25161
-24918
-24724
-24569
-24373
-24140
-23943
-23815
-23552
-23359
-23264
-23134
-22989
-22781
-22621
-22523
-22432
-22287
-22271
-22266
-22237
-22191
-22207
-22207
-22241
-22331
-22397
-22460
-22556
-22628
-22684
-22813
-22999
-23084
-23197
-22980
-23672
-23789
-23930
-24130
-23955
-24615
-24735
-24980
-25174
-24930
-25562
-25731
-25438
-26077
-26250
-26327
-26472
-26632
-26697
-26750
-26852
-26934
-27058
-27081
-27018
-26993
-27010
-27025
-27000
-26873
-26770
-26745
-26647
-26550
-26453
-26399
-26285
-26174
-26115
-26041
-25918
-25808
-25710
-25541
