-23367
-23428
-23499
-23605
-23714
-23827
-23876
-24044
-24462
-24632
-24804
-25012
-25203
-24922
-25607
-25686
-25827
-25934
-26067
-26209
-26957
-27119
-27338
-27554
-27684
-27750
-27789
-27922
-28056
-28069
-28058
-28058
-28054
-28069
-28060
-28083
-28071
-28104
-28130
-28167
-28153
-28151
-28104
-28077
-28023
-27911
-27857
-27880
-27871
-27787
-27709
-27581
-27533
-27542
-27502
-27417
-27333
-27273
-27287
-27189
-27140
-27159
-27092
-27125
-27060
-27058
-27073
-27077
-27060
-26957
-26873
-26838
-26779
-26722
-26733
-26688
-26605
-26531
-26495
-26455
-26459
-26441
-26409
-26394
-26329
-26256
-26224
-26146
-26119
-26086
-26050
-26004
-25922
-25871
-25888
-25918
-25896
-25903
-25911
-25899
-25896
-26382
-25878
-25890
-25909
-25943
-25985
-25989
-26016
-25989
-25976
-26010
-26014
-26042
-26033
-26025
-26067
-26094
-26084
-26060
-26090
-26159
-26197
-26188
-26168
-26184
-26172
-26184
-26174
-26191
-26228
-26256
-26245
-26231
-26230
-26226
-26218
-26178
-26125
-26117
-26073
-26046
-26039
-26054
-26086
-26071
-26023
-25983
-25966
-25909
-25850
-25850
-25844
-25823
-25785
-25712
-25636
-25605
-25558
-25546
-25533
-25491
-25441
-25424
-25397
-25363
-25317
-25266
-25252
-25252
-25239
-25224
-25205
-25167
-25163
-25155
-25155
-25115
-25090
-25077
-25073
-25077
-25063
-25046
-25014
-24976
-24938
-24888
-24840
-24834
-24861
-24840
-24817
-24770
-24686
-24636
-24604
-24579
-24550
-24455
-24378
-24312
-24294
-24292
-24277
-24230
-24155
-24069
-23991
-24426
-23896
-23855
-23813
-23754
-23619
-23537
-23464
-23420
-23367
-23289
-23210
-23090
-22978
-22901
-22812
-22684
-22605
-22552
-22508
-22397
-22312
-22237
-22153
-22062
-22462
-21892
-21831
-21779
-21701
-21653
-21575
-21537
-21499
-21462
-21443
-21403
-21312
-21222
-21180
-21176
-21201
-21182
-21113
-21128
-21144
-21205
-21271
-21294
-21327
-21359
-21418
-21474
-21510
-21569
-21647
-21714
-21815
-21947
-22018
-22094
-22226
-22336
-22447
-22521
-22638
-22787
-22943
-23140
-23294
-23397
-23550
-23731
-23915
-24102
-24220
-24359
-24508
-24647
-24775
-24833
-24846
-24878
-24928
-24949
-24941
-24907
-24903
-24939
-24949
-24934
-24901
-24840
-24815
-24775
-24762
-24792
-24781
-24739
-24703
-24670
-24661
-24605
-24602
-24594
-24565
-24521
-24489
-24392
-24355
-24375
-24357
-24308
-24207
-24117
-24086
-24029
-24420
-23871
-23821
-23831
-23827
-23833
-23825
-23815
-23813
-23834
-23859
-23852
-23865
-23888
-23911
-23897
-23833
-23817
-23854
-23890
-23842
-23697
-23562
-23508
-23462
-23411
-23365
-23285
-23176
-23105
-23006
-23449
-22907
-22833
-22750
-22668
-22583
-22531
-22478
-22407
-22390
-22308
-22218
-22147
-22083
-21953
-21852
-21754
-21714
-21689
-21636
-21567
-21985
-21417
-21344
-21273
-21212
-21201
-21201
-21176
-21149
-21119
-21115
-21102
-21107
-21155
-21230
-21283
-21327
-21378
-21010
-21600
-21689
-21741
-21825
-21945
-22050
-22159
-22270
-22382
-22525
-22655
-22770
-22943
-23117
-23245
-23411
-23626
-23804
-23993
-24125
-24268
-23964
-24611
-24863
-25105
-25275
-25441
-25605
-25733
-25886
-26069
-26231
-25907
-26569
-26691
-26808
-26926
-27060
-27203
-27273
-26878
-27443
-27468
-27529
-27625
-27672
-27693
-27682
-27667
-27632
-27632
-27636
-27638
-27609
-27542
-27468
-27401
-27304
-27161
-27014
-26838
-26741
-26701
-26584
-26432
-26304
-26214
-26132
-26048
-25955
-25903
-25838
-25785
-25747
-25686
-25594
-25541
-25449
-25354
-25291
-25237
-25222
-25235
-25193
-25172
-25105
-24930
-24739
-24508
-24397
-24382
-24333
-24214
-24012
-23972
-24046
-24147
-24254
-24352
-24529
-24625
-24573
-24892
-24174
-24000
-23836
-23781
-23760
-23609
-23939
-23270
-23239
-23333
-23474
-23466
-23336
-23081
-22897
-22842
-22909
-22995
-23021
-22991
-22972
-22985
-23041
-23069
-23128
-23210
-23296
-23378
-23472
-23520
-23541
-23569
-23607
-23644
-23674
-23697
-23756
-23863
-23894
-23857
-23846
-23861
-23913
-23978
-24041
-24090
-24109
-24140
-24197
-24273
-24354
-24460
-24533
-24594
-24642
-24750
-24857
-25004
-25134
-25268
-25361
-25455
-25518
-25594
-25722
-25815
-25917
-26020
-26188
-26315
-26420
-26546
-26676
-26787
-26913
-27046
-27147
-27279
-27407
-27480
-27520
-27558
-27592
-27659
-27689
-27752
-27796
-27838
-27852
-27810
-27796
-27817
-27363
-27871
-27863
-27833
-27808
-27770
-27750
-27703
-27613
-27520
-27480
-27514
-27499
-27451
-27417
-27428
-27449
-27527
-27586
-27636
-27655
-27739
-27813
-27873
-27928
-27941
-27966
-28060
-28182
-28283
-28386
-28489
-28527
-28604
-28688
-28764
-28855
-28951
-29029
-29121
-29189
-29260
-29296
-29336
-29367
-29386
-29424
-29460
-29489
-29514
-29565
-29577
-29604
-29638
-29655
-29661
-29642
-29598
-29539
-29466
-29397
-29315
-29199
-29132
-29056
-28913
-28791
-28621
-28457
-28350
-28247
-28062
-27852
-27623
-27434
-27300
-27107
-26892
-26730
-26531
-26325
-26088
-26346
-25693
-25541
-25352
-25203
-24966
-24813
-24653
-24438
-24260
-24109
-23985
-23836
-23667
-23546
-23936
-23315
-23201
-23117
-23037
-22989
-22926
-22857
-22829
-22806
-22743
-22712
-22705
-22743
-22741
-22750
-22791
-22789
-22804
-22867
-22869
-22905
-22949
-23023
-23117
-23115
-23134
-23163
-23218
-23268
-23325
-23397
-23478
-23516
-23525
-23550
-23617
-23663
-23730
-23741
-23760
-23831
-23886
-23955
-24002
-24041
-24010
-23997
-24058
-24210
-24313
-24298
-24231
-24146
-24052
-24010
-23999
-23972
-23878
-23787
-23626
-23459
-23344
-23218
-23165
-23060
-22892
-22735
-22575
-22420
-22289
-22157
-22063
-21968
-21896
-21884
-21917
-21911
-21854
-21768
-21667
-21569
-21478
-21350
-21249
-21168
-21107
-21046
-20920
-20771
-20667
-20546
-20451
-20350
-20315
-20313
-20281
-20239
-20195
-20136
-20105
-20117
-20180
-20226
-20220
-20264
-20312
-20373
-20411
-20409
-20428
-20426
-20415
-20409
-20417
-20447
-20445
-20415
-20336
-20323
-20376
-20405
-20407
-20392
-20375
-20407
-20464
-20478
-20428
-20373
-20338
-20361
-20436
-20035
-20542
-20525
-20485
-20457
-20394
-20375
-20413
-20434
-20445
-20415
-20386
-20401
-20430
-20430
-20411
-20441
-20497
-20525
-20518
-20520
-20533
-20539
-20565
-20602
-20617
-20640
-20680
-20676
-20676
-20710
-20709
-20680
-20667
-20646
-20611
-20588
-20581
-20552
-20523
-20508
-20464
-20401
-20352
-20315
-20285
-20220
-20128
-20046
-20006
-19970
-19913
-19823
-19726
-19661
-19583
-19495
-19338
-19188
-19113
-19014
-18878
-18758
-18609
-18468
-18329
-18188
-18050
-17878
-17737
-17594
-17426
-17243
-17090
-16938
-16787
-16688
-16510
-16308
-16609
-15936
-15756
-16102
-15432
-15283
-15182
-15042
-14918
-14760
-14602
-14455
-14275
-14117
-14056
-13939
-13810
-13730
-13619
-13533
-13397
-13247
-13149
-13056
-12976
-12926
-12848
-12771
-12756
-12775
-12792
-12764
-13184
-12657
-12649
-12661
-12674
-12691
-12710
-12749
-12812
-12861
-12871
-12913
-13014
-13100
-12710
-13277
-13359
-13441
-13508
-13653
-13735
-13791
-13917
-14042
-14125
-14214
-14287
-14373
-14459
-14499
-14556
-14638
-14705
-14728
-14686
-14720
-14810
-14867
-14896
-14899
-14951
-14995
-15029
-15058
-15115
-15140
-15170
-15203
-15237
-15283
-15310
-15317
-15333
-15315
-15357
-15378
-15430
-15441
-15430
-15432
-15468
-15480
-15460
-15413
-15340
-15312
-15292
-15270
-15216
-15149
-15117
-15077
-15029
-14926
-14836
-14754
-14697
-14623
-14502
-14439
-14333
-14657
-14058
-13938
-13783
-13619
-13396
-13243
-13119
-12903
-12712
-12567
-12354
-12191
-12037
-11838
-11615
-11357
-11096
-10855
-10577
-10323
-10098
-9838
-9556
-9340
-9077
-8848
-8560
-8323
-8077
-8277
-7497
-7237
-6917
-6619
-6371
-6092
-5901
-5670
-5436
-5239
-5033
-4800
-4594
-4352
-4167
-4062
-3918
-3791
-3613
-3432
-3327
-3228
-3113
-2995
-2892
-2813
-2766
-2733
-2674
-2586
-2535
-2500
-2472
-2930
-2411
-2443
-2447
-2455
-2516
-2605
-2705
-2768
-2827
-3014
-3184
-3355
-3485
-3686
-3880
-4067
-4254
-4376
-4510
-4644
-4810
-4913
-5046
-5195
-5277
-5359
-5521
-5617
-5722
-5825
-5943
-5991
-6062
-6146
-6155
-6132
-6254
-6338
-6386
-6420
-6838
-6302
-6273
-6140
-5913
-5697
-5539
-5268
-4968
-4667
-4451
-4104
-3775
-3489
-3281
-3010
-2752
-2510
-2403
-2310
-2182
-2153
-2048
-2008
-2067
-2117
-2142
-2146
-2168
-2262
-2294
-2310
-2355
-2348
-2405
-2476
-2554
-2617
-2533
-2493
-2539
-2705
-2749
-2829
-2913
-2970
-3119
-3277
-3376
-3470
-3567
-3615
-3699
-3773
-3829
-3869
-3947
-4018
-4035
-4107
-4247
-4262
-4359
-4483
-4672
-4758
-4422
-5094
-5333
-5443
-5562
-5726
-5834
-5897
-6000
-6042
-6027
-6102
-6167
-6128
-6020
-5955
-5987
-6352
-5911
-5865
-5724
-5628
-5533
-5453
-5399
-5201
-5012
-4834
-4615
-4497
-4399
-4159
-3947
-3855
-3693
-3529
-3340
-3178
-3044
-2833
-2621
-2453
-2268
-2102
-1976
-1834
-1693
-1638
-1537
-1478
-983
-1462
-1394
-1436
-1480
-1573
-1672
-1722
-1819
-1892
-1964
-2000
-2062
-2092
-2155
-2243
-2289
-2252
-2228
-2235
-2241
-2231
-2277
-2325
-2359
-2369
-2407
-2495
-2554
-2617
-2617
-2691
-2688
-2644
-2590
-2642
-2611
-2483
-2424
-2350
-2254
-2241
-2237
-2186
-2146
-2130
-2092
-2092
-2088
-2142
-2077
-1997
-1903
-1846
-1752
-1672
-1596
-1508
-1417
-1384
-1333
-1302
-1323
-1331
-1325
-1352
-1342
-1310
-1340
-1357
-1336
-1441
-1502
-1521
-1537
-1520
-1497
-1514
-1588
-1663
-1682
-1749
-1808
-1876
-2000
-2128
-2167
-2226
-2348
-2480
-2596
-2682
-2834
-2959
-3098
-3193
-3237
-3289
-3340
-3418
-3466
-3563
-3661
-3764
-3861
-3947
-4073
-4172
-4302
-4430
-4493
-4583
-4621
-4667
-4693
-4609
-4678
-4752
-4750
-4668
-4653
-4600
-4533
-4544
-4464
-4468
-4470
-4459
-4491
-4472
-4544
-4518
-4544
-4573
-4626
-4730
-4789
-4817
-4901
-5014
-5105
-5161
-5336
-5457
-5600
-5750
-5806
-5403
-6042
-6125
-6275
-6405
-6520
-6689
-6783
-6878
-6991
-7167
-7237
-7281
-7313
-7443
-7506
-7592
-7605
-7657
-7709
-7785
-7966
-8172
-8252
-8323
-8449
-8548
-8674
-8821
-8896
-8968
-9063
-9100
-9180
-9207
-9184
-9170
-9226
-9264
-9212
-9268
-9363
-9384
-9462
-9535
-9579
-9684
-9812
-9831
-9834
-9846
-9848
-9882
-9884
-9827
-9861
-9892
-9997
-10100
-10226
-10678
-10796
-10823
-10953
-11018
-11105
-11123
-11104
-11168
-11138
-11115
-11098
-11062
-10934
-10838
-10768
-10665
-10634
-10609
-10556
-10531
-10533
-10584
-10604
-10609
-10630
-10712
-10796
-10838
-10844
-10968
-11168
-11220
-11317
-11520
-11699
-11957
-12090
-12304
-12554
-12731
-12951
-13090
-12705
-13245
-13310
-13460
-13581
-13659
-13709
-13815
-14048
-13682
-14312
-14460
-14653
-14813
-14955
-15142
-15323
-15520
-15680
-15844
-16016
-16163
-16289
-16510
-16688
-16873
-17174
-17342
-17533
-17701
-17861
-18063
-18245
-18403
-18563
-18667
-18770
-18848
-18939
-19027
-19107
-19140
-19146
-19136
-19123
-19147
-19128
-19147
-19111
-19035
-18955
-18882
-18831
-18703
-19044
-18438
-18333
-18170
-18021
-17815
-17638
-17476
-17333
-17186
-16991
-16834
-16709
-16590
-16481
-16428
-16386
-16325
-16348
-16394
-16384
-16430
-16537
-16623
-16668
-16791
-16926
-16974
-16978
-17136
-17247
-17344
-17464
-17659
-17829
-17985
-18193
-18418
-18634
-18896
-19121
-19317
-19104
-19949
-20210
-20445
-20647
-20955
-21258
-21455
-21733
-21968
-22239
-22460
-22731
-22873
-23105
-23262
-23367
-23550
-23724
-23831
-23838
-23962
-24021
-24042
-24140
-24250
-24312
-24342
-24384
-24418
-24413
-24500
-24525
-24899
-24273
-24249
-24184
-24046
-23972
-23875
-23697
-23558
-23468
-23371
-23268
-23151
-23445
-22819
-22640
-22535
-22348
-22084
-22466
-21949
-21880
-21546
-21126
