-22375
-22384
-22270
-22235
-22252
-22220
-22218
-22199
-22268
-22243
-22207
-22212
-22260
-22275
-22235
-22174
-22142
-22105
-22063
-22025
-21930
-21792
-21783
-21684
-21642
-21596
-21533
-21420
-21294
-21195
-21193
-21079
-20968
-20945
-20936
-20827
-20842
-20878
-20783
-20676
-20663
-20714
-20678
-20604
-20649
-20750
-20792
-20836
-20941
-20523
-21042
-21130
-21224
-21283
-21373
-21396
-21445
-21424
-21413
-21033
-21730
-21972
-22210
-22401
-22579
-22714
-22842
-22915
-23021
-23128
-23207
-23254
-23371
-23520
-23596
-23689
-23823
-24012
-24174
-24247
-24535
-24779
-24909
-24968
-25027
-25147
-25296
-25392
-25462
-25579
-25695
-25789
-25878
-26008
-26146
-26298
-26413
-26506
-26560
-26634
-26707
-26747
-26796
-26888
-27027
-27090
-27149
-27262
-26876
-27460
-27520
-27562
-27605
-27672
-27735
-27781
-27779
-27800
-27876
-27978
-28021
-28090
-28165
-28191
-28170
-28157
-28161
-28201
-28205
-28201
-28224
-28191
-28207
-28231
-28252
-28254
-28233
-28216
-28151
-28092
-28046
-27999
-27959
-27903
-27836
-27825
-27802
-27758
-27720
-27710
-27707
-27663
-27609
-27588
-27594
-27571
-27508
-27390
-27315
-27319
-27319
-27271
-27233
-27222
-27182
-27125
-27060
-27025
-27041
-27035
-27002
-26981
-27000
-27056
-27100
-27123
-27126
-27096
-27056
-26999
-26964
-26911
-26892
-26852
-26766
-26680
-26625
-26590
-26537
-26478
-26430
-26865
-26355
-26323
-26283
-26304
-26310
-26289
-26308
-26344
-26338
-26294
-26239
-26184
-26140
-26084
-26050
-26073
-26105
-26075
-26069
-26069
-26073
-26119
-26125
-26126
-26113
-26094
-26073
-26031
-25987
-25951
-25878
-25821
-25854
-25407
-25909
-25918
-25901
-25917
-25918
-25936
-25962
-25980
-25959
-25909
-25817
-25749
-25707
-25632
-25521
-25493
-25436
-25388
-25338
-25264
-25205
-25123
-25016
-24964
-24957
-25397
-24852
-24804
-24796
-24794
-24752
-24651
-24590
-24541
-24483
-24455
-24439
-24411
-24422
-24390
-24306
-24258
-24268
-24254
-24209
-24155
-24100
-24119
-24105
-24050
-23976
-24422
-23457
-23928
-23857
-23775
-23693
-23667
-23678
-23647
-23630
-23592
-23558
-23504
-23441
-23407
-23388
-23361
-23344
-23346
-23350
-23325
-23271
-23218
-23132
-23056
-23012
-22949
-22882
-22834
-22779
-22705
-22592
-22491
-22436
-22355
-22275
-22199
-22121
-22018
-21932
-21831
-21697
-21619
-21523
-21438
-21336
-21176
-21071
-20995
-20955
-20934
-20901
-20834
-20804
-20764
-20712
-20701
-20661
-20621
-20584
-20533
-20514
-20493
-20480
-20428
-20371
-20363
-20375
-20376
-20386
-20378
-20369
-20386
-20428
-20506
-20544
-20548
-20542
-20541
-20577
-20659
-20697
-20733
-20825
-20867
-20936
-20951
-20985
-21029
-21090
-21132
-21201
-21275
-21321
-21386
-21439
-21014
-21552
-21563
-21619
-21693
-21720
-21716
-21766
-21834
-21875
-21909
-21915
-21928
-21953
-22004
-22008
-22010
-22037
-22039
-22018
-22002
-21997
-21972
-21932
-21924
-21886
-21827
-21754
-21689
-21632
-21579
-21525
-21491
-21415
-21329
-21291
-21197
-21086
-21014
-20928
-20789
-20697
-20611
-20546
-20491
-20369
-20241
-20132
-20050
-20025
-19939
-19842
-19785
-19768
-19701
-19628
-19508
-19382
-19342
-19342
-19283
-19195
-19077
-18924
-18754
-18638
-18537
-18388
-18239
-18138
-18031
-17945
-17846
-17754
-17625
-17455
-17291
-17218
-17163
-17119
-17056
-16955
-16846
-16731
-16613
-16544
-16472
-16417
-16388
-16378
-16344
-16289
-16271
-16312
-16348
-16344
-16315
-16350
-16417
-16476
-16506
-16604
-16730
-16873
-17018
-17132
-17291
-17459
-17611
-17731
-17823
-17968
-18197
-18394
-18546
-18735
-18934
-18594
-19285
-19460
-19680
-19888
-20037
-20214
-20409
-20626
-20834
-20974
-21073
-21205
-21373
-21499
-21646
-21794
-21936
-22090
-22222
-22331
-22430
-22512
-22573
-22644
-22705
-22764
-22812
-22789
-22730
-22691
-22676
-22636
-22562
-22489
-22434
-22384
-22306
-22165
-22048
-21930
-21812
-21684
-21594
-21964
-21287
-21125
-20934
-20758
-20586
-20451
-20266
-20094
-19886
-19659
-19460
-19315
-19125
-18922
-18737
-18527
-18342
-18105
-17857
-17659
-17420
-17247
-17560
-16903
-16691
-16523
-16380
-16241
-16604
-15976
-15886
-15802
-15733
-15663
-15556
-15386
-15214
-15054
-15012
-15010
-14987
-14918
-14798
-14743
-14749
-14766
-14705
-15140
-14667
-14756
-14911
-14668
-15306
-15474
-15176
-15821
-15989
-16153
-16308
-16537
-16779
-16871
-16880
-16959
-16625
-17270
-17367
-17426
-17449
-17495
-17550
-17625
-17688
-17754
-17836
-17991
-18151
-18298
-18508
-18724
-18888
-19105
-19317
-19476
-19634
-19794
-19936
-20140
-20323
-20518
-20680
-20785
-20917
-21035
-21138
-21283
-21432
-21527
-21571
-21581
-21586
-21640
-21672
-21651
-21625
-21581
-21537
-21529
-21499
-21399
-21302
-21258
-21195
-21105
-21025
-20957
-20884
-20796
-20674
-20586
-20493
-20380
-20300
-20189
-20056
-19968
-19825
-19674
-19592
-19502
-19411
-19262
-19119
-18995
-18840
-18714
-18613
-18455
-18294
-18176
-17999
-17857
-17737
-17529
-17292
-17128
-16976
-16863
-16686
-16451
-16319
-16260
-16184
-16065
-15964
-15951
-15989
-16020
-16006
-15930
-15840
-15798
-15785
-15819
-15812
-15859
-15915
-15941
-15968
-16020
-16088
-16136
-16218
-16340
-16451
-16525
-16592
-16676
-16783
-16850
-16932
-17000
-17161
-17264
-17373
-17449
-17548
-17653
-17747
-17833
-17957
-18050
-18117
-18230
-18340
-18434
-18542
-18634
-18718
-18825
-18934
-19083
-19210
-19306
-19394
-19525
-19621
-19670
-19750
-19875
-19970
-20063
-20165
-20212
-20237
-20241
-20243
-20266
-20300
-20271
-20249
-20247
-20241
-20207
-20138
-20084
-20512
-19970
-19924
-19852
-19808
-19743
-19617
-19514
-19432
-19380
-19338
-19250
-19123
-19025
-18888
-18743
-18651
-18542
-18403
-18237
-18546
-17939
-17825
-17670
-17487
-17245
-17073
-16949
-16730
-16472
-16306
-16142
-15999
-15825
-15649
-15470
-15273
-15109
-14989
-14852
-14703
-14567
-14432
-14270
-14646
-14042
-13970
-13869
-13787
-13737
-13659
-13539
-13457
-13409
-13367
-13313
-13245
-13178
-13144
-13102
-13065
-13042
-13020
-12968
-12924
-12917
-12922
-12960
-13006
-13021
-13016
-13031
-13054
-13094
-13102
-13123
-12709
-13268
-13315
-13319
-13331
-13350
-13428
-13474
-13499
-13520
-13518
-13556
-13623
-13623
-13644
-13630
-13621
-13636
-13649
-13674
-13678
-13674
-13670
-13699
-13701
-13691
-13699
-13682
-13678
-13691
-13701
-13726
-13745
-13730
-13741
-13756
-13789
-13813
-13808
-13815
-13812
-13806
-13768
-13747
-13766
-13777
-13771
-13728
-13684
-13682
-13642
-13619
-13634
-13680
-13661
-13611
-13544
-13510
-13476
-13464
-13441
-13411
-13382
-13355
-13317
-13283
-13254
-13228
-13193
-13163
-13123
-13102
-13067
-13006
-12930
-12852
-12798
-12787
-12747
-12663
-12558
-12426
-12354
-12294
-12695
-12149
-12109
-12054
-11968
-11846
-12209
-11634
-11579
-11489
-11397
-11361
-11304
-11724
-11147
-11075
-11010
-10949
-10888
-10829
-10770
-10705
-10668
-10605
-10531
-10483
-10422
-10359
-10294
-10262
-10216
-10186
-10146
-10138
-10132
-10063
-10002
-9972
-9928
-9924
-9918
-9871
-9836
-9829
-9812
-9770
-9705
-9670
-9663
-9655
-9636
-9598
-9535
-9523
-9554
-9563
-9556
-9546
-9544
-9520
-9514
-9527
-9537
-9535
-9541
-9579
-9632
-9625
-9598
-9571
-9556
-9563
-9577
-9598
-9548
-9493
-9489
-9483
-9504
-9531
-9541
-9512
-9499
-9491
-9535
-9562
-9558
-9550
-9525
-9520
-9539
-9529
-9546
-9562
-9586
-9577
-9567
-9600
-9655
-9682
-9686
-9686
-9697
-9709
-9718
-9730
-9792
-9840
-9819
-9760
-9726
-9705
-9737
-9741
-9701
-9676
-9644
-9596
-9571
-9560
-9508
-9428
-9384
-9336
-9292
-9226
-9086
-8985
-8884
-8804
-8712
-8632
-8571
-8489
-8371
-8266
-8140
-8023
-7913
-7775
-7668
-7535
-7438
-7386
-7806
-7168
-7075
-6928
-6770
-6676
-6565
-6827
-6189
-6071
-5955
-5886
-5815
-5762
-5785
-5802
-5840
-5955
-6044
-6117
-6266
-6504
-6611
-6806
-6974
-7270
-7514
-7691
-7945
-8180
-8363
-8563
-8766
-8918
-8989
-9069
-9075
-8983
-8884
-8710
-8554
-8375
-8077
-7775
-7420
-7189
-6989
-6682
-6464
-6296
-6147
-5915
-5773
-5632
-5581
-5552
-5607
-5691
-5859
-6084
-6249
-5869
-6535
-6714
-6825
-6926
-7096
-7174
-7188
-7188
-7207
-7298
-7319
-7348
-7344
-7292
-7170
-7125
-7123
-7035
-6966
-6896
-6785
-6678
-6657
-6573
-6434
-6342
-6327
-6275
-6228
-6157
-6104
-6058
-5997
-5894
-5848
-5852
-5834
-5770
-5737
-5699
-5728
-5747
-5726
-5764
-5800
-5829
-5823
-5825
-5829
-5783
-5815
-5781
-5766
-5773
-5779
-5728
-5743
-5737
-5737
-5726
-5728
-5710
-5613
-5554
-5628
-5695
-5689
-5584
-5560
-5542
-5535
-5491
-5462
-5518
-5600
-5655
-5730
-5840
-5995
-6098
-6231
-5867
-6462
-6502
-6586
-6640
-6703
-6707
-6718
-6773
-6817
-6365
-6857
-6894
-6886
-6867
-6354
-6873
-6798
-6747
-6661
-6544
-6390
-6249
-6086
-5928
-5705
-5508
-5327
-5115
-4917
-4752
-4628
-4441
-4287
-4201
-4014
-3812
-3670
-3596
-3506
-3405
-3222
-3041
-3417
-2901
-2804
-2678
-2584
-2510
-2928
-2312
-2298
-2283
-2245
-2140
-2063
-2060
-2046
-1974
-1985
-2000
-1938
-1917
-1953
-1924
-1861
-1857
-1897
-1897
-1884
-1855
-1848
-1838
-1873
-1897
-1854
-1869
-1915
-1987
-2006
-2029
-1995
-2020
-2044
-2104
-2168
-2117
-2086
-2168
-2222
-2306
-2273
-2283
-2348
-2376
-2346
-2422
-2474
-2489
-2548
-2594
-2655
-2701
-2743
-2766
-2859
-2468
-3104
-3161
-3167
-3191
-3121
-3060
-3037
-3006
-3065
-3081
-3123
-3218
-3233
-3214
-3287
-3392
-3453
-3579
-3667
-3791
-3817
-3857
-4002
-4062
-4069
-4126
-4182
-4191
-4189
-4214
-4281
-4279
-4310
-4367
-4483
-4586
-4550
-4630
-4699
-4821
-4896
-4951
-5100
-5220
-5262
-5281
-5355
-5443
-5565
-5583
-5653
-5720
-5386
-5983
-5993
-5991
-6067
-6161
-6159
-6126
-6189
-6250
-6210
-6233
-6266
-6268
-6254
-6218
-6273
-6237
-6186
-6071
-6031
-6008
-5966
-5848
-5760
-5718
-5659
-5558
-5462
-5462
-5859
-5260
-5220
-5153
-5086
-5041
-4968
-4848
-4779
-4768
-4695
-4592
-4495
-4420
-4289
-4256
-4161
-4102
-4060
-3999
-3953
-3962
-4014
-3970
-4010
-4109
-4121
-4140
-4241
-4258
-4252
-4289
-4334
-4420
-4527
-4575
-4619
-4693
-4716
-4745
-4802
-4918
-5044
-5086
-5220
-5310
-5430
-5577
-5659
-5710
-5785
-5844
-5930
-6031
-6058
-6125
-6130
-6126
-6149
-6130
-6044
-6056
-6100
-6048
-6023
-6056
-6052
-6046
-6031
-6031
-5987
-5886
-5752
-5659
-5562
-5407
-5333
-5247
-5249
-5233
-5237
-5220
-5285
-5373
-5500
-5655
-5754
-5823
-5955
-6063
-6228
-5880
-6562
-6762
-6873
-7083
-7304
-7527
-7743
-8031
-7831
-8594
-8913
-9199
-9459
-9720
-10046
-10249
-10445
-10739
-10957
-11205
-11354
-11575
-11791
-12062
-11741
-12405
-12579
-12762
-12941
-13075
-13294
-13447
-13609
-13745
-13886
-14054
-14146
-14266
-14361
-14533
-14172
-14722
-14825
-14878
-14972
-15020
-15096
-15168
-15216
-15300
-15365
-15417
-15464
-15546
-15682
-15777
-15844
-15882
-15924
-16012
-15638
-16281
-16380
-16493
-16630
-16796
-16922
-17027
-17262
-17443
-17667
-17878
-17623
-18291
-18499
-18730
-18991
-19216
-19396
-19628
-19854
-20102
-20308
-20581
-20831
-21039
-21205
-21397
-21674
-21834
-21510
-22147
-22365
-22537
-22636
-22789
-22928
-23092
-23201
-23273
-23409
-23531
-23584
-23628
-23714
-23741
-23777
-23779
-23884
-23865
-23865
-23968
-23980
-23932
-23976
-23976
-23964
-23993
-23980
-23876
-23833
-23802
-23817
-23792
-23668
-23518
-23939
-23409
-23296
-23233
-23186
-23180
-23094
-23016
-23000
-22905
-22875
-22880
-22880
-22827
-22823
-22804
-22852
-22871
-22882
-22917
-22959
-22924
-22989
-23090
-23174
-23201
