-911
-1029
-1084
-1216
-1344
-1428
-1550
-1703
-1846
-1470
-2136
-2348
-2466
-2586
-2928
-3140
-3289
-2938
-3646
-3791
-3968
-4256
-4495
-4710
-4842
-5092
-5340
-5611
-5846
-6069
-6292
-6550
-6737
-6896
-7109
-7313
-7443
-7583
-7739
-7779
-7896
-7960
-7951
-7903
-7861
-8300
-7659
-7514
-7342
-7146
-6897
-6651
-6373
-6092
-6340
-5504
-5254
-4981
-4716
-4424
-4159
-3941
-3686
-3445
-3189
-3031
-2962
-2791
-2626
-2510
-2428
-2504
-2556
-2520
-2573
-2695
-2815
-2985
-3172
-3342
-3489
-3712
-3964
-4216
-4583
-4422
-5312
-5613
-5947
-6333
-6670
-6976
-7285
-7577
-7367
-8115
-8394
-8659
-8922
-9126
-8804
-9537
-9688
-9783
-9945
-10042
-10178
-9796
-10376
-10407
-10464
-10483
-10535
-10495
-10512
-10527
-10457
-10457
-10378
-10275
-10205
-10163
-10094
-10020
-9936
-9836
-9668
-9560
-9449
-9342
-9222
-9073
-8964
-8838
-8680
-8520
-8388
-8231
-8077
-7945
-7783
-7617
-7449
-7804
-7153
-7014
-6855
-6730
-6573
-6438
-6289
-6182
-6111
-5995
-5896
-5819
-5728
-5663
-5594
-5554
-5472
-5340
-5306
-5281
-5277
-5260
-5205
-5142
-5079
-5090
-5113
-5157
-5226
-5266
-5266
-5291
-5312
-5365
-5447
-5571
-5668
-5777
-5901
-6031
-6138
-6289
-6409
-6529
-6695
-6886
-7096
-7317
-7472
-7676
-7352
-7980
-8149
-7844
-8466
-8653
-8848
-8981
-9136
-9315
-9447
-9613
-9766
-9888
-10016
-10188
-10312
-10483
-10586
-10667
-10792
-10871
-10981
-11071
-11140
-11195
-10754
-11270
-11317
-11369
-11394
-11401
-11369
-11327
-11302
-11285
-11317
-11285
-11228
-11176
-11088
-11023
-10970
-10894
-10792
-10661
-10537
-10399
-10317
-10182
-10062
-9907
-9796
-9726
-9588
-9417
-9771
-9132
-8957
-8808
-8625
-8441
-8781
-8115
-7993
-7855
-7716
-7569
-7430
-7262
-7132
-6999
-6875
-6785
-6686
-6621
-6508
-6378
-6233
-6107
-6000
-5974
-5924
-5896
-5896
-5867
-5836
-5827
-5806
-5766
-5775
-5796
-5846
-5907
-5939
-5949
-5997
-6063
-6140
-6239
-6348
-6449
-6562
-6659
-6779
-6928
-7069
-7172
-7313
-7457
-7617
-7794
-7953
-8086
-8222
-8384
-8504
-8611
-8749
-8932
-9105
-8800
-9417
-9535
-9722
-9878
-9966
-10088
-10249
-10363
-10457
-10558
-10678
-10808
-10884
-10939
-11000
-11084
-11146
-11218
-11266
-11315
-11344
-11375
-11376
-11388
-11420
-11418
-11407
-11401
-11399
-11354
-11321
-11313
-11298
-11275
-11228
-11201
-11180
-11144
-11081
-11056
-11035
-10993
-10983
-10997
-10997
-10947
-10917
-10920
-10909
-10873
-10833
-10808
-10792
-10806
-10833
-10869
-10915
-10918
-10920
-10943
-11016
-11104
-11126
-11178
-11201
-11214
-11287
-11313
-11340
-11357
-11365
-11392
-11396
-11418
-11420
-11439
-11436
-11430
-11453
-11472
-11470
-11386
-11355
-11352
-11317
-11296
-11241
-11174
-11126
-11088
-11054
-11004
-10957
-10957
-10897
-10810
-10756
-10720
-10644
-10565
-10506
-10438
-10365
-10283
-10226
-10188
-10048
-9928
-9875
-9804
-9737
-9663
-9592
-9516
-9441
-9401
-9369
-9296
-9205
-9188
-9165
-9174
-9186
-9182
-9228
-9231
-9264
-9292
-9329
-9426
-9491
-9565
-9619
-9646
-9709
-9869
-9995
-10136
-10250
-10376
-10497
-10640
-10289
-10959
-11132
-11302
-11417
-11518
-11689
-11884
-12048
-11741
-12447
-12621
-12800
-12962
-13079
-13252
-13445
-13636
-13848
-14012
-13693
-14352
-14499
-14657
-14846
-14980
-15121
-15228
-15338
-15483
-15163
-15791
-15939
-16006
-16016
-16041
-16117
-16212
-16321
-16338
-16338
-16319
-16325
-16329
-16361
-16380
-16420
-16476
-16514
-16514
-16472
-16457
-16438
-16376
-16313
-16254
-16235
-16241
-16226
-16182
-16136
-16084
-16012
-15960
-15913
-15846
-15781
-15720
-15661
-15617
-15554
-15485
-15426
-15346
-15260
-15197
-15136
-15088
-14985
-14934
-14884
-14829
-14791
-14560
-14499
-14497
-14460
-14392
-14403
-14420
-14376
-14361
-14338
-14336
-14373
-14373
-14359
-14352
-14334
-14334
-14346
-14371
-14352
-14312
-14334
-14354
-14373
-14386
-14384
-14369
-14380
-14443
-14457
-14485
-14508
-14533
-14518
-14539
-14617
-14709
-14796
-14876
-14913
-14964
-15002
-15031
-15146
-15241
-15285
-15367
-15438
-15567
-15716
-15848
-15939
-16041
-16195
-16346
-16523
-16693
-16825
-16997
-17184
-17289
-17443
-17636
-17821
-18039
-18231
-18392
-18086
-18806
-19004
-19224
-19420
-19077
-19777
-19962
-20155
-20403
-20647
-20833
-20533
-21207
-21375
-21565
-21741
-21894
-22073
-22207
-22329
-22008
-22646
-22785
-22926
-23042
-23117
-23207
-23296
-23375
-23405
-23445
-23521
-23569
-23623
-23668
-23739
-23764
-23768
-23787
-23791
-23791
-23791
-23730
-23697
-23659
-23600
-23533
-23478
-23939
-23428
-23388
-23319
-23226
-23136
-23098
-23021
-22939
-22890
-22819
-22791
-22752
-22701
-22634
-22569
-22516
-22420
-22350
-22310
-22258
-22233
-22218
-22226
-22228
-22186
-22130
-22098
-22107
-22136
-22130
-22123
-22134
-22144
-22128
-22117
-22083
-22079
-22052
-22050
-22056
-22052
-22052
-22086
-22117
-22157
-22201
-22205
-22184
-22189
-22205
-22271
-22319
-22331
-22334
-22361
-22394
-22508
-22584
-22668
-22771
-22802
-22859
-22926
-23018
-23136
-23218
-23279
-23338
-23411
-23472
-23499
-23560
-23670
-23783
-23905
-24033
-24134
-24245
-24327
-24424
-24548
-24672
-24785
-24453
-25071
-25184
-25260
-25367
-25575
-25752
-25407
-26062
-26224
-26338
-26460
-26619
-26779
-26972
-27151
-27292
-27457
-27609
-27739
-27918
-28125
-28270
-28426
-28556
-28686
-28819
-28907
-28953
-29012
-29083
-29182
-28854
-29510
-29584
-29609
-29665
-29745
-29857
-29953
-29980
-30016
-30062
-30096
-30132
-30176
-30222
-30289
-30346
-30405
-30392
-30363
-30397
-30426
-30422
-30426
-30436
-30474
-30531
-30518
-30497
-30518
-30550
-30577
-30615
-30619
-30619
-30584
-30575
-30560
-30584
-30617
-30613
-30579
-30583
-30590
-30609
-30634
-30676
-30733
-30716
-30730
-30722
-30720
-30720
-30726
-30764
-30800
-30834
-30875
-30892
-30890
-30911
-30959
-30972
-30974
-31020
-31044
-31046
-31107
-31125
-31090
-31096
-31121
-31113
-31100
-31138
-31195
-31220
-31207
-31167
-31130
-31123
-31128
-31161
-31147
-31100
-31083
-31039
-31023
-31020
-30987
-30938
-30915
-30876
-30857
-30857
-30850
-30817
-30800
-30806
-30827
-30867
-30871
-30859
-30825
-30831
-30886
-30983
-30983
-31018
-31071
-31104
-31111
-31113
-31153
-31230
-31279
-31321
-31388
-31468
-31481
-31499
-31542
-31625
-31273
-31827
-31848
-31894
-31932
-31989
-32071
-32128
-32172
-32207
-31764
-32338
-32348
-32373
-32373
-32380
-32388
-32449
-32493
-32516
-32552
-32586
-32636
-32693
-32718
-32728
-32752
-32775
-32850
-32960
-33000
-33031
-33073
-33107
-33180
-33207
-33245
-33348
-33415
-33432
-33510
-33579
-33623
-33689
-33724
-34197
-33678
-33709
-33735
-33770
-33791
-33855
-33844
-33838
-33882
-33949
-33966
-34000
-34033
-34031
-34021
-34035
-34081
-34167
-34203
-34199
-34228
-34191
-34210
-34268
-34308
-34312
-34327
-34336
-34344
-34352
-34357
-34369
-34390
-34428
-34438
-34403
-34375
-34384
-34401
-34413
-34447
-34470
-34438
-34392
-34390
-34418
-34445
-34468
-34485
-34483
-34483
-34521
-34544
-34562
-34565
-34573
-34600
-34203
-34735
-34762
-34787
-34800
-34800
-34812
-34833
-34855
-34918
-34980
-35000
-35000
-35004
-35029
-35035
-35027
-35058
-35084
-35098
-35075
-35081
-35044
-34983
-34983
-34993
-34970
-34943
-34869
-34812
-34770
-34743
-34663
-34556
-34497
-34439
-34340
-34203
-34136
-34079
-34008
-33907
-33771
-33667
-33550
-33428
-33315
-33186
-33052
-32959
-32871
-32754
-32651
-32516
-32361
-32247
-32134
-32018
-31911
-31768
-31678
-31584
-31453
-31325
-31214
-31115
-31031
-30894
-30752
-30651
-30516
-30411
-30371
-30779
-30224
-30147
-30050
-29968
-29918
-29863
-29804
-29730
-29689
-29653
-29584
-29520
-29470
-29415
-29443
-29478
-29491
-29480
-29455
-29441
-29455
-29476
-29468
-29466
-29489
-29554
-29583
-29594
-29651
-29682
-29779
-29873
-29901
-29972
-30054
-30193
-30352
-30445
-30678
-30804
-30960
-31100
-31247
-31436
-31682
-31819
-31976
-32054
-32115
-32230
-32327
-32426
-32441
-32413
-32466
-32548
-32491
-32380
-32371
-32350
-32298
-32271
-32199
-32105
-32050
-31960
-31810
-31703
-31625
-31504
-31333
-31163
-31037
-30871
-30663
-30518
-30355
-30111
-29911
-29737
-29554
-29338
-29176
-29035
-28831
-28598
-28533
-28359
-28218
-28102
-27995
-27939
-27890
-27804
-27712
-27573
-27459
-27434
-27418
-27373
-27848
-27420
-27445
-27464
-27418
-27495
-27588
-27649
-27749
-27367
-27892
-28004
-28231
-28373
-28478
-28552
-28714
-28848
-28959
-29144
-29224
-29352
-29418
-29491
-29550
-29615
-29640
-29689
-29647
-29703
-29728
-29693
-29676
-29659
-29563
-29512
-29420
-29411
-29361
-29256
-29104
-29016
-28917
-28762
-28655
-28518
-28357
-28172
-27930
-27770
-27701
-27504
-27226
-27033
-26781
-26516
-26313
-26081
-25808
-25502
-25199
-25384
-24604
-24331
-24084
-23804
-23537
-23281
-23083
-22819
-22584
-22411
-22226
-22123
-21955
-21836
-21739
-21642
-21544
-21472
-21407
-21378
-21382
-21306
-21271
-21289
-21365
-21445
-21470
-21497
-21594
-21724
-21876
-21978
-22027
-22069
-22144
-22235
-22336
-22342
-22388
-22449
-22516
-22542
-22537
-22560
-22583
-22607
-22535
-22508
-22478
-22438
-22375
-22325
-22220
-22138
-22037
-21907
-21705
-21533
-21319
-21126
-20964
-20762
-20565
-20231
-20520
-19831
-19598
-19426
-19237
-19539
-18865
-18724
-18527
-18462
-18390
-18184
-18044
-17943
-17836
-17836
-17749
-17598
-17491
-17441
-17413
-17262
-17142
-17050
-17012
-16936
-16848
-16743
-17088
-16474
-16426
-16375
-16258
-16138
-16044
-15960
-15815
-15684
-15659
-15533
-15405
-15344
-15317
-15260
-15189
-15621
-15029
-14941
-14804
-14812
-14810
-14594
-14443
-14325
-14132
-13993
-13796
-13537
-13413
-13262
-13054
-12812
-12649
-12481
-12233
-12010
-11865
-12207
-11518
-11407
-11327
-11149
-10981
-10909
-10859
-10777
-10703
-10262
-10705
-10661
-10705
-10712
-10747
-10804
-10884
-10970
-10980
-11037
-11126
-11209
-11312
-11354
-11405
-11472
-11602
-11619
-11596
-11634
-11619
-11621
-11684
-11686
-11604
-11632
-11636
-11541
-11502
-11428
-11329
-11319
-11212
-11071
-10882
-10739
-10590
-10333
-10102
-9869
-9663
-9401
-9762
-9062
-8840
-8663
-8420
-8241
-8094
-7936
-7756
-7586
-7409
-7275
-7123
-7023
-6920
-6764
-6659
-6562
-6493
-6466
-6396
-6205
-6128
-6136
-6113
-6115
-6096
-6021
-5962
-5911
-5823
-5831
-5808
-5754
-5716
-5688
-5657
-5590
-5476
-5417
-5852
-5252
-5149
-5094
-5062
-4997
-4920
-4859
-4775
-4728
-4672
-4575
-4510
-4884
-4279
-4197
-4153
-4014
-3920
-3869
-3714
-3562
-3901
-3256
-3151
-2941
-2739
-2611
-2907
-2188
-1972
-1806
-1592
-1401
-1199
-1083
-878
-747
-621
-518
-439
-378
-302
-237
-258
-325
-336
-369
-409
-457
-504
-640
-710
-680
-691
-749
-792
-842
-959
-1027
-1073
-1134
-1296
-1443
-1546
-1655
-1768
-1928
-2016
-2176
-2289
-2512
-2695
-2844
-2913
-3075
-3237
-3464
-3724
-3880
-4117
-4279
-4451
-4684
-4407
-5117
-5329
-5470
-5667
-5823
-5945
-6071
-6231
-5867
-6462
-6617
-6707
-6689
-6812
-6854
-6909
-6957
-7052
-7134
-7174
-7228
-7302
-7283
-7271
-7291
-7327
-7342
-7384
-7401
-7403
-7367
-7405
-7384
-7306
-7312
-7252
-7233
-7182
-7130
-7165
-7100
-7052
-7065
-7018
-6943
-6930
-6943
-6913
-6939
-6999
-6960
-6993
-6959
-6934
-6945
-7006
-7046
-7035
-6985
-6976
-6905
-6855
-6701
-6623
-6539
-6418
-6292
-6138
-5926
-5749
-5651
-5476
-5256
-5044
-5367
-4724
-4460
-4218
-4016
-3840
-3596
-3441
-3247
-2997
-2833
-2632
-2523
-2430
-2182
-2050
-1962
-1953
-1861
-1792
-1806
-1750
