-16027
-15907
-15730
-15609
-15464
-15281
-15201
-15104
-14981
-14882
-14754
-14680
-14542
-14418
-14300
-14273
-14230
-14649
-14094
-14008
-13995
-13922
-13834
-13813
-13779
-13777
-13821
-13863
-13930
-13911
-13955
-14058
-14125
-14184
-14317
-14422
-14445
-14499
-14686
-14852
-14920
-14964
-15100
-15186
-15329
-15449
-15474
-15584
-15640
-15657
-15691
-15689
-15695
-15663
-15653
-15644
-15625
-15611
-15602
-15533
-15447
-15392
-15354
-15292
-15247
-15203
-15178
-15634
-15058
-14987
-14924
-14854
-14754
-14667
-14586
-14500
-14430
-14350
-14302
-14184
-14071
-13957
-13817
-14165
-13546
-13399
-13277
-13168
-13063
-12926
-12785
-12607
-12504
-12422
-12334
-12688
-12075
-11993
-11886
-12212
-11653
-11579
-11502
-11438
-11361
-11289
-11245
-11140
-11067
-10997
-10926
-10844
-10758
-10657
-10596
-10565
-10518
-10436
-10338
-10292
-10218
-10168
-10123
-10094
-10065
-10000
-9951
-9924
-9888
-9871
-9884
-9894
-9922
-9960
-9983
-9960
-9907
-9920
-9995
-10062
-10094
-10126
-10167
-10216
-10277
-10338
-10426
-10504
-10554
-10626
-10842
-10775
-11750
-13144
-13663
-12365
-11527
-11266
-11464
-11657
-11535
-11695
-10882
-10752
-10682
-10646
-10609
-10565
-10605
-10640
-10653
-10649
-10634
-10678
-10709
-10745
-10770
-10806
-10827
-10848
-10890
-10964
-11044
-11079
-11079
-10999
-10945
-10873
-10771
-10705
-10649
-10632
-10613
-10556
-10548
-10630
-10697
-10680
-10527
-10378
-10291
-10323
-10315
-10281
-10230
-10207
-9779
-10312
-10275
-10193
-10167
-10214
-10359
-10478
-10600
-10632
-10646
-10667
-10722
-10737
-10804
-10894
-10964
-11084
-11210
-11287
-11388
-11480
-11565
-11647
-11720
-11804
-11894
-11951
-11964
-11980
-11999
-11991
-11888
-11663
-11460
-11279
-11117
-10972
-11216
-10491
-10741
-9951
-9647
-9466
-9300
-9077
-8844
-8571
-8308
-8086
-7880
-7674
-7478
-7186
-6959
-6686
-6430
-6203
-5951
-5716
-5565
-5392
-5199
-5018
-4771
-4523
-4312
-4104
-3917
-3733
-3510
-3310
-3201
-3163
-3161
-3136
-3071
-3037
-3058
-3069
-3100
-3146
-3260
-3342
-3394
-3478
-3588
-3722
-3833
-3941
-4096
-4270
-4373
-4565
-4737
-4871
-5020
-5172
-5375
-5604
-5789
-5911
-6063
-6224
-6340
-6445
-6596
-6731
-6825
-6934
-7050
-7128
-7182
-7250
-7367
-7443
-7464
-7508
-7510
-7544
-7588
-7584
-7556
-7542
-7577
-7647
-7674
-7649
-7607
-7577
-7541
-7516
-7523
-7512
-7521
-7571
-7604
-7571
-7556
-7567
-7535
-7485
-7459
-7443
-7426
-7426
-7422
-7417
-7438
-7399
-7376
-7382
-7426
-7434
-7445
-7470
-7485
-7512
-7584
-7628
-7636
-7668
-7728
-7760
-7796
-7852
-7867
-7886
-7905
-7932
-7995
-8069
-8094
-8132
-8167
-8243
-8277
-8281
-8287
-8304
-8354
-8392
-8409
-8407
-8405
-8428
-8445
-8430
-8422
-8384
-8352
-8357
-8409
-8455
-8506
-8571
-8621
-8651
-8701
-8735
-8754
-8749
-8789
-8842
-8920
-8949
-8968
-8989
-9062
-9092
-9119
-9209
-9258
-9312
-9380
-9411
-9443
-9476
-9502
-9560
-9586
-9638
-9649
-9665
-9701
-9707
-9730
-9758
-9787
-9842
-9884
-9911
-9960
-9991
-10077
-10142
-10233
-10306
-10333
-10315
-10321
-10354
-10439
-10514
-10520
-10472
-10527
-10573
-10619
-10636
-10611
-10604
-10670
-10703
-10667
-10569
-10495
-10476
-10418
-10399
-10355
-10325
-10264
-10153
-10029
-9888
-9783
-9714
-9646
-9550
-9434
-9308
-9222
-9146
-9035
-8920
-8796
-8632
-8483
-8361
-8224
-8102
-7978
-8294
-7653
-7516
-7352
-7207
-7062
-6878
-6733
-6604
-6491
-6315
-6123
-5949
-5838
-5733
-5573
-5432
-5258
-5105
-5014
-5375
-4775
-4665
-4487
-4321
-4220
-4182
-4134
-4063
-3951
-3852
-3821
-3808
-3796
-3766
-3709
-3638
-3550
-3480
-3447
-3384
-3376
-3355
-3357
-3350
-3346
-3327
-3333
-3396
-3462
-3502
-3541
-3592
-3647
-3691
-3737
-3808
-3869
-3966
-4020
-4084
-4174
-4247
-4285
-4354
-4460
-4565
-4674
-4705
-4716
-4779
-4865
-4930
-5046
-5140
-5191
-5199
-5239
-5302
-5424
-5499
-5470
-5443
-5462
-5554
-5674
-5750
-5758
-5777
-5815
-5861
-5924
-6006
-6086
-6128
-6123
-6151
-6188
-6195
-6203
-6237
-6283
-6325
-6340
-6384
-6418
-6468
-6550
-6590
-6607
-6592
-6590
-6657
-6787
-6859
-6920
-6983
-6983
-6985
-7014
-7060
-7155
-7228
-7277
-7321
-7350
-7396
-7424
-7449
-7525
-7609
-7636
-7665
-7722
-7762
-7792
-7867
-7938
-8000
-8062
-8104
-8100
-8119
-8197
-8289
-8378
-8434
-8485
-8529
-8569
-9144
-9132
-9125
-9104
-9094
-9105
-9138
-9149
-9176
-9195
-9245
-9306
-9373
-9426
-9518
-9575
-9609
-9653
-9743
-9794
-9821
-9859
-9846
-9838
-9798
-9764
-9760
-9815
-9875
-9926
-9993
-10025
-10065
-10107
-10136
-10186
-9785
-10375
-10424
-10483
-10546
-10594
-10604
-10617
-10667
-10663
-10693
-10768
-10873
-10964
-11041
-11119
-11172
-10752
-11327
-11409
-11544
-11682
-11712
-11762
-11823
-11903
-12014
-12123
-11743
-12327
-12436
-12573
-12680
-12783
-12884
-12968
-13104
-13273
-13457
-13216
-13918
-14161
-14392
-14537
-14720
-14932
-15136
-15357
-15544
-15756
-15976
-16170
-16376
-16544
-16718
-16894
-17083
-17249
-17399
-17579
-17705
-17783
-17897
-18014
-18172
-18252
-18289
-18296
-18327
-18348
-18399
-18430
-18426
-18415
-18388
-18382
-18403
-18378
-18411
-18531
-18670
-18762
-18836
-18854
-18833
-18775
-18749
-18770
-18792
-18823
-18796
-18747
-18768
-18756
-18749
-18695
-18607
-18533
-18523
-18500
-18457
-18428
-18409
-18390
-18417
-18472
-18485
-18476
-18449
-18443
-18432
-18472
-18474
-18457
-18497
-18516
-18560
-18626
-18651
-18659
-18703
-18747
-18766
-18762
-18800
-18850
-18892
-18953
-18989
-19023
-19100
-19180
-19321
-19426
-19485
-19531
-19558
-19607
-19733
-19833
-19907
-20008
-20075
-20165
-20245
-20312
-20397
-20457
-20520
-20533
-20525
-20552
-20562
-20583
-20598
-20636
-20605
-20596
-20554
-20516
-20518
-20474
-20397
-20352
-20333
-20294
-20247
-20197
-20117
-20502
-19899
-19821
-19800
-19741
-19667
-19598
-19533
-19481
-19401
-19294
-19233
-19207
-19144
-19077
-19021
-18966
-18943
-18947
-18917
-18854
-18815
-18733
-18710
-18724
-18735
-18701
-18636
-18594
-18573
-18581
-18562
-18497
-18380
-18373
-18422
-18476
-18520
-18541
-18604
-18689
-18722
-18834
-18949
-19037
-19111
-19174
-19237
-19342
-19462
-19541
-19649
-19770
-19863
-19976
-20063
-20197
-20369
-20514
-20619
-20733
-20844
-21006
-21209
-21348
-21470
-21626
-21812
-21930
-22046
-22161
-22254
-22407
-22562
-22668
-22768
-22873
-22951
-23077
-23186
-23260
-23342
-23441
-23499
-23611
-23731
-23815
-23915
-23960
-23999
-24056
-24109
-24147
-24193
-24233
-24266
-24300
-24336
-24365
-24346
-24344
-24365
-24367
-24338
-24338
-24289
-24241
-24186
-24113
-24048
-23991
-23955
-23873
-23726
-23594
-23502
-23384
-23260
-23161
-23094
-23012
-22930
-22806
-22634
-22529
-22457
-22375
-22254
-22060
-21854
-21726
-21638
-21560
-21462
-21376
-21317
-21289
-21260
-21237
-21165
-21075
-21489
-20863
-20760
-20695
-20693
-20688
-20667
-20682
-20756
-20829
-20985
-21197
-21411
-21642
-21896
-22142
-22357
-22672
-22953
-23270
-23573
-23800
-24046
-24315
-24531
-24730
-24447
-25138
-25365
-25563
-25724
-25939
-26146
-26291
-26460
-26657
-26802
-26962
-27090
-27235
-27350
-27466
-27625
-27745
-27825
-27913
-27999
-28039
-28050
-28046
-28094
-28163
-28197
-28168
-28159
-28157
-28035
-27911
-27806
-27695
-27667
-27590
-27415
-27249
-27109
-26957
-26789
-26667
-26470
-26254
-26132
-26025
-25680
-25417
-25226
-25048
-24728
-24333
-24352
-23481
-23184
-22770
-22382
-22441
-21960
-21056
-20670
-20313
-19890
-19997
-19277
-19117
-18846
-18680
-18581
-18523
-18415
-18394
-18478
-18544
-18632
-18785
-18917
-18571
-19291
-19491
-19705
-19930
-20186
-20500
-20838
-21220
-21432
-21642
-21941
-22123
-22281
-22436
-22527
-22563
-22567
-22626
-22653
-22638
-22533
-22380
-22241
-22079
-21813
-21960
-21186
-20848
-20521
-20212
-19819
-19499
-19210
-18873
-19033
-18256
-17987
-17726
-17411
-17581
-16724
-16350
-16046
-15745
-15443
-15168
-14947
-14728
-14462
-14302
-14209
-14006
-13953
-13842
-13749
-13735
-13724
-13802
-13861
-13882
-13926
-14071
-14168
-14195
-14354
-14548
-14646
-14758
-14848
-14938
-14960
-15102
-15174
-15243
-15346
-15434
-15541
-15617
-15651
-15695
-15804
-15875
-16010
-16151
-16172
-16212
-16325
-16401
-16523
-16598
-16632
-16802
-17021
-17161
-17262
-17388
-17562
-17789
-17926
-18008
-18069
-18220
-18380
-18418
-18470
-18525
-18615
-18693
-18808
-18722
-18646
-18598
-18506
-18399
-18313
-18159
-17993
-17867
-17703
-17468
-17239
-16974
-16739
-16506
-16270
-15983
-16102
-15373
-15176
-14976
-14865
-14701
-14525
-14439
-14375
-14308
-14207
-14086
-14031
-14054
-13985
-13892
-13758
-13756
-13771
-13800
-13802
-13901
-14075
-14159
-14214
-14315
-14415
-14455
-14472
-14493
-14502
-14586
-14716
-14840
-14930
-15042
-15113
-15170
-15176
-15168
-15147
-15052
-14955
-14905
-14869
-14810
-14823
-14938
-15073
-15256
-15460
-15560
-15672
-15897
-16104
-16306
-16554
-16792
-17037
-17281
-17472
-17754
-17974
-18216
-18497
-18701
-18827
-18976
-19151
-19281
-19378
-19571
-19726
-19718
-19783
-19777
-19783
-19859
-19920
-19966
-19970
-19857
-19716
-19613
-19520
-19411
-19250
-19126
-18941
-18760
-19052
-18491
-18308
-18539
-17840
-17632
-17432
-17216
-17035
-16886
-16756
-16688
-16667
-16667
-16647
-16710
-16722
-16709
-16716
-16787
-16854
-16943
-16632
-17256
-17415
-17686
-17875
-17626
-18380
-18747
-18607
-19342
-19632
-19938
-20167
-20436
-20709
-20884
-21083
-21247
-21415
-21632
-21938
-22144
-22336
-22533
-22709
-22836
-23016
-23165
-23220
-23308
-23447
-23531
-23581
-23642
-23661
-23720
-23705
-23661
-23611
-23628
-23638
-23598
-23930
-23279
-23191
-23136
-23033
-22892
-22764
-22590
-22949
-22371
-22271
-22140
-21911
-21758
-21663
-21504
-21256
-21033
-20855
-20710
-20424
-20243
-19966
-19655
-19417
-19186
-18941
-18638
-18378
-18170
-17941
-17714
-17460
-17233
-17050
-16802
-16623
-16380
-16165
-15943
-15827
-16081
-15329
-15117
-14918
-14707
-14436
-14285
-14651
-13960
-13842
-13705
-13619
-13512
-13449
-13390
-13352
-13415
-13441
-13459
-13537
-13680
-13838
-13892
-14018
-14165
-14396
-14542
-14195
-14890
-15096
-15329
-15571
-15798
-15999
-16230
-16497
-16842
-16655
-17369
-17115
-17857
-18151
-18384
-18605
-18804
-18955
-19046
-19207
-19344
-19523
-19611
-19689
-19739
-19749
-19792
-19876
-19951
-19972
-20004
-19550
-20088
-20062
-19938
-19829
-19855
-19834
-19714
-19602
-19544
-19506
-19430
-19459
-19376
-19386
-19460
-19459
-19481
-19506
-19500
-19480
-19531
-19542
-19621
-19758
-19794
-19844
-19928
-20031
-20115
-20203
-20323
-20273
-20254
-20281
-20291
-20354
-20338
-20397
-20514
-20560
-20525
-20529
-21002
-20474
-20420
-20325
-20193
-20096
-19917
-19682
-19464
-19218
-18983
-18688
-18344
-18537
-17707
-17348
-16997
-16668
-16342
-15918
-15573
-15250
-14934
-14592
-14193
-13918
-13584
-13201
-12796
-12407
-12109
-12189
-11300
-11060
-11230
-10422
-10178
-9997
-9882
-10247
-9663
-9584
-9630
-9642
-9743
-9834
-10027
-10119
-9810
-10563
-10747
-10930
-11147
-11361
-11640
-11888
-12132
-12449
-12218
-13041
-13283
-13625
-13947
-14201
-14466
-14636
-14819
-15084
-15226
-15401
-15535
-15617
-15147
-15688
-15697
-15619
-15506
-15434
-15216
-14980
-14802
-14586
-14336
-14104
-13827
-13594
-13355
-13092
-12827
-12535
-12230
-11896
-11542
-11151
-11220
-10481
-10170
-9855
-9558
-9350
-9105
-8834
-8630
-8420
-8222
-8039
-8285
-7596
-7394
-7222
-6924
-6655
-6422
-6228
-6123
-6033
-5834
-5672
-5493
-5193
-5029
-4964
