-11079
-11189
-11199
-11231
-11315
-11312
-11287
-11334
-11438
-11573
-11653
-11661
-11245
-11798
-11892
-11913
-12000
-11999
-11909
-11823
-11739
-11575
-11312
-11092
-10886
-10508
-10224
-9960
-10235
-9529
-9344
-9207
-9010
-8844
-8663
-8542
-8502
-8396
-8315
-8310
-8262
-8296
-8315
-7819
-8319
-7827
-8405
-8651
-8714
-8869
-9119
-8833
-9453
-9651
-9285
-9995
-10123
-10363
-10674
-10972
-10806
-11663
-12056
-12455
-12970
-13333
-13739
-14136
-14497
-14884
-15270
-15764
-15718
-16527
-16802
-17081
-17310
-17485
-17735
-17968
-18220
-18474
-18688
-18909
-18594
-19210
-19331
-19523
-19703
-19886
-19987
-20115
-20249
-20355
-20417
-20512
-20586
-20634
-20693
-20747
-20718
-20718
-20737
-20730
-20693
-20682
-20611
-20535
-20478
-20447
-20378
-20354
-20283
-20195
-20060
-19959
-19918
-19833
-19728
-19630
-19480
-19323
-19216
-19098
-18987
-18873
-18783
-18695
-18634
-19046
-18420
-18189
-17718
-17525
-16855
-16642
-17730
-18163
-18214
-18027
-17733
-17600
-17548
-17478
-17361
-17252
-17205
-17157
-17113
-16615
-17104
-16615
-17178
-17260
-17319
-17363
-17438
-17512
-17634
-17682
-17661
-17653
-17657
-17659
-17686
-17733
-17760
-17768
-17779
-17800
-17850
-17941
-18035
-18144
-18222
-18296
-18367
-18439
-18535
-18667
-18789
-18945
-19105
-19226
-19338
-19438
-19527
-19653
-19812
-19970
-20094
-20233
-20392
-20558
-20682
-20771
-20915
-21062
-21157
-21298
-21438
-21560
-21682
-21777
-21880
-22062
-22233
-22333
-22457
-22630
-22739
-22825
-22943
-23079
-23241
-23397
-23506
-23626
-23750
-23850
-23999
-24157
-24287
-24403
-24512
-24605
-24730
-24884
-25002
-25084
-25184
-25291
-24926
-25542
-25623
-25701
-25787
-25857
-25970
-26048
-26100
-26193
-26302
-26338
-25899
-26441
-26472
-26497
-26512
-26520
-26548
-26556
-26514
-26516
-26537
-26556
-26541
-26487
-26485
-26516
-26521
-26476
-26384
-26336
-26340
-26338
-26344
-26346
-26361
-26365
-26312
-26216
-26172
-26189
-26189
-26163
-26125
-26121
-26119
-26111
-26090
-26056
-26041
-26021
-26012
-25985
-25941
-26382
-25873
-25808
-25743
-25691
-25663
-25592
-25489
-25888
-25323
-25308
-25315
-25281
-25241
-25168
-25090
-25063
-25054
-25027
-24991
-25004
-25031
-25027
-25002
-24999
-25069
-25142
-25197
-25273
-25329
-25359
-25392
-25472
-25573
-25672
-25749
-25821
-25888
-25960
-26058
-26237
-26342
-26434
-26510
-26619
-26728
-26798
-26869
-26955
-27039
-27157
-27289
-27380
-27426
-27500
-27600
-27703
-27768
-27806
-27846
-27880
-27939
-28029
-28125
-28212
-28306
-28352
-28367
-28354
-28334
-28386
-28491
-28569
-28590
-28590
-28651
-28718
-28781
-28804
-28863
-28897
-28918
-28943
-28976
-29006
-29037
-29054
-29027
-29023
-29016
-29002
-29025
-29020
-29014
-29031
-29046
-29021
-29012
-28999
-28997
-28978
-28964
-28949
-28886
-28800
-28760
-28754
-28720
-28689
-28672
-28598
-28504
-28468
-28405
-28321
-28260
-28247
-28191
-28107
-27957
-27852
-27775
-27676
-27584
-27497
-27417
-27334
-27201
-27079
-26999
-27344
-26710
-26605
-26512
-26863
-26289
-26220
-26134
-26016
-25932
-25834
-25791
-25733
-25604
-25445
-25342
-25279
-25226
-25157
-25096
-24997
-24924
-24865
-24787
-24733
-24688
-24636
-24619
-24581
-24556
-24487
-24375
-24319
-24289
-24247
-24228
-24207
-24159
-24111
-24052
-24037
-24048
-24041
-24000
-23980
-23964
-23962
-23997
-23976
-23949
-23920
-23932
-23978
-24020
-24025
-24035
-24056
-24075
-24094
-24138
-24189
-24212
-24249
-24310
-24357
-24361
-24365
-24369
-24375
-24380
-24390
-24392
-24411
-24449
-24422
-24386
-24346
-24310
-24270
-24277
-24279
-24260
-24222
-24197
-24157
-24128
-24117
-24090
-24088
-24075
-24050
-24014
-23989
-23953
-23917
-23886
-23857
-23819
-23791
-23741
-23693
-23670
-23625
-23573
-23541
-23500
-23512
-23487
-23428
-23376
-23342
-23268
-23197
-23178
-23165
-23077
-23039
-23042
-23054
-23067
-22995
-22953
-22947
-22924
-22896
-22896
-22867
-22857
-22878
-22901
-22855
-22836
-22787
-22798
-22800
-22779
-22785
-22812
-22779
-22739
-22730
-22762
-22787
-22833
-22859
-22813
-22752
-22733
-22722
-22737
-22741
-22730
-22703
-22684
-22724
-22768
-22764
-22731
-22750
-22817
-22863
-22892
-22905
-22936
-22999
-23037
-23075
-23113
-23130
-23149
-23142
-23165
-23174
-23201
-23245
-23231
-23245
-23285
-23315
-23327
-23350
-23375
-23424
-23457
-23464
-23472
-23495
-23548
-23592
-23636
-23651
-23663
-23634
-23613
-23573
-23541
-23504
-23438
-23369
-23298
-23220
-23243
-23289
-23285
-23245
-23273
-23344
-23424
-23508
-23558
-23615
-23703
-23762
-23808
-23827
-23848
-23920
-24044
-24180
-24254
-24350
-24541
-24768
-24861
-24943
-25004
-25062
-25128
-25220
-25329
-25457
-25521
-25569
-25577
-25644
-25752
-25802
-25817
-25804
-25789
-25796
-25756
-25705
-25647
-25560
-25487
-25449
-25417
-25350
-25250
-25065
-25382
-24770
-24649
-24506
-24388
-24230
-24096
-23957
-23794
-23571
-23327
-23090
-22896
-22735
-22546
-22306
-22083
-21838
-21577
-21359
-21126
-20888
-20699
-20989
-20249
-20033
-19848
-19691
-19565
-19359
-19159
-18991
-18773
-18600
-18518
-18447
-18350
-18266
-18170
-18086
-18023
-17993
-17959
-17951
-17922
-17907
-17888
-17894
-17905
-17913
-17953
-17966
-17981
-18006
-18018
-18016
-18065
-18159
-18241
-18292
-18357
-18426
-18493
-18529
-18583
-18661
-18771
-18873
-18930
-18962
-18567
-19136
-19214
-19312
-19376
-19426
-19493
-19562
-19592
-19615
-19676
-19701
-19731
-19771
-19848
-19878
-19880
-19928
-19997
-20048
-20067
-20069
-20079
-20079
-20060
-20088
-20128
-20159
-20161
-20163
-20195
-20241
-20300
-20376
-20399
-20451
-20512
-20571
-20661
-20768
-20867
-20936
-21050
-21209
-21359
-21558
-21737
-21934
-22170
-22375
-22548
-22783
-23041
-23260
-23529
-23792
-23985
-24195
-24418
-24625
-24844
-25073
-25281
-25499
-25699
-25865
-26075
-26247
-26359
-26537
-26695
-26829
-26964
-27092
-27189
-27237
-27292
-27329
-26875
-27430
-27480
-27468
-27455
-27420
-27371
-27329
-27285
-27231
-27159
-27100
-27029
-26938
-26819
-26720
-26625
-26544
-26445
-26361
-26287
-26170
-25991
-25810
-25621
-25432
-25298
-25144
-24936
-24764
-24541
-24338
-24163
-23987
-23813
-23659
-23493
-23346
-23212
-23052
-22882
-22773
-22701
-22602
-22537
-22459
-22445
-22390
-22329
-22254
-22189
-22205
-22191
-22207
-22205
-22214
-22239
-22294
-22323
-22342
-22407
-22489
-22571
-22689
-22798
-22890
-23025
-23304
-23577
-23592
-23323
-23262
-22997
-23802
-23470
-23941
-23917
-23999
-24191
-24405
-24521
-24613
-24707
-24785
-24873
-24943
-25031
-25172
-25250
-25298
-25346
-25403
-25417
-25451
-25552
-25625
-25682
-25785
-25882
-25972
-25974
-26008
-26042
-26094
-26163
-26260
-26382
-26447
-26474
-26470
-26460
-26493
-26556
-26562
-26535
-26539
-26533
-26523
-26495
-26428
-26373
-26342
-26277
-26235
-26153
-26119
-26035
-25953
-25922
-25865
-25796
-25720
-25661
-25609
-25497
-25373
-25260
-25172
-25060
-24962
-24857
-24722
-24613
-24539
-24915
-24281
-24161
-24014
-23848
-23722
-23584
-23468
-23317
-23113
-22939
-22833
-22676
-22510
-22376
-22209
-22025
-21888
-21737
-21613
-21521
-21418
-21321
-21231
-21115
-21016
-20924
-20812
-20682
-20569
-20428
-20334
-20285
-20193
-20052
-19913
-19752
-19588
-19495
-19386
-19270
-19111
-18936
-18821
-18750
-18651
-18531
-18432
-18365
-18346
-18327
-18302
-18273
-18250
-18222
-18201
-18191
-18138
-18115
-18084
-18071
-18050
-18048
-18050
-17590
-18104
-18142
-18144
-18151
-18125
-18119
-18155
-18258
-18371
-18464
-18510
-18546
-18590
-18659
-18747
-18813
-18899
-18985
-18571
-19182
-19321
-19418
-19542
-19695
-19838
-19985
-20081
-20186
-20334
-20470
-20617
-20785
-20913
-20556
-21292
-21021
-21667
-21871
-21943
-21514
-22109
-22186
-22247
-22250
-22266
-22313
-22382
-22367
-22308
-22306
-22289
-22258
-22212
-22147
-22046
-21947
-21909
-21892
-21808
-21680
-21586
-21480
-21319
-21205
-21079
-21497
-20894
-20768
-20672
-20584
-20980
-20447
-20432
-20376
-20312
-20285
-20243
-20224
-20163
-20090
-20086
-20136
-20092
-20508
-20042
-20056
-20033
-20031
-20092
-20073
-20111
-20168
-20180
-20161
-20260
-20363
-20451
-20483
-20542
-20623
-20644
-20644
-20642
-20651
-20678
-20695
-20680
-20726
-20724
-20649
-20672
-20672
-20670
-20598
-20567
-20573
-20480
-20399
-20333
-20277
-20260
-20195
-20111
-20039
-19932
-19768
-19600
-19502
-19428
-19291
-19146
-18932
-18752
-18653
-18552
-18378
-18188
-18060
-17917
-17831
-17714
-17596
-17527
-17428
-17315
-17218
-17178
-17134
-17052
-16897
-16838
-16783
-16718
-16594
-16579
-16581
-16439
-16313
-16241
-16138
-16018
-15943
-15857
-15762
-15674
-15642
-15573
-15539
-15481
-15371
-15254
-15224
-15182
-15027
-14899
-14863
-14762
-14619
-14550
-14497
-14409
-14334
-14239
-14210
-14195
-14151
-14130
-14111
-14191
-14188
-14142
-14165
-14233
-14270
-14317
-14359
-14365
-14403
-14376
-14369
-14382
-14340
-14336
-14382
-14409
-14371
-14317
-14319
-14300
-14252
-14230
-14134
-14039
-14021
-14079
-13978
-13842
-13762
-13636
-13541
-13432
-13306
-13205
-13113
-12947
-12890
-12796
-12615
-12514
-12424
-12279
-12178
-12191
-12063
-11993
-11938
-11842
-11806
-11792
-11794
-11827
-11871
-11844
-11833
-11951
-12025
-12121
-12271
-12424
-12571
-12230
-12899
-13098
-13258
-13500
-13216
-13876
-14071
-13697
-14409
-14523
-14573
-14649
-14720
-14773
-14770
-14730
-14749
-15134
-14584
-14485
-14296
-14195
-14197
-14117
-14056
-14083
-14094
-14035
-14054
-14075
-14062
-14077
-14079
-14136
-14214
-14268
-14285
-14438
-14516
-14573
-14199
-14798
-14878
-14861
-14987
-15067
-15006
-14947
-15002
-14972
-14815
-14730
-14705
-14665
-14470
-14315
-14184
-13939
-14140
-13375
-13077
-12726
-12291
-11924
-11586
-11720
-10798
-10457
-10104
-10260
-9457
-9140
-8892
-8611
-8333
-8130
-7896
-7760
-7590
-7447
-7302
-7132
-7048
-6980
-6917
-6861
-6884
-6873
-6844
-6834
-6884
-6918
-6945
-7065
-7071
-7102
-7071
-7042
-7083
-7065
-7065
-7109
-7096
-7075
-7027
-7041
-7063
-7044
-7048
-6985
-7008
-6987
-6934
-6882
-6884
-6844
-6823
-6800
-6802
-6762
-6735
-6714
-6609
-6563
-6678
-6640
-6579
-6537
-6514
-6439
-6422
-6417
-6298
-6186
-6113
-6065
-5939
-5808
-5741
-5707
-5586
-5478
-5390
-5214
-5065
-4999
-4970
-4939
-4802
-4680
-4661
-4567
-4459
-4365
-4233
-4161
-4119
-4006
-3970
-3848
-3789
-3760
-3703
-3617
-3569
-3560
-3588
-3554
-3497
-3592
-3726
-3815
-3430
-4041
-4195
-4325
-4447
-4598
-4812
-5010
-5224
-5443
-5647
-5413
-6125
-6306
-6548
-6741
-6993
-7203
-7422
-7663
-7951
-8249
-8476
-8684
-8899
-8939
-8983
-8915
-9871
-10006
-10002
-10065
-10230
-10243
-10250
-10306
-10271
-10266
-10268
-10329
-10359
-10371
-10443
-10459
-10375
-10283
-10197
-10107
-10029
-9901
-9789
-9583
-9361
-9146
-9000
-8697
-8775
-8062
-7718
-7808
-6947
-6502
-6100
-5646
-5168
-4792
-4430
-4084
-3750
-3333
-3088
-2730
-2451
-2224
-1989
-1752
-1516
-1342
-1252
-1191
-1105
-1035
-1033
-1041
-1071
-1104
-1214
-1321
-987
-1651
-1863
-2050
-2258
-1995
-2720
-3014
-3338
-3634
-3842
-4149
-4476
-4770
-5073
-4897
-5600
-5413
-6172
-6418
-6626
-6834
-7126
-6846
-7455
-7588
-7712
-7882
-8025
-8077
-8193
-8205
-8235
-8287
-8338
-8350
-8403
-8430
-8378
-8327
-8294
-8336
-8394
-8342
-8334
-8312
-8329
-8340
-8413
-8485
-8575
-8584
-8615
-8684
-8730
-8310
-8815
-8886
-9002
-9205
-9346
-9491
-9653
-9878
-10119
-10352
-10523
-10674
-10884
-11142
-11392
-11581
-11688
-11775
-12039
-11750
-12355
-12508
-12621
-12747
-12894
-12981
-13031
-13117
-13252
-13346
-13367
-13369
-13420
-13457
-13497
-13512
-13527
-13592
-13598
-13646
-13678
-13724
-13701
-13659
-13739
-13789
-13787
