-4960
-4943
-4985
-5079
-5191
-5334
-5552
-5764
-5995
-6342
-6653
-6960
-7226
-7487
-7705
-7892
-8132
-8426
-8646
-8943
-9254
-9531
-9325
-10096
-10300
-10489
-10693
-10783
-10861
-10894
-10897
-10926
-10924
-10827
-10779
-10731
-10642
-10514
-10418
-10304
-10147
-9981
-9871
-9787
-9710
-9632
-9562
-9426
-9355
-9180
-9050
-8901
-8682
-8441
-8312
-8172
-8023
-7922
-7827
-7758
-7644
-7592
-7583
-7571
-7579
-7640
-7688
-7338
-7855
-7878
-7917
-7980
-8077
-8188
-7823
-8443
-8611
-8739
-8890
-9048
-9155
-9218
-9287
-9359
-9436
-9525
-9602
-9665
-9762
-9888
-9968
-10033
-10113
-10212
-10298
-10399
-10449
-10483
-10497
-10487
-10445
-10386
-10291
-10184
-10037
-9903
-9710
-9506
-9313
-9163
-9033
-8913
-9258
-8634
-8468
-8313
-8199
-8104
-7960
-7768
-7649
-7527
-7422
-7812
-7220
-7100
-6980
-6880
-6773
-6655
-6489
-6819
-6197
-6109
-5997
-5894
-5762
-5625
-5525
-5386
-5273
-5182
-5100
-4987
-4852
-4638
-4455
-4315
-4146
-3981
-3876
-3775
-3667
-3605
-3514
-3896
-3323
-3222
-3201
-3157
-3094
-3023
-2970
-2957
-2869
-2783
-2678
-2596
-2535
-2478
-2426
-2348
-2292
-2243
-2191
-2119
-2056
-2054
-2052
-2027
-1987
-1943
-1899
-1871
-1808
-1762
-1741
-1689
-1646
-1647
-1693
-1703
-1731
-1812
-1899
-1934
-1947
-1932
-1928
-1941
-1968
-2006
-2004
-2004
-2004
-2020
-2042
-2109
-2168
-2210
-2281
-2281
-2247
-2250
-2247
-2285
-2329
-2336
-2346
-2357
-2375
-2411
-2472
-2521
-2558
-2604
-2688
-2724
-2791
-2829
-2829
-2852
-2922
-3039
-3134
-3218
-3228
-3231
-3239
-3220
-3216
-3216
-3209
-3220
-3218
-3201
-3165
-3176
-3216
-3222
-3207
-3193
-3191
-3146
-3090
-3016
-2995
-2964
-2951
-2970
-2960
-2911
-2924
-2951
-2941
-2941
-2852
-2796
-2735
-2621
-2607
-2632
-2600
-2523
-2495
-2424
-2376
-2376
-2338
-2310
-2228
-2180
-2138
-2096
-2111
-2123
-2136
-2102
-2046
-2037
-2046
-2058
-2079
-2079
-2075
-2084
-2046
-2008
-2018
-2054
-2100
-2081
-2054
-2031
-2027
-2046
-2123
-2170
-2168
-2147
-2151
-2153
-2174
-2178
-2186
-2157
-2199
-2241
-2254
-2220
-2224
-2260
-2266
-2237
-2237
-2228
-2218
-2195
-2216
-2250
-2212
-2172
-2117
-2109
-2117
-2168
-2182
-2195
-2245
-2308
-2371
-2420
-2459
-2478
-2539
-2602
-2678
-2777
-2833
-2865
-2953
-3044
-3107
-3193
-3254
-3329
-3472
-3554
-3613
-3724
-3834
-3888
-3959
-4035
-4117
-4201
-4277
-4354
-4443
-4527
-4605
-4684
-4749
-4884
-4997
-5098
-5126
-5157
-5188
-5241
-5334
-5405
-5506
-5584
-5703
-5796
-5846
-5892
-5926
-5960
-6008
-6054
-6090
-6140
-6203
-6252
-6264
-6249
-6220
-6203
-6214
-6224
-6210
-6228
-6222
-6182
-6149
-6134
-6100
-6048
-5993
-5930
-5909
-5875
-5840
-5783
-5712
-5617
-5563
-5510
-5413
-5327
-5279
-5241
-5189
-5119
-5048
-4983
-4947
-4859
-4812
-4821
-4813
-4794
-4789
-4741
-4718
-4699
-4642
-4569
-4537
-4544
-4548
-4493
-4493
-4474
-4464
-4453
-4453
-4438
-4399
-4352
-4333
-4327
-4363
-4462
-4525
-4535
-4550
-4552
-4560
-4584
-4649
-4728
-4756
-4733
-4678
-4680
-4688
-4701
-4749
-4834
-4403
-4926
-4957
-4987
-4989
-5044
-5142
-5224
-5231
-5243
-5277
-5319
-5313
-5310
-5321
-5340
-5354
-5397
-5344
-5121
-5079
-5237
-5474
-5579
-5518
-5388
-5340
-5371
-5413
-5493
-5615
-5745
-5894
-5981
-6094
-6224
-6344
-6472
-6556
-6567
-6583
-6611
-6688
-6707
-6676
-6644
-6625
-6596
-6558
-6516
-6460
-6441
-6449
-6441
-6422
-6438
-6462
-6489
-6520
-6525
-6562
-6626
-6718
-6354
-6941
-7021
-7065
-7128
-7268
-7354
-7411
-7516
-7628
-7720
-7333
-7920
-8008
-8117
-8174
-8218
-7827
-8397
-8443
-8466
-8523
-8579
-8646
-8741
-8876
-9014
-9121
-9199
-9304
-9420
-9565
-9285
-9949
-10084
-10250
-10424
-10541
-10724
-10905
-11134
-11319
-11449
-11678
-11962
-11731
-12521
-12243
-12876
-13130
-13382
-13579
-13739
-13951
-14123
-14329
-14558
-14726
-14871
-15029
-15218
-15407
-15565
-15730
-15949
-16184
-16355
-16596
-16783
-16932
-17062
-17161
-17271
-17418
-17518
-17634
-17747
-17808
-17875
-17917
-17985
-18107
-18153
-18226
-18323
-18438
-18548
-18722
-18884
-18978
-19096
-19237
-19382
-19065
-19705
-19838
-19993
-20138
-20273
-20405
-20048
-20651
-20770
-20867
-20947
-21031
-21134
-21209
-21270
-21281
-21258
-21249
-21287
-21342
-21371
-21329
-21333
-21331
-21333
-21313
-21250
-21207
-21165
-21125
-21132
-21130
-21096
-21037
-20974
-20964
-20926
-20882
-20846
-20819
-20771
-20731
-20710
-20680
-20653
-20596
-20523
-20413
-20340
-20243
-20109
-20048
-19972
-19855
-19760
-19628
-19489
-19354
-19228
-19081
-18966
-18796
-18649
-18459
-18241
-18067
-17897
-17743
-17579
-17397
-17231
-17058
-16815
-16562
-16336
-16071
-15825
-15644
-15420
-15193
-15020
-14817
-14609
-14455
-14254
-14060
-13939
-13808
-13653
-13520
-13346
-13663
-13039
-12911
-12796
-13168
-12550
-12388
-12277
-12203
-12071
-11941
-11829
-11773
-11741
-12212
-11642
-11537
-11478
-11468
-11483
-11497
-11487
-11483
-11535
-11598
-11653
-11663
-11699
-11686
-11663
-11686
-11710
-11724
-11733
-11762
-11779
-11756
-11707
-11670
-11640
-11638
-11613
-11562
-11579
-11644
-11709
-11796
-11897
-11970
-11995
-12063
-12170
-11728
-12258
-12357
-12445
-12478
-12480
-12483
-12516
-12531
-12512
-12567
-12655
-12710
-12747
-12764
-12806
-12827
-12869
-12915
-12960
-13004
-13035
-13060
-13065
-13081
-13149
-12707
-13212
-13239
-13275
-13273
-13266
-13277
-13336
-13378
-13354
-13329
-13317
-13382
-13417
-13418
-13436
-13483
-13529
-13535
-13531
-13552
-13544
-13531
-13527
-13491
-13499
-13504
-13485
-13478
-13443
-13380
-13340
-13369
-13371
-13327
-13315
-13319
-13334
-13308
-13350
-13386
-13422
-13417
-13417
-13405
-13451
-13510
-13535
-13558
-13594
-13644
-13640
-13646
-13659
-13701
-13743
-13810
-13890
-13968
-14044
-14065
-14109
-14165
-14203
-14254
-14367
-14432
-14495
-14577
-14647
-14718
-14785
-14869
-14962
-15039
-15119
-15197
-15283
-15371
-15451
-15504
-15581
-15686
-15781
-15875
-15953
-15999
-16058
-16113
-16212
-16308
-16346
-16369
-16394
-16453
-16506
-16550
-16125
-16659
-16682
-16722
-16762
-16768
-16796
-16842
-16875
-16903
-16920
-16981
-16993
-16974
-16978
-17016
-17054
-17098
-17096
-17111
-17178
-17245
-17233
-17222
-17218
-17306
-17417
-17464
-17495
-17563
-17623
-17674
-17741
-17787
-17808
-17892
-17943
-17985
-18031
-17594
-18182
-18271
-18334
-18413
-18480
-18520
-18542
-18605
-18655
-18712
-18773
-18838
-18922
-19027
-19102
-19128
-19182
-19241
-19338
-19405
-19436
-19495
-19596
-19663
-19747
-19827
-19871
-19934
-19964
-19966
-19993
-20048
-20102
-20138
-20195
-20245
-20279
-20331
-20350
-20384
-20432
-20478
-20518
-20520
-20504
-20472
-20497
-20546
-20556
-20560
-20598
-20661
-20705
-20741
-20682
-20625
-20586
-20605
-20623
-20628
-20611
-20567
-20527
-20468
-20409
-20346
-20346
-20327
-20271
-20209
-20132
-20071
-20044
-20002
-19970
-19903
-19823
-19760
-19709
-19617
-19508
-19445
-19403
-19346
-19260
-19174
-19102
-19062
-19037
-18964
-18892
-18827
-18750
-18680
-18605
-19052
-18491
-18422
-18342
-18294
-18180
-18098
-18079
-18035
-17985
-17922
-17871
-17844
-17762
-17712
-17716
-17703
-17676
-17647
-17626
-18073
-17548
-17491
-17470
-17478
-17455
-17472
-17392
-17373
-17338
-17302
-17403
-17415
-17384
-17376
-17424
-17510
-17537
-17617
-17684
-17745
-17813
-17903
-18006
-18046
-18132
-18243
-18270
-18313
-18355
-18439
-18455
-18497
-18535
-18579
-19050
-18584
-18621
-18676
-18684
-18730
-18720
-18724
-18689
-18667
-18697
-18661
-18623
-18619
-18552
-18500
-18474
-18384
-18294
-18228
-18170
-18189
-18210
-18178
-18081
-17938
-17840
-17682
-17592
-17506
-17331
-17149
-16985
-16886
-16697
-16478
-16363
-16245
-16600
-15997
-15892
-15833
-15789
-15747
-15680
-15600
-15546
-15600
-15592
-15510
-15415
-15399
-15434
-15392
-15310
-15294
-15273
-15230
-15176
-15151
-15176
-15193
-15199
-15231
-15230
-15113
-15197
-15319
-15459
-15577
-15644
-15705
-15707
-15733
-15737
-15747
-15833
-15918
-16018
-16096
-16174
-16254
-16329
-16399
-16533
-16720
-16852
-17016
-17174
-17355
-17527
-17655
-17848
-18014
-18230
-18497
-18718
-18892
-19088
-19312
-19438
-19604
-19781
-19941
-20071
-20048
-20065
-20102
-20092
-20018
-19871
-19808
-19731
-19569
-19359
-19136
-18970
-18791
-19041
-18180
-17865
-18062
-17233
-16993
-16733
-16523
-16376
-16287
-16146
-16027
-16037
-16031
-15960
-15865
-15897
-15909
-15926
-15897
-15938
-16052
-16216
-16287
-16333
-16485
-16626
-16783
-17084
-17222
-17191
-17207
-17308
-17487
-17689
-17844
-17646
-18560
-18896
-19153
-19291
-19333
-19464
-19613
-19709
-19770
-19876
-19999
-20086
-20277
-20378
-20504
-20560
-20584
-20621
-20638
-20676
-20600
-20523
-20462
-20380
-20302
-20212
-20058
-19941
-19880
-19716
-19588
-19520
-19361
-19165
-18995
-18907
-18785
-18613
-18529
-18363
-18239
-18140
-18052
-17993
-17999
-18098
-18180
-18247
-18369
-18376
-18086
-17731
-17396
-17567
-16720
-16500
-16302
-16245
-16270
-16188
-16186
-16199
-16596
-16000
-16002
-15945
-15863
-15796
-15823
-15852
-15968
-16264
-16126
-16930
-16626
-17403
-17701
-17983
-18207
-18426
-18625
-18884
-19018
-19220
-19373
-19472
-19632
-19739
-19754
-19844
-19999
-20102
-20184
-20312
-20426
-20035
-20560
-20598
-20657
-20697
-20752
-20726
-20670
-20573
-20565
-20575
-20457
-20323
-20296
-20237
-20172
-20062
-19983
-19955
-19926
-19821
-19722
-19707
-19682
-19611
-19638
-19653
-19728
-19766
-19894
-19552
-20201
-20226
-20281
-20073
-20726
-20876
-21079
-21317
-21567
-21712
-21934
-22218
-22014
-22697
-22951
-23233
-23476
-23691
-23833
-23962
-24155
-24323
-24474
-24617
-24730
-24781
-24794
-24890
-24987
-25094
-25121
-25100
-25041
-25155
-25142
-25123
-25132
-25056
-25029
-25014
-24918
-24888
-24785
-24655
-24638
-24613
-24497
-24367
-24315
-24203
-24031
-23941
-23813
-23695
-23594
-23480
-23373
-23291
-23237
-23170
-23136
-23056
-22968
-22878
-22777
-22678
-22577
-22523
-22451
-22415
-22317
-22180
-22065
-22037
-21991
-21917
-21848
-21794
-21779
-21714
-21691
-21709
-21771
-21773
-21701
-21735
-21787
-21726
-21703
-21779
-21789
-21768
-21785
-21760
-21756
-21779
-21771
-21787
-21855
-21955
-22020
-22123
-22123
-22159
-22226
-22249
-22237
-22281
-22313
-22243
-22228
-22214
-22188
-22178
-22165
-22052
-21928
-21878
-21825
-21794
-21745
-21646
-21516
-21438
-21396
-21300
-21176
-21083
-21046
-20936
-20876
-20936
-20875
-20812
-20815
-20739
-20668
-20644
-20577
-20525
-20500
-20506
-20510
-20483
-20504
-20470
-20483
-20514
-20527
-20584
-20560
-20521
-20527
-20533
-20535
-20560
-20592
-20487
-20447
-20415
-20357
-20279
-20226
-20170
-20147
-20155
-20115
-20035
-20044
-20041
-20000
-19976
-19903
-19855
-19920
-19903
-19833
-19789
-19750
-19792
-19684
-19630
-19621
-19607
-19663
-19649
-19617
-19583
-20031
-19520
-19588
-19579
-19607
-19628
-19592
-19586
-19584
-19607
-19636
-19678
-19670
-19651
-19649
-19686
-19661
-19665
-19600
-19567
-19556
-19577
-19544
-19409
-19392
-19378
-19310
-19243
-19132
-19542
-18957
-18911
-18777
-18682
-18613
-18453
-18361
-18281
-18500
-17800
-17771
-17646
-17583
-17586
-17533
-17399
-17365
-17287
-17157
-17035
-16901
-16756
-16626
-16516
-16365
-16209
-16147
-16100
-15966
-15905
-15920
-15823
-15817
-15791
-15741
-15724
-15688
-15598
-15493
-15382
-15250
-15243
-15170
-15628
-15060
-15010
-14968
-14945
-14955
-14945
-14884
-14796
-14806
-14806
-14733
-14634
-14560
