-1081
-1008
-945
-861
-813
-863
-886
-861
-493
-1121
-1226
-1390
-1602
-1815
-2209
-2436
-2674
-2903
-3182
-2987
-3806
-4126
-4447
-4768
-5159
-5502
-5388
-6247
-6590
-6922
-7161
-7411
-7554
-7792
-7947
-7989
-8071
-8161
-8102
-8081
-8071
-8021
-7903
-7848
-7665
-7552
-7390
-7167
-6976
-6731
-6470
-6180
-5896
-5554
-5222
-5359
-4544
-4115
-3737
-3884
-2991
-2584
-2252
-1836
-1922
-1149
-789
-966
-153
141
387
595
708
887
1051
1103
1133
1188
1177
1148
-277
-882
-502
-1094
-1273
-1417
-1562
-1684
-1815
-1472
-2104
-2203
-2361
-2495
-2590
-2731
-2905
-3044
-3147
-3294
-3418
-3520
-3605
-3739
-3445
-4062
-4142
-4233
-4338
-4470
-4558
-4667
-4758
-4817
-4863
-4907
-4991
-5033
-5079
-5119
-5138
-5165
-5167
-5140
-5092
-5102
-5121
-5079
-5039
-4949
-4798
-4693
-4634
-4546
-4476
-4371
-4243
-4149
-4016
-3882
-3739
-3554
-3886
-3275
-3136
-3413
-2754
-2583
-2917
-2216
-2010
-1781
-1527
-1310
-1084
-896
-651
-436
-178
76
297
28
759
940
1116
1318
1509
1641
1751
1856
1977
2076
2211
2349
2395
2406
2395
2395
2417
2429
2433
2421
2395
2370
2368
2322
2248
2192
2139
2091
2053
1982
1896
1826
1730
1597
1501
1446
1370
1274
1135
1001
891
788
713
620
496
406
267
158
19
-75
-184
-319
-403
-518
-623
-783
-932
-1046
-1161
-1271
-1403
-1556
-1688
-1848
-2018
-2193
-2294
-2424
-2598
-2747
-2445
-3111
-3262
-2938
-3600
-3722
-3422
-4079
-4218
-4375
-4506
-4617
-4750
-4403
-4983
-5086
-5199
-5319
-5432
-5512
-5560
-5625
-5718
-5800
-5915
-6000
-6063
-6113
-6170
-6209
-6279
-5869
-6434
-6506
-6529
-6544
-6602
-6691
-6731
-6743
-6735
-6758
-6798
-6836
-6909
-6955
-7018
-7092
-7165
-7209
-7209
-7254
-7294
-7273
-7321
-7386
-7459
-7521
-7573
-7609
-7672
-7716
-7773
-7829
-7913
-8021
-8075
-8079
-8104
-8132
-8161
-8186
-8216
-8222
-8180
-8134
-8105
-8071
-8031
-8010
-7980
-7951
-7878
-7745
-7672
-7630
-7558
-7451
-7331
-7191
-7079
-6987
-6854
-6714
-6611
-6510
-6375
-6243
-6109
-5991
-5812
-5628
-5516
-5386
-5220
-5033
-5348
-4626
-4426
-4207
-3968
-3764
-3521
-3298
-3105
-2838
-2588
-2375
-2079
-1857
-1647
-1405
-1176
-934
-688
-508
-319
-130
68
280
456
564
688
816
923
1028
1127
1223
1316
1408
984
1496
1507
1513
1528
1526
1492
1456
1459
1479
1467
1391
1335
1255
1188
1124
1011
887
767
696
616
524
446
299
125
11
-163
-365
-10
-640
-827
-497
-1161
-1315
-1504
-1688
-1857
-2098
-2306
-1985
-2720
-2453
-3149
-3371
-3579
-3766
-3978
-4189
-4365
-4586
-4815
-4983
-5188
-5363
-5514
-5689
-5840
-6044
-6233
-5886
-6571
-6796
-7010
-7247
-7497
-7684
-7857
-8052
-8254
-8481
-8760
-8970
-9230
-9472
-9703
-9957
-10258
-10485
-10737
-10966
-11201
-11480
-11682
-11930
-11752
-12516
-12798
-13031
-13235
-13502
-13773
-13974
-13712
-14476
-14731
-14981
-15205
-15352
-15533
-15745
-15917
-15642
-16260
-16342
-16460
-16596
-16686
-16783
-16878
-16960
-17054
-17083
-17090
-17126
-17170
-17214
-17277
-17289
-17296
-17317
-17361
-17344
-17308
-17273
-17296
-17315
-17319
-17344
-17352
-17340
-17275
-17193
-17165
-17142
-17132
-17125
-17111
-17149
-17186
-17155
-17126
-17128
-17178
-17193
-17209
-17239
-17289
-17342
-17382
-17411
-17459
-17514
-17604
-17676
-17762
-17836
-17926
-18033
-18132
-18277
-18396
-18474
-18594
-18718
-18831
-18962
-19094
-19212
-19354
-19447
-19527
-19647
-19733
-19844
-19938
-19997
-20086
-20193
-20279
-20312
-20403
-20499
-20567
-20598
-20661
-20726
-20810
-20897
-21092
-21182
-21298
-21401
-21012
-21592
-21674
-21710
-21749
-21812
-21939
-22077
-22168
-22241
-22270
-22331
-22396
-22472
-22581
-22672
-22747
-22846
-22897
-22991
-23058
-23140
-23224
-23327
-23441
-23546
-23623
-23689
-23730
-23817
-23462
-24086
-24218
-24291
-24382
-24466
-24573
-24688
-24773
-24899
-25012
-25144
-25262
-25396
-25514
-25605
-25712
-25813
-25960
-26105
-26197
-26296
-25907
-26537
-26661
-26794
-26924
-27042
-27184
-27315
-27407
-27485
-27605
-27697
-27785
-27817
-27367
-27911
-27960
-28018
-28094
-28191
-28249
-28275
-28281
-28289
-27850
-28342
-28344
-28380
-28426
-28464
-28447
-28447
-28428
-28390
-28375
-28386
-28382
-28346
-28348
-28363
-28317
-28218
-28182
-28170
-28149
-28138
-28107
-28075
-28058
-28033
-28088
-28096
-28071
-28048
-28025
-28012
-27997
-27999
-27997
-27980
-27978
-28014
-28075
-28109
-28140
-28149
-28147
-28146
-28168
-28212
-28243
-28250
-28285
-28334
-28354
-28310
-28273
-28249
-28296
-28329
-28367
-28361
-28361
-28394
-28438
-28464
-28487
-28504
-28525
-28556
-28539
-28506
-28493
-28544
-28611
-28625
-28615
-28617
-28617
-28604
-28617
-28663
-28718
-28756
-28766
-28791
-28808
-28808
-28823
-28834
-28840
-28882
-28934
-28980
-29025
-29086
-29134
-29195
-29273
-29397
-29520
-29592
-29651
-29710
-29792
-29930
-30134
-30304
-30491
-30602
-30668
-30298
-30934
-31081
-31163
-31237
-31294
-31317
-31376
-31413
-31451
-31483
-31470
-31462
-31493
-31506
-31485
-31449
-31418
-31354
-31342
-31308
-31245
-31159
-31121
-31063
-31012
-30955
-30909
-30875
-30815
-30730
-30661
-30644
-30646
-30594
-30504
-30449
-30424
-30348
-30287
-30231
-30197
-30176
-30144
-30083
-30014
-29960
-29882
-29875
-29821
-29771
-29754
-29733
-29739
-29724
-29722
-29730
-29688
-29657
-29636
-29655
-29657
-29646
-29623
-29651
-29720
-29762
-29315
-29834
-29880
-29968
-30086
-30174
-30256
-30363
-30443
-30565
-30741
-30896
-31033
-31172
-31329
-31489
-31600
-31735
-31926
-32128
-32287
-32499
-32731
-32884
-33090
-33338
-33512
-33674
-33882
-34073
-34321
-34560
-34762
-35033
-35231
-35466
-35188
-35827
-36060
-36258
-36525
-36754
-37025
-37231
-37418
-37665
-37859
-38096
-38340
-38550
-38743
-38957
-39130
-39308
-39422
-39556
-39747
-39947
-39592
-40235
-40390
-40512
-40647
-40743
-40819
-40953
-41033
-41081
-41132
-41174
-41239
-41325
-41355
-41348
-41304
-41294
-41271
-41247
-41243
-41222
-41159
-41105
-41071
-40995
-40913
-40844
-40743
-40630
-40525
-40388
-40268
-40186
-40529
-39890
-39752
-40058
-39378
-39207
-39008
-38754
-38554
-38336
-38132
-37939
-37691
-37497
-37333
-37138
-36890
-36659
-36411
-36212
-36084
-35896
-36149
-35472
-35279
-35123
-35027
-34878
-34707
-34617
-34537
-34474
-34369
-34256
-34212
-34222
-34688
-34140
-34052
-33991
-34018
-34090
-34117
-34142
-34125
-34134
-34197
-34231
-34279
-34317
-34399
-34468
-34487
-34539
-34569
-34611
-34628
-34649
-34212
-34777
-34802
-34773
-34764
-34787
-34806
-34808
-34848
-34834
-34827
-34869
-34909
-34928
-34901
-34875
-34829
-34800
-34802
-34777
-34747
-34710
-34651
-34600
-34571
-34539
-34489
-34418
-34355
-34277
-34672
-34109
-34073
-34021
-33909
-33794
-33674
-33575
-33518
-33451
-33396
-33321
-33237
-33191
-33159
-33073
-32997
-32905
-32817
-32771
-32688
-32634
-32617
-32592
-32550
-32525
-32506
-32474
-32443
-32359
-32333
-32321
-32350
-32352
-32342
-32306
-32262
-32277
-32306
-32334
-32352
-32334
-32333
-32313
-32357
-32382
-32388
-32382
-32399
-32415
-32405
-32380
-32363
-32352
-32334
-32321
-32256
-32224
-32189
-32125
-32098
-32063
-32041
-32044
-31993
-31899
-31829
-31771
-31714
-31678
-31626
-31554
-31508
-31485
-31418
-31331
-31306
-31258
-31747
-31216
-31180
-31172
-31105
-31096
-31075
-31018
-30957
-30855
-31262
-30699
-30623
-30562
-30447
-30401
-30768
-30184
-30107
-29978
-30279
-29691
-29607
-29396
-29277
-29222
-29075
-28924
-28733
-28594
-28441
-28270
-28107
-28054
-27951
-27852
-27707
-27636
-27560
-27466
-27386
-27363
-27375
-27338
-27292
-26873
-27436
-27500
-27609
-27701
-27848
-27949
-28184
-28405
-28552
-28802
-29023
-29231
-29464
-29688
-29344
-30000
-30201
-30449
-30636
-30712
-30306
-30951
-31021
-31077
-31096
-31126
-31128
-31144
-31071
-31002
-30930
-30838
-30703
-30516
-30777
-30042
-29808
-29541
-29212
-28896
-28556
-28188
-27852
-27478
-27130
-26766
-26388
-26020
-25636
-25312
-25361
-24506
-24207
-24355
-23531
-23138
-22838
-22955
-22172
-21920
-21649
-21418
-21292
-21107
-20978
-20848
-20770
-20754
-20701
-20623
-20575
-20598
-20653
-20722
-20766
-20829
-20945
-21126
-21220
-21386
-21584
-21724
-21930
-22136
-22382
-22579
-22787
-23050
-23222
-23413
-23619
-23794
-23917
-23989
-24021
-24041
-24023
-24039
-24418
-23777
-23636
-23420
-23233
-23046
-22720
-22397
-22123
-21783
-21357
-20896
-20968
-20065
-19605
-19250
-18785
-18327
-17938
-18033
-17218
-16766
-16430
-16151
-15846
-16105
-15420
-15222
-15006
-14815
-14672
-14529
-14283
-14104
-13995
-13901
-13714
-13525
-13306
-13159
-12997
-12785
-12600
-12396
-12235
-12014
-11810
-11634
-11409
-11262
-11088
-10878
-10710
-10571
-10439
-10277
-10138
-10023
-9936
-9854
-9812
-9789
-9764
-9716
-9754
-9806
-9815
-9884
-9978
-9997
-10084
-10151
-10209
-9775
-10239
-10313
-10417
-10470
-10491
-10537
-10565
-10569
-10554
-10579
-10558
-10533
-10443
-10331
-10214
-10104
-9903
-9749
-9642
-9500
-9348
-9195
-9136
-9121
-9033
-8913
-8825
-8819
-8873
-8888
-8915
-9042
-9176
-9264
-9384
-9613
-9800
-9972
-10237
-10413
-10598
-10800
-11125
-11375
-11642
-11861
-12119
-12390
-12668
-12918
-13105
-13399
-13203
-13913
-14037
-14151
-14271
-14392
-14430
-14485
-14478
-14500
-14453
-14334
-14220
-14113
-13936
-13752
-13586
-13401
-13663
-12993
-12758
-12539
-12310
-12073
-11730
-11436
-11705
-10896
-10562
-10682
-9817
-9504
-9144
-8808
-8409
-8052
-7771
-7497
-7199
-6943
-6737
-6499
-6281
-6098
-5970
-5813
-5680
-5588
-5489
-5855
-5357
-5291
-5266
-5279
-5342
-5342
-5375
-5478
-5554
-5684
-5829
-5936
-6033
-6239
-6325
-6460
-6611
-6741
-6369
-7039
-7165
-7273
-7438
-7588
-7716
-7787
-7939
-8058
-8105
-8231
-8315
-8386
-8451
-8468
-8497
-8474
-8460
-8474
-8466
-8371
-8361
-8411
-8405
-8346
-8279
-8271
-8384
-8346
-8262
-8247
-8228
-8165
-8094
-8033
-7983
-7888
-7768
-7697
-7588
-7502
-7480
-7417
-7365
-7331
-7250
-7149
-7065
-7018
-7018
-6999
-7008
-7039
-7033
-7008
-7023
-7065
-7184
-7241
-7228
-7245
-6844
-7396
-7438
-7491
-7537
-7600
-7609
-7680
-7777
-7800
-7842
-7907
-8035
-8123
-8226
-8315
-8354
-8424
-8432
-8481
-8514
-8523
-8550
-8594
-8651
-8653
-8682
-8686
-8697
-8667
-8680
-8655
-8634
-8705
-8750
-8716
-8705
-8655
-8649
-8617
-8653
-8626
-8552
-8460
-8394
-8312
-8222
-8062
-7844
-7619
-7775
-6993
-6712
-6401
-6071
-5720
-5386
-5054
-4745
-4460
-4119
-3762
-3480
-3228
-3403
-2697
-2903
-2104
-1815
-1552
-1399
-1205
-1029
-892
-726
-630
-619
-512
-499
-457
-556
-646
-680
-754
-827
-1010
-1081
-1191
-1331
-1002
-1613
-1756
-1844
-1468
-2079
-2199
-2312
-2420
-2495
-2625
-2770
-2966
-3021
-3109
-3233
-3376
-3506
-3596
-3718
-3865
-4006
-4151
-4216
-4220
-4336
-4489
-4539
-4615
-4718
-4779
-4785
-4800
-4842
-4844
-4848
-5367
-4802
-4754
-4718
-4678
-4508
-4432
-4357
-4346
-4310
-4201
-4065
-4039
-4027
-3936
-3867
-3798
-3661
-3542
-3434
-3306
-3201
-3000
-2834
-2638
-2928
-2283
-2037
-1848
-1636
-1396
-1176
-1409
-695
-401
