-21449
-21457
-21413
-21424
-21409
-21407
-21474
-21520
-21529
-21617
-21724
-21836
-21502
-22193
-22399
-22590
-22733
-22926
-23182
-23380
-23518
-23745
-23892
-24058
-24277
-23960
-24527
-24642
-24739
-24878
-24997
-25056
-25146
-25186
-25180
-25104
-25088
-25146
-24981
-25403
-24836
-24829
-24726
-24695
-24619
-24525
-24472
-24434
-24418
-24262
-24146
-24050
-24054
-23960
-23897
-23894
-23911
-23926
-23962
-24033
-24079
-24161
-24327
-24457
-24575
-24735
-24855
-25058
-25304
-25464
-25596
-25806
-26008
-26172
-25938
-26646
-26762
-26999
-27178
-27323
-27499
-27718
-27842
-28006
-28176
-28292
-28401
-28542
-28676
-28785
-28852
-28913
-28947
-28985
-29041
-28993
-28953
-28857
-28825
-28787
-28686
-28625
-28548
-28434
-28815
-28249
-28178
-28046
-27922
-27787
-27764
-27686
-27594
-27550
-27508
-27466
-27399
-27321
-27266
-27199
-27167
-27153
-27107
-27094
-27086
-27094
-27069
-27033
-27075
-27077
-27004
-26938
-26918
-26886
-26901
-26928
-26903
-26848
-26813
-26800
-26821
-26848
-26880
-26896
-26930
-26968
-26989
-27021
-27048
-27090
-27168
-27224
-27281
-27306
-26875
-27478
-27573
-27668
-27741
-27815
-27924
-28010
-28046
-28071
-28140
-28226
-27865
-28472
-28558
-28623
-28678
-28693
-28741
-28348
-28932
-29033
-29077
-29126
-29224
-29334
-29384
-29436
-29449
-29500
-29569
-29626
-29691
-29783
-29873
-29947
-30020
-30113
-30163
-30199
-30249
-30300
-30315
-30350
-30428
-30483
-30525
-30539
-30541
-30560
-30594
-30611
-30575
-30548
-30512
-30521
-30542
-30539
-30520
-30506
-30464
-30436
-30401
-30361
-30342
-30342
-30300
-30245
-30182
-30117
-30050
-29974
-29878
-29758
-29680
-29623
-29575
-29483
-29396
-29296
-29176
-29084
-28991
-28869
-28747
-28667
-28560
-28436
-28352
-28254
-28157
-28065
-27964
-27861
-27745
-27607
-27506
-27438
-27378
-27304
-27207
-27119
-27081
-26999
-26873
-26806
-26783
-26768
-26722
-26651
-26605
-26573
-26512
-26453
-26462
-26497
-26500
-26520
-26514
-26523
-26537
-26565
-26594
-26632
-26678
-26737
-26810
-26384
-26924
-26964
-27029
-27088
-27146
-27218
-27298
-27413
-27500
-27556
-27628
-27697
-27777
-27842
-27888
-27947
-28006
-28079
-28205
-28317
-28378
-28464
-28533
-28569
-28644
-28745
-28844
-28894
-28932
-28972
-29065
-29144
-29193
-29300
-29369
-29418
-29453
-29504
-29556
-29584
-29615
-29632
-29686
-29703
-29758
-29791
-29802
-29819
-29882
-29934
-29964
-29953
-29926
-29936
-29960
-29987
-29970
-29938
-29953
-29968
-29993
-29991
-29985
-29953
-29949
-29943
-29917
-29886
-29829
-30289
-29768
-29726
-29684
-29649
-29560
-29487
-29434
-29386
-29344
-29283
-29205
-29147
-29113
-29044
-28949
-28863
-28756
-28672
-28573
-28516
-28483
-28449
-28405
-28817
-28226
-28159
-28046
-27966
-27934
-27892
-27764
-27691
-27605
-27529
-27445
-27844
-27250
-27207
-27138
-27060
-26949
-27355
-26812
-26771
-26718
-26661
-26611
-26554
-26508
-26470
-26457
-26453
-26403
-26346
-26319
-26329
-26380
-26409
-26373
-26348
-26310
-26298
-26319
-26355
-26420
-26457
-26430
-26390
-26396
-26369
-26359
-26403
-26466
-26443
-26413
-26869
-26376
-26375
-26354
-26321
-26327
-26329
-26317
-26268
-26220
-26210
-26176
-26144
-26094
-26119
-26144
-26153
-26123
-26113
-26117
-26147
-26149
-26128
-26117
-26136
-26178
-26224
-26277
-26294
-26302
-26306
-26361
-26403
-26443
-26499
-26525
-26531
-26529
-26575
-26579
-26563
-26586
-26602
-26655
-26733
-26760
-26798
-26794
-26819
-26844
-26865
-26886
-26941
-26960
-26951
-26941
-26924
-26918
-26913
-26913
-26917
-26894
-26873
-26861
-26808
-26756
-26718
-26691
-26644
-26577
-26499
-26415
-26296
-26218
-26170
-26096
-25962
-25855
-25720
-25598
-25447
-25350
-25273
-25153
-24987
-24863
-24745
-24623
-24491
-24329
-24182
-24077
-24426
-23812
-23722
-23644
-23554
-23453
-23256
-23102
-22972
-22865
-22764
-22649
-22510
-22378
-22222
-22056
-21934
-21842
-21817
-21798
-21714
-21596
-21504
-21418
-21388
-21392
-21363
-21273
-21186
-21117
-21031
-21002
-20995
-20985
-20985
-21000
-21002
-20985
-20966
-20939
-20911
-20882
-20907
-20911
-20878
-20859
-20882
-20911
-20949
-21000
-21020
-21018
-21012
-21020
-21052
-21065
-21083
-21117
-21113
-21090
-21046
-21495
-21027
-21081
-21142
-21209
-21230
-21212
-21193
-21170
-21167
-21222
-21264
-21262
-21264
-21266
-21262
-21287
-21291
-21277
-21268
-21285
-21281
-21237
-21186
-21105
-21046
-20993
-20972
-20968
-20926
-20836
-20758
-20697
-20626
-20567
-20474
-20361
-20302
-20212
-20111
-20002
-19917
-19840
-19783
-19676
-19550
-19436
-19275
-19161
-19094
-19535
-18943
-18848
-18697
-18598
-18474
-18386
-18352
-18237
-18115
-18042
-17938
-17836
-17768
-17682
-17594
-17531
-17451
-17346
-17279
-17222
-17136
-17065
-16989
-16924
-16821
-16781
-16730
-16674
-16619
-16546
-16523
-16556
-16556
-16518
-16468
-16497
-16539
-16548
-16546
-16573
-16602
-16644
-16684
-16714
-16730
-16716
-16747
-16792
-16812
-16833
-16892
-16934
-16938
-16938
-16934
-16966
-16945
-16911
-16899
-16913
-16932
-16924
-16888
-16880
-16922
-16951
-16930
-16863
-16819
-16768
-16716
-16691
-16678
-16672
-16657
-16625
-16535
-16439
-16409
-16403
-16342
-16273
-16203
-16157
-16134
-16100
-16084
-16046
-15943
-15848
-15730
-15716
-15731
-15709
-15617
-15562
-15495
-15415
-15340
-15302
-15283
-15243
-15228
-15201
-15184
-15199
-15207
-15254
-15296
-15304
-15254
-15249
-15256
-15296
-15317
-15352
-15380
-15443
-15508
-15617
-15728
-15825
-15915
-15955
-16042
-16153
-16230
-16333
-16428
-16533
-16703
-16804
-16861
-16955
-17086
-17214
-17386
-17529
-17630
-17773
-17913
-18046
-18170
-18281
-18388
-18523
-18630
-18770
-18915
-19033
-19168
-19273
-19350
-19470
-19058
-19569
-19617
-19688
-19752
-19850
-19896
-19922
-19959
-19968
-20002
-20048
-20123
-20188
-20203
-20125
-20065
-20037
-20018
-20025
-20010
-19968
-19897
-19825
-19762
-19668
-19575
-19512
-19455
-19418
-19354
-19210
-19065
-18939
-18823
-18709
-18617
-18525
-18430
-18313
-18220
-18132
-18548
-17972
-17833
-17720
-17554
-17434
-17375
-17289
-17207
-17121
-17021
-16865
-16714
-16615
-16554
-16495
-16441
-16310
-16205
-16086
-16006
-15962
-15884
-15821
-15695
-15636
-15640
-15655
-15628
-15613
-15567
-15491
-15453
-15464
-15493
-15510
-15531
-15556
-15590
-15621
-15665
-15728
-15802
-15880
-15970
-16031
-16092
-16216
-16310
-16397
-16499
-16609
-16678
-16777
-16911
-17008
-17086
-17189
-17277
-17361
-17466
-17583
-17686
-17796
-17922
-18020
-18167
-18271
-18325
-18371
-18459
-18537
-18646
-18728
-18815
-18911
-18972
-19042
-19104
-19178
-19224
-19325
-19407
-19478
-19518
-19063
-19625
-19686
-19770
-19861
-19865
-19899
-19936
-19939
-19951
-20025
-20073
-20105
-20081
-20062
-20020
-20010
-20027
-20029
-20033
-20021
-19981
-19981
-19993
-19970
-19901
-19810
-19770
-19773
-19771
-19728
-19665
-20029
-19447
-19405
-19336
-19222
-19161
-19086
-18991
-18899
-18810
-18750
-18657
-18510
-18373
-18235
-18136
-18033
-17905
-17728
-18069
-17432
-17273
-17182
-17023
-16808
-16626
-16399
-16218
-16027
-15876
-15682
-15434
-15209
-15048
-14867
-14686
-14523
-14336
-14178
-14025
-13848
-14159
-13529
-13380
-13292
-13230
-13126
-12987
-12875
-12756
-12668
-12571
-12491
-12472
-12460
-12430
-12420
-12407
-12426
-12455
-12489
-12460
-12495
-12584
-12634
-12697
-12794
-12875
-12980
-13081
-12707
-13346
-13478
-13586
-13203
-13802
-13939
-14096
-14230
-14380
-14525
-14670
-14846
-15004
-15119
-15279
-15422
-15533
-15155
-15762
-15846
-15951
-16073
-16176
-16279
-16355
-16447
-16527
-16604
-16686
-16718
-16728
-16709
-16697
-16728
-16731
-16678
-16644
-16558
-16460
-16375
-16310
-16258
-16176
-16052
-15934
-15770
-16117
-15506
-15340
-15174
-15046
-14876
-14689
-14544
-14357
-14632
-13980
-13812
-13625
-13422
-13203
-13031
-12802
-12581
-12359
-12136
-11957
-11817
-11632
-11409
-11241
-11050
-10907
-10764
-10520
-10333
-10149
-9993
-9875
-9722
-9649
-9584
-9462
-9331
-9104
-8983
-8838
-8714
-8659
-8605
-8535
-8516
-8485
-8537
-8584
-8640
-8745
-8829
-8905
-9012
-9155
-9325
-9445
-9584
-9689
-9315
-9997
-10144
-10224
-10340
-10420
-10453
-10531
-10674
-10697
-10731
-10794
-10834
-10857
-10834
-10876
-10928
-10955
-10964
-10928
-10960
-10962
-10899
-10871
-10815
-10758
-10678
-10684
-10661
-10626
-10592
-10527
-10443
-10373
-10266
-10163
-10212
-10168
-10092
-10042
-10031
-9953
-9875
-9825
-9728
-9623
-9623
-9619
-9512
-9426
-9411
-9373
-9756
-9239
-9144
-9138
-9098
-9054
-8985
-8913
-8865
-9281
-8682
-8611
-8583
-8418
-8292
-8298
-8186
-7980
-7920
-7794
-7701
-7609
-7483
-7447
-7365
-7298
-7308
-7329
-7363
-7392
-7497
-7672
-7812
-7869
-8058
-7848
-8573
-8771
-8989
-9151
-8810
-9478
-9686
-9804
-9875
-9844
-9859
-9911
-9886
-9789
-9714
-9607
-9504
-9294
-9027
-8834
-8541
-8222
-7894
-7542
-7111
-6724
-6355
-5884
-5466
-5073
-4707
-4323
-3945
-3634
-3268
-3069
-3415
-2752
-2642
-2573
-2472
-2474
-2542
-2588
-2676
-2817
-2903
-3075
-3199
-3378
-3579
-3857
-4119
-4334
-4562
-4749
-5014
-5357
-5577
-5378
-6111
-6428
-6699
-6896
-7210
-7411
-7558
-7667
-7894
-8149
-8319
-8418
-8506
-8508
-8581
-8611
-8581
-8556
-8518
-8523
-8424
-8777
-8182
-7987
-7821
-7649
-7380
-7172
-6907
-6670
-6438
-6193
-5966
-5665
-5388
-5189
-5041
-5361
-4625
-4876
-4239
-4109
-3985
-3833
-3688
-3560
-3899
-3230
-3111
-2962
-2764
-2638
-2552
-2491
-2447
-2361
-2310
-2239
-2231
-2195
-2147
-2117
-2168
-2157
-2083
-2102
-2151
-2176
-2161
-2100
-2039
-2050
-2121
-2163
-2125
-2168
-2205
-2300
-1957
-2525
-2592
-2766
-2989
-3149
-3287
-2939
-3596
-3840
-4000
-4146
-4313
-4462
-4609
-4745
-4411
-4987
-5165
-5262
-5317
-5323
-5405
-5487
-5481
-5485
-5443
-5344
-5270
-5220
-5098
-4966
-5348
-4741
-4594
-4426
-4268
-4037
-3796
-3605
-3357
-3214
-2939
-2668
-2890
-2195
-2441
-1691
-1386
-1189
-987
-733
-537
-378
-216
-52
99
175
278
276
267
307
328
375
332
229
188
76
-25
-144
-396
-575
-808
-968
-1174
-1004
-1812
-2094
-2384
-2646
-2907
-3203
-3397
-3733
-3999
-4279
-4573
-4792
-4995
-5264
-5476
-5646
-5817
-5890
-6042
-6230
-6348
-6371
-6380
-6420
-6415
-6378
-6396
-6827
-6306
-6201
-6117
-6020
-5897
-5691
-5489
-5313
-5140
-4896
-4707
-4520
-4266
-4018
-3813
-3531
-3336
-3104
-2863
-2728
-2613
-2474
-2361
-2201
-2128
-2065
-1909
-1804
-1749
-1697
-1659
-1676
-1676
-1638
-1691
-1758
-1863
-1966
-2104
-2292
-1985
-2661
-2861
-3113
-3300
-3464
-3697
-3995
-4147
-4321
-4478
-4646
-4867
-5006
-5153
-5323
-5542
-5699
-5915
-6075
-6218
-5880
-6563
-6674
-6829
-6949
-7008
-7069
-7146
-7252
-7327
-7382
-7409
-7422
-7428
-7541
-7586
-7607
-7640
-7667
-7710
-7720
-7812
-7838
-7913
-7955
-7968
-8004
-8065
-8092
-8111
-8149
-8144
-8182
-8231
-8348
-8388
-8441
-8518
-8577
-8642
-8724
-8857
-9020
-9161
-9256
-9445
-9577
-9705
-9777
-9861
-10012
-10123
-10222
-10355
-10403
-10481
-10638
-10709
-10821
-10947
-11054
-11176
-11289
-11405
-11525
-11592
-11726
-11918
-12065
-11750
-12361
-12520
-12632
-12834
-13039
-13142
-13338
-13518
-13594
-13716
-13890
-14027
-14136
-14239
-14323
-14499
-14598
-14722
-14773
-14972
-15016
-15014
-15018
-15084
-15203
-15224
-15182
-15155
-15147
-14661
-15188
-15155
-15073
-15056
-15079
-15054
-14953
-14884
-14844
-14825
-14854
-14779
-14752
-14745
-14749
-14781
-14712
-14646
-14720
-14794
-14836
-14894
-14880
-14930
-15042
-15100
-14667
-15285
-15397
-15447
-15558
-15661
-15691
