-7989
-7995
-8016
-8008
-7999
-8020
-8041
-8037
-8056
-8096
-8105
-8092
-8056
-8023
-7957
-7917
-7836
-7705
-7579
-7539
-7401
-7273
-6897
-6758
-6630
-6487
-6287
-6083
-5926
-5689
-5472
-5262
-5088
-4930
-4779
-4609
-4499
-4417
-4289
-4212
-4207
-4178
-4111
-4136
-4134
-4130
-4172
-4186
-4149
-4214
-4291
-4264
-4266
-4313
-4348
-4354
-4294
-4296
-4331
-4321
-4298
-4249
-4123
-3939
-3806
-3682
-3602
-3502
-3897
-3283
-3231
-3172
-3073
-3052
-3042
-2970
-2915
-2913
-2966
-4840
-4901
-4964
-5086
-5216
-5308
-5359
-5396
-5468
-5523
-5596
-5688
-5762
-5810
-5884
-5962
-6046
-6149
-6245
-6334
-6428
-6541
-6653
-6699
-6762
-6815
-6871
-6897
-6926
-7000
-7048
-7123
-7186
-7210
-7256
-7298
-7376
-7464
-7499
-7542
-7590
-7636
-7688
-7737
-7783
-7848
-7875
-7903
-7970
-8023
-8027
-8035
-8090
-8090
-8092
-8109
-8136
-8140
-8157
-8142
-8100
-8090
-8115
-8165
-8214
-8250
-8254
-8226
-8212
-8197
-8189
-8182
-8201
-8210
-8264
-8258
-8249
-8254
-8279
-8287
-8312
-8289
-8262
-8279
-8277
-8279
-8273
-8268
-8258
-8245
-8252
-8245
-8237
-8224
-8220
-8245
-8260
-8283
-8321
-8365
-8403
-8397
-8417
-8428
-8510
-8617
-8705
-8794
-8808
-8876
-8962
-9006
-9050
-9138
-9220
-8813
-9428
-9567
-9632
-9676
-9705
-9291
-9855
-9913
-10008
-10115
-10161
-10184
-10228
-10310
-10386
-10434
-10451
-10520
-10604
-10699
-10770
-10813
-10815
-10863
-10880
-10899
-10922
-10926
-10938
-10957
-10960
-10995
-11075
-11142
-11170
-11193
-11216
-11264
-11296
-11291
-11300
-11312
-11323
-11331
-11340
-11300
-11266
-11235
-11214
-11212
-11201
-11159
-11083
-11044
-11012
-11000
-10964
-10911
-10876
-10859
-10857
-10844
-10792
-10703
-10623
-10600
-10586
-10533
-10472
-10409
-10354
-10289
-10241
-10224
-10149
-10086
-10027
-9960
-9903
-9848
-9810
-9764
-9707
-9670
-9680
-9655
-9672
-9665
-9647
-9640
-9659
-9701
-9695
-9739
-9791
-9834
-9861
-9854
-9798
-9728
-9697
-9659
-9625
-9604
-9615
-9621
-9605
-9588
-9563
-9588
-9607
-9590
-9558
-9537
-9541
-9590
-9632
-9668
-9701
-9712
-9766
-9825
-9844
-9897
-9936
-9999
-10081
-10168
-9789
-10422
-10541
-10659
-10810
-10938
-11025
-11151
-10762
-11313
-11399
-11527
-11642
-11794
-11932
-12000
-12096
-11739
-12315
-12418
-12481
-12552
-12628
-12730
-12861
-12976
-13044
-13092
-13132
-13161
-13235
-13354
-13426
-13521
-13625
-13714
-13804
-13876
-13957
-14075
-14186
-14285
-14384
-14449
-14510
-14586
-14649
-14699
-14712
-14718
-14733
-14750
-14749
-14758
-14791
-14815
-14838
-14836
-14802
-14796
-14838
-14857
-14878
-14880
-14815
-14771
-14766
-14804
-14815
-14792
-14731
-14684
-14626
-14617
-14617
-14638
-14676
-14678
-14642
-14632
-14172
-14684
-14676
-14720
-14733
-14739
-14758
-14747
-14707
-14684
-14678
-14703
-14712
-14707
-14607
-14541
-14514
-14542
-14542
-14531
-14527
-14527
-14506
-14546
-14607
-14693
-14737
-14792
-14831
-14854
-14915
-15016
-15119
-15228
-15298
-15367
-15445
-15575
-15699
-15791
-15966
-16083
-16191
-16323
-16422
-16586
-16724
-16852
-16974
-17075
-17239
-17392
-17529
-17705
-17838
-17930
-18065
-18195
-18285
-18390
-18506
-18604
-18705
-18812
-18909
-19025
-19151
-19199
-19256
-19363
-19464
-19065
-19657
-19781
-19876
-19932
-19987
-20083
-20167
-20287
-20380
-20430
-20499
-20548
-20590
-20634
-20709
-20844
-20882
-20951
-21004
-21081
-21147
-21205
-21247
-21283
-21367
-21405
-21441
-21497
-21535
-21573
-21611
-21657
-21743
-21808
-21842
-21833
-21846
-21913
-21966
-22002
-22042
-22098
-22100
-22125
-22159
-22216
-22237
-22243
-22294
-22329
-22380
-22453
-22499
-22537
-22583
-22621
-22626
-22630
-22632
-22684
-22752
-22787
-22754
-22680
-22682
-22735
-22785
-22850
-22905
-22928
-22930
-22943
-22918
-22941
-23004
-23039
-23054
-23094
-23161
-23237
-23310
-23369
-23392
-23375
-23361
-23373
-23401
-23424
-23470
-23485
-23506
-23541
-23575
-23594
-23619
-23638
-23636
-23663
-23678
-23653
-23634
-23642
-23699
-23768
-23819
-23840
-23863
-23884
-23922
-23989
-24075
-24111
-24123
-24142
-24191
-24230
-24298
-24373
-24422
-24397
-24355
-24369
-24350
-24346
-24359
-24384
-24401
-23945
-24531
-24583
-24556
-24567
-24605
-24697
-24777
-24829
-24901
-24928
-24926
-24959
-25037
-25073
-25123
-25170
-25270
-25327
-25405
-25500
-25542
-25613
-25682
-25758
-25819
-25823
-25857
-25964
-26020
-26048
-26086
-26109
-26138
-26203
-26245
-26289
-26323
-26279
-26260
-26298
-26317
-26291
-26258
-26281
-26279
-26249
-26230
-26233
-26216
-26168
-26111
-26083
-26052
-26037
-25993
-25934
-25846
-25815
-25750
-25678
-25598
-25514
-25455
-25380
-25312
-25220
-25168
-25130
-25029
-25399
-24808
-24733
-24642
-24567
-24518
-24913
-24369
-24331
-24300
-24231
-24167
-24121
-24023
-23947
-23897
-23844
-23815
-23796
-23771
-23771
-23771
-23756
-23724
-23647
-23583
-23533
-23510
-23542
-23552
-23518
-23938
-23441
-23439
-23460
-23474
-23938
-23464
-23476
-23466
-23481
-23491
-23491
-23495
-23502
-23521
-23510
-23500
-23478
-23495
-23539
-23556
-23575
-23611
-23604
-23634
-23663
-23649
-23630
-23636
-23657
-23693
-23676
-23661
-23684
-23747
-23758
-23741
-23741
-23773
-23808
-23808
-23781
-23728
-23678
-23670
-23674
-23657
-23644
-23657
-23626
-23565
-23539
-23529
-23514
-23510
-23472
-23405
-23373
-23359
-23390
-23411
-23388
-23365
-23325
-23287
-23226
-23172
-23140
-23128
-23102
-23021
-22939
-22905
-22905
-22917
-22890
-22825
-22739
-22707
-22693
-22682
-22630
-22586
-22562
-22565
-22552
-22514
-22493
-22489
-22462
-22407
-22392
-22382
-22348
-22310
-22277
-22256
-22256
-22239
-22237
-22224
-22189
-22167
-22140
-22151
-22168
-22140
-22151
-22138
-22094
-22105
-22163
-22205
-22197
-22205
-22207
-22222
-22241
-22268
-22292
-22312
-22348
-22388
-22428
-21987
-22529
-22594
-22638
-22634
-22638
-22646
-22693
-22752
-22785
-22831
-22865
-22905
-22949
-23020
-23018
-23016
-23090
-23191
-23298
-23342
-23380
-23420
-23504
-23571
-23617
-23705
-23762
-23833
-23884
-23894
-23938
-24020
-24083
-24161
-24170
-24210
-24230
-24209
-24247
-24304
-24304
-24338
-24365
-24367
-24367
-24344
-24380
-24417
-24438
-24457
-24455
-24913
-24367
-24336
-24317
-24302
-24319
-24350
-24355
-24308
-24220
-24197
-24184
-24161
-24134
-24104
-24088
-24056
-24008
-23989
-23930
-23884
-23844
-23796
-23701
-23630
-23598
-23552
-23491
-23399
-23323
-23250
-23182
-23172
-23182
-23144
-23100
-23018
-22939
-22867
-22857
-22869
-22833
-22764
-22695
-22655
-22653
-22634
-22609
-22567
-22586
-22569
-22520
-22493
-22502
-22523
-22531
-22480
-22455
-22428
-22434
-22449
-22485
-22493
-22476
-22466
-22466
-22481
-22960
-22439
-22434
-22443
-22466
-22459
-22438
-22422
-22445
-22447
-22457
-22535
-22594
-22588
-22567
-22523
-22533
-22558
-22584
-22581
-22605
-22632
-22644
-22642
-22636
-22651
-22667
-22665
-22703
-22779
-22813
-22806
-22800
-22850
-22897
-22934
-22481
-23029
-23125
-23216
-23283
-23422
-23562
-23653
-23756
-23833
-23911
-24004
-24058
-24113
-24176
-24203
-24222
-24231
-24245
-24287
-24350
-24403
-24438
-24438
-24371
-24289
-24249
-24256
-24275
-24312
-24327
-24306
-24254
-24239
-24270
-24308
-24352
-24407
-24474
-24518
-24569
-24613
-24604
-24626
-24628
-24655
-24731
-24783
-24865
-24945
-25006
-25077
-25144
-25193
-25270
-25355
-25352
-25373
-25447
-25541
-25594
-25521
-25476
-25506
-25464
-25418
-25430
-25354
-25167
-25065
-24922
-24771
-24588
-24357
-24176
-24008
-23743
-23497
-23243
-23004
-22581
-22132
-21743
-21352
-21478
-20594
-20155
-19785
-19413
-19493
-19031
-18491
-18075
-17140
-17062
-16174
-15709
-15340
-15039
-14716
-14464
-14203
-14029
-13882
-13617
-13428
-13396
-13415
-13417
-13455
-13604
-13766
-13911
-14147
-14451
-14771
-15020
-15430
-15836
-16315
-16766
-17092
-17567
-17972
-18396
-18815
-19291
-19586
-20941
-21138
-20710
-20854
-21302
-21443
-21695
-21873
-21781
-21812
-21787
-21625
-21985
-21256
-21081
-20932
-20707
-20481
-20462
-20417
-20201
-20123
-20071
-20031
-20046
-20039
-19972
-19957
-20077
-20083
-20056
-20125
-20247
-20344
-20472
-20535
-20565
-20714
-20899
-21121
-21333
-21630
-21846
-21949
-22250
-22583
-22871
-23195
-23371
-23598
-23859
-23934
-24016
-24090
-24176
-24315
-24447
-24565
-24710
-24760
-24871
-24955
-24823
-24775
-24903
-24880
-24876
-25029
-25079
-25027
-24989
-24970
-24882
-24831
-24806
-24802
-24771
-24642
-24894
-24201
-24063
-24409
-23722
-23514
-23371
-23075
-22613
-22292
-21831
-21210
-20741
-20380
-20033
-19714
-19462
-19275
-19092
-18831
-18632
-18436
-18226
-17995
-17686
-17462
-17151
-16827
-17060
-16209
-15896
-15541
-15241
-14867
-14600
-14422
-14632
-13930
-13798
-14163
-13554
-13487
-13455
-13420
-13371
-13333
-13241
-13136
-13042
-12993
-12968
-12880
-12917
-12943
-12806
-12783
-12859
-12945
-13044
-13151
-13188
-13180
-13401
-13899
-14233
-14371
-14474
-14747
-14974
-15180
-15445
-15621
-15863
-16035
-16230
-16424
-16592
-16844
-17065
-17226
-17417
-17619
-17810
-17966
-18142
-18281
-18382
-18510
-18617
-18642
-18730
-18848
-19023
-19107
-19153
-19186
-19132
-19201
-19241
-19273
-19256
-19247
-19195
-19144
-19111
-19107
-18976
-18930
-18869
-18855
-18764
-18676
-18611
-19052
-18504
-18363
-18300
-18163
-18125
-18098
-18563
-18014
-18067
-18031
-17949
-17922
-17844
-17794
-17770
-17783
-17678
-17617
-17558
-17590
-17472
-17407
-17386
-17292
-17209
-17197
-17186
-17588
-17063
-17021
-16911
-16800
-16777
-16741
-16693
-16621
-16623
-16617
-16571
-16531
-16506
-16491
-16514
-16556
-16552
-16537
-16548
-16581
-16562
-16459
-16424
-16436
-16472
-16453
-16434
-16438
-16443
-16480
-16493
-16489
-16468
-16531
-16542
-16520
-16508
-16455
-16394
-16342
-16224
-16583
-15939
-15876
-15800
-15733
-15596
-15512
-15449
-15396
-15296
-15205
-15130
-15039
-14959
-14903
-14808
-15144
-14541
-14474
-14386
-14310
-14195
-14044
-13970
-13873
-13792
-13741
-13699
-13621
-13544
-13508
-13470
-13432
-13451
-13422
-13409
-13399
-13464
-13525
-13533
-13544
-13586
-13659
-13728
-13771
-13827
-13850
-13869
-13978
-14167
-14281
-14407
-14527
-14625
-14760
-14859
-15052
-15214
-15325
-15380
-15407
-15541
-15649
-15731
-15724
-15720
-15697
-15678
-15647
-15510
-15346
-15630
-15012
-14938
-14752
-14554
-14401
-14201
-14065
-13892
-13728
-13583
-13424
-13247
-12999
-12810
-12665
-12531
-12334
-12174
-12060
-11896
-11760
-11689
-11651
-11594
-11491
-11451
-11470
-11491
-11516
-11579
-11583
-11634
-11693
-11750
-11787
-11802
-11861
-11932
-12008
-12117
-12313
-12661
-12718
-13672
-12485
-12279
-12266
-11960
-11710
-11565
-11502
-11542
-11647
-11699
-11684
-11604
-11445
-11333
-11291
-11720
-11176
-11094
-10991
-10892
-11228
-10573
-10451
-10348
-10180
-9976
-9810
-9657
-9499
-9756
-9025
-8848
-8550
-8382
-8201
-8018
-7825
-7619
-7604
-7502
-7420
-7342
-7241
-7149
-7132
-7115
-7081
-7134
-7126
-7136
-7168
-7195
-7258
-6842
-7411
-7451
-7581
-7691
-7714
-7766
-7880
-8010
-8090
-8201
-8258
-8258
-8336
-8344
-8329
-8321
-8271
-8235
-8182
-8157
-8230
-7827
-8279
-8268
-8283
-8355
-8434
-8539
-8617
-8771
-8915
-9052
-9199
-9331
-9453
-9500
-9548
-9632
-9699
-9302
-9859
-9878
-9922
-9876
-9709
-9581
-9382
-9178
-8981
-8827
-8609
-8789
-8035
-7726
-7430
-7025
-6638
-6239
-6291
-5476
-5058
-4649
-4310
-4367
