-9497
-9361
-9209
-9092
-8899
-8680
-8539
-8333
-8178
-7987
-7752
-7604
-7355
-7159
-6909
-6693
-6684
-6588
-6831
-6155
-5970
-5766
-5626
-5506
-5460
-5562
-5733
-5962
-6075
-6170
-6270
-6384
-6520
-6653
-6829
-6922
-7052
-7195
-6863
-7581
-7812
-8016
-8239
-8514
-8726
-8968
-9188
-9417
-9647
-9842
-9945
-10115
-10237
-10325
-10386
-10382
-10344
-10312
-10237
-10138
-9995
-9857
-9684
-9533
-9319
-9084
-8846
-8653
-8434
-8226
-7974
-8271
-7539
-7291
-7123
-6903
-6733
-6604
-6455
-6333
-6233
-6136
-6046
-6042
-6037
-6014
-6014
-6111
-6176
-6233
-5875
-6480
-6636
-6791
-6974
-7186
-7441
-7665
-7859
-8062
-8403
-8665
-8901
-9128
-9443
-9329
-10014
-10254
-10567
-10268
-10962
-11117
-10756
-11382
-11544
-11586
-11609
-11642
-11630
-11619
-11607
-11615
-11636
-11558
-11491
-11420
-11254
-11107
-10989
-10857
-10678
-10453
-10271
-10117
-9915
-9817
-9880
-9445
-8812
-8565
-8457
-8392
-8777
-8146
-8062
-7968
-7844
-7750
-7621
-7508
-7474
-7424
-7340
-7252
-7155
-7083
-7046
-7008
-6951
-6915
-7323
-6756
-6703
-6615
-6565
-6476
-6420
-6417
-6401
-6390
-6375
-6333
-6287
-6228
-6222
-6239
-6209
-6147
-6077
-6054
-6000
-5991
-5941
-5875
-5823
-5777
-5718
-5609
-5508
-5426
-5376
-5338
-5275
-5184
-5125
-5062
-4976
-4951
-4894
-4787
-4722
-4676
-4604
-4562
-4554
-4508
-4462
-4376
-4312
-4273
-4264
-4237
-4226
-4199
-4174
-4186
-4155
-4107
-4086
-4100
-4140
-4144
-4071
-3987
-3962
-4008
-4044
-4050
-4050
-4067
-4096
-4121
-4147
-4167
-4176
-4281
-4317
-4342
-4355
-4380
-4432
-4510
-4577
-4665
-4737
-4844
-4962
-5058
-5125
-5186
-5273
-4890
-5459
-5508
-5552
-5628
-5688
-5741
-5794
-5852
-5911
-5978
-6021
-6018
-5976
-5947
-5970
-6025
-6056
-6052
-6021
-5960
-5930
-5913
-5939
-5934
-5928
-5934
-5947
-5995
-6035
-6037
-6052
-6062
-6079
-6071
-6069
-6100
-6130
-6136
-6199
-6245
-6281
-6342
-6432
-6518
-6594
-6642
-6695
-6779
-6899
-7004
-7107
-7220
-7287
-7352
-7468
-7628
-7350
-7968
-8056
-8146
-8258
-8365
-8560
-8699
-8315
-8966
-9088
-9189
-8810
-9426
-9569
-9714
-9861
-9981
-10157
-10315
-10449
-10632
-10800
-10928
-11096
-11273
-11422
-11556
-11642
-11258
-11892
-12035
-11739
-12352
-12418
-12569
-12758
-12899
-13020
-13132
-13220
-13371
-13502
-13632
-13745
-13834
-13938
-14018
-14115
-14205
-14296
-14336
-14386
-14464
-14539
-14537
-14563
-14657
-14730
-14749
-14731
-14760
-14831
-14863
-14857
-14834
-14880
-14903
-14932
-14907
-14907
-14905
-14917
-14934
-14978
-14999
-15023
-15014
-14999
-15012
-14993
-15012
-15060
-15079
-15071
-15100
-15144
-15155
-15121
-15104
-15092
-15092
-15130
-15138
-15178
-15216
-15230
-15220
-15264
-15296
-15344
-15350
-15367
-15348
-15375
-15418
-15424
-15382
-15382
-15378
-15373
-15371
-15380
-15350
-15359
-15413
-15449
-15434
-15396
-15397
-15399
-15390
-15409
-15422
-15399
-15369
-15365
-15375
-15386
-15382
-15342
-15327
-15296
-15275
-15266
-15262
-15266
-15277
-15304
-15287
-15306
-15357
-15396
-15441
-15466
-15535
-15594
-15155
-15665
-15659
-15678
-15714
-15750
-15804
-15869
-15911
-15951
-15976
-16016
-16075
-15636
-16182
-16273
-16355
-16436
-16520
-16598
-16642
-16680
-16802
-16901
-17069
-17220
-17258
-17277
-17331
-17401
-17489
-17588
-17644
-17674
-17745
-17798
-17817
-17848
-17876
-17934
-17993
-18058
-18144
-18228
-18262
-18273
-18313
-18390
-18443
-18468
-18088
-18712
-18789
-18829
-18855
-18913
-18941
-19012
-19113
-19161
-19182
-19233
-19302
-19344
-19415
-19445
-19520
-19634
-19722
-19756
-19749
-19730
-19752
-19846
-19917
-19941
-19983
-20048
-20123
-20153
-20170
-20165
-20239
-20334
-20405
-20478
-20537
-20579
-20567
-20573
-20655
-20750
-20842
-20899
-20985
-21136
-21277
-21384
-21422
-21468
-21567
-21659
-21766
-21945
-22039
-22136
-22195
-22228
-22291
-22399
-22512
-22600
-22686
-22781
-22863
-22920
-22997
-23083
-23172
-23237
-23308
-23359
-23449
-23506
-23588
-23615
-23670
-23730
-23758
-23829
-23939
-23978
-24000
-24065
-24130
-24172
-24205
-24222
-24247
-24245
-24228
-24182
-24149
-24136
-24096
-24062
-24050
-24031
-23980
-23903
-23819
-23768
-23749
-23722
-23705
-23665
-23607
-23565
-23571
-23537
-23468
-23399
-23348
-23312
-23285
-23275
-23264
-23226
-23216
-23186
-23151
-23142
-23161
-23172
-23161
-23153
-23163
-23191
-23191
-23180
-23245
-23291
-23291
-23298
-23304
-23334
-23422
-23497
-23560
-23558
-23575
-23649
-23724
-23813
-23939
-24060
-24123
-24155
-24172
-24197
-24275
-24390
-24500
-24577
-24592
-24613
-24657
-24752
-24821
-24854
-24873
-24882
-24903
-24999
-25102
-25168
-25222
-25262
-25283
-25319
-25401
-25495
-25544
-25590
-25605
-25596
-25605
-25676
-25758
-25838
-25901
-25917
-25939
-25972
-26025
-26086
-26126
-26138
-26180
-26195
-26180
-26214
-26250
-26266
-26270
-26271
-26283
-26279
-26279
-26277
-26264
-26235
-26239
-26245
-26235
-26201
-26178
-26167
-26161
-26132
-26083
-26088
-26062
-26021
-25978
-25917
-25855
-25806
-25739
-25688
-25628
-25558
-25472
-25880
-25298
-25216
-25132
-25037
-24926
-24810
-24686
-24607
-24525
-24449
-24357
-24264
-24149
-24029
-23915
-23798
-23743
-23697
-23611
-23491
-23369
-23250
-23157
-23134
-23105
-23023
-22888
-22762
-22714
-22657
-22581
-22508
-22417
-22369
-22317
-22266
-22209
-22125
-22037
-21970
-21917
-21861
-21802
-21747
-21697
-21649
-21586
-21552
-21556
-21577
-21560
-21546
-21985
-21457
-21449
-21460
-21478
-21502
-21489
-21502
-21520
-21510
-21497
-21520
-21575
-21605
-21609
-21647
-21707
-21777
-21848
-21863
-21844
-21848
-21890
-21934
-21499
-22031
-22065
-22079
-22084
-22121
-22132
-22167
-22212
-22264
-22264
-22283
-22270
-22266
-22273
-22287
-22243
-22197
-22157
-22138
-22088
-22048
-22018
-21987
-21913
-21812
-21749
-21724
-21653
-21577
-21478
-21407
-21340
-21235
-21144
-21077
-21023
-20959
-20833
-20705
-20647
-20588
-20502
-20411
-20315
-20210
-20090
-19957
-19852
-19785
-19703
-19604
-19504
-19439
-19380
-19312
-19172
-19073
-19042
-18953
-18867
-18804
-18741
-18674
-18619
-18567
-18542
-18537
-18516
-18474
-18396
-18350
-18361
-18354
-18348
-18346
-18342
-18334
-18348
-18359
-18354
-18355
-18329
-18321
-18321
-18350
-18359
-18382
-18407
-18474
-18525
-18548
-18558
-18565
-18563
-18565
-18577
-18659
-18720
-18739
-18779
-18827
-18924
-18991
-19050
-19094
-19121
-19147
-19226
-19294
-19323
-19378
-19457
-19058
-19640
-19737
-19834
-19922
-20004
-20126
-20254
-20338
-20386
-20443
-20470
-20544
-20646
-20686
-20712
-20737
-20758
-20804
-20861
-20865
-20905
-20959
-20970
-21004
-21029
-21020
-20962
-20951
-20966
-21008
-21081
-21155
-21231
-21315
-21422
-21611
-21798
-21939
-22000
-21964
-21936
-21920
-21922
-21861
-21745
-21632
-21541
-21420
-21300
-21151
-21081
-21029
-20934
-20890
-20855
-20733
-20615
-20584
-20539
-20455
-20418
-20386
-20371
-20403
-20487
-20510
-20508
-20447
-20357
-20327
-20270
-20111
-19949
-19789
-19621
-20023
-19422
-19291
-19189
-19102
-18983
-18888
-18764
-18663
-18598
-18512
-18468
-18396
-18184
-18004
-17999
-18041
-18000
-17888
-17426
-16758
-16405
-16457
-17002
-17111
-18033
-18084
-17953
-17876
-18073
-18315
-18084
-18709
-18730
-18628
-18529
-18487
-18550
-18733
-18930
-19195
-19432
-19590
-19709
-19741
-19752
-19834
-20008
-20157
-20230
-20249
-20283
-20348
-20405
-20422
-20438
-20439
-20375
-20210
-20125
-20123
-20157
-20201
-20226
-20264
-20308
-20333
-20409
-20554
-20670
-20731
-20798
-20873
-21000
-21104
-21241
-21403
-21487
-21521
-21563
-21695
-21806
-21852
-21897
-21964
-22058
-22197
-22302
-22294
-22271
-22279
-22315
-22388
-22472
-22583
-22640
-22657
-22686
-22680
-22695
-22730
-22745
-22779
-22812
-22882
-22993
-23041
-23029
-23069
-23123
-23117
-23136
-23153
-23199
-23275
-23300
-23247
-23201
-23144
-23060
-23434
-22894
-22880
-22852
-22758
-22573
-22418
-22313
-22180
-22069
-21949
-21777
-21611
-21317
-21180
-21474
-20802
-20649
-20579
-20424
-20252
-20172
-20054
-19989
-19974
-19970
-19960
-19911
-19968
-19569
-20117
-20121
-20209
-20308
-20354
-20065
-20688
-20779
-20890
-20976
-21210
-21418
-21535
-21688
-21913
-21970
-22050
-22157
-22230
-22237
-22313
-22378
-22407
-22464
-22594
-22686
-22756
-22829
-22941
-22993
-23117
-23189
-23409
-23495
-23514
-23527
-23541
-23569
-23542
-23514
-23922
-23264
-23132
-22804
-22514
-22584
-22539
-22182
-21754
-21983
-21273
-20909
-20611
-20233
-19779
-19365
-19487
-18657
-18235
-17915
-18062
-17583
-16670
-16321
-16035
-15754
-15329
-14949
-14602
-14334
-14077
-13831
-13527
-13325
-13247
-13237
-13054
-12951
-13025
-13117
-13195
-13184
-13237
-13411
-13571
-13771
-14083
-14338
-14539
-14869
-15189
-15485
-15735
-16048
-16399
-16709
-16968
-17271
-17132
-17949
-18186
-18348
-18544
-18852
-19113
-19321
-19483
-19455
-19518
-19558
-19493
-19480
-19417
-19378
-19329
-19210
-19083
-18907
-18808
-18697
-18607
-18380
-18142
-17899
-17703
-17556
-17287
-16976
-16808
-16613
-16500
-16388
-16207
-16105
-15964
-15928
-15875
-15825
-15842
-15867
-15934
-16094
-16188
-16283
-16430
-16567
-16674
-16821
-16980
-17132
-17243
-17428
-17577
-17758
-17903
-17598
-18285
-18411
-18674
-18840
-19048
-19199
-19300
-19443
-19586
-19697
-19796
-19949
-20096
-20142
-20199
-20296
-20409
-20054
-20630
-20688
-20798
-20913
-20985
-21115
-21270
-21317
-21359
-21367
-21380
-21481
-21468
-21474
-21483
-21520
-21525
-21516
-21493
-21485
-21518
-21485
-21541
-21682
-21812
-21907
-21936
-21976
-21962
-21981
-22054
-22130
-22207
-22247
-22279
-22308
-22308
-22369
-22390
-22331
-22296
-22230
-22140
-22063
-22470
-21779
-21567
-21350
-21172
-20928
-20621
-20363
-20153
-19890
-19550
-19287
-19130
-18991
-18888
-18420
-17800
-17504
-17329
-17174
-16817
-17052
-16327
-16607
-15993
-15760
-15596
-15333
-15157
-15105
-15033
-14985
-14981
-15014
-15063
-15073
-15125
-15203
-15193
-15209
-15291
-15315
-15365
-15476
-15563
-15619
-15667
-15773
-15884
-16016
-16138
-16224
-16390
-16592
-16733
-16771
-16794
-16926
-17035
-17023
-16993
-17037
-17056
-17060
-17023
-16951
-16802
-16682
-16548
-16407
-16285
-16058
-15936
-15783
-15529
-15375
-15176
-14959
-14720
-14502
-14323
-14619
-13943
-13747
-13512
-13333
-13102
-12972
-12781
-12634
-12500
-12340
-12237
-12172
-12031
-11964
-11884
-11781
-11745
-11709
-11737
-11688
-11667
-11701
-11250
-11859
-11876
-11871
-11918
-11962
-12006
-12050
-12132
-12182
-12176
-12214
-12310
-12375
-12487
-12613
-12655
-12752
-12848
-12928
-13054
-13128
-13144
-13214
-13329
-13407
-13468
-13527
-13634
-13722
-13750
-13712
-13789
-13911
-13968
-14105
-14109
-14159
-14207
-14142
-14123
-13686
-14239
-14231
-14268
-14373
-14348
-14298
-14235
-14655
-14104
-13987
-13899
-13808
-13720
-13632
-13659
-13730
-13823
-13938
-14033
-14147
-14283
-14436
-14581
-14709
-14819
-14955
-15140
-15283
-15321
-15373
-15527
-15686
-15855
-15962
-15896
-15754
-15728
-15653
-15418
-15235
-15109
-14854
-14594
-14371
-14636
-13836
-13451
-13090
-13188
-12279
-11873
-11441
-10968
-10436
-9974
-9470
-8955
-8541
-8184
-7838
-7443
-7044
-7319
-6630
-6457
-6317
-6233
-6260
-6216
-6216
-6298
-6459
-6617
-6737
-6928
-7125
-6859
-7605
-7804
-8067
-8252
-8449
-8703
-8951
-9090
-9249
-9396
-9600
-9722
-9920
-10079
-10180
-10315
-10396
-10520
-10573
-10600
-10691
-10770
-10770
-10705
-10604
-10500
-10394
-10235
-10193
-10010
-9792
-9672
-9512
-9312
-9123
-8873
-8695
-8447
-8212
-8041
-7850
-7653
-7445
-7212
-7012
-6796
-6613
-6472
-6268
-6121
-5932
-5749
-5625
-5535
-5460
-5338
