-6441
-6367
-6312
-6273
-6199
-6144
-6092
-6107
-5981
-5911
-5915
-5896
-5917
-5863
-5951
-6002
-5980
-5943
-5980
-6023
-6090
-6063
-5785
-5831
-5676
-6254
-6436
-6838
-6250
-6237
-6262
-6268
-6182
-6201
-6275
-6304
-6399
-6449
-6472
-6438
-6840
-6331
-6331
-6302
-6289
-6317
-6325
-6344
-6439
-6460
-6476
-6520
-6527
-6453
-6502
-6491
-6462
-6464
-6481
-6506
-6510
-6514
-6476
-6493
-6487
-6428
-6382
-6371
-6834
-6207
-6163
-6102
-6033
-6002
-5928
-5838
-5695
-5546
-5428
-5325
-5168
-5000
-4844
-4667
-4420
-4224
-4048
-3882
-3684
-3491
-3338
-3197
-3071
-2936
-2812
-2720
-2636
-2533
-2924
-2367
-2258
-2151
-2090
-2073
-2117
-2188
-2159
-1964
-1604
-1199
-857
-707
-667
-644
-604
-552
-972
-459
-485
-556
-659
-791
-833
-861
-802
-691
-758
-941
-1138
-1241
-1281
-1373
-1525
-1625
-1688
-1741
-1827
-1472
-2094
-2168
-2270
-2069
-1731
-1808
-2270
-2794
-3128
-3321
-3386
-3409
-3441
-3483
-3472
-3451
-3432
-3436
-3357
-3207
-3056
-2957
-2915
-2827
-2722
-2661
-2605
-2584
-2556
-2500
-2510
-2546
-2565
-2569
-2586
-2605
-2636
-2625
-2604
-2556
-2474
-2449
-2441
-2457
-2424
-2306
-2216
-2207
-2172
-2109
-2021
-1884
-1810
-1760
-1724
-1705
-1651
-1602
-1535
-1474
-1453
-1466
-1487
-1474
-1462
-1489
-1584
-1686
-1823
-1888
-1861
-1815
-1834
-1920
-2004
-2035
-2058
-2092
-2105
-2109
-2119
-2130
-2146
-2209
-2317
-2392
-2420
-2548
-2665
-2785
-2871
-2991
-3113
-3262
-3334
-3466
-3590
-3756
-3426
-4012
-4117
-4237
-4382
-4563
-4718
-4794
-4875
-4981
-5096
-5224
-5317
-5422
-5544
-5651
-5718
-5817
-5920
-6014
-6105
-6191
-6289
-6380
-6459
-6592
-6674
-6718
-6737
-6743
-6781
-6357
-6917
-6978
-7031
-7119
-7191
-7292
-7380
-7445
-7466
-7483
-7560
-7642
-7712
-7770
-7804
-7829
-7899
-7938
-7999
-8094
-8151
-8203
-8306
-8397
-8480
-8525
-8527
-8497
-8518
-8573
-8592
-8554
-8558
-8615
-8699
-8781
-8909
-9016
-9132
-9252
-9329
-9426
-9560
-9586
-9554
-9537
-9558
-9607
-9646
-9689
-9760
-9855
-9913
-9989
-10069
-10161
-10245
-10346
-10508
-10607
-10667
-10728
-10781
-10859
-11016
-11216
-11392
-11583
-11247
-11949
-12193
-12418
-12584
-12777
-12974
-13121
-13304
-13483
-13632
-13827
-13968
-14153
-14355
-14481
-14586
-14180
-14798
-15014
-15212
-15350
-15468
-15151
-15815
-16002
-16159
-16273
-16399
-16483
-16567
-16134
-16672
-16712
-16766
-16796
-16833
-16825
-16796
-16766
-16758
-16762
-16775
-16756
-16718
-16697
-16718
-16854
-16991
-17077
-17048
-16987
-16985
-16995
-16962
-16869
-16730
-16634
-16579
-16529
-16495
-16407
-16327
-16250
-16157
-16021
-15886
-15709
-15596
-15510
-15376
-15224
-15060
-14917
-14844
-14728
-14609
-14504
-14380
-14300
-14239
-14128
-14033
-14002
-13976
-13928
-13880
-13840
-13821
-13812
-13812
-13842
-13852
-13871
-13878
-13922
-13980
-14000
-14016
-14056
-14086
-14195
-14273
-14334
-14384
-14428
-14474
-14554
-14604
-14178
-14745
-14720
-14724
-14695
-14735
-14905
-15010
-15119
-15250
-15422
-15600
-15775
-15882
-16054
-16197
-16275
-16382
-16472
-16521
-16575
-16560
-16579
-16632
-16682
-16758
-16781
-16787
-16844
-16926
-17002
-16625
-17214
-17327
-17462
-17107
-17703
-17812
-17907
-18048
-18209
-18344
-18462
-18094
-18682
-18754
-18775
-18817
-18873
-18863
-18829
-18823
-18825
-18892
-18905
-18903
-18873
-18850
-18859
-18855
-18852
-18836
-18846
-18875
-18823
-18752
-18749
-18775
-18749
-18733
-18724
-18663
-18594
-18523
-18405
-18264
-18104
-17932
-17779
-17651
-17533
-17357
-17138
-16987
-16842
-16640
-16476
-16331
-16249
-16140
-15991
-15863
-15812
-15791
-15791
-15758
-15718
-15691
-15720
-15737
-15712
-15697
-15689
-15716
-15701
-15678
-15670
-15636
-15604
-15565
-15529
-15502
-15483
-15449
-15380
-15308
-15207
-15128
-15081
-15052
-15021
-14981
-14918
-14850
-14821
-14842
-14882
-14943
-14976
-15023
-15062
-15136
-15231
-15298
-15371
-15453
-15562
-15682
-15781
-15939
-16123
-16289
-16474
-16667
-16821
-17020
-17228
-17472
-17688
-17878
-18058
-18237
-18418
-18667
-18905
-19090
-19260
-19369
-19464
-19611
-19750
-19859
-20025
-20151
-20289
-20432
-20562
-20667
-20770
-20896
-21004
-21107
-21218
-21298
-21382
-21474
-21579
-21676
-21754
-21802
-21840
-21917
-21920
-21934
-21999
-21997
-21983
-22004
-22025
-21957
-21869
-21802
-21733
-21655
-21632
-21594
-21531
-21466
-21394
-21275
-21153
-21056
-20932
-20756
-20617
-20422
-20235
-20478
-19728
-20004
-19245
-19510
-18747
-18518
-18319
-18254
-18193
-17936
-18027
-17004
-17041
-16323
-16237
-16178
-16046
-15852
-15691
-15573
-15521
-15592
-15672
-15684
-15705
-15804
-15943
-16027
-16023
-15865
-15722
-15636
-15691
-15775
-15836
-15823
-15817
-15871
-15955
-16111
-16289
-16441
-16541
-16665
-16792
-16894
-17042
-17180
-17354
-17541
-17722
-17913
-17625
-18310
-18105
-18861
-18577
-19333
-19562
-19781
-20010
-20226
-20499
-20773
-20529
-21310
-21573
-21800
-22058
-22300
-22464
-22644
-22791
-22500
-23186
-23357
-23539
-23718
-23861
-24031
-24214
-24348
-24480
-24665
-24836
-25000
-25113
-25231
-25338
-25455
-25588
-25741
-25859
-25955
-26002
-26044
-26107
-26203
-26296
-26334
-26375
-26407
-26441
-26491
-26495
-26546
-26632
-26701
-26756
-26787
-26813
-26854
-26384
-27359
-26844
-26386
-26968
-26997
-26995
-26968
-26949
-26957
-26985
-27050
-27075
-27086
-27096
-27115
-27121
-27121
-27144
-27174
-27216
-27281
-27333
-27294
-27283
-27291
-27310
-27378
-27459
-27489
-27460
-27476
-27476
-27441
-27409
-27394
-27401
-27447
-27409
-27344
-27321
-27270
-27199
-27149
-27079
-27025
-26943
-26892
-26813
-26724
-26659
-26556
-26489
-26417
-26319
-26231
-26125
-25987
-26361
-25728
-25542
-25884
-25268
-25107
-24993
-24838
-24642
-24491
-24315
-24052
-23718
-23558
-23468
-23350
-23147
-23443
-22777
-22649
-22577
-22485
-22315
-22100
-21819
-21605
-21363
-21134
-20901
-20607
-20283
-20035
-19773
-19985
-19275
-19516
-18854
-18651
-18432
-18281
-18121
-18000
-17930
-17867
-17791
-17701
-17590
-17447
-17403
-17359
-17306
-17239
-17157
-17096
-17016
-16949
-16878
-16796
-16743
-16688
-16625
-16581
-16531
-16445
-16445
-16497
-16581
-16579
-16556
-16563
-16642
-16728
-16773
-16798
-16865
-16976
-17048
-17088
-17155
-17264
-17417
-17521
-17583
-17731
-17888
-18052
-18163
-18235
-18352
-18533
-18665
-18787
-18907
-18997
-19105
-19237
-19296
-19367
-19424
-19430
-19455
-19441
-19390
-19409
-19432
-19470
-19520
-19541
-19552
-19529
-19541
-19573
-19625
-19659
-19646
-19653
-19691
-19730
-19731
-19760
-19768
-19735
-19697
-19649
-19634
-19613
-20021
-19457
-19390
-19384
-19413
-19434
-19384
-19279
-19237
-19254
-19287
-19270
-19222
-19167
-19142
-19090
-19031
-18980
-18928
-18884
-18884
-18871
-18831
-18785
-18770
-18777
-18752
-18680
-18590
-18506
-18430
-18348
-18249
-18195
-18125
-18056
-18025
-17980
-17941
-17907
-17903
-17922
-17993
-18062
-18128
-18159
-18237
-18340
-18417
-18472
-18495
-18088
-18642
-18670
-18665
-18752
-18882
-18968
-19048
-19105
-19197
-19294
-19388
-19476
-19577
-19649
-19707
-19829
-19957
-19552
-20128
-20207
-20260
-20342
-20430
-20510
-20623
-20699
-20789
-20896
-20983
-21104
-21207
-21287
-21409
-21493
-21590
-21705
-21773
-21880
-22010
-22109
-22188
-22243
-22266
-22291
-22336
-22392
-21997
-22552
-22628
-22697
-22730
-22716
-22731
-22779
-22813
-22836
-22863
-22943
-23018
-23052
-23004
-23020
-23046
-23025
-23020
-22972
-22894
-22869
-22813
-22676
-22514
-22390
-22214
-22044
-21848
-21584
-21441
-21310
-21142
-20968
-20852
-20714
-20560
-20350
-20228
-20065
-19823
-19689
-19438
-19224
-18735
-18048
-17174
-18760
-19199
-18783
-18726
-18999
-17981
-17493
-17315
-17256
-17270
-17567
-17913
-18170
-18210
-18218
-18283
-18376
-18426
-18510
-18554
-18495
-18481
-18594
-18754
-18884
-18964
-19002
-19136
-19134
-19090
-19102
-19104
-19102
-19083
-19521
-18918
-18846
-18802
-18749
-18653
-18577
-18558
-18615
-18710
-18770
-18901
-18611
-19331
-19062
-19735
-20002
-20228
-20506
-20817
-21153
-21411
-21722
-21499
-22350
-22642
-22506
-23384
-23731
-24060
-24428
-24728
-25048
-25485
-25970
-26209
-26294
-25911
-26460
-26455
-26432
-26365
-26323
-26287
-26323
-26375
-26478
-26550
-26592
-26609
-26581
-26579
-26504
-26386
-26228
-26010
-25787
-25546
-25241
-25008
-24833
-24657
-24569
-24478
-24361
-24212
-24037
-23859
-23667
-23495
-23155
-22812
-22521
-22182
-21913
-21598
-21167
-20897
-20567
-20230
-19823
-19459
-19138
-18861
-18567
-18256
-18014
-17735
-17546
-17453
-17321
-17128
-16972
-16846
-16771
-16661
-16613
-16571
-16518
-16510
-16562
-16653
-16726
-16804
-16974
-17155
-17399
-17569
-17781
-17607
-18304
-18550
-18808
-19147
-19542
-19844
-20170
-20502
-20796
-21220
-21048
-21812
-22165
-22455
-22735
-23056
-23354
-23600
-23812
-23487
-24136
-24304
-24476
-24600
-24670
-24688
-24834
-24808
-24762
-24730
-24636
-24529
-24495
-24508
-24380
-24254
-24197
-24197
-24092
-24422
-23775
-23569
-23321
-23134
-22875
-22632
-22352
-22142
-21903
-21726
-21504
-21260
-21111
-20964
-20854
-20646
-20455
-20210
-19991
-19875
-19730
-20020
-19361
-19306
-19123
-18947
-18920
-18878
-18817
-18800
-18878
-18934
-18905
-18901
-18938
-19052
-19132
-19203
-19294
-19378
-19508
-19642
-19743
-19888
-20014
-20191
-20375
-20046
-20665
-20804
-20993
-21126
-21331
-21495
-21695
-21945
-22048
-22182
-22382
-22539
-22716
-22846
-22930
-22981
-23058
-23144
-23117
-23109
-23016
-22953
-22848
-22777
-22688
-22489
-22292
-22104
-21861
-21613
-21413
-21149
-20867
-20611
-20296
-20052
-19781
-20000
-19172
-18936
-18653
-18390
-18109
-17815
-17594
-17407
-17252
-16957
-16705
-16476
-16363
-16323
-16188
-16027
-15892
-15875
-15833
-15796
-15787
-15833
-15890
-15892
-15970
-16031
-16159
-16260
-16438
-16609
-16762
-16915
-17056
-17287
-17459
-17649
-18054
-18312
-18605
-18909
-19147
-19399
-19518
-19678
-19848
-19567
-20176
-20354
-20646
-20957
-21172
-21403
-21533
-21592
-21697
-21798
-21907
-22000
-22083
-22247
-22436
-22516
-22636
-22907
-23115
-23245
-23365
-22997
-23688
-23705
-23928
-23168
-22855
-22659
-22533
-22378
-22125
-21819
-21590
-21434
-21126
-20762
-20989
-20209
-19947
-19575
-19268
-19075
-18792
-19044
-18365
-18157
-17989
-17880
-17771
-17563
-17359
-17207
-16833
-16632
-16611
-16560
-16563
-16506
-16424
-16443
-16373
-16380
-16327
-16319
-16281
-16247
-16254
-16191
-16140
-16102
-16021
-15968
-15926
-15894
-15869
-15924
-16012
-16063
-15661
-16273
-16388
-16499
-16579
-16649
-16733
-16878
-17010
-17069
-17027
-16615
-17188
-17207
-17161
-17197
-17237
-17174
-17252
-17312
-17325
-17411
-17506
-17560
-17609
-17623
-17596
-17504
-17489
-17415
-17392
-17401
-17363
-17304
-17113
-16966
-16680
-16409
-16205
-15911
-15682
-15542
-15401
-15571
-15140
-14375
-14634
-13817
-13371
-13069
-12833
-12596
-12392
-12174
-11899
-11537
-11292
-11136
-11033
-10863
-11230
-10604
-10363
-10174
-10048
-9878
-9678
-9459
-9359
-9342
-9266
-9176
-9035
-8915
-8781
-8592
-8376
-8281
-8092
-7949
-8291
-7716
-7613
-7500
-7399
-7300
-7292
-7317
-7216
-7147
-7115
-7149
-7157
-7174
-7147
-7161
-7224
-7189
-7065
-7083
-7199
-7369
-7581
-7703
-7802
-7884
-7926
-7978
-8075
-8134
-8136
-8210
-8344
-8394
-8405
-8500
-8548
-8521
-8502
-8487
-8355
-8281
-8226
-8161
-8041
-7920
-7871
-7766
-7676
-7569
-7529
-7457
-7428
-7411
-7386
-7340
-7010
-7052
-7260
-7281
-7348
-7365
-7277
-7325
-7571
-7813
-8033
-8081
-8029
-7976
-8140
-8218
-8294
