-5367
-5378
-5382
-5466
-5481
-5438
-5434
-5504
-5537
-5514
-5539
-5569
-5588
-5688
-5787
-5821
-5882
-5955
-6081
-6184
-6304
-6396
-6502
-6647
-6798
-6962
-7035
-7180
-7283
-7403
-7487
-7556
-7647
-7745
-7810
-7819
-7878
-7865
-7867
-7966
-7953
-7943
-7957
-7938
-7928
-7930
-7936
-7964
-7974
-7989
-7991
-7968
-7945
-7920
-7983
-8006
-8023
-8121
-8210
-8260
-8289
-8382
-8453
-8481
-8489
-8510
-8533
-8567
-8604
-8642
-8678
-8691
-8703
-8710
-8707
-8728
-8739
-8785
-8823
-8859
-8850
-8823
-8836
-8855
-8871
-8909
-8920
-8932
-8943
-8974
-8972
-9008
-9033
-9046
-9054
-9088
-9149
-9182
-9203
-9207
-9203
-9226
-9247
-9254
-9296
-9338
-9415
-9466
-9529
-9600
-9676
-9709
-9292
-9840
-9926
-9989
-9997
-10060
-10174
-10277
-10373
-10449
-10541
-10621
-10659
-10709
-10266
-10796
-10855
-10903
-10943
-11016
-11048
-11084
-11146
-11226
-11270
-11281
-11294
-11321
-11359
-11426
-11468
-11491
-11499
-11518
-11535
-11575
-11584
-11569
-11569
-11562
-11588
-11615
-11592
-11563
-11586
-11651
-11680
-11632
-11621
-11655
-11693
-11714
-11699
-11688
-11705
-11722
-11785
-11806
-11808
-11821
-11844
-11863
-11903
-11920
-11951
-12014
-12062
-12098
-12111
-12159
-12178
-12176
-12205
-11730
-12281
-12342
-12376
-12438
-12493
-12560
-12609
-12686
-12739
-12789
-12869
-12928
-13000
-13054
-13086
-13113
-13140
-13188
-13239
-13336
-13388
-13426
-13474
-13516
-13594
-13710
-13766
-13833
-13882
-13972
-14083
-14168
-14264
-14361
-14430
-14489
-14594
-14716
-14800
-14863
-14932
-15039
-15176
-15285
-15331
-15392
-15459
-15516
-15605
-15728
-15846
-15939
-16041
-16146
-16243
-16294
-16359
-16441
-16541
-16642
-16680
-16752
-16825
-16920
-16991
-17084
-17186
-17256
-17352
-17443
-17521
-17586
-17636
-17703
-17783
-17867
-17915
-17960
-18020
-18109
-18231
-18323
-18415
-18485
-18520
-18560
-18628
-18674
-18720
-18791
-18852
-18918
-18960
-18949
-18945
-18945
-18999
-19012
-18966
-18941
-18959
-18949
-18939
-18920
-18905
-18884
-18888
-18848
-18806
-18781
-18768
-18768
-18771
-18739
-18682
-18611
-19050
-18508
-18476
-18453
-18392
-18340
-18283
-18252
-18241
-18209
-18155
-18098
-18062
-18041
-18020
-17989
-17972
-17976
-17960
-17953
-17926
-17913
-17911
-17936
-17924
-17934
-17924
-17928
-17972
-17991
-18023
-18054
-18094
-18174
-18233
-18254
-18287
-18338
-18394
-18464
-18514
-18079
-18634
-18682
-18735
-18812
-18897
-18960
-19037
-19146
-19243
-19344
-19432
-19539
-19697
-19817
-19949
-20092
-20209
-20302
-20390
-20466
-20613
-20813
-20985
-21125
-21249
-21371
-21020
-21672
-21819
-21980
-22146
-22283
-22462
-22649
-22785
-22945
-23079
-23226
-23352
-23491
-23657
-23876
-24054
-24243
-24403
-24617
-24791
-24951
-25094
-25237
-25459
-25709
-25884
-26056
-26296
-26487
-26670
-26863
-27000
-27193
-27396
-27525
-27695
-27390
-28021
-28182
-28331
-28487
-28636
-28752
-28896
-28999
-29098
-29212
-28836
-29445
-29544
-29636
-29712
-29796
-29819
-29842
-29878
-29938
-29985
-30014
-30039
-30035
-30012
-29980
-29981
-29997
-29993
-29936
-29878
-29800
-29716
-29626
-29565
-29542
-29504
-29445
-29327
-29214
-29144
-29063
-28981
-28882
-28737
-28579
-28485
-28367
-28252
-28161
-28083
-27989
-27892
-27718
-27583
-27432
-27289
-27216
-27105
-26987
-27331
-26703
-26569
-26449
-26352
-26270
-26214
-26168
-26079
-25970
-25859
-25775
-25712
-25649
-25625
-25600
-25542
-25453
-25386
-25361
-25346
-25313
-25304
-25298
-25298
-25333
-25357
-25397
-25438
-25466
-25516
-25600
-25705
-25741
-25773
-25926
-26062
-26199
-26313
-26417
-26499
-26626
-26766
-26934
-27079
-27262
-27459
-27634
-27810
-27955
-28071
-28296
-28529
-28722
-28924
-29107
-29283
-29489
-29728
-29922
-30115
-30333
-30506
-30695
-30855
-31056
-31254
-31399
-31600
-31731
-31817
-31972
-32146
-31764
-32359
-32462
-32558
-32668
-32760
-32815
-32848
-32857
-32924
-33037
-33100
-33123
-33119
-33071
-33056
-33075
-33067
-33067
-33050
-33021
-32978
-32911
-32871
-32852
-32810
-32773
-32745
-32689
-32655
-32625
-32552
-32487
-32430
-32401
-32350
-32722
-32155
-32069
-31980
-31903
-31833
-31745
-31714
-31628
-31556
-31439
-31302
-31195
-31109
-31056
-31002
-30991
-30966
-30901
-30871
-30831
-31268
-30733
-30707
-30670
-30632
-30563
-30529
-30529
-30512
-30491
-30447
-30417
-30409
-30394
-30413
-30411
-30420
-30405
-30357
-30296
-30266
-30254
-30210
-30218
-30243
-30241
-30245
-30241
-30252
-30262
-30250
-30235
-30216
-30231
-30264
-30296
-30308
-30308
-30281
-30275
-30260
-30245
-30254
-30312
-30384
-30386
-30375
-30359
-30315
-30323
-30329
-30327
-30348
-30384
-30399
-30428
-30424
-30401
-30409
-30424
-30413
-30369
-30352
-30371
-30422
-30470
-30506
-30500
-30508
-30502
-30500
-30521
-30554
-30592
-30638
-30657
-30689
-30750
-30827
-30917
-30934
-30964
-31054
-31155
-31256
-31292
-31354
-31445
-31518
-31581
-31646
-31739
-31846
-31964
-32044
-32086
-32163
-32241
-32325
-32396
-32460
-32527
-32630
-32695
-32750
-32861
-32918
-32953
-32962
-33010
-33075
-33096
-33123
-33159
-33201
-33252
-33308
-33334
-33373
-33445
-33491
-33542
-33586
-33562
-33554
-33562
-33562
-33577
-33607
-33647
-33649
-33602
-33550
-33520
-33487
-33443
-33361
-33296
-33247
-33189
-33168
-33136
-33079
-33000
-32924
-32844
-32775
-33216
-32646
-32556
-32481
-32373
-32289
-32733
-32218
-32195
-32115
-32016
-31941
-31844
-32245
-31714
-31649
-31571
-31499
-31413
-31338
-31250
-31144
-31054
-31020
-30978
-30915
-30848
-30789
-30796
-30821
-30813
-31264
-30733
-30697
-30651
-30613
-30621
-30609
-30625
-30667
-30703
-30731
-30779
-30846
-30903
-30924
-30922
-30962
-31042
-31098
-31121
-31107
-31094
-31102
-31149
-31201
-31266
-31298
-31300
-31317
-31348
-31394
-31474
-31552
-31584
-31548
-31518
-31525
-31529
-31554
-31581
-31590
-31625
-31649
-31630
-31594
-31541
-31491
-31472
-31478
-31424
-31348
-31296
-31298
-31756
-31197
-31140
-31096
-31046
-31014
-30983
-30913
-30855
-31268
-30728
-30676
-30619
-30552
-30481
-30397
-30313
-30233
-30147
-30083
-29987
-29911
-29886
-29810
-29709
-29600
-29521
-29500
-29451
-29388
-29346
-29308
-29233
-29165
-29094
-29042
-29010
-28949
-28909
-28886
-28844
-28815
-28808
-28791
-28800
-28817
-28848
-28867
-28840
-28838
-28850
-28855
-28833
-28812
-28806
-28812
-28819
-28758
-28728
-28720
-28749
-28779
-28791
-28760
-28701
-28691
-28661
-28619
-28586
-28588
-28600
-28594
-28562
-28544
-28514
-28466
-28453
-28439
-28470
-28443
-28432
-28413
-28384
-28346
-28327
-28321
-28313
-28245
-28186
-28138
-28159
-28163
-28121
-28039
-28010
-27980
-27939
-27920
-27913
-28329
-27764
-27680
-27613
-27552
-27525
-27478
-27451
-27443
-27424
-27401
-27336
-27281
-27209
-27167
-27121
-27065
-27010
-26941
-27355
-26802
-26722
-26600
-26523
-26430
-26336
-26252
-26134
-25991
-25936
-25817
-25691
-25554
-25436
-25382
-25333
-25256
-25144
-25031
-24920
-24869
-24819
-24800
-24762
-24749
-24777
-24720
-24659
-24596
-24577
-24573
-24575
-24554
-24499
-24476
-24436
-24394
-24346
-24317
-24285
-24235
-24222
-24142
-24063
-24039
-24018
-23970
-23911
-23819
-23716
-23632
-23535
-23430
-23312
-23178
-23060
-22915
-22789
-22621
-22514
-22409
-22220
-22039
-21857
-21617
-21399
-21231
-21031
-20810
-20651
-20434
-20180
-19932
-19626
-19348
-19128
-18901
-18665
-18405
-18546
-17810
-17514
-17258
-17586
-16876
-16623
-16367
-16067
-15779
-15602
-15413
-15231
-15079
-14884
-14689
-14569
-14495
-14424
-14310
-14655
-14056
-14042
-14012
-14037
-14000
-14004
-14071
-14161
-14317
-14476
-14197
-14829
-15054
-15285
-15472
-15728
-16067
-16432
-16745
-16684
-17539
-17972
-18371
-18876
-19321
-19726
-20081
-20050
-20930
-21312
-21579
-21957
-22281
-22531
-22741
-22909
-23063
-23159
-23212
-23180
-23205
-23201
-23142
-23447
-22819
-22670
-22605
-22378
-22039
-21770
-21560
-21258
-20939
-20657
-20313
-19999
-19602
-19270
-18876
-18445
-18542
-17594
-17588
-16689
-16252
-15834
-15409
-14917
-14499
-14586
-13777
-13439
-13146
-12777
-12447
-12144
-11928
-11796
-11674
-11560
-11491
-11487
-11508
-11644
-11239
-11836
-12058
-11739
-12453
-12741
-13102
-13396
-13653
-13966
-14277
-14586
-14831
-14670
-15436
-15209
-16031
-16285
-16508
-16703
-16882
-17050
-17256
-17434
-17552
-17602
-17630
-17709
-17783
-17796
-17766
-17737
-17716
-17691
-17697
-18077
-17436
-17363
-17312
-17201
-17107
-17063
-16947
-16829
-16766
-16766
-16739
-16630
-16531
-16489
-16424
-16367
-16291
-16224
-16126
-16042
-15930
-15842
-15726
-15655
-15653
-15542
-15420
-15312
-15271
-15228
-15119
-15062
-15063
-15058
-14968
-14922
-14896
-14859
-14791
-14758
-14775
-14775
-14707
-14741
-14688
-14653
-14726
-14783
-14794
-14846
-14865
-14999
-15102
-14661
-15247
-15334
-15432
-15563
-15781
-15896
-16025
-16180
-16357
-16413
-16535
-16674
-16758
-16924
-17033
-17123
-17155
-17176
-17273
-17348
-17357
-17298
-17336
-17310
-17285
-17191
-17111
-17111
-16987
-16920
-16808
-16709
-16546
-16338
-16130
-15924
-15699
-15491
-15237
-14964
-14705
-14441
-14626
-13855
-13565
-13296
-13079
-12865
-12621
-12378
-12123
-11939
-11794
-11634
-11489
-11289
-11193
-11062
-10981
-10848
-10831
-10796
-10709
-10701
-10766
-10825
-10859
-10930
-10983
-11100
-11142
-10762
-11434
-11550
-11626
-11836
-12042
-11760
-12443
-12605
-12787
-13025
-13186
-13367
-13500
-13680
-13817
-13972
-14119
-14266
-14355
-14333
-14415
-14480
-14466
-14424
-14462
-14455
-14386
-14271
-14203
-14130
-14021
-13894
-13722
-13615
-13571
-13409
-13674
-13084
-12972
-12792
-12722
-13174
-12586
-12529
-12459
-12436
-12420
-12388
-12329
-12350
-12397
-12371
-12384
-12468
-12470
-12537
-12594
-12611
-12590
-12235
-12771
-12779
-12865
-12922
-12959
-12949
-13027
-13029
-13029
-13027
-12968
-12934
-12886
-12789
-12739
-12611
-12476
-12451
-12294
-12146
-12063
-11903
-11743
-11523
-11367
-11262
-11146
-11044
-10924
-10875
-10815
-11216
-10640
-10560
-10535
-10460
-10449
-10409
-10348
-10308
-10291
-10210
-10161
-10123
-10077
-10052
-10008
-9972
-9964
-10031
-9987
-9941
-10016
-10054
-10096
-10105
-10132
-10203
-10233
-10195
-10254
-10323
-10390
-10375
-10342
-10334
-10281
-10291
-10216
-10140
-10048
-9953
-9880
-9823
-9642
-9474
-9317
-9178
-8989
-8808
-8604
-8418
-8264
-8075
-7894
-7691
-7508
-7369
-7235
-7115
-6962
-6768
-6552
-6457
-6840
-6233
-6157
-6010
-5869
-5731
-5581
-5478
-5850
-5245
-5188
-5104
-5020
-4920
-4873
-4918
-4934
-4941
-4959
-4993
-5073
-5228
-5371
-5548
-5783
-5997
-6188
-6512
-6796
-7090
-7424
-7728
-8014
-8474
-8336
-9168
-9523
-9865
-10193
-10560
-10934
-11212
-11462
-11287
-11978
-11735
-12420
-12596
-12771
-12918
-12985
-13079
-13186
-13174
-13054
-13010
-12867
-12667
-12472
-12304
-11997
-11674
-11298
-10930
-10628
-10686
-9812
-9373
-9041
-8596
-8119
-7773
-7354
-7029
-6686
-6283
-5911
-5613
-5291
-4970
-4760
-4493
-4264
-4088
-4394
-3812
-3703
-3625
-3588
-3556
-3523
-3577
-3584
-3611
-3649
-3712
-3812
-3962
-4037
-4168
-4325
-4426
-4607
-4752
-4825
-4938
-5117
-5243
-5325
-5413
-5468
-5474
-5531
-5563
-5596
-5581
-5607
-5567
-5535
-5497
-5451
-5397
-5384
-5270
-5233
-5182
-5069
-5100
-5134
-5039
-4941
-4875
-4861
-4861
-4852
-4791
-4733
-4709
-4709
-4779
-4804
-4871
-4911
-4989
-5033
-5142
-5296
-4905
-5527
-5737
-5920
-6092
-6252
-6491
-6718
-6911
-7163
-7354
-7621
-7903
-8144
-8394
-8640
-8978
-8808
-9642
-9934
-10239
-10613
-10922
-11231
-11602
-11905
-12151
-12430
-12634
-12875
-13149
-13334
-13544
-13787
-13980
-14149
-14325
-14468
-14554
-14621
-14592
-14625
-14634
-14560
-14478
-14466
-14411
-14344
-14243
