-24039
-24417
-23873
-23775
-23630
-23586
-23504
-23285
-23100
-23020
-22852
-22691
-22554
-22428
-22336
-22205
-22100
-21936
-21764
-21636
-21466
-21386
-21304
-21230
-21062
-20953
-20884
-20781
-20680
-20636
-20548
-20516
-20476
-20420
-20376
-20415
-20413
-20434
-20443
-20460
-20487
-20495
-20474
-20510
-20525
-20521
-20466
-20420
-20502
-20510
-20546
-20548
-20508
-20537
-20506
-20478
-20443
-20331
-20285
-20271
-20260
-20168
-20119
-20186
-20172
-20155
-20193
-20220
-20239
-20226
-20258
-20373
-20411
-20447
-20426
-20438
-20502
-20535
-20516
-20491
-20604
-20626
-20575
-20573
-20565
-20644
-20714
-20806
-20936
-20544
-21136
-21224
-21279
-21361
-21409
-21455
-21480
-21529
-21577
-21626
-21661
-21665
-21709
-21737
-21712
-21684
-21701
-21735
-21787
-21812
-21831
-21859
-21959
-22031
-22067
-22102
-22134
-22210
-22306
-22361
-22380
-22417
-22457
-22510
-22558
-22604
-22646
-22678
-22695
-22775
-22833
-22844
-22865
-22922
-22976
-23044
-23109
-23157
-23186
-23256
-23302
-23355
-23405
-23466
-23527
-23621
-23730
-23789
-23852
-23903
-23953
-23974
-24039
-24125
-24218
-24306
-24352
-24411
-24453
-24506
-24552
-24575
-24569
-24602
-24644
-24709
-24726
-24750
-24749
-24741
-24714
-24693
-24680
-24636
-24554
-24487
-24478
-24464
-24432
-24376
-24291
-24165
-24094
-24046
-23978
-23911
-23823
-23741
-23689
-23646
-23560
-23939
-23378
-23325
-23237
-23163
-23058
-22964
-22884
-22792
-22665
-22563
-22485
-22411
-22323
-22237
-22151
-22084
-22021
-21922
-21836
-21813
-21775
-21718
-21634
-21583
-21514
-21453
-21430
-21411
-21371
-21302
-21239
-21195
-21153
-21086
-21060
-21041
-21012
-20972
-20974
-20936
-20888
-20878
-20848
-20808
-20741
-20670
-20632
-20592
-20552
-20575
-20592
-20625
-20628
-20615
-20619
-20605
-20605
-20596
-20590
-20565
-20533
-20483
-20480
-20037
-20531
-20502
-20500
-20485
-20470
-20508
-20569
-20571
-20583
-20569
-20579
-20548
-20546
-20510
-20468
-20455
-20449
-20457
-20447
-20438
-20390
-20292
-20243
-20188
-20115
-20117
-20088
-20056
-20025
-19978
-19920
-19911
-19926
-19932
-19943
-19928
-19924
-19886
-19836
-19745
-19680
-19607
-19581
-19556
-19544
-19527
-19493
-19436
-19357
-19315
-19298
-19287
-19266
-19228
-19170
-19155
-19170
-19128
-19084
-19067
-19021
-18966
-18918
-18850
-18794
-18699
-19052
-18468
-18422
-18457
-18518
-18607
-18646
-18649
-18644
-18705
-18722
-18800
-18918
-18995
-19031
-19031
-19010
-19021
-19054
-19056
-18960
-18901
-18871
-18867
-18867
-18846
-18823
-18775
-18770
-18825
-18901
-18897
-18886
-18896
-18888
-18905
-18896
-18855
-18834
-18812
-18737
-18686
-18623
-18539
-18397
-18300
-18264
-18243
-18153
-18556
-17974
-17884
-17813
-17764
-17686
-18071
-17487
-17415
-17373
-17285
-17174
-17111
-17018
-16934
-16890
-16804
-16730
-16655
-16527
-16418
-16327
-16258
-16218
-16165
-16138
-16083
-16020
-15939
-15894
-15855
-15854
-15834
-15798
-15762
-15770
-15718
-15676
-15651
-15613
-15586
-15556
-15541
-15520
-15478
-15445
-15441
-15438
-15394
-15371
-15397
-15443
-15418
-15407
-15405
-15386
-15367
-15348
-15308
-15291
-15310
-15319
-15306
-15262
-15247
-15230
-15197
-15632
-15138
-15086
-14997
-14922
-14878
-14848
-14831
-14838
-14812
-14741
-14703
-14699
-14720
-14682
-14611
-14539
-14500
-14470
-14455
-14460
-14438
-14359
-14294
-14266
-14275
-14275
-14264
-14249
-14256
-14237
-14197
-14151
-14123
-14104
-14052
-13980
-13917
-13892
-13861
-13815
-13785
-13739
-14168
-13619
-13562
-13542
-13506
-13491
-13445
-13418
-13405
-13413
-13447
-13449
-13409
-13304
-13228
-13186
-13155
-13136
-13119
-13077
-13018
-12932
-12836
-12768
-12728
-12699
-12216
-12688
-12668
-12625
-12558
-12546
-12521
-12457
-12438
-12447
-12436
-12417
-12365
-12369
-12418
-12403
-12417
-12439
-12457
-12438
-12413
-12380
-12359
-12375
-12403
-12430
-12428
-12422
-12443
-12462
-12472
-12468
-12466
-12491
-12495
-12514
-12544
-12607
-12653
-12644
-12646
-12653
-12686
-12754
-12825
-12880
-12907
-12949
-12987
-12932
-12899
-12955
-13012
-13016
-12955
-12871
-12836
-12823
-12798
-12762
-12707
-12682
-12667
-12619
-12544
-12499
-12441
-12355
-12283
-12188
-12128
-12115
-12073
-11997
-11928
-11850
-11810
-11791
-12212
-11596
-11573
-11596
-11646
-11653
-11634
-11626
-11609
-11625
-11726
-11819
-11890
-11941
-11995
-12098
-11728
-12298
-12388
-12451
-12495
-12562
-12630
-12689
-12726
-12813
-12934
-13037
-13100
-13163
-13256
-13323
-13325
-13334
-13384
-13380
-13386
-13388
-13413
-13384
-13329
-13285
-13197
-13119
-13031
-12983
-12922
-12792
-12672
-12550
-12420
-12292
-12138
-11962
-11819
-11644
-11411
-11188
-10976
-10750
-10581
-10365
-10153
-9972
-10224
-9485
-9310
-9092
-8825
-8625
-8380
-8138
-7939
-7760
-7607
-7493
-7386
-7247
-7140
-6997
-6871
-6794
-6714
-6617
-6548
-6434
-6331
-6285
-6245
-6159
-6081
-6048
-6010
-5976
-5878
-5794
-5796
-5773
-5728
-5720
-5722
-5733
-5752
-5817
-5833
-5819
-5817
-5857
-5959
-6067
-6136
-6168
-6199
-6224
-6273
-6287
-6296
-6327
-6342
-6338
-6329
-6331
-6367
-6430
-6439
-6407
-6329
-6292
-6308
-6294
-6254
-6247
-6264
-6266
-6216
-6220
-6191
-6163
-6140
-6138
-6123
-6138
-6138
-6128
-6119
-6086
-6050
-5999
-5939
-5896
-5880
-5852
-5808
-5791
-5709
-5646
-5634
-5623
-5613
-5632
-5632
-5607
-5609
-5563
-5554
-5590
-5634
-5636
-5655
-5688
-5722
-5718
-5680
-5657
-5670
-5667
-5684
-5703
-5712
-5739
-5754
-5764
-5785
-5848
-5892
-5892
-5878
-5894
-5899
-5896
-5905
-5939
-5960
-5959
-5970
-6027
-6050
-6058
-6079
-6071
-6062
-6056
-6073
-6067
-6071
-6102
-6111
-6073
-6069
-6083
-6111
-6107
-6094
-6086
-6086
-6096
-6088
-6084
-6063
-6041
-6042
-6062
-6025
-5993
-5972
-5964
-5964
-5905
-5873
-5861
-5913
-5936
-5934
-5905
-5911
-5934
-5981
-6014
-6021
-6004
-6039
-6079
-6107
-6149
-6167
-6197
-6214
-6258
-6319
-6369
-6447
-6470
-6464
-6544
-6651
-6707
-6777
-6836
-6909
-7020
-7119
-7121
-7128
-7167
-7262
-7375
-7474
-7586
-7651
-7625
-7604
-7659
-7752
-7861
-7972
-8016
-8041
-8096
-8174
-8243
-8285
-8329
-8376
-8384
-8367
-8363
-8443
-8556
-8632
-8655
-8646
-8617
-8632
-8688
-8730
-8750
-8773
-8798
-8844
-8884
-8884
-8894
-8897
-8918
-8924
-8945
-9008
-9050
-9046
-9042
-9041
-9058
-9090
-9105
-9121
-9157
-9184
-9188
-9149
-9119
-9123
-9149
-9149
-9157
-9168
-9178
-9174
-9149
-9098
-9033
-8981
-8960
-8922
-8861
-8854
-8833
-8754
-8695
-8607
-8544
-8497
-8436
-8357
-8277
-8209
-8157
-8107
-8025
-7962
-7905
-7831
-7703
-7625
-7583
-7529
-7480
-7434
-7365
-7285
-7205
-7161
-7094
-7014
-6918
-7327
-6777
-6697
-6611
-6546
-6470
-6417
-6357
-6291
-6197
-6115
-6039
-5960
-5894
-5842
-5771
-5735
-5735
-5697
-5617
-5554
-5516
-5497
-5495
-5495
-5485
-5472
-5462
-5436
-5451
-5459
-5485
-5535
-5605
-5661
-5707
-5766
-5810
-5861
-5947
-6071
-6191
-6289
-6392
-6472
-6613
-6733
-6848
-6991
-7096
-7197
-7361
-7537
-7688
-7802
-7913
-7999
-8126
-8271
-8367
-8493
-8644
-8791
-8970
-9083
-9195
-9338
-9474
-9592
-9707
-9804
-9880
-9995
-10111
-10176
-10184
-10199
-10212
-10260
-10342
-10443
-10541
-10604
-10668
-10737
-10804
-10875
-10941
-10962
-10966
-10947
-10993
-11063
-11105
-11126
-11178
-11188
-11176
-11168
-11126
-11123
-11142
-11203
-11247
-11214
-11132
-11092
-11100
-11128
-11123
-11083
-11029
-10938
-10884
-10796
-10771
-10750
-10705
-10628
-10533
-10438
-10369
-10300
-10209
-10115
-10020
-9892
-10254
-9684
-9632
-9550
-9460
-9348
-9170
-9096
-8966
-8806
-8642
-8483
-8794
-8134
-7892
-7695
-7531
-7787
-7117
-6962
-7329
-6678
-6546
-6481
-6420
-6291
-6226
-6266
-6247
-6220
-6296
-6455
-6604
-6710
-6834
-6907
-7044
-7203
-7380
-7523
-7695
-7897
-8111
-7850
-8523
-8760
-8989
-9193
-9474
-9718
-9964
-10125
-10289
-10520
-10308
-10987
-11168
-11292
-11525
-11718
-11936
-12126
-12319
-12447
-12518
-12216
-12880
-12951
-13012
-13151
-13426
-13590
-13720
-13911
-14107
-14281
-14550
-14743
-14947
-15178
-15371
-15548
-15770
-15951
-15972
-16002
-16115
-16237
-16250
-16397
-16459
-16481
-16523
-16462
-16495
-16472
-16434
-16474
-16514
-16573
-16560
-16607
-16634
-16705
-16749
-16876
-17056
-17128
-17239
-17399
-17489
-17105
-17665
-17806
-17876
-17892
-17911
-17920
-18002
-17976
-18020
-18086
-18168
-18201
-18275
-18386
-18483
-18560
-18712
-18838
-18894
-18981
-19130
-19315
-19497
-19695
-19844
-20002
-20170
-20394
-20552
-20752
-20930
-21113
-21209
-21342
-21516
-21615
-21749
-21897
-21955
-21962
-22113
-22113
-22167
-22207
-22266
-22317
-22250
-22201
-22277
-22306
-22209
-22163
-22138
-22086
-21752
-21917
-22209
-22151
-22147
-22399
-22439
-22336
-22132
-21959
-21709
-21542
-21426
-21346
-21296
-21212
-21203
-21216
-21197
-21167
-21062
-20932
-20857
-20831
-20804
-20743
-20718
-20848
-21102
-21167
-21153
-21170
-21426
-21583
-21625
-21777
-21520
-22203
-22470
-22825
-23018
-23172
-23449
-23810
-24002
-24193
-24371
-24504
-24695
-24436
-25035
-25098
-25392
-24609
-24842
-25388
-25611
-25768
-26031
-26138
-26111
-26113
-26033
-25909
-25861
-25823
-25752
-25678
-25684
-25550
-25357
-25199
-25088
-25010
-25392
-24649
-24470
-24281
-24062
-23752
-23520
-23249
-23046
-22833
-22518
-22247
-22069
-21854
-21642
-21355
-21243
-21102
-20756
-20054
-19552
-20939
-21209
-21136
-21459
-21712
-21936
-22228
-22239
-22287
-22403
-22460
-22668
-22831
-22855
-22861
-22995
-23100
-23105
-23109
-23239
-23361
-23394
-23424
-23506
-23537
-23514
-23487
-23539
-23550
-23489
-23554
-23607
-23636
-23668
-23691
-23756
-23720
-23691
-23794
-23764
-23802
-23762
-23743
-23817
-23833
-23712
-23710
-23756
-23787
-23710
-23592
-23596
-23617
-23617
-23684
-23733
-23716
-23720
-23674
-23609
-23689
-23749
-23747
-23812
-23810
-23773
-23693
-23649
-23657
-23636
-23583
-23567
-23628
-23630
-23609
-23607
-23625
-23672
-23640
-23636
-23733
-23861
-23974
-24077
-24214
-24270
-23964
-24579
-24642
-24712
-24796
-24863
-24962
-25058
-25212
-25363
-25453
-25556
-25697
-25821
-25878
-25989
-26069
-26144
-26188
-26209
-26241
-26308
-26373
-26394
-26334
-26331
-26344
-26289
-26317
-26291
-26224
-26172
-26115
-26086
-26002
-25976
-26044
-25972
-26382
-25836
-25747
-25707
-25617
-25441
-25348
-25287
-25243
-25128
-25044
-25403
-24800
-24667
-24512
-24382
-24262
-24109
-23983
-23886
-23810
-23720
-23684
-23676
-23657
-23590
-23636
-23743
-23850
-23983
-24151
-24195
-24312
-23960
-24554
-24583
-24747
-24892
-25020
-25134
-25239
-25403
-25500
-25630
-25720
-25829
-25945
-26063
-26149
-26151
-26153
-26308
-26428
-26586
-26710
-26821
-27065
-27268
-27462
-27569
-27699
-27903
-28000
-28083
-28167
-28256
-28319
-28420
-28512
-28481
-28390
-28821
-28153
-27985
-28327
-27558
-27310
-27086
-26791
-26516
-26231
-25768
-25867
-25016
-24588
-24125
-23670
-23271
-22718
-22222
-21716
-21168
-20709
-20256
-19836
-19396
-19476
-19048
-18336
-18107
-17972
-17813
-17686
-17661
-17695
-17781
-17834
-18016
-18168
-18361
-18098
-18884
-19168
-19516
-19896
-20323
-20699
-21147
-21678
-21558
-22397
-22493
-23434
-23901
-24413
-24882
-25327
-25731
-26184
-26552
-26917
-27319
-27710
-28104
-28333
-28586
-28768
-28917
-29033
-29182
-29292
-29369
-29415
-29397
-29428
-29472
-29390
-29222
-29109
-28949
-28758
-28527
-28800
-28056
-27695
-27844
-27098
-26712
-26289
-26313
-25888
-25403
-24888
-23955
-23890
-22852
-22235
-21605
-21016
-20357
-19747
-19098
-18422
-17829
-17575
-16512
-15861
-15226
-15130
-14031
