-10424
-10527
-10634
-10659
-10634
-10628
-10642
-10554
-10560
-10518
-10449
-10331
-10264
-10140
-9947
-9817
-9602
-9388
-9189
-9014
-9249
-8558
-8384
-8218
-7999
-7861
-7689
-7529
-7373
-7231
-7140
-7042
-6997
-6976
-6981
-7067
-7144
-7289
-7415
-7510
-7766
-7978
-8188
-8394
-8684
-8884
-9144
-9397
-9539
-9647
-9730
-9836
-9871
-9827
-9773
-9749
-9686
-9560
-9403
-9188
-8989
-8842
-8737
-8567
-8317
-8111
-7909
-7701
-7481
-7243
-7094
-6930
-6709
-6565
-6516
-6428
-6283
-6235
-6224
-6165
-6126
-6149
-6151
-6157
-6096
-6125
-6155
-6193
-6168
-6209
-6237
-6218
-6165
-6230
-6243
-6247
-6241
-6262
-6216
-6174
-6214
-6155
-6079
-5985
-6027
-5989
-5909
-5905
-5882
-5871
-5823
-5712
-5642
-5621
-5619
-5546
-5531
-5506
-5491
-5422
-5396
-5376
-5396
-5334
-5302
-5304
-5321
-5321
-5323
-5386
-5460
-5445
-5390
-5354
-5369
-4890
-5409
-5439
-5504
-5483
-5495
-5521
-5480
-5481
-5512
-5552
-5554
-5527
-5510
-5506
-5449
-5409
-5392
-5445
-5445
-5428
-5418
-5397
-5357
-5338
-5348
-5302
-5250
-5239
-5161
-5121
-5125
-5142
-5134
-5102
-5054
-5050
-5010
-5014
-5027
-5062
-5105
-5115
-5090
-5060
-5117
-5159
-5151
-5163
-5180
-5224
-5285
-5344
-5417
-5480
-5521
-5607
-5686
-5745
-5785
-5815
-5890
-5920
-5978
-6006
-6006
-6104
-6214
-6336
-6415
-6485
-6525
-6600
-6665
-6798
-6941
-7018
-7088
-7188
-7279
-7373
-7508
-7600
-7701
-7812
-7922
-8037
-8121
-8186
-8294
-8420
-8499
-8525
-8600
-8672
-8775
-8897
-8985
-9075
-9132
-9262
-9331
-9344
-9354
-9378
-9384
-9409
-9451
-9476
-9531
-9594
-9636
-9655
-9686
-9705
-9731
-9722
-9752
-9852
-9909
-9972
-9997
-9978
-9980
-9989
-10000
-10039
-10081
-10069
-10100
-10109
-10075
-10014
-9991
-9989
-9997
-9970
-9959
-9941
-9896
-9875
-9833
-9800
-9764
-9731
-9716
-9663
-9619
-9615
-9583
-9518
-9464
-9394
-9336
-9302
-9216
-9109
-9027
-8903
-9283
-8750
-8689
-8600
-8500
-8363
-8260
-8201
-8113
-8014
-7934
-7846
-7762
-7674
-7550
-7382
-7268
-7136
-7029
-6899
-6720
-6575
-6489
-6407
-6333
-6256
-6174
-6130
-6146
-6184
-6224
-6273
-6317
-5869
-6430
-6537
-6642
-6756
-6886
-6981
-7079
-7184
-7241
-7281
-7302
-7321
-7266
-7197
-7201
-7260
-7308
-7346
-7426
-7539
-7697
-7352
-7938
-8098
-8300
-8462
-8607
-8733
-8821
-8918
-9016
-9115
-9281
-9407
-9504
-9607
-9684
-9292
-9861
-9920
-9941
-9968
-10069
-10165
-9775
-10348
-10382
-10396
-10424
-10476
-10552
-10594
-10667
-10726
-10785
-10833
-10894
-10920
-10976
-11029
-11035
-11004
-11014
-11058
-11113
-11136
-11161
-11212
-11249
-11239
-11247
-11291
-11350
-11388
-11422
-11480
-11520
-11554
-11642
-11712
-11737
-11754
-11789
-11787
-11831
-11901
-11936
-11987
-12056
-12102
-12151
-12184
-12157
-12174
-12165
-12094
-11999
-11920
-11867
-11833
-11791
-11773
-11810
-11880
-11949
-12041
-12107
-12098
-12092
-12144
-12168
-12199
-12277
-12317
-12321
-12331
-12355
-12376
-12380
-12363
-12302
-12233
-12199
-12224
-12254
-12237
-12184
-12138
-12132
-12096
-12073
-12088
-12115
-12138
-12170
-12176
-12159
-12178
-11731
-12250
-12260
-12264
-12285
-12294
-12289
-12333
-12355
-12380
-12447
-12497
-12556
-12625
-12665
-12728
-12802
-12842
-12926
-13004
-13035
-13096
-13151
-13182
-13233
-13315
-13369
-13411
-13468
-13529
-13604
-13653
-13678
-13707
-13764
-13812
-13861
-13865
-13886
-13934
-14025
-14071
-14105
-14165
-14188
-14230
-14304
-14371
-14394
-14428
-14455
-14537
-14625
-14697
-14743
-14754
-14754
-14730
-14714
-14726
-14745
-14785
-14789
-14796
-14842
-14838
-14865
-14905
-14907
-14905
-14915
-14888
-14844
-14792
-14771
-14749
-14749
-14750
-14689
-14638
-14605
-14619
-14682
-14718
-14697
-14688
-14686
-14678
-14642
-14174
-14703
-14730
-14726
-14745
-14773
-14773
-14791
-14815
-14827
-14829
-14804
-14791
-14796
-14833
-14867
-14869
-14888
-14909
-14920
-14943
-14966
-15008
-15071
-15105
-15146
-15144
-15149
-15195
-15235
-15235
-15188
-15178
-15172
-15163
-15147
-15134
-14661
-15170
-15149
-15121
-15126
-15153
-15140
-15107
-15096
-15104
-15157
-15186
-15195
-15163
-15138
-15105
-15062
-15035
-14989
-14943
-14947
-14987
-15012
-15002
-14985
-14957
-14936
-14922
-14915
-14949
-15031
-15079
-15079
-15046
-15056
-15069
-15084
-15130
-15161
-15201
-15252
-15254
-15275
-15323
-15569
-15621
-15672
-15710
-15726
-15749
-15787
-15789
-15764
-15789
-15867
-15907
-15913
-15936
-15922
-15920
-15936
-15928
-15936
-15939
-15939
-15968
-16048
-16042
-16031
-16042
-16054
-16052
-16067
-16086
-16123
-16165
-16174
-16136
-16109
-16098
-16088
-16094
-16111
-15638
-16167
-16182
-16178
-16174
-16184
-16188
-16193
-16186
-16182
-16218
-16220
-16235
-16228
-16216
-16231
-16195
-16176
-16188
-16230
-16235
-16224
-16189
-16153
-16151
-16199
-16258
-16302
-16275
-16233
-16271
-16312
-16336
-16380
-16401
-16405
-16443
-16521
-16558
-16581
-16634
-16688
-16798
-16880
-16949
-17029
-17096
-17142
-17212
-17271
-17354
-17426
-17480
-17544
-17644
-17745
-17823
-17878
-17943
-18037
-18128
-18193
-18300
-18430
-18523
-18586
-18623
-18709
-18859
-18981
-19086
-19184
-19224
-19262
-19291
-19363
-19491
-19558
-19628
-19726
-19802
-19838
-19899
-19941
-19989
-20042
-20088
-20111
-20130
-20201
-20239
-20275
-20342
-20403
-20466
-20508
-20531
-20552
-20607
-20605
-20630
-20640
-20640
-20689
-20735
-20773
-20840
-20871
-20880
-20871
-20938
-20955
-20947
-20943
-20943
-20939
-20953
-20960
-21008
-21079
-21134
-21132
-21105
-21105
-21100
-21100
-21138
-21193
-21264
-21296
-21312
-21289
-21254
-21266
-21308
-21327
-21369
-21367
-21390
-21405
-21407
-21443
-21462
-21466
-21483
-21495
-21495
-21548
-21552
-21571
-21598
-21613
-21594
-21625
-21644
-21707
-21794
-21844
-21863
-21855
-21857
-21905
-21985
-22039
-22069
-22123
-22151
-22207
-22252
-22277
-22302
-22306
-22313
-22350
-22399
-22445
-21991
-22510
-22495
-22495
-22516
-22560
-22556
-22571
-22623
-22630
-22634
-22686
-22710
-22718
-22720
-22701
-22678
-22678
-22699
-22720
-22730
-22726
-22733
-22747
-22731
-22693
-22676
-22722
-22773
-22800
-22825
-22854
-22831
-22785
-22762
-22773
-22764
-22777
-22802
-22823
-22815
-22817
-22848
-22855
-22834
-22838
-22863
-22861
-22834
-22844
-22825
-22819
-22869
-22850
-22829
-22785
-22750
-22699
-22653
-22625
-22583
-22560
-22554
-22548
-22523
-22957
-22390
-22331
-22287
-22216
-22146
-22098
-22044
-21968
-21907
-21823
-21764
-21722
-21680
-21596
-21542
-21460
-21392
-21327
-21207
-21130
-21104
-21023
-20951
-20859
-20777
-20712
-20674
-20615
-20544
-20483
-20426
-20369
-20346
-20315
-20291
-20220
-20130
-20092
-20092
-20083
-20042
-19989
-19964
-19934
-19907
-19897
-19865
-19796
-19762
-19714
-19668
-19646
-19634
-19661
-19655
-19625
-20031
-19485
-19418
-19361
-19346
-19334
-19344
-19346
-19308
-19252
-19226
-19210
-19201
-19199
-19189
-19199
-19226
-19230
-19203
-19201
-19216
-19245
-19285
-19317
-19327
-19367
-19380
-19378
-19357
-19392
-19460
-19523
-19567
-19581
-19609
-19649
-19659
-19689
-19731
-19777
-19821
-19852
-19886
-19911
-19985
-20086
-20136
-20161
-20159
-20149
-20155
-20212
-20281
-20342
-20382
-20418
-20466
-20489
-20552
-20604
-20651
-20710
-20749
-20804
-20844
-20861
-20938
-21012
-21117
-21176
-21197
-21264
-21355
-21396
-21478
-21565
-21607
-21638
-21676
-21695
-21768
-21842
-21884
-21943
-21500
-22031
-22069
-22105
-22102
-22121
-22176
-22197
-22195
-22220
-22277
-22323
-22359
-22382
-22418
-22451
-22537
-22588
-22605
-22672
-22758
-22758
-22791
-22829
-22875
-22999
-23105
-23119
-23170
-23222
-23304
-23346
-23405
-22966
-23495
-23560
-23623
-23680
-23764
-23836
-23831
-23827
-23827
-23825
-23863
-23909
-23976
-23945
-23936
-23932
-23945
-23999
-24039
-24033
-23953
-23876
-23928
-23918
-23882
-23808
-23726
-23602
-23457
-23342
-23271
-23205
-23023
-22863
-22756
-22714
-22678
-22560
-22953
-22445
-22485
-22548
-22634
-22659
-22810
-22959
-23107
-23275
-23443
-23621
-23842
-24046
-24241
-24424
-24636
-24796
-24983
-25237
-25460
-25668
-25890
-26119
-26310
-26453
-26688
-26821
-26993
-27111
-27184
-27355
-27443
-27508
-27586
-27615
-27649
-27609
-27632
-27613
-27607
-27567
-27443
-27308
-27163
-27037
-26875
-26771
-26647
-26445
-26233
-26042
-25964
-25804
-25596
-25417
-25283
-25138
-24997
-24756
-24565
-24397
-24233
-24014
-23875
-23785
-23609
-23466
-23422
-23268
-23136
-23102
-23140
-23170
-23096
-23004
-23084
-23090
-23029
-23023
-23119
-23203
-23250
-23304
-23371
-23491
-23577
-23684
-23764
-23894
-24035
-24104
-24203
-24306
-24392
-24474
-24537
-24518
-24563
-24573
-24583
-24584
-24535
-24539
-24495
-24432
-24298
-24256
-24197
-24031
-23813
-23657
-23483
-23264
-23048
-22848
-22602
-22380
-22136
-21848
-21607
-21386
-21088
-20833
-20573
-20361
-20088
-19918
-19749
-19424
-19161
-18915
-18583
-18235
-17999
-17756
-17478
-17287
-17199
-17203
-17052
-16987
-16938
-16768
-16714
-16615
-16499
-16455
-16436
-16342
-16375
-16378
-16405
-16556
-16640
-16619
-16712
-16808
-16878
-16995
-17147
-17327
-17537
-17699
-17829
-18016
-18178
-18354
-18453
-18102
-18672
-18695
-18752
-18770
-18831
-18859
-18844
-18886
-18959
-18968
-18987
-19018
-19023
-18980
-19041
-18960
-18907
-18829
-18739
-18598
-18510
-18365
-18239
-18140
-18010
-17857
-17707
-17533
-17449
-17409
-17306
-17128
-16997
-16884
-16737
-16615
-16487
-16363
-16207
-16081
-15939
-15871
-15701
-15537
-15417
-15302
-15216
-15159
-15054
-15010
-15031
-14993
-14976
-14962
-14960
-14970
-14968
-15052
-15075
-15109
-15191
-15266
-15287
-15348
-15369
-15495
-15554
-15575
-15552
-15657
-15771
-15806
-15838
-15894
-15959
-15989
-16014
-16035
-16096
-16123
-16100
-16117
-16125
-16115
-16119
-16105
-16021
-15997
-16004
-15966
-15903
-15785
-15739
-15735
-15714
-15665
-15583
-15523
-15470
-15415
-15399
-15325
-15325
-15285
-15231
-15203
-15155
-15157
-15083
-15050
-14987
-14974
-14909
-14812
-14737
-14621
-14520
-14434
-14268
-14218
-14134
-14069
-14035
-14021
-14027
-14077
-14073
-14119
-14142
-14155
-14168
-14214
-14298
-14361
-14407
-14470
-14575
-14609
-14701
-14779
-14821
-14833
-14842
-14869
-14911
-14884
-14911
-14985
-15144
-15262
-15378
-15493
-15619
-15722
-15754
-15878
-15999
-16039
-16094
-16084
-16071
-15981
-15869
-15730
-15586
-15451
-15256
-15119
-14932
-14775
-14607
-14424
-14218
-14023
-13833
-13596
-13302
-13048
-12747
-12588
-12394
-12102
-11899
-12184
-11558
-11367
-11201
-11039
-10823
-10640
-10525
-10405
-10308
-10128
-9983
-9781
-9567
-9422
-9453
-9508
-9567
-9697
-9840
-9917
-9920
-9995
-10031
-10054
-10117
-10220
-10231
-10193
-10094
-9993
-9926
-9903
-9884
-9917
-9955
-9953
-9991
-9924
-9796
-9737
-9731
-9663
-9581
-9453
-9756
-9062
-8871
-8705
-8594
-8575
-8598
-8581
-8537
-8434
-8338
-8296
-8386
-8478
-8583
-8710
-8766
-8791
-8846
-8808
-8754
-8781
-8855
-8938
-9048
-9176
-9317
-9424
-9586
-9743
-9953
-10170
-10243
-10376
-10453
-10415
-10397
-10443
-10548
-10676
-10794
-10981
-11184
-11296
-11397
-11457
-11535
-11670
-11819
-11806
-11728
-11703
-11521
-11256
-11083
-10957
-10857
-11214
-10626
-10457
-10439
-10876
-10415
-9709
-8363
-8359
-8323
-8170
-8012
-7905
-7909
-8039
-8104
-8151
-7836
-8483
-8651
-8855
-9188
-9506
-9333
-10065
-10390
-10575
-10262
-10865
-11016
-11083
-11144
-11065
-10978
-10892
-10829
-10632
-10502
-10273
-10151
-9941
-9609
-9770
-8854
-8441
-7928
-7417
-6875
-6361
-5764
