-28361
-28258
-28134
-27966
-27754
-27577
-27426
-27275
-27180
-27077
-26951
-27354
-26771
-26659
-26615
-26558
-26560
-26455
-26415
-26453
-26481
-26502
-26504
-26558
-26548
-26523
-26577
-26600
-26659
-26693
-26781
-26802
-26394
-26966
-27006
-27146
-27256
-27298
-27296
-27352
-27441
-27508
-27579
-27646
-27705
-27756
-27779
-27838
-27842
-27911
-27894
-27859
-27838
-27829
-27838
-27878
-27873
-27888
-28331
-27821
-27775
-27796
-27825
-27791
-27750
-27741
-27691
-27636
-27657
-27621
-27565
-27592
-27558
-27523
-27474
-27453
-27546
-27432
-27380
-27365
-27375
-27405
-27376
-27401
-27846
-27279
-27323
-27283
-27243
-27231
-27294
-27218
-27157
-27142
-27102
-27073
-27052
-27058
-27071
-27023
-26981
-26960
-26917
-26920
-26934
-26928
-26857
-26810
-26768
-26794
-26754
-26758
-26756
-26771
-26810
-26812
-26817
-26869
-26896
-26915
-27027
-27063
-27060
-27052
-27025
-27018
-27012
-27041
-27050
-27037
-27020
-26960
-26896
-26875
-26859
-26844
-26842
-26781
-26724
-26665
-26626
-26623
-26621
-26642
-26611
-26523
-26478
-26436
-26466
-26468
-26439
-26390
-26376
-26369
-26376
-26382
-26422
-26474
-26504
-26518
-26550
-26588
-26596
-26596
-26604
-26646
-26667
-26676
-26684
-26674
-26678
-26680
-26676
-26678
-26678
-26674
-26659
-26642
-26623
-26604
-26594
-26628
-26686
-26695
-26691
-26710
-26756
-26787
-26770
-26741
-26714
-26684
-26663
-26638
-26586
-26520
-26451
-26365
-26285
-26182
-26102
-26037
-25924
-25815
-25688
-25500
-25886
-25304
-25209
-25062
-24930
-24846
-24705
-24567
-24432
-24270
-24151
-24027
-23905
-23781
-23682
-23577
-23936
-23325
-23142
-22987
-22857
-22768
-22691
-22598
-22953
-22350
-22189
-22071
-22000
-21909
-21812
-21743
-21688
-21672
-21609
-21508
-21417
-21354
-21273
-21224
-21222
-21235
-21188
-21130
-21104
-21050
-20997
-20523
-21020
-21497
-20970
-20939
-20964
-20939
-20903
-20907
-20939
-20962
-20949
-20938
-20892
-20892
-20915
-20953
-20951
-20959
-20953
-20943
-20953
-20949
-20957
-20972
-21008
-21037
-21046
-21033
-21027
-21044
-21041
-21058
-21050
-21039
-21054
-21042
-21018
-21050
-21104
-21115
-21060
-21035
-20997
-20987
-21006
-21497
-20981
-20993
-20960
-20922
-20882
-20855
-20802
-20810
-20825
-20802
-20779
-20762
-20730
-20674
-20583
-20500
-20451
-20417
-20359
-20275
-20203
-20136
-20037
-19947
-19892
-19827
-19792
-19707
-19623
-19565
-19491
-19438
-19430
-19342
-19249
-19222
-19216
-19193
-19170
-19172
-19191
-19205
-19155
-19109
-19083
-19077
-19104
-19121
-19115
-19111
-19094
-19088
-19119
-19172
-19250
-19268
-19268
-19294
-19306
-19325
-19344
-19382
-19399
-19394
-19432
-19472
-19483
-19474
-19460
-19449
-19460
-19418
-19363
-19294
-19243
-19247
-19228
-19180
-19151
-19130
-19100
-19073
-18567
-19046
-19010
-18966
-18966
-18995
-19012
-19004
-18999
-19021
-19021
-18567
-19094
-19109
-19125
-19123
-19090
-19086
-19100
-19113
-19128
-19121
-19098
-19062
-19039
-19016
-19023
-19027
-19014
-18985
-18966
-18930
-18886
-18876
-18876
-18827
-18802
-18766
-18760
-18758
-18728
-18674
-18588
-18535
-18495
-18449
-18373
-18334
-18304
-18300
-18275
-18218
-18123
-18042
-17941
-17905
-17892
-17798
-17693
-17689
-17657
-17592
-17497
-17363
-17271
-17220
-17188
-17584
-16991
-16907
-16802
-16728
-16672
-16665
-16621
-16562
-16472
-16359
-16271
-16197
-16195
-16205
-16241
-16249
-16254
-16266
-16283
-16271
-16270
-16283
-16294
-16289
-16264
-16308
-16352
-16378
-16434
-16472
-16506
-16556
-16571
-16607
-16676
-16768
-16869
-16993
-17025
-17006
-17071
-17191
-17304
-17390
-17478
-17527
-17584
-17638
-17701
-17764
-17825
-17848
-17829
-17829
-17846
-17903
-17957
-17964
-17991
-17991
-17983
-17991
-18016
-18025
-18006
-17989
-17972
-17985
-18014
-18016
-17985
-17949
-17928
-17884
-17848
-17823
-17817
-17789
-17749
-17718
-17638
-17537
-17470
-17359
-17298
-17233
-17151
-17046
-16896
-16758
-17092
-16483
-16352
-16184
-16010
-15878
-15750
-15590
-15439
-15325
-15168
-15014
-14863
-14682
-14506
-14399
-14254
-14121
-13962
-13791
-13628
-13413
-13193
-13054
-12894
-12750
-12611
-12480
-12312
-12163
-12021
-11833
-11674
-11552
-11432
-11348
-11260
-11147
-11048
-10932
-10800
-10714
-10628
-10527
-10438
-10348
-10241
-10153
-10014
-9922
-9859
-9846
-9857
-10252
-9672
-9592
-9520
-9464
-9396
-9348
-9287
-9270
-9252
-9193
-9163
-9140
-9126
-9126
-9104
-9073
-9104
-9121
-9123
-9144
-9165
-9184
-9220
-9256
-9285
-9350
-9401
-9457
-9535
-9623
-9688
-9743
-9800
-9817
-9852
-9918
-10018
-10165
-10233
-10273
-10331
-10373
-10420
-10487
-10531
-10554
-10594
-10644
-10699
-10798
-10943
-11002
-11062
-11115
-11174
-11262
-11373
-11459
-11581
-11619
-11667
-11779
-11922
-12044
-12136
-12184
-12209
-12268
-12388
-12512
-12630
-12699
-12750
-12781
-12867
-12985
-13092
-13134
-13250
-13386
-13493
-13586
-13657
-13749
-13880
-13980
-14033
-14119
-14184
-14266
-14380
-14502
-14563
-14638
-14705
-14754
-14794
-14846
-14913
-14987
-15041
-15077
-15111
-15161
-15180
-15191
-15203
-15292
-15357
-15388
-15424
-15459
-15502
-15579
-15668
-15712
-15716
-15712
-15739
-15741
-15779
-15873
-15899
-15903
-15930
-15945
-15953
-15955
-15974
-15955
-15968
-15960
-15960
-15924
-15894
-15901
-15924
-15905
-15873
-15844
-15823
-15819
-15836
-15892
-15947
-15949
-15959
-15974
-15995
-16027
-16029
-16046
-16037
-16029
-16033
-16029
-16014
-16006
-16020
-16023
-15981
-15966
-15974
-15981
-15968
-15932
-15897
-15854
-15831
-15800
-15762
-15709
-15693
-15691
-15674
-15653
-15663
-15676
-15640
-15609
-15573
-15499
-15470
-15449
-15418
-15411
-15413
-15403
-15371
-15292
-15233
-15197
-15138
-15096
-15054
-15056
-15041
-15044
-15021
-14983
-14960
-14962
-14972
-14966
-14938
-14917
-14934
-14930
-14878
-14850
-14869
-14901
-14934
-14928
-14871
-14823
-14842
-14896
-14918
-14930
-14957
-14993
-14985
-15021
-15077
-15130
-15130
-15168
-15167
-15153
-15210
-15250
-15256
-15262
-15233
-15283
-15310
-15333
-15340
-15346
-15361
-15375
-15365
-15386
-15401
-15428
-15468
-15499
-15499
-15489
-15462
-15445
-15460
-15455
-15445
-15449
-15478
-15491
-15472
-15422
-15397
-15390
-15373
-15361
-15346
-15327
-15289
-15203
-15119
-15077
-15050
-15014
-14980
-14880
-14800
-14762
-14745
-14667
-14575
-14439
-14323
-14201
-14138
-14079
-13960
-13787
-13640
-13518
-13405
-13325
-13212
-13077
-12976
-12802
-12646
-12562
-12474
-12344
-12231
-12098
-11960
-11810
-11712
-11623
-11502
-11354
-11264
-11155
-11073
-10964
-10804
-10670
-10567
-10453
-10342
-10222
-10075
-9943
-9892
-9834
-10254
-9684
-9611
-9563
-9556
-9554
-9558
-9544
-9541
-9556
-9569
-9590
-9646
-9701
-9766
-9810
-9884
-9987
-10073
-10209
-10357
-10449
-10567
-10689
-10781
-10928
-11109
-10775
-11445
-11628
-11821
-12023
-12209
-12466
-12243
-12960
-12720
-13436
-13638
-13892
-14165
-14396
-14205
-14941
-15086
-15273
-15506
-15668
-15802
-15899
-16008
-15649
-16250
-16336
-16451
-16539
-16573
-16560
-16577
-16592
-16592
-16560
-16491
-16426
-16405
-16325
-16205
-16042
-15901
-15726
-15571
-15382
-15235
-15069
-14825
-14613
-14338
-14065
-13808
-13478
-13670
-12928
-12613
-12312
-12037
-11657
-11319
-11046
-10680
-10749
-9903
-9489
-9098
-9256
-8388
-7968
-7577
-7165
-6854
-6483
-6092
-5745
-5848
-4993
-4651
-4279
-3917
-3655
-3367
-3090
-2834
-2518
-2245
-2048
-1821
-1590
-1375
-1142
-955
-733
-581
-466
-302
-142
-50
24
72
118
181
282
332
341
314
318
284
229
173
116
38
-73
-209
-289
-413
-558
-686
-855
-1008
-1178
-1327
-985
-1686
-1918
-2069
-2271
-2499
-2653
-2831
-3077
-3302
-3590
-3842
-4092
-4325
-4539
-4812
-5100
-5300
-5504
-5705
-5418
-6210
-6502
-6775
-7084
-6859
-7558
-7806
-7997
-8220
-8497
-8709
-8941
-9144
-8817
-9491
-9710
-9913
-10147
-10325
-10439
-10575
-10733
-10892
-11050
-11178
-11287
-11369
-11405
-11497
-11632
-11689
-11735
-11716
-11600
-11521
-11411
-11348
-11163
-10857
-10691
-10521
-10342
-10031
-10224
-9451
-9182
-8938
-8653
-8363
-8041
-7771
-7399
-7042
-6762
-6405
-6075
-5665
-5306
-5027
-4806
-4541
-4279
-4155
-4153
-4088
-4041
-4104
-4243
-3913
-4527
-4657
-4401
-5113
-5291
-5541
-5413
-6212
-6499
-6775
-7147
-7500
-7817
-8214
-8497
-8384
-9230
-9535
-9300
-10054
-10350
-10544
-10625
-10747
-10915
-10949
-10938
-10938
-10936
-10823
-10632
-10439
-10193
-10016
-10258
-9459
-9132
-8798
-8497
-8176
-8281
-7480
-7184
-7313
-6464
-6146
-6348
-5567
-5209
-5000
-4789
-4493
-4277
-4063
-3802
-3609
-3878
-3241
-3044
-2959
-2796
-2657
-2575
-2523
-2474
-2439
-1959
-2434
-2439
-2539
-2699
-2785
-2844
-2978
-3188
-3401
-3600
-3869
-4071
-4302
-4497
-4695
-4432
-5067
-5239
-5447
-5569
-5718
-5390
-6083
-6313
-6464
-6417
-6451
-6558
-6653
-6720
-6775
-6838
-6794
-6718
-6573
-6457
-6271
-6121
-5878
-5655
-5510
-5209
-5010
-4798
-4521
-4317
-4067
-3838
-3609
-3397
-3130
-2886
-2594
-2367
-2197
-2434
-1730
-1523
-1315
-1147
-917
-792
-678
-560
-474
-363
-292
-268
-235
-285
-329
-390
-415
-487
-613
-775
-848
-1033
-1245
-1424
-1565
-1802
-2073
-2361
-2665
-2909
-3214
-3518
-3863
-4147
-3970
-4716
-5048
-5346
-5594
-5855
-6090
-5907
-6598
-6819
-7020
-7233
-7371
-7455
-7625
-7815
-7953
-7993
-8132
-8270
-8268
-8222
-8325
-8315
-8220
-8142
-8136
-8081
-8044
-7987
-7869
-7741
-7602
-7443
-7294
-7186
-6991
-6844
-6663
-6436
-6237
-6023
-5892
-5707
-5565
-5430
-5310
-5172
-5006
-4941
-4939
-4924
-4833
-4789
-4848
-4943
-4943
-4989
-5109
-5220
-5405
-5577
-5684
-5827
-6088
-6327
-6550
-6796
-7107
-6848
-7558
-7357
-8079
-8245
-8441
-8709
-8945
-9233
-9500
-9756
-9981
-10205
-10489
-10722
-11000
-11214
-11424
-11611
-11819
-11995
-12207
-12424
-12617
-12855
-13027
-12739
-13460
-13571
-13747
-13886
-13957
-14056
-14167
-14285
-14342
-14432
-14554
-14571
-14563
-14619
-14741
-14796
-14834
-14934
-14997
-15067
-15138
-15222
-15258
-15313
-15342
-15392
-15424
-15426
-15436
-15529
-15623
-15684
-15718
-15710
-15783
-15896
-16029
-16058
-16172
-16245
-16245
-16285
-16401
-16447
-16464
-16535
-16531
-16548
-16678
-16718
-16724
-16812
-16869
-16945
-17096
-17233
-17285
-17443
-17130
-17749
-17917
-18132
-18354
-18081
-18762
-18970
-19220
-19514
-19770
-20021
-20313
-20665
-20987
-21302
-21657
-22048
-22462
-22775
-23140
-22987
-23871
-24176
-24529
-24865
-25172
-24976
-25716
-26014
-26258
-26514
-26781
-27023
-27218
-27455
-27617
-27785
-27917
-28002
-28096
-28155
-28174
-28191
-28168
-28094
-28073
-28039
-27890
-27726
-27617
-27460
-27279
-27088
-26924
-26766
-26626
-26424
-26325
-26163
-25905
-25773
-25693
-25632
-25441
-25310
-25207
-25157
-25107
-24985
-24945
-24901
-24869
-24863
-24844
-24884
-24928
-24924
-24938
-25052
-25113
-25220
-25342
-25376
-25481
-25600
-25651
-25810
-25985
-26088
-26189
-26312
-26422
-26521
-26693
-26789
-26834
-26932
-27084
-27113
-27134
-27214
-27283
-27264
-27250
-27291
-27392
-27315
-27216
-27174
-27170
-27136
-27050
-26974
-26957
-27348
-26861
-26848
-26785
-26678
-26653
-26594
-26523
-26443
-26340
-26260
-26159
-26054
-25978
-25955
-25884
-25848
-25792
-25750
-25710
-25678
-25720
-25709
-25655
-25682
-25680
-25703
-25705
-25758
-25840
-25802
-25785
-25833
-25878
-25875
-25928
-25962
-26006
-26044
-26115
-26254
-26344
-26462
-26529
-26575
-26691
-26745
-26804
-26995
-27136
-27218
-27333
-27333
-27432
-27441
-27447
-27497
-27554
-27613
-27644
-27642
-27573
-27552
-27533
-27462
