-23042
-23107
-23159
-23163
-23157
-23199
-23210
-23235
-23226
-23174
-23222
-23193
-23163
-23102
-23081
-23121
-23107
-23063
-23039
-22939
-22888
-22852
-22783
-22768
-22731
-22621
-22544
-22445
-22399
-22315
-22201
-22115
-21993
-21884
-21735
-21506
-21426
-21252
-21086
-20909
-20691
-20478
-20245
-20157
-20081
-19892
-19871
-19760
-19592
-19422
-19279
-19136
-19094
-18999
-18970
-18917
-18840
-18825
-18792
-18810
-18762
-18730
-18747
-18831
-18833
-18787
-18726
-18670
-18623
-18525
-18399
-18302
-18163
-18020
-17880
-17712
-17497
-17329
-17205
-17063
-16886
-16846
-16800
-16747
-16764
-16854
-16886
-16974
-17073
-17228
-17403
-17537
-17827
-18029
-18357
-18741
-19174
-19541
-19915
-20373
-20777
-21361
-21917
-22397
-22510
-23571
-24151
-24758
-24932
-26125
-26672
-27203
-27764
-28264
-28758
-29191
-29558
-29941
-30258
-30443
-30674
-30758
-30752
-30770
-30703
-30396
-30138
-29844
-29508
-29075
-28686
-28209
-27731
-27235
-26728
-26277
-25699
-25182
-24626
-24380
-24102
-23852
-23604
-23344
-23090
-22878
-22649
-22941
-22325
-22189
-22079
-21993
-21911
-21831
-21787
-21789
-21854
-21502
-22203
-22323
-22180
-21781
-21407
-21340
-21029
-21730
-21957
-22184
-22319
-22430
-22556
-22728
-22926
-23146
-23357
-23506
-23657
-23796
-23934
-24155
-24415
-24598
-24802
-24964
-25100
-25325
-25584
-25823
-26155
-26504
-26710
-26857
-26966
-27094
-27355
-27728
-28023
-27850
-28560
-28754
-29006
-29147
-29182
-29241
-29344
-29420
-29428
-29426
-29483
-29598
-29680
-29710
-29701
-29695
-29686
-29651
-29533
-29445
-29361
-29304
-29319
-29317
-29294
-29252
-29216
-29174
-29090
-28964
-28896
-29312
-28693
-28565
-28508
-28439
-28344
-28243
-28126
-28058
-27997
-27911
-27792
-27684
-27605
-27489
-27846
-27195
-27006
-27346
-26636
-26432
-26298
-26086
-26363
-25688
-25439
-25231
-25083
-24861
-24609
-24892
-24149
-24394
-23724
-23527
-23319
-23048
-22792
-22527
-22323
-22168
-21939
-21682
-21960
-21226
-21491
-20819
-20598
-20439
-20308
-20121
-19917
-19726
-20014
-19300
-19134
-18957
-18754
-18579
-18443
-18321
-18239
-18104
-17915
-17733
-17554
-17478
-17447
-17333
-17231
-17157
-17054
-16972
-16882
-16777
-16741
-16747
-16745
-16665
-16625
-16575
-16508
-16499
-16481
-16483
-16480
-16474
-16460
-16455
-16451
-16460
-16508
-16586
-16665
-16695
-16674
-16684
-16730
-16777
-16865
-16953
-17044
-17052
-17069
-16621
-17209
-17285
-17357
-17432
-17504
-17109
-17626
-17649
-17697
-17785
-17833
-17888
-17945
-17972
-18052
-18138
-18226
-18315
-18388
-18474
-18563
-18615
-18680
-18760
-18817
-18880
-18978
-19052
-19107
-19201
-19310
-19457
-19575
-19642
-19758
-19859
-19941
-20014
-20121
-20216
-20310
-20439
-20544
-20619
-20689
-20781
-20880
-20535
-21163
-21250
-21281
-21319
-21388
-21478
-21525
-21554
-21607
-21665
-21739
-21848
-21901
-21915
-21930
-21980
-22016
-22075
-22105
-22119
-22146
-22243
-22296
-22331
-22380
-22426
-22474
-22493
-22460
-22426
-22420
-22432
-22500
-22571
-22602
-22630
-22653
-22672
-22760
-22808
-22831
-22834
-22846
-22844
-22863
-22873
-22903
-22945
-22924
-22890
-22825
-22808
-22762
-22720
-22718
-22747
-22703
-22621
-22548
-22483
-22451
-22438
-22422
-22344
-22273
-22178
-22092
-22041
-21966
-21871
-21798
-21749
-21691
-21653
-21581
-21525
-21445
-21346
-21218
-21142
-21071
-20987
-20930
-20865
-20806
-20726
-20623
-20491
-20331
-20239
-20165
-20065
-19953
-19823
-19707
-19613
-19470
-19323
-19220
-19098
-18953
-18848
-18697
-19042
-18470
-18334
-18193
-18556
-17909
-17808
-17722
-18077
-17438
-17312
-17165
-17041
-16938
-16834
-16701
-16579
-16457
-16340
-16266
-16189
-16092
-15981
-15871
-15815
-15718
-15638
-15588
-15523
-15521
-15497
-15392
-15306
-15264
-15258
-15231
-15188
-15186
-15193
-15176
-15115
-15065
-15054
-15016
-15020
-15010
-14991
-14947
-14985
-15025
-15046
-15063
-15073
-15086
-15084
-15084
-15132
-15172
-15189
-15243
-15285
-15331
-15380
-15388
-15390
-15418
-15487
-15531
-15583
-15604
-15596
-15611
-15642
-15668
-15682
-15707
-15686
-15668
-15701
-15703
-15665
-15588
-15552
-15535
-15472
-15418
-15338
-15222
-15119
-15044
-14978
-14907
-14775
-14661
-14565
-14439
-14319
-14243
-14138
-14029
-13959
-13815
-14136
-13478
-13396
-13298
-13146
-12999
-12865
-12707
-12554
-12405
-12245
-12092
-11934
-11762
-11607
-11403
-11279
-11138
-10970
-10802
-10689
-10592
-10409
-10220
-10042
-9917
-9846
-9739
-9562
-9390
-9207
-9090
-8970
-8867
-8743
-8602
-8447
-8340
-8262
-8199
-8075
-7960
-8281
-7619
-7521
-7455
-7405
-7815
-7216
-7105
-7014
-6882
-6791
-6762
-6714
-6647
-6556
-6497
-6445
-6445
-6453
-6413
-6840
-6321
-6283
-6243
-6205
-6197
-6197
-6216
-6210
-6207
-6218
-6256
-6281
-6300
-6283
-6285
-6319
-6399
-6455
-6502
-6529
-6554
-6565
-6625
-6691
-6747
-6796
-6829
-6875
-6945
-7020
-7090
-7188
-7250
-7302
-7380
-7474
-7577
-7659
-7733
-7800
-7846
-7909
-8018
-8094
-8149
-8178
-8230
-7819
-8365
-8396
-8462
-8476
-8438
-8451
-8504
-8510
-8481
-8485
-8455
-8407
-8403
-8384
-8365
-8346
-8294
-8226
-8172
-8121
-8086
-8037
-7970
-7930
-7882
-7848
-7781
-7726
-7644
-7556
-7512
-7451
-7388
-7306
-7224
-7188
-7149
-7088
-7004
-6960
-6924
-6917
-6863
-6842
-6838
-6796
-6758
-6745
-6731
-6754
-6714
-6663
-6628
-6640
-6649
-6628
-6590
-6525
-6417
-6331
-6268
-6193
-6090
-5995
-6352
-5745
-5653
-5567
-5491
-5411
-5281
-5119
-5008
-5354
-4724
-4586
-4457
-4327
-4228
-4084
-3930
-3821
-3672
-3542
-3426
-3287
-3195
-3146
-3102
-3035
-2972
-2941
-2934
-2943
-2957
-2983
-3012
-3077
-3125
-3184
-3289
-3403
-3474
-3569
-3733
-3890
-4092
-4260
-4382
-4525
-4680
-4791
-4939
-5107
-5245
-4907
-5569
-5712
-5390
-5999
-6092
-6197
-6352
-6405
-6480
-6602
-6672
-6716
-6743
-6808
-6888
-6939
-6947
-6915
-6901
-6855
-6794
-6743
-6730
-6689
-6646
-6565
-6468
-6390
-6277
-6153
-6083
-5960
-6334
-5750
-5594
-5438
-5331
-5199
-5063
-4917
-4750
-4623
-4523
-4884
-4252
-4142
-4018
-4390
-3792
-3659
-3562
-3489
-3407
-3323
-3241
-3155
-3134
-3104
-3046
-2976
-2970
-2945
-2928
-2924
-2905
-2897
-2915
-2903
-2901
-2901
-2924
-2934
-2943
-2947
-2976
-2960
-2959
-3054
-3161
-3209
-3254
-3264
-3294
-3331
-3357
-3417
-3506
-3579
-3617
-3647
-3649
-3668
-3750
-3819
-3884
-3905
-3865
-3838
-3871
-3897
-3930
-3951
-3962
-3964
-3981
-3955
-3947
-3924
-3880
-3831
-3802
-3752
-3726
-3720
-3703
-3646
-3586
-3556
-3520
-3464
-3401
-3334
-3268
-3216
-3147
-3123
-3062
-2964
-2899
-2882
-2842
-2796
-2775
-2741
-2726
-2693
-2705
-2695
-2672
-2682
-2646
-2682
-2710
-2737
-2771
-2794
-2794
-2800
-2817
-2829
-2901
-2983
-3023
-3063
-3125
-3168
-3163
-3147
-3165
-3205
-3239
-3323
-3375
-3445
-3497
-3579
-3674
-3764
-3836
-3882
-3959
-4016
-4128
-4247
-4342
-4460
-4625
-4777
-4918
-4991
-5083
-5224
-5327
-5438
-5516
-5602
-5689
-5773
-5857
-5974
-6102
-6195
-6306
-6436
-6527
-6605
-6697
-6791
-6928
-7027
-7130
-7235
-6844
-7447
-7592
-7703
-7354
-7987
-8098
-8233
-8348
-8445
-8577
-8657
-8743
-8844
-8953
-9100
-9250
-9319
-9394
-9529
-9632
-9739
-9848
-9934
-10052
-10138
-10224
-10308
-10392
-10502
-10672
-10817
-10890
-10939
-11035
-11136
-11207
-11300
-11371
-11403
-11470
-11533
-11625
-11651
-11688
-11693
-11705
-11764
-11821
-11842
-11873
-11897
-11896
-11873
-11867
-11846
-11806
-11783
-11747
-11693
-11586
-11533
-11520
-11476
-11428
-11380
-11331
-11291
-11226
-11134
-11056
-10991
-10953
-10939
-10871
-10768
-10728
-10697
-10598
-10520
-10428
-10352
-10283
-10210
-10144
-10086
-10020
-9949
-9876
-9823
-9754
-9691
-9634
-9600
-9584
-9558
-9537
-9521
-9502
-9466
-9424
-9384
-9371
-9407
-9420
-9384
-9388
-9441
-9485
-9485
-9487
-9558
-9661
-9712
-9813
-9903
-10056
-10205
-10271
-10403
-10546
-10747
-10932
-11126
-11325
-11525
-11239
-11859
-11997
-12146
-12346
-12480
-12550
-12649
-12821
-12960
-12991
-13033
-13088
-13109
-13178
-13233
-13294
-13365
-13317
-13340
-13401
-13413
-13342
-13310
-13262
-13220
-13151
-13090
-12968
-12833
-12731
-12602
-12504
-12331
-12695
-12081
-11985
-11840
-11663
-11504
-11342
-11241
-11042
-10922
-10789
-10647
-10493
-10373
-10121
-9974
-9894
-9884
-9777
-9636
-9558
-9516
-9455
-9430
-9451
-9487
-9525
-9562
-9625
-9703
-9285
-9810
-9892
-9980
-10056
-10134
-10216
-10365
-10541
-10575
-10665
-10850
-11002
-11147
-11254
-11403
-11520
-11254
-11993
-12197
-12310
-12449
-12604
-12781
-12917
-13121
-13292
-13426
-13581
-13743
-13901
-14023
-13682
-14210
-14369
-14558
-14184
-14716
-14798
-14926
-15027
-15104
-15197
-15317
-15409
-15466
-15504
-15571
-15621
-15626
-15619
-15632
-15701
-15680
-16121
-15621
-15709
-15703
-15745
-15722
-15695
-15693
-15714
-15714
-15773
-15794
-15802
-15815
-15876
-15924
-16008
-16119
-16254
-16317
-16459
-16647
-16745
-16934
-17088
-17247
-17380
-17537
-17756
-17897
-18067
-18189
-18378
-18588
-18739
-18886
-19140
-19392
-19523
-19754
-19999
-20146
-20327
-20499
-20691
-20854
-20962
-21107
-21346
-21520
-21661
-21760
-21833
-21527
-22239
-22355
-21991
-22607
-22741
-22840
-23056
-23205
-23329
-23445
-23567
-23716
-23806
-23861
-23951
-24029
-24134
-24226
-24313
-24313
-24392
-24457
-24518
-24525
-24577
-24695
-24709
-24714
-24745
-24834
-24930
-24972
-24995
-25058
-25123
-25111
-25100
-25077
-25113
-25142
-25125
-25102
-25128
-25090
-25100
-25119
-25090
-25077
-25065
-25021
-25042
-25016
-24920
-24827
-24846
-24861
-24714
-24604
-24617
-24590
-24529
-24533
-24474
-24472
-24384
-24317
-24294
-24285
-24209
-24102
-24021
-24424
-23886
-23796
-23768
-23712
-23623
-23541
-23504
-23445
-23439
-23334
-23252
-23197
-23105
-23050
-22999
-22947
-22888
-22775
-22705
-22667
-22583
-22502
-22516
-22438
-22367
-22291
-22249
-22233
-22245
-22195
-22146
-22071
-22023
-22029
-21960
-21909
-21939
-21873
-21859
-21819
-21783
-21787
-21833
-21821
-21792
-21789
-21762
-21758
-21775
-21764
-21779
-21743
-21720
-21743
-21733
-21760
-21775
-21796
-21791
-21838
-21838
-21869
-21936
-21911
-21945
-21997
-21960
-21960
-22033
-22027
-22069
-22090
-22136
-22180
-22172
-22151
-22212
-22308
-22340
-22376
-22455
-22604
-22678
-22758
-22854
-23012
-23134
-23207
-23271
-23346
-23489
-23584
-23628
-23684
-23825
-23859
-23859
-23876
-23983
-24046
-24096
-24180
-24161
-24157
-24197
-24205
-24201
-24254
-24270
-24243
-24270
-24207
-24144
-24115
-24023
-24409
-23783
-23586
-23903
-23182
-22972
-22747
-22939
-22176
-22464
-21747
-21544
-21321
-21199
-21123
-21002
-20962
-20936
-20970
-21084
-21247
-21355
-21411
-21495
-21577
-21596
-21686
-21823
-21510
-22134
-22239
-22401
-22558
-22743
-22892
-23002
-23157
-23258
-23417
-23563
-23659
-23854
-24077
-24262
-24428
-24600
-24762
-24985
-25174
-25334
-25504
-25619
-25743
-25413
-26029
-26121
-26212
-26334
-26438
-26525
-26590
-26649
-26735
-26792
-26838
-26980
-26983
-26970
-26980
-26957
-26938
-27359
-26745
-26605
-26489
-26300
-25953
-25327
-25105
-25770
-26331
-26010
-25609
-25550
-25466
-25296
-25186
-25002
-24859
-24785
-24724
-24607
-24573
-24382
-24256
-24092
-23823
-23533
-23294
-23151
-23065
-23424
-22941
-22915
-22875
-22817
-22844
-22911
-22836
-22878
-23079
-23210
-23428
-23737
-24027
-24235
-24529
-24812
-25086
-25243
-25514
-25800
-26060
-26344
-26674
-26386
-27075
-27302
-27548
-27785
-27915
-27987
-28075
-28092
-28132
-28199
-28209
-28241
