-8474
-8426
-8382
-8426
-8466
-8472
-8500
-8523
-8579
-8644
-8676
-8720
-8783
-8880
-8938
-9048
-9121
-9157
-9195
-9268
-9342
-9331
-9312
-9386
-9443
-9489
-9497
-9529
-9548
-9480
-9523
-9525
-9499
-9476
-9481
-9480
-9439
-9392
-9417
-9380
-9294
-9281
-9323
-9321
-9380
-9457
-9548
-9552
-9541
-9565
-9571
-9573
-9604
-9539
-9464
-9417
-9361
-9342
-9249
-9153
-9119
-9050
-9052
-9092
-9086
-9107
-9165
-9281
-9350
-9483
-9762
-10025
-10216
-10480
-10277
-11031
-11235
-11417
-11710
-11995
-12098
-12245
-12390
-12487
-12525
-12432
-12302
-12252
-12058
-11785
-11506
-11239
-10848
-10499
-10191
-10226
-9294
-8873
-8371
-7978
-7577
-7201
-6680
-6174
-5760
-5827
-5025
-4844
-4621
-4447
-4254
-4056
-3863
-3699
-3583
-3462
-3300
-3144
-3050
-3016
-2938
-2852
-2823
-2808
-2779
-2779
-2800
-2831
-2873
-2455
-2989
-3023
-3086
-3174
-3304
-2945
-3525
-3653
-3777
-3945
-4035
-4159
-4245
-4357
-4523
-4661
-4792
-4920
-5065
-5249
-5439
-5584
-5709
-5861
-6000
-6115
-6210
-6338
-6516
-6626
-6733
-6836
-6972
-7125
-7285
-7376
-7453
-7537
-7611
-7695
-7796
-7897
-7974
-8035
-8077
-8125
-8182
-8224
-8296
-8363
-8380
-8373
-8346
-8359
-8392
-8459
-8457
-8432
-8434
-8455
-8439
-8413
-8392
-8365
-8354
-8378
-8392
-8399
-8394
-8413
-8388
-8365
-8327
-8241
-8201
-8195
-8174
-8161
-8151
-8117
-8069
-8046
-8050
-8063
-8077
-8052
-8020
-7974
-7938
-7920
-7892
-7850
-7834
-7844
-7817
-7771
-7741
-7710
-7644
-7613
-7563
-7508
-7478
-7430
-7361
-7300
-7239
-7214
-7237
-7199
-7147
-7071
-6974
-6907
-6878
-7327
-6783
-6710
-6682
-6653
-6592
-6527
-6495
-6506
-6474
-6396
-6306
-6275
-6308
-6302
-6271
-6235
-6201
-6199
-6210
-6207
-6210
-6220
-6258
-6264
-6300
-6365
-6396
-6386
-6401
-6443
-6472
-6523
-6539
-6556
-6569
-6621
-6657
-6682
-6724
-6785
-6827
-6850
-6909
-6983
-7033
-7067
-7062
-7098
-7153
-7231
-7317
-7365
-7432
-7485
-7563
-7640
-7697
-7766
-7334
-7852
-7909
-7941
-7976
-8044
-8159
-8243
-7819
-8338
-8399
-8464
-8516
-8562
-8609
-8636
-8651
-8701
-8760
-8836
-8894
-8924
-8964
-8997
-9042
-9134
-9142
-9117
-9109
-9163
-9216
-9243
-9256
-9291
-9266
-9243
-9201
-9193
-9178
-9159
-9105
-9044
-8993
-8907
-8848
-8777
-8710
-8646
-8554
-8470
-8390
-8333
-8258
-8153
-8050
-7974
-7897
-7833
-7794
-7756
-7705
-7596
-7480
-7396
-7340
-7271
-7178
-7100
-7031
-6959
-6886
-6806
-6709
-6644
-6594
-6542
-6415
-6270
-6201
-6163
-6113
-6023
-5972
-5926
-6348
-5789
-5733
-5688
-5663
-5636
-5598
-5531
-5537
-5531
-5493
-5476
-5474
-5525
-5533
-5548
-5575
-5577
-5579
-5588
-5596
-5605
-5634
-5642
-5680
-5703
-5756
-5792
-5850
-5878
-5894
-5930
-6037
-6094
-6132
-6186
-6273
-6321
-6359
-6439
-6533
-6609
-6689
-6741
-6798
-6867
-6945
-7000
-7056
-7126
-7178
-7218
-7285
-6842
-7403
-7449
-7487
-7565
-7649
-7682
-7705
-7733
-7760
-7338
-7888
-7936
-7949
-8002
-8100
-8163
-8209
-8258
-8279
-8317
-8390
-8441
-8472
-8508
-8531
-8542
-8586
-8604
-8640
-8663
-8642
-8647
-8667
-8684
-8680
-8657
-8667
-8600
-8544
-8525
-8489
-8449
-8451
-8428
-8384
-8378
-8352
-8294
-8243
-8182
-8151
-8098
-8075
-8037
-7981
-7949
-7918
-7890
-7846
-7833
-7791
-7775
-7731
-7703
-7695
-7667
-7668
-7665
-7661
-7647
-7623
-7613
-7613
-7646
-7634
-7630
-7653
-7695
-7735
-7773
-7764
-7754
-7730
-7739
-7743
-7758
-7770
-7771
-7789
-7791
-7808
-7825
-7857
-7897
-7888
-7892
-7943
-8004
-8048
-8104
-8189
-8260
-7823
-8329
-8319
-8249
-8178
-8136
-8088
-8041
-8037
-8077
-8151
-8264
-8336
-8382
-8411
-8447
-8491
-8575
-8682
-8754
-8794
-8825
-8880
-8918
-8938
-8924
-8949
-9020
-9088
-9214
-9317
-9399
-9504
-9647
-9306
-9993
-10159
-10296
-10483
-10670
-10846
-11006
-11109
-11176
-10760
-11336
-11376
-11441
-11481
-11548
-11678
-11806
-11909
-11970
-12039
-12140
-12197
-12258
-12352
-12464
-12531
-12575
-12628
-12665
-12739
-12798
-12831
-12907
-12960
-12991
-13041
-13065
-13075
-13088
-13073
-13098
-13151
-13226
-13331
-13405
-13476
-13457
-13472
-13516
-13539
-13577
-13628
-13665
-13697
-13718
-13747
-13800
-13859
-13953
-14025
-14042
-14115
-14230
-14300
-14344
-14375
-14397
-14397
-14390
-14441
-14565
-14703
-14781
-14871
-14978
-15069
-15188
-15289
-15403
-15489
-15592
-15676
-15758
-15882
-15957
-16041
-16138
-16168
-16193
-16273
-16348
-16464
-16552
-16636
-16720
-16775
-16840
-16951
-16640
-17256
-17365
-17455
-17527
-17634
-17775
-17899
-18037
-18123
-18176
-18212
-18245
-18319
-18418
-18550
-18670
-18768
-18854
-18985
-19115
-19216
-19319
-19403
-19481
-19588
-19697
-19781
-19892
-20008
-20115
-20224
-20323
-20396
-20556
-20771
-20941
-21098
-21247
-21434
-21535
-21684
-21876
-22058
-22289
-21987
-22670
-22876
-23073
-23264
-23432
-23638
-23852
-24025
-24199
-24329
-24508
-24684
-24886
-25102
-25264
-25493
-25678
-25886
-26102
-26279
-26422
-26544
-26693
-26396
-27041
-27184
-27308
-27451
-27647
-27821
-27918
-28006
-28096
-28220
-27861
-28478
-28581
-28691
-28766
-28844
-28920
-29044
-29153
-29266
-29357
-29443
-29562
-29670
-29741
-29848
-29918
-29976
-30077
-30102
-30105
-30144
-30241
-30348
-30470
-30558
-30609
-30659
-30720
-30808
-30844
-30890
-30932
-30955
-30976
-30995
-31023
-31027
-31006
-31025
-31096
-31111
-31098
-31151
-31182
-31210
-31224
-31243
-30783
-31359
-31401
-31468
-31546
-31604
-31668
-31707
-31703
-31693
-31689
-31724
-31773
-31770
-31743
-31693
-31661
-31640
-31670
-31712
-31733
-31275
-31808
-31836
-31846
-31834
-31844
-31861
-31907
-31901
-31846
-31815
-31829
-31876
-31897
-31901
-31894
-31943
-32023
-32128
-32209
-32264
-32312
-32333
-32390
-32445
-32453
-32464
-32468
-32506
-32521
-32535
-32552
-32636
-32678
-32693
-32733
-32762
-32758
-32678
-32573
-32523
-32462
-32369
-32254
-32153
-32052
-31983
-31968
-31884
-31760
-31709
-31712
-31668
-31621
-31586
-31550
-31491
-31390
-31747
-31100
-31008
-30951
-30869
-30829
-30754
-30647
-30550
-30396
-30773
-30231
-30210
-30201
-30170
-30090
-29970
-29854
-29771
-29728
-29655
-29619
-29581
-29560
-29535
-29497
-29489
-29462
-29464
-29476
-29491
-29558
-29604
-29617
-29613
-29649
-29684
-29693
-29707
-29691
-29691
-29737
-29802
-29836
-29833
-30287
-29812
-29854
-29873
-29865
-29848
-29810
-29781
-29817
-29815
-29792
-29770
-29722
-29693
-29672
-29659
-29655
-29615
-29569
-29523
-29527
-29546
-29594
-29607
-29554
-29508
-29516
-29562
-29588
-29590
-29605
-29615
-29655
-29693
-29716
-29764
-29833
-29875
-29915
-29976
-29983
-29970
-29951
-29947
-29993
-30052
-30084
-30126
-30170
-30218
-30266
-30287
-30325
-30348
-30386
-30409
-30476
-30552
-30642
-30707
-30731
-30813
-30890
-30932
-31023
-31123
-31233
-31361
-31457
-31539
-31655
-31285
-31876
-31930
-32010
-32098
-32168
-32220
-32304
-32378
-32472
-32506
-32552
-32619
-32688
-32768
-32836
-32905
-33010
-33111
-33191
-33235
-33315
-33354
-33396
-33438
-33512
-33604
-33230
-33764
-33770
-33819
-33863
-33903
-33899
-33894
-33871
-33886
-33899
-33909
-33920
-33928
-33928
-33867
-33829
-33836
-33873
-33882
-33869
-33827
-33815
-33833
-33815
-33808
-33783
-33773
-33741
-33668
-33607
-33617
-33625
-33623
-33563
-33485
-33397
-33380
-33367
-33308
-33165
-33039
-32945
-32825
-32638
-32468
-32359
-32146
-31920
-31722
-31428
-31151
-30896
-30583
-30292
-29960
-29619
-29325
-28964
-28678
-28350
-27976
-27663
-27363
-27111
-26823
-26439
-25987
-25609
-25283
-25384
-24605
-24350
-24146
-23993
-23798
-23787
-23775
-23752
-23749
-23827
-23915
-24012
-24222
-24478
-24697
-24899
-25126
-24960
-25701
-25989
-26325
-26598
-26432
-27163
-27438
-27747
-28115
-28407
-28628
-28951
-29260
-29529
-29773
-30010
-29825
-30493
-30710
-30957
-31207
-31388
-31548
-31697
-31911
-31974
-32073
-32191
-32207
-31762
-32266
-32224
-32168
-32073
-31930
-31806
-31495
-31239
-30991
-30735
-30466
-30113
-29745
-29802
-29021
-28682
-28791
-27890
-27376
-26945
-26455
-25947
-25443
-25002
-24489
-24014
-23520
-23025
-22689
-22294
-22413
-21581
-21214
-20834
-20569
-20300
-20512
-19724
-20002
-19373
-19252
-19189
-19071
-19050
-19075
-19090
-19130
-19209
-19250
-19348
-19445
-19060
-19672
-19827
-19972
-20109
-20298
-20039
-20735
-20521
-21210
-21313
-21031
-21628
-21714
-21752
-21838
-21934
-22004
-22126
-22300
-22394
-22510
-22577
-22663
-22691
-22701
-22766
-22815
-22844
-22886
-22974
-23029
-22989
-22966
-22938
-22913
-22907
-22833
-22684
-22525
-22329
-22037
-21844
-21619
-21277
-20928
-20546
-20222
-19854
-19354
-18884
-18428
-17980
-17319
-16783
-16397
-15909
-15472
-15018
-14409
-13993
-13796
-13630
-13464
-13418
-13500
-13611
-13785
-13896
-13854
-13867
-14025
-14321
-14619
-15052
-15625
-16201
-16884
-17500
-18264
-18936
-19424
-19945
-20371
-20777
-21153
-21487
-21907
-22340
-22867
-23294
-23785
-24249
-24539
-24831
-25090
-24955
-25615
-25680
-25735
-25857
-25964
-25917
-25833
-25686
-25483
-25231
-25363
-24609
-24291
-23842
-23300
-22827
-22327
-21686
-21060
-20336
-19630
-18934
-18102
-17386
-16659
-15943
-15308
-15046
-13928
-13228
-12535
-11993
-11392
-10878
-10363
-9901
-9500
-9081
-9271
-8523
-8325
-8107
-8054
-8016
-8113
-8270
-8451
-8730
-9083
-9449
-9924
-10373
-10934
-11592
-12126
-12327
-13594
-13730
-14878
-15500
-15724
-16749
-17296
-17924
-18455
-19008
-19520
-19913
-20365
-20722
-20563
-21403
-21770
-22113
-22338
-22590
-22800
-22932
-23010
-23018
-22951
-22476
-22890
-22798
-22707
-22518
-22350
-22167
-22428
-21682
-21386
-21052
-20714
-20359
-19959
-19600
-19126
-18638
-18270
-17852
-17430
-16981
-16647
-16224
-15829
-15418
-15039
-15134
-14201
-13833
-13499
-13071
-12762
-12405
-12130
-11896
-11663
-11495
-11270
-11092
-10978
-10915
-10804
-10750
-10733
-10731
-10716
-10825
-10917
-11031
-11176
-11340
-11481
-11722
-11959
-11794
-12584
-12897
-13167
-13567
-13943
-14292
-14249
-15079
-15480
-15917
-16319
-16680
-16981
-17342
-17678
-18012
-18262
-18476
-18728
-18989
-19210
-19329
-19457
-19588
-19657
-19661
-19697
-19672
-19626
-19500
-19373
-19285
-19170
-18955
-18752
-18468
-18268
-18039
-17773
-17518
-17373
-17153
-16905
-16688
-16493
-16298
-16584
-15939
-15773
-16109
-15462
-15342
-15214
-15617
-15130
-15090
-14993
-15008
-15039
-15107
-15161
-15189
-15247
-15281
-15256
-15250
-15371
-15481
-15541
-15586
-15659
-15644
-15649
-15766
-15804
-15890
-15924
-15960
-16037
-15646
-16176
-16159
-16182
-16239
-16289
-16315
-16289
-16300
-16273
-16273
-16298
-16245
-16226
-16155
-16178
-16126
-16067
-16044
-15999
-15871
-15802
-15775
-15747
-15739
-15667
-15630
-15676
-15604
-15489
-15401
-15285
-15228
-15111
-14959
-14869
-14747
-14552
-14352
-14182
-13972
-13756
-13626
-13472
-13287
-13161
-13107
-13037
-12939
-12869
-12794
-12743
-12691
-13182
-12640
-12600
-12596
-12670
-12707
-12688
-12750
-12859
-12875
-12911
-12983
-13104
-13224
-13306
-13415
-13443
-13529
-13611
-13712
-13684
-13750
-13823
-13846
-13791
-13810
-13804
-13869
-13886
-13833
-13752
-13701
-13649
-13598
-13537
-13476
-13344
-13243
-13140
-12987
-12834
-13189
-12563
-12397
-12273
-12142
-11983
-11905
-11728
-11518
-11411
-11260
-11212
-11065
-10932
-10880
-10779
-10630
-10560
-10537
-10514
-10445
-10354
-10319
-10283
-10230
-10226
-10191
-10186
-10147
-10186
-10174
-10094
-10084
-10102
-10054
-9983
-10008
-9964
