-8972
-8972
-9006
-8981
-8938
-8932
-8999
-8983
-8960
-8997
-8953
-8955
-8926
-8896
-8926
-8909
-8888
-8922
-8909
-8926
-8987
-9029
-9146
-9151
-9168
-9207
-9222
-9340
-9583
-9760
-9920
-10073
-10191
-10436
-10644
-10693
-10842
-10976
-11123
-11302
-11457
-11476
-11571
-11737
-11733
-11844
-11934
-12044
-12140
-12285
-12371
-12449
-12506
-12577
-12661
-12813
-12932
-12930
-12915
-12865
-12897
-12861
-12888
-12897
-12854
-12896
-12886
-12867
-12848
-12907
-12924
-12934
-13042
-12716
-13264
-13342
-13417
-13497
-13581
-13667
-13810
-13936
-14123
-14273
-14550
-14728
-14930
-15115
-15363
-15634
-15918
-15638
-16308
-16491
-16699
-16861
-16987
-16636
-17184
-17212
-17312
-17403
-17483
-17113
-17651
-17798
-17909
-18031
-18134
-18289
-18500
-18653
-18762
-18983
-19115
-19258
-19350
-19447
-19075
-19651
-19684
-19676
-19703
-19764
-19766
-19764
-19771
-19798
-19758
-19750
-19735
-19705
-19676
-19623
-19565
-19508
-19466
-19455
-19460
-19415
-19340
-19315
-19306
-19235
-19165
-19123
-19104
-19041
-18972
-18926
-18882
-18861
-18848
-18783
-18697
-18655
-18621
-18611
-18625
-18621
-18588
-18586
-18537
-18489
-18483
-18485
-18478
-18495
-18518
-18533
-18542
-18565
-18577
-18592
-18605
-18636
-18674
-18739
-18810
-18848
-18863
-18848
-18859
-18941
-19039
-19081
-19102
-19107
-19165
-19218
-19247
-19271
-19300
-19340
-19415
-19474
-19518
-19554
-19579
-19615
-19642
-19724
-19794
-19861
-19936
-20020
-20126
-20247
-20317
-20401
-20483
-20548
-20632
-20726
-20831
-20903
-21004
-21083
-21130
-21167
-21254
-21352
-21415
-21520
-21598
-21665
-21768
-21873
-21957
-21499
-22052
-22142
-22210
-22279
-22340
-22409
-22468
-22533
-22602
-22646
-22707
-22777
-22842
-22888
-22915
-22959
-23025
-23039
-23079
-23130
-23168
-23203
-23233
-23273
-23300
-23331
-23331
-23352
-23334
-23329
-23333
-23352
-23331
-23296
-23270
-23260
-23245
-23230
-23207
-23210
-23233
-23205
-23157
-23111
-23079
-23069
-23081
-23115
-23117
-23128
-23184
-23207
-23188
-23212
-23218
-23174
-23180
-23207
-23228
-23212
-23207
-23182
-23195
-23209
-23250
-23271
-23313
-23348
-23361
-23390
-23439
-23939
-23459
-23500
-23527
-23569
-23588
-23607
-23686
-23823
-23464
-24067
-24128
-24193
-24260
-24308
-24380
-24415
-24457
-24542
-24636
-24754
-24817
-24850
-24903
-24964
-25037
-25134
-25275
-25403
-25514
-25615
-25676
-25762
-25876
-25976
-26126
-26270
-26430
-26575
-26689
-26798
-26903
-26981
-27052
-27151
-27224
-27354
-27487
-27550
-27638
-27703
-27710
-27737
-27813
-27920
-28004
-28060
-28094
-28100
-28126
-28216
-28271
-28323
-28382
-28430
-28476
-28500
-28531
-28605
-28663
-28684
-28718
-28749
-28789
-28346
-28890
-28907
-29033
-29256
-29523
-29548
-29329
-28949
-28634
-28420
-28420
-28558
-28710
-28762
-28762
-28367
-29163
-29510
-29924
-29867
-30712
-31021
-30785
-31382
-31417
-31420
-31485
-31577
-31607
-31584
-31520
-31514
-31594
-31663
-31707
-31277
-31852
-31941
-32010
-32052
-32119
-32193
-32277
-32319
-32310
-32334
-32367
-32369
-32371
-32449
-32504
-32535
-32565
-32569
-32592
-32623
-32689
-32252
-32770
-32804
-32819
-32827
-32796
-32760
-32747
-32716
-32674
-32634
-32577
-32500
-32382
-32271
-32170
-32058
-31962
-31854
-31731
-31636
-31556
-31453
-31334
-31228
-31170
-31098
-31037
-30985
-30880
-31262
-30728
-30663
-30594
-30487
-30401
-30344
-30258
-30170
-30113
-30014
-29905
-29808
-29701
-29548
-29438
-29401
-29382
-29317
-29201
-29069
-28981
-28941
-28869
-28796
-28684
-28628
-28609
-28588
-28577
-28550
-28521
-28464
-28367
-28313
-28310
-28281
-28273
-28249
-28220
-28176
-28147
-28186
-28239
-28247
-28230
-28226
-28249
-28264
-28268
-28243
-28264
-28334
-28428
-28489
-28512
-28497
-28497
-28546
-28598
-28676
-28754
-28804
-28838
-28892
-28953
-28995
-29046
-29098
-29191
-29252
-29365
-29537
-29625
-29644
-29621
-29623
-29626
-29733
-29857
-29955
-29987
-29976
-30010
-30063
-30063
-30042
-30025
-30039
-30063
-30058
-30060
-30021
-29964
-29890
-29890
-29886
-29884
-29886
-29867
-29859
-29813
-29758
-29684
-29644
-29596
-29554
-29491
-29439
-29376
-29338
-29798
-29262
-29186
-29105
-29025
-28955
-28882
-28756
-28659
-28579
-28445
-28285
-28157
-28102
-28052
-28000
-27962
-27894
-27787
-27655
-27567
-27533
-27510
-27459
-27842
-27245
-27178
-27144
-27084
-27058
-27037
-26981
-26876
-26768
-26653
-26573
-26563
-26623
-26726
-26733
-26730
-26737
-26745
-26651
-26560
-26476
-26852
-26224
-26050
-26357
-25760
-25657
-25554
-25884
-25254
-25111
-24985
-24882
-24808
-24737
-24640
-24581
-24542
-24493
-24476
-24453
-24430
-24397
-24369
-24354
-24327
-24327
-24287
-24256
-24205
-24144
-24075
-24000
-23917
-23821
-23674
-23579
-23525
-23453
-23352
-23170
-23020
-22941
-22855
-22770
-22686
-22577
-22959
-22380
-22331
-22292
-22241
-22174
-22176
-22125
-22050
-21997
-21934
-21880
-21848
-21812
-21745
-21682
-21586
-21529
-21470
-21428
-21378
-21312
-21207
-21111
-20980
-20918
-20894
-20869
-20821
-20705
-20628
-20569
-20535
-20516
-20485
-20459
-20428
-20384
-20289
-20230
-20207
-20209
-20209
-20193
-20157
-20140
-20125
-20109
-20094
-20088
-20086
-20060
-20037
-19983
-19918
-19884
-19878
-19911
-19945
-19964
-19962
-19922
-19909
-19897
-19882
-19896
-19905
-19920
-19905
-19907
-19934
-19968
-19983
-19962
-19985
-19544
-20044
-20048
-20048
-20079
-20104
-20159
-20224
-20245
-20270
-20302
-20306
-20329
-20394
-20476
-20535
-20628
-20705
-20747
-20743
-20745
-20749
-20796
-20850
-20932
-21046
-21180
-21342
-21537
-21707
-21941
-22102
-22170
-22231
-22302
-22354
-22436
-22491
-22541
-22518
-22953
-22409
-22361
-22321
-22250
-22153
-22062
-21987
-21913
-21876
-21857
-21886
-21890
-21911
-21943
-22054
-22161
-22186
-22180
-22209
-22203
-22142
-22096
-22048
-22000
-21909
-21846
-21773
-21720
-21714
-21697
-21682
-21653
-21674
-21701
-21699
-21699
-21745
-21781
-21735
-21688
-21617
-21571
-21583
-21636
-21646
-21604
-21537
-21981
-21493
-21497
-21504
-21504
-21478
-21472
-21457
-21453
-21010
-21544
-21569
-21615
-21653
-21676
-21710
-21728
-21707
-21632
-21615
-21634
-21634
-21602
-21584
-21651
-21691
-21680
-21657
-21676
-21663
-21596
-21573
-21558
-21523
-21506
-21539
-21548
-21980
-21401
-21329
-21252
-21163
-21086
-21029
-20932
-20781
-20594
-20451
-20336
-20239
-20168
-20090
-19987
-19918
-19871
-19808
-19709
-19626
-19560
-19480
-19365
-19268
-19180
-19134
-19096
-19098
-19123
-19140
-19165
-19178
-19218
-19287
-19355
-19373
-19392
-19464
-19065
-19720
-19817
-19918
-20000
-20128
-20292
-20460
-20571
-20649
-20750
-20869
-21002
-21147
-21266
-21352
-21478
-21617
-21770
-21920
-22027
-22142
-22268
-22409
-22518
-22609
-22710
-22800
-22850
-22947
-23071
-23161
-23283
-23378
-23447
-23520
-23594
-23737
-23863
-23981
-24073
-24157
-24226
-24285
-24380
-24462
-24512
-24552
-24613
-24699
-24779
-24869
-24999
-25086
-25117
-25107
-25130
-25214
-25279
-25319
-25371
-25470
-25535
-25604
-25642
-25684
-25731
-25766
-25846
-25865
-25882
-25903
-25901
-25905
-25859
-25802
-25796
-25815
-25806
-25747
-25695
-25661
-25615
-25565
-25560
-25531
-25478
-25382
-25298
-25178
-25109
-25063
-25016
-24993
-25386
-24745
-24598
-24520
-24441
-24323
-24155
-24027
-23880
-23754
-23689
-23632
-23542
-23422
-23289
-23119
-22924
-22791
-22672
-22541
-22403
-22231
-22077
-21957
-21861
-21731
-21563
-21378
-21218
-21117
-20949
-20739
-20573
-20380
-20218
-20102
-19922
-19741
-19604
-19439
-19283
-19105
-18930
-18758
-18604
-18468
-18369
-18207
-17978
-17783
-17541
-17355
-17126
-16886
-16712
-16493
-16266
-16084
-15863
-15655
-15495
-15327
-15180
-15006
-14863
-14737
-14569
-14409
-14294
-14188
-14048
-13947
-13846
-13728
-13628
-13523
-13426
-13298
-13205
-13167
-13105
-13048
-13000
-12928
-12836
-12773
-12743
-12758
-12766
-12716
-12623
-12581
-12600
-12630
-12655
-12655
-12655
-12676
-12722
-12766
-12813
-12850
-12892
-12985
-13134
-13266
-13365
-13436
-13537
-13674
-13804
-13945
-14067
-13701
-14348
-14510
-14205
-14932
-15218
-15510
-15777
-15930
-16062
-16304
-16581
-16733
-16750
-16920
-17084
-17125
-17249
-17405
-17455
-17107
-17745
-17876
-18006
-18134
-18226
-18375
-18514
-18640
-18846
-19020
-19258
-19525
-19821
-20111
-20426
-20699
-20762
-20966
-21375
-21609
-21909
-22188
-21991
-22752
-23025
-23302
-23586
-23764
-23459
-24155
-24279
-23978
-24659
-24819
-24939
-25060
-25159
-25209
-25184
-25182
-25105
-24947
-24796
-24647
-24439
-24144
-23850
-23598
-23396
-23083
-22739
-22405
-22151
-21842
-21936
-21161
-20800
-20978
-20121
-19773
-19508
-19100
-18762
-18476
-18224
-17896
-17655
-17438
-17157
-16880
-16678
-16405
-16279
-16214
-16033
-15827
-15779
-15712
-16117
-15502
-15436
-15407
-15392
-15350
-15327
-15331
-15376
-15457
-15544
-15569
-15678
-15827
-15928
-16044
-16084
-16111
-16165
-16161
-16174
-16193
-16144
-16111
-16058
-16012
-16058
-16117
-16102
-16071
-16044
-15999
-15970
-15896
-15812
-15752
-15663
-15541
-15350
-15203
-15008
-14833
-15130
-14375
-14174
-13928
-13779
-13562
-13371
-13056
-12854
-12634
-12464
-12688
-11995
-11739
-11544
-11371
-11140
-11016
-10827
-10638
-10525
-10378
-10138
-9960
-9817
-9749
-9657
-9516
-9417
-9340
-9207
-9125
-9041
-9041
-8918
-8852
-8831
-8812
-8825
-8728
-8689
-8655
-8632
-8554
-8520
-8537
-8497
-8457
-8436
-8487
-8529
-8541
-8590
-8655
-8701
-8825
-8920
-8932
-8964
-9119
-9207
-9355
-9441
-9541
-9686
-9819
-9901
-10008
-10012
-10081
-10109
-10174
-10230
-10197
-10178
-10199
-10212
-10157
-10079
-10031
-10039
-9991
-9947
-9897
-10249
-9668
-9604
-9457
-9750
-9084
-8854
-8668
-8500
-8367
-8201
-8041
-7846
-7626
-7449
-7188
-6947
-6754
-6588
-6375
-6121
-5867
-5611
-5413
-5224
-5048
-5363
-4699
-4613
-4417
-4292
-4273
-4140
-4094
-4071
-4073
-4153
-4218
-4262
-4428
-4632
-4743
-4428
-5159
-5432
-5651
-5846
-6052
-6233
-6447
-6626
-6813
-6964
-7052
-7048
-7037
-7140
-7203
-7096
-6964
-6962
-6968
-6901
-6794
-6703
-6730
-6705
-6602
-6554
-6647
-6716
-6678
-6626
-6588
-6602
-6619
-6613
-6668
-6667
-6680
-6667
-6659
-6680
-6752
-6722
-6665
-6655
-6632
-6584
-6544
-6502
-6480
-6369
-6277
-6306
-6273
-6186
-6104
-6060
-5985
-5876
-5796
-5747
-5647
-5617
-5544
-5386
-5340
-5218
-5130
-5052
-4993
-4913
-4808
-4651
-4480
-4344
-4214
-4075
-3878
-3747
-3588
-3890
-3197
-3046
-2869
-2749
-2548
-2281
-2113
-1997
-1775
-1579
-1344
-1193
-1008
-770
-581
-420
-252
-125
-481
122
213
305
452
574
551
582
635
671
624
587
637
694
616
509
971
484
417
333
244
175
461
-123
-216
-310
-384
-523
-483
-10
-607
-630
-590
-504
-590
-537
-359
-243
-230
-235
-407
-380
-344
-352
-422
-434
-417
-464
-434
-464
-472
-521
-594
-714
-810
-899
-1077
-1186
-1312
-1436
-1594
-1827
-1951
-2090
-2300
-1957
-2602
-2756
-2859
-2457
-3125
-3249
-2938
-3541
-3709
-3871
-4020
-4233
-4430
-4598
-4739
-4861
-5044
-5163
-5212
-5191
-5109
-5134
-5147
-5193
-5252
-5237
-5165
-5153
-5178
-5117
-5075
-5041
-4997
-4917
-4819
-4726
-4640
-4554
-4432
-4291
-4189
-4119
-3983
-3876
-3701
-3531
-3386
-3294
-3172
-3033
-2924
-2897
-2796
-2661
-2602
-2544
-2518
-2516
-2426
-2428
-1957
-2520
-2523
-2500
-2495
-2583
-2602
-2766
-2873
-2932
-3029
-3180
-3230
-3338
-3521
-3607
-3661
-3733
-3867
-3949
-4060
-4111
-4151
-4218
-4310
-4382
-4476
-4600
-4737
-4802
-4882
-4949
-5132
-5296
-5333
-5455
-5632
