-5319
-4235
-3730
-3214
-2812
-2483
-2140
-1855
-1644
-1567
-1571
-1577
-1562
-1548
-1581
-1693
-1819
-2020
-2262
-2623
-2920
-3231
-3397
-3703
-3890
-4138
-4363
-4363
-4481
-4552
-4567
-4604
-4754
-4405
-4995
-5199
-5500
-5812
-6109
-6340
-6659
-6939
-7281
-7537
-7672
-7342
-8144
-8281
-7838
-8405
-8462
-8495
-8539
-8497
-8447
-8399
-8791
-8186
-8033
-7852
-7733
-7512
-7800
-7065
-7304
-6565
-6312
-6060
-5823
-5602
-5825
-5031
-4842
-4705
-4468
-4199
-3981
-3785
-3497
-2983
-2493
-2739
-3418
-3531
-3281
-3168
-3142
-3168
-3195
-3195
-3210
-3275
-3417
-3550
-3697
-3863
-4071
-4188
-4189
-4239
-4346
-4480
-4707
-4840
-5035
-5157
-5292
-5459
-5638
-5781
-5934
-6041
-6230
-6438
-6541
-6630
-6712
-6762
-6938
-7105
-7264
-7352
-7462
-7628
-7802
-8000
-8199
-8369
-8529
-8739
-8911
-9000
-9073
-9130
-9191
-9237
-9264
-9291
-9357
-9439
-9510
-9537
-9560
-9600
-9625
-9613
-9623
-9625
-9619
-9590
-9632
-9678
-9682
-9686
-9667
-9676
-9689
-9689
-9712
-9703
-9667
-9634
-9646
-9615
-9596
-9563
-9583
-9577
-9604
-9605
-9609
-9611
-9609
-9632
-9642
-9623
-9632
-9647
-9682
-9718
-9735
-9731
-9756
-9760
-9752
-9747
-9768
-9789
-9798
-9857
-9854
-9848
-9836
-9810
-9781
-9792
-9836
-9806
-9735
-9653
-9598
-9548
-9489
-9388
-9770
-9151
-9069
-8980
-8865
-8745
-8644
-8514
-8397
-8233
-8067
-7938
-7787
-7676
-7531
-7333
-7199
-7046
-6905
-6743
-6571
-6443
-6281
-6125
-6000
-5894
-5760
-5663
-5541
-5441
-5390
-5298
-5186
-5092
-5027
-4955
-4888
-4823
-4804
-4798
-4789
-4756
-4705
-4680
-4668
-4684
-4705
-4714
-4720
-4750
-4771
-4798
-4876
-4947
-5010
-5067
-5104
-5140
-5184
-5264
-5323
-5390
-5468
-5533
-5560
-5621
-5709
-5766
-5852
-5974
-6060
-6140
-6210
-6281
-5871
-6424
-6506
-6590
-6647
-6705
-6804
-6882
-6959
-7035
-7071
-7117
-7193
-7279
-7365
-7411
-7472
-7571
-7655
-7716
-7798
-7831
-7855
-7892
-7909
-7930
-7976
-8048
-8167
-8230
-8260
-8289
-8315
-8352
-8384
-8447
-8504
-8560
-8619
-8678
-8771
-8855
-8928
-8980
-9008
-9079
-9109
-9149
-9199
-9275
-9354
-9392
-9418
-9451
-9518
-9584
-9632
-9705
-9760
-9764
-9783
-9821
-9873
-9930
-10018
-10111
-10161
-10159
-10165
-10184
-10220
-10237
-10296
-10348
-10386
-10399
-10413
-10422
-10495
-10573
-10611
-10619
-10607
-10625
-10678
-10712
-10745
-10768
-10796
-10836
-10865
-10886
-10878
-10869
-10873
-10915
-10964
-10968
-10959
-11014
-11056
-11098
-11121
-11172
-11214
-11277
-11329
-11359
-11407
-11480
-11541
-11668
-11766
-11825
-11892
-11966
-12056
-12168
-12287
-12371
-12476
-12584
-12676
-12762
-12880
-12974
-13140
-13273
-13354
-13443
-13546
-13668
-13768
-13857
-13928
-14027
-13682
-14327
-14451
-14548
-14180
-14804
-14939
-15054
-15203
-15331
-15441
-15533
-15168
-15777
-15924
-16094
-16241
-16386
-16520
-16607
-16728
-16817
-16915
-17048
-17176
-17338
-17512
-17655
-17857
-18048
-18176
-18294
-18367
-18422
-18489
-18592
-18668
-18749
-18798
-18838
-18867
-18943
-19000
-19098
-19212
-19277
-19352
-19430
-19541
-19689
-19846
-19953
-20084
-20243
-20344
-20459
-20594
-20689
-20754
-20857
-20976
-21096
-21195
-21277
-21371
-21424
-21460
-21531
-21604
-21682
-21756
-21854
-21934
-21502
-22077
-22170
-22296
-22375
-22445
-22539
-22584
-22626
-22651
-22695
-22737
-22705
-22689
-22697
-22693
-22653
-22617
-22615
-22626
-22611
-22596
-22617
-22665
-22676
-22634
-22575
-22510
-22483
-22457
-22420
-22361
-22291
-22220
-22113
-22035
-21957
-21865
-21789
-21791
-21773
-21728
-21722
-21720
-21737
-21724
-21674
-21649
-21653
-21592
-21556
-21512
-21504
-21518
-21500
-21464
-21472
-21508
-21510
-21546
-21596
-21674
-21724
-21747
-21836
-21943
-22046
-22170
-22254
-22321
-22396
-22466
-22592
-22693
-22749
-22844
-22917
-22955
-23037
-23130
-23209
-23342
-23508
-23634
-23808
-23470
-24039
-24117
-24247
-24375
-24563
-24730
-24825
-24894
-24997
-25111
-25216
-25260
-25291
-25357
-25457
-25523
-25563
-25609
-25604
-25644
-25674
-25697
-25705
-25743
-25783
-25777
-25789
-25825
-25854
-25892
-25934
-25974
-25964
-25966
-25999
-26000
-25962
-25936
-25926
-25875
-25840
-25850
-25863
-25848
-25825
-25773
-25735
-25674
-25590
-25535
-25472
-25424
-25352
-25256
-25209
-25146
-25084
-25037
-24985
-24928
-24865
-24813
-24800
-24789
-24749
-24710
-24688
-24638
-24499
-24396
-24312
-24287
-24277
-24254
-24172
-24128
-24077
-24014
-23959
-23920
-23903
-23867
-23783
-23716
-23644
-23565
-23533
-23520
-23480
-23409
-23405
-23434
-23426
-23369
-23298
-23258
-23218
-23182
-23153
-23132
-23142
-23188
-23197
-23205
-23203
-23186
-23250
-23308
-23373
-23388
-23436
-23560
-23688
-23762
-23823
-23817
-23813
-23833
-23859
-23871
-23896
-23854
-23773
-23714
-23689
-23640
-23586
-23594
-23602
-23548
-23497
-23468
-23457
-23420
-23394
-23376
-23363
-23271
-23239
-23210
-23165
-23102
-23041
-23000
-22926
-22897
-22857
-22764
-22686
-22581
-22518
-22497
-22962
-22434
-22375
-22338
-22327
-22315
-22271
-22218
-22178
-22167
-22168
-22115
-22062
-22052
-21999
-21915
-21867
-21842
-21785
-21754
-21733
-21773
-21766
-21756
-21749
-21787
-21813
-21859
-21857
-21878
-21901
-21915
-21968
-22060
-22147
-22243
-22338
-22434
-22521
-22604
-22703
-22850
-22493
-23107
-23271
-23447
-23548
-23615
-23668
-23709
-23810
-23920
-24039
-24161
-24300
-24478
-24607
-24722
-24850
-24970
-25050
-25134
-25224
-25325
-25428
-25558
-25621
-25720
-25833
-25938
-26042
-26125
-26210
-26336
-26460
-26521
-26625
-26766
-26920
-27039
-27136
-27252
-26888
-27439
-27537
-27644
-27756
-27819
-27865
-27915
-27993
-28027
-28023
-28035
-28075
-28088
-28054
-28041
-28021
-28023
-28033
-28008
-27966
-27945
-27917
-27897
-27911
-27903
-27886
-27876
-27873
-27892
-27894
-28336
-27787
-27756
-27714
-27680
-27657
-27619
-27552
-27491
-27468
-27445
-27409
-27384
-27336
-27266
-27189
-27125
-27056
-26978
-26903
-26861
-26819
-26773
-26693
-26615
-26548
-26453
-26355
-26279
-26231
-26218
-26184
-26096
-26008
-25911
-25812
-25756
-25728
-25663
-25560
-25468
-25380
-25268
-25153
-25069
-24983
-24880
-24789
-24733
-24663
-24596
-24510
-24472
-24917
-24396
-24354
-24254
-24147
-24056
-24025
-24012
-24021
-24033
-24031
-24025
-24008
-23947
-23901
-23897
-23890
-23857
-23810
-23825
-23871
-23854
-23802
-23747
-23710
-23665
-23613
-23584
-23554
-23516
-23495
-23472
-23411
-23336
-23300
-23260
-23205
-23159
-23088
-23012
-22943
-22878
-22825
-22747
-22657
-22586
-22521
-22449
-22375
-22365
-22375
-22354
-22300
-22199
-22117
-22031
-22016
-21981
-21896
-21789
-21682
-21630
-21604
-21539
-21432
-21354
-21258
-21144
-21020
-20932
-20850
-20766
-20686
-20588
-20997
-20432
-20355
-20277
-20142
-20504
-19926
-19848
-19794
-19731
-19651
-19554
-19474
-19371
-19266
-19184
-19096
-19037
-18995
-18985
-19002
-18981
-18897
-18833
-18787
-18735
-18718
-18655
-18613
-18596
-18567
-18516
-18485
-18445
-18399
-18388
-18378
-18365
-18365
-18376
-18373
-18365
-18346
-18331
-18346
-18336
-18312
-18323
-18359
-18405
-18460
-18495
-18510
-18544
-18584
-18594
-18596
-18642
-18709
-18768
-18752
-18756
-18728
-18741
-18756
-18796
-18882
-18955
-19048
-19084
-19117
-19180
-19254
-19298
-19369
-19464
-19506
-19504
-19470
-19443
-19415
-19430
-19460
-19520
-19527
-19520
-19512
-19468
-19445
-19457
-19462
-19476
-19445
-19392
-19287
-19235
-19144
-19542
-18936
-18829
-18728
-18626
-18571
-18489
-18405
-18308
-18188
-18100
-18021
-17924
-17865
-17798
-17701
-17590
-17476
-17392
-17344
-17252
-17140
-17042
-16991
-16970
-16896
-16750
-16569
-16439
-16355
-16287
-16210
-16071
-15951
-15876
-15815
-15747
-15670
-15613
-15563
-15527
-15489
-15411
-15354
-15300
-15262
-15243
-15199
-15170
-15136
-15096
-15058
-15037
-15014
-14997
-15037
-15113
-15161
-15209
-15247
-15291
-15334
-15371
-15449
-15558
-15760
-15848
-15962
-16151
-16172
-16231
-16369
-16396
-16407
-16480
-16506
-16428
-16350
-16399
-16380
-16256
-16214
-16611
-15945
-15752
-15558
-15396
-15167
-14936
-15138
-14401
-14104
-13840
-13600
-13373
-13123
-12938
-12756
-12569
-12443
-12432
-12409
-12369
-12462
-12544
-12667
-12806
-13006
-12726
-13460
-13222
-13930
-13726
-14411
-14594
-14857
-15075
-15214
-15292
-15405
-15521
-15556
-15182
-15846
-15968
-16088
-16172
-16323
-16464
-16579
-16657
-16718
-16819
-16964
-17172
-17300
-17468
-17703
-17983
-18260
-18529
-18798
-19130
-19411
-19720
-20027
-20371
-20731
-21077
-21409
-21695
-21533
-22447
-22775
-23035
-23258
-23531
-23752
-24039
-24193
-24342
-24481
-24563
-24604
-24659
-24667
-24621
-24596
-24539
-24434
-24287
-24134
-24002
-23815
-23575
-23249
-23447
-22726
-22401
-22094
-21770
-21405
-21109
-20680
-20252
-19903
-19997
-19186
-18815
-18474
-18250
-17802
-17544
-17304
-17062
-16802
-16623
-16413
-16180
-16067
-15970
-15794
-15714
-15655
-15640
-15562
-15586
-15600
-15657
-15697
-15743
-15815
-15873
-15897
-16008
-16035
-15981
-15974
-15640
-16254
-16380
-16493
-16128
-16703
-16730
-16722
-16802
-16792
-16829
-16894
-16932
-16917
-16852
-16766
-17098
-16453
-16264
-16077
-15892
-15737
-15487
-15298
-15075
-14934
-14730
-14455
-14323
-14199
-13930
-13733
-13562
-13342
-13075
-12854
-12749
-12640
-12642
-12642
-12583
-12560
-12554
-12617
-12226
-12739
-12789
-13006
-13159
-13310
-13548
-13735
-13926
-14086
-14359
-14214
-14949
-14676
-15392
-15165
-15825
-16056
-16254
-16394
-16478
-16508
-16605
-16691
-16745
-16703
-16674
-17094
-16541
-16529
-16480
-16390
-16312
-16296
-16275
-16212
-16165
-16159
-16088
-16044
-16071
-15636
-16199
-16224
-16260
-16365
-16399
-16472
-16611
-16709
-16836
-17037
-17262
-17376
-17436
-17563
-17781
-17941
-18109
-18292
-18426
-18556
-18647
-18802
-18934
-19096
-19153
-19098
-19102
-19128
-19105
-19035
-18886
-18733
-18672
-18487
-18342
-18210
-18048
-17861
-17728
-17539
-17254
-17144
-16980
-16762
-16525
-16275
-16060
-15869
-15705
-15542
-15266
-15069
-14911
-14686
-14466
-14306
-14216
-14063
-13905
-13810
-13686
-13626
-13541
-13531
-13480
-13357
-13296
-13283
-13275
-13239
-13205
-13209
-13186
-13197
-13201
-13191
-12707
-13649
-13096
-13098
-13037
-12962
-13041
-13119
-13094
-13126
-13249
-13348
-13455
-13459
-13487
-13512
-13573
-13575
-13569
-13548
-13571
-13464
-13302
-13226
-13123
-13086
-13069
-13083
-12997
-12882
-12802
-12709
-12686
-12592
-12537
-12598
-12619
-12676
-12749
-12756
-12756
-12735
-12707
-12714
-12623
-12565
-12499
-12386
-12302
-12260
-12157
-12023
-11918
-11815
-12212
-11600
-11487
-11331
-11174
-10981
-11216
-10569
-10415
-10737
-10021
-9829
-9728
-9565
-9403
-9317
-9191
-9090
-8941
-8890
-8899
-8890
-9010
-9189
-9020
-8623
-8565
-8670
-8792
-8834
-8964
-9056
-9186
-9329
-9468
-9617
-9321
-10020
-10249
-10439
-10625
-10922
-11218
-11636
-12067
-12357
-12216
-12964
-13281
-13665
-13959
-13710
-14430
-14220
-14924
-15033
-15138
-15277
-15342
-15247
-15245
-15609
-14981
-14792
-14613
-14394
-14132
-13831
-13651
-13430
-13222
-13056
-12876
-13184
-12533
-12460
-12441
-12373
-12407
-12539
-12693
-12892
-13063
-13239
-13430
-13504
-13562
-13205
-13890
-14023
-14004
-14039
-14220
-14327
-14296
-14239
-14228
-14199
-14638
-14069
-13949
-13760
-13623
-13443
-13262
-13042
-12821
-12600
-12415
-12176
-11894
-11709
-11537
-11281
-11077
-10966
-10829
-10634
-10508
-10457
-10310
-10182
-10037
-10004
-9968
-9810
-9651
-9623
-9584
-9523
-9632
-9863
-9646
-9147
-9136
-9247
-9144
-8995
-8913
-8964
-9111
-8808
-9386
-9354
-9403
