-21098
-21279
-21350
-21457
-21497
-21453
-21506
-21541
-21270
-20926
-20825
-20539
-21188
-21312
-21418
-21647
-21815
-21928
-22023
-22308
-22428
-22504
-22688
-22794
-22840
-22913
-23031
-23151
-23195
-23258
-23344
-23445
-23527
-23548
-23558
-23592
-23657
-23758
-23834
-23812
-23871
-23913
-23913
-23903
-23928
-23922
-23930
-23455
-24010
-24111
-24178
-24279
-24333
-24407
-24510
-24596
-24665
-24815
-24905
-24945
-25025
-25077
-25083
-25102
-25125
-25193
-25222
-25237
-25224
-25254
-25310
-25331
-25405
-25418
-25348
-24924
-25417
-25352
-25357
-25340
-25300
-25163
-25063
-25048
-24993
-24894
-24846
-24777
-24697
-24697
-24649
-24590
-24520
-24401
-24436
-24430
-24369
-24342
-24289
-24268
-24237
-24210
-24180
-24188
-24184
-24167
-24155
-24144
-24140
-24071
-24008
-23987
-23955
-23899
-23897
-23899
-23869
-23838
-23823
-23831
-23783
-23775
-23771
-23785
-23771
-23730
-23707
-23686
-23703
-23720
-23710
-23686
-23676
-23678
-23682
-23632
-23594
-23577
-23584
-23581
-23607
-23670
-23726
-23766
-23846
-23913
-24002
-24083
-24149
-24245
-24340
-23941
-24487
-24520
-24535
-24584
-24625
-24657
-24670
-24657
-24678
-24693
-24703
-24726
-24728
-24718
-24720
-24724
-24701
-24709
-24707
-24724
-24726
-24733
-24726
-24754
-24752
-24733
-24710
-24665
-24636
-24609
-24548
-24466
-24439
-24401
-24392
-24382
-24384
-24373
-24331
-24292
-24304
-24325
-24306
-24250
-24195
-24182
-24138
-24031
-23897
-23819
-23735
-23628
-23541
-23434
-23361
-23289
-23222
-23168
-23079
-22978
-22869
-22785
-22707
-22611
-22504
-22403
-22331
-22235
-22119
-22025
-21938
-21909
-21827
-21754
-21709
-21623
-21579
-21550
-21457
-21308
-21168
-21081
-21014
-20991
-20926
-20852
-20764
-20657
-20602
-21002
-20424
-20319
-20230
-20130
-20060
-19997
-19905
-19783
-19688
-19602
-20021
-19460
-19363
-19277
-19180
-19107
-19073
-19018
-19020
-19031
-18989
-18959
-18966
-18976
-18966
-18978
-19023
-19081
-19195
-19317
-19407
-19065
-19726
-19876
-20088
-20298
-20041
-20766
-20964
-21230
-21020
-21760
-22048
-22321
-22548
-22836
-23069
-23338
-23598
-23846
-24136
-23970
-24831
-25161
-25565
-25966
-26264
-26609
-26938
-27222
-27544
-27917
-28205
-28468
-28665
-28943
-29241
-29497
-29327
-30117
-30327
-30571
-30325
-31031
-31264
-31464
-31640
-31846
-32050
-32191
-32292
-32317
-32340
-32386
-32432
-32434
-32418
-32367
-32212
-32054
-31924
-31760
-31565
-31428
-31754
-31042
-30863
-30674
-30571
-30493
-30378
-30289
-30228
-30189
-30147
-30090
-30027
-29966
-29875
-29812
-29756
-29678
-29604
-29506
-29331
-29165
-29050
-29056
-29100
-29042
-28834
-28623
-28359
-28119
-27966
-27789
-27605
-27409
-27298
-27249
-27220
-27144
-27111
-27161
-27231
-27262
-27254
-27243
-27270
-27321
-27354
-26876
-27396
-27445
-27510
-27521
-27506
-27485
-27453
-27441
-27415
-27382
-27365
-27329
-27283
-27230
-27203
-27184
-27184
-27195
-27209
-27218
-27205
-27167
-27079
-27027
-26968
-26917
-26875
-26768
-26651
-26520
-26407
-26386
-26357
-26323
-26235
-26075
-25840
-25678
-25625
-25583
-25539
-25466
-25386
-25382
-25382
-25369
-25315
-25165
-24955
-24722
-24613
-24623
-24653
-24628
-24605
-24590
-24558
-24560
-24535
-24508
-24476
-24460
-24915
-24378
-24270
-24134
-23991
-23768
-23609
-23529
-23478
-23434
-23415
-23403
-23405
-23432
-23411
-23409
-23405
-23415
-23422
-23443
-23459
-23476
-23518
-23535
-23575
-23644
-23707
-23792
-23861
-23922
-24065
-24235
-24352
-24481
-24619
-24745
-24909
-25052
-25165
-25306
-25443
-25552
-25634
-25705
-25808
-25420
-26000
-26109
-26147
-26182
-26189
-26186
-26220
-26239
-26287
-26319
-26308
-26275
-26230
-26250
-26281
-26315
-26355
-26348
-26375
-26399
-26409
-26367
-26357
-26375
-26338
-26268
-26222
-26186
-26115
-26035
-25890
-25726
-25583
-25499
-25422
-25312
-25195
-25041
-24901
-24743
-24609
-24510
-24369
-24170
-24021
-23947
-23863
-23770
-23659
-23588
-23499
-23938
-23399
-23298
-23184
-23084
-23031
-22972
-22863
-22758
-22632
-22537
-22445
-22327
-22241
-22136
-21993
-21886
-21760
-21636
-21508
-21390
-21250
-21125
-20966
-20821
-20655
-20493
-20384
-20287
-20107
-19899
-19718
-19552
-19401
-19264
-19100
-18972
-18875
-18777
-18655
-19042
-18455
-18354
-18205
-18100
-18083
-18100
-18069
-18069
-18054
-18000
-17989
-18035
-18048
-18042
-18094
-18163
-18178
-18174
-18207
-18279
-18378
-18432
-18478
-18518
-18583
-18636
-18714
-18802
-18892
-18915
-18945
-18981
-19012
-19084
-19163
-19228
-19287
-19291
-19369
-19441
-19487
-19592
-19661
-19724
-19823
-19911
-19964
-20031
-20132
-20207
-20281
-20327
-20413
-20460
-20510
-20583
-20655
-20707
-20754
-20770
-20781
-20806
-20834
-20861
-20911
-20947
-20938
-20953
-20995
-20999
-20521
-21023
-21014
-21027
-21039
-21031
-21031
-21495
-20945
-20917
-20926
-20922
-20905
-20890
-20865
-20846
-20884
-20867
-20869
-20892
-20909
-20897
-20878
-20901
-20941
-20957
-20943
-20922
-20896
-20894
-20897
-20941
-20957
-20962
-20959
-20938
-20939
-20955
-20945
-20957
-20924
-20899
-20917
-20934
-20949
-20957
-20930
-20865
-20829
-20825
-20821
-20836
-20867
-20896
-20888
-20859
-20848
-20829
-20827
-20850
-20821
-20775
-20750
-20749
-20728
-20716
-20670
-20634
-20621
-20626
-20607
-20569
-20556
-20558
-20571
-20598
-20628
-20632
-20625
-20638
-20646
-20661
-20657
-20642
-20638
-20642
-20638
-20680
-20684
-20668
-20676
-20680
-20642
-20626
-20636
-20632
-20584
-20556
-20531
-21008
-20497
-20472
-20394
-20312
-20250
-20231
-20199
-20142
-20035
-19932
-19876
-19829
-19800
-19762
-19668
-19611
-19552
-19462
-19407
-19390
-19367
-19321
-19273
-19214
-19165
-19113
-19063
-18981
-18884
-18802
-18703
-18628
-18571
-18514
-18462
-18361
-18237
-18168
-18130
-18098
-18035
-17924
-17831
-17747
-17642
-17604
-17533
-17436
-17348
-17228
-17128
-16976
-16880
-16854
-16810
-16728
-16628
-16514
-16434
-16355
-16285
-16241
-16174
-16609
-16054
-16023
-16006
-15930
-15880
-15819
-15764
-15710
-15686
-15688
-15697
-15640
-15594
-15558
-15510
-15472
-15428
-15384
-15373
-15331
-15254
-15195
-15178
-15172
-15178
-15634
-15132
-15121
-15077
-15021
-14985
-14966
-14962
-15004
-15012
-14978
-14945
-14947
-14966
-14964
-14924
-14880
-14842
-14819
-14819
-14787
-14741
-14714
-14726
-14722
-14676
-14663
-14630
-14602
-14569
-14516
-14434
-14352
-14312
-14277
-14270
-14209
-14125
-14020
-13955
-13892
-13810
-13741
-13634
-13504
-13388
-13214
-13063
-12947
-12861
-12747
-12579
-12386
-12270
-12146
-12000
-11871
-12201
-11565
-11428
-11718
-11035
-10861
-10653
-10491
-10268
-10062
-9899
-9695
-9468
-9285
-9084
-8911
-9281
-8649
-8493
-8367
-8260
-8170
-8033
-7930
-7842
-7735
-7657
-7573
-7472
-7418
-7405
-7361
-7283
-7222
-7184
-7144
-7117
-7063
-7037
-7041
-7041
-7065
-7079
-7058
-7048
-7029
-7021
-7020
-7079
-7130
-7134
-7153
-7189
-7222
-7241
-7241
-7296
-7342
-7365
-7401
-7405
-7375
-7376
-7396
-7455
-7502
-7546
-7594
-7594
-7550
-7495
-7474
-7470
-7470
-7399
-7334
-7249
-7195
-7142
-7098
-7063
-6962
-6813
-6688
-6548
-6422
-6321
-6153
-5989
-5892
-5789
-5665
-5481
-5271
-5149
-5075
-5000
-4926
-4855
-4775
-4707
-4619
-4554
-4502
-4426
-4418
-4418
-4884
-4378
-4365
-4380
-4415
-4476
-4575
-4655
-4712
-4789
-4890
-5000
-5126
-5228
-4896
-5573
-5710
-5863
-6010
-6142
-6331
-6533
-6707
-6371
-7018
-7147
-7279
-7380
-7491
-7590
-7649
-7750
-7873
-7970
-8056
-8138
-8205
-8256
-8323
-8445
-8583
-8670
-8737
-8844
-8943
-9044
-9146
-9193
-9268
-9298
-9331
-9382
-9436
-9447
-9483
-9523
-9562
-9579
-9584
-9592
-9605
-9573
-9558
-9565
-9533
-9485
-9457
-9405
-9361
-9361
-9300
-9184
-9113
-9041
-8949
-8861
-8737
-8636
-8604
-8584
-8527
-8361
-8186
-8014
-7934
-7777
-7745
-7676
-7607
-7520
-7468
-7447
-7380
-7363
-7331
-7361
-7378
-7354
-7336
-7415
-7472
-7457
-7459
-7466
-7537
-7565
-7642
-7766
-7810
-7333
-7936
-7989
-7993
-8014
-8044
-8077
-8042
-8052
-8018
-7953
-7909
-7852
-7771
-7565
-7388
-7815
-7163
-7004
-6854
-6720
-6525
-6361
-6161
-5974
-5766
-5520
-5334
-5081
-5375
-4655
-4859
-4081
-3875
-3661
-3459
-3231
-3008
-2896
-2644
-2378
-2193
-2071
-1903
-1750
-1584
-1439
-1342
-1216
-1086
-1466
-909
-823
-707
-632
-689
-705
-731
-781
-861
-955
-1012
-1123
-1254
-1394
-1443
-1499
-1625
-1730
-1888
-1481
-2025
-2138
-2275
-2354
-1964
-2493
-2457
-2478
-2529
-2604
-2657
-2676
-2680
-2609
-2392
-2018
-2989
-3098
-2934
-2821
-2699
-2491
-2308
-2142
-1989
-1901
-1821
-1838
-1792
-1791
-1760
-1649
-1535
-1436
-1333
-1214
-1462
-676
-976
-264
-2
234
353
427
545
650
755
908
1051
1085
1223
1305
1276
1307
1311
1448
1561
1585
1566
1559
1555
1549
1576
1706
1820
1933
2093
2295
2475
2622
2814
2990
3005
2979
3015
2979
2954
2927
2931
2811
2740
2662
2520
2385
2221
2053
1929
1782
1673
1501
1312
1133
1015
986
816
648
549
431
250
106
-79
-321
-376
-478
-584
-684
-739
-857
-491
-1147
-1346
-1438
-1605
-1699
-1663
-1709
-1796
-1913
-1987
-2037
-2084
-2233
-2266
-2333
-2403
-2558
-2792
-2989
-3224
-2949
-3747
-3968
-4083
-4315
-4581
-4876
-5149
-5350
-5581
-5409
-6189
-6418
-6661
-6960
-7172
-7447
-7731
-7813
-7943
-8172
-8262
-8292
-8331
-8422
-8535
-8670
-8865
-9098
-8838
-9525
-9730
-9896
-10100
-10176
-10361
-10443
-10457
-10455
-10405
-10386
-10417
-10443
-10439
-10380
-10334
-10291
-10142
-9985
-9783
-9598
-9436
-9201
-8939
-8850
-8737
-8619
-8504
-8396
-8312
-8317
-8380
-8352
-8262
-8207
-8159
-8159
-7993
-7827
-7703
-7533
-7417
-7407
-7468
-7537
-7647
-7792
-7924
-7978
-8119
-8271
-8489
-8726
-8861
-9098
-9333
-9542
-9686
-9800
-9949
-10178
-10350
-10481
-10621
-10262
-10930
-11205
-11417
-11678
-11934
-12151
-12438
-12659
-12987
-13289
-13504
-13233
-13978
-13703
-14338
-14489
-14613
-14783
-14920
-15018
-14987
-15025
-15046
-15096
-15184
-15275
-15396
-15766
-16212
-16172
-15831
-15688
-15548
-15304
-15619
-15092
-15188
-15371
-15617
-15857
-16052
-16352
-16537
-16684
-16737
-16804
-16833
-16829
-16899
-16928
-17021
-17147
-17365
-17565
-17834
-18159
-18504
-18861
-19239
-19659
-20088
-20037
-20899
-21375
-21808
-22138
-22600
-23123
-23541
-23802
-23462
-24151
-24273
-24376
-24535
-24705
-24842
-25075
-25319
-25447
-25695
-25850
-25930
-26020
-25951
-25819
-25775
-25563
-25304
-25121
-25403
-24689
-24472
-24321
-24121
-23846
-23625
-23459
-23281
-23098
-22855
-22674
-22936
-22289
-22041
-21804
-21573
-21329
-21069
-20749
-21008
-20346
-20220
-20069
-19833
-19695
-19556
-19520
-19449
-19334
-19275
-19262
-19233
-19256
-19256
-19287
-19371
-19403
-19441
-19487
-19535
-19579
-19665
-19779
-19913
-20109
-20323
-20510
-20661
-20844
-21121
-21428
-21661
-21962
-22220
-22016
-22821
-23050
-23378
-23634
-23936
-24155
-23941
-24630
-24840
-25067
-25209
-25399
-25588
-25707
-25791
-25905
-25983
-26048
-26058
-26090
-25993
-25945
-26090
-25962
-25537
-25167
-25065
-24966
-24840
-24777
-24806
-24806
-24743
-24615
-24453
-24292
-24132
-23983
-23716
-23464
-23270
-23098
-22857
-22619
-22420
-22233
-22134
-22021
-21981
-21997
-21976
-21995
-22123
-22277
-22296
-22422
-22544
-22693
-22871
-22880
-22995
-23168
-23277
-23401
-23529
-23714
-23861
-23993
-24142
-24365
-24602
-24760
-24438
-25094
-25249
-25392
-25615
-25854
-25970
-26119
-26340
-26476
-26525
