-88
-165
-184
-138
-140
-201
-188
-209
-216
-233
-182
-184
-189
-207
-178
-172
-237
-216
-168
-197
-226
-212
-201
-239
-252
-235
-254
-218
-266
-292
-270
-306
-289
-271
-285
-304
-275
-258
-247
-271
-237
-216
-281
-304
-270
-144
-73
-42
97
257
61
875
1143
998
914
-159
-375
-357
-205
-54
66
166
332
404
412
276
179
59
-2
5
-41
-92
-163
-191
-264
-226
-146
-149
-109
-63
-481
9
484
-10
-65
-188
-115
-73
-107
-67
-65
-115
-62
-42
-56
-88
-111
-109
-155
-79
-90
-159
-174
-222
-237
-224
-233
-245
-235
-203
-214
-239
-228
-258
-279
-271
-214
-182
-224
-245
-250
-170
-201
-256
-277
-342
-350
-292
-338
-306
-355
-382
-296
-298
-371
-438
-323
-207
-271
-333
-338
-350
-298
-270
-266
-271
-292
-254
-218
-277
-262
-216
-321
-331
-329
-317
-285
-317
-331
-329
-317
-275
-262
-291
-279
-268
-300
-342
-310
-273
-300
-325
-357
-359
-266
-281
-300
-294
-281
-279
-350
-369
-321
-287
-273
-281
-296
-310
-313
-312
-300
-323
-270
-279
-254
-188
-165
-233
-174
-119
-92
-63
-31
-10
-487
-8
41
64
64
47
47
55
34
11
19
47
486
26
93
85
74
13
-27
-29
-2
30
-21
-52
-48
-25
-8
-21
-23
-69
-33
-56
-88
-60
-8
-29
-54
-73
-48
-10
-6
-58
-14
3
-21
-56
-65
-35
-27
19
72
-14
-58
-39
3
-42
-33
486
-52
-58
-20
-67
-52
-20
-14
20
17
-20
41
45
26
34
40
68
152
112
122
47
95
141
127
141
133
34
72
110
57
97
78
34
87
93
74
30
9
22
61
40
103
82
85
87
78
57
57
61
9
5
-487
106
80
47
28
49
55
49
47
7
-29
-25
19
-46
-52
-67
-62
-25
-18
-33
-62
-73
-119
-84
-25
-46
-39
-63
-25
17
-18
-42
-8
24
34
17
486
-20
-25
-65
-100
-71
-54
-65
-92
-58
-111
-155
-161
-174
-220
-245
-212
-189
-197
-224
-216
-184
-153
-174
-149
-117
-188
-151
-144
-115
-92
-119
-111
-126
-126
-67
-88
-75
-58
-44
11
22
55
-42
-29
-14
-20
-54
-27
-8
-6
9
1
45
76
141
104
55
118
156
187
204
177
192
227
282
309
