-369
-334
-308
-333
-401
-344
-308
-323
-300
-333
-321
-327
-313
-317
-252
-252
-249
-237
-188
-205
-289
-268
-220
-241
-271
-336
-317
-273
-239
-230
-226
-298
-317
-361
-323
-344
-333
-310
-354
-363
-359
-334
-386
-375
-384
-331
-357
-338
-369
-346
-359
-388
-277
-260
-252
-327
-323
-296
-275
-291
-342
-357
-340
-321
-329
-300
-224
-231
-321
-325
-268
-228
-302
-271
-291
-313
-321
-310
-271
-271
-273
-262
-231
-182
-163
-147
-130
-73
-52
-81
-41
-67
-69
-71
-65
-77
-31
-8
-67
-10
-21
-27
-480
47
-4
480
-42
-10
-27
-29
-81
-90
-79
-63
-48
-69
-132
-132
-132
-149
-94
-77
-94
-77
-98
-111
-73
-104
-75
-121
-88
-98
-56
-79
-84
-81
-98
-130
-117
-81
-50
-102
-123
-63
-63
-83
-481
1
-86
-111
-96
-37
-29
-73
-75
-50
-88
-102
-60
-20
-100
-111
-67
-60
-126
-77
-42
-46
-105
-128
-83
-60
-63
-54
-138
-102
-94
-119
-147
-105
-115
-161
-155
-189
-220
-258
-258
-216
-203
-222
-216
-256
-252
-245
-291
-302
-266
-289
-321
-279
-271
-228
-222
-264
-277
-289
-302
-317
-329
-315
-340
-363
-382
-382
-334
-409
-413
-354
-350
-394
-382
-359
-304
-331
-329
-289
-348
-268
-333
-401
-418
-409
-397
-392
-388
-396
-418
-396
-420
-459
-459
-512
-516
-481
-978
-453
-487
-571
-533
-527
-541
-527
-552
-531
-499
-478
-2
-483
-445
-485
-541
-449
-449
-523
-541
-615
-571
-508
-483
-537
-567
-581
-567
-537
-577
-571
-565
-544
-972
-480
-2
-974
-432
-6
-464
-384
-386
-373
-315
-396
-432
-422
-397
-331
-348
-365
-308
-363
-375
-342
-430
-415
-352
-394
-394
-388
-361
-382
-382
-409
-401
-376
-336
-365
-396
-380
-380
-443
-445
-432
-418
-376
-399
-6
-974
-460
-533
-527
-554
-502
-562
-567
-546
-546
-554
-565
-619
-571
-569
-579
-602
-630
-636
-644
-705
-674
-611
-628
-617
-642
-623
-604
-626
-638
-630
-661
-655
-640
-678
-712
-701
-724
-766
-743
-722
-773
-810
-745
-773
-813
-854
-810
-775
-806
-823
-789
-762
-760
-749
-754
-756
-735
-731
-703
-707
-771
-720
-649
-617
-565
-520
-584
-640
-640
-617
-600
-623
-619
-584
-569
-569
-626
-644
-670
-661
-607
-563
-575
-554
-481
-502
-500
-470
-451
-460
