-426
-430
-514
-514
-434
-462
-451
-447
-472
-439
-405
-470
-459
-428
-468
-527
-504
-485
-978
-455
-443
-468
-481
-497
-459
-417
-434
-472
-422
-457
-481
-497
-504
-432
-445
-428
-375
-409
-434
-439
-453
-422
-424
-8
-493
-443
-478
-594
-562
-531
-558
-560
-541
-565
-590
-565
-560
-577
-630
-594
-609
-562
-512
-592
-598
-556
-542
-556
-581
-546
-541
-539
-554
-583
-529
-512
-584
-655
-600
-556
-630
-665
-619
-646
-705
-659
-600
-636
-638
-628
-663
-655
-665
-678
-626
-642
-680
-602
-565
-569
-575
-644
-655
-583
-644
-672
-714
-632
-586
-583
-567
-636
-670
-605
-573
-569
-577
-667
-688
-659
-621
-623
-604
-588
-592
-605
-579
-558
-586
-617
-583
-594
-571
-567
-609
-642
-518
-539
-619
-623
-586
-596
-594
-546
-497
-6
-468
-439
-23
-974
-428
-480
-455
-426
-375
-363
-348
-373
-386
-354
-323
-283
-285
-283
-275
-239
-285
-331
-319
-344
-348
-300
-228
-241
-262
-249
-176
-161
-193
-245
-264
-170
-138
-140
-178
-159
-226
-218
-155
-144
-140
-102
-134
-182
-100
-105
-125
-151
-136
-109
-77
-39
-27
-109
-172
-153
-128
-48
-83
-100
-41
-52
-94
-37
-12
-77
-62
-10
32
19
-4
13
22
22
74
47
-37
-23
-10
19
11
-487
55
61
7
-10
26
480
-29
-487
-41
-71
-41
-100
-121
-121
-111
-132
-96
-88
-48
-113
-105
-84
-42
-62
-98
-62
-56
-67
-121
-121
-111
-146
-134
-77
-94
-109
-130
-157
-86
-132
-172
-188
-153
-176
-222
-226
-210
-199
-212
-218
-210
-199
-172
-195
-233
-233
-302
-285
-260
-279
-279
-237
-195
-233
-306
-289
-268
-249
-298
-256
-214
-256
-252
-256
-197
-231
-230
-218
-222
-212
-189
-228
-271
-235
-126
-119
-249
-212
-176
-149
-149
-130
-121
-142
-149
-157
-132
-81
-90
-104
-109
-149
-128
-105
-104
-58
-83
-146
-146
-172
-168
-168
-205
-258
-230
-224
-189
-199
-245
-283
-317
-313
-342
-306
-266
-289
-321
-354
-376
-315
-342
-346
-308
-308
-319
-291
-228
-182
-161
-165
-220
-153
-123
-50
-52
-77
13
70
22
76
57
80
110
141
177
97
76
80
91
62
112
148
164
171
192
240
219
219
238
164
173
257
270
206
181
223
181
160
122
141
145
135
143
