-216
-216
-243
-256
-304
-350
-310
-327
-333
-285
-392
-354
-382
-434
-422
-460
-451
-443
-460
-457
-476
-976
-485
-462
-476
-500
-499
-474
-508
-2
-449
-468
-468
-457
-426
-413
-443
-426
-447
-369
-354
-355
-333
-346
-325
-336
-333
-308
-237
-191
-184
-170
-178
-159
-138
-170
-203
-165
-140
-92
-121
-134
-130
-123
-102
-96
-77
-132
-170
-147
-117
-90
-130
-182
-168
-132
-146
-90
-107
-113
-201
-195
-218
-178
-132
-132
-121
-147
-163
-178
-203
-170
-157
-134
-142
-119
-134
-132
-125
-159
-130
-126
-102
-136
-218
-165
-161
-176
-239
-228
-191
-201
-235
-212
-193
-147
-249
-277
-201
-170
-193
-201
-189
-168
-210
-199
-113
-123
-188
-228
-224
-203
-176
-193
-239
-256
-247
-279
-252
-212
-210
-230
-279
-260
-250
-226
-203
-220
-220
-144
-125
-172
-239
-189
-195
-189
-203
-182
-161
-239
-256
-226
-216
-207
-268
-302
-241
-250
-241
-250
-264
-304
-294
-281
-271
-262
-283
-250
-188
-214
-264
-214
-230
-241
-256
-262
-317
-304
-300
-329
-363
-386
-373
-350
-382
-352
-354
-409
-436
-459
-443
-443
-384
-438
-441
-468
-502
-430
-388
-443
-466
-481
-445
-420
-445
-533
-516
-485
-483
-521
-542
-590
-556
-520
-506
-502
-537
-562
-563
-527
-523
-499
-499
-438
-476
-489
-523
-500
-470
-451
-485
-403
-367
-388
-428
-384
-357
-417
-439
-401
-396
-397
-413
-422
-432
-397
-407
-405
-409
-457
-418
-407
-388
-413
-430
-407
-382
-375
-348
-401
-369
-378
-438
-438
-397
-405
-382
-470
-575
-550
-535
-552
-554
-457
-510
-541
-518
-527
-430
-380
-352
-323
-270
-216
-157
-111
-83
-104
-134
-151
-168
-144
-128
-178
-134
-92
-100
-132
-144
-142
-65
-81
-96
-60
-14
7
32
72
62
106
118
127
125
120
101
97
133
135
93
122
112
38
45
85
95
38
36
74
53
15
24
68
-14
38
68
47
0
-37
-29
15
17
30
74
45
9
-146
-193
-191
-191
-176
-207
-197
-180
-83
-27
-98
-241
-283
-315
-258
-207
-231
-268
-319
-319
-205
-178
-142
-134
-161
-252
-247
-189
-142
-262
-411
-430
-338
-252
-189
-96
-67
-14
62
99
112
103
188
291
295
156
255
412
185
-113
-277
-277
-136
-44
74
108
211
240
221
141
