-363
-361
-357
-365
-340
-411
-424
-397
-348
-340
-373
-354
-380
-415
-348
-300
-344
-329
-237
-279
-273
-239
-218
-203
-210
-186
-176
-136
-161
-168
-96
-90
-84
-83
-41
-39
-39
-489
41
-23
-16
479
-31
-52
-48
-42
-56
-84
-75
-77
-105
-115
-111
-155
-132
-102
-155
-178
-191
-226
-235
-283
-250
-235
-270
-275
-285
-289
-306
-313
-327
-285
-346
-403
-376
-369
-308
-369
-401
-331
-321
-340
-338
-361
-384
-344
-420
-455
-384
-369
-369
-382
-319
-334
-304
-329
-352
-359
-292
-247
-249
-247
-262
-247
-224
-191
-184
-231
-220
-230
-199
-121
-111
-149
-197
-165
-134
-107
-100
-113
-83
-90
-96
-96
-138
-105
-79
-134
-104
-58
-33
-58
-113
-209
-151
-92
-54
-90
-172
-172
-149
-195
-209
-189
-195
-174
-170
-172
-210
-218
-199
-205
-258
-279
-249
-230
-230
-222
-195
-182
-199
-189
-199
-167
-119
-63
-130
-111
-54
484
13
43
36
3
-94
-96
-12
34
-18
-10
-16
-12
-489
-16
1
-23
-75
-81
-107
-130
-128
-125
-146
-163
-132
-105
-123
-125
-138
-128
-216
-230
-134
-54
-83
-111
-174
-167
-151
-147
-115
-153
-157
-178
-214
-235
-212
-189
-237
-235
-203
-203
-207
-226
-233
-174
-188
-180
-184
-199
-134
-136
-165
-176
-195
-191
-201
-205
-136
-128
-119
-98
-146
-107
-46
-75
-75
-107
-144
-159
-86
-125
-178
-184
-153
-189
-214
-239
-231
-218
-188
-203
-188
-184
-188
-142
-134
-77
-136
-140
-75
-29
-117
-56
36
45
80
93
51
57
64
41
116
106
99
70
80
74
61
28
0
-10
-23
-42
-31
-58
-31
-2
-79
-81
-37
-37
-44
-6
7
-6
0
5
-27
24
47
45
24
20
89
61
97
164
129
129
208
255
215
175
166
196
221
171
215
217
196
250
234
265
297
314
263
240
225
223
227
209
246
253
244
227
208
164
166
179
188
183
187
173
112
124
181
135
129
76
97
158
133
112
114
89
72
38
68
76
68
34
7
484
-39
-16
-8
-48
-79
-39
-31
-88
-94
-105
-191
-151
-121
-130
-174
-159
-109
-100
-170
-210
-220
-167
-94
-62
-144
-235
-186
-107
-92
-125
-155
-121
-18
-35
-42
-63
-62
-86
-136
-121
-100
