-468
-472
-489
-499
-485
-460
-396
-420
-453
-455
-352
-363
-476
-422
-346
-401
-361
-317
-294
-375
-375
-344
-350
-338
-325
-313
-289
-281
-207
-195
-252
-241
-126
-105
-220
-130
-75
-90
-83
-100
-117
-90
-73
-96
-23
30
-8
-2
36
40
-31
1
26
11
87
99
45
24
38
17
64
78
74
59
62
34
80
122
97
114
103
103
148
93
93
97
78
36
66
74
55
78
72
68
95
91
70
70
74
78
45
1
22
-48
-52
-77
-489
9
-33
-20
-31
-8
-29
-44
-23
-18
-489
3
-6
41
-16
-75
-41
-54
-33
1
1
-50
-481
11
3
-39
-48
-105
-98
-92
-94
-142
-149
-140
-146
-161
-199
-203
-144
-170
-182
-188
-189
-191
-203
-142
-151
-191
-228
-205
-207
-193
-214
-226
-245
-226
-256
-237
-249
-275
-271
-258
-289
-210
-252
-279
-216
-230
-245
-243
-260
-268
-266
-264
-224
-193
-178
-163
-195
-184
-191
-243
-209
-184
-157
-144
-189
-201
-237
-214
-199
-163
-182
-256
-264
-191
-186
-222
-155
-138
-218
-218
-176
-186
-191
-180
-189
-163
-186
-170
-117
-170
-197
-126
-109
-142
-212
-201
-132
-163
-153
-83
-69
-117
-172
-197
-136
-94
-119
-63
-48
-63
-111
-98
-105
-115
-104
-79
-92
-104
-109
-62
-71
-84
-132
-151
-157
-209
-147
-132
-138
-94
-77
-14
5
-33
-18
-18
-50
19
11
-42
-37
5
-23
-16
15
19
3
13
22
-487
26
11
-2
40
68
80
68
82
122
118
179
236
272
238
192
167
194
217
194
124
209
213
179
194
200
145
137
196
175
154
141
164
181
131
145
99
62
97
143
127
61
83
70
26
49
32
-487
-8
5
486
11
7
-63
-65
-65
-71
-27
-16
-63
-50
-42
-71
-117
-161
-147
-142
-170
-165
-182
-201
-146
-155
-218
-285
-226
-218
-197
-262
-285
-258
-268
-188
-252
-283
-312
-300
-312
-302
-256
-283
-279
-291
-275
-201
-268
-323
-334
-315
-296
-296
-281
-296
-323
-306
-285
-292
-283
-243
-247
-254
-277
-249
-205
-273
-317
-264
-226
-292
-233
-226
-212
-277
-243
-245
-241
-252
-247
-186
-214
-224
-231
-281
-262
-241
-245
-270
-302
-312
-312
-283
-306
-302
-271
-260
-289
-256
-233
