-478
-378
-394
-386
-441
-449
-426
-420
-443
-439
-436
-428
-472
-497
-422
-415
-472
-451
-489
-521
-491
-459
-510
-577
-556
-964
-403
-466
-499
-508
-558
-495
-497
-424
-439
-438
-415
-464
-409
-388
-359
-323
-346
-298
-260
-279
-260
-193
-209
-237
-256
-199
-170
-203
-163
-109
-142
-147
-163
-149
-144
-178
-167
-180
-270
-247
-235
-230
-237
-262
-291
-258
-222
-201
-226
-228
-262
-292
-281
-273
-260
-199
-220
-258
-239
-167
-216
-230
-233
-281
-292
-342
-380
-382
-388
-432
-441
-438
-430
-439
-403
-418
-459
-443
-407
-460
-544
-539
-460
-485
-470
-462
-468
-462
-542
-609
-607
-605
-520
-523
-556
-565
-552
-579
-594
-604
-594
-586
-602
-623
-630
-699
-716
-703
-678
-672
-705
-710
-731
-684
-705
-745
-697
-684
-701
-619
-636
-695
-655
-659
-634
-646
-646
-710
-716
-619
-598
-684
-659
-575
-544
-563
-646
-592
-573
-563
-592
-609
-613
-588
-562
-978
-2
-542
-516
-502
-529
-567
-548
-537
-529
-583
-575
-588
-554
-581
-575
-558
-546
-520
-520
-521
-541
-596
-525
-497
-569
-600
-560
-510
-529
-535
-502
-8
-504
-487
-546
-552
-516
-567
-594
-565
-542
-556
-563
-573
-579
-537
-521
-581
-562
-539
-514
-504
-428
-512
-459
-436
-506
-499
-426
-432
-478
-468
-424
-430
-439
-443
-407
-449
-470
-483
-447
-430
-405
-420
-455
-487
-487
-516
-548
-521
-504
-495
-539
-476
-470
-577
-500
-495
-500
-504
-508
-520
-499
-550
-542
-506
-510
-548
-573
-537
-565
-541
-533
-558
-565
-556
-493
-4
-512
-552
-510
-16
-560
-512
-500
-510
-525
-514
-470
-443
-483
-563
-512
-460
-531
-590
-560
-565
-512
-531
-577
-537
-512
-504
-531
-483
-476
-573
-527
-472
-508
-565
-552
-502
-518
-451
-407
-459
-2
-497
-495
-476
-447
-439
-443
-453
-462
-451
-422
-422
-415
-371
-411
-409
-376
-371
-376
-302
-319
-352
-348
-367
-363
-396
-359
-275
-285
-279
-289
-327
-333
-275
-226
-209
-235
-271
-191
-140
-94
-92
-121
-44
-44
-88
-75
-65
-4
-14
28
-10
-37
-50
-31
3
-31
-46
-33
-46
-14
-12
-42
-81
-20
3
486
38
43
30
3
-8
49
45
30
24
40
66
83
41
74
24
17
34
41
1
-23
51
95
110
41
3
17
64
