-182
-155
-189
-170
-126
-105
-84
-83
-69
-489
7
-8
24
91
80
9
30
87
106
101
34
30
19
30
91
85
41
68
74
64
34
61
93
5
-8
80
68
47
3
-8
72
13
-487
22
-16
-8
-2
19
-10
-54
-2
-52
-94
-75
-79
-67
-98
-75
-86
-117
-138
-138
-168
-170
-144
-161
-144
-128
-126
-172
-153
-151
-147
-147
-125
-111
-201
-188
-159
-168
-153
-130
-107
-113
-170
-189
-212
-209
-191
-126
-168
-205
-193
-201
-216
-199
-159
-230
-271
-222
-188
-119
-149
-136
-151
-111
-102
-79
-117
-109
-126
-140
-126
-92
-109
-189
-149
-132
-138
-155
-209
-189
-136
-142
-191
-209
-224
-186
-191
-203
-186
-107
-115
-88
-94
-92
-71
-100
-58
-12
-65
-126
-81
-33
-63
-62
-60
-50
-81
-126
-149
-109
-39
-60
-60
-63
-42
-48
-62
-10
-41
-44
-60
-46
36
486
-63
-21
36
41
43
36
43
-20
-31
-37
22
479
-58
-123
-81
-23
-84
-136
-163
-218
-237
-170
-146
-159
-205
-193
-224
-134
-147
-191
-188
-153
-84
-92
-117
-125
-136
-98
-147
-161
-163
-182
-195
-157
-184
-184
-159
-188
-247
-205
-144
-130
-161
-189
-134
-67
-42
-77
-39
-29
20
32
43
47
74
83
114
116
116
103
78
99
125
91
106
139
156
97
116
143
101
104
34
15
51
91
78
43
7
28
64
51
70
61
-33
-18
30
-8
-489
34
64
85
104
82
49
28
82
61
70
112
83
47
49
51
30
17
-46
-37
19
9
-46
-96
-102
-58
-73
-39
-67
-84
-128
-142
-184
-197
-163
-159
-176
-193
-237
-228
-195
-216
-268
-250
-224
-230
-254
-291
-350
-279
-271
-262
-270
-354
-350
-264
-268
-350
-363
-334
-313
-302
-300
-289
-376
-376
-323
-281
-359
-317
-245
-302
-279
-312
-279
-247
-191
-136
-109
-96
-96
-109
-188
-189
-207
-218
-184
-79
-121
-243
-252
-195
-168
-224
-289
-262
-298
-287
-222
-319
-348
-359
-287
-285
-302
-283
-271
-306
-287
-275
-231
-172
-178
-268
-262
-241
-245
-245
-220
-218
-275
-230
-245
-277
-275
-285
-333
-283
-296
-270
-279
-289
-327
-315
-336
-296
-245
-212
-273
-252
-216
-159
-147
-199
-188
-172
-182
-168
-174
-159
-134
