-563
-495
-541
-567
-556
-592
-636
-607
-607
-596
-684
-684
-592
-634
-646
-659
-680
-615
-588
-584
-623
-632
-590
-619
-697
-695
-615
-581
-611
-613
-579
-655
-604
-594
-609
-701
-714
-682
-668
-674
-712
-703
-714
-728
-695
-743
-792
-710
-760
-752
-768
-806
-806
-846
-808
-770
-781
-789
-844
-863
-829
-794
-808
-817
-749
-701
-762
-869
-834
-815
-825
-865
-863
-842
-865
-909
-812
-775
-821
-789
-735
-768
-722
-680
-668
-718
-712
-707
-672
-688
-731
-663
-649
-661
-628
-661
-676
-674
-659
-621
-556
-537
-550
-550
-531
-516
-478
-434
-508
-550
-506
-422
-388
-420
-424
-428
-447
-478
-424
-396
-369
-401
-396
-296
-294
-317
-281
-188
-262
-306
-243
-191
-224
-266
-170
-128
-186
-159
-119
-157
-138
-100
-121
-52
-90
-94
-75
-67
-42
-52
-83
-102
-94
-100
-58
-18
-96
-94
15
47
-10
-50
-56
-27
11
-14
26
22
24
1
-21
15
19
-18
-20
-476
9
-31
-46
-63
-73
-46
-92
-79
-96
-69
-67
-128
-121
-73
-100
-123
-104
-98
-159
-168
-104
-121
-165
-170
-142
-170
-239
-228
-216
-209
-268
-346
-348
-378
-376
-373
-397
-401
-401
-405
-403
-415
-472
-413
-384
-411
-394
-384
-375
-447
-430
-369
-430
-409
-365
-344
-386
-397
-420
-375
-394
-438
-422
-344
-361
-382
-382
-338
-378
-346
-270
-226
-262
-201
-195
-170
-209
-172
-136
-165
-107
-46
-39
-478
28
-42
-25
-12
-489
76
76
-58
-10
57
55
24
13
-8
38
106
62
43
32
36
68
68
110
103
78
51
45
1
38
137
116
127
167
154
129
148
175
234
185
183
192
206
234
185
166
166
213
116
55
80
120
141
89
74
83
162
118
85
82
93
114
85
57
51
59
51
70
51
78
89
89
51
22
0
15
47
15
-8
-483
59
9
-483
53
66
26
70
28
11
41
-23
-23
-4
26
47
41
64
45
22
82
99
78
118
156
118
83
125
118
112
171
158
135
190
152
143
148
93
95
137
106
55
45
87
93
106
93
80
72
127
122
89
95
68
53
70
146
146
183
158
108
141
110
143
164
99
13
55
49
-6
38
28
-12
-44
-489
479
-81
