131
129
135
139
141
181
234
291
269
219
227
236
236
240
259
312
349
337
351
349
381
416
425
437
402
406
454
530
532
490
461
5
507
553
530
501
444
442
469
427
402
396
398
410
385
366
387
400
372
351
360
414
406
332
322
353
341
301
291
322
311
263
219
248
284
246
208
211
236
229
190
232
190
173
227
232
217
272
267
270
290
286
280
242
213
219
187
112
116
133
137
91
82
91
101
66
55
20
-27
32
78
-21
-63
-107
-186
-168
-147
-157
-250
-268
-258
-264
-325
-344
-359
-317
-321
-310
-365
-418
-470
-426
-405
-399
-418
-480
-483
-516
-527
-527
-577
-562
-466
-472
-541
-577
-670
-703
-613
-594
-563
-546
-594
-626
-651
-672
-689
-636
-659
-688
-756
-771
-749
-848
-875
-844
-710
-632
-676
-733
-733
-741
-773
-829
-777
-754
-810
-802
-750
-758
-705
-697
-701
-705
-697
-722
-728
-647
-590
-602
-573
-609
-619
-602
-619
-625
-598
-598
-590
-586
-563
-598
-642
-586
-588
-541
-514
-474
-527
-537
-531
-537
-546
-550
-602
-596
-625
-628
-594
-609
-604
-569
-642
-621
-632
-640
-579
-575
-502
-518
-554
-548
-539
-571
-514
-480
-542
-525
-451
-426
-445
-445
-432
-401
-325
-306
-355
-348
-260
-279
-249
-184
-182
-218
-224
-149
-189
-188
-195
-165
-126
-65
-96
-88
-39
-21
-75
-79
-37
15
36
34
480
1
51
28
24
24
22
32
74
34
55
9
43
24
38
41
-21
-52
-23
-14
-8
-63
-20
-29
-104
-109
-123
-96
-113
-144
-113
-88
-102
-128
-161
-147
-151
-167
-188
-159
-174
-188
-180
-191
-210
-197
-174
-105
-88
-98
-100
-62
-65
-75
-125
-86
-50
-62
-75
-60
-29
-29
19
7
5
1
-75
-86
-39
22
36
19
-10
-20
11
53
66
70
479
-20
-23
11
479
-60
-487
5
-44
-10
7
-23
45
62
5
61
68
38
5
-483
-23
-54
-25
-2
-23
-100
-105
-18
-31
-100
-155
-180
-176
-172
-184
-220
-220
-214
-214
-287
-275
-207
-210
-271
-281
-275
-210
-157
-105
-136
-189
-216
-214
-224
-182
-159
-168
-191
-142
-151
-170
-165
-191
-201
-189
-245
-285
-336
-298
-281
-296
-329
-315
-296
-310
