-401
-367
-340
-340
-317
-323
-338
-292
-275
-277
-252
-279
-285
-291
-216
-167
-178
-207
-174
-128
-126
-84
-96
-128
-54
-42
-84
-121
-67
-92
-73
-487
-12
-39
-4
486
-73
-42
-42
-81
-69
-77
9
0
-94
-73
-54
-75
-88
-86
-146
-165
-117
-115
-111
-111
-117
-98
-138
-126
-88
-79
-92
-77
-83
-69
-111
-113
-83
-125
-170
-146
-197
-189
-182
-203
-222
-239
-231
-212
-210
-254
-237
-250
-247
-270
-273
-271
-249
-298
-260
-222
-239
-308
-352
-371
-271
-270
-310
-371
-334
-342
-354
-357
-375
-342
-313
-334
-306
-258
-292
-283
-285
-289
-266
-224
-281
-313
-315
-275
-230
-247
-249
-203
-262
-266
-281
-256
-302
-346
-355
-350
-334
-310
-321
-382
-399
-436
-397
-369
-312
-285
-357
-462
-441
-302
-279
-294
-327
-306
-291
-334
-323
-306
-342
-331
-340
-336
-344
-312
-302
-357
-378
-325
-308
-287
-354
-338
-254
-304
-354
-396
-384
-331
-327
-340
-384
-333
-294
-375
-422
-375
-344
-346
-300
-338
-344
-333
-287
-266
-308
-413
-376
-291
-228
-239
-262
-291
-235
-174
-233
-271
-277
-207
-199
-239
-277
-304
-271
-245
-260
-218
-157
-90
-140
-195
-126
-75
-52
-52
-52
-79
-35
3
3
3
-487
-16
-63
-37
-18
-62
-69
-480
20
475
-37
-21
-23
-8
-14
-33
-25
-31
-33
-6
-21
-12
-21
-37
-10
5
22
484
-31
-60
-25
-10
-8
-37
-96
-132
-96
-102
-111
-98
-98
-96
-144
-123
-119
-121
-159
-178
-203
-201
-146
-100
-92
-147
-209
-191
-220
-197
-188
-201
-222
-300
-268
-273
-289
-300
-344
-331
-281
-220
-312
-346
-357
-306
-319
-397
-331
-342
-386
-388
-354
-361
-6
-976
-376
-422
-529
-466
-449
-418
-460
-439
-432
-409
-466
-430
-390
-401
-418
-449
-512
-451
-428
-413
-464
-432
-418
-434
-470
-485
-466
-460
-432
-457
-478
-481
-460
-439
-455
-445
-369
-409
-464
-434
-430
-392
-466
-397
-378
-354
-403
-443
-441
-439
-420
-468
-451
-411
-403
-401
-430
-432
-430
-434
-449
-466
-468
-487
-506
-495
-478
-497
-457
-14
-537
-972
-499
-500
-552
-605
-556
-516
-500
-569
-533
-523
-518
-541
-483
-485
-487
-428
-407
-476
-481
-455
-457
-432
-413
-438
-409
-439
-411
-365
-382
-350
-310
-359
-401
