-163
-209
-207
-220
-193
-176
-174
-170
-174
-157
-174
-163
-176
-163
-115
-193
-214
-140
-79
-115
-134
-189
-172
-132
-102
-125
-130
-134
-125
-102
-65
-73
-44
-94
-90
-105
-136
-128
-50
1
0
-42
-480
9
-52
-485
38
477
-37
1
-63
-60
7
0
-6
-6
-42
-67
-73
-41
-50
-31
-39
-119
-111
-107
-144
-180
-235
-170
-203
-226
-233
-283
-338
-300
-317
-336
-409
-403
-401
-426
-378
-401
-447
-459
-430
-483
-464
-529
-548
-562
-602
-605
-598
-607
-605
-628
-638
-588
-596
-634
-630
-609
-634
-600
-604
-605
-577
-531
-491
-527
-542
-523
-974
-508
-445
-388
-394
-405
-355
-333
-392
-426
-367
-355
-361
-413
-359
-291
-281
-321
-289
-235
-199
-237
-260
-243
-199
-199
-176
-184
-168
-126
-88
-138
-136
-83
-75
-54
-60
-109
-142
-92
-65
-100
-136
-146
-111
-111
-151
-107
-86
-125
-86
-105
-132
-117
-121
-115
-115
-84
-125
-159
-140
-144
-121
-155
-157
-136
-151
-147
-121
-153
-167
-153
-197
-222
-170
-117
-136
-134
-115
-115
-54
-88
-94
-75
-37
-56
-37
11
-35
-81
-104
-94
-117
-107
-125
-102
-109
-105
-111
-123
-100
-104
-119
-125
-184
-193
-170
-168
-186
-201
-249
-230
-222
-243
-306
-264
-258
-270
-287
-258
-241
-231
-235
-247
-291
-212
-182
-231
-258
-241
-203
-256
-258
-298
-338
-268
-325
-315
-298
-296
-285
-283
-231
-254
-205
-235
-231
-220
-201
-153
-180
-195
-231
-207
-90
-126
-151
-161
-155
-142
-153
-151
-96
-125
-161
-147
-115
-128
-94
-157
-163
-132
-146
-161
-159
-115
-48
-126
-149
-96
-117
-123
-94
-130
-161
-188
-157
-163
-134
-144
-209
-228
-226
-233
-235
-245
-273
-296
-254
-296
-273
-300
-325
-354
-361
-338
-382
-361
-369
-298
-344
-428
-382
-352
-401
-396
-396
-376
-373
-354
-327
-350
-382
-376
-363
-315
-313
-323
-323
-376
-312
-270
-245
-289
-313
-317
-306
-285
-239
-294
-315
-254
-266
-233
-176
-174
-167
-180
-88
-107
-130
-191
-163
-58
-102
-100
-102
-174
-172
-163
-81
-69
-109
-119
-109
-149
-188
-165
-134
-121
-168
-155
-159
-121
-168
-182
-182
-132
-167
-207
-172
-161
-151
-121
-157
-212
-216
-270
-292
-262
-291
-281
-283
-235
-260
-296
-298
-281
-285
-340
-367
