188
200
185
221
229
248
261
257
251
248
303
270
257
314
332
280
307
274
270
261
290
309
297
288
261
265
255
286
291
259
248
232
232
230
194
135
171
127
124
57
20
53
61
43
-18
-41
-20
-90
-113
-109
-81
-105
-136
-170
-130
-186
-224
-273
-230
-203
-231
-273
-292
-268
-256
-264
-291
-291
-312
-302
-271
-306
-296
-292
-256
-277
-321
-298
-313
-325
-304
-340
-281
-247
-254
-327
-359
-298
-271
-289
-281
-243
-235
-218
-216
-210
-220
-168
-170
-188
-132
-86
-71
-39
-21
-46
-128
-100
-21
-31
-52
-27
-21
19
19
3
-50
-2
66
28
-23
7
74
103
66
30
66
32
53
36
38
49
479
-60
-46
-44
-27
-18
-35
-81
9
456
-69
-41
11
-52
-94
-25
-92
-105
-79
-75
-107
-71
-100
-146
-100
-58
-96
-96
-155
-212
-167
-105
-138
-172
-195
-220
-195
-182
-199
-210
-230
-239
-258
-224
-214
-254
-237
-220
-237
-237
-205
-203
-245
-270
-216
-241
-291
-273
-214
-249
-239
-250
-271
-268
-235
-264
-281
-245
-239
-180
-170
-210
-199
-189
-149
-138
-157
-144
-151
-115
-159
-193
-157
-130
-163
-161
-212
-193
-214
-207
-189
-178
-193
-233
-233
-216
-172
-157
-203
-212
-170
-172
-142
-123
-174
-170
-186
-210
-157
-151
-165
-195
-146
-155
-163
-216
-176
-125
-184
-214
-167
-235
-224
-289
-264
-264
-224
-226
-252
-268
-245
-258
-235
-203
-188
-266
-270
-249
-249
-308
-268
-289
-287
-279
-300
-247
-250
-245
-214
-247
-306
-275
-304
-230
-197
-275
-262
-210
-252
-258
-254
-226
-256
-270
-304
-289
-329
-333
-325
-268
-308
-285
-281
-281
-243
-243
-239
-224
-250
-201
-188
-172
-233
-205
-167
-134
-161
-188
-188
-212
-191
-188
-199
-220
-237
-201
-138
-90
-33
-58
-75
-75
-487
-16
-48
-46
-33
7
74
114
70
53
85
112
110
89
76
32
55
93
101
62
70
68
82
64
72
78
70
43
72
99
93
87
110
125
112
120
122
116
70
116
83
38
-16
-10
41
1
-41
9
40
-12
-63
-58
-62
-86
-102
-121
-90
-104
-104
-58
-73
-151
-134
-90
-105
-117
-119
-123
-121
-178
-252
-226
-193
-247
-273
-281
-270
-275
-270
-275
