-191
-209
-231
-176
-199
-182
-153
-178
-249
-216
-210
-209
-247
-313
-352
-312
-319
-308
-327
-325
-310
-361
-323
-319
-375
-384
-354
-352
-376
-354
-378
-312
-310
-363
-319
-363
-334
-348
-354
-371
-336
-323
-359
-340
-354
-336
-418
-417
-411
-384
-413
-401
-418
-459
-460
-462
-462
-441
-460
-411
-380
-439
-485
-485
-4
-466
-417
-415
-472
-485
-438
-426
-466
-466
-516
-554
-521
-493
-489
-533
-533
-462
-449
-533
-510
-438
-535
-558
-550
-590
-527
-533
-512
-544
-567
-575
-563
-546
-512
-466
-562
-605
-588
-607
-604
-542
-581
-638
-676
-661
-680
-707
-689
-678
-684
-756
-781
-808
-817
-787
-775
-783
-833
-850
-911
-909
-878
-909
-873
-880
-892
-882
-850
-875
-867
-869
-852
-810
-741
-771
-750
-764
-775
-760
-672
-688
-701
-659
-663
-653
-657
-667
-649
-647
-621
-619
-630
-709
-651
-615
-628
-668
-577
-581
-527
-506
-586
-573
-586
-565
-516
-499
-468
-476
-493
-470
-420
-426
-426
-413
-417
-388
-411
-388
-409
-418
-413
-386
-434
-411
-401
-403
-436
-422
-451
-413
-415
-367
-409
-487
-394
-357
-363
-378
-399
-333
-344
-312
-323
-344
-348
-342
-325
-319
-373
-392
-350
-275
-281
-258
-273
-302
-331
-285
-304
-333
-327
-317
-327
-344
-333
-304
-306
-289
-277
-308
-291
-333
-289
-285
-304
-296
-258
-262
-271
-231
-275
-350
-361
-308
-239
-218
-268
-319
-336
-336
-375
-384
-405
-396
-407
-447
-394
-382
-472
-459
-422
-485
-508
-468
-481
-497
-472
-453
-430
-455
-466
-432
-417
-426
-12
-554
-474
-470
-546
-523
-411
-384
-474
-556
-523
-462
-462
-537
-474
-455
-480
-508
-485
-438
-424
-445
-447
-428
-464
-455
-436
-373
-422
-407
-413
-426
-455
-409
-333
-365
-329
-254
-260
-243
-216
-277
-300
-275
-231
-239
-273
-277
-252
-235
-260
-283
-245
-239
-231
-214
-292
-239
-294
-352
-279
-199
-186
-207
-205
-203
-212
-199
-157
-172
-216
-188
-167
-174
-117
-149
-151
-105
-132
-155
-146
-102
-71
-48
-88
-147
-161
-113
-119
-104
-109
-96
-94
-90
-144
-147
-98
-151
-197
-113
-125
-138
-113
-83
-56
-90
-88
-33
-29
-27
-8
9
1
-31
-12
3
28
32
24
-29
24
15
-6
22
40
57
99
143
93
154
217
232
181
202
