-334
-357
-319
-287
-312
-348
-365
-308
-313
-344
-350
-331
-289
-260
-296
-336
-249
-212
-231
-249
-268
-256
-256
-260
-233
-222
-212
-287
-300
-258
-258
-302
-291
-233
-233
-291
-279
-209
-197
-193
-163
-210
-218
-239
-168
-165
-147
-98
-119
-149
-105
-65
-107
-184
-180
-178
-205
-189
-220
-209
-254
-312
-277
-296
-317
-363
-413
-455
-424
-439
-434
-417
-401
-426
-459
-499
-525
-470
-2
-500
-510
-525
-541
-516
-508
-523
-497
-472
-10
-533
-583
-533
-506
-481
-476
-485
-512
-525
-560
-554
-581
-556
-577
-554
-533
-573
-586
-579
-537
-590
-605
-577
-508
-565
-581
-577
-562
-592
-562
-550
-550
-514
-478
-434
-441
-417
-457
-455
-483
-449
-403
-392
-464
-495
-478
-411
-451
-405
-386
-457
-449
-422
-460
-426
-344
-312
-323
-331
-331
-342
-304
-294
-277
-241
-205
-212
-203
-216
-153
-189
-220
-235
-228
-210
-256
-212
-216
-231
-258
-220
-262
-230
-172
-243
-327
-329
-354
-350
-298
-306
-375
-380
-411
-380
-352
-361
-348
-359
-363
-378
-403
-401
-346
-354
-361
-355
-392
-388
-436
-413
-365
-399
-380
-14
-533
-978
-474
-424
-439
-472
-4
-10
-537
-518
-571
-563
-495
-2
-586
-558
-443
-483
-491
-451
-434
-468
-480
-430
-422
-445
-453
-432
-424
-443
-8
-445
-426
-476
-485
-428
-436
-418
-457
-460
-451
-443
-367
-352
-397
-386
-361
-312
-359
-296
-275
-260
-266
-249
-222
-212
-235
-233
-168
-130
-174
-142
-130
-138
-115
-41
-33
-83
-98
-73
-466
87
110
49
43
143
164
169
135
173
234
229
215
230
225
171
156
187
234
261
202
160
179
164
234
269
244
211
217
278
240
183
190
158
108
76
40
34
55
36
26
97
62
55
85
85
127
47
36
112
91
36
76
59
19
38
34
106
106
49
3
43
-21
-90
-151
-65
-50
-168
-138
-126
-115
-98
-126
-140
-134
-126
-210
-209
-247
-226
-247
-230
-230
-210
-216
-264
-273
-241
-233
-243
-186
-233
-220
-256
-249
-241
-188
-205
-218
-258
-270
-300
-319
-359
-344
-317
-336
-346
-346
-292
-313
-317
-375
-397
-323
-344
-344
-375
-325
-329
-367
-346
-373
-323
-315
-355
-359
-355
-317
-321
-348
-357
-247
-298
-346
-375
-315
-323
-294
-304
