-376
-365
-388
-397
-342
-401
-394
-336
-399
-403
-371
-329
-344
-371
-329
-350
-365
-397
-376
-375
-386
-443
-403
-409
-407
-436
-422
-384
-430
-449
-426
-443
-417
-386
-388
-365
-312
-386
-411
-384
-378
-375
-365
-390
-357
-365
-344
-363
-392
-411
-355
-315
-350
-336
-352
-354
-287
-228
-268
-334
-323
-268
-300
-323
-277
-289
-271
-271
-258
-294
-298
-289
-222
-270
-292
-289
-296
-258
-186
-188
-245
-228
-260
-287
-287
-281
-264
-342
-373
-447
-420
-367
-380
-413
-396
-361
-418
-451
-449
-432
-430
-508
-544
-516
-516
-552
-604
-588
-590
-552
-556
-560
-598
-600
-546
-565
-548
-556
-562
-550
-592
-525
-537
-512
-523
-533
-520
-510
-542
-976
-497
-544
-521
-495
-500
-518
-470
-459
-485
-453
-413
-420
-481
-476
-449
-16
-508
-443
-424
-397
-397
-399
-460
-436
-420
-439
-455
-428
-443
-483
-556
-556
-497
-504
-516
-506
-502
-512
-558
-598
-581
-565
-600
-632
-670
-626
-617
-638
-647
-647
-609
-617
-592
-607
-626
-596
-565
-546
-541
-583
-562
-506
-459
-497
-523
-491
-438
-487
-573
-525
-533
-525
-472
-436
-405
-407
-382
-340
-289
-310
-329
-292
-298
-329
-308
-300
-285
-228
-266
-277
-331
-264
-199
-191
-199
-212
-170
-178
-149
-140
-161
-199
-144
-117
-119
-138
-161
-199
-239
-180
-195
-184
-147
-195
-191
-237
-174
-151
-178
-149
-81
-121
-69
-54
-67
-69
-480
34
57
62
3
-25
64
62
34
51
83
91
72
28
74
70
32
-27
-23
-29
-25
-41
-50
-81
-96
-27
-20
-489
-8
-67
-86
-115
-100
-100
-92
-109
-149
-104
-126
-146
-119
-92
-123
-163
-136
-151
-121
-182
-205
-126
-172
-178
-165
-161
-188
-180
-142
-107
-83
-130
-102
-165
-205
-165
-111
-98
-96
-44
-75
-113
-86
-71
-41
-96
-52
-52
-29
-12
-10
-86
-41
-20
-14
-73
-88
-163
-142
-67
-27
-54
-113
-104
-111
-83
-52
-67
-77
-79
-58
-73
-46
-81
-96
-88
-62
-52
-102
-134
-48
-31
5
-18
-25
-25
-18
-489
22
-12
-10
-35
13
49
40
7
0
-52
17
15
-21
-37
17
36
486
-21
-63
-81
-69
-58
-58
-67
-100
-83
-126
-128
-86
-48
-105
-123
-75
-33
-54
-96
-56
-60
-83
-39
-54
-83
-128
