-468
-483
-462
-411
-413
-443
-508
-411
-405
-420
-405
-445
-466
-436
-438
-499
-480
-422
-453
-520
-542
-472
-422
-8
-537
-504
-474
-436
-428
-4
-552
-518
-542
-565
-520
-525
-546
-512
-493
-489
-506
-506
-552
-523
-531
-552
-567
-571
-626
-642
-688
-651
-596
-626
-626
-647
-640
-636
-630
-607
-611
-605
-581
-579
-623
-634
-604
-563
-541
-552
-556
-573
-573
-539
-602
-575
-625
-625
-611
-607
-632
-586
-623
-644
-674
-663
-567
-625
-630
-581
-583
-598
-544
-525
-560
-533
-539
-451
-462
-443
-439
-497
-474
-420
-409
-441
-443
-430
-449
-443
-459
-428
-407
-451
-480
-457
-449
-411
-432
-397
-430
-436
-415
-359
-363
-359
-392
-317
-283
-306
-382
-363
-312
-279
-262
-235
-226
-271
-258
-237
-210
-228
-203
-231
-228
-207
-149
-113
-191
-153
-147
-132
-88
-90
-147
-96
-81
-60
-67
-98
-115
-113
-134
-115
-71
-119
-119
-104
-94
-126
-195
-209
-165
-184
-155
-184
-174
-207
-96
-50
-128
-142
-134
-189
-149
-100
-146
-140
-134
-142
-151
-188
-125
-88
-132
-210
-191
-149
-165
-193
-174
-176
-170
-224
-144
-136
-167
-218
-207
-191
-203
-220
-237
-210
-189
-205
-239
-260
-275
-283
-254
-245
-277
-292
-302
-281
-245
-249
-294
-249
-231
-302
-279
-214
-186
-191
-241
-245
-233
-163
-138
-157
-178
-121
-111
-86
-128
-119
-96
-130
-138
-136
-113
-144
-134
-147
-153
-100
-67
-83
-147
-126
-81
-96
-37
-98
-138
-111
-71
-71
-130
-125
-81
-111
-77
-79
-65
-105
-46
-20
-23
-58
-41
-14
-67
-54
-46
-6
-12
-16
-33
22
9
15
7
43
68
91
22
17
62
24
-16
28
471
-79
-81
-60
-119
-128
-115
-165
-132
-128
-182
-136
-105
-92
-107
-105
-105
-54
-90
-60
-25
-79
-86
-50
-33
-18
-18
-35
36
49
-23
-35
11
70
89
66
99
133
162
160
181
202
230
246
240
269
307
270
267
223
215
267
238
267
318
314
316
356
374
370
328
353
393
366
391
450
425
429
425
461
385
395
429
448
406
360
347
297
318
295
259
290
204
192
196
250
269
183
175
190
169
164
192
208
158
137
181
192
213
175
146
179
173
141
173
160
135
124
114
103
55
