-264
-277
-325
-371
-411
-357
-352
-439
-455
-418
-453
-411
-432
-436
-480
-451
-468
-466
-472
-418
-424
-466
-445
-407
-392
-369
-361
-333
-344
-376
-397
-294
-331
-302
-346
-354
-327
-340
-350
-304
-233
-222
-216
-224
-287
-333
-289
-268
-285
-294
-270
-271
-230
-226
-256
-250
-231
-207
-218
-184
-243
-273
-283
-209
-266
-235
-216
-197
-220
-228
-296
-228
-205
-214
-260
-277
-304
-292
-260
-277
-306
-331
-327
-296
-277
-241
-302
-308
-300
-262
-289
-296
-285
-287
-344
-344
-310
-256
-222
-228
-203
-159
-136
-184
-218
-228
-258
-252
-237
-241
-220
-170
-138
-132
-165
-140
-136
-153
-146
-107
-35
-52
-77
-67
-39
-27
-481
49
66
55
51
47
59
129
124
122
129
154
181
179
221
211
219
238
232
242
293
312
284
240
217
204
173
179
150
240
190
124
146
146
204
164
110
122
129
175
114
83
137
112
103
64
26
43
62
66
72
11
-60
-480
55
55
-75
-117
-119
-69
-29
-92
-163
-140
-98
-94
-98
-128
-146
-144
-149
-189
-195
-226
-228
-220
-222
-285
-256
-172
-258
-260
-277
-260
-233
-287
-329
-338
-279
-287
-254
-214
-281
-344
-292
-294
-296
-289
-312
-300
-264
-271
-239
-287
-329
-294
-266
-285
-277
-308
-264
-243
-317
-287
-292
-247
-214
-205
-228
-250
-285
-231
-188
-239
-260
-237
-184
-210
-239
-237
-218
-197
-165
-176
-189
-205
-147
-100
-111
-165
-111
-109
-146
-132
-73
-58
-42
-39
-41
-62
-119
-62
-18
-42
-69
-23
-37
-4
-14
-79
-92
-83
-54
-58
-18
-56
-86
-92
-94
-81
-73
-46
-81
-102
-41
-69
-69
-63
-35
-27
-33
-54
-50
-29
-35
-23
-46
-29
-481
51
-18
-83
-50
-20
-4
-10
1
-23
-25
13
486
13
38
36
59
70
66
82
82
62
101
87
82
122
125
85
112
85
148
85
74
146
74
95
133
139
137
62
47
85
85
20
0
38
34
-52
-69
-29
-46
-62
-86
-52
-69
-107
-86
-35
-35
-50
-105
-172
-123
-52
-46
-60
-140
-126
-86
-109
-151
-130
-125
-105
-79
-163
-151
-121
-197
-193
-125
-170
-157
-193
-235
-216
-237
-252
-209
-209
-224
-222
-285
-191
-172
-214
-220
-256
-291
-222
-287
