-18
-35
-65
-44
-4
-12
-25
-14
-489
64
64
484
-35
-39
-489
22
11
15
-10
24
-12
-29
-485
13
-10
-20
7
26
32
484
-29
17
40
32
486
15
30
64
89
95
40
53
26
-12
20
45
467
-4
-44
-52
-56
-44
-50
-63
-79
-113
-92
-142
-147
-134
-125
-140
-180
-153
-167
-241
-199
-174
-147
-147
-205
-252
-176
-172
-220
-180
-191
-243
-256
-254
-243
-243
-258
-298
-268
-239
-224
-243
-207
-273
-298
-262
-237
-233
-275
-262
-218
-254
-231
-239
-292
-222
-184
-218
-256
-245
-222
-222
-218
-216
-199
-176
-189
-231
-247
-205
-193
-243
-224
-210
-199
-212
-199
-172
-180
-144
-207
-228
-241
-243
-243
-247
-281
-277
-281
-260
-271
-298
-296
-268
-294
-296
-359
-296
-249
-254
-231
-239
-270
-214
-239
-243
-224
-170
-228
-262
-235
-224
-149
-96
-126
-134
-168
-115
-104
-126
-136
-96
-73
-69
-84
-54
-113
-163
-151
-96
-86
-157
-197
-140
-117
-105
-81
-48
-50
-117
-134
-63
-56
-132
-151
-83
-63
-88
-119
-134
-174
-125
-94
-176
-230
-239
-249
-266
-222
-241
-270
-216
-264
-268
-233
-228
-260
-254
-268
-193
-170
-186
-155
-174
-188
-157
-151
-195
-283
-245
-268
-266
-289
-296
-310
-394
-380
-325
-323
-344
-338
-359
-333
-319
-346
-361
-386
-388
-355
-386
-411
-355
-417
-407
-399
-415
-436
-411
-432
-460
-424
-369
-352
-371
-413
-411
-315
-333
-392
-354
-340
-321
-298
-275
-247
-226
-256
-207
-180
-167
-153
-161
-149
-168
-184
-222
-249
-237
-231
-237
-210
-216
-210
-239
-279
-256
-214
-182
-207
-228
-224
-216
-233
-207
-209
-170
-235
-275
-256
-247
-237
-266
-310
-250
-252
-302
-302
-258
-270
-256
-289
-292
-298
-321
-340
-302
-312
-325
-323
-252
-304
-313
-338
-292
-245
-283
-308
-321
-224
-161
-132
-172
-121
-126
-117
-123
-104
-81
-121
-136
-155
-123
-146
-134
-134
-144
-96
-100
-119
-130
-163
-176
-146
-180
-184
-146
-121
-62
-50
-104
-83
-12
-23
34
112
152
148
135
114
135
127
154
143
192
211
146
116
112
166
143
118
120
152
166
198
187
103
66
131
118
108
139
112
131
122
118
129
104
158
171
104
110
137
45
40
36
72
83
