-266
-291
-147
-132
-165
-189
-218
-264
-302
-266
-205
-165
-111
-195
-245
-228
-197
-228
-275
-279
-226
-273
-296
-296
-348
-336
-352
-6
-571
-499
-493
-510
-472
-453
-480
-485
-455
-390
-438
-447
-455
-480
-459
-417
-441
-493
-455
-459
-504
-500
-495
-541
-575
-600
-605
-617
-600
-636
-625
-661
-709
-625
-617
-640
-621
-619
-625
-613
-581
-542
-552
-569
-577
-520
-500
-525
-495
-474
-457
-485
-523
-541
-529
-508
-512
-523
-478
-502
-531
-537
-535
-542
-560
-968
-6
-480
-459
-451
-12
-537
-474
-483
-504
-523
-497
-516
-512
-504
-531
-605
-569
-607
-630
-598
-602
-596
-571
-642
-688
-594
-512
-563
-544
-579
-569
-529
-527
-518
-544
-493
-451
-451
-476
-539
-550
-537
-544
-529
-514
-485
-521
-571
-556
-523
-504
-497
-588
-621
-604
-615
-565
-626
-651
-596
-642
-604
-596
-628
-584
-548
-539
-575
-586
-550
-554
-575
-567
-619
-617
-573
-556
-625
-674
-600
-581
-605
-701
-743
-688
-632
-665
-733
-691
-699
-707
-680
-638
-686
-710
-678
-647
-693
-665
-615
-581
-657
-647
-634
-634
-625
-602
-581
-607
-581
-630
-594
-569
-586
-670
-651
-655
-628
-653
-684
-670
-663
-640
-638
-716
-707
-672
-628
-676
-726
-737
-754
-747
-731
-680
-649
-628
-642
-672
-693
-674
-707
-670
-646
-605
-653
-644
-655
-607
-579
-663
-684
-672
-676
-724
-716
-701
-689
-728
-667
-653
-667
-644
-625
-638
-674
-628
-625
-605
-689
-663
-626
-621
-642
-663
-621
-625
-646
-621
-604
-596
-584
-964
-476
-476
-497
-464
-451
-403
-394
-445
-504
-483
-405
-401
-466
-472
-10
-554
-527
-508
-970
-428
-460
-476
-441
-430
-453
-434
-375
-365
-415
-460
-365
-357
-394
-354
-373
-348
-380
-338
-321
-365
-357
-340
-279
-333
-348
-340
-296
-283
-346
-334
-310
-283
-281
-275
-250
-256
-226
-226
-220
-210
-197
-167
-189
-210
-228
-216
-167
-126
-163
-119
-119
-189
-157
-201
-216
-207
-239
-252
-256
-268
-279
-336
-380
-426
-375
-376
-396
-384
-403
-413
-401
-386
-386
-413
-474
-390
-354
-407
-470
-415
-361
-354
-355
-380
-394
-376
-394
-466
-468
-422
-409
-371
-334
-382
-348
-426
-409
-376
-376
-355
-415
-359
-340
-367
-369
-388
-289
-310
-296
-262
-329
-386
-399
-457
-460
-434
-384
-371
