-8
-63
-86
-73
-39
-63
-71
-60
-100
-86
-60
-60
-63
-90
-65
-23
-2
-92
-146
-117
-83
-107
-100
-100
-125
-115
-44
-62
-50
-44
-35
-21
-33
-56
-86
-41
55
22
-14
-52
-29
15
484
-2
-20
-14
486
-10
13
3
20
19
36
482
-10
66
61
38
20
61
85
51
85
108
108
110
171
219
230
206
175
156
200
274
270
267
242
265
276
278
194
221
219
217
198
198
200
181
162
141
166
188
146
110
103
85
110
91
82
89
45
51
24
486
15
-14
36
7
-58
-35
-12
-8
-12
-39
-54
-81
-67
-90
-81
-126
-107
-121
-140
-212
-252
-157
-155
-210
-201
-220
-163
-203
-159
-172
-203
-182
-180
-228
-201
-132
-149
-224
-201
-115
-178
-172
-147
-157
-203
-233
-216
-222
-203
-189
-250
-321
-292
-226
-210
-310
-367
-340
-334
-230
-243
-275
-342
-352
-277
-258
-327
-369
-336
-310
-287
-319
-319
-296
-281
-323
-352
-302
-331
-331
-390
-411
-397
-384
-352
-363
-359
-336
-361
-428
-478
-449
-12
-466
-392
-399
-521
-455
-399
-439
-453
-462
-453
-468
-523
-504
-978
-529
-499
-562
-590
-604
-600
-499
-476
-550
-527
-468
-16
-541
-531
-512
-472
-447
-436
-434
-409
-359
-355
-390
-365
-409
-438
-375
-449
-474
-430
-415
-417
-388
-455
-480
-489
-476
-447
-405
-367
-399
-472
-462
-447
-417
-397
-418
-418
-436
-397
-327
-355
-420
-399
-388
-417
-424
-378
-331
-365
-407
-384
-371
-327
-325
-363
-361
-325
-310
-312
-289
-338
-338
-304
-285
-247
-226
-220
-260
-188
-189
-193
-174
-195
-203
-149
-111
-123
-147
-136
-146
-149
-165
-226
-258
-252
-258
-294
-315
-312
-308
-285
-319
-342
-313
-294
-361
-348
-375
-357
-336
-323
-325
-250
-197
-214
-266
-283
-226
-256
-241
-239
-275
-254
-233
-271
-250
-256
-296
-344
-304
-300
-302
-336
-336
-331
-396
-394
-405
-394
-399
-518
-518
-472
-451
-480
-453
-405
-462
-548
-516
-506
-506
-533
-558
-541
-541
-577
-569
-514
-510
-527
-6
-451
-428
-472
-481
-972
-464
-443
-18
-537
-483
-506
-476
-468
-468
-588
-542
-493
-514
-510
-514
-533
-497
-508
-520
-491
-556
-548
-506
-525
-506
-516
-537
-550
-970
-2
-495
-417
-459
-453
-459
-438
