160
160
141
89
64
99
118
38
-35
-44
-16
-20
-489
-25
-27
-52
-138
-86
-104
-132
-121
-119
-140
-189
-178
-111
-115
-83
-50
-88
-92
-35
-83
-126
-130
-138
-121
-128
-144
-134
-178
-226
-222
-144
-235
-273
-256
-243
-245
-266
-277
-266
-271
-275
-254
-325
-319
-306
-271
-214
-216
-235
-306
-247
-237
-289
-268
-287
-254
-250
-266
-233
-216
-199
-209
-214
-174
-237
-252
-222
-218
-224
-195
-233
-218
-140
-132
-155
-155
-134
-149
-212
-224
-193
-147
-163
-182
-180
-172
-111
-165
-172
-167
-149
-136
-201
-210
-153
-105
-140
-226
-218
-195
-180
-245
-289
-231
-254
-226
-262
-233
-247
-212
-243
-260
-275
-300
-300
-245
-292
-315
-275
-237
-250
-281
-319
-275
-292
-313
-283
-260
-256
-306
-304
-312
-287
-264
-214
-250
-249
-195
-256
-247
-222
-256
-264
-199
-237
-209
-193
-180
-170
-178
-130
-142
-96
-140
-146
-178
-128
-142
-136
-96
-96
-226
-239
-138
-115
-168
-184
-188
-170
-157
-191
-233
-203
-174
-199
-182
-176
-157
-157
-151
-165
-147
-186
-199
-163
-167
-220
-195
-180
-146
-167
-218
-230
-209
-142
-184
-271
-268
-193
-155
-201
-191
-222
-281
-273
-262
-256
-285
-317
-340
-334
-291
-291
-264
-308
-329
-334
-312
-281
-357
-340
-310
-313
-342
-396
-392
-417
-365
-439
-976
-407
-367
-441
-422
-407
-453
-487
-460
-453
-441
-434
-409
-472
-544
-491
-481
-514
-500
-489
-428
-434
-409
-363
-359
-361
-344
-270
-243
-258
-260
-277
-258
-199
-155
-243
-281
-249
-249
-268
-310
-298
-250
-247
-273
-319
-283
-264
-231
-201
-193
-189
-220
-186
-77
-98
-140
-83
-113
-119
-48
-94
-142
-77
-46
-8
-33
-67
-50
-41
-42
-52
-41
-18
26
45
26
-48
-8
70
57
43
-10
17
20
36
74
93
135
110
95
127
74
45
85
85
85
80
133
99
152
173
101
101
148
150
166
116
89
41
22
22
1
-4
45
13
-31
51
51
3
-8
38
55
5
-12
-12
-20
-23
59
32
-37
-25
-94
-98
-109
-35
-48
-69
-153
-174
-140
-100
-146
-214
-207
-96
-119
-151
-205
-220
-231
-207
-153
-113
-37
-21
-81
-96
-46
-102
-109
-100
-102
-23
-62
-94
-56
-77
-79
-56
-50
-90
