-319
-334
-338
-331
-373
-394
-438
-405
-415
-319
-296
-249
-294
-304
-270
-279
-283
-266
-247
-294
-321
-264
-247
-243
-247
-268
-226
-258
-212
-170
-189
-172
-149
-126
-126
-109
-138
-29
479
-92
-123
-149
-102
-79
-98
-63
-23
-48
-86
-20
-4
-487
45
68
76
43
61
484
41
108
152
146
116
99
70
15
47
70
13
-33
-60
-39
-46
-111
-92
-79
-105
-105
-149
-144
-170
-125
-146
-147
-121
-83
-100
-96
-79
-67
-4
-83
-98
-46
-67
-90
-81
-79
-71
-86
-104
-81
-83
-140
-136
-84
-88
-109
-107
-119
-121
-151
-142
-170
-147
-81
-159
-144
-209
-230
-161
-161
-188
-220
-157
-111
-168
-230
-197
-157
-191
-220
-199
-207
-233
-270
-333
-304
-210
-180
-239
-199
-237
-291
-281
-243
-250
-216
-197
-188
-228
-203
-209
-201
-207
-189
-165
-128
-104
-90
-153
-136
-126
-132
-123
-62
-92
-79
-37
-41
-65
-117
-67
-67
-63
-136
-214
-258
-191
-180
-161
-153
-144
-119
-62
-117
-121
-81
-27
11
19
59
3
-12
-29
-54
5
7
-37
-4
-10
-50
-83
-157
-184
-159
-168
-167
-197
-231
-224
-193
-182
-193
-209
-201
-226
-195
-182
-207
-193
-182
-218
-165
-193
-172
-146
-140
-165
-174
-147
-132
-134
-77
-69
-79
-132
-178
-201
-188
-235
-220
-172
-168
-167
-149
-178
-136
-140
-212
-197
-212
-172
-105
-102
-60
-67
-483
0
-10
38
62
156
257
305
223
167
143
181
204
198
272
299
309
288
206
169
145
169
137
114
93
80
68
36
19
30
30
-14
-35
36
101
125
82
78
106
110
68
101
108
108
135
122
68
61
118
97
78
53
15
-29
-86
-130
-117
-149
-170
-212
-163
-125
-214
-239
-243
-294
-350
-268
-247
-252
-323
-323
-329
-315
-313
-397
-436
-417
-384
-352
-317
-315
-363
-394
-380
-361
-386
-382
-359
-365
-397
-382
-411
-418
-336
-333
-365
-365
-317
-323
-281
-268
-289
-237
-231
-230
-254
-241
-243
-226
-199
-188
-249
-237
-237
-273
-247
-195
-228
-273
-285
-216
-214
-302
-310
-344
-291
-315
-325
-348
-380
-361
-359
-323
-329
-380
-413
-361
-355
-411
-426
-369
-363
-375
-348
-392
-384
-388
-403
-378
-407
-397
-390
-397
-354
-344
-344
-350
