-420
-342
-340
-399
-390
-354
-346
-344
-394
-413
-344
-331
-386
-369
-350
-325
-396
-441
-380
-340
-342
-409
-392
-344
-342
-359
-371
-365
-367
-409
-382
-367
-376
-350
-306
-306
-319
-376
-432
-432
-403
-445
-411
-434
-438
-480
-495
-476
-443
-468
-586
-581
-583
-611
-586
-604
-579
-556
-598
-668
-644
-588
-558
-531
-537
-600
-701
-638
-611
-626
-647
-628
-626
-554
-626
-636
-590
-502
-558
-565
-563
-499
-541
-539
-588
-615
-588
-558
-518
-552
-579
-546
-516
-584
-563
-523
-521
-550
-571
-537
-520
-438
-8
-960
-418
-417
-439
-401
-390
-325
-331
-329
-344
-313
-346
-388
-397
-390
-386
-352
-359
-357
-357
-321
-300
-254
-271
-319
-245
-239
-209
-209
-243
-214
-165
-186
-199
-210
-230
-195
-125
-121
-140
-144
-132
-111
-102
-128
-188
-214
-195
-235
-207
-149
-113
-157
-201
-188
-174
-159
-149
-157
-220
-188
-136
-151
-155
-144
-126
-134
-121
-96
-96
-115
-157
-153
-132
-195
-199
-182
-161
-195
-222
-188
-178
-224
-220
-220
-184
-203
-247
-188
-161
-172
-138
-130
-188
-167
-132
-125
-119
-121
-178
-167
-203
-235
-168
-117
-128
-104
-212
-306
-308
-275
-323
-355
-422
-365
-277
-323
-378
-354
-329
-256
-289
-313
-300
-275
-235
-170
-170
-109
-188
-147
-176
-214
-250
-258
-237
-228
-243
-235
-170
-125
-168
-235
-226
-216
-260
-268
-230
-224
-222
-228
-249
-289
-289
-273
-258
-252
-249
-281
-291
-228
-140
-134
-132
-191
-157
-81
-115
-155
-126
-100
-111
-86
-58
-73
-100
-58
-63
-54
-98
-102
-111
-84
-62
-104
-182
-136
-113
-104
-92
-104
-142
-136
-113
-98
-105
-111
-117
-128
-75
-50
-119
-155
-111
-58
-123
-214
-201
-168
-123
-174
-210
-231
-230
-199
-191
-193
-233
-262
-241
-163
-140
-168
-207
-188
-167
-126
-144
-142
-107
-128
-136
-134
-167
-165
-125
-98
-130
-126
-94
-60
-84
-69
-20
-27
-29
-18
-18
-56
-65
-14
-4
43
43
38
24
15
32
66
87
82
43
40
66
74
127
120
83
36
72
68
57
41
32
55
57
49
30
24
34
-25
-6
-60
-35
-33
-20
32
13
-2
-2
-52
-75
-75
-52
-94
-90
-71
-90
-105
-104
-115
-147
-136
-128
-155
-167
-170
-201
-191
-216
-191
-205
