-504
-533
-560
-533
-499
-476
-976
-472
-434
-422
-420
-447
-474
-455
-459
-502
-516
-537
-525
-470
-447
-441
-472
-480
-460
-470
-533
-588
-592
-525
-510
-978
-491
-489
-499
-506
-499
-491
-516
-535
-563
-621
-644
-630
-604
-575
-604
-655
-676
-644
-604
-567
-584
-590
-575
-581
-609
-602
-575
-594
-623
-647
-649
-668
-686
-688
-668
-651
-657
-649
-674
-670
-668
-689
-703
-684
-688
-688
-651
-636
-646
-647
-630
-605
-623
-632
-647
-651
-649
-655
-686
-714
-701
-636
-623
-611
-625
-626
-615
-579
-521
-495
-491
-502
-562
-661
-731
-762
-764
-768
-762
-747
-707
-686
-689
-672
-695
-709
-695
-697
-701
-699
-667
-653
-709
-743
-783
-804
-800
-771
-741
-758
-773
-754
-758
-724
-678
-676
-695
-745
-754
-735
-697
-686
-684
-686
-667
-628
-646
-684
-686
-682
-684
-695
-667
-644
-613
-609
-649
-682
-730
-735
-724
-688
-649
-636
-657
-688
-714
-714
-712
-691
-703
-703
-676
-680
-665
-688
-674
-634
-598
-594
-636
-684
-676
-651
-632
-619
-598
-634
-628
-605
-583
-590
-581
-584
-583
-560
-548
-541
-523
-502
-478
-445
-464
-481
-474
-420
-417
-422
-449
-468
-480
-466
-441
-386
-371
-361
-363
-357
-350
-338
-312
-291
-340
-388
-445
-464
-447
-420
-401
-428
-480
-483
-489
-504
-459
-443
-417
-392
-386
-409
-432
-443
-394
-350
-350
-323
-291
-310
-333
-310
-319
-298
-258
-250
-281
-296
-287
-285
-302
-313
-289
-270
-256
-271
-258
-271
-270
-285
-277
-256
-226
-184
-199
-209
-167
-182
-184
-168
-172
-197
-212
-264
-249
-193
-178
-247
-285
-239
-254
-298
-277
-231
-201
-266
-321
-279
-289
-281
-302
-273
-254
-247
-247
-239
-250
-210
-203
-209
-205
-241
-212
-193
-161
-149
-170
-146
-153
-138
-123
-123
-128
-111
-140
-142
-136
-191
-203
-174
-146
-182
-170
-144
-180
-191
-216
-233
-247
-291
-266
-207
-239
-241
-258
-294
-287
-285
-296
-313
-333
-334
-369
-384
-399
-418
-436
-392
-422
-407
-443
-512
-978
-409
-453
-481
-466
-422
-436
-439
-428
-399
-459
-415
-373
-376
-415
-375
-312
-331
-376
-369
-313
-313
-338
-285
-264
-235
-239
-172
-165
-195
-205
-189
-163
-209
-233
-210
-184
-226
-312
-317
-287
-289
-270
-228
-193
-209
-233
-222
-287
-281
-291
-277
-300
-287
-302
-294
-289
-313
-260
-334
-283
-250
-250
-273
-283
-294
-245
-291
-315
-298
-245
-250
-224
-207
-243
-258
-268
-258
-289
-313
-336
-262
-249
-338
-333
-323
-289
-310
-266
-294
-228
-230
-264
-231
-228
-205
-136
-163
-222
-125
-136
-172
-151
-130
-161
-188
-180
-115
-107
-111
-140
-111
-107
-98
-107
-159
-184
-109
-172
-197
-146
-149
-168
-214
-167
-146
-144
-163
-151
-58
-94
-147
-107
-105
-88
-39
-18
-35
-75
-107
-90
-111
-86
-90
-102
-77
-48
-41
-54
-52
-23
13
-29
-84
-86
-25
486
-60
-81
-73
-63
-102
-165
-168
-203
-172
-191
-222
