-287
-281
-231
-308
-333
-300
-291
-281
-369
-325
-313
-323
-380
-369
-367
-342
-327
-354
-354
-342
-382
-411
-436
-470
-508
-483
-460
-453
-466
-453
-457
-14
-523
-962
-449
-453
-459
-432
-436
-430
-401
-413
-441
-453
-453
-502
-502
-464
-443
-476
-487
-506
-495
-516
-481
-497
-474
-474
-443
-418
-420
-424
-451
-346
-323
-292
-359
-319
-281
-277
-252
-270
-239
-245
-226
-216
-203
-209
-199
-157
-168
-136
-174
-161
-142
-163
-121
-125
-195
-170
-98
-172
-222
-207
-191
-205
-273
-325
-287
-254
-308
-292
-319
-350
-323
-350
-397
-411
-361
-380
-367
-354
-371
-361
-329
-363
-382
-348
-352
-375
-415
-371
-376
-424
-470
-438
-457
-978
-472
-468
-2
-500
-539
-542
-506
-533
-521
-506
-500
-552
-523
-497
-500
-558
-602
-562
-497
-504
-512
-506
-525
-481
-457
-459
-502
-487
-466
-438
-417
-455
-459
-424
-382
-376
-476
-436
-428
-375
-388
-434
-424
-384
-375
-382
-380
-340
-313
-378
-365
-361
-294
-317
-346
-334
-373
-382
-361
-384
-336
-361
-386
-348
-281
-333
-399
-401
-321
-346
-348
-436
-457
-392
-363
-392
-405
-340
-289
-285
-321
-325
-302
-279
-291
-256
-270
-296
-256
-250
-258
-258
-222
-233
-218
-216
-273
-262
-186
-159
-184
-245
-231
-203
-201
-216
-186
-168
-161
-199
-165
-149
-86
-60
-96
-94
-39
-6
-60
-50
-25
-4
13
45
7
484
-29
-10
0
-56
-31
-41
43
82
479
-39
-483
7
-14
-31
-27
-14
-23
-37
-20
41
26
22
24
5
486
-12
-6
57
40
51
43
22
26
89
106
49
13
38
47
28
11
26
103
85
97
62
22
-4
17
68
-37
-27
-483
-21
-18
-63
-62
-81
-121
-147
-130
-107
-132
-149
-157
-157
-130
-111
-73
-96
-157
-172
-172
-157
-104
-79
-65
-84
-102
-142
-191
-178
-130
-149
-195
-195
-168
-170
-205
-271
-243
-180
-167
-199
-249
-287
-241
-231
-270
-233
-239
-254
-256
-294
-283
-275
-296
-329
-245
-216
-222
-264
-214
-277
-287
-327
-224
-201
-228
-214
-237
-285
-281
-231
-191
-170
-172
-161
-237
-273
-220
-170
-159
-178
-226
-197
-163
-155
-144
-165
-138
-138
-201
-172
-96
-67
-44
-63
-159
-104
-48
51
34
-16
13
486
38
55
13
13
-50
