-56
-39
-77
-23
3
-8
-20
-16
-46
-56
-79
-58
-37
-54
-86
-20
-21
-31
-79
-86
-81
-73
-84
-31
-109
-165
-146
-58
-62
-79
-77
-41
-39
-90
-71
-23
-39
-92
-58
-132
-81
-63
-115
-138
-142
-123
-83
-83
-147
-117
-41
-48
-79
-63
-71
-94
-42
-10
-27
-54
-27
-6
-2
-46
-46
-48
-29
-35
9
17
22
68
114
141
179
118
114
198
234
215
217
263
286
236
269
259
217
240
291
387
345
326
309
286
255
200
200
219
274
284
246
240
272
280
360
311
291
274
255
236
200
219
200
167
162
188
209
236
164
89
80
93
85
19
68
68
76
38
36
-14
-69
-16
-44
-46
-58
-77
-33
-52
-81
-96
-113
-109
-107
-107
-147
-167
-117
-115
-138
-146
-153
-167
-184
-186
-165
-161
-167
-115
-142
-180
-167
-224
-195
-201
-268
-245
-212
-199
-163
-138
-205
-279
-340
-340
-346
-298
-313
-354
-342
-291
-302
-380
-365
-283
-281
-325
-304
-319
-380
-424
-396
-319
-376
-405
-432
-415
-373
-359
-386
-367
-382
-405
-388
-355
-426
-502
-978
-413
-405
-434
-392
-386
-390
-396
-373
-376
-342
-365
-386
-438
-407
-334
-260
-334
-325
-336
-317
-306
-281
-291
-302
-279
-291
-310
-325
-378
-407
-403
-384
-382
-380
-380
-390
-407
-418
-451
-451
-460
-449
-399
-430
-445
-460
-430
-470
-420
-451
-2
-436
-439
-432
-445
-480
-464
-487
-500
-489
-445
-409
-487
-548
-537
-480
-436
-457
-565
-562
-510
-504
-481
-478
-474
-453
-453
-441
-411
-350
-369
-378
-365
-376
-426
-373
-376
-455
-407
-449
-464
-447
-483
-443
-451
-500
-495
-533
-539
-500
-4
-485
-460
-466
-472
-447
-491
-470
-480
-495
-426
-397
-432
-445
-468
-447
-430
-428
-411
-365
-333
-338
-382
-378
-361
-315
-298
-262
-300
-294
-317
-340
-294
-292
-315
-367
-333
-306
-283
-302
-344
-422
-390
-443
-453
-457
-394
-411
-443
-428
-409
-451
-424
-415
-397
-417
-449
-399
-411
-441
-403
-367
-413
-401
-344
-405
-424
-340
-342
-365
-363
-312
-344
-373
-386
-422
-436
-441
-468
-516
-531
-529
-518
-478
-514
-533
-560
-583
-600
-581
-529
-495
-521
-542
-562
-974
-428
-472
-480
-476
-420
-371
-376
-380
-392
-378
-327
-273
