-325
-308
-277
-279
-312
-338
-323
-319
-268
-319
-317
-298
-304
-352
-352
-327
-317
-279
-315
-336
-388
-397
-388
-361
-382
-413
-445
-413
-430
-420
-426
-409
-407
-455
-455
-388
-411
-428
-455
-411
-459
-470
-497
-478
-510
-520
-480
-485
-518
-476
-451
-508
-468
-439
-420
-413
-409
-396
-409
-394
-445
-451
-445
-470
-426
-394
-399
-422
-420
-459
-438
-451
-426
-424
-2
-493
-457
-487
-521
-491
-485
-476
-514
-502
-550
-607
-567
-598
-646
-716
-749
-745
-726
-739
-754
-781
-838
-836
-859
-861
-850
-813
-846
-896
-892
-813
-842
-903
-917
-886
-888
-897
-861
-787
-855
-897
-873
-920
-922
-834
-861
-882
-857
-808
-798
-768
-768
-813
-758
-752
-773
-817
-825
-808
-770
-743
-773
-781
-697
-712
-754
-731
-680
-703
-697
-724
-739
-674
-626
-665
-684
-689
-653
-678
-680
-676
-653
-657
-653
-646
-602
-554
-565
-602
-634
-594
-592
-590
-617
-607
-598
-558
-605
-590
-569
-533
-558
-504
-521
-506
-506
-480
-485
-491
-422
-407
-388
-466
-441
-417
-375
-338
-333
-375
-355
-397
-407
-357
-325
-369
-392
-350
-319
-373
-388
-361
-361
-432
-426
-369
-354
-382
-369
-310
-304
-334
-321
-247
-256
-218
-298
-243
-210
-245
-277
-214
-222
-212
-199
-201
-182
-235
-205
-153
-147
-147
-220
-199
-180
-199
-128
-153
-243
-189
-142
-132
-134
-205
-167
-107
-153
-178
-151
-140
-176
-176
-189
-199
-178
-184
-170
-199
-245
-224
-165
-153
-184
-184
-144
-201
-201
-197
-224
-245
-222
-258
-273
-291
-260
-287
-230
-277
-270
-346
-292
-304
-365
-352
-342
-352
-382
-396
-403
-426
-397
-327
-340
-399
-394
-354
-344
-380
-401
-418
-397
-378
-354
-409
-407
-378
-378
-348
-375
-396
-396
-418
-399
-363
-397
-407
-327
-350
-321
-361
-315
-230
-254
-273
-275
-249
-188
-207
-209
-159
-128
-167
-199
-176
-126
-172
-96
-92
-121
-123
-77
-96
-128
-98
-94
-172
-75
-52
-100
-153
-174
-163
-210
-214
-130
-165
-168
-167
-159
-147
-174
-188
-195
-130
-113
-104
-155
-153
-84
-58
-88
-109
-84
-165
-167
-69
-20
-10
-56
-92
-75
-58
-71
-83
-33
17
-42
-92
-50
-27
-25
-63
-90
-92
-92
-41
40
38
7
480
-33
-23
-42
-25
15
