-140
-123
-111
-105
-100
-60
-41
-56
-75
-90
-115
-201
-117
-77
-104
-117
-92
-193
-191
-117
-144
-195
-191
-153
-163
-180
-188
-231
-287
-226
-197
-268
-256
-239
-239
-243
-210
-231
-291
-258
-231
-245
-249
-260
-243
-283
-342
-397
-365
-369
-390
-369
-401
-359
-338
-367
-378
-340
-313
-310
-354
-329
-327
-300
-287
-294
-357
-338
-376
-365
-352
-394
-344
-310
-344
-342
-312
-334
-441
-396
-338
-338
-378
-350
-334
-359
-375
-357
-359
-327
-323
-357
-396
-375
-451
-420
-428
-562
-502
-432
-447
-449
-516
-535
-560
-520
-487
-514
-533
-533
-514
-514
-451
-457
-489
-523
-443
-417
-438
-407
-464
-445
-420
-422
-422
-388
-382
-409
-401
-355
-354
-319
-310
-292
-283
-281
-262
-235
-260
-250
-174
-209
-210
-142
-216
-243
-191
-165
-216
-224
-199
-186
-203
-174
-180
-153
-144
-144
-153
-159
-163
-94
-107
-146
-130
-92
-109
-102
-146
-128
-105
-121
-210
-228
-207
-132
-125
-168
-170
-207
-210
-216
-239
-199
-195
-247
-231
-226
-216
-222
-230
-184
-239
-279
-233
-222
-239
-214
-249
-237
-250
-239
-249
-245
-268
-220
-203
-176
-209
-222
-153
-90
-138
-119
-60
-62
-77
-123
-25
-23
-44
-39
-65
-44
-2
22
28
11
-35
-44
-44
-21
-6
17
-4
-4
-75
-23
7
-27
-41
-39
-69
-60
-86
-111
-77
-60
-132
-123
-163
-161
-81
-79
-115
-115
-58
-73
-104
-104
-128
-151
-132
-42
-33
-115
-117
-56
-21
-37
-54
-8
32
32
74
30
11
13
3
57
62
11
-489
34
43
59
59
62
89
55
15
26
57
20
32
89
95
72
59
41
-12
-487
66
135
110
70
112
124
110
112
89
26
11
32
55
9
486
-2
7
-65
-77
-20
-58
-52
-18
-58
-71
-75
-50
-489
486
-18
-46
-23
-4
-16
5
-16
-487
22
70
66
20
-20
-29
-6
-35
-62
-65
-42
-67
-86
-83
-39
-54
-31
3
-41
-35
-25
22
70
76
85
72
72
17
66
143
162
145
167
158
230
211
211
251
259
221
198
244
280
297
288
290
309
303
259
324
360
366
335
257
246
353
385
305
288
291
312
299
238
269
305
265
263
251
250
299
280
282
284
286
332
242
