-252
-285
-270
-275
-256
-281
-313
-312
-355
-378
-340
-355
-359
-357
-302
-281
-304
-313
-329
-342
-334
-298
-378
-350
-315
-275
-275
-325
-334
-346
-270
-348
-378
-313
-350
-352
-317
-376
-312
-346
-340
-294
-300
-292
-291
-252
-273
-313
-334
-315
-268
-294
-304
-319
-254
-285
-319
-325
-289
-294
-285
-313
-285
-273
-308
-348
-355
-367
-363
-302
-344
-388
-350
-338
-378
-401
-363
-344
-367
-357
-365
-357
-313
-317
-298
-287
-291
-279
-245
-275
-294
-336
-273
-275
-338
-344
-338
-355
-352
-386
-369
-390
-380
-403
-365
-386
-457
-502
-500
-457
-422
-418
-481
-516
-459
-493
-472
-445
-464
-499
-481
-390
-413
-434
-449
-418
-428
-411
-418
-415
-378
-403
-445
-462
-376
-363
-399
-420
-399
-418
-480
-472
-417
-434
-483
-439
-430
-483
-478
-445
-474
-466
-502
-972
-449
-489
-510
-422
-443
-418
-424
-409
-376
-363
-331
-382
-390
-432
-401
-453
-4
-504
-552
-550
-449
-453
-420
-420
-434
-434
-413
-407
-382
-367
-382
-369
-388
-365
-325
-338
-392
-352
-348
-312
-342
-308
-313
-359
-357
-327
-342
-350
-357
-445
-430
-361
-413
-417
-388
-392
-396
-8
-960
-413
-405
-417
-390
-355
-359
-323
-319
-312
-273
-264
-273
-357
-321
-254
-191
-195
-167
-168
-188
-178
-121
-98
-105
-58
-113
-50
26
3
-16
-56
-44
-2
-41
-21
-16
-37
-42
-46
-27
-39
-41
-63
-21
-21
57
38
482
-23
57
22
15
40
83
53
13
9
53
7
-42
-27
-489
-25
-8
1
-50
-83
-94
-75
-65
-56
-121
-107
-79
-138
-121
-109
-138
-151
-128
-170
-170
-149
-168
-207
-233
-222
-136
-157
-167
-182
-155
-83
-151
-163
-121
-63
-71
-94
-96
-115
-107
-81
-2
-21
-63
-75
-62
-67
-117
-113
-52
-37
-16
-20
-50
-67
-102
-113
-63
-96
-107
-126
-98
-81
-67
-88
-79
-138
-126
-132
-96
-90
-96
-170
-147
-115
-115
-121
-107
-92
-115
-132
-113
-119
-104
-125
-92
-94
-115
-65
-96
-132
-81
-71
-138
-79
-90
-77
-147
-121
-84
-62
-77
-96
-94
-83
-123
-69
-60
-90
-115
-151
-138
-174
-191
-149
-165
-161
-203
-167
-153
-159
-205
-250
-268
-279
-168
-155
-197
-292
-287
-250
-292
-336
-354
-352
-397
-361
-352
-420
-434
