-376
-405
-420
-422
-399
-390
-439
-436
-489
-478
-567
-510
-468
-476
-413
-413
-489
-422
-392
-407
-371
-388
-407
-367
-354
-342
-258
-321
-369
-346
-281
-264
-264
-300
-294
-260
-260
-304
-281
-287
-312
-310
-283
-342
-357
-312
-315
-340
-346
-329
-258
-239
-317
-346
-321
-327
-359
-359
-271
-291
-294
-296
-239
-167
-165
-193
-214
-188
-161
-119
-107
-88
-42
-58
-21
-12
-20
40
99
148
200
194
204
269
257
238
278
297
280
301
320
341
301
284
333
297
316
341
335
291
290
366
312
274
299
368
360
381
431
448
410
391
459
498
513
549
547
530
572
606
604
608
648
620
646
625
582
585
645
704
639
641
654
648
713
698
658
708
685
742
769
795
790
782
742
795
818
795
757
717
757
788
774
778
727
711
755
732
641
671
736
673
597
603
562
534
500
517
461
444
440
412
400
461
461
377
374
389
414
305
387
427
393
370
370
349
326
312
333
364
284
248
261
274
248
232
177
124
127
143
133
101
62
19
-10
15
484
-60
-86
-142
-105
-58
-27
-102
-134
-201
-144
-119
-107
-138
-159
-170
-176
-136
-107
-92
-126
-94
-41
-73
-69
-52
-63
-54
-6
19
41
38
83
83
95
91
82
137
194
219
261
244
194
238
343
326
263
188
232
284
270
267
221
206
208
196
198
242
188
169
181
158
169
122
97
143
196
150
124
133
173
166
146
171
185
196
219
171
158
171
225
156
145
129
141
167
129
110
112
104
45
85
112
106
76
59
53
103
106
82
22
57
55
1
-23
-485
49
76
68
64
59
11
-60
-37
-6
-487
-33
-27
-25
22
5
17
36
-35
-92
-50
1
-73
-121
-125
-126
-134
-142
-88
-44
-48
-100
-67
-8
-35
-29
-23
-33
-37
-2
-489
7
15
-14
-25
-12
64
22
-20
-489
11
55
9
-489
15
20
9
47
68
143
95
122
78
36
59
116
97
112
93
122
118
82
89
89
36
-8
15
61
87
32
3
78
68
1
-10
-14
-56
-62
-86
-52
-86
-94
-81
-86
-109
-107
-144
-170
-138
-115
-144
-155
-184
-205
