-294
-241
-203
-228
-304
-313
-325
-308
-264
-291
-291
-199
-222
-243
-291
-275
-275
-302
-325
-338
-313
-291
-302
-260
-247
-275
-292
-241
-193
-218
-210
-159
-157
-167
-188
-130
-174
-153
-147
-134
-134
-134
-138
-125
-94
-81
-92
-128
-84
-115
-31
-12
-69
-79
-81
-31
-50
-113
-88
-37
-90
-126
-115
-29
-65
-107
-73
-50
-10
-79
-73
-58
-23
-8
-56
-138
-123
-77
-88
-84
-94
-79
-96
-84
-33
-33
-73
-149
-134
-125
-128
-134
-81
-77
-111
-81
-50
-98
-113
-92
-75
-111
-109
-71
-81
-23
34
40
17
484
-41
-29
1
-44
15
19
5
40
17
11
53
89
112
127
59
91
154
192
185
232
246
263
236
232
208
211
217
255
297
291
263
280
295
332
311
272
251
337
328
303
309
370
360
400
374
353
347
339
391
349
341
301
349
328
274
299
297
272
244
219
158
177
177
188
204
171
146
162
169
129
57
85
85
87
80
61
22
-10
-62
-67
-54
-77
-105
-88
-100
-119
-146
-197
-189
-231
-247
-201
-199
-273
-264
-254
-247
-210
-258
-275
-230
-193
-165
-203
-237
-247
-195
-220
-216
-189
-191
-176
-209
-222
-153
-216
-216
-195
-178
-188
-205
-165
-174
-119
-157
-193
-178
-188
-180
-113
-132
-165
-134
-102
-69
-111
-132
-107
-115
-144
-123
-65
-4
17
-54
-71
-79
-73
-96
-117
-56
-56
-54
-71
-104
-117
-155
-186
-84
-73
-138
-132
-88
-73
-184
-216
-172
-153
-136
-138
-86
-102
-147
-165
-132
-69
-104
-153
-117
-109
-157
-178
-186
-182
-170
-174
-147
-121
-189
-163
-170
-193
-178
-153
-203
-205
-115
-128
-197
-157
-134
-128
-186
-146
-134
-159
-81
-107
-130
-111
-119
-126
-90
-81
-105
-153
-138
-115
-83
-90
-86
-142
-188
-172
-107
-136
-174
-172
-163
-142
-155
-58
-37
-65
-71
-83
-31
15
-41
-54
-60
-83
-67
-23
-56
-18
-39
-168
-136
-121
-126
-157
-136
-146
-73
-132
-170
-130
-174
-210
-241
-258
-283
-250
-268
-296
-304
-226
-231
-254
-300
-350
-333
-323
-329
-298
-321
-382
-418
-424
-426
-464
-464
-380
-369
-422
-378
-418
-436
-418
-436
-4
-976
-480
-525
-514
-464
-12
-527
-504
-510
-468
-533
-976
-464
