-565
-653
-630
-630
-634
-623
-661
-640
-686
-689
-695
-697
-678
-642
-709
-674
-592
-625
-615
-615
-657
-653
-642
-573
-521
-537
-535
-506
-512
-523
-525
-556
-535
-562
-579
-567
-520
-516
-527
-502
-531
-542
-518
-499
-504
-510
-539
-550
-497
-426
-438
-500
-516
-976
-453
-464
-432
-403
-357
-401
-420
-434
-422
-424
-403
-313
-285
-321
-329
-329
-315
-273
-329
-380
-334
-304
-308
-296
-258
-258
-321
-306
-342
-386
-331
-298
-346
-304
-283
-268
-304
-361
-304
-302
-279
-256
-296
-275
-226
-201
-212
-193
-167
-168
-153
-157
-189
-140
-111
-134
-167
-130
-77
-113
-117
-105
-147
-113
-79
-79
-67
-33
-14
-48
-107
-92
-92
-468
20
19
0
83
80
82
97
127
106
64
139
120
135
196
181
200
223
143
99
66
101
146
171
85
164
204
108
122
160
131
87
64
47
74
103
72
95
41
9
53
76
45
49
57
36
11
40
82
22
-31
-62
-88
-44
-86
-130
-180
-241
-252
-245
-323
-317
-325
-338
-317
-321
-361
-390
-407
-401
-407
-430
-453
-481
-483
-495
-520
-474
-478
-451
-411
-466
-485
-480
-470
-481
-516
-516
-523
-470
-451
-502
-972
-466
-430
-438
-407
-403
-432
-369
-323
-373
-352
-357
-279
-285
-273
-308
-292
-281
-319
-363
-321
-342
-319
-254
-237
-245
-226
-249
-283
-245
-235
-271
-283
-220
-241
-189
-210
-180
-184
-247
-245
-210
-220
-241
-239
-268
-230
-237
-250
-252
-210
-224
-285
-304
-287
-273
-321
-350
-355
-319
-312
-338
-348
-350
-340
-317
-329
-331
-365
-348
-363
-338
-304
-298
-329
-367
-354
-369
-348
-331
-327
-325
-340
-375
-333
-243
-258
-239
-239
-197
-191
-189
-142
-170
-180
-157
-90
-121
-128
-98
-83
-83
-73
-140
-128
-128
-142
-107
-88
-117
-146
-207
-113
-37
-18
-4
-67
-138
-140
-159
-128
-96
-100
-128
-73
-29
-23
-125
-100
-81
-79
-35
-8
-27
-31
-12
-48
-81
-125
-113
-98
-41
-69
-119
-126
-107
-134
-125
-161
-178
-98
-100
-128
-96
-123
-98
-121
-94
-88
-94
-88
-104
-100
-117
-84
-90
-130
-168
-180
-170
-174
-191
-186
-186
-262
-281
-249
-210
-201
-212
-258
-254
-275
-331
-321
-302
-302
-313
-329
-346
-354
-291
-321
-361
-333
-354
