-376
-369
-380
-384
-397
-413
-411
-411
-434
-449
-468
-426
-466
-462
-430
-441
-426
-432
-468
-441
-384
-420
-418
-403
-375
-390
-380
-346
-331
-365
-348
-300
-296
-306
-334
-294
-287
-271
-333
-306
-319
-273
-266
-329
-313
-298
-201
-201
-195
-159
-189
-119
-107
-123
-126
-83
-73
-88
-123
-157
-184
-174
-205
-195
-157
-125
-153
-161
-134
-159
-134
-111
-125
-52
-33
-77
-92
-60
-54
-42
-8
-20
-44
-33
7
17
479
-33
11
36
-21
28
62
59
85
93
76
47
72
104
103
83
59
66
131
166
114
112
53
61
91
89
91
70
55
41
61
78
9
-6
30
68
49
-35
-10
-21
22
9
26
-489
-65
-100
-65
-94
-111
-130
-102
-159
-237
-197
-107
-157
-132
-163
-189
-197
-231
-239
-252
-218
-235
-176
-220
-333
-338
-321
-321
-373
-409
-373
-359
-365
-405
-382
-376
-434
-432
-432
-459
-537
-491
-462
-500
-4
-510
-978
-451
-476
-466
-451
-476
-516
-521
-550
-529
-529
-562
-504
-6
-554
-554
-520
-548
-970
-504
-474
-460
-481
-441
-436
-478
-481
-434
-439
-428
-441
-426
-340
-386
-382
-378
-439
-464
-445
-447
-453
-426
-405
-390
-464
-499
-459
-355
-390
-434
-394
-312
-247
-273
-254
-285
-302
-268
-231
-277
-285
-281
-281
-306
-294
-327
-329
-300
-350
-382
-375
-373
-346
-352
-331
-329
-300
-218
-226
-260
-245
-298
-285
-277
-226
-222
-264
-260
-270
-260
-249
-323
-310
-300
-287
-302
-304
-277
-308
-323
-346
-331
-321
-354
-363
-344
-363
-306
-298
-279
-292
-291
-300
-355
-378
-331
-300
-302
-319
-296
-338
-355
-321
-359
-403
-457
-964
-453
-489
-468
-459
-504
-502
-504
-550
-556
-521
-493
-447
-478
-518
-483
-451
-470
-443
-436
-405
-434
-434
-417
-443
-462
-409
-396
-443
-460
-470
-468
-449
-457
-472
-10
-527
-502
-481
-474
-510
-535
-502
-480
-554
-550
-535
-506
-542
-560
-546
-544
-558
-584
-596
-571
-583
-527
-504
-514
-8
-510
-533
-460
-441
-483
-491
-445
-439
-430
-434
-405
-397
-399
-394
-386
-420
-411
-457
-449
-405
-445
-4
-476
-422
-441
-438
-422
-424
-462
-472
-407
-394
-422
-357
-390
-388
-338
-329
-382
-371
-350
-313
-323
-348
-363
-340
-331
-394
-373
-342
-329
-321
-313
