-96
-96
-149
-201
-174
-188
-176
-167
-168
-125
-199
-207
-184
-123
-111
-130
-155
-186
-243
-224
-149
-163
-193
-224
-254
-212
-252
-306
-304
-338
-352
-333
-401
-407
-432
-401
-432
-432
-413
-422
-418
-468
-455
-369
-403
-468
-447
-438
-478
-497
-459
-529
-529
-554
-552
-541
-588
-563
-520
-6
-525
-521
-529
-539
-634
-649
-554
-548
-577
-529
-542
-529
-512
-474
-544
-544
-468
-499
-480
-413
-430
-363
-424
-417
-390
-455
-523
-481
-422
-417
-401
-447
-457
-438
-422
-411
-394
-340
-321
-340
-334
-378
-342
-319
-283
-315
-367
-298
-310
-382
-312
-287
-252
-329
-333
-329
-334
-329
-325
-352
-350
-302
-334
-306
-310
-367
-310
-302
-336
-354
-338
-357
-334
-342
-375
-430
-378
-378
-378
-365
-401
-392
-313
-283
-340
-348
-287
-338
-329
-273
-317
-327
-334
-355
-350
-321
-308
-292
-277
-218
-180
-233
-260
-275
-279
-262
-247
-157
-182
-203
-220
-203
-241
-205
-193
-184
-176
-191
-197
-197
-222
-193
-209
-233
-205
-222
-247
-260
-291
-308
-336
-315
-308
-296
-283
-312
-329
-319
-350
-380
-413
-365
-331
-409
-430
-378
-340
-390
-424
-422
-466
-487
-974
-476
-472
-480
-443
-418
-451
-483
-489
-478
-418
-411
-438
-497
-459
-489
-455
-399
-407
-411
-399
-432
-436
-407
-476
-504
-521
-508
-472
-434
-487
-472
-487
-533
-476
-443
-468
-510
-470
-481
-520
-516
-535
-539
-499
-504
-518
-541
-493
-436
-420
-394
-388
-355
-388
-422
-357
-355
-373
-363
-325
-394
-407
-413
-378
-338
-327
-336
-304
-308
-231
-285
-291
-241
-205
-247
-233
-147
-144
-266
-178
-96
-149
-161
-168
-163
-107
-73
-60
-56
17
32
17
59
53
9
49
74
91
114
51
59
104
91
57
20
15
45
47
61
53
82
104
103
112
127
118
183
166
152
177
181
194
215
223
143
89
106
156
173
106
97
135
59
47
171
162
55
1
17
20
30
57
28
-4
19
-21
-485
61
82
80
34
32
62
32
34
-18
-42
34
38
-8
-33
5
-39
-125
-132
-151
-151
-184
-239
-268
-203
-209
-218
-210
-199
-205
-182
-155
-203
-191
-241
-214
-163
-172
-149
-203
-247
-220
-245
-273
-271
-241
-287
-302
-296
-226
-218
-245
-207
-256
-277
-260
