-222
-226
-188
-170
-209
-176
-174
-105
-86
-92
-62
-100
-104
-65
-104
-121
-147
-161
-92
-88
-94
-140
-159
-140
-83
-20
-102
-144
-94
-107
-138
-161
-107
-69
-84
-79
-111
-172
-155
-222
-178
-111
-125
-210
-247
-228
-203
-233
-222
-243
-241
-277
-268
-241
-252
-247
-262
-264
-249
-216
-252
-266
-287
-184
-165
-209
-188
-195
-239
-306
-271
-245
-256
-275
-308
-279
-224
-262
-250
-243
-333
-319
-222
-226
-262
-302
-300
-247
-256
-291
-254
-289
-333
-268
-243
-252
-266
-308
-340
-371
-361
-375
-319
-334
-371
-380
-392
-319
-310
-363
-380
-338
-336
-281
-235
-254
-302
-315
-239
-224
-254
-239
-256
-218
-230
-262
-264
-218
-233
-241
-258
-212
-207
-216
-205
-239
-228
-222
-247
-264
-216
-224
-220
-214
-241
-201
-209
-178
-222
-220
-174
-254
-256
-243
-287
-308
-256
-226
-292
-268
-207
-195
-258
-281
-289
-279
-312
-329
-289
-241
-292
-306
-321
-336
-310
-359
-289
-283
-348
-373
-308
-292
-323
-294
-283
-252
-268
-250
-212
-277
-260
-241
-182
-220
-226
-203
-167
-180
-205
-191
-182
-132
-144
-195
-161
-178
-153
-214
-197
-184
-170
-254
-279
-226
-214
-210
-222
-268
-254
-256
-273
-273
-258
-329
-394
-380
-399
-443
-426
-422
-434
-407
-4
-514
-455
-378
-407
-520
-508
-443
-497
-527
-562
-577
-516
-554
-619
-649
-617
-596
-611
-613
-644
-604
-537
-573
-586
-613
-588
-613
-590
-584
-516
-584
-638
-552
-510
-500
-529
-512
-499
-457
-462
-453
-480
-495
-468
-457
-417
-380
-390
-441
-422
-373
-329
-382
-439
-2
-453
-443
-441
-439
-418
-470
-474
-472
-438
-449
-520
-978
-476
-451
-480
-535
-544
-529
-449
-466
-481
-470
-504
-525
-464
-415
-418
-460
-480
-476
-453
-439
-378
-380
-426
-447
-434
-436
-413
-336
-338
-430
-373
-388
-348
-338
-367
-306
-271
-243
-222
-205
-155
-123
-155
-115
-102
-132
-115
-100
-65
-111
-195
-178
-130
-128
-205
-193
-193
-170
-170
-222
-247
-235
-237
-237
-178
-212
-247
-197
-186
-209
-250
-231
-193
-224
-239
-254
-203
-268
-241
-264
-250
-258
-329
-357
-317
-287
-285
-287
-310
-333
-315
-327
-348
-315
-348
-413
-312
-323
-394
-413
-296
-375
-403
-424
-378
-394
-407
-438
-472
-466
-407
-380
-354
-380
