-117
-92
-100
-119
-174
-121
-165
-184
-199
-210
-201
-182
-188
-180
-170
-182
-159
-168
-125
-105
-77
-60
-73
-54
-65
-75
-12
-69
-39
11
17
17
0
-58
-75
-31
-41
-100
-81
-109
-111
-92
-134
-157
-136
-134
-149
-163
-167
-161
-161
-163
-172
-203
-153
-107
-88
-69
-73
-105
-96
-88
-58
-60
-104
-123
-107
-98
-79
-98
-117
-100
-96
-18
-71
-96
-123
-123
-84
-140
-195
-174
-201
-165
-153
-172
-205
-254
-298
-340
-317
-258
-270
-334
-382
-417
-480
-418
-449
-474
-453
-449
-455
-436
-468
-443
-426
-443
-457
-447
-445
-489
-504
-531
-544
-546
-520
-500
-468
-464
-474
-529
-544
-586
-611
-552
-562
-514
-976
-493
-541
-523
-535
-502
-447
-432
-432
-386
-357
-369
-369
-352
-333
-380
-327
-361
-375
-336
-338
-352
-355
-329
-378
-357
-338
-346
-399
-439
-411
-329
-361
-376
-348
-344
-310
-254
-279
-271
-239
-241
-264
-340
-329
-296
-260
-195
-189
-235
-287
-207
-182
-172
-111
-92
-100
-71
-75
-105
-107
-83
-100
-92
-56
-128
-107
-84
-96
-130
-130
-50
-77
-98
-123
-105
-94
-79
-136
-121
-88
-105
-161
-172
-107
-107
-134
-153
-155
-151
-144
-176
-224
-250
-279
-262
-188
-231
-243
-233
-247
-207
-256
-285
-313
-262
-241
-165
-184
-243
-233
-178
-107
-197
-224
-195
-147
-186
-209
-191
-212
-250
-205
-201
-247
-264
-254
-224
-226
-239
-281
-245
-201
-308
-283
-220
-245
-270
-174
-149
-161
-205
-235
-249
-258
-222
-199
-205
-209
-182
-212
-237
-201
-220
-256
-279
-214
-163
-184
-210
-212
-254
-243
-168
-165
-172
-176
-193
-222
-237
-216
-191
-235
-266
-283
-237
-249
-271
-249
-279
-304
-291
-298
-352
-382
-348
-334
-315
-340
-359
-329
-306
-291
-285
-292
-348
-375
-304
-306
-306
-262
-250
-350
-327
-329
-304
-268
-218
-193
-226
-199
-197
-222
-237
-197
-168
-125
-144
-205
-163
-153
-224
-264
-271
-216
-239
-281
-275
-298
-310
-298
-319
-331
-302
-359
-355
-355
-355
-407
-411
-422
-396
-417
-420
-401
-426
-451
-453
-401
-399
-413
-363
-363
-315
-361
-363
-338
-310
-235
-235
-212
-201
-161
-128
-119
-60
-71
-69
-62
-67
-50
-25
-23
57
125
122
482
-474
116
164
225
227
188
198
270
290
257
