15257
15232
15200
15082
15047
15000
14885
14816
14770
15139
14532
14440
14330
14219
14156
14068
13980
13883
13774
13723
13612
13437
13379
13330
13112
12870
13164
12624
12685
12637
12610
12477
12398
12286
12158
11984
11902
11746
11679
11570
11459
11333
11708
11108
11040
10917
11229
10627
10381
10169
10062
10061
10022
9992
9969
9782
9641
9545
9458
9328
9190
9043
8858
8744
8690
8543
8354
8190
8053
8078
8143
8099
8028
7944
7837
7791
7727
7646
7482
7402
7414
7454
7400
7295
7213
7211
7171
7146
7135
7141
7164
7145
7188
7196
7185
7162
7066
7011
7043
7082
7093
7108
7188
7238
7173
7143
7150
7154
7146
7139
7124
7181
7194
7145
7093
7108
7127
7167
7175
7181
7230
7232
7179
7120
7082
7022
6912
6862
6898
6948
6923
6864
6801
6856
6902
6906
6885
6858
6883
6868
6864
6893
6952
6975
6954
6961
6927
6900
6898
6885
6908
6914
6921
6900
6917
6923
6908
6898
6910
6923
6963
6990
6963
6948
6958
6958
6959
6975
6984
6973
6969
6979
6980
6973
6963
6946
6916
6921
6952
6980
7011
7038
7057
7028
7009
7003
6998
6990
7005
7003
7011
6996
6990
7007
7041
7019
6958
6952
6954
6914
6893
6887
6904
6929
6959
6958
6921
6891
6862
7318
6776
6736
6677
6660
6664
6683
6704
6740
6782
6841
6877
6914
6958
6973
6944
6896
6919
6929
6914
6870
6870
6845
6812
6791
6761
6748
6744
6732
6730
6704
6711
6734
6725
6696
6692
6666
6639
6631
6641
6656
6667
6662
6646
6610
6572
6599
6664
6690
6662
6648
6643
6620
6616
6625
6658
6669
6700
6681
6656
6652
6652
6662
6646
6633
6639
6656
6652
6650
6660
6646
6599
6559
6564
6576
6564
6540
6520
6484
6461
6490
6545
6515
6459
6414
6404
6389
6364
6358
6360
6374
6375
6330
6305
6288
6312
6330
6305
6282
6240
6261
6263
6225
6202
6211
6229
6238
6246
6232
6259
6282
6280
6324
6320
6293
6291
6288
6250
6234
6257
6267
6255
6217
6167
6162
6169
6215
6263
6232
6206
6187
6158
6158
6177
6179
6173
6160
6156
6118
6099
6083
6062
6045
6024
6017
5996
5998
5975
5977
5984
5969
5963
5927
5914
5895
6349
5866
5881
5895
5898
5895
5891
5900
5908
5904
5933
5942
5935
5887
5374
5877
5906
5950
6009
6036
6026
5994
6011
6051
6055
6040
6040
6003
6009
6026
6043
6062
6093
6122
6133
6137
6103
6093
6116
6137
6145
6154
6156
6143
6192
6232
6221
6211
6215
6244
6301
6360
6370
6339
6307
6309
6322
6318
5862
6372
6404
6448
6484
6473
6433
6425
6414
6435
6461
6517
6496
6463
6473
6509
6515
6541
6564
6519
6488
6500
6505
6528
6551
6547
6562
6576
6574
6561
6559
6555
6555
6551
6543
6517
6526
6538
6591
6624
6637
6635
6648
6664
6688
6717
6709
6694
6708
6704
6715
6753
6814
6883
6893
6875
6864
6854
6877
6885
6935
6979
7061
7082
7061
7032
7053
7070
7076
7074
7104
7148
7179
7183
7133
7148
7166
7187
7206
7209
7206
7253
7295
7309
7280
7248
7230
7229
7278
7311
7290
7293
7303
7293
7288
7284
7318
7316
6839
7351
7360
7368
7341
7347
7393
7419
7458
7482
7473
7438
7469
7503
7540
7559
7557
7562
7562
7587
7597
7597
7629
7662
7645
7627
7593
7585
7593
7616
7616
7631
7641
7614
7585
7576
7580
7559
7511
7486
7437
7423
7444
7421
7379
7358
7354
7814
7309
7278
7261
7211
7190
7166
7127
7150
7177
7160
7137
7101
7072
7026
7011
7030
7043
7041
6996
6979
6958
6940
6896
6849
6805
6805
6354
6849
6816
6769
6694
6650
6656
6656
6658
6624
6570
6513
6490
6494
6452
6393
6312
6269
6257
6282
6223
6156
6047
5977
5925
5849
5793
5755
5786
5765
5681
5612
5562
5545
5526
5444
5305
5215
5135
5061
5015
4967
4900
4822
4761
4723
4692
4627
4599
4555
4486
4452
4469
4543
4501
4341
4122
3931
3807
3688
3578
3522
3547
3641
3723
3732
3698
3660
3597
3520
3440
3389
3332
3291
3217
3089
2942
2837
2753
2713
2675
2561
2456
2381
2322
2246
2196
2124
2028
1956
1868
1736
1643
1631
1633
1633
1561
1948
1408
1389
1328
1251
1208
1183
1167
1114
1061
1001
1003
1458
866
809
738
671
618
547
475
417
335
251
221
162
68
475
-109
-180
-250
-268
-306
-365
-386
-342
-292
-264
-252
-256
-260
-258
-270
-260
-226
-235
-256
-300
-363
-451
-516
-537
-583
-617
-642
-615
-602
-565
-552
-558
-569
-607
-583
-544
-508
-512
-466
-441
-428
-422
-415
-396
-361
-359
-342
-344
-327
-258
-207
-212
-254
-195
-107
-4
64
59
9
-2
5
-6
-23
-14
66
177
242
291
429
509
578
641
690
769
866
935
1017
1101
1160
1259
1374
1477
1620
1732
1826
1933
1994
2074
2166
2276
2379
1961
2513
2585
2683
2761
2833
2900
2986
3024
3116
3209
3330
3404
3444
3509
3585
3627
3667
3814
3921
4000
4146
4234
4272
4354
4427
4467
4541
4685
4818
4866
4914
4954
5001
5076
5202
5284
5362
5482
5576
5639
5719
5788
5375
5908
5965
6007
6055
6085
6131
6188
6291
6393
6475
6503
6530
6604
6677
6736
6759
6776
6830
6874
6912
6938
6975
7030
7082
7091
7099
7125
7148
7187
7263
7286
7274
7322
7393
7419
7440
7425
7425
7486
7585
7633
7633
7593
7570
7618
7715
7750
7751
7776
7780
7780
7774
7843
7872
7875
7895
7942
7979
7982
7992
7973
7940
7958
8019
8055
8057
8036
8036
8038
8053
8082
8103
8118
8116
8139
8181
8211
8208
8196
8171
8160
8162
8177
8187
8173
8164
8188
8208
8192
8196
8192
8238
8253
8251
8206
8167
8185
8213
8217
8198
8198
8190
8179
8177
8185
8225
8251
8250
8248
8194
8169
8177
8200
8204
8223
8227
8213
8208
8219
8206
8219
8257
8316
8324
8278
8274
8330
8347
8393
8429
8454
8461
8458
8501
8498
8501
8513
8501
8543
8591
8631
8666
8664
8666
8667
8725
8759
8769
8811
8833
8807
8814
8837
8887
8946
8988
9041
9078
9097
9110
9125
9158
9179
9196
9213
9250
9278
9291
9284
9368
9450
9480
9471
9505
9564
9580
9618
9648
9698
9751
9786
9797
9830
9864
9914
9937
9961
10001
10055
10101
10108
10116
10097
10085
10104
10150
10206
10251
10297
10326
10314
10290
10354
10427
10469
10458
10513
10597
10618
10627
10696
10742
10759
10784
10843
10885
10898
10923
10996
11043
11097
11183
11253
11274
11299
11297
11345
11437
11515
11557
11625
11685
11729
11763
11832
11891
11938
12020
12082
12169
12223
12278
12337
12374
12438
12509
12568
12604
12658
12723
12788
12828
12895
12956
12988
13074
13160
13246
13358
13437
13488
13566
13622
13204
13761
13807
13849
13887
13954
14041
14129
14173
14206
14261
14343
14450
14492
14528
14580
14732
14814
14854
14969
15087
15143
15282
15347
15438
15438
15591
15738
15814
15879
16022
16146
16225
16301
16450
16603
16709
16740
16812
16942
17043
17183
17232
17362
17494
17570
17709
17814
17893
18022
18137
18240
18309
18450
18087
18639
18738
18803
18887
18998
19028
19120
19223
19337
19416
19496
19490
19061
19646
19698
19685
19755
19801
19864
19910
19923
19948
19990
20019
20022
20049
20020
20045
20181
20198
20198
20211
20238
20196
20171
20234
20364
20387
20374
20360
20482
20030
20522
20524
20606
20643
20727
20822
20822
20658
20662
20851
20944
20910
20904
20946
20986
21083
21125
21181
21248
21236
21246
21288
21372
21463
21477
21515
21601
21597
21641
21683
21732
21841
21841
21916
21952
21954
22028
22055
22062
22160
22278
22362
22398
22438
22511
22614
22734
22788
22830
22927
22971
23034
23085
23137
23122
23187
23251
23297
23316
23410
23458
23496
23490
23500
23543
23564
23589
23639
23738
23805
23833
23471
23971
23916
23925
23973
24041
24103
24173
24221
24257
24316
24387
24396
24452
24448
24454
24519
24568
24656
24717
24692
24748
24786
24835
24832
24883
24435
24998
24975
25005
25051
25076
25129
25146
25133
25162
25141
25181
25160
25204
25219
25188
25211
25198
25238
25251
25242
25265
25286
25324
25379
25272
25206
25242
25318
25328
25280
25309
25291
25232
25232
25251
25276
25309
25238
25141
25125
25106
25089
25070
25091
25022
24998
25026
25024
25015
25041
25022
24988
24975
24963
24944
24954
24923
24902
24824
24822
24799
24725
24704
24687
24677
24643
24587
24585
24576
24515
24417
24379
24385
24364
24326
24286
24173
24116
24150
24114
24057
24103
24043
23969
23948
23883
23860
23795
23770
23725
23620
23551
23921
23417
23345
23209
23139
23137
23120
23036
23444
22891
22782
22730
22658
22643
22648
22526
22440
22406
22337
22290
22297
22251
22146
22074
22036
21977
21959
21843
21776
21702
21723
21614
21456
21404
21316
21248
21120
21000
20933
20833
20759
20727
20734
20654
20627
20601
20618
20624
20595
20633
20729
20751
20732
20748
20788
20908
20954
20942
20520
21057
21049
21070
21101
21085
21133
21223
21270
21318
21354
21387
21438
21490
21444
21337
21167
21103
21146
21248
21408
21677
21870
21799
21612
21555
21639
21740
21883
22101
22208
22068
21919
21902
21942
21977
21900
21790
21776
21803
21818
21837
21814
21814
21740
21709
21725
21671
21566
21452
21408
21400
21385
21343
21253
21229
21190
21099
21097
21070
21020
20973
20944
20520
21074
21104
21070
20971
20921
20925
20910
20885
20927
20986
20984
20965
20935
20938
21043
21049
21080
21049
20933
20904
20906
20895
20845
20866
20959
20914
20954
21057
20971
20893
20944
20990
20902
20793
20816
20835
20780
20658
20618
20664
20585
20543
20534
20377
20341
20280
20125
20089
20032
19938
19853
19688
19604
19553
19406
19332
19267
19173
19095
18998
18845
18790
18690
18631
18580
18513
18396
18320
18250
18129
18116
18538
17938
17868
17824
17709
17591
17553
17482
17328
17278
17320
17230
17076
16982
16917
16853
16858
16723
16562
16555
16545
16456
16339
16194
16131
16603
15938
15759
15671
15572
15440
15274
15166
15007
14885
14751
14666
14536
14351
14213
14143
14053
13883
13706
13547
13381
13324
