7948
8011
8017
8040
8133
8213
8242
8270
8330
8454
8488
8540
8572
8627
8746
8801
8856
8969
9020
9062
9145
9225
9333
9370
9494
9585
9681
9725
9795
9914
10011
10089
10213
9772
10372
10437
10450
10572
10677
10740
10776
10891
10935
11009
11106
11204
11211
11272
11318
11404
11517
11524
11522
11555
11574
11591
11557
11553
11564
11599
11549
11553
11541
11469
11398
11395
11354
11370
11305
11704
11146
11124
11099
10973
10887
10770
10698
10639
10545
10446
10379
10259
10202
10219
10091
9990
9862
10251
9694
9652
9536
9442
9343
9769
9255
9143
9017
8996
8965
8837
8811
8746
8620
8561
8463
8351
8784
8219
8099
8080
8026
7900
7822
7782
7784
7713
7641
7528
7522
7549
7442
7347
7276
7270
7246
7223
7250
7377
7379
7345
7267
7162
7047
7022
7034
7062
7083
7087
7099
7124
7167
7198
7179
7164
7122
7099
7089
7104
7150
7192
7232
7227
7198
7181
7156
7162
7177
7183
7192
7192
7194
7169
7156
7160
7148
7177
7162
7131
7169
7223
7270
7261
7240
7263
7316
7326
6841
7349
7372
7419
7444
7419
7396
7410
7454
7488
7520
7538
7551
7547
7551
7574
7572
7576
7583
7614
7625
7654
7713
7727
7727
7767
7812
7835
7835
7824
7854
7927
7961
7946
7917
7893
7891
7923
7956
7975
7998
8005
8026
8017
8019
8040
8064
8074
8087
8078
8045
8020
7971
7958
7986
7979
7921
7923
7916
7912
7935
7954
7963
7931
7923
7902
7866
7839
7826
7805
7790
7759
7704
7652
7641
7616
7587
7561
7549
7540
7547
7562
7543
7538
7509
7456
7419
7396
7396
7370
7345
7333
7354
7330
7286
7229
7171
7148
7143
7131
7129
7108
7087
7064
7053
7020
6990
6969
6959
6946
6942
6952
6961
6969
6956
6952
6910
6866
6847
6803
6788
6797
6790
6793
6788
6782
6801
6807
6803
6763
6727
6711
6708
6727
6719
6669
6654
6641
6625
6645
6666
6679
6694
6660
6606
6572
6589
6608
6616
6614
6601
6591
6547
6520
6509
6492
6471
6456
6465
6461
6505
6538
6576
6599
6603
6578
6549
6553
6553
6557
6561
6578
6595
6612
6635
6610
6595
6639
6666
6685
6694
6690
6671
6648
6685
6729
6765
6778
6757
6750
6755
6791
6849
6875
6898
6896
6895
6896
6910
6950
6963
6961
6965
6971
6980
7000
7022
7061
7076
7083
7070
7085
7148
7209
7196
7200
7202
7211
7240
7299
7341
7383
7389
7406
7375
7374
7391
7414
7461
7511
7532
7540
7564
7635
7692
7692
7694
7688
7702
7732
7797
7837
7841
7858
7896
7912
7917
7948
8024
8062
8070
8072
8085
8078
8106
8160
8202
8227
8257
8286
8318
8320
8311
7816
8345
8396
8459
8486
8450
8448
8456
8488
8538
8574
8599
8597
8597
8660
8729
8750
8776
8801
8788
8753
8309
8864
8904
8906
8858
8832
8862
8889
8938
8984
8992
9011
9038
9078
9104
9120
9129
9120
9146
9202
9280
9366
9375
9372
9324
9311
9328
9396
9477
9475
9456
9488
9509
9513
9536
9551
9553
9587
9614
9603
9582
9541
9538
9572
9574
9574
9551
9555
9517
9488
9496
9524
9540
9561
9557
9538
9503
9486
9480
9479
9486
9486
9507
9454
9417
9393
9414
9442
9507
9519
9519
9486
9429
9406
9423
9410
9387
9374
9406
9396
9349
9255
9232
9227
9219
9169
9104
9047
9005
8956
8898
8849
8828
8763
8671
8582
8526
8498
8507
8517
8498
8421
8307
8221
8171
8135
8114
8080
8022
7956
7916
7887
7818
7727
7660
7595
7530
7446
7396
7368
7347
7333
7290
7206
7114
7072
7005
6925
6874
6809
6755
6723
6692
6660
6643
6612
6557
6532
6475
6421
6364
6295
6232
6192
6221
6253
6246
6192
6137
6114
6122
6127
6122
6089
6036
6017
5946
5904
6343
5830
5816
5832
5860
5814
5765
5719
5664
5603
5553
5517
5479
5458
5419
5412
5410
5303
5236
5190
5139
5078
5034
4965
4914
4866
4826
4746
4650
4595
4566
4526
4479
4440
4881
4335
4270
4171
4097
4059
4020
3980
3931
3874
3843
3788
3744
3700
3646
3593
3549
3486
3906
3389
3389
3343
3290
3259
3274
3307
3335
3324
3305
3314
3311
3295
3288
3269
3250
3223
3242
3261
3265
3230
3204
3213
3238
3261
3267
3274
3274
3278
3303
3341
3364
3337
3366
2933
3458
3500
3564
3620
3679
3711
3736
3795
3881
3919
3942
3986
4040
4070
4139
4227
4299
4360
4423
4465
4507
4593
4633
4677
4757
4793
4854
4925
5001
5045
5129
5230
5286
5349
5421
5496
5614
5734
5809
5860
5921
5992
6049
6124
6229
6305
6366
6456
6515
6553
6667
6803
6925
7038
7139
7185
7257
7349
7473
7547
7648
7738
7788
7893
8001
8089
8190
8284
8358
8452
8524
8564
8629
8719
8811
8900
8980
9080
9171
8795
9339
9410
9482
9562
9631
9685
9295
9910
10013
10089
10131
10179
10242
10349
10442
10511
10566
10620
10679
10719
11295
11347
11383
11435
11477
11528
11614
11677
11729
11759
11782
11853
11910
11959
12017
12087
12124
12164
12160
12171
12206
12269
12318
12293
12305
12368
12402
12448
12501
12524
12532
12570
12629
12641
12633
12648
12667
12725
12788
12793
12791
12797
12828
12824
12826
12853
12895
12900
12898
12895
12931
12969
12965
13007
13026
13057
13089
13118
13118
13062
13026
13059
13112
13139
13164
13204
13221
13200
13167
13152
13146
12711
13270
13320
13301
13255
13244
13234
13255
13255
13215
13200
13211
13240
13297
13320
13326
13295
13263
13246
13270
13284
13297
13333
13347
13341
13280
13253
13274
13270
13251
13225
13202
13202
13246
13288
13299
13347
13297
13255
13236
13240
13244
13267
13269
13223
13257
13259
13272
13276
13274
13288
13303
13332
13343
13333
13349
13372
13374
13402
13427
13463
13482
13484
13507
13540
13543
13540
13519
13522
13585
13671
13692
13666
13658
13667
13679
13694
13725
13774
13826
13864
13874
13883
13893
13887
13917
14003
14055
14072
14059
14087
14133
14188
14219
14211
14208
14229
14278
14299
14362
14404
14437
14471
14496
14553
14612
14687
14748
14807
14824
14833
14845
14854
14904
14929
14982
15028
15034
15055
15104
15154
15215
15301
15354
15400
15458
15507
15582
15631
15654
15702
15795
15866
15904
15998
16085
16160
16209
16223
16219
16242
16335
16412
16500
16543
16591
16629
16645
16725
16875
16975
17061
17118
17154
17206
17278
17337
17412
17488
17545
17622
17675
17753
17866
17971
18024
18066
18131
18173
18225
18305
18370
18469
18561
18637
18729
18778
18793
18807
18839
18898
18977
18570
19110
19181
19263
19324
19383
19456
19490
19561
19656
19736
19784
19851
19875
19963
20053
20143
20209
20244
20250
20309
20416
20465
20488
20036
20631
20774
20843
20872
20893
20952
21032
21120
21173
21236
21291
21330
21391
21494
21591
21664
21721
21757
21767
21776
21814
21883
21948
22011
22080
22148
22208
22259
22322
22391
22435
22480
22561
22666
22803
22843
22898
22479
23080
23185
23259
23362
23444
23507
23553
23603
23669
23744
23868
23942
23921
23963
24045
24108
24181
24217
24244
24234
24303
24339
24391
24419
24538
24595
24599
24612
24658
24679
24786
24793
24866
24889
24431
24923
25009
25030
25051
25076
25139
25192
25227
25280
25337
25339
25305
25288
25400
25425
25417
25500
25515
25526
25528
25574
25603
25572
25572
25612
25664
25698
25675
25711
25744
25847
25799
25763
25797
25872
25910
25931
25931
25965
26030
26053
26043
26127
26166
26196
26162
26206
26278
26278
26312
26330
26389
26404
26437
26509
26553
26561
26549
26618
26641
26664
26757
26803
26790
26826
26860
26381
26889
26923
26958
26946
27003
27093
27095
27118
27143
27183
27177
27158
27221
27290
27280
27318
27389
27408
27448
27461
27477
27545
27606
27603
27639
27643
27664
27656
27711
27793
27862
27828
27885
27914
27879
27917
27971
28074
28055
28055
28076
28122
28131
28169
28190
28221
28269
28261
28257
28274
28280
28332
28316
28291
28354
28303
28238
28177
28177
28215
28217
28181
28112
28112
28114
28171
28110
28007
28009
28013
27979
27948
27940
28332
28332
27734
27757
27790
27687
27650
27631
27582
27555
27507
27452
27383
27381
27360
27375
27351
27288
27269
27295
27288
27167
27097
27103
27051
27017
26977
26946
26982
26946
26893
26809
26788
26793
26772
26708
26599
26604
26562
26480
26391
26314
26225
26227
26141
26082
26019
25938
25797
25748
25708
25660
25585
25515
25408
25351
25345
25286
25240
25076
25043
24975
24887
24830
24671
24578
24559
24444
24278
24244
24154
24022
23917
23885
23742
23637
23591
23522
23431
23385
23272
23211
23104
23028
22975
22862
22761
22671
22629
22522
22391
22288
22208
22072
21952
21893
22011
21847
21757
21740
21727
21652
21591
21463
21396
21417
21396
21318
21230
21118
21093
21133
21187
21227
21293
21305
21301
21309
21293
21282
21375
21396
21421
21377
21364
21332
21374
21335
21316
21324
21265
21194
21106
21064
21076
21055
21494
20946
20816
20715
20599
20578
20559
20450
20307
20303
20280
20177
20125
20045
19946
19868
19759
19698
19578
19484
19364
19330
19263
19175
19076
18954
18893
18862
18786
18805
18795
18706
18631
18646
18627
18687
18706
18690
18637
18650
18698
18734
18807
18803
18830
18916
18967
19030
19175
19244
19234
19333
19528
19622
19687
19809
19904
19963
20028
20148
20272
20383
20417
20448
20561
20664
20751
20744
20799
20866
20919
20975
20959
20538
21068
21072
21122
21135
21099
21083
21104
21074
21129
21124
21122
21133
21141
21114
21047
21047
21038
20986
20998
20971
20908
20864
20856
20814
20730
20660
20622
20561
20414
20332
20244
20150
20064
19959
19824
19790
19708
19547
19448
19349
19253
19114
19009
18870
18759
18666
19043
18446
18343
18192
18093
18000
17883
17776
17648
17564
17463
17416
17312
17156
17034
16914
16755
16704
16557
16547
16429
16240
16601
16022
15872
15759
15576
15410
15270
15148
15007
14858
14759
15120
14417
14299
14639
13969
13803
13645
13503
13290
13223
13085
12881
13181
12490
12278
12101
11977
11755
11576
11459
11253
11076
10923
10759
10645
10461
10181
9988
9877
9742
9585
9765
9064
8908
8759
8616
8425
8221
8043
7885
7776
7656
7490
7366
7251
7118
6975
7312
6702
6660
