22717
22622
22557
22956
22442
22404
22303
22198
22091
22026
21933
21830
21732
21641
21528
21427
21353
21295
21200
21104
21007
20931
20889
20799
20713
20595
21001
20444
20320
20185
20169
20055
20043
19996
19881
19769
19685
19591
19522
19410
19377
19251
19129
19536
18998
18898
18881
18763
18645
18583
18469
18345
18242
18154
17963
17875
17811
17755
17639
17484
17349
17158
17072
16977
16875
16774
16631
16526
16284
16608
15973
15818
15637
15519
15291
15618
14952
14811
14708
14580
14364
14627
13937
13845
13759
13625
13484
13347
13248
13164
13017
12854
12715
12641
12532
12446
12419
12393
12347
12236
12156
12200
12232
12261
12446
12807
12938
12660
12328
12188
12040
11885
11790
11748
11627
11519
11561
11622
11244
11784
11832
11872
11874
11853
11851
11881
11937
11973
11963
12045
12185
12326
12343
12274
12196
12160
12169
12211
12232
12171
12122
12101
12108
12150
12179
12190
12208
12238
12290
12305
12326
12330
12316
12330
12341
12377
12417
12473
12522
12583
12656
12688
12755
12816
12845
12889
12938
12963
13007
13070
13082
13106
12706
13276
13341
13414
13450
13486
13524
13530
13540
13564
13570
13622
13645
13637
13660
13715
13774
13803
13830
13902
13986
14049
14093
14152
14204
14232
14309
14370
14429
14494
14553
14625
14669
14694
14757
14843
14929
14954
14958
14984
15047
15080
15103
15129
15139
15129
15131
15129
15169
15188
15229
15261
15280
15278
15274
15269
15276
15322
15332
15320
15328
15402
15463
15477
15437
15429
15477
15551
15624
15683
15673
15624
15553
15505
15467
15400
15307
15221
15164
15093
15070
15051
15057
15003
14967
14969
14948
14875
14723
14524
14408
14333
14330
14375
14398
14402
14391
14375
14341
14293
14265
14236
14215
14200
14169
14076
13963
13746
13583
13471
13362
13240
13148
13059
13013
12916
12816
12717
12650
12604
12562
12494
12425
12375
12335
12251
12169
12110
12043
11990
11916
11809
11738
11690
11612
11530
11416
11362
11345
11347
11335
11309
11240
11087
10998
10879
10767
10664
10532
10454
10423
10356
10284
10740
10175
10074
9998
9908
9807
9746
9700
9622
9541
9469
9400
9347
9293
9238
9246
9240
9232
9202
9188
9137
9072
8994
8925
8898
8833
8774
8750
8704
8650
8580
8538
8484
8431
8383
8333
8284
8217
8188
8116
8015
7942
7927
7889
7795
7750
7706
7639
7599
7555
7517
7492
7452
7431
7433
7419
7360
7286
7253
7196
7188
7183
7154
7145
7143
7057
7017
6982
6954
6952
6937
6902
6864
6868
6887
6877
6860
6828
6839
6826
6767
6719
6700
6662
6648
6673
6700
6667
6641
6639
6620
6595
6572
6547
6501
6461
6438
6398
6395
6372
6347
6307
6265
6236
6196
6196
6255
6263
6253
6250
6230
6188
6158
6154
6141
6188
6229
6187
6148
6112
6066
6038
6061
6045
6013
5963
5963
6005
5998
5963
5900
5864
5893
5868
5830
5824
5849
5854
5835
5791
5746
5786
5795
5791
5814
5837
5849
5803
5759
5748
5797
5816
5830
5799
5730
5709
5717
5729
5750
5725
5708
5671
5650
5627
5614
5597
5578
5566
5572
5538
5482
5469
5471
5442
5412
5404
5461
5482
5475
5465
5437
5374
5389
5364
5341
5343
5372
5360
5311
5269
5248
5269
5278
5280
5270
5250
5244
5240
5229
5188
5169
5152
5120
5099
5125
5124
5124
5103
5083
5022
5007
4984
4988
4992
4969
4946
4910
4900
4908
4954
4937
4904
4885
4887
4400
4925
4923
5368
4828
4826
4851
4847
4824
4811
4793
4797
4814
4811
4816
4807
4774
4772
4717
4696
4696
4715
4744
4719
4688
4698
4723
4711
4721
4660
4606
4595
4618
4633
4612
4570
4501
4442
4419
4402
4385
4383
4377
4358
4343
4324
4286
4238
4192
4175
4152
4141
4187
4200
4173
4110
4036
3990
3977
3980
3971
4045
4156
4192
4173
4156
4083
3992
3917
3841
3795
3702
3625
3530
3458
3421
3431
3503
3568
3627
3673
3687
3681
3681
3677
3671
3652
3643
3633
3666
3713
3761
3721
3673
3654
3622
3643
3608
3568
3591
3566
3540
3519
3513
3541
3593
3608
3597
3610
3618
3624
3603
3595
3629
3702
3740
3759
3748
3727
3698
3719
3801
3841
3877
3862
3854
3872
3868
3902
3921
3916
3931
3979
4038
4040
4011
4043
4106
4171
4187
4185
4202
4246
4293
4339
4381
4435
4500
4520
4578
4637
4641
4635
4660
4719
4790
4822
4839
4845
4856
4868
4875
4870
4835
4828
4835
4839
4877
4904
4868
4828
4774
4748
4740
4723
4687
4641
4608
4570
4526
4526
4505
4477
4444
4448
4450
4402
4358
4341
4354
4333
4322
4314
4330
4335
4305
4257
4238
4221
4219
4217
4238
4257
4274
4297
4311
4332
4293
4209
4137
4116
4146
4192
4259
4297
4240
4208
4146
4108
4066
3961
3967
3969
3942
3937
3940
3954
3916
3847
3824
3862
3864
3803
3730
3648
3587
3576
3561
3473
3400
3349
3312
3311
3309
3257
3209
3167
3110
3066
3022
2975
2916
2862
2856
2811
2759
2704
2692
2700
2673
2675
2679
2673
2608
2543
2496
2484
2471
2419
2362
2326
2324
2322
2328
2314
2280
2246
2234
2206
2125
2062
2043
2036
2057
2047
2062
2055
2055
2011
1973
1938
1906
1900
1931
1948
1929
1887
1833
1832
1828
1797
1786
1803
1805
1795
1772
1780
1778
1755
1772
1807
1809
1793
1776
1772
1807
1845
1853
1843
1833
1805
1837
1864
1833
1791
1801
1793
1843
1881
1885
1891
1921
1967
2024
2055
2061
2061
2043
2040
2087
2143
2156
2192
2211
2200
2167
2229
2291
2351
2362
2389
2433
2490
2515
2522
2498
2503
2549
2608
2664
2708
2744
2748
2790
2858
2914
2940
2994
3005
3022
3080
3135
3188
3202
3251
3312
3377
3450
3503
3564
3624
3652
3690
3767
3874
3973
3996
4026
4106
4150
4194
4274
4316
4368
4452
4500
4540
4610
4692
4736
4788
4851
4900
4950
5030
5110
5217
5293
5339
5400
5461
5511
5578
5677
5755
5822
5875
5912
5958
6009
6070
6164
6242
6309
6368
6412
6490
6574
6627
6679
6795
6845
6904
6948
6977
7032
7103
7183
7242
7293
7360
7412
7480
7526
7583
7639
7708
7769
7830
7870
7935
8036
8133
8194
8248
8278
8341
8452
8536
8580
8604
8625
8667
8755
8824
8877
8971
9024
9047
9089
9158
9215
9276
9335
9330
9318
9364
9450
9513
9589
9620
9622
9656
9744
9797
9797
9811
9862
9923
9942
9963
10020
10057
10112
10135
10156
10187
10250
10278
10278
10286
10333
10406
10393
10410
10446
10477
10477
10459
10438
10465
10538
10606
10627
10625
10622
10660
10700
10717
10732
10793
10830
10833
10870
10910
10942
10977
11011
11001
11020
11036
11064
11095
11143
11202
11242
11257
11309
11358
11437
11494
11570
11610
11591
11574
11589
11603
11683
11755
11795
11812
11828
11893
11925
11952
11956
11982
12019
12083
12162
12230
12299
12343
12416
12475
12557
12603
12232
12776
12832
12885
12933
13095
12711
13286
13309
13396
13490
13519
13618
13751
13820
13914
14022
14078
14139
14326
14450
14520
14601
14667
14843
14942
15049
15133
15236
15375
15442
15541
15622
15744
15919
16015
16032
16190
16345
16433
16555
16648
16782
16984
16612
17250
17320
17433
17116
17772
17858
18038
18185
18257
18419
18091
18729
18864
18992
19024
19187
19360
19452
19591
19673
19763
19841
19961
20062
20150
20284
20410
20452
20030
20622
20746
20845
20906
21064
21192
21259
21387
21494
21637
21725
21816
21982
22122
22301
22456
22532
22776
23141
23395
23438
23520
23641
23748
23839
23896
23977
24099
24064
24066
24229
24311
24324
24368
24543
24715
24822
25003
25213
25366
25492
25541
25572
25625
25683
25847
26022
26242
26328
26381
26419
26419
26501
26513
26515
26540
26547
26513
26498
26564
26599
26624
26606
26574
26547
26534
26597
26595
26501
26387
26385
25898
26412
26339
26181
26093
26217
25893
26442
26458
26458
26412
26358
26364
26291
26213
26183
26026
25910
25814
25805
25717
25627
25559
25562
25501
25412
25353
25267
25194
25143
25137
25108
25036
24984
24965
24917
24875
24847
24812
24832
24769
24692
24648
24568
24574
24568
24505
24383
24309
24332
24261
24169
24160
24131
24053
24030
24034
23992
23980
23940
24425
23914
23937
23992
23946
23944
23948
23938
23950
23967
23965
24421
24001
24053
24005
23946
23952
23982
24022
24066
24083
24101
24145
24106
24070
24156
24240
24272
24295
24377
24404
23942
24500
24568
24562
24597
24629
24658
24730
24809
24875
24858
24898
24965
25028
25148
25208
25242
25225
25284
25374
25416
25452
25511
25608
25692
25700
25732
25822
25912
25979
25988
26066
26087
26185
26261
26276
26293
25912
26454
26561
26593
26583
26732
26797
26769
26843
26904
26938
26980
27005
27032
27135
27139
27118
27244
27284
27229
27284
27337
27393
27412
27408
27482
27484
27479
27557
27532
27479
27486
27555
27540
27517
27524
27498
27381
27429
27482
27473
27400
27429
27414
27377
27274
27272
27295
27259
27188
27099
27070
27041
26975
26893
26791
26818
26791
26643
26566
26511
26438
26385
26349
26280
26221
26103
26051
26011
25948
26372
25807
25715
25646
25629
25614
25456
25891
25347
25297
25179
25101
25007
24929
24870
24784
24729
24646
24501
24408
24341
24288
24175
24053
23988
23916
23812
23704
23671
23629
23505
23421
23326
23251
23181
23093
23053
22973
22870
22811
22765
22662
22648
22589
22505
22435
22417
22358
22269
22215
22062
22000
21900
21805
21725
21614
21963
21416
21307
21230
21152
21019
20866
20694
20538
20490
20603
20719
20879
21034
21062
21074
21114
21055
21019
21124
21108
21089
21070
21087
21125
21124
21146
21185
21196
21082
21020
20917
20908
20904
20948
20990
21020
20925
20814
20786
20685
20610
21001
20295
20139
20187
20354
20564
20624
20687
20772
20807
20729
20700
20719
20616
20557
20507
20488
20467
20450
20353
20290
20270
20238
20137
20043
20015
19921
19824
19744
19658
19612
19555
19454
19374
19311
19177
19125
19059
19036
19045
19019
18986
18971
18980
19190
19498
19349
19000
18938
19000
19009
19074
19087
19066
19003
18952
19009
19074
19093
19019
18994
18933
18814
18868
18958
18967
18998
18564
19070
19078
19124
19217
19217
19229
19257
19290
19309
19339
19416
19417
19406
19438
19484
19488
19459
19500
19450
