28169
28087
27948
27956
27935
27812
27696
27599
27515
27408
27236
27146
27049
26956
26889
26818
26660
26448
26398
26314
26188
26118
26020
26370
25803
25746
25652
25540
25488
25421
25291
25229
25158
25093
24937
24906
24814
24721
24709
24683
24564
24442
24364
24349
24211
24112
23963
23854
23772
23711
23599
23458
23335
23261
23164
23055
23425
22778
22688
22591
22940
22375
22230
22139
22003
21921
21812
21673
21589
21515
21427
21274
21143
21009
20870
20748
20629
21003
20368
20286
20183
20049
19944
19851
19811
19753
19633
19627
20022
19505
19475
19452
19492
19458
19515
19484
19440
19458
19057
19580
19562
19555
19545
19562
19610
19625
19622
19616
19635
19646
19675
19681
19713
19721
19721
19765
19791
19809
19803
19799
19818
19851
19864
19896
19931
19958
19977
19988
19984
19998
20007
20051
20112
20166
20198
20198
20204
20251
20288
20297
20347
20343
20332
20360
20408
20438
20496
20479
20444
20479
20511
20509
20507
20494
20486
20454
20379
20312
20246
20232
20232
20213
20202
20177
20125
20097
20116
20106
20040
19933
19860
19770
19704
19677
19778
19700
19501
19486
19503
19480
19459
19389
19312
19282
19270
19263
19267
19282
19293
19322
19311
19267
19253
19291
19320
19339
19364
19374
19374
19438
19482
19534
19557
19578
19593
19612
19639
19704
19801
19828
19866
19923
20009
20045
20047
20083
20166
20221
20232
20230
20244
20314
20383
20429
20461
20463
20494
20532
20562
20603
20624
20612
20610
20652
20702
20742
20748
20753
20732
20750
20765
20786
20795
20797
20788
20767
20769
20757
20725
20742
20751
20736
20734
20750
20784
20801
20801
20778
20780
20780
20742
20715
20694
20683
20666
20669
20671
20664
20666
20625
20643
20645
20643
20625
20591
20543
21003
20520
20488
20437
20385
20309
20261
20225
20133
20087
20093
20169
20280
20305
20269
20183
20120
20106
20125
20137
20091
20074
20034
19986
19893
19818
19772
19782
19793
19738
19648
19557
19494
19452
19412
19318
19246
19177
19116
19076
19022
18898
18809
18723
18620
18545
18511
18459
18431
18328
18240
18183
18108
18043
17959
17845
17772
17727
17669
17620
17555
17465
17396
17314
17219
17135
17097
17024
16944
16875
16828
16774
16698
16618
16543
16488
16438
16345
16255
16164
16078
16026
15956
15906
15843
15765
15711
15681
15612
15482
15389
15326
15263
15183
15152
15120
15038
14931
14847
14824
14765
14666
14583
14515
14421
14375
14326
14272
14223
14173
14104
14005
13870
13748
13709
13639
13593
13526
13440
13389
13345
13282
13677
13070
12992
12895
12799
12702
12643
12585
12545
12482
12362
12288
12257
12167
12083
11994
11927
11828
11742
11673
11645
11578
11488
11402
11343
11311
11276
11211
11120
11036
10938
10868
10811
10772
10748
10708
10622
10538
10461
10354
10290
10244
10171
10074
10019
9916
9826
9763
9669
9534
9412
9312
9272
9236
9160
9070
8984
8866
8746
8667
8599
8463
8772
8099
7958
7832
7721
7631
7511
7389
7303
7251
7204
7146
7093
6975
6866
6797
6729
6683
6639
6610
6568
6520
6429
6332
6295
6263
6244
6280
6286
6204
6131
6040
6013
5942
5845
5816
5784
5786
5793
5761
5702
5635
5566
5566
5562
5532
5450
5410
5402
5435
5479
5490
5482
5452
5435
5419
5375
5341
5326
5332
5393
5454
5438
5414
5417
5408
5448
5517
5553
5561
5564
5536
5524
5547
5606
5704
5770
5784
5778
5769
5759
5814
5858
5906
5923
5933
5933
5958
5963
6034
6089
6085
6076
6116
6150
6190
6225
6244
6265
6255
6244
6238
6278
6320
6314
6320
6311
6345
6393
6429
6467
6465
6456
6461
6450
6475
6522
6524
6505
6503
6486
6477
6500
6522
6534
6578
6601
6625
6595
6572
6572
6591
6646
6675
6704
6744
6818
6812
6801
6809
6856
6900
6954
6979
7000
7051
7091
7124
7118
7068
7076
7091
7145
7181
7192
7209
7232
7255
7229
7227
7246
7286
7305
7333
7312
7297
7290
7297
7316
7324
7330
7356
7381
7385
7364
7341
7360
7349
7332
7335
7316
7307
7280
7244
7217
7185
7177
7110
7083
7089
7103
7091
7053
6986
6900
6879
6895
6881
6883
6877
6845
6776
6704
6633
6574
6536
6501
6452
6398
6360
6309
6255
6219
6181
6141
6053
6009
5982
5919
5833
5761
5675
5635
5599
5547
5503
5442
5395
5316
5269
5194
5152
5101
5028
4952
4904
4900
4887
4839
4767
4711
4679
4601
4494
4440
4383
4332
4276
4261
4242
4215
4183
4131
4083
4034
4001
3967
3885
3833
3824
3795
3750
3759
3730
3652
3566
3526
3507
3461
3893
3358
3326
3299
3248
3173
3148
3135
3095
3070
3043
2996
2956
2879
2801
2769
2750
2782
2761
2696
2610
2555
2526
2509
2505
2469
2404
2333
2332
2312
2299
2257
2208
2145
2085
2030
2030
1998
1931
1872
1839
1791
1765
1753
1750
1742
1688
1612
1583
1557
1511
1482
1437
1375
1324
1282
1274
1244
1221
1156
1114
1072
1082
1043
1463
914
910
891
858
782
706
660
635
608
576
551
473
410
375
395
437
414
297
229
183
125
125
122
68
28
-37
-56
-96
-163
-228
-285
-317
-373
-405
-443
-6
-554
-619
-640
-670
-684
-709
-749
-791
-817
-865
-907
-928
-959
-1027
-1090
-1126
-1159
-1161
-1172
-1193
-1207
-1168
-1113
-1134
-1170
-1216
-1247
-1304
-1331
-1291
-1249
-1254
-1292
-1327
-1333
-1338
-1302
-1281
-1277
-1331
-1367
-1363
-1334
-1327
-1338
-1334
-1350
-1373
-1348
-1392
-1411
-1392
-1306
-1266
-1250
-1258
-1270
-1308
-1333
-1296
-1230
-1182
-1125
-1100
-1073
-1090
-1113
-1090
-1050
-991
-924
-878
-875
-871
-829
-792
-762
-724
-678
-651
-621
-586
-558
-546
-527
-497
-392
-352
-348
-325
-319
-300
-258
-218
-172
-163
-155
-140
-100
-69
-46
-42
-16
30
93
131
146
148
164
200
257
314
375
379
379
419
454
475
477
541
566
580
624
673
723
711
706
692
723
770
818
851
870
919
938
965
996
1057
1097
1091
1101
1137
1181
1227
1242
1295
1312
1372
1435
1482
1498
1494
1559
1656
1719
1727
1740
1702
1715
1761
1839
1862
1898
1935
1998
2041
2087
2125
2166
2158
2192
2251
2301
2366
2414
2421
2406
2414
2452
2500
2551
2637
2669
2715
2744
2750
2774
2849
2904
2448
2988
3022
3074
3150
3211
3234
3255
3301
3360
3431
3452
3475
3524
3561
3585
3643
3696
3706
3706
3730
3740
3736
3780
3814
3851
3885
3883
3874
3889
3891
3881
3896
3937
3984
4030
4104
4116
4103
4116
4112
4122
4141
4156
4166
4206
4204
4192
4211
4225
4246
4269
4278
4339
4358
4375
4379
4389
4883
4375
4366
4364
4362
4372
4395
3908
4396
4341
4311
4358
4341
4320
4282
4333
4341
4314
4358
4362
4354
4349
4343
4370
4337
4353
4333
4349
4372
4429
4446
4410
4402
4454
4490
4500
4479
4540
4562
4599
4614
4633
4696
4643
4646
4727
4799
4799
4877
4872
4900
4959
5038
5091
5156
5213
5272
5272
5305
5333
5280
5337
5370
5396
5398
5381
5438
5410
5370
5458
5507
5528
5515
5492
5555
5547
5501
5519
5549
5520
5459
5473
5498
5433
5419
5469
5467
5402
5358
5351
5324
5152
5200
5261
5166
5022
4948
4898
4868
4862
4748
4681
4622
4614
4540
4482
4501
4488
4437
4419
4410
4379
4398
4345
4303
4328
4291
4267
4263
4248
4276
4232
4196
4190
4240
4259
4257
4257
4270
4314
4372
4477
4538
4557
4593
4685
4780
4826
4877
4950
5143
5244
5232
5335
5450
5519
5564
5591
5679
5767
5790
5807
5906
5946
6019
6120
6204
6316
6385
6452
6547
6624
6704
6809
7009
7087
7213
7356
7427
7606
7711
7335
7969
8150
8288
8461
8641
8860
9045
9188
9377
9490
9725
10000
10038
10183
10381
10675
10883
10982
11120
11309
11490
11675
11847
12066
12274
12479
12650
12854
13066
13158
13307
13543
13776
13954
14106
14288
14479
14603
14788
14973
14666
15278
15391
15555
15664
15803
15916
16053
16190
16299
16417
16501
16585
16702
16797
16885
16969
17089
17160
17299
17333
17417
17108
17677
17751
17839
17908
17973
18051
18238
18345
18383
18480
18603
18692
18732
18791
18877
18979
19083
19152
19183
19278
19328
19391
19454
19467
19604
19667
19751
19826
19841
19849
19958
20007
20045
20099
20148
20230
20309
20375
20440
20477
20513
20562
20603
20688
20723
20753
20847
20937
21032
21066
21091
21146
21232
21316
21389
21444
21011
21578
21683
21774
21784
21908
22009
22097
22171
22179
22251
22429
22517
22612
22633
22652
22778
22866
22938
22477
23101
23257
23278
23261
23385
23473
23610
23624
23624
23660
23753
23828
23893
23996
24053
24068
24125
24162
24225
24307
24320
24349
24419
24396
24438
24507
24660
24727
24778
24847
24977
25099
25152
25208
25284
25370
25459
25566
25589
25631
25793
25971
26101
26154
26255
26414
26543
26687
26811
26965
27133
27219
26883
27480
27646
27837
27988
28106
28278
28452
28648
28780
28921
29072
29274
29402
29557
29702
29877
30076
30234
30383
30534
30660
30318
30973
31131
31320
31465
31624
31276
31929
32085
32200
32341
32454
32574
32263
32866
33003
33154
33299
33417
33517
33597
33635
33221
33917
34091
34229
34293
34421
34507
34625
34711
34763
34893
35022
35062
35232
35362
35410
35431
35511
35629
35769
35822
35887
35971
36145
36234
36259
36345
36419
36517
36534
36580
36685
36788
36866
36841
36938
37013
37074
37045
37099
37103
37185
37198
37200
37223
37227
37253
37311
37362
37333
37328
37351
37400
37345
37364
37368
37354
37375
37324
37318
37290
37299
37261
37213
37238
37240
37217
37187
37137
37072
37020
36938
36864
36874
36860
36816
36780
36681
36629
36574
36517
36477
36412
36326
36232
36166
36639
36099
35992
35959
35851
35864
35833
35713
35702
35675
35601
35566
35501
35421
35416
35354
35278
35261
35229
35190
35164
35070
35005
34963
34956
34965
34921
34801
34727
34742
34795
34736
34645
34618
34540
34490
34454
34427
34408
34347
34267
34202
34160
34093
34036
33980
33973
33908
33847
33790
33761
33776
33725
33639
33585
33570
33551
33459
33438
33404
33332
33297
33286
33221
33181
33143
33139
33055
33034
33083
33104
32958
32971
33043
