23725
23839
23917
23973
24026
24028
24030
24112
24253
24290
24272
24301
24337
23940
24528
24585
24597
24667
24761
24780
24830
24959
25003
25011
25064
25101
25169
25295
24923
25456
25498
25645
25750
25797
25891
25916
25984
26101
26192
26255
26360
26433
26500
26583
26660
26791
26906
26925
27038
27106
27156
27265
27265
27351
27391
27484
27543
27561
27627
27711
27774
27805
27818
27875
27889
27912
27937
27917
27948
27986
28049
28064
28082
28110
28114
28114
28141
28145
28125
28127
28125
28133
28173
28198
28194
28167
28196
28209
28230
28257
28238
28223
28238
28263
28251
28225
28225
28229
28215
28213
28238
28270
28253
28211
28183
28169
28179
28183
28183
28190
28169
28152
28125
28093
28085
28083
28087
28085
28068
28038
28034
28015
27975
27971
27959
27958
27971
27921
27885
27896
27896
27874
27837
27835
27837
27854
27833
27778
27769
27757
27738
27723
27702
27688
27700
27690
27646
27620
27589
27614
27627
27622
27635
27650
27601
27551
27564
27583
27520
27507
27511
27540
27526
27517
27490
27480
27484
27486
27488
27515
27536
27553
27547
27555
27549
27553
27576
27601
27593
27562
27540
27534
27532
27566
27610
27648
27652
27654
27639
27603
27583
27593
27597
27614
27648
27688
27692
27685
27646
27652
27683
27690
27748
27828
27893
27933
27866
27776
27715
27727
27723
27765
27791
27790
27780
27751
27721
27677
27706
27725
27729
27709
27706
27698
27715
27727
27688
27679
27669
27650
27624
27618
27624
27599
27568
27522
27541
27561
27538
27509
27486
27467
27461
27435
27416
27454
27475
27471
27450
27391
27320
27265
27272
27284
27257
27208
27160
27160
27171
27221
27230
27148
27089
27097
27083
27070
27064
27053
27019
27003
26979
26959
26946
26916
26900
26870
26866
26881
26919
26958
26950
26881
26801
26769
26772
26795
26803
26793
26765
26725
26708
26711
26696
26646
26652
26648
26601
26576
26568
26580
26538
26500
26501
26484
26486
26438
26395
26358
26322
26316
26307
26274
26253
26242
26217
26185
26139
26124
26164
26162
26110
26045
26013
25961
25952
25917
25872
25791
25759
25778
25767
25709
25656
25631
25603
25593
25578
25494
25412
25410
25412
25391
25349
25282
25200
25150
25127
25116
25085
25051
24956
24877
24849
24830
24797
24763
24717
24650
24576
24524
24498
24475
24446
24375
24312
24299
24272
24238
24146
24074
24000
23980
23956
23921
23904
23885
23818
23759
23729
23711
23652
23574
23490
23379
23322
23267
23225
23217
23192
23145
23091
23026
23444
22940
22904
22811
22744
22677
22624
22561
22954
22381
22341
22301
22276
22253
22209
22127
22045
21958
21931
21916
21866
21782
21702
21622
21587
21595
21599
21561
21515
21444
21381
21322
21255
21244
21221
21173
21110
21038
21001
20982
20938
20917
20862
20767
20675
20662
20667
20658
20618
20549
20475
20410
20343
20282
20250
20221
20177
20114
20043
19986
19931
19887
19835
19765
19759
19702
19629
19549
19484
19442
19425
19391
19318
19217
19169
19131
19089
19540
19022
18990
18935
18870
18799
18751
18660
18624
18631
18576
18513
18482
18429
18351
18293
18240
18192
18125
18007
17933
17860
17807
17761
17734
17723
17713
17666
17526
17431
17400
17377
17309
17219
17225
17166
17040
16919
16832
16790
16791
16759
16732
16711
16679
17097
16507
16452
16433
16360
16297
16230
16183
16162
16608
16095
16038
15996
16000
16036
16043
15977
15925
15929
15938
15929
15946
15942
15935
15954
15931
15904
15883
15900
15923
15950
15969
15965
15979
15998
15982
15950
15967
15977
15969
15994
16011
16062
16091
16095
16080
16053
16041
16038
16078
16101
16089
16057
16070
16089
16129
16152
16164
16177
16175
16177
16185
16221
16242
16227
16206
16211
16198
16190
16202
16230
16270
16270
16291
16291
16267
16246
16196
16179
16167
16135
16082
16024
16030
16062
16062
16022
15988
15937
15916
15895
15807
15721
15673
16114
15572
15532
15486
15421
15368
15314
15234
15148
15064
15000
14933
14874
14814
14782
14696
14604
14566
14551
14446
14383
14326
14240
14171
14101
14074
14038
13954
13835
13753
13700
13669
13654
13624
13553
13484
13387
13333
13307
13293
13261
13242
13200
13114
13024
12998
12971
12942
12908
12891
12910
12916
12902
12895
12875
12797
12774
12788
12776
12788
12801
12776
13181
12681
12677
12683
12683
12681
12688
12694
12690
12679
12723
12786
12837
12862
12830
12811
12814
12839
12851
12847
12830
12837
12839
12851
12843
12862
12866
12868
12864
12883
12864
12824
12790
12778
12784
12811
12832
12807
12750
12708
12660
12622
12603
12572
12534
12520
12532
12538
12513
12492
12494
12511
12498
12469
12421
12383
12377
12333
12295
12284
12286
12299
12299
12280
12225
12194
12185
12185
12196
12175
12152
12131
12116
12127
12122
12104
12034
11996
11965
11942
11944
11912
11887
11877
11845
11801
11774
11767
11767
11757
11788
11812
11790
11784
11790
11803
11778
11753
11744
11774
11778
11791
11797
11780
11791
11786
11795
11805
11801
11791
11755
11727
11725
11753
11765
11769
11786
11757
12204
11662
11643
11633
11656
11643
11639
11562
11494
11440
11406
11410
11393
11324
11272
11715
11188
11179
11129
11047
10986
10940
10900
10853
10832
10811
10759
10681
10620
10549
10500
10458
10414
10387
10301
10238
10171
10093
10062
10000
9940
9893
9866
9818
9755
9677
9629
9589
9534
9442
9375
9324
9761
9225
9179
9118
9028
8956
8902
8835
8769
8709
8635
8530
8456
8389
8353
8326
8786
8209
8129
8034
7986
7965
7898
7797
7753
7698
7637
7580
7488
7435
7414
7398
7358
7282
7181
7127
7106
7047
6916
6893
6849
6845
6809
6715
6654
6652
6618
6593
6536
6423
6833
6358
6351
6339
6309
6272
6246
6209
6162
6131
6116
6104
6125
6135
6129
6122
6104
6099
6133
6148
6127
6135
6171
6200
6213
6227
6213
6196
6187
6183
6156
6152
6225
6303
6341
6322
6259
6217
6162
6158
6229
6295
6303
6282
6286
6274
6291
6314
6301
6288
6349
6358
6351
6332
6360
6374
6398
6406
6381
6404
6438
6454
6450
6456
6482
6503
6541
6562
6568
6561
6578
6593
6585
6564
6547
6576
6629
6656
6683
6664
6658
6660
6688
6732
6742
6717
6704
6721
6748
6757
6738
6734
6751
6729
6687
6654
6687
6784
6832
6820
6769
6757
6786
6833
6828
6835
6870
6868
6889
6906
6872
6881
6931
6946
6973
7019
7028
7051
7080
7114
7150
7177
7181
7181
7179
7194
7188
7175
7200
7259
7267
7291
7335
7362
7385
7377
7381
7364
7812
7311
7318
7349
7362
7358
7383
7372
7364
7347
7332
7326
7349
7297
7240
7192
7171
7169
7181
7156
7171
7166
7150
7116
7022
6952
6919
6910
6841
6746
6622
6601
6578
6404
6322
6318
6286
6167
6124
6028
5954
5971
5923
5870
5793
5769
5757
5673
5593
5553
5463
5431
5421
5379
5311
5261
5223
5204
5106
5015
4950
4906
4866
4835
4746
4730
4625
4555
4513
4479
4400
4333
4303
4274
4187
4070
3971
3919
3895
3820
3698
3620
3570
3490
3408
3337
3190
3112
3043
2914
2811
2734
2694
2593
2925
2309
2267
2192
2129
2055
1975
1875
1851
1780
1662
1582
1545
1484
1398
1305
1288
1230
1118
1072
1011
979
900
889
862
843
782
786
837
723
658
730
799
822
772
748
837
877
868
841
795
774
849
900
891
935
954
929
910
975
1047
1089
1061
1154
1188
1162
1183
1278
1349
1339
1370
1429
1486
1511
1543
1574
1616
1660
1778
1801
1807
1870
1921
1959
2000
2034
2106
2164
2196
2194
2230
2312
2398
2404
1973
2543
2534
2633
2696
2801
2866
2914
2984
3059
3078
3156
3255
3316
3347
3408
2933
3482
3543
3652
3753
3803
3860
3927
4011
4076
4175
4219
4263
4362
4381
4425
4543
4564
4580
4700
4704
4776
4400
4925
4942
5026
5072
5091
5160
5259
5322
5358
5389
5440
5545
5599
5666
5711
5763
5879
5940
5965
5994
6053
6162
6244
6276
6272
5864
6480
6534
6595
6591
6732
6801
6795
6805
6877
6975
7030
7055
7110
7156
7179
7236
7290
7372
7410
7440
7456
7490
7587
7624
7614
7673
7698
7736
7799
7832
7872
7969
8041
8017
8049
8173
8198
8246
7818
8389
8448
8448
8536
8631
8692
8778
8902
8938
9005
9034
9116
9251
9353
9555
9627
9660
9713
9830
10003
10066
10135
10213
10364
10507
10580
10692
10824
10885
11076
11188
11330
11494
11603
11767
11912
12034
12108
12206
12318
12507
12561
12562
12669
12734
12769
12700
12744
12807
12776
12719
12683
12709
12669
12662
12570
12477
12446
12372
12368
12356
12290
12240
12250
12166
12120
12116
12043
12074
12055
12072
12003
11931
11969
11969
11854
11816
11849
11805
11811
11811
11791
11782
11769
11688
11719
11673
11677
11683
11715
11736
11700
11677
11698
11704
11759
11702
11236
11812
11780
11811
11748
11820
11849
11877
11935
12013
12047
12007
12055
12114
12145
12169
12244
12328
12402
12395
12482
12583
12572
12597
12666
12767
12824
12872
12902
12931
13007
13066
13112
13125
13311
13400
13398
13547
13645
13734
13816
13931
14026
13681
14246
14307
14475
14622
14725
14845
14952
15091
15156
15250
15395
15505
15612
15692
15725
15860
15946
16053
16093
16082
16187
16288
16368
16492
16570
16656
16742
16818
16870
16927
16990
17055
17124
17194
17246
17297
17345
17366
17440
17486
17557
17625
17660
17704
17801
17885
17893
17891
17921
18034
18082
18080
18158
18312
18351
18354
18431
18488
18559
18603
18685
18740
18786
18832
18906
18992
18992
18566
19137
19169
19250
19309
19385
19475
19555
19629
19650
19702
19702
19820
19893
19904
19956
19956
20024
20087
20122
20055
19982
20024
20074
20040
20053
20108
20101
20047
19545
20097
20509
20001
20091
20062
20005
19986
20009
20017
20053
20003
19982
19971
19895
19944
19980
19965
19914
19898
19956
19998
19963
19933
19956
19952
19959
19921
19969
19965
19958
19545
20099
20125
20160
20229
20353
20381
20416
20463
20543
20643
20698
20799
20866
20927
21038
21106
21158
21309
21448
21536
21585
21669
21807
21921
22011
22152
22261
22354
22452
22562
22702
22854
22935
22986
23080
23232
23322
23333
23396
23526
23555
23555
23631
23673
23687
23727
23666
23683
23742
23770
23694
23646
23669
23643
23643
23664
23635
23614
23591
23526
23532
23501
23437
23444
