27648
27625
27599
27688
27666
27645
27669
27715
27721
27624
27580
27631
27654
27677
27729
27751
27757
27669
27658
27643
27530
27545
27551
27547
27496
27440
27395
27406
27324
27324
27276
27206
27143
27099
27141
27146
27114
27030
26931
26969
26937
26853
26849
26830
26780
26715
26673
26606
26591
26601
26574
26520
26482
26398
26299
26335
26303
26274
26166
26137
26110
26095
26019
26009
25946
25858
25795
25784
25708
25614
25564
25549
25438
25349
25291
25246
25145
25076
24996
25395
24837
24774
24729
24637
24549
24534
24435
24377
24372
24335
24261
24179
24116
24055
24062
23979
23874
23805
23805
23736
23633
23505
23442
23396
23385
23280
23206
23124
22971
22841
22791
22750
22662
22631
22587
22561
22950
22391
22312
22280
22301
22278
22185
22135
22125
22459
21841
21790
21654
21624
21667
21582
21446
21383
21318
21267
21164
21061
21026
20988
20961
20937
20893
20845
20782
20719
20662
20612
20593
20557
20490
20452
20414
20303
20206
20141
20083
19986
19896
19830
19776
19688
19635
19587
19519
19479
19433
19351
19274
19229
19158
19093
19059
19019
18996
18958
18917
18902
18877
18826
18759
18748
18751
18736
18692
18654
18637
18643
18664
18713
18736
18715
18717
18730
18765
18765
18719
18721
18711
18736
18767
18795
18812
18814
18803
18774
18801
18828
18860
18860
18841
18826
18832
18830
18868
18902
18929
18940
18931
18933
18992
19001
18971
18950
18994
19076
19125
19183
19187
19206
19291
19349
19360
19412
19459
19519
19599
19660
19690
19667
19679
19717
19772
19824
19860
19904
19950
19900
19870
19927
19952
19948
19904
19809
19715
19687
19677
19671
19660
19576
19475
19341
19250
19196
19114
18988
18860
18765
18643
18580
18536
18452
18332
18221
18093
17963
17875
17816
17784
17719
17637
17513
17454
17412
17391
17364
17284
17213
17192
17169
17133
17083
17041
17034
17030
17064
17087
17122
17129
17156
17179
17219
17293
17437
17106
17694
17818
17866
17883
17938
17988
17973
17959
17587
18185
18270
18341
18385
18477
18078
18633
18717
18765
18833
18904
18975
18568
19162
19259
19339
19438
19066
19631
19711
19788
19845
19910
19944
19946
19959
20061
20129
20154
20131
20124
20162
20188
20188
20194
20230
20242
20215
20162
20179
20211
20175
20162
20213
20229
20221
20192
20179
20183
20211
20240
20282
20284
20242
20188
20154
20156
20143
20116
20106
20095
20083
20082
20082
20041
20017
19942
19875
19828
19812
19801
19811
19767
19704
19700
19650
19551
19473
19400
19391
19396
19402
19360
19311
19276
19278
19223
19156
19114
19095
19085
19061
19001
18914
18849
18812
18776
18725
18658
18568
18536
18526
18450
18410
18366
18333
18301
18248
18152
18085
18036
18038
18047
18017
17975
17984
17963
17883
17858
17832
17799
17782
17770
17770
17704
17654
17625
17637
17633
17635
17639
17639
18062
17530
17513
17479
17446
17450
17463
17461
17450
17427
17421
17395
17330
17297
17299
17290
17206
17183
17183
17177
17141
17080
16996
16969
16946
16900
16881
16841
16790
16740
16675
16610
16553
16515
16471
16438
16368
16332
16261
16166
16091
16047
15996
15946
15849
15750
15696
16114
15559
15530
15454
15400
15375
15291
15217
15145
15095
15034
14944
14877
14795
14730
14683
14612
14578
14524
14480
14421
14370
14301
14232
14175
14103
14038
13958
13866
13740
13631
13570
13511
13465
13387
13312
13229
13145
13083
13032
12979
12900
12828
12734
12646
12561
12427
12309
12257
12188
12089
11992
11881
11765
11677
11568
11477
11410
11332
11236
11160
11047
10956
10862
11227
10656
10601
10507
10444
10402
10318
10744
10209
10133
10043
9979
9923
9868
9801
9708
9643
9612
9578
9576
9559
9503
9454
9402
9330
9276
9238
9248
9274
9257
9209
9173
9145
9150
9164
9173
9116
9080
9074
9089
9120
9103
9099
9125
9129
9122
9122
9116
9160
9221
9250
9236
9246
9269
9269
9291
9332
9353
9408
9446
9461
9473
9465
9490
9530
9557
9591
9618
9677
9704
9709
9750
9786
9839
9860
9877
9904
9923
9965
10003
10089
10103
10114
10156
10200
10240
10272
10293
10354
10406
10465
10513
10553
10595
10700
10761
10790
10854
10912
10925
10921
10925
10963
11026
11099
11125
11169
11198
10753
11305
11347
11387
11444
11507
11555
11606
11641
11669
11664
11240
11797
11856
11864
11902
11979
12020
12059
12101
12135
12162
12236
12322
12381
12440
12488
12486
12490
12526
12849
12875
12902
12912
12923
12975
12982
13015
13055
13062
13062
13062
13082
13076
13082
13093
13093
13059
13036
13049
13045
13055
13011
12965
12980
13043
13051
12971
12929
12914
12904
12929
12910
12896
12883
12832
12778
12782
12780
12734
12671
12606
12532
12492
12515
12513
12480
12437
12377
12333
12307
12286
12272
12227
12173
12133
12133
12101
12030
11969
11921
11914
11908
11860
11814
11765
11725
11666
11603
11511
11479
11479
11454
11427
11417
11368
11307
11240
11179
11152
11106
11055
11030
11009
10986
10961
10868
10822
10782
10723
10662
10620
10593
10538
10482
10408
10356
10320
10295
10234
10160
10110
10055
10026
10009
9958
9904
9822
9723
9677
9660
9606
9530
9496
9467
9412
9354
9288
9232
9187
9125
9108
9091
9015
8919
8860
8854
8835
8776
8713
8677
8645
8612
8551
8469
8404
8368
8320
8269
8263
8257
8274
8290
8240
8166
8112
8080
8030
8028
8028
8038
8005
7990
7958
7896
7849
7839
7809
7805
7805
7784
7765
7723
7696
7713
7713
7694
7687
7675
7679
7673
7650
7606
7576
7545
7555
7541
7547
7540
7522
7488
7479
7492
7482
7479
7467
7490
7513
7513
7522
7496
7482
7467
7467
7511
7530
7528
7551
7582
7572
7538
7568
7604
7610
7595
7564
7582
7625
7625
7603
7595
7614
7681
7688
7677
7658
7648
7656
7635
7593
7587
7627
7692
7732
7719
7692
7679
7704
7725
7753
7763
7753
7769
7818
7862
7860
7830
7837
7862
7864
7835
8303
7795
7786
7843
7889
7935
7940
7937
7908
7927
7948
7950
7959
7980
7982
7971
7984
8011
8019
8036
8062
8093
8110
8110
8118
8143
8145
8145
8154
8183
8202
8213
8215
8213
8215
8232
8244
8272
8282
8301
8345
8353
8337
8368
8417
8427
8452
8477
8479
8461
8467
8448
8444
8463
8461
8417
8429
8444
8480
8524
8532
8532
8520
8513
8520
8538
8538
8530
8498
8492
8496
8534
8553
8530
8511
8536
8528
8509
8511
8519
8526
8559
8585
8597
8604
8582
8557
8559
8566
8645
8681
8664
8662
8660
8639
8620
8629
8652
8656
8650
8652
8675
8685
8650
8622
8629
8658
8677
8667
8637
8589
8562
8532
8515
8536
8532
8540
8520
8482
8459
8467
8511
8530
8500
8404
8347
8356
8375
8347
8316
8314
8316
8311
8291
8276
8259
8261
8234
8215
8229
8175
8145
8118
8135
8183
8187
8167
8089
8007
7977
7973
8030
8040
8000
7952
7891
7875
7877
7866
7833
7799
7780
7757
7763
7723
7698
7683
7681
7643
7593
7530
7522
7534
7536
7492
7463
7419
7431
7423
7398
7393
7368
7381
7374
7393
7368
7364
7349
7395
7442
7408
7400
7416
7404
7345
7362
7370
7314
7318
7236
7230
7253
7183
7108
7076
7062
7009
6910
6895
6856
6866
6856
6788
6790
6837
6853
6786
6793
6791
6736
6767
6790
6736
6692
6708
6681
6604
6561
6467
6395
6297
6263
6238
6137
6003
5931
5793
5633
5589
5543
5444
5282
5175
5062
5020
4912
4790
4772
4706
4618
4549
4496
4490
4435
4385
4400
4372
4353
4259
4208
4175
4221
4181
4055
4099
4053
3965
3979
3961
4387
3868
3937
3872
3858
3845
3782
3729
3700
3664
3648
3633
3608
3553
3498
3555
3545
3463
3438
3404
3353
3311
3255
3250
3259
3229
3160
3150
3095
3047
3007
3020
2986
2877
2895
2891
2858
2874
2921
2845
2822
2839
2845
2812
2854
2887
2874
2916
3416
2944
2956
3022
2990
3017
3114
3146
3173
3221
3259
3343
3354
2942
3522
3509
3530
3585
3677
3807
3849
3872
3996
4011
3977
4066
4179
4251
4332
4337
4385
4431
4511
4618
4692
4709
4778
4853
4931
5041
5141
5135
5200
5299
5467
5555
5625
5708
5807
5921
6011
6083
6206
6330
6406
6490
6616
6629
6732
6910
7005
7064
7162
7267
7425
7540
7646
7732
7337
7908
7986
8072
8229
8349
8444
8562
8662
8750
8835
8917
9059
9146
9246
8801
9356
9513
9648
9715
9803
9906
9942
10038
10066
10133
10312
10396
10482
10564
10625
10706
10868
10948
10973
11116
11267
11364
11503
11595
11675
11238
11782
11847
11950
12120
12187
12267
12391
12461
12582
12681
12782
12912
12971
13095
12736
13354
13463
13528
13717
13851
13904
14034
14202
14368
14543
14167
14652
14881
15194
15624
15091
15106
15263
15414
15480
15530
15572
15690
15868
15994
16049
16108
16236
16425
16511
16608
16721
16807
16952
17074
17143
17255
17354
17419
17471
17532
17629
17770
17820
17879
17931
17979
17601
18154
18234
18311
18364
18467
18541
18593
18627
18748
18826
18891
18979
19007
19043
19139
19229
19290
19274
19318
19368
19341
19374
19444
19517
19528
19570
19687
19757
19780
19820
19839
19952
20007
20061
20131
20202
20187
20242
20330
20364
20395
20505
20591
20702
20753
20874
20526
21036
21091
21160
21227
21312
21339
21385
21024
21616
21696
21851
21847
21908
22003
22097
22162
22175
22238
22265
22385
22459
22490
22536
22587
22675
22753
22830
22952
23034
23005
23001
23103
23190
23276
23406
23437
23524
23580
23664
23767
23820
23833
23914
23975
24028
24089
24173
24240
24276
24320
24410
24538
24570
24572
24664
24755
24820
24898
24994
25040
25082
25183
25248
25347
25479
25536
25574
25648
25715
25770
25851
25916
25961
26047
26122
26124
26179
26299
26326
26396
26469
26520
26551
26639
26708
26769
26812
26391
26980
27015
27055
27158
27204
27196
27270
27381
27429
27480
27566
27625
27679
27763
27774
27858
27914
27965
27982
28061
28219
28301
27849
28377
28408
28463
28549
28624
28658
28704
28742
28820
28877
28893
28914
28998
29030
29059
29061
29053
29175
29196
29175
29188
29229
28833
29332
29314
29374
29377
29412
29458
29461
29417
29423
29511
29545
29557
29608
29572
29545
29562
29543
29524
29614
29616
29562
29540
29604
29587
29635
29576
29547
29589
29639
29631
29687
29641
