5156
5106
5026
4919
4866
4870
4824
4791
4746
4658
4635
4650
4608
4593
4585
4570
4604
4618
4595
4625
4704
4746
4757
4818
4971
5062
5030
5110
5225
5335
5408
5437
5515
5635
5765
5896
6041
6066
6150
6293
6412
6496
6639
6719
6820
6963
7118
7208
7318
7490
7645
7711
7858
7977
8190
8238
8366
8475
8593
8673
8782
8868
9003
9112
9198
9328
9383
9452
9572
9673
9293
9896
9980
10055
10146
10232
10320
10337
10354
10370
10408
10463
10520
10570
10599
10639
10681
10696
10709
10730
10788
10845
10887
10937
10980
11026
11026
11015
11061
11152
10757
11293
11284
11263
11284
11324
11362
11379
11393
11404
11419
11473
11513
11549
11601
11639
11627
11633
11648
11690
11748
11776
11780
11799
11812
11839
11868
11921
11967
11979
12007
12024
12051
12062
12091
12124
12156
12188
12198
12204
12232
12270
12263
12265
12282
12284
12297
12293
12322
12358
12381
12385
12358
12356
12398
12431
12452
12402
12387
12400
12435
12480
12520
12541
12530
12501
12480
12507
12532
12526
12541
12528
12532
12549
12614
12667
12692
12688
12690
12723
12750
12744
12770
12782
12793
12811
12818
12841
12858
12912
12937
12935
12917
12883
12900
12935
12942
12944
12984
13045
13064
13062
13062
13062
13049
13072
13120
13150
13166
13188
13200
13190
13208
13236
13261
13282
13309
13343
13387
13414
13423
13416
13431
13429
13452
13488
13526
13561
13583
13624
13645
13639
13645
13671
13711
13759
13767
13761
13791
13830
13889
13923
13917
13923
13929
13971
14001
14064
14122
14133
14118
14125
14175
14209
14206
14208
14276
14305
14305
14326
14351
14377
14435
14511
14528
14532
14557
14608
14633
14671
14736
14795
14822
14853
14872
14887
14940
14992
15030
15064
15093
15139
15198
15187
15198
15227
15276
15324
15400
15473
15519
15526
15505
15551
15589
15667
15709
15755
15803
15860
15906
15933
15948
16001
16057
15641
16185
16257
16303
16314
16316
16351
16402
16437
16452
16500
16578
16673
16761
16793
16790
16803
16893
16992
17064
17085
17114
17137
17188
17240
17286
17351
17412
17500
17570
17622
17673
17748
17786
17843
17887
17923
17990
18047
18085
18160
18209
18250
18318
18377
18452
18538
18660
18744
18814
18877
18917
18956
19007
19085
19185
19248
19326
19391
19427
19459
19526
19599
19690
19811
19862
19914
19950
19982
19549
20083
20120
20179
20274
20333
20368
20461
20534
20631
20719
20767
20761
20812
20832
20917
21001
21061
21133
21175
21200
21244
21318
21360
21416
21440
21467
21532
21627
21713
21748
21769
21832
21870
21912
21973
22028
22091
22114
22160
22213
22238
22251
22297
22358
22419
22490
22553
22603
22658
22687
22666
22694
22727
22767
22818
22872
22916
22954
22980
22990
23047
23104
23127
23122
23190
23211
23276
23333
23345
23356
23404
23435
23463
23496
23513
23541
23555
23585
23658
23711
23729
23708
23709
23715
23742
23799
23812
23828
23856
23856
23868
23935
23965
23990
24009
24036
24053
24053
24055
24066
24061
24089
24110
24104
24103
24120
24156
24200
24232
24246
24267
24290
24318
24353
24372
24395
24395
24416
24463
24501
24509
24484
24480
24509
24534
24530
24519
24564
24633
24675
24725
24746
24734
24755
24763
24757
24769
24750
24761
24799
24814
24807
24847
24849
24835
24824
24847
24431
24979
25001
25013
25043
25047
25045
25072
25103
25125
25106
25133
25141
25145
25181
25246
25337
25370
25385
25400
25408
25408
25427
25454
25477
25501
25526
25530
25555
25608
25637
25677
25715
25769
25826
25858
25881
25933
25954
25980
25986
26041
26078
26103
26133
26133
26104
26101
26188
26234
26230
26234
26272
26328
26345
26368
26362
26356
25900
26454
26496
26519
26559
26593
26589
26601
26595
26606
26620
26654
26702
26727
26750
26797
26793
26795
26786
26799
26843
26898
26916
26937
26944
27000
27034
27019
27022
27049
27057
27082
27139
27179
27202
27202
27229
27238
27196
27208
27253
27282
27295
27295
27312
26875
27402
27442
27427
27429
27484
27520
27534
27543
27557
27601
27618
27639
27639
27658
27685
27725
27751
27757
27769
27772
27805
27839
27847
27856
27893
27885
27864
27916
27937
27933
27935
27973
27990
28015
28015
28007
28043
28064
28078
28118
28127
28093
28078
28108
28145
28177
28183
28187
28160
28120
28114
28116
28118
28133
28125
28124
28148
28118
28112
28127
28143
28152
28206
28227
28206
28190
28225
28270
28261
28341
28364
28414
28446
28444
28425
28419
28406
28406
28442
28465
28471
28482
28505
28519
28536
28568
28543
28536
28524
28534
28526
28538
28545
28562
28547
28490
28458
28507
28547
28564
28572
28574
28597
28572
28578
28530
28492
28490
28513
28532
28540
28532
28484
28446
28423
28427
28396
28391
28419
28435
28419
28379
28395
28391
28375
28822
28332
28326
28293
28311
28316
28301
28276
28278
28276
28261
28255
28236
28240
28217
28181
28171
28181
28204
28175
28122
28114
28141
28122
28095
28076
28061
28061
28036
28011
28017
27973
27950
27927
27904
27895
27866
27870
27832
27774
27711
27690
27706
27708
27658
27625
27614
27566
27524
27500
27498
27458
27412
27837
27291
27270
27242
27183
27160
27127
27110
27038
26965
26956
26929
26887
26849
26736
26681
26696
26692
26646
26580
26479
26425
26410
26396
26364
26318
26223
26139
26091
26057
26020
25979
25923
25847
25816
25753
25709
25667
25608
25589
25580
25536
25454
25412
25368
25356
25314
25246
25190
25148
25133
25091
25007
24961
24877
24799
24708
24662
24641
24582
24492
24414
24374
24326
24269
24198
24133
24097
24053
23958
23868
23793
23723
23685
23614
23496
23419
23354
23295
23270
23236
23156
23097
22988
22900
22845
22780
22744
22717
22673
22555
22479
22442
22417
22395
22356
22341
22324
22263
22198
22122
22072
22068
22074
22061
22045
22053
22053
22053
22045
22001
21959
21895
21879
21877
21866
21898
21902
21854
21772
21763
21799
21830
21841
21812
21795
21793
21799
21809
21818
21782
21732
21667
21601
21578
21603
21688
21761
21725
21646
21604
21624
21635
21582
21564
21564
21604
21650
21708
21698
21662
21606
21587
21616
21662
21681
21696
21748
21814
21864
21877
21898
21971
21946
21914
21917
21965
21973
21950
21925
21908
21868
21845
21877
21921
21935
21923
21881
21780
21721
21711
21730
21721
21725
21633
21532
21484
21484
21456
21410
21362
21312
21244
21198
21173
21150
21085
21059
21488
20940
20893
20851
20816
20799
20788
20782
20799
20832
20837
20820
20795
20767
20784
20765
20713
20685
20692
20736
20780
20784
20740
20681
20683
20671
20650
20591
20561
20551
20545
20568
20591
20557
20547
20490
20431
20435
20431
20433
20423
20364
20335
20333
20318
20288
20290
20276
20240
20217
20160
20162
20192
20217
20194
20139
20124
20171
20171
20141
20101
20114
20150
20166
20152
20177
20177
20202
20221
20225
20301
20312
20250
20211
20217
20312
20303
20318
20324
20326
20267
20274
20301
20282
20269
20261
20269
20196
20143
20166
20183
20154
20078
20068
20007
19971
19875
19807
19757
19656
19541
19492
19383
19265
19146
19003
18906
18820
18746
18641
18540
18530
18429
18242
18154
18087
17982
17944
17845
17730
17645
17610
17526
17450
17337
17274
17248
17196
17137
17020
16923
16860
16843
16824
16732
16667
16599
16473
16416
16335
16286
16164
16074
16000
15925
15788
15650
15639
15585
15475
15314
15204
15145
15020
14950
14938
14790
14688
14633
14496
14328
14240
14183
14093
13902
13805
13746
13641
13498
13370
13267
13171
13038
12849
12763
12652
12519
12385
12244
12141
11988
11849
11702
11564
11402
11240
11078
10973
10803
10671
10566
10440
10278
10200
10097
9984
9895
10238
9551
9416
9293
9213
9062
8881
8744
8624
8524
8444
8366
8230
8118
8007
7929
7885
7828
7729
7646
7566
7549
7608
7557
7526
7477
7454
7471
7482
7507
7551
7580
7597
7641
7692
7729
7748
7811
7885
7954
7956
7961
8059
8135
8175
8301
8408
8459
8520
8564
8624
8715
8811
8868
8992
9106
9169
9248
9328
9368
9486
9530
9551
9648
9853
9919
9958
10085
10146
10181
10293
10356
10404
10459
10566
10614
10708
10267
10826
10858
10916
10889
10933
11059
11053
11072
11070
11064
11106
11129
11179
11204
11188
11146
11108
11051
11112
11124
11091
11114
11051
11030
10988
10992
10965
10916
10923
10910
10835
10799
10740
10730
10709
10688
10543
10467
10433
10416
10354
10230
10156
10112
10095
10061
9998
9832
9809
9736
9641
9562
9519
9475
9372
9765
9236
9242
9160
9026
8965
8862
8830
8778
8729
8652
8589
8473
8379
8307
8251
8167
8106
8074
8022
7937
7875
7824
7784
7732
7646
7601
7540
7446
7377
7362
7351
7274
7282
7246
7120
7055
7043
7040
6984
6847
6713
6618
6467
6431
6435
6412
6826
6274
6236
6169
6129
6082
6032
6041
5965
5774
5675
5648
5595
5580
5513
5860
5358
5393
5853
5293
5299
5265
5238
5194
5104
5087
5118
5068
5022
5000
5028
5032
5041
5000
5032
5074
5072
5078
5051
5095
5124
5179
5221
5215
5221
5278
5267
5297
5353
4885
5404
5469
5492
5473
5492
5530
5555
5610
5635
5610
5639
5685
5660
5740
5843
5375
5889
5910
5885
5910
5921
5944
6011
6041
6097
6051
6047
5975
5958
5940
5685
5814
4889
4662
5074
5772
6223
6383
6379
6274
6208
6188
6118
6007
6349
5828
5713
5591
5479
5452
5395
5372
5406
5416
5490
5603
5709
5746
5719
5715
5654
5625
5564
5585
5591
5536
5650
5826
6074
6091
6000
6127
5879
6398
6255
6129
6282
6488
6591
6658
6700
6715
6715
6675
6645
6677
6711
6755
6797
6797
6769
6761
6757
6746
6740
6770
6732
6708
6356
6965
6948
6889
6795
6801
6933
7087
7229
7312
7324
7250
7238
6847
7395
7437
7417
7423
7480
7505
7524
7545
7555
7505
7484
7513
7597
7538
7566
7643
7685
7725
7784
7770
7738
7797
7881
7940
7946
7917
7917
8013
8062
8009
8072
8183
8229
8238
8240
8265
8181
8080
8034
8137
8181
8110
7973
7891
7874
7860
7786
7622
7597
7595
7587
7431
7286
7179
7091
7040
6948
6870
6799
6667
6620
6614
6570
6576
6538
6501
6517
6480
6446
6477
6433
6423
6368
6354
6429
6479
6414
6835
6322
6282
6265
6261
6265
6244
6194
6137
6135
6101
6061
6038
6036
5973
5931
5916
