25486
25435
25353
25396
25379
25328
25227
25234
25280
25263
25194
25146
25139
25127
25074
25036
25032
24963
24980
24969
25395
24877
24870
24805
24786
24812
24793
24746
24723
24677
24650
24608
24505
24469
24477
24480
24383
24339
24270
24225
24234
24208
24118
24082
24095
24030
23929
23919
23898
23814
23729
23772
23759
23633
23610
23585
23551
23931
23358
23349
23339
23253
23141
23122
23108
23032
23000
23000
22969
22940
22853
22770
22713
22687
22673
22683
22580
22532
22551
22511
22421
22301
22278
22270
22190
22158
22125
22103
22036
21990
22467
21927
21872
21832
21870
21875
21833
21784
21713
21677
21664
21664
21627
21566
21526
21461
21412
21368
21372
21368
21356
21339
21272
21188
21120
21040
21009
20994
20965
20925
20912
20866
20797
20750
20673
20624
20574
20559
20549
20477
20351
20265
20238
20225
20164
20120
20085
20057
20007
19910
19837
19772
19740
19736
19708
19681
19648
19582
19522
19053
19585
19572
19534
19505
19480
19461
19471
19465
19410
19374
19374
19404
19423
19398
19354
19349
19322
19270
19202
19129
19160
19187
19242
19265
19238
19190
19158
19158
19185
19208
19146
19101
19080
19099
19089
19091
19118
19078
19064
19038
19032
19057
19062
19076
18998
18992
19019
19072
19110
19099
19110
19091
19072
19120
19185
19253
19261
19234
19143
19095
19076
19076
19072
19074
19061
19020
18979
18935
18916
18891
18830
18751
18688
18639
18582
18505
18433
18330
18259
18194
18152
18080
17990
17866
17763
17666
17570
17507
17433
17318
17219
17106
16984
16875
16811
16736
16667
16595
16532
16480
16379
16309
16255
16154
16072
16017
15982
15942
15887
15790
15730
15660
15635
15606
15570
15509
15444
15427
15440
15454
15410
15354
15316
15286
15261
15263
15213
15173
15631
15110
15104
15062
15030
15001
14990
14992
15009
14996
14977
14977
14992
15015
15001
14973
14929
14887
14868
14839
14828
14837
14820
14832
14809
14750
14717
14685
15143
15139
14620
14582
14570
14559
14543
14519
14465
14433
14429
14421
14406
14406
14360
14303
14288
14314
14303
14278
14274
14229
14227
14221
14188
14183
14200
14200
14164
14139
14122
14095
14091
14072
14055
14017
13992
13977
13935
13912
13883
13883
13870
13858
13841
13820
13801
13778
13761
13746
13770
13763
13717
13690
13664
13698
13696
13645
13604
13622
13654
13646
13606
13597
13583
13564
13549
13561
13595
13599
13564
13536
13522
13536
13534
13538
13536
13540
13555
13585
13612
13622
13604
13595
13597
13593
13610
13637
13692
13690
13696
13664
13646
13702
13763
13788
13780
13774
13818
13814
13811
13803
13801
13812
13858
13891
13883
13851
13826
13786
13803
13853
13866
13862
13835
13826
13822
13820
13788
13763
13770
13767
13744
13729
13715
13702
13671
13614
13604
13574
13570
13536
13469
13425
13431
13423
13433
13427
13353
13251
13196
13156
13125
13118
13066
13043
13030
12986
12927
12872
12812
12772
12790
12809
12790
13173
12604
12591
12593
12553
12505
12448
12372
12318
12299
12255
12217
12166
12085
12040
12028
12005
11925
11833
11780
11744
11681
11669
11666
11593
11501
11423
11375
11333
11299
11253
11187
11133
11097
11000
10912
10833
10782
10757
10679
10574
10471
10362
10311
10288
10276
10217
10133
10007
9910
9851
9780
9719
9662
9606
9534
9387
9751
9185
9091
8990
8870
8770
8717
8650
8561
8421
8316
8196
8089
8013
7914
7845
7763
7625
7505
7440
7356
7246
7162
7070
6975
6889
6801
6696
6603
6492
6419
6351
6272
6181
6110
6026
5973
5921
5864
5769
5648
5566
5511
5467
5395
5311
5251
5198
5131
5103
5085
5068
5007
4950
4837
4767
4753
4730
4723
4715
4704
4679
4627
4547
4515
4524
4509
4448
4379
4389
4461
4484
4429
4412
4351
4332
4328
4324
4318
4297
4286
4250
4215
4219
4246
4276
4276
4232
4227
4259
4244
4215
4188
4143
4139
4183
4179
4141
4118
4133
4108
4099
4080
4040
4022
4032
4038
4041
4003
3952
3952
3938
3944
3950
3961
3980
3977
3959
3919
3912
3889
3887
3893
3881
3870
3851
3832
3807
3793
3782
3755
3750
3746
3755
3759
3765
3740
3725
3687
3681
3698
3688
3698
3727
3727
3725
3721
3711
3727
3765
3755
3727
3748
3790
3814
3803
3801
3856
3877
3843
3805
3822
3875
3898
3906
3904
3879
3875
3887
3925
3927
3946
3952
3969
3982
3967
3946
3929
3917
3958
4028
4030
3996
3958
3963
3965
3937
3908
3872
3866
3927
3959
3990
4013
4013
3980
3980
3998
4007
4026
4041
4049
4047
4045
4043
4003
3959
3969
3992
3998
3961
3963
3992
3973
3925
3893
3874
3833
3791
3761
3727
3719
3692
3656
3652
3654
3627
3604
3549
3524
3505
3469
3467
3471
3456
3902
3375
3312
3265
3238
3234
3234
3238
3227
3200
3116
3057
3017
2998
2969
2938
2916
2868
2812
2791
2772
2732
2700
2662
2667
2666
2635
2557
2524
2530
2522
2477
2469
2475
2448
2387
2375
2349
2324
2316
2305
2278
2225
2169
2122
2120
2133
2167
2175
2196
2166
2145
2131
2080
2066
2076
2040
2425
1925
1952
1954
1940
1891
1889
1900
1877
1811
1751
1732
1750
1759
1755
1740
1700
1690
1696
1721
1736
1738
1681
1610
1585
1603
1614
1639
1639
1625
1646
1662
1635
1614
1570
1534
1541
1612
1660
1658
1604
1522
1528
1589
1614
1631
1639
1601
1574
1578
1589
1627
1633
1608
1595
1570
1572
1580
1532
1524
1551
1564
1553
1534
1526
1549
1561
1559
1553
1549
1564
1549
1509
1492
1501
1520
1536
1500
1456
1475
1480
1494
1538
1570
1574
1555
1547
1545
1543
1543
1549
1578
1591
1566
1578
1574
1574
1557
1528
1509
1517
1561
1583
1566
1524
1507
1517
1547
1551
1496
1442
1450
1484
1538
1574
1564
1568
1568
1561
1555
1591
1612
1627
1618
1591
1574
1597
1646
1666
1685
1669
1666
1667
1664
1650
1637
1635
1660
1694
1730
1729
1704
1671
1624
1601
1639
1662
1666
1683
1685
1727
1769
1812
1828
1833
1864
1874
1875
1875
1904
1938
1965
2020
2041
2066
2057
2032
2030
2080
2118
2112
2091
2099
2089
2095
2087
2137
2181
2166
2162
2160
2166
2175
2154
2125
2106
2118
2145
2164
2211
2227
2204
2202
2209
2255
2314
2349
2341
2312
2311
2343
2349
2347
2360
2377
2408
2417
2431
2431
2459
2461
2501
2555
2566
2568
2603
2612
2591
2561
2557
2591
2627
2646
2637
2629
2637
2639
2675
2702
2681
2646
2645
2664
2687
2740
2770
2790
2801
2805
2818
2803
2769
2767
2784
2860
2881
2845
2828
2830
2812
2755
2744
2791
2833
2849
2853
2832
2830
2833
2835
2835
2803
2793
2820
2864
2875
2885
2893
2916
2946
2904
2866
2917
2954
2927
2975
2975
2868
2912
2948
2933
2921
2933
2965
2938
2868
2814
2832
2904
2851
2799
2845
2864
2803
2778
2717
2753
2801
2732
2629
2645
2687
2717
2748
2778
2715
2698
2711
2740
2767
2730
2729
2811
2841
2883
2910
2954
2975
3028
3101
3187
3200
3272
3391
3461
3540
3610
3694
3765
3822
3431
3992
4059
4187
4288
4417
4496
4532
4578
4677
4774
4860
4958
5022
5055
5103
5177
5290
5307
5347
5461
5578
5650
5721
5828
6003
6129
6192
6316
6427
6540
6641
6738
6870
6948
7045
7093
7194
7297
7446
7458
7454
7450
7524
7509
7528
7555
7614
7578
7606
7603
7572
7572
7564
7541
7513
7479
7540
7532
7467
7496
7513
7471
7442
7446
7452
7471
7480
7442
7452
7433
7450
7477
7467
7458
7444
7456
7431
7465
7500
7440
7393
7374
7402
7385
7341
7286
7248
7208
7253
7200
7148
7108
7089
7051
7053
7001
6948
6971
6988
6927
6891
6891
6881
6772
6774
6820
6814
6833
6820
6822
6877
6875
6982
7005
6963
7074
7104
7158
7276
7339
7156
7202
7643
7893
7856
7755
7874
8131
8259
8295
8354
8461
8595
8667
8318
9028
9076
9120
9253
9391
9555
9734
9832
9937
10097
10223
10379
10541
10732
10944
11110
11227
11326
11522
11250
11967
12127
12303
12444
12608
12750
12858
12998
12708
13290
13406
13608
13784
13891
13961
14097
14301
14370
14479
14631
14805
14931
15026
15124
15324
15473
15599
15732
15801
15916
16009
16104
16274
16435
16505
16540
16141
16725
16812
16927
16975
17087
17080
17152
17240
17349
17435
17448
17543
17643
17637
17709
17772
17812
17885
17893
17963
17998
17597
18059
18106
18158
18173
18217
18229
18265
18341
18330
18330
18360
18375
18335
18395
18482
18456
18427
18473
18482
18456
18498
18595
18656
18708
18648
18627
18706
18725
18774
18856
18906
18914
18923
18982
19019
18977
18963
19040
19125
19152
19146
19217
19240
19288
19374
19389
19368
19396
19437
19486
19585
19616
19608
19673
19723
19790
19753
19799
19893
19917
19988
20013
20116
20078
20083
20208
20269
20280
20301
20351
20417
20461
20566
20587
20618
20666
20767
20866
20916
20969
21068
21112
21135
21158
21217
21286
21402
21015
21576
21677
21706
21805
21952
22013
22045
22083
22133
22187
22301
22423
22433
22442
22543
22591
22667
22748
22816
22929
22477
23005
23047
23141
23188
23255
23274
23322
23354
23406
23543
23583
23629
23738
23757
23805
23906
23906
23900
24019
24017
24026
24122
24187
24248
24335
24419
24435
24482
24500
24463
24538
24614
24656
24677
24694
24763
24790
24847
24868
24440
24963
24946
25034
25061
25061
25061
25125
25236
25299
25330
25423
25494
25490
25553
25561
25587
25618
25696
25786
25826
25811
25887
25940
25940
25963
26005
26051
26074
26118
26091
26139
26194
26208
26234
26230
26267
26301
26330
26347
26360
26395
26404
26505
26559
26593
26501
26555
26652
26753
26721
26688
26702
26776
26791
26866
26841
26820
26862
26992
26980
26942
26977
26990
27017
27095
27112
27148
27169
27192
27196
27198
27238
27257
27250
27332
27343
27324
27383
27372
27437
27541
27555
27524
27515
27570
27616
27650
27658
27673
27669
27740
27782
27809
27820
27856
27891
27862
27896
27977
27975
27982
28041
28103
28101
28089
28124
28152
28208
28255
28267
28318
28360
28389
28395
28404
28408
28456
28490
28519
28501
28530
28501
28477
28469
28465
28530
28507
28469
28490
28503
28461
28429
28402
28431
28450
28353
28318
28822
28255
28173
