17698
17597
17549
17452
17383
17414
17322
17248
17223
17162
17103
17045
16988
16973
16889
16776
16709
16683
16685
16639
16587
16129
16593
16570
16549
16479
16437
16446
16402
16389
16364
16314
16269
16246
16234
16255
16202
16125
16145
16141
16064
16001
15961
15902
15902
15856
15814
15729
15612
15583
15486
15387
15324
15250
15209
15146
15009
14881
14763
14746
14648
14564
14456
14341
14242
14217
14652
14087
13963
13853
13759
13702
13669
13660
13593
13520
13446
13353
13238
13116
13038
12975
12921
12847
12755
12666
12601
12568
12519
12406
12276
12213
12146
12040
12001
11942
11847
11742
11677
11597
11536
11454
11406
11335
11267
11196
11150
11072
10969
10889
10799
10669
10595
10538
10440
10370
10320
10274
10204
10143
10059
9921
9812
9736
9679
9625
9561
9490
9402
9324
9253
9127
9020
8967
8908
8849
8812
8738
8639
8593
8528
8471
8417
8330
8286
8250
8211
8131
8095
8034
7975
7938
7937
7887
7799
7727
7696
7667
7641
7576
7530
7520
7492
7482
7511
7528
7519
7465
7454
7479
7475
7456
7465
7459
7444
7417
7383
7416
7475
7498
7507
7475
7450
7463
7496
7566
7580
7580
7591
7608
7664
7669
7662
7645
7685
7717
7746
7753
7784
7814
7858
7917
7944
7973
8001
8013
8072
8160
8167
8145
8263
8429
8517
8532
8452
8366
8335
8379
8465
8597
8667
8692
8713
8713
8696
8688
8744
8822
8889
8935
8940
8950
9017
9082
9110
9125
9162
9202
9217
9219
9255
9349
9421
9452
9440
9459
9500
9543
9589
9631
9666
9692
9713
9288
9828
9872
9946
10047
10106
10131
10099
10116
10200
10299
10360
10375
10364
10400
10475
10515
10540
10557
10633
10683
10727
10772
10849
10923
10982
11013
10996
10935
10914
10902
10919
10954
10963
10988
11011
11062
11114
11135
11116
11091
11093
11135
11162
11194
11206
11179
11154
11179
11198
11187
11148
11131
11104
11154
11164
11150
11135
11148
11164
11125
11089
11112
11106
11114
11095
11103
11061
11013
10977
10969
10996
11005
10967
10980
10954
10908
10874
10862
10851
10856
10887
10883
10841
10797
10790
10793
10793
10784
10750
10690
10629
10631
10654
10622
10534
10490
10519
10564
10543
10482
10362
10244
10217
10194
10164
10120
10062
10030
10083
10146
10143
10099
10055
10041
9998
9977
9950
9912
9883
9874
9849
9795
9732
9679
9593
9520
9488
9450
9440
9435
9402
9417
9404
9391
9345
9759
9190
9089
9066
9072
9070
9053
9009
8963
8923
8942
8986
8971
8940
8877
8828
8839
8822
8788
8769
8730
8700
8664
8599
8568
8562
8582
8597
8599
8580
8578
8538
8503
8500
8517
8566
8601
8595
8591
8610
8606
8603
8614
8625
8559
8467
8412
8328
8276
8227
8162
8124
8120
8112
8103
8114
8129
8118
8068
8082
8068
8047
8049
8041
8053
8022
7950
7946
7984
8038
8062
8064
8038
8024
8020
8030
8040
8061
8068
8066
8062
8051
8057
8095
8127
8122
8101
8150
8232
8286
8305
8322
8318
8337
8343
8318
8274
8263
8290
8299
8314
8316
8291
8290
8324
8347
8395
8412
8383
8337
8786
8286
8303
8312
8295
8314
8320
8307
8290
8297
8295
8309
8263
8208
8175
8187
8200
8187
8145
8135
8129
8129
8143
8131
8097
8089
8074
8078
8074
8051
8032
8047
8057
8000
7942
7937
7917
7904
7893
7847
7822
7851
7856
7851
7822
7797
7763
7790
7828
7801
7736
7696
7709
7780
7807
7780
7708
7690
7709
7742
7774
7790
7757
7748
7788
7811
7801
7826
7851
7826
7774
7769
7797
7858
7925
7927
7940
7971
7961
7931
7881
7822
7769
7729
7721
7763
7786
7809
7801
7780
7759
7757
7748
7727
7698
7692
7679
7652
7650
7652
7662
7679
7706
7706
7706
7683
7648
7627
7639
7633
7622
7624
7591
7570
7591
7639
7622
7599
7629
7690
7765
7826
7856
7835
7820
7822
7833
7874
7898
7956
7990
8017
8040
8043
8030
8019
8080
8141
8141
8125
8080
8083
8112
8137
8158
8179
8171
8152
8097
8072
8103
8171
8185
8173
8150
8118
8129
8145
8143
8148
8181
8217
8236
8263
8276
8299
8309
8312
8326
8326
8372
8438
8494
8562
8566
8591
8614
8616
8612
8601
8593
8631
8643
8658
8679
8694
8698
8687
8675
8637
8603
8616
8635
8629
8603
8589
8568
8515
8520
8517
8473
8412
8347
8786
8280
8270
8257
8198
8122
8022
7927
7854
7820
7761
7706
7624
7461
7379
7381
7805
7229
7127
7047
6996
6887
6765
6660
6559
6448
6381
6297
6198
6061
5877
5746
5637
5538
5446
5358
5219
5076
4967
4830
4694
4580
4404
4250
4146
4049
3919
3805
3646
3452
3263
3085
3398
2803
2679
2553
2456
2335
2217
2108
1959
1809
1666
1540
1935
1353
1257
1145
1055
946
826
698
564
967
431
370
297
238
198
110
61
479
-94
-140
-195
-262
-291
-336
-394
-449
-481
-520
-573
-623
-642
-640
-647
-647
-636
-644
-703
-720
-689
-705
-733
-749
-764
-762
-760
-766
-739
-710
-703
-716
-691
-647
-625
-584
-550
-525
-535
-539
-497
-472
-441
-399
-338
-296
-268
-216
-138
-60
-25
-14
15
101
232
408
564
641
654
656
633
654
738
826
917
1026
1089
1202
1278
1360
988
1572
1635
1698
1748
1767
1769
1805
1946
2129
2267
2391
2429
2530
2675
2790
2845
2864
2906
2967
3083
3236
3351
3465
3557
3616
3660
3717
3793
3902
3992
4074
4160
4198
4265
4343
4425
4517
4679
4816
4895
4929
5011
5106
5145
5185
5274
5353
5410
5473
5599
5696
5750
5860
5925
5956
5984
6076
6171
6272
6345
6375
6429
6469
6517
6601
6727
6811
6854
6868
6908
6969
7013
7036
7082
7177
7248
7307
7360
7438
7511
7547
7595
7658
7723
7793
7835
7904
7963
8043
8108
8213
7816
8335
8387
8452
8505
8564
8599
8654
8740
8772
8820
8858
8956
9019
9043
9015
9055
9129
9206
9221
9265
9320
9366
9404
9419
9450
9480
9496
9515
9597
9669
9698
9698
9690
9708
9767
9816
9887
9956
10005
10038
10068
10082
10156
9776
10330
10396
10456
10469
10520
10568
10614
10660
10259
10797
10839
10851
10885
10973
11045
11091
11146
11219
11230
11250
11269
11322
11425
11522
11597
11656
11694
11238
11765
11822
11891
11990
12080
12124
12156
12187
12200
12181
11725
12295
12425
12524
12580
12589
12618
12687
12746
12843
12929
12990
13013
13020
13040
13070
13125
13160
13196
13217
13232
13270
13320
13417
13480
13496
13534
13574
13456
13360
13316
13387
13440
13488
13458
13393
13389
13354
13326
13324
13332
13423
13501
13458
13442
13427
13398
13393
13387
13375
13402
13362
13372
13381
13374
13469
13614
13597
13650
13198
13767
13797
13763
13757
13851
13969
14122
14215
14349
14391
14492
14568
14652
14797
14887
14919
14925
14946
14921
14925
14963
15026
15137
15234
15362
15482
15175
15874
16076
16240
16372
16564
16734
16864
17040
17162
17265
17261
17353
17507
17669
17744
17671
17727
17958
18219
18366
18473
18501
18650
18830
18921
18940
18967
18931
18977
18982
18967
19022
19108
19120
19181
19255
19324
19448
19528
19648
19784
19854
19877
19917
20005
20187
20192
20223
20282
20423
20543
20601
20675
20729
20755
20853
20959
20990
21038
21202
21484
21603
21666
21736
21746
21778
21908
22009
21979
21496
22003
22036
22045
22167
22341
22395
21994
22616
22761
22952
23030
23125
23248
23295
23314
23332
23360
23383
23379
23427
23492
23528
23585
23650
23694
23885
24158
24276
24385
24482
24566
24583
24673
24717
24652
24616
24572
24604
24666
24675
24725
24772
24456
25244
24929
25568
25597
25652
25620
25650
25721
25772
25694
25648
25608
25557
25547
25721
25958
26122
26236
26305
26368
26429
26404
26320
26196
26162
26175
26175
26091
26145
26341
26465
26511
26603
26706
26679
26709
26685
26692
26677
26610
26511
26442
26406
26433
26517
26608
26793
26839
26839
26849
26862
26812
26793
26746
26648
26629
26643
26593
26608
26624
26635
26650
26694
26721
26748
26769
26778
26809
26938
27059
27169
27232
27291
27341
27354
27387
27404
27320
27267
27194
27122
27133
27135
27133
27133
27183
27196
27187
27208
27356
27389
27450
27524
27503
27427
27446
27416
27839
27230
27110
27047
27001
26879
26797
26772
26660
26618
26578
26589
26627
26576
26480
26538
26532
26440
26856
26360
26383
26324
26259
26204
26154
26089
26059
26001
25940
25910
25830
25704
25667
25597
25513
25459
25431
25328
25253
25250
25272
25154
25146
25169
25139
25038
25013
24975
24950
25402
24887
24862
24805
24759
24778
24709
24646
24595
24496
24486
24456
24396
24297
24269
24211
24202
24116
24051
24022
23996
24396
23780
23761
23736
23702
23662
23612
23606
23513
23427
23391
23314
23242
23202
23154
23133
23059
23005
22856
22740
22711
22635
22486
22410
22375
22251
22080
22041
22001
21938
21860
21736
21641
21545
21458
21345
21232
21122
21093
21057
20902
20797
20750
20656
20610
20603
20494
20421
20330
20293
20250
20177
20072
20001
19979
19870
19793
19702
19559
19513
19475
19391
19278
19192
19101
19007
18952
18895
18849
18751
18696
18604
18572
18494
18391
18324
18326
18345
18221
18154
18093
18120
18145
18135
17591
18101
18049
18003
17952
17961
17931
17917
17956
17963
17963
17971
18030
17595
18108
18135
18110
18125
18169
18162
18143
18162
18206
18137
18114
18145
18122
18047
18038
18003
17954
17979
17904
17889
17837
17839
17786
17742
17776
17717
17635
17631
17671
17709
17734
17675
17603
17641
17637
17599
17459
17458
17511
17503
17482
17458
17425
17366
17312
17324
17322
17339
17291
17246
17219
17276
17463
17751
17685
17318
17177
17337
17486
17458
17412
17421
17372
17276
17353
17101
17660
17618
17562
17593
17667
17704
17769
17778
17708
17742
17770
17818
17797
17826
17837
17841
17875
17875
17872
17826
17811
17702
17551
17500
17480
17429
17272
17166
17135
17009
16887
16746
16650
16534
16421
16326
16223
16061
15904
15778
15708
15543
15402
15299
15175
15091
14982
14843
14736
14604
14450
14374
14274
14635
14053
13963
13868
13767
13702
13656
13536
13488
13438
13297
13236
13190
13124
13019
12975
12912
12881
12805
12717
12645
12528
12461
12458
12358
12234
12093
12034
11959
11853
