22196
22206
22175
22162
22129
22072
22036
21986
22471
21950
21900
21887
21795
21732
21688
21681
21658
21578
21538
21530
21417
21354
21318
21265
21158
21166
21082
21036
21026
20940
20885
20944
20887
20830
20824
20811
20772
20740
20664
20687
20706
20589
20553
21000
20477
20450
20400
20374
20299
20276
20270
20198
20183
20202
20196
20234
20209
20204
20232
20276
20270
20282
20330
20347
20421
20509
20578
20604
20696
20729
20780
20797
20856
20875
20919
21066
21179
21316
21368
21414
21459
21599
21729
21738
21820
21950
22087
22162
22267
22280
22444
22509
22532
22517
22585
22719
22540
22639
22715
22698
22662
22681
22778
22755
22679
22736
22765
22709
22641
22620
22608
22604
22595
22562
22517
22446
22398
22354
22272
22215
22204
22250
22322
22370
22395
22353
22314
22366
22414
22433
22463
22465
22452
22437
22456
22461
22479
22469
22437
22400
22333
22265
22238
22246
22303
22408
22459
22477
22492
22549
22614
22688
22751
22786
22734
22637
22580
22496
22496
22513
22599
22727
22839
22910
22912
22839
22738
22706
22719
22734
22750
22746
22667
22583
22541
22444
22318
22181
22059
22049
22095
22135
22141
22087
21990
21883
21772
21715
21685
21631
21564
21507
21416
21314
21217
21152
21122
21072
21007
20940
20887
20814
20748
20717
20648
20593
20547
20520
20458
20416
20372
20324
20253
20215
20169
20143
20135
20150
20146
20085
20028
19984
19938
19910
19874
19824
19816
19793
19730
19662
19612
19580
19587
19566
19524
19471
19395
19349
19297
19225
19177
19164
19164
19124
19055
19003
18992
18986
18958
18931
18898
18835
18807
18812
18795
18730
18683
18635
18599
18568
18500
18417
18370
18314
18255
18206
18171
18143
18108
18040
17965
17875
17816
17763
17727
17654
18072
17570
17507
17435
17374
17314
17213
17103
16992
16917
16910
16866
16770
16711
16635
16528
16471
16416
16337
16290
16244
16209
16150
16059
15977
15904
15839
15799
15748
15662
15599
15572
15564
15486
15417
15381
15341
15265
15145
15066
15043
15005
14979
14927
14847
14782
14748
14687
14620
14568
14530
14496
14473
14446
14387
14347
14286
14188
14120
14124
14108
14030
13958
13919
13889
13875
13885
13868
13849
13847
13824
13797
13769
13725
13616
13486
13419
13358
13353
13337
13316
13293
13234
13133
13040
12906
12755
12625
12541
12503
12423
12314
12148
12026
11988
11925
11856
11814
11769
11675
11603
11568
11507
11429
11364
11354
11307
11721
11156
11068
10971
10856
10761
10622
10501
10431
10337
10219
10095
9990
9896
9801
9723
9618
9524
9395
9234
9122
9007
8910
8799
8669
8528
8450
8408
8311
8240
8166
8045
7963
7864
7769
7679
7610
7553
7526
7498
7429
7353
7305
7248
7175
7124
7085
7032
6959
6885
6832
6774
6753
6732
6696
6660
6580
6490
6417
6364
6387
6429
6423
6402
6377
6341
6316
6291
6251
6217
6175
6154
6162
6146
6116
6082
6116
6124
6133
6145
6129
6112
6093
6087
6043
6036
6043
6059
6045
6028
6017
6030
6062
6053
5992
5979
6013
6007
6022
6034
6034
6007
5971
5977
5980
5958
5948
5921
5908
5872
5856
5858
5887
5923
5931
5917
5866
5799
5761
5750
5767
5767
5759
5784
5818
5849
5820
5791
5774
5782
5767
5715
5719
5740
5774
5805
5824
5807
5793
5782
5811
5853
5856
5837
5793
5820
5843
5891
5931
5954
5946
5979
6041
6078
6108
6124
6131
6150
6206
6255
6299
5870
6402
6416
6448
6494
6526
6562
6616
6639
6669
6706
6759
6809
6843
6832
6896
6975
7009
7028
7095
7141
7124
7145
7198
7267
7324
7398
7452
7469
7500
7543
7576
7568
7633
7711
7763
7812
7837
7862
7891
7935
7994
8017
8019
8011
8030
8072
8101
8148
8204
8227
8225
8221
8192
8223
8244
8269
8284
8290
8288
8293
8284
8259
8244
8232
8251
8267
8290
8270
8217
8160
8114
8104
8106
8141
8156
8158
8116
8083
8057
8038
8017
8026
8011
7986
7992
7982
7956
7942
7925
7896
7895
7872
7868
7830
7797
7790
7797
7746
7725
7730
7736
7717
7664
7637
7629
7582
7555
7517
7482
7446
7444
7442
7410
7374
7372
7379
7349
7318
7324
7330
7328
7343
7301
7269
7246
7236
7217
7215
7196
7148
7139
7139
7146
7183
7208
7209
7173
7120
7108
7080
7051
7078
7091
7072
7043
7022
7019
7043
7095
7085
7066
7040
7007
6996
6994
6961
6948
6921
6933
6917
6885
6893
6883
6872
6854
6841
6830
6832
6832
6822
6772
6738
6740
6750
6755
6788
6793
6769
6736
6732
6742
6715
6700
6683
6664
6671
6698
6694
6652
6595
6559
6568
6559
6543
6501
6484
6343
6299
6286
6305
6314
6305
6272
6221
6164
6166
6116
6055
6049
6055
6051
6045
6019
5982
5929
5875
5826
5824
5822
5805
5791
5801
5786
5750
5721
5692
5688
5690
5667
5633
5593
5574
5576
5582
5589
5599
5583
5555
5461
5410
5377
5368
5389
5393
5377
5337
5265
5200
5177
5173
5166
5162
5158
5150
5127
5099
5043
5041
5041
5085
5059
5026
4958
4942
4940
4954
4937
4917
4958
4940
4925
4929
4917
4898
4898
4843
4795
4774
4795
4822
4790
4759
4751
4769
4793
4763
4708
4677
4685
4669
4646
4629
4583
4540
4492
4488
4509
4490
4469
4469
4435
4437
4416
4393
4379
4385
4408
4383
4349
4318
4330
4341
4351
4347
4333
4316
4272
4253
4255
4291
4293
4265
4253
4196
4160
4139
4131
4154
4125
4089
4072
4091
4076
4074
4034
4017
3977
3933
3937
3929
3895
3887
3874
3847
3770
3734
3725
3700
3675
3681
3685
3652
3599
3582
3566
3536
3475
3429
3416
3425
3448
3446
3393
3362
3326
3320
3301
3284
3257
3250
3244
3257
3272
3251
3225
3188
3179
3206
3219
3217
3223
3198
3160
3152
3148
3198
3232
3242
3242
3227
3221
3213
3204
3251
3269
3270
3240
3265
3301
3322
3309
3280
3270
3337
3383
3393
3374
3385
3442
3467
3463
3458
3463
3456
3452
3541
3616
3625
3635
3631
3631
3666
3690
3736
3755
3765
3770
3801
3833
3841
3860
3881
3935
3984
4000
4019
4041
4064
4066
4057
4078
4114
4158
4175
4188
4227
4263
4293
4322
4377
4398
4427
4440
4421
4349
4351
4347
4261
4187
4158
4167
4250
4295
4295
4263
4248
4227
4229
4246
4248
4219
4200
4225
4244
4248
4263
4242
4206
4154
4110
4120
4131
4145
4129
4061
4015
4024
4068
4112
4146
4185
4209
4219
4230
4209
4167
4152
4129
4131
4173
4261
4389
4526
4604
4648
4692
4774
4841
4398
4916
4996
5087
5188
5253
5318
5385
5473
5543
5585
5646
5717
5750
5828
5963
6061
6118
6192
6263
5870
6469
6574
6646
6690
6757
6872
7003
7112
7188
7297
7389
7490
7568
7671
7713
7858
8080
8270
8437
8509
8599
8540
8347
8818
8772
8320
8893
8931
8914
8952
8929
8986
8961
8959
8967
9049
9068
9078
9116
9129
9173
9209
9227
9291
9316
9332
9402
9448
9458
9410
9448
9500
9503
9532
9545
9486
9469
9507
9509
9532
9561
9541
9517
9469
9429
9465
9454
9404
9335
9305
9312
9769
9272
9209
9227
9148
9074
9061
9017
9061
8979
8916
8858
8837
8856
8860
8778
8820
8847
8845
8835
8858
8830
8774
8856
8963
8984
9072
9049
9045
9087
9160
9137
9190
9213
9253
9217
9221
9270
9299
9301
9337
9332
9316
9354
9383
9328
9282
9381
9377
9477
9526
9530
9551
9616
9591
9646
9702
9685
9690
9717
9732
9853
9919
9940
9979
10104
10206
10227
10303
10343
10395
10419
10532
10616
10746
10835
10893
11061
11124
11297
11417
11511
11660
11856
11992
12051
12127
12269
12362
12526
12666
12814
12937
13001
12711
13444
13551
13639
13824
14076
14270
14404
14543
14688
14916
15040
15166
15303
15446
15677
15811
15933
16070
16204
16288
16479
16625
16782
16900
17022
17173
17257
17410
17547
17610
17729
17832
17916
18062
18209
18234
18316
18379
18545
18610
18643
18721
18696
18753
18866
18874
18933
18944
19032
19072
19076
19093
19171
19297
19322
19303
19337
19360
19437
19395
19437
19511
19511
19053
19574
19643
19688
19685
19675
19717
19801
19843
19872
19896
19908
19959
19973
20015
20036
20101
20091
20110
20175
20209
20227
20211
20215
20301
20377
20408
20438
20488
20511
20538
20625
20687
20814
20835
20902
20881
20910
20980
21028
21156
21171
21141
21204
21314
21349
21389
21416
21423
21461
21524
21551
21700
21833
21822
21832
21946
21965
22022
22152
22261
22286
22351
22440
22444
22540
22667
22786
22881
22898
22944
22958
23045
23133
23190
23278
23395
23479
23583
23593
23664
23700
23767
23864
23965
24040
24181
24282
24375
24461
24561
24601
24702
24809
24946
25041
25169
25234
25316
24919
25536
25589
25687
25803
25404
26022
26156
26227
26303
26458
26522
26646
26750
26387
26998
27043
27135
27248
26870
27442
27503
27616
27746
27811
27902
28041
28108
28213
28280
28347
28404
28473
28530
28622
28708
28683
28755
28822
28849
28849
28946
29028
29041
29020
29032
29137
29158
29232
29259
29299
29272
29335
29356
29408
29416
29469
29484
29505
29503
29545
29597
29627
29583
29587
29618
29568
29519
29503
29517
29492
29534
29562
29532
29526
29543
29551
29595
29562
29568
29612
29631
29641
29715
29734
29755
29843
29885
29917
29944
29971
30064
30049
30078
30175
30274
30330
30375
30358
30335
30448
30545
30610
30646
30625
30709
30803
30902
30874
30969
31024
31072
31097
31145
31230
31282
31324
31322
31406
31477
31578
31564
31519
31616
31711
31267
31730
31734
31753
31845
31906
32011
32026
32028
32055
32068
32135
32208
32236
32219
32290
32387
32417
32454
32501
32593
32683
32246
32763
32845
32837
32898
33024
33206
33389
33467
33467
33536
33568
33629
33692
33809
33830
33910
33946
34040
34143
34175
34133
34215
34269
34278
34318
34337
34375
34400
34379
34398
34486
34515
34526
34479
34480
34547
34557
34520
34479
34494
34526
34524
34522
34507
34438
34360
34291
34267
34221
34183
34114
33998
33896
33833
33738
33673
33562
33448
33320
33221
33106
32980
32895
32833
32690
32555
32452
32349
32274
32187
31986
31822
31715
31595
31482
31383
31282
31129
31000
30864
30742
30666
30519
30421
30291
30114
29921
