7948
7921
7912
7944
7984
7994
7986
7994
8030
8110
8129
8053
8041
8051
8064
8078
8082
8026
8001
8028
8019
8019
7958
7937
7988
7969
7927
7917
7893
7870
7872
7862
7820
7856
7870
7916
7864
7805
7751
7795
7849
7872
7839
7816
7860
7832
7854
7874
7849
7858
7916
7898
7952
7982
7963
8001
8036
8064
8041
8026
8078
8118
8175
8139
8196
8251
8269
8255
8280
8364
8381
8383
8461
8500
8490
8459
8509
8624
8597
8572
8587
8666
8692
8664
8658
8645
8658
8650
8614
8587
8654
8662
8656
8708
8694
8717
8765
8761
8698
8774
8748
8706
8717
8729
8769
8788
8742
8713
8711
8692
8719
8761
8312
8805
8809
8801
8761
8738
8746
8744
8740
8782
8793
8799
8790
8803
8812
8832
8830
8851
8845
8845
8845
8805
8811
8854
8870
8851
8860
8860
8896
8919
8931
8889
8881
8879
8866
8870
8883
8902
8925
8940
8950
9000
8994
8975
8959
8935
8919
8896
8887
8919
8956
8948
8935
8925
8908
8908
8895
8881
8896
8887
8896
8916
8896
8877
8881
8889
8908
8893
8900
8904
8877
8883
8916
8910
8864
8898
8893
8935
8931
8914
8910
8935
8963
8952
8898
8856
8828
8822
8830
8849
8860
8881
8898
8885
8864
8837
8822
8832
8839
8862
8874
8883
8858
8839
8828
8820
8812
8799
8835
8870
8889
8885
8870
8874
8881
8885
8877
8853
8847
8833
8828
8811
9276
8782
8799
8797
8784
8784
8805
8812
8795
8830
8832
8822
8818
8784
8790
8803
8774
8730
8711
8744
8765
8753
8748
8769
8753
8704
8685
8690
8698
8700
8696
8700
8730
8696
8687
8660
8643
8624
8606
8631
8654
8673
8664
8616
8635
8641
8610
8604
8637
8635
8616
8578
8551
8538
8572
8593
8585
8597
8601
8637
8654
8633
8610
8610
8620
8612
8624
8662
8681
8740
8807
8856
8906
8916
8885
8833
8835
8853
8881
8921
8956
8992
9040
9104
9133
9150
9160
9167
9152
9152
9152
9141
9171
9146
9087
9064
9068
9116
9143
9143
9104
9070
9059
9076
9118
9127
9114
9112
9097
9085
9091
9120
9133
9175
9209
9179
9166
9221
8805
9335
9360
9395
9417
9438
9467
9509
9532
9572
9578
9582
9637
9683
9717
9713
9725
9708
9698
9711
9711
9690
9639
9540
9438
9423
9377
9354
9362
9354
9297
9238
9135
9049
8994
8893
8757
8673
8608
8528
8477
8387
8263
8183
8106
8055
7977
7879
7772
7700
7620
7500
7389
7286
7169
7068
7000
6910
6818
6742
6658
6625
6526
6437
6330
6232
6108
5975
5881
5769
5681
5578
5507
5477
5377
5227
5108
4996
4887
4784
4690
4616
4549
4410
4272
4133
3998
3849
3761
3685
3618
3528
3395
3324
3261
3154
3040
2956
2835
2715
2635
2574
2482
2396
2274
2187
2103
2026
1992
1954
1910
1858
1770
1673
1606
1570
1549
1536
1507
1475
1459
1402
1353
1288
1265
1227
1206
1156
1112
1104
1097
1047
1000
1003
988
977
956
944
929
912
912
877
843
837
824
883
908
927
963
963
956
944
935
908
919
912
938
992
1049
1070
1101
1154
1200
1221
1276
1353
1391
1423
1463
1488
1484
1488
1545
1604
1660
1706
1759
1797
1841
1895
1893
1895
1933
1950
1984
2032
2103
2169
2246
2305
2322
2370
2480
2566
2662
2715
2784
2887
2994
3091
3265
2935
3541
3658
3763
3864
4001
4114
4209
4299
4383
4450
4616
4805
4923
5045
5160
5230
5326
5469
5578
5706
5822
5891
5938
6017
6156
6295
6431
6492
6601
6711
6790
6906
6996
7080
7215
7349
7473
7572
7622
7746
7862
7992
8141
8234
8270
8341
8429
8524
8666
8757
8818
8921
9030
9137
9253
9353
9406
9471
9564
9664
9282
9832
9868
9952
10053
10087
10129
10160
10227
10351
10414
10421
10465
10522
10601
10681
10750
10801
10820
10816
10853
10896
10942
11007
11087
11118
11137
11183
11208
11267
11290
11301
11343
11412
11429
11450
11513
11547
11593
11618
11633
11658
11639
11601
11604
11646
11673
11679
11742
11770
11811
11805
11780
11811
11847
11851
11843
11864
11893
11929
11929
11912
11881
11862
11889
11908
11917
11937
11959
11946
11961
11944
11937
11946
11940
11958
11980
11948
11954
11967
11969
11973
11988
11973
11975
11975
11996
11990
11975
11982
12032
12053
12087
12106
12068
12064
12087
12093
12104
12152
12198
12208
12187
12148
12131
12162
12171
12183
12232
12257
12253
12263
12261
12257
12236
12244
12240
12291
12318
12305
12290
12286
12345
12377
12406
12412
12406
12406
12410
12408
12395
12444
12522
12551
12549
12532
12494
12498
12557
12603
12645
12660
12677
12677
12671
12694
12740
12776
12786
12786
12757
12772
12812
12812
12811
12851
12904
12933
12904
12891
12933
12942
12923
12940
12965
12984
13013
13032
13017
13019
13038
13038
13055
13101
13095
13103
13082
13112
13118
13125
13145
13135
13139
13177
13219
13263
13301
13341
13372
13381
13341
13353
13379
13416
13463
13459
13479
13519
13520
13572
13599
13648
13692
13690
13667
13719
13780
13824
13864
13872
13904
13950
14030
14082
14091
14118
14133
14164
14250
14251
14240
14282
14374
14433
14469
14503
14545
14593
14603
14641
14700
14759
14826
14893
14931
14963
14988
15059
15135
15148
15171
15225
15261
15307
15404
15509
15603
15593
15591
15627
15725
15793
15833
15896
15912
15931
15982
16055
16087
16116
16158
16221
16297
16358
16417
16456
16498
16530
16582
16637
16683
16755
16811
16849
16900
16963
17041
16610
17110
17118
17146
17194
17259
17297
17347
17448
17557
17614
17637
17667
17702
17767
17839
17898
17984
18043
18085
18152
18185
18200
18265
18370
18467
18576
18599
18624
18660
18688
18748
18790
18835
18858
18919
19000
19095
19175
19265
19309
19374
19459
19501
19557
19614
19664
19702
19780
19818
19849
19917
19998
20110
20166
20185
20217
20263
20301
20387
20440
20471
20515
20524
20601
20681
20761
20864
20900
20902
20925
20902
20900
20963
21061
21080
21061
21070
21125
21194
21250
21284
21316
21332
21368
21421
21017
21553
21566
21610
21622
21650
21648
21664
21706
21751
21784
21799
21797
21805
21767
21919
22085
22045
21954
21929
21965
22028
22068
22148
22200
22202
22190
22206
22232
22242
22251
22312
22360
22414
22416
22377
22385
22414
22463
22524
22570
22587
22561
22555
22603
22631
22690
22736
22765
22774
22797
22799
22803
22809
22830
22845
22944
23028
23028
23020
23024
23038
23043
23040
23049
23076
23087
23095
23122
23131
23122
23129
23137
23150
23162
23156
23143
23131
23139
23099
23080
23095
23087
23053
23013
22975
22925
22902
22904
22914
22910
22883
22851
22849
22841
22799
22772
22730
22709
22690
22635
22612
22667
22635
22599
22551
22522
22522
22559
22576
22585
22547
22484
22467
22448
22450
22475
22395
22362
22328
22291
22349
22375
22322
22349
22297
22291
22309
22290
22291
22274
22282
22267
22282
22206
22217
22305
22311
22316
22366
22372
22416
22408
22379
21990
22494
22484
22435
22484
22492
22958
22431
21984
22503
22561
22545
22576
22582
22553
22587
22576
22585
22643
22641
22658
22675
22660
22658
22690
22681
22688
22652
22591
22641
22669
22645
22645
22633
22645
22570
22629
22656
22614
22580
22614
22624
22616
22595
22612
22625
22652
22633
22591
22587
22652
22662
22713
22729
22734
22774
22818
22872
22868
22872
22923
22950
22986
23053
23082
23070
23104
23204
23263
23267
23290
23337
23442
23511
23574
23685
23727
23820
23471
24099
24204
24267
24358
23956
24505
24587
24669
24772
24870
24906
25036
25108
25221
25372
25513
25606
25652
25713
25742
25835
25938
26013
26072
26148
26194
26272
26339
26326
25895
26463
26507
26538
26570
26641
26702
26702
26761
26799
26381
27354
26797
26784
26803
26809
26746
26748
26757
26721
26673
26687
26667
26604
26503
26479
26438
26330
26259
26103
26053
26076
25986
25832
25795
25677
25597
25562
25458
25320
25215
25108
25103
25051
24872
24820
24770
24709
24700
24562
24437
24354
24309
24227
24154
24118
24047
23954
23912
23828
23706
23648
23666
23547
23435
23458
23454
23368
23328
23204
23158
23225
23169
23116
23066
23011
22908
22929
22956
22891
22858
22826
22816
22801
22719
22715
22748
22753
22708
22618
22536
22435
22437
22301
22175
22167
22177
22164
22122
22011
21788
21658
21591
21578
21553
21400
21368
21440
21362
21208
21150
21204
21204
21150
21158
21152
21169
21185
21211
21272
21337
21458
21625
21746
21822
21883
21507
22158
22291
22387
22366
22416
22532
22564
22561
22654
22650
22652
22683
22667
22750
22881
23011
23051
23133
23230
23305
23383
23381
23444
23488
23465
23404
23400
23408
23381
23377
23269
23187
23011
22891
22759
22629
22583
22927
22208
22047
21870
21793
21658
21545
21417
21265
21221
21200
21091
20965
20927
20969
21068
21040
20935
20984
21490
20937
20940
20931
20919
20998
21068
21080
20965
20982
21026
21110
21177
21215
21263
21356
21480
21520
21541
21656
21822
21952
22000
22043
22198
22385
22450
22446
22547
22667
22717
22795
22912
22958
22986
23072
23143
23166
23259
23261
23259
23263
23291
23265
23183
23200
23209
23192
23171
23135
23145
23129
23118
23038
22933
22948
22938
22866
22883
22835
22742
22687
22687
22664
22597
22625
22671
22648
22559
22492
22433
22393
22324
22236
22152
22083
22053
22450
21854
21814
21761
21690
21545
21498
21473
21383
21284
21230
21131
21471
20944
20925
20809
20708
20667
20570
20503
20406
20248
20154
20089
19959
19958
19916
19811
19715
19549
19395
19360
19280
19179
19097
19062
18990
18862
18750
18631
19043
18435
18353
18246
18187
18047
17885
17765
17610
17484
17372
17167
17045
16927
16740
17091
16444
16270
16062
15946
15845
15690
15479
15278
15104
14958
14841
15143
14465
14391
14295
14116
13980
13875
13759
14166
13540
13433
13354
13341
13209
13091
12979
12898
12811
13185
12597
12520
12465
12374
12328
12297
12173
12148
12124
12124
12062
11967
11954
11923
11906
11902
11818
11772
11772
11786
11780
11696
11692
11620
11667
11725
11660
11597
11580
11618
11635
11614
11559
11507
11538
11547
11513
11541
11591
11589
11522
11580
11631
11583
11578
11574
11583
11597
11604
11648
11643
11633
11667
11652
11637
11708
11677
11660
11696
11690
11702
11698
11696
11690
11637
11543
11507
11494
11479
