36914
36860
36832
36750
36652
36666
36591
36568
36522
36505
36381
36332
36282
36167
36145
36095
36043
35942
35904
35853
35738
35650
35610
35534
35448
35295
35654
35156
35074
34965
34793
34780
34688
34530
34408
34349
34671
34001
33938
33854
33753
33637
33557
33469
33353
33698
33150
33078
32975
32832
32774
32696
32559
32541
32519
32425
32272
32181
32154
32095
32007
31914
31833
31776
31734
31692
31564
31458
31374
31347
31278
31208
31154
31099
31062
31070
31032
30935
30858
30765
30719
30677
30614
30561
30540
30500
30458
30398
30291
30240
30196
30103
30011
29984
29946
29885
29803
29717
29673
29625
29557
29465
29412
29353
29793
29270
29196
29108
29032
29000
28973
28906
28809
28755
28721
28708
28679
28614
28561
28475
28354
28270
28276
28250
28200
28110
28041
27967
27942
27946
27896
27820
27769
27750
27713
27669
27622
27589
27534
27484
27416
27835
27284
27238
27190
27110
27047
27009
26959
26900
26849
26767
26660
26599
26587
26582
26538
26482
26452
26419
26366
26311
26276
26234
26173
26104
26013
25908
25851
25811
25770
25711
25627
25545
25492
25889
25299
25181
25093
25028
24986
25393
24809
24725
24646
24566
24494
24429
24377
24299
24229
24173
24135
24097
24041
23992
24417
23849
23780
23723
23696
23688
23673
23650
23635
23643
23654
23627
23595
23622
23646
23662
23694
23732
23786
23803
23770
23786
23820
23875
23950
23967
23967
23988
24005
24022
24051
24093
24133
24173
24187
24217
24265
24276
24297
24305
24278
24265
24272
24311
24343
24351
24326
24322
24358
24364
24345
24311
24299
24284
24293
24286
24278
24255
24246
24248
24242
24236
24246
24240
24223
24192
24196
24213
24234
24246
24221
24219
24194
24188
24200
24209
24211
24192
24188
24183
24162
24148
24099
24068
24099
24093
24022
23956
23868
23822
23786
23713
23692
23650
23578
23505
23931
23349
23227
23169
23124
23057
22994
22858
22763
22679
22572
22507
22952
22354
22251
22150
22032
21916
21803
21732
21671
21564
21975
21438
21322
21223
21131
21078
21024
20971
20910
20856
20807
20753
20721
20671
20631
20591
20578
20570
20572
20585
20641
20633
20597
20614
20645
20664
20694
20694
20721
20801
20883
20959
20994
20975
20526
21112
21213
21257
21265
21297
21320
21414
21534
21612
21648
21664
21683
21736
21805
21862
21948
22013
22032
22049
22093
22139
22156
22167
22166
22143
22177
22253
22341
22417
22517
22572
22650
22709
22717
22725
22790
22879
22958
23007
22984
22982
23446
22975
22973
22988
23049
23116
23177
23215
23221
23211
23223
23227
23244
23225
23179
23162
23173
23188
23215
23257
23288
23272
23209
23160
23122
23120
23133
23141
23127
23095
23057
23040
23051
23028
23017
22984
22942
22902
22916
22885
22856
22860
22845
22826
22805
22744
22685
22631
22606
22587
22562
22564
22574
22572
22530
22505
22482
22465
22412
22345
22309
22295
22299
22307
22299
22274
22223
22166
22108
22066
22019
22467
21931
21895
21866
21833
21788
21727
21709
21700
21708
21681
21631
21557
21509
21477
21469
21377
21318
21263
21204
21152
21082
21492
20914
20862
20822
20769
20740
20706
20629
21005
20465
20395
20299
20209
20139
20083
20513
19963
19908
19822
19715
19587
19507
19458
19414
19322
19223
19156
19066
18965
18839
18750
18704
18629
18505
18377
18295
18196
18112
18034
17933
17877
17809
17656
17490
17353
17242
17185
17120
16986
16883
16736
16612
16519
16458
16364
16223
16083
15914
15761
15652
15549
15446
15364
15265
15103
14971
14849
14744
14660
14541
14429
14353
14240
14145
14074
13954
13811
13706
13608
13541
13440
13318
13190
13074
12969
12879
12786
12625
12501
12375
12330
12293
12692
12040
11904
11761
11648
11557
11438
11337
11253
11110
10980
10851
11229
10606
10536
10416
10314
10202
10051
9923
9833
9757
9692
9606
9490
9374
9303
9232
9122
9049
8975
8912
8858
8843
8803
8769
8688
8633
8582
8547
8494
8463
8450
8431
8408
8356
8343
8330
8299
8270
8230
8148
8095
8070
8034
8011
8001
8000
7969
7952
7942
7948
7958
7925
7826
7753
7622
7488
7404
7290
7227
7236
7236
7250
7242
7229
7251
7280
7297
7240
7154
7087
7043
7003
6994
6969
6940
6910
6841
6816
6799
6753
6700
6666
6627
6587
6576
6618
6679
6738
6729
6698
6719
6750
6786
6858
6914
6938
6965
6961
6969
6996
7009
7020
7070
7131
7156
7124
7093
7101
7078
7076
7118
7150
7112
7110
7202
7293
7414
7469
7452
7473
7524
7604
7664
7688
7742
7791
7835
7862
7891
7954
7990
8022
8051
8064
8122
8141
8129
8125
8112
8143
8164
8141
8118
8137
8181
8225
8230
8236
8276
8305
8297
8314
8272
8200
8164
8148
8135
8145
8183
8229
8257
8301
8343
8391
8414
8427
8454
8475
8498
8501
8507
8505
8538
8534
8528
8458
8408
8337
8295
8270
8248
8223
8183
8150
8104
8070
8045
8030
8040
8076
8097
8059
7973
7925
7921
7916
7891
7902
7879
8301
7746
7709
7679
7627
7566
7475
7440
7416
7374
7354
7312
7278
7225
7196
7160
7074
7030
7030
7026
7001
6984
6971
6969
6954
6900
6791
6736
6700
6658
6624
6627
6641
6627
6618
6578
6528
6477
6463
6435
6395
6312
6263
6244
6246
6227
6187
6152
6131
6085
6022
5979
5950
5910
5885
5832
5780
5753
5740
5740
5725
5694
5675
5656
5610
5572
5524
5482
5475
5450
5473
5513
5467
5400
5356
5358
5393
5393
5377
4887
5374
5347
5324
5332
5356
5374
5360
5364
5368
5362
5370
5360
5351
5332
5349
5383
5425
5417
5425
5391
5408
5425
5440
5456
5477
5442
5393
5427
5536
5608
5618
5553
5522
5538
5505
5471
5482
5540
5572
5582
5593
5610
5603
5645
5688
5727
5730
5708
5685
5671
5624
5624
5679
5748
5795
5807
5791
5818
5828
5826
5807
5765
5776
5797
5790
5778
5767
5740
5711
5750
5788
5818
5809
5807
5818
5828
5776
5740
5709
5708
5683
5725
5763
5772
5786
5753
5717
5729
5744
5713
5667
5635
5645
5671
5709
5667
5618
5566
5564
5603
5635
5635
5643
5614
5574
5519
5482
5471
5505
5538
5545
5500
5486
5479
5469
5456
5435
5454
5465
5477
5452
5398
5381
5379
5404
5417
5423
5400
5354
5337
5370
5860
5322
5314
5293
5263
5238
5208
5194
5206
5202
5206
5221
5173
5152
5127
5085
5041
5028
5007
4994
4984
4969
4931
4912
4895
4895
4851
4812
4799
4757
4715
4708
4711
4734
4730
4717
4687
4656
4624
4597
4612
4583
4559
4536
4530
4515
4471
4431
4417
4429
4412
4370
4322
4278
4234
4221
4230
4215
4202
4167
4124
4066
4040
4020
3933
3916
3833
3770
3704
3730
3709
3650
3669
3637
3639
3572
3572
3545
3465
3406
3461
3437
3391
3406
3425
3416
3408
3429
3395
3433
3408
3368
3322
3387
3412
3385
3351
3404
3385
3375
3400
3417
3461
3477
3429
3404
3507
3536
3519
3463
3486
3517
3463
3448
3448
3486
3477
3524
3536
3501
3530
3589
3580
3601
3601
3536
3562
3627
3599
3570
3587
3612
3612
3656
3637
3696
3711
3700
3706
3692
3738
3740
3750
3812
3881
3860
3895
3419
4019
4059
4114
4156
4175
4206
4259
4324
3912
4473
4524
4601
4637
4656
4757
4790
4826
4841
4946
5051
5061
5057
5127
5146
5143
5166
5152
5051
5108
5160
5167
5118
5118
5160
5085
5070
5131
5125
5125
5112
5093
5097
5122
5085
5024
4937
4921
4849
4864
4868
4812
4694
4612
4547
4417
4343
4255
4169
4026
4366
3748
3675
3551
3395
3314
3229
3154
3007
2862
2702
2559
2488
2362
2225
2078
2013
1891
1801
1664
1559
1475
1343
1274
1196
1160
1082
996
931
916
818
761
744
704
725
778
874
900
877
862
887
494
1011
1009
1059
1114
1141
1169
1234
1267
1250
1242
1353
1393
1438
1431
1421
1461
1488
1515
1479
1522
1616
1616
1664
1721
1772
1885
1942
2041
2150
2198
2269
2393
2561
2734
2853
2885
3007
3148
3297
3469
3618
3803
3887
3992
4108
4290
4429
4574
4694
4851
5032
5183
5354
5475
5576
5772
5944
6146
6255
6444
6614
6698
6398
7041
7192
7324
7519
7681
7347
7927
8097
8280
8442
8606
8744
8917
9085
9255
9435
9603
9740
9944
10064
10167
10375
10625
10801
10942
11070
10770
11448
11604
11721
11856
12061
12267
12408
12526
12624
12845
13024
13148
13238
13398
13559
13761
13938
14118
14202
14339
14519
14681
14822
14906
15036
15232
15301
15385
15528
15608
15793
15891
15967
16074
16196
16322
16395
16473
16551
16675
16748
16854
16891
16916
17019
16620
17185
17246
17343
17393
17417
17500
17625
17709
17740
17742
17864
18015
17591
18137
18208
18276
18356
18425
18486
18555
18656
18732
18713
18791
18851
18929
19017
19024
19122
19179
19202
19261
19280
19293
19398
19454
19511
19587
19658
19580
19709
19746
19790
19811
19860
19963
20070
20181
20232
20267
20406
20040
20597
20664
20744
20835
20942
21064
21188
21322
21467
21612
21711
21801
21885
21517
22116
22198
22286
22396
22498
22587
22671
22740
22879
22980
23036
23032
23143
23259
23320
23389
23469
23562
23637
23700
23805
23847
23870
23910
24036
24078
24173
24221
24244
24326
24431
24473
24496
24501
24549
24635
24690
24734
24782
24818
24910
24977
25043
25080
25133
25173
25238
24937
25513
25601
25650
25696
25729
25837
25866
25961
26112
26124
26166
26223
26208
26232
26351
26494
26616
26706
26704
26757
26841
26849
26940
27087
27206
27290
27328
27431
27501
27538
27650
27784
27835
27826
27879
27979
28080
28127
28183
28194
28185
28234
28324
28387
28343
28341
28353
28450
28578
28566
28572
28553
28561
28597
28639
28635
28664
28690
28774
28770
28790
28858
28891
28898
28925
28956
28984
29017
29047
29068
29080
29112
29146
29173
29200
29240
29265
29251
29274
29343
29469
29513
29486
29486
29530
29599
29622
29704
29732
29723
29748
29784
29847
29860
29854
29891
29982
29998
30024
30057
30127
30194
30200
30185
30175
30127
30242
30267
30309
30322
30385
30429
30417
30469
30492
30519
30543
30536
30532
30557
30547
30603
30650
30664
30669
30641
30675
30704
30658
30679
30679
30700
30687
30625
30690
30748
30751
30690
30635
30648
30627
30576
30591
30517
30477
30524
30456
30408
