11372
11339
11284
11190
11171
11120
11036
10952
10818
10740
10639
10545
10450
10312
10219
10145
9969
9832
9721
9603
9486
9349
9236
9129
8929
8671
8480
8433
8238
8133
7944
7767
7618
7473
7814
7221
7026
7301
6685
6534
6362
6227
6116
5952
5719
5603
5425
5280
5156
5038
5356
4685
4557
4440
4358
4167
4026
3919
3830
3711
3604
3528
3385
3303
3219
3062
2944
2864
2770
2713
2582
2515
2490
2379
2284
2280
2187
2112
1975
1942
1830
1757
1778
1770
1677
1589
1622
1578
1532
1524
1524
1473
977
1530
1566
1591
1570
1622
1675
1675
1650
1610
1587
1654
1711
1637
1568
1574
1641
1652
1664
1664
1627
1597
1568
1601
1589
1576
1587
1606
1639
1688
1669
1652
1675
1675
1667
1709
1790
1830
1824
1816
1832
1856
1845
1839
1833
1851
1885
1908
1917
1925
1944
1958
1973
1931
1923
1950
1980
2003
2020
2045
2066
2036
2036
2062
2089
2085
2072
2095
2112
2118
2091
2062
2068
2097
2114
2112
2122
2148
2190
2198
2185
2175
2162
2169
2188
2167
2139
2162
2200
2185
2158
2131
2127
2145
2120
2110
2158
2181
2156
2108
2083
2112
2127
2110
2082
2036
2030
2013
2007
2007
1984
1967
1954
1910
1910
1916
1868
1856
1853
1864
1860
1881
1881
1853
1830
1782
1753
1742
1742
1736
1736
1725
1723
1692
1685
1667
1604
1583
1583
1604
1618
1625
1620
1620
1572
1517
1490
1503
1511
1484
1454
1431
1410
1393
1379
1366
1349
1307
1263
1236
1240
1261
1291
1282
1202
1139
1097
1101
1125
1141
1150
1146
1101
1062
1026
1017
1024
1461
950
937
946
958
980
988
965
910
879
874
872
893
914
912
866
841
847
847
843
851
830
746
721
719
732
748
727
746
736
727
711
706
696
687
654
616
574
561
601
643
669
656
637
635
652
667
694
700
688
660
666
677
690
708
694
667
694
709
706
719
748
761
774
788
772
784
801
820
828
835
826
811
809
816
822
803
793
833
879
885
874
893
898
927
937
950
967
980
1049
1133
1164
1160
1177
1171
1160
1181
1229
1322
1333
1333
1383
1458
1480
1509
1534
1534
1500
1484
1522
1606
1706
1751
1778
1765
1753
1788
1845
1879
1923
1969
2005
2030
2036
2030
2036
2066
2127
2188
2219
2219
2234
2276
2351
2431
2458
2465
2520
2585
2616
2656
2679
2696
2750
2812
2854
2858
2847
2874
2925
2927
2950
2965
3000
3070
3097
3116
3129
3137
3156
3200
3290
3314
3322
3326
3303
3318
3358
3408
3440
3469
3490
3500
3517
3564
3612
3627
3631
3631
3681
3727
3769
3767
3748
3742
3791
3816
3828
3862
3877
3874
3868
3866
3921
3986
4043
4057
4074
4120
4135
4175
4187
4175
4213
4225
4267
4320
4354
4362
4406
4465
4513
4519
4528
4574
4614
4660
4708
4740
4740
4780
4839
4904
4954
4965
5005
5104
5194
5263
5263
5276
5297
5332
5381
5387
5427
5488
5505
5515
5536
5591
5639
5679
5690
5694
5721
5744
5774
5833
5874
5879
5898
5931
5914
5906
5893
5864
5917
6001
6061
6114
6145
6187
6230
6278
6347
6324
6318
6318
6385
6410
6461
6515
6515
6522
6541
6585
6624
6643
6643
6688
6729
6765
6830
6812
6784
6763
6736
6715
6692
6669
6625
6601
6532
6480
6448
6438
6452
6450
6433
6393
6326
6267
6223
6223
6229
6204
6106
6017
5952
5866
5818
5790
5769
5774
5759
5702
5662
5614
5576
5551
5513
5458
5427
5400
5429
5437
5419
5450
5444
5444
5423
5379
5383
5427
5524
5618
5627
5522
5427
5366
5389
5416
5450
5480
5465
5437
5425
5419
5440
5482
5538
5589
5616
5633
5612
5635
5677
5690
5702
5721
5734
5784
5843
5881
5851
5837
5853
5944
6003
6070
6139
6198
6282
6326
6349
6427
6471
6486
6520
6570
6666
6782
6830
6896
6937
6950
7017
7082
7146
7202
7204
7238
7270
7299
7341
7408
7465
7515
7599
7650
7725
7328
7856
7902
7996
8070
8120
8164
8227
7816
8404
8459
8473
8522
8591
8637
8717
8811
8896
8952
8977
9020
9049
9089
9146
9194
8797
9429
9561
9675
9814
9874
9853
9832
9887
10003
10143
10312
10442
10496
10528
10545
10595
10704
10826
10998
11099
11139
11227
11320
11410
11519
11635
11746
11860
11946
12024
12112
11744
12320
12417
12559
12681
12782
12872
12959
13112
13250
13368
13484
13606
13715
13822
13923
14061
14204
14362
14530
14181
14761
14853
14963
15085
15229
15366
15486
15582
15664
15769
15898
16080
16251
16356
16467
16547
16650
16727
16837
16954
17051
17175
17309
17416
17517
17635
17717
17811
17929
18041
18166
18251
18316
18398
18500
18601
18719
18847
18958
19043
19120
19166
19270
19385
19458
19061
19646
19719
19812
19891
19961
20038
20072
20131
20219
20314
20410
20032
20620
20677
20750
20793
20875
20959
21028
21089
21141
21213
21314
21421
21465
21519
21583
21641
21719
21816
21887
21927
21963
22028
22112
22131
22146
22225
22253
22257
22309
22360
22423
22427
22423
22433
22465
22513
22570
22635
22694
22744
22753
22742
22738
22767
22807
22860
22883
22864
22832
22826
22860
22908
22925
22929
22942
22948
22929
22933
22935
22908
22942
22969
22961
22944
22931
22904
22872
22839
22853
22896
22902
22870
22803
22795
22807
22763
22759
22782
22780
22770
22753
22717
22671
22580
22583
22576
22587
22591
22561
22541
22500
22461
22417
22387
22377
22360
22368
22389
22381
22374
22337
22280
22297
22280
22236
22221
22200
22194
22181
22158
22179
22208
22200
22181
22187
22190
22183
22192
22185
22154
22131
22148
22167
22169
22209
22248
22253
22236
22215
22229
22286
22324
22339
22341
22366
22395
22402
22389
22442
22492
22509
22538
22564
22583
22580
22570
22604
22656
22690
22732
22748
22797
22854
22883
22910
22925
22954
22990
23017
23011
23041
23114
23166
23187
23198
23196
23232
23312
23358
23351
23343
23412
23479
23528
23543
23614
23685
23727
23734
23721
23725
23770
23797
23835
23832
23864
23879
23835
23809
23839
23811
23803
23807
23858
23929
23990
23982
23969
23977
23994
24011
24017
24047
24101
24118
24137
24137
24154
24196
24192
24162
24166
24232
24272
24295
24301
24312
24297
24303
24330
24368
24389
24389
24423
24475
24475
24482
24538
24614
24666
24698
24694
24721
24765
24816
24868
24896
24885
24856
24904
24948
24990
25051
25083
25125
25179
25219
25250
25303
25322
25349
25328
25349
25423
25501
25517
25509
25547
25631
25715
25755
25780
25809
25809
25814
25877
25965
26038
26089
26137
26158
26185
26200
26209
26242
26267
26284
26324
26356
26425
26482
26509
26517
26545
26572
26656
26709
26690
26673
26694
26721
26809
26826
26875
26942
26965
26946
27015
27003
27015
27005
27045
27072
27055
27099
27093
27110
27173
27204
27211
27171
27171
27251
27303
27307
27282
27307
27316
27345
27368
27345
27343
26874
27471
27452
27458
27458
27452
27458
27526
27507
27479
27456
27509
27561
27595
27561
27591
27604
27627
27637
27667
27744
27797
27793
27767
27362
27984
28066
28082
28030
28005
28110
28152
28124
28187
28221
28299
28381
28358
28341
28444
28450
28500
28557
28608
28656
28633
28624
28687
28736
28723
28805
28868
28854
28895
29017
29062
29036
29017
29032
29129
29173
29179
29124
29120
29143
29188
29206
29221
29270
29284
29246
29265
29269
29272
29257
29303
29341
29322
29354
29274
29261
29270
29280
29213
29253
29288
29255
29223
29219
29131
29112
29152
29118
29015
28973
28973
29019
29028
28940
28929
28898
28908
28961
29076
29097
28969
28872
28814
28337
28830
28736
28656
28614
28570
28477
28395
28370
28374
28312
28200
28045
27963
27877
27772
27763
27761
27723
27673
27534
27458
27475
27433
27358
27276
27175
27093
27053
26944
26875
26895
26809
26730
26625
26536
26498
26402
26288
26208
26137
26127
26099
25990
25795
25666
25568
25349
25215
25171
25061
24948
24835
24809
24730
24629
24509
24461
24293
24181
24162
24024
23860
23757
23719
23666
23559
23425
23383
23309
23202
23169
23076
22938
22874
22799
22704
22589
22538
22396
22314
22257
22164
22160
22101
21973
21927
21881
21833
21727
21593
21471
21425
21356
21244
21148
21106
21047
20917
20772
20793
20725
20587
20467
20385
20330
20229
20513
19938
19881
19763
19624
20024
19503
19408
19284
19181
19152
19070
18946
18914
18769
18622
18595
18566
18505
18448
18362
18318
18215
18106
18009
17912
17841
17736
17650
17591
17522
17442
17322
17265
17217
17202
17171
17221
17135
17101
17101
17095
17131
17185
17209
17223
17353
17444
17486
17509
17547
17578
17645
17730
17664
17656
17750
17832
17851
17872
17893
17917
17965
17984
18022
18062
18085
18190
18208
18192
18206
18206
18185
18187
18131
18160
18141
18028
17988
17952
17925
17816
17692
17660
18053
17463
17417
17309
17293
17171
17118
17101
17097
17082
16998
17009
17049
17091
17127
17145
17179
17051
17217
17431
17469
17269
17208
17402
17511
17568
17536
17551
17578
17570
17616
17736
17757
17702
17734
17902
17963
17887
17866
17616
17879
18150
18215
18083
17979
17954
18059
18240
18337
18330
18353
18458
18082
18685
18713
18698
18704
18784
18870
18889
18866
18862
18868
18910
18912
18879
18874
18875
18864
18812
18793
18767
18776
18717
18658
18564
18505
18530
18433
18272
18232
18167
18049
17914
17849
17746
17627
17513
17362
17269
17185
17051
16917
16782
16725
16669
16484
16290
16597
15942
15856
15709
15639
15540
15335
15620
14958
14793
14625
14459
14251
14051
13879
13708
13503
13324
13259
13190
13082
12874
12734
12702
12645
12547
12454
12395
12337
12267
12309
12307
12255
12246
12206
12173
12209
12244
12208
12240
12303
12284
12177
12097
12095
12120
12005
11959
11916
11837
11797
11641
11501
11417
11324
11723
11028
10814
10631
10385
10167
9954
9734
9450
9223
8904
8646
8387
8146
7845
7541
7286
6986
6734
6484
6177
5902
5637
5393
5175
5343
4673
4488
4240
4122
4387
3740
3534
3360
3332
3225
3108
2973
2814
2654
2519
2402
2387
2377
2301
2158
2061
1866
1770
1568
1370
1284
1221
1309
1377
1410
1421
1400
1398
1429
1080
492
167
