19412
19383
19389
19374
19341
19314
19291
19253
19232
19125
19101
18958
18853
18706
18566
18528
18520
18513
18543
18547
18524
18425
18301
18194
18122
18011
17896
17860
17778
17677
17688
17603
17513
17448
17379
17339
17240
17576
17116
17059
16948
16832
16858
16916
16748
16685
16643
16593
16482
16333
16366
16282
16236
16177
16146
16148
15990
15814
15748
15763
16112
15532
15448
15314
15219
15603
14988
14902
14866
14751
15143
14536
14381
14267
14104
13982
13994
13858
13740
14162
13524
13347
13658
13051
12868
13179
12627
12572
12404
12255
12085
11971
11854
11675
11538
11385
11211
11108
10994
10843
10675
10528
10387
10740
10129
9982
9820
9645
9480
9366
9286
9181
9007
8942
8826
8637
8501
8469
8349
8143
8028
7906
7822
7729
7585
7505
7429
7379
7320
7246
7198
7158
7099
7057
7011
6935
6887
6919
6914
6879
7326
6799
6774
6759
6759
6736
6723
6690
6658
6641
6616
6593
6570
6578
6566
6608
6624
6593
6585
6570
6574
6601
6631
6652
6664
6688
6715
6727
6696
6658
6681
6730
6750
6803
6822
6803
6814
6832
6858
6879
6917
6973
7040
7085
7127
7133
7152
7181
7236
7305
7354
7353
7360
7433
7528
7593
7620
7629
7692
7734
7797
7879
7940
7961
7980
7988
8030
8101
8127
8148
8211
8274
8393
8473
8479
8479
8498
8576
8650
8715
8750
8767
8828
8883
8914
8923
8971
9041
9085
9106
9124
9131
9175
9244
9270
9769
8797
9349
9421
9479
9517
9589
9633
9643
9635
9641
9658
9643
9645
9669
9713
9751
9774
9809
9826
9845
9845
9845
9854
9870
9908
9896
9925
9933
9898
9921
9942
9933
9954
9969
9942
9902
9862
9875
9877
9917
9906
9862
9814
9811
9797
9791
9790
9790
9776
9750
9740
9717
9711
9713
9719
9711
9704
9648
9620
9606
9553
9519
9505
9492
9461
9433
9391
9377
9349
9318
9301
9240
9160
9139
9143
9129
9106
9036
8982
8893
8835
8832
8837
9278
8706
8625
8526
8461
8435
8381
8311
8251
8211
8181
8164
8114
8064
8032
7963
7866
7803
7770
7725
7677
7618
7606
7562
7503
7440
7412
7349
7326
7307
7244
7179
7146
7108
7074
7022
7013
6996
6948
6889
6858
6822
6765
6734
6700
6664
6662
6654
6587
6490
6469
6458
6419
6372
6343
6309
6253
6227
6190
6196
6187
6141
6093
6047
6000
5996
5977
5942
5914
6343
5811
5830
5868
5847
5799
5770
5744
5729
5702
5690
5700
5664
5625
5612
5604
5601
5578
5541
5532
5526
5505
5473
5467
5484
5530
5524
5444
5417
5374
5375
5364
5393
5398
5389
5372
5381
5383
5354
5351
5372
5404
5400
5395
5389
5402
5391
5349
5318
5332
5360
5385
5427
5440
5450
5437
5429
5383
5353
5368
5404
5421
5459
5473
5471
5458
5471
5526
5553
5570
5614
5610
5599
5622
5635
5631
5648
5709
5742
5772
5748
5713
5696
5755
5814
5822
5811
5843
5856
5858
5860
5887
5952
5977
5996
5977
5977
6007
6005
6026
6034
6068
6087
6122
6133
6164
6198
6225
6240
6253
6251
6240
6263
6324
6354
6354
6341
6335
5862
6389
6417
6431
6438
6391
6381
6398
6419
6414
6389
6332
6333
6368
6351
6328
6345
6372
6389
6383
6383
6389
6381
6408
6381
6833
6312
6356
6353
6364
6381
6381
6389
6381
6389
6402
6393
6393
6435
6480
6503
6486
6473
6479
6490
6488
6494
6501
6530
6545
6555
6549
6562
6604
6625
6637
6658
6656
6633
6625
6625
6631
6627
6624
6629
6673
6685
6708
6753
6742
6727
6744
6740
6736
6740
6744
6750
6784
6832
6837
6851
6864
6887
6891
6887
6887
6887
6925
6927
6902
6885
6866
6851
6862
6893
6948
6958
6906
6862
6849
6866
6912
6944
6961
6927
6910
6902
6919
6938
6946
6937
6921
6914
6944
6996
7005
7011
7007
7007
7003
6948
6906
6887
6925
6938
6984
7017
7055
7036
6998
7009
6988
6904
6772
6660
6583
6528
6473
6358
6248
6232
6253
5883
6568
6782
7011
7167
7286
7391
7414
7427
7467
7519
7553
7597
7631
7671
7702
7715
7692
7671
7646
7608
7557
7561
7547
7536
7555
7578
7618
7631
7641
7671
7704
7709
7704
7673
7671
7645
7643
7652
7595
7486
7799
7143
7028
6996
7055
7110
7129
7146
7181
7238
7324
7364
7383
7339
7309
7297
7324
7366
7427
7433
7417
7431
7471
7461
7435
7417
7427
7459
7480
7471
7400
7335
7284
7227
7232
7299
7381
7400
7387
7349
7278
7248
7200
7198
7217
7196
7124
7062
6984
6885
6807
6753
6709
6645
6568
6509
6505
6536
6498
6433
6383
6326
6187
6038
5956
5933
5898
6347
5795
5732
5633
5585
5547
5475
5395
5295
5257
5215
5166
5137
5070
4984
4919
4837
4799
4776
4698
4625
4591
4541
4450
4429
4412
4377
4360
4278
4183
4095
4059
4041
3996
3950
3879
3820
3795
3753
3685
3625
3564
3530
3480
3396
3379
3368
3330
3299
3278
3255
3230
3177
3152
3141
3125
3104
3080
3083
3093
3097
3074
3045
3041
3015
3003
2998
2980
3015
3045
3047
3045
3047
3066
3089
3093
3070
3061
3066
3093
3091
3097
3120
3131
3143
3145
3108
3057
3059
3095
3131
3190
3240
3244
3242
3257
3265
3250
3295
3372
3437
3498
3522
3536
3559
3578
3608
3625
3679
3748
3778
3761
3742
3809
3425
3984
4082
4137
4152
4181
4227
4312
4423
4488
4536
4654
4769
4835
4875
4902
4956
5068
5183
5259
5337
5410
5475
5538
5635
5687
5793
5826
5881
5977
6055
6129
6217
6284
6391
6513
6616
6715
6786
6835
6895
6963
7015
7106
7177
7248
7316
7412
7484
7572
7671
7740
7845
7912
7952
8009
8076
8146
8225
8333
8374
8416
8509
8580
8648
8706
8305
8830
8866
8946
9066
9137
9185
9206
9267
9328
9431
9490
9507
9570
9627
9708
9791
9864
9948
10013
10062
10127
10202
10255
10290
10309
10370
10425
10484
10538
10578
10616
10664
10702
10729
10770
10822
10895
10948
11036
11057
11068
11108
11114
11122
11143
11211
11269
11335
11383
11395
11387
11318
11314
11374
11454
11496
11515
11543
11585
11645
11643
11624
11620
11635
11696
11797
11833
11828
11820
11845
11877
11872
11854
11807
11797
11814
11814
11849
11856
11826
11820
11849
11822
11769
11765
11782
11812
11791
11784
11769
11770
11811
11874
11896
11896
11914
11946
11971
12032
12049
12053
12022
12013
12047
12095
12108
12118
12177
12209
12229
12251
12282
12358
12396
12410
12410
12440
12494
12561
12629
12660
12708
12759
12757
12799
12835
12868
12944
13051
13139
13188
13225
13257
13360
13484
13603
13711
13818
13904
13961
14003
14085
14166
14267
14414
14471
14509
14603
14711
14748
14824
14904
14975
15072
15192
15284
15356
15475
15576
15639
15696
15776
15860
15891
15967
16013
16074
16131
16173
16248
16312
16354
16425
16477
16557
16127
16671
16708
16713
16765
16895
16921
16965
16996
16620
17145
17236
17257
17267
17278
17309
17347
17347
17353
17431
17488
17500
17475
17448
17417
17419
17381
17404
17425
17484
17543
17500
17448
17427
17333
17341
17322
17322
17314
17250
17202
17158
17106
17135
17085
17007
17003
16973
16914
16887
16862
16872
16883
16851
16837
16921
16929
16963
16994
16952
16837
16830
16814
16694
16595
16633
16694
16692
16717
16736
16866
17013
17062
17082
17112
17183
17217
17299
17479
17570
17601
17679
17759
17868
17965
17603
18248
18377
18404
18530
18641
18715
18872
18889
18925
18973
19013
19167
19301
19347
19438
19062
19746
19893
19549
20211
20393
20549
20679
20807
20980
21061
21185
21337
21015
21509
21448
21465
21578
21673
21719
21791
21895
22020
22124
22250
22383
22461
22526
22604
22687
22744
22750
22801
22877
22982
23019
23070
23143
23167
23213
23280
23314
23286
23251
23278
23276
23328
23259
23209
23209
23164
22977
22807
22738
22709
22721
22729
22881
22900
22761
22725
22753
22853
22874
22938
22961
22954
22967
22912
22744
22582
22492
22383
22267
22188
22137
22032
21946
21967
21959
21942
21971
22011
22019
22083
22118
22114
22137
22152
22125
22179
22221
22156
22177
22261
22324
22299
22293
22330
22341
22364
22305
22282
22255
22196
22208
22141
22104
22057
22043
21954
21854
21811
21755
21706
21677
21646
21564
21500
21461
21375
21316
21250
21192
21110
21049
21484
20954
20917
20896
20849
20807
20748
20757
20736
20635
20551
20555
20496
20511
20503
20496
20479
20467
20503
20538
20524
20479
20528
20557
20545
20547
20532
20532
20578
20673
20706
20687
20740
20889
20917
20860
20942
21040
21057
21064
21093
21232
21251
21238
21303
21435
21557
21583
21622
21662
21673
21759
21832
21940
21500
22045
22078
22129
22230
22335
22393
22547
22685
22692
22700
22776
22866
22906
22917
22980
23028
23097
23181
23215
23202
23238
23316
23343
23353
23496
23490
23492
23543
23547
23599
23675
23656
23666
23694
23713
23706
23746
23688
23698
23723
23767
23727
23679
23729
23895
23916
23889
23765
23559
23452
23400
23362
23288
23185
23080
23049
23003
22954
23448
22881
22864
22799
22627
22530
22353
22219
22125
21996
21910
21769
21562
21360
21211
21150
21064
20858
20748
20688
20595
20979
20360
20227
20154
20068
20041
19946
19860
19799
19772
19759
19667
19624
19599
19645
19639
19597
19635
19595
19664
19622
19662
19786
19805
19776
19772
19816
19864
19931
19948
19984
20034
20041
20095
20141
20208
20251
20236
20248
20284
20375
20377
20406
20345
20314
20309
20318
20316
20274
20227
20211
20103
20022
20036
19971
19912
19797
19757
19700
19654
19631
19541
19538
19492
19429
19366
19311
19238
19213
19211
19213
19129
19083
19540
19034
19049
19011
19011
19059
18988
18952
18982
19003
18996
18942
18904
18921
18938
18948
18944
18971
19000
18959
18946
18965
18965
18975
19024
19028
19022
19049
19051
19057
19009
18986
19030
19049
19034
19032
19032
19040
18564
19061
18994
18977
18990
18944
18921
18912
18870
18788
18763
18732
18706
18687
18604
18566
18517
18431
18383
18332
18309
18219
18164
18162
18179
18104
18047
17980
17944
17958
17940
17908
17904
17885
17824
17746
17715
17687
17601
17534
17480
17490
17431
17335
17253
17169
17580
17078
17055
16954
16898
16816
16757
16723
16681
16624
16572
16444
16402
16406
