25068
25106
25188
25240
25234
25280
25286
25288
25314
25341
25429
25404
25454
25562
25562
25635
25666
25715
25780
25795
25832
25874
25887
25925
25979
26019
26055
26005
25946
26024
26082
26072
26061
26053
26091
26162
26202
26192
26211
26206
26194
26238
26297
26274
26353
26475
26498
26475
26557
26648
26629
26643
26671
26706
26673
26662
26673
26723
26690
26736
26822
26788
26826
26826
26822
26828
26849
26833
26898
26925
26893
26898
26973
27003
26986
27000
27001
27051
27103
27129
27129
27148
27145
27150
27185
27181
27181
27192
27215
27217
27232
27208
27225
27253
27276
27215
27223
27286
27309
27244
27305
27332
27270
27257
27244
27240
27223
27217
27242
27219
27200
27169
27097
27024
26986
26958
26975
26912
26824
26761
26717
26641
26629
26570
26530
26513
26475
26404
26356
26347
26324
26293
26250
26156
26110
26089
26053
26053
26043
25956
26368
25832
25835
25814
25803
25778
25751
25664
25601
25574
25545
25488
25444
25385
25368
25341
25347
25316
25269
25253
25238
25198
25171
25137
25099
25078
25055
25059
25057
24998
24942
24870
24828
24864
24874
24835
24795
24767
24736
24711
24725
24692
24652
24629
24595
24585
24572
24591
24614
24599
24587
24541
24530
24543
24526
24498
24448
24438
24427
24391
24341
24309
24303
24307
24356
24393
24377
24358
24322
24288
24259
24227
24179
24135
24139
24162
24166
24166
24179
24146
24070
23946
23875
23864
23872
23906
23883
23820
23767
23713
23683
23652
23625
23595
23561
23509
23458
23408
23377
23387
23343
23284
23229
23209
23127
23043
23019
23011
22992
22961
22904
22858
22872
22898
22862
22776
22730
22692
22679
22648
22574
22561
22568
22603
22566
22492
22404
22383
22351
22303
22297
22299
22347
22358
22291
22194
22173
22194
22230
22221
22198
22110
22026
22471
21980
21961
21944
21923
21868
21832
21769
21767
21795
21803
21776
21759
21734
21725
21698
21667
21631
21568
21519
21490
21486
21982
21467
21440
21385
21295
21253
21244
21196
21141
21110
21091
21045
21000
20944
20921
20898
20875
20826
20751
20669
20568
20501
20501
20471
20427
20393
20366
20324
20278
20240
20209
20152
20074
20032
19541
20053
20030
20011
19973
19937
19917
19948
19961
19965
19912
19862
19866
19895
19885
19923
19935
19925
19904
19904
19925
19944
19998
19984
19950
19969
20001
20019
19992
20007
20038
20059
20091
20101
20078
20068
20074
20068
20059
20072
20064
20053
20034
20001
19942
19881
19862
19837
19807
19845
19887
19881
19889
19874
19849
19839
19847
19860
19858
19872
19914
19912
19866
19856
19856
19906
19954
19982
19938
19900
19887
19883
19875
19862
19851
19870
19898
19895
19889
19885
19856
19812
19812
19795
19732
19662
19618
20019
19498
19471
19402
19335
19269
19181
19101
19534
18982
18895
18851
18845
18828
18797
18727
18633
18564
18484
18427
18395
18353
18288
18263
18251
18188
18131
18557
18022
17971
17906
17860
17832
17780
17690
17622
17562
17507
17486
17463
17404
17326
17290
17269
17242
17206
17223
17230
17209
17167
17078
16963
16900
16889
16883
16860
16837
16807
16793
16782
16769
16753
16694
16677
16688
16673
16667
16681
16696
16685
16643
16597
16566
16591
16620
16650
16681
16690
16685
16698
16740
16784
16826
16875
16896
16847
16774
16740
16734
16732
16692
16635
16606
16622
16633
16646
16629
16585
16509
16479
16459
16396
16372
16349
16314
16288
16276
16232
16198
16154
16104
16049
16066
16057
16024
15973
15904
15851
15833
15833
15812
15751
15727
15734
15732
15694
15656
15627
15591
15585
15595
15566
15515
15467
15416
15374
15358
15332
15316
15284
15269
15217
15181
15112
15074
15020
14980
14969
14910
14843
14769
14753
14734
14683
14599
14505
14431
14375
14320
14288
14204
14095
14013
13906
13837
13818
13784
13725
13637
13561
13473
13408
13370
13299
13238
13152
13040
12958
12889
12811
12751
12687
12603
12511
12450
12400
12358
12328
12274
12167
12101
12026
11965
11889
11843
11811
11767
11669
11578
11498
11446
11417
11364
11274
11227
11200
11139
11091
11028
10944
10866
10811
10719
10633
10595
10629
10639
10601
10517
10395
10276
10198
10148
10103
10062
10019
9973
9885
10257
9696
9627
9568
9515
9444
9375
9326
9248
9188
9152
9091
8994
8908
8797
8746
8698
8650
8593
8484
8351
8290
8232
8175
8116
8013
7896
7828
7761
7679
7606
7517
7438
7364
7278
7192
7169
7114
7001
6912
7320
6759
6685
6561
6469
6440
6366
6305
6261
6240
6156
6076
5994
5921
5885
5862
5807
5746
5673
5654
5635
5614
5572
5570
5580
5570
5568
5568
5585
5538
5477
5467
5480
5442
5393
5362
5408
5465
5459
5406
5858
5343
5326
5267
5251
5255
5227
5206
5188
5206
5190
5137
5106
5104
5116
5099
5032
5028
5041
5041
5026
4979
4998
4975
4938
4906
4874
4853
4830
4816
4853
4893
4935
4906
4854
4791
4786
4795
4788
4803
4820
4835
4807
4767
4751
4769
4795
4784
4742
4757
4782
4793
4820
4843
4780
4715
4675
4696
4711
4725
4748
4782
4769
4698
4646
4669
4698
4708
4729
4730
4765
4784
4769
4772
4770
4742
4740
4784
4814
4833
4881
4935
4938
4931
4904
4938
4940
4984
5040
5062
5072
5095
5135
5146
5137
5124
5185
5209
5255
5299
5324
4885
5391
5406
5416
5408
5404
5438
5488
5526
5549
5545
5603
5641
5669
5692
5666
5662
5679
5738
5784
5791
5824
5916
5933
6330
5872
5956
5919
5961
5975
5973
5973
6011
6013
6032
5963
5935
5969
5898
5799
5853
5854
5799
5677
5624
5570
5576
5541
5435
5398
5349
5307
5192
5118
5057
5020
4923
4833
4778
4727
4614
4482
4404
4278
4221
4127
4000
3923
3803
3723
3666
3541
3400
3229
3093
3030
3019
2896
2700
2513
2914
2326
2250
2192
2034
1893
1860
1751
1616
1528
1398
1322
1217
1160
1101
998
937
811
717
660
541
423
333
282
234
137
87
17
-23
-75
-191
-302
-397
-480
-563
-584
-621
-722
-798
-833
-880
-932
-989
-980
-1025
-1125
-1168
-1153
-1155
-1146
-1222
-1277
-1327
-1363
-1359
-1321
-1323
-1327
-1357
-1367
-1371
-1354
-1344
-1279
-1216
-1146
-1090
-1041
-987
-966
-924
-831
-693
-640
-607
-571
-970
-420
-312
-304
-271
-191
-140
-134
-25
0
-12
68
166
248
270
265
339
433
475
442
480
549
578
576
664
742
803
893
505
1017
1034
1078
1114
1213
1232
1246
1288
1333
1351
1389
1433
1429
1435
1480
1580
1593
1541
1519
1561
1612
1595
1551
1543
1517
1524
1555
1520
1496
1507
1568
1568
1490
1553
1494
1507
1486
1507
1526
1494
1473
1450
1421
1364
1387
1389
1400
1412
1353
1267
1278
1339
1280
1248
1190
1177
1173
1158
1120
1146
1127
1080
1104
1158
1196
1118
1083
1104
1150
1179
1192
1175
1194
1240
1280
1259
1309
1280
1276
1293
1349
1368
1423
1406
1480
1471
1492
1538
1589
1669
1679
1706
1744
1748
1774
1860
1902
1862
1950
1980
2034
2068
2064
2118
2221
2269
2299
2339
2417
2505
2519
2536
2643
2742
2818
2856
2902
2973
3074
3097
3158
3240
3351
2935
3484
3490
3492
3625
3765
3862
3767
3853
3948
4009
4001
3998
4131
4229
4276
4364
4438
4452
4496
4545
4593
4599
4673
4723
4753
4807
4814
4835
4931
5358
4835
4908
4969
5026
4994
4969
4933
5013
5083
5083
5064
5064
5093
5080
5089
5099
5133
5158
5175
5206
5183
5211
5269
5250
5232
5272
5328
5341
5364
5446
5471
5480
5513
5576
5671
5744
5820
5906
5965
6055
6055
6156
6318
6417
6509
6561
6683
6673
6734
6370
6914
7013
7093
7131
7171
7251
6849
7377
7417
7488
7570
7622
7637
7658
7692
7328
7849
7841
7917
8062
8209
8261
8333
8395
8479
8532
8635
8709
8715
8767
8832
8835
8822
8805
8744
8788
8761
8660
8547
8494
8391
8229
8099
8032
7946
7824
7801
7700
7549
7427
7341
7267
7160
7057
6910
6851
6780
6769
6717
6595
6482
6354
6337
6318
6145
6030
6017
5908
5788
5709
5648
5603
5517
5412
5351
5332
5291
5234
5083
5095
5145
5125
5106
5095
5099
5093
5062
5049
5106
5108
5087
5106
5200
5177
5145
5173
5192
5156
5187
5158
5116
5154
5200
5234
5198
5225
5259
5253
5263
5309
5337
5396
5438
5526
5599
5675
5690
5791
5900
5969
6036
6131
6246
6324
6408
6564
6694
6814
6895
6982
7127
7232
7343
7515
7629
7345
7977
8122
8288
8364
8564
8791
8998
9082
9181
9381
9572
9750
9971
10167
10291
10490
10688
10881
11101
11248
11423
11631
11822
11990
11734
12416
12660
12895
13030
13234
13450
13631
13791
13984
14221
14486
14694
14889
15030
15208
15398
15587
15770
15923
16110
16248
16398
16501
16709
16952
16620
17253
17444
17125
17738
17895
17971
18118
18255
18442
18593
18723
18849
18940
19049
19185
19267
19332
19496
19587
19704
19793
19875
19929
19937
20078
20229
20255
20316
20408
20391
20419
20488
20570
20589
20641
20643
20696
20744
20776
20826
20891
20912
20896
20870
20938
20520
21015
21036
20998
20996
21022
21072
21131
21129
21166
21194
21330
21345
21333
21419
21473
21486
21519
21559
21622
21694
21765
21809
21856
21946
21998
22041
22097
22145
22244
22259
22286
22448
22557
22667
22797
22868
22914
23007
23208
23339
23341
23404
23473
23580
23713
23898
24019
24093
24101
24248
23940
24540
24580
24654
24883
25129
25227
25387
25532
25654
25673
25784
25912
26062
26202
26360
26509
26677
26786
26906
27082
27356
27530
27656
27790
27935
28148
28274
28438
28635
28851
