6583
6553
6479
6320
6246
6200
6127
6049
5961
5938
5830
5811
5744
5748
5683
5526
5408
5391
5354
5337
5255
5194
5154
5108
5047
5041
4971
4925
4862
4801
4851
4807
4719
4713
4694
4729
4736
4696
4624
4557
4601
4528
4519
4555
4496
4471
4469
4479
4507
4494
4442
4479
4459
4479
4545
4522
4490
4498
4543
4582
4566
4507
4442
4370
4375
4322
4261
4223
4236
4299
4383
4522
4597
4658
4738
4784
4866
4931
4958
4973
4940
4954
5068
5156
5229
5372
5475
5662
5822
5969
6101
6181
6314
6471
6597
6683
6730
6858
6982
7038
7164
7187
7251
7383
7528
7589
7641
7721
7776
7826
7860
7933
8019
8082
8114
8146
8177
8192
8238
8301
8354
8404
8496
8555
8557
8585
8646
8738
8769
8812
8887
8942
8984
9003
9015
9064
9106
9169
9267
9341
9391
9435
9467
9479
9500
9580
9627
9648
9688
9769
9830
9868
9906
9952
9988
10034
10020
9994
9938
9839
9727
9635
9625
9761
9919
10124
10332
10459
10604
10770
10822
10841
10875
10858
10874
10900
10931
10952
10958
10969
10973
10967
10988
11041
11104
11127
11131
11083
11120
11181
11291
11339
11368
11396
11402
11431
11458
11515
11570
11625
11667
11711
11700
11688
11694
11236
11744
11776
11849
11864
11841
11801
11791
11778
11780
11828
11851
11881
11938
12017
12055
12099
12072
12015
11933
11893
11856
11801
11774
11835
11944
11977
11906
11835
11801
11751
11683
11635
11608
11599
11559
11513
11473
11452
11421
11383
11351
11326
11360
11372
11307
11267
11221
11164
11120
11103
11049
11028
11013
10963
10950
10912
10830
11234
10673
10603
10559
10530
10549
10505
10429
10370
10301
10240
10181
10127
10093
10019
9925
9875
9812
9753
9708
9639
9568
9500
9440
9398
9370
9341
9299
9251
9164
9112
9057
8984
8912
8875
8833
8782
8715
8683
8639
8585
8534
8482
8456
8402
8364
8322
8270
8253
8230
8221
8259
8194
8062
7958
7841
7740
7687
7656
7658
7589
7515
7442
7408
7494
7519
7406
7215
7038
6925
6822
6790
6860
6933
7295
6622
6471
6421
6410
6440
6456
6448
6431
6387
6832
6229
6194
6206
6217
6206
6179
6171
6127
6076
6072
6087
6078
6040
6043
6072
6089
6072
6020
5963
5933
5942
5919
5885
5843
5832
5812
5790
5750
5732
5692
5635
5627
5568
5507
5448
5410
5391
5368
5335
5280
5219
5173
5122
5062
5024
4986
4959
4933
4895
4875
4839
4793
4738
4702
4687
4696
4727
4757
4780
4811
4809
4774
4776
4786
4805
4879
4921
4940
4969
5020
5053
5083
5143
5196
5253
5293
5328
4895
5459
5520
5585
5645
5694
5746
5803
5908
6026
6124
6185
6208
6253
6324
6440
6530
6572
6652
6715
6784
6843
6854
6875
6938
7030
7116
7198
7248
7291
7349
7454
7532
7582
7639
7681
7723
7751
7797
7933
8076
8202
8333
8425
8501
8589
8702
8851
8986
9041
9122
9211
8803
9482
9687
9948
10175
10206
10078
9896
9709
9639
9658
9833
10040
10234
10339
10452
10534
10601
10660
10742
10818
10946
11108
10770
11458
11639
11795
11963
12091
12204
12326
12448
12576
12774
12975
13104
13278
13381
13503
13200
13835
13998
14160
14257
14391
14541
14646
14772
14902
15003
15129
15251
15337
15479
15146
15763
15971
16148
16190
16269
16368
16454
16585
16683
16793
16933
17034
16614
17208
17288
17387
17454
17538
17622
17750
17845
17944
18055
18152
18274
18354
18408
18442
18536
18648
18811
18938
19030
19089
19179
19240
19316
19377
19452
19536
19646
19721
19769
19799
19851
19933
19969
19996
20019
20040
20097
20101
20120
20154
20204
20208
20177
20150
20200
20290
20326
20322
20297
20274
20270
20316
20368
20402
20366
20270
20263
20303
20360
20393
20383
20364
20328
20351
20360
20360
20356
20332
20364
20385
20393
20368
20349
20360
20412
20427
20391
20332
20312
20335
20343
20339
20318
20286
20305
20309
20311
20290
20257
20259
20272
20257
20240
20202
20167
20171
20204
20229
20240
20253
20219
20200
20211
20213
20229
20255
20276
20301
20343
20379
20400
20465
20540
20549
20566
20622
20675
20729
20824
20902
20902
20912
20520
21106
21177
21259
21332
21427
21519
21583
21635
21669
21751
21864
21971
22030
22125
22202
22295
22391
22440
22511
22545
22561
22587
22639
22683
22687
22654
22601
22574
22622
22738
22925
23162
23276
23366
23469
23519
23620
23734
23770
23820
23450
24053
24206
24379
24500
24603
24645
24734
24856
24952
25019
25116
25270
25341
25395
25473
25538
25574
25585
25564
25553
25593
25673
25845
26001
26133
26229
26328
26446
26562
26637
26692
26799
26919
27049
27143
27238
26872
27465
27559
27662
27734
27780
27830
27967
28104
28209
28293
28427
28562
28667
28757
28335
28895
28980
29038
29122
29263
29423
29566
29719
29875
30003
30173
30314
30414
30528
30683
30818
30946
31045
31131
31240
31328
31393
31505
31620
31719
31807
31891
31954
32019
32106
32175
32238
32314
32408
32524
32637
32700
32748
32788
32872
32959
33032
33141
33217
33295
33377
33427
33459
33469
33513
33564
33643
33698
33746
33799
33843
33841
33874
33910
33950
34026
34074
34078
34116
34158
33717
34259
34267
34295
34320
34356
34402
34440
34475
34490
34498
34509
34528
34578
34625
34643
34671
34709
34753
34797
34803
34803
34824
34919
34952
34979
34986
35053
35101
35129
35148
35166
35206
35246
35303
35381
35469
35509
35507
35496
35501
35574
35637
35696
35774
35841
35868
35887
35889
35938
36005
36068
36106
36104
36160
36223
36257
36267
36316
36406
36461
36477
36492
36536
36616
36709
36729
36795
36795
36814
36862
36963
37036
37087
37122
37139
37183
37215
37255
37240
37286
37389
37545
37631
37620
37650
37706
37738
37750
37812
37889
37950
37988
38045
38164
38219
38265
38295
38372
38448
38477
38536
38618
38631
38666
38717
38788
38847
38893
38937
38977
39028
38603
39137
39183
39211
39253
39288
39309
39351
39337
39341
39398
39463
39517
39553
39553
39555
39562
39595
39627
39637
39709
39776
39809
39830
39818
39799
39801
39833
39860
39906
39938
39988
40032
40038
40013
39994
40003
40041
40064
40091
40124
40122
40124
40143
40141
40162
40227
40276
40282
40257
40255
40251
40269
40314
40351
40387
40385
40364
40379
40408
40442
40452
40446
40414
40360
40347
40396
40417
40417
40437
40459
40437
40385
40353
40366
40354
40339
40320
40288
40267
40267
40257
40215
40141
40061
40034
40043
40047
40022
39963
39910
39872
39814
39782
39767
39748
39669
39620
40049
39517
39496
39452
39396
39347
39339
39299
39250
39211
39192
39141
39057
38982
38946
38893
38851
38830
38809
38746
38677
38618
38566
38524
38482
38414
38345
38299
38276
38209
38131
38087
38057
37996
37927
37877
37858
37835
37776
37717
37687
37690
37690
37667
37593
37496
37440
37353
37320
37335
37347
37322
37288
37211
37169
37152
37101
37049
36982
36950
36938
36849
36757
36685
36624
36541
36465
36417
36351
36286
36219
36167
36053
36005
35898
35799
35761
35706
35541
35431
35343
35276
35654
35089
34959
34832
34742
34625
34459
34316
34211
34110
34024
33914
33753
33593
33479
33333
33303
33167
33061
32908
32807
32666
32515
32347
32328
32169
31919
31799
31683
31561
31425
31753
31164
31066
30887
31244
30570
30435
30219
30043
29864
30274
29627
29440
29265
29110
28969
28784
28564
28412
28248
28070
27849
27645
27530
27435
27171
27007
26923
26723
26528
26833
26192
26043
26358
25696
25501
25328
25137
24929
24770
24576
24896
24204
24000
23856
23669
23469
23270
23099
22994
22816
22622
22545
22362
22080
21885
21730
21582
21368
21150
20904
20761
20620
20452
20274
20099
19881
19696
19557
19379
19208
19070
18935
18847
18687
18597
18536
18377
18324
18230
18127
18013
17872
17811
17721
17574
17492
17360
17211
17160
17074
16963
16912
16820
16713
16635
16551
16517
16480
16377
16312
16232
16234
16127
16076
16024
15912
15866
15780
15679
15646
15513
15400
15286
15263
15162
15097
14992
14933
14822
14702
14557
14461
14374
14173
13998
13866
13788
13662
13515
13383
13219
13049
12900
12780
12681
12536
12492
12284
12087
12095
11977
11807
11677
11614
11541
11541
11425
11295
11293
11723
11139
11074
11047
10986
10916
10862
10839
10727
10650
10606
10572
10536
10419
10297
10240
10209
10209
10160
10108
10038
9956
9944
9906
9875
9807
9711
9633
9608
9503
9421
9356
9299
9244
9152
9059
9001
8982
8872
8765
8719
8675
8572
8494
8408
8269
8150
8118
8024
7940
7851
7769
7637
7540
7505
7389
7232
7103
6973
6841
6727
6639
6536
6835
6265
6082
5975
5893
5774
5669
5545
5433
5349
5177
5072
5045
4961
4832
4708
4618
4545
4427
4347
4213
4169
4093
4375
3755
3727
3633
3513
3883
3333
3270
3156
3072
2992
2839
2709
2618
2471
2377
2274
2250
2097
1975
1814
1744
1637
1473
1385
1200
1036
904
824
700
507
343
204
125
1
-184
-275
-397
-539
-720
-865
-520
-1140
-1277
-1413
-1605
-1764
-1865
-1497
-2098
-2201
-2298
-2397
-2558
-2703
-2743
-2781
-2880
-3014
-3107
-3174
-3212
-3277
-3357
-3382
-3386
-3489
-3630
-3655
-3634
-3686
-3800
-3863
-3901
-3934
-4016
-4113
-4069
-4199
-4329
-4371
-4338
-4378
-4506
-4556
-4609
-4689
-4726
-4705
-4720
-4771
-4806
-4859
-4920
-4911
-4922
-5031
-5176
-5222
-5180
-5132
-5102
-5375
-4646
-4525
-4602
-4655
-4659
-4548
-4409
-4283
-4268
-4283
-4262
-4197
-4176
-4207
-4258
-4252
-4245
-4250
-4258
-4212
-4136
-4012
-4392
-3815
-3699
-3626
-3594
-3523
-3432
-3376
-3348
-3264
-3174
-3155
-3065
-2962
-2846
-2695
-2626
-2480
-2411
-2348
-2233
-2136
-2153
-2165
-2052
-2016
-2018
-1980
-1924
-2004
-1993
-1974
-1976
-1918
-1863
-1873
-1932
-1928
-1915
-1932
-1907
-1907
-1966
-1980
-1966
-1993
-1938
-1896
-1834
-1760
-1718
-1787
-1833
-1733
-1680
-1651
-1663
-1613
-1638
-1592
-1571
-1562
-1567
-1634
-1621
-1596
-1592
-1565
-1508
-1556
-1605
-1607
-1560
-1529
-1541
-1504
-1550
-1529
-1451
-1489
-1499
-1464
-1489
-1453
-1478
-1541
-1556
-1504
-1565
-1581
-1541
-1575
-1621
-1670
-1655
-1659
-1646
-1676
-1667
-1567
-1640
-1651
-1567
-1521
-1951
-1487
-1487
-1430
-1405
-1392
-1342
-1336
-1350
-1291
-1209
-1176
-1100
-991
-938
-999
-926
-890
-766
-739
-709
-575
-506
-459
-403
-308
-220
