4847
4809
4780
4757
4725
4656
4669
4679
4645
4610
4562
4549
4553
4522
4534
4444
4368
4370
4389
4305
4209
4230
4188
4135
4066
4032
3980
3912
3927
3854
3791
3730
3667
3591
3488
3469
3906
3406
3349
3276
3219
3221
3080
3414
2879
2851
2704
2610
2526
2385
2324
2305
2223
2066
1969
1914
1833
1786
1673
1564
1519
1946
1316
1272
1236
1135
1072
1421
811
757
715
629
530
467
389
272
187
143
80
34
-41
-146
-222
-226
-258
-369
-445
-476
-485
-512
-533
-581
-659
-684
-680
-672
-722
-750
-787
-825
-833
-838
-857
-888
-928
-972
-1000
-1037
-1058
-1073
-1102
-1136
-1132
-1144
-1167
-1210
-1170
-1149
-1203
-1258
-1287
-1264
-1302
-1325
-1376
-1453
-1474
-1487
-1500
-1531
-1542
-1586
-1628
-1655
-1688
-1710
-1739
-1754
-1791
-1817
-1873
-1905
-1930
-1941
-1955
-1968
-1978
-2029
-2090
-2146
-2170
-2161
-2155
-2182
-2220
-2233
-2243
-2256
-2268
-2279
-2296
-2317
-2352
-2367
-2390
-2430
-2449
-2464
-2495
-2462
-2439
-2502
-2565
-2613
-2611
-2544
-2506
-2514
-2525
-2537
-2562
-2535
-2537
-2529
-2548
-2558
-2525
-2495
-2932
-1959
-2455
-2455
-2466
-2480
-2472
-2455
-2420
-2380
-2340
-2310
-2317
-2298
-2268
-2230
-2220
-2222
-2195
-2149
-2136
-2147
-2132
-2058
-2041
-2033
-1962
-1888
-1831
-1806
-1804
-1781
-1724
-1663
-1642
-1663
-1628
-1592
-1577
-1548
-1518
-1504
-1468
-1401
-1359
-1325
-1279
-1230
-1193
-1168
-1157
-1136
-1090
-1025
-997
-993
-968
-926
-896
-884
-838
-802
-783
-789
-791
-743
-676
-623
-623
-617
-569
-531
-478
-405
-367
-306
-260
-247
-241
-209
-174
-155
-102
-21
9
-14
9
66
112
152
202
211
238
288
347
389
429
459
496
553
593
583
620
646
679
738
801
847
839
862
914
965
1000
1015
1080
1139
1190
1246
1246
1242
1280
1339
1404
1446
1484
1538
1578
1620
1671
1730
1761
1799
1841
1891
1479
2019
2053
2097
2145
2185
2232
2290
2332
2343
2387
2427
2437
2494
2583
2648
2652
2648
2622
2673
2717
2746
2751
2736
2744
2797
2828
2858
2889
2917
2937
2946
2965
3013
3026
3066
3146
3215
3236
3227
3242
3269
3286
3326
3372
3400
3425
3448
3494
3549
3599
3639
3679
3698
3723
3761
3778
3805
3837
3854
3860
3866
3898
3946
3969
3946
3946
3965
3958
4000
4024
4041
4047
4019
3979
3935
3935
3929
3898
3877
3858
3879
3954
4000
3975
3961
3982
4049
4099
4141
4148
4143
4175
4246
4265
4322
4370
4385
4416
4461
4570
4658
4700
4729
4765
4809
4845
4893
4917
4927
4948
4988
4986
5005
5072
5162
5312
5396
5391
5343
5290
5215
5129
5062
5051
5043
5024
5013
4986
4986
4938
4864
4795
4746
4683
4624
4576
4505
4414
4339
4238
4185
4131
4032
3916
3826
3719
3656
3591
3501
3429
3343
3280
3290
3257
3171
3059
2982
2896
2805
2763
2694
2591
2475
2349
2246
2148
2011
1898
1814
1706
1620
1582
1532
1536
1505
1438
1381
1311
1305
1351
1324
1280
1236
1194
1076
893
761
645
599
578
559
517
522
538
555
595
620
645
616
541
471
444
440
396
370
341
284
202
139
43
-29
-37
-8
-2
9
-69
-151
-193
-197
-205
-262
-312
-310
-268
-281
-329
-359
-409
-478
-485
-500
-531
-579
-617
-653
-703
-754
-852
-905
-909
-936
-500
-1031
-1094
-1142
-1170
-1199
-1222
-1298
-1394
-1447
-1459
-1455
-1487
-1539
-1562
-1523
-1518
-1512
-1472
-1422
-1388
-1392
-1392
-1354
-1292
-1256
-1239
-1252
-1249
-1210
-1191
-1119
-1081
-1056
-1065
-1105
-1105
-1121
-1146
-1165
-1132
-1060
-1016
-995
-989
-993
-1464
-878
-789
-710
-649
-575
-459
-376
-333
-279
-193
-104
-487
104
219
366
486
612
700
788
898
959
1011
1072
1131
1173
1206
1259
1309
1360
1425
1503
1624
1725
1814
1910
1990
2095
2240
2349
2465
2555
2660
2799
2452
3036
3127
3200
3253
3326
3446
3572
3704
3814
3862
3875
3902
3935
4009
4093
4171
4267
4328
4358
4419
4469
4536
4599
4650
4708
4763
4801
4841
4908
4952
5000
5062
5127
5187
5257
5288
5332
4889
5389
5396
5429
5458
5503
5549
5599
5643
5671
5658
5673
5725
5772
5805
5822
5851
5896
5908
5937
5992
6001
6001
6019
6080
6116
6131
6143
6187
6225
6242
6267
6290
6339
6364
6374
6396
6372
6372
6387
6406
6458
6543
6593
6608
6603
6639
6685
6654
6645
6664
6708
6740
6751
6753
6769
6780
6780
6767
6809
6885
6891
6866
6856
6853
6868
6875
6914
6973
7022
7045
7020
7028
7049
7083
7120
7106
7120
7143
7156
7169
7179
7179
7181
7196
7229
7267
7282
7278
7278
7282
7295
7351
7383
7408
7385
7368
7393
7435
7475
7494
7473
7480
7536
7608
7667
7696
7683
7669
7688
7708
7704
7700
7704
7727
7769
7774
7795
7847
7874
7881
7881
7906
7906
7919
7971
8024
8062
8062
8066
8097
8143
8177
8208
8248
7820
8354
8377
8423
8475
8517
8547
8629
8700
8750
8780
8801
8843
8946
9043
9108
9146
9192
9265
9324
9406
9467
9517
9582
9635
9692
9736
9835
9914
9963
10020
10066
10125
10204
10244
10282
10324
10425
10513
10618
10679
10706
10736
10818
10933
10956
10944
10973
11053
11106
11152
11217
11299
11353
11391
11473
11545
11643
11685
11740
11858
11952
12005
12032
12068
12112
11738
12307
12379
12477
12570
12614
12700
12799
12864
12919
12984
13047
13146
13263
13368
13446
13471
13511
13589
13658
13742
13874
14020
14110
14192
14259
14314
14408
14530
14624
14708
14742
14811
14916
15076
15156
15232
15349
15446
15627
15818
15952
16076
16139
16187
16312
16429
16553
16688
16788
16891
17000
17099
17204
17295
17419
17568
17700
17820
17988
18097
18192
18320
18421
18500
18593
18732
18851
19009
19129
19221
19366
19520
19618
19738
19875
20011
20160
20295
20387
20486
20629
20721
20835
20946
21036
21167
21309
21417
21526
21593
21656
21750
21900
22011
22139
22265
22387
22520
22624
22669
22725
22805
22938
23066
23217
23333
23484
23614
23713
23799
23862
23927
24066
24145
24223
24290
24379
24467
24557
24610
24709
24881
25013
25087
25120
25196
25238
25290
25349
24923
25576
25715
25778
25809
25811
25862
25919
26009
26085
26230
26345
26400
26469
26536
26568
26610
26702
26765
26400
27013
27097
27183
27286
27358
27458
27570
27641
27725
27790
27843
27872
27950
28066
28152
28215
28255
28333
28425
28511
28599
28675
28736
28784
28841
28858
28881
28969
29053
29120
29160
29229
29291
29404
29477
29505
29564
29616
29702
29780
29828
29917
29996
30143
30213
30215
30307
30475
30534
30522
30633
30683
30725
30801
30830
30916
30940
30959
30982
31013
30969
30937
30956
31009
31011
30959
30910
30898
30889
30887
30805
30811
30816
30751
30696
30612
30606
30555
30530
30465
30477
30400
30362
30320
30221
30156
30116
30131
30120
30101
30080
30034
29982
29944
29948
29830
29814
29835
29851
29820
29770
29784
29795
29761
29814
29851
30278
29694
29620
29616
29606
29561
29530
29469
29469
29421
29410
29374
29345
29286
29261
29242
29167
29127
29097
29028
29051
29017
28938
28921
28891
28875
28847
29311
28807
28751
28688
28662
28673
28692
28667
28700
28717
28646
28553
28549
28545
28440
28408
28370
28316
28284
28274
28246
28227
28198
28143
28053
28019
28001
27944
28332
27793
27782
27629
27578
27603
27687
27675
27562
27490
27461
27442
27425
27379
27353
27364
27314
27261
27244
27148
27116
26975
26875
26854
26799
26669
26629
26589
26496
26438
26343
26255
26217
26131
26068
25990
25917
26377
25757
25660
25606
25541
25482
25395
25356
25242
25141
25078
24979
24866
24791
24687
24599
24534
24458
24362
24307
24232
24177
24085
24003
23958
23900
23782
23683
23591
23492
23374
23312
23208
23095
23062
22984
22837
22702
22589
22959
22381
22322
22158
22024
21938
21820
21711
21610
21547
21425
21311
21217
21076
20963
20893
20830
20732
20685
20599
20530
20454
20339
20322
20259
20194
20127
20032
19980
19938
19856
19820
19793
19687
19585
20017
19414
19324
19255
19311
19345
19351
19389
19368
19353
19364
19416
19435
19471
19515
19515
19530
19547
19570
19660
19669
19679
19706
19654
19692
19874
19916
19986
20099
20192
20208
20169
20236
20295
20288
20353
20492
20578
20585
20574
20652
20820
20520
21030
21108
21154
21127
21131
21248
21398
21492
21593
21622
21549
21805
22028
22093
21837
21717
21950
22143
22118
22003
21973
22019
22013
22038
22051
22458
21944
21916
21854
21841
21818
21843
21824
21830
21822
21736
21765
21650
21757
21755
21666
21570
21480
21572
21637
21603
21549
21570
21593
21633
21620
21650
21700
21696
21719
21750
21799
21832
21881
21965
21893
21929
21967
22015
22089
22076
22080
22190
22251
22257
22227
22175
22251
22307
22305
22286
22301
22333
22337
22347
22358
22347
22339
22400
22442
22406
22353
22345
22375
22353
22341
22366
22356
22370
22364
22345
22353
22379
22362
22333
22251
22263
22255
22200
22179
22169
22206
22202
22135
22133
22141
22112
22083
22009
21998
21925
21820
21700
21664
21604
21543
21463
21410
21354
21311
21225
21196
21074
20975
21013
20912
20877
20811
20742
20751
20671
20637
20547
20473
20438
20370
20284
20234
20150
20087
20066
20015
19940
19910
19875
19797
19727
19711
19637
19603
19583
19507
19412
19395
19332
19234
19251
19255
19177
19536
19007
18938
18891
18822
18784
18608
18576
18490
18389
18309
18253
18104
18009
17906
17841
17786
17599
17500
17395
17217
17099
17005
16868
16790
16625
16459
16333
16608
16030
15965
15818
15654
15513
15389
15223
15055
14887
14679
14522
14337
14085
13910
13769
13541
13398
13196
12996
12887
12763
12652
12530
12412
12290
12137
11956
11799
11666
11530
11412
11301
11129
11003
10944
10803
10673
10566
10429
10366
10732
10085
9948
9879
9807
9717
9604
9511
9448
9372
9208
9135
9141
9049
8914
8820
8738
8696
8603
8557
8492
8368
8358
8790
8261
8169
8120
8103
8000
7984
7916
7828
7862
8301
7790
7744
7719
7694
7704
7683
7694
7664
7633
7604
7646
7652
7685
7751
7757
7748
7801
7908
