18812
18927
18580
19091
19095
19215
19351
19389
19070
19688
19778
19866
19992
20108
20171
20282
20458
20637
20753
20900
20988
21141
21265
21400
21555
21690
21814
21500
22177
22309
22007
22767
22940
23087
23316
23480
23635
23759
23904
24103
24263
24463
24625
24839
24988
25099
25225
25461
25637
25788
25935
26051
26259
26435
26562
26673
26393
27015
27177
27316
27459
27540
27650
27822
27996
28057
28145
28274
27866
28486
28595
28675
28799
28883
28893
28994
29045
29099
29179
29261
29284
29335
29395
29456
29471
29543
29604
29675
29711
29748
29765
29780
29778
29893
29954
30053
30087
30116
30095
30099
30118
30154
30192
30312
30345
30368
30368
30425
30475
30509
30503
30526
30551
30587
30652
30654
30685
30620
30637
30677
30666
30631
30622
30673
30700
30696
30662
30658
30688
30738
30734
30776
30799
30790
30809
30851
30902
30898
30891
30910
30944
30982
30986
30994
31053
31106
31167
31219
31230
31259
30778
31278
31290
31335
31393
31429
31452
31461
31461
31490
31536
31595
31606
31587
31589
31610
31612
31616
31658
31685
31744
31818
31849
31830
31833
31841
31872
31923
31954
31996
32024
32013
32020
32072
32135
32156
32166
32158
32206
32230
32202
32213
32223
32251
32305
32330
32335
32332
32354
32374
32417
32429
32416
32416
32417
32456
32461
32465
32477
32469
32475
32469
32469
32477
32530
32532
32505
32524
32540
32534
32520
32515
32545
32574
32610
32637
32618
32629
32631
32637
32673
32700
32740
32742
32742
32759
32791
32818
32837
32849
32854
32910
32965
32980
32975
32977
32977
32984
33026
33061
33089
33116
33148
33204
33209
33230
33286
33316
33326
33282
33290
33360
33406
33438
33471
33513
33564
33570
33591
33608
33612
33625
33654
33702
33730
33769
33750
33748
33795
33845
33912
33956
33969
33958
33967
34047
34150
34240
34290
34341
34349
34370
34375
34402
34438
34471
34488
34528
34568
34629
34648
34679
34725
34763
34801
34772
34730
34687
34669
34692
34704
34708
34711
34751
34770
34750
34750
34770
34776
34801
34832
34877
34917
34937
34958
34971
34975
34959
34979
35005
35003
34996
34986
35001
34994
34990
35015
35017
34996
34963
34950
34942
34946
34963
34967
34938
34935
34961
34959
34940
34908
34858
34864
34895
34940
34919
34902
34891
34902
34843
34772
34727
34730
34723
34708
34637
34572
34530
34465
34395
34356
34314
34272
34213
34150
34114
34066
33990
33937
33872
33818
33776
33725
33610
33526
33417
33272
33173
33091
32996
32900
32784
32708
32652
32517
32417
32309
32729
32187
32059
31950
31885
31797
31717
31679
31578
31471
31400
31278
31164
31101
31041
30961
30887
31250
30664
30587
30513
30431
30368
30351
30311
30772
30183
30091
29980
29927
29881
29820
29729
29646
29559
29473
29444
29377
29337
29280
29221
29139
29011
28912
28833
28759
28711
28637
28568
28496
28458
28377
28263
28202
28156
28099
28026
27948
27883
27788
27685
27582
27505
27446
27393
27320
27253
27242
27225
27146
27055
26973
26904
26854
26790
26715
26669
26597
26484
26427
26398
26335
26278
26227
26167
26091
26005
25937
25868
25799
25727
25692
25658
25616
25587
25501
25414
25332
25270
25248
25185
25108
25041
24996
24956
24875
24790
24780
24769
24723
24645
24566
24507
24437
24410
24358
24303
24230
24190
24166
24152
24127
24078
23988
23887
23837
23826
23799
23748
23704
23627
23559
23540
23540
23484
23429
23366
23322
23265
23215
23188
23152
23099
23053
23001
22971
22925
22832
22782
22742
22727
22687
22671
22616
22547
22959
22372
22322
22276
22223
22171
22141
22097
22030
21931
21835
21765
21683
21664
21629
21582
21459
21356
21335
21297
21234
21122
21007
20933
20822
20782
20748
20706
20666
20530
20383
20291
20230
20196
20169
20106
20001
19872
19709
19562
19463
19429
19408
19354
19280
19173
19131
19053
18931
18818
18725
18646
18608
18520
18425
18333
18236
18137
18019
17900
17833
17780
17730
17650
17549
17442
17366
17282
17171
17582
17053
16994
16916
16824
16732
16677
16635
16593
16540
16513
16520
16471
16417
16396
16370
16328
16265
16236
16244
16261
16309
16333
16335
16290
16267
16261
16248
16288
16299
16347
16398
16442
16477
16486
16500
16520
16555
16597
16658
16717
16736
16717
16723
16793
16883
16898
16879
16875
16910
16906
16908
16906
16952
17022
17045
17005
16967
16992
17022
16986
16950
16950
16961
16950
16921
16917
16910
16898
16889
16828
16801
16769
16738
16692
16637
16639
16664
16656
16610
16561
16480
16419
16385
16368
16322
16303
16269
16206
16133
16106
16103
16070
15977
15921
15904
15921
15927
15908
15872
15826
15784
15772
15757
15736
15715
15688
15666
15679
15675
15671
15650
15603
15568
15524
15520
15532
15511
15526
15484
15463
15471
15482
15473
15467
15423
15406
15429
15444
15396
15335
15295
15291
15276
15251
15255
15251
15242
15244
15206
15154
15112
15103
15118
15148
15631
15135
15129
15083
15066
15074
15087
15106
15108
15124
15160
15171
15179
15198
15223
15225
15225
15257
15276
15291
15301
15316
15320
15320
15320
15366
15419
15429
15379
15324
15311
15366
15393
15356
15290
15250
15187
15173
15202
15240
15230
15187
15129
15093
15066
15032
15028
15041
15026
15003
14979
14908
14828
14750
14700
14675
14618
14538
14486
14444
14402
14353
14295
14257
14251
14215
14145
14074
14011
13971
13982
13980
13961
13887
13832
13770
13719
13725
13715
13696
13685
13622
13545
13471
13423
13356
13316
13276
13269
13240
13198
13118
13053
13001
12948
12914
12879
12814
12740
12646
12576
12494
12379
12320
12305
12248
12164
12087
12011
11935
11868
11786
11725
11688
11669
11608
11520
11414
11320
11280
11713
11146
11095
11026
10950
10914
10872
10774
10683
10595
10513
10437
10425
10416
10414
10312
10217
10116
10041
10013
9929
9818
9761
9719
9664
9595
9511
9398
9297
9219
9187
9091
9005
8872
8753
8687
8631
8541
8469
8354
8250
8156
8061
7992
7914
7786
7698
7618
7536
7477
7385
7280
7160
7064
6984
6929
6839
6704
6583
6479
6372
6282
6183
6083
5958
6326
5721
5618
5530
5456
5847
5234
5093
4975
4895
4807
4698
4604
4492
4374
4284
4211
4114
4043
3917
3803
3730
3624
3488
3419
3337
3297
3225
3089
2961
2847
2782
2721
2637
2528
2454
2417
2349
2284
2206
2150
2087
1982
1898
1811
1751
1721
1673
1583
1494
1480
1437
1370
1337
1282
1248
1221
1171
1114
1053
982
898
879
864
812
738
660
620
612
585
574
574
540
494
456
395
362
322
305
274
278
293
280
230
188
171
145
122
141
129
125
112
93
64
78
72
41
15
3
-487
13
45
22
13
486
-10
-25
-50
-58
-33
-33
-44
-39
-63
-123
-123
-92
-92
-115
-102
-71
-69
-105
-100
-71
-46
-58
-88
-105
-111
-62
-37
-8
9
480
-41
-50
-63
-71
-50
-18
22
47
72
82
110
112
112
120
118
150
167
211
244
246
255
284
335
427
480
538
601
662
734
837
900
950
975
1026
1158
1284
1312
1360
1393
1530
1629
1664
1725
1761
1793
1853
1946
1980
2045
2030
2150
2229
2259
2261
2318
2396
2429
2412
2366
2404
2473
2520
2492
2425
2408
2452
2517
2555
2482
2438
2404
2437
2480
2492
2916
2398
2425
2456
2929
2400
2345
2278
2223
2206
2312
2433
2490
2425
2400
2406
2421
1954
2427
2408
2303
2179
2137
2032
1933
1902
1893
1824
1738
1702
1750
1713
1645
1650
1683
1587
1541
1528
1496
1429
1417
1446
1448
1400
1389
1345
1305
1324
1311
1343
1353
1288
1291
1333
1332
1320
1318
1299
1312
1293
1278
1301
1314
1318
1297
1288
1259
1280
1290
1255
1270
1339
1349
1335
1370
1398
1404
1463
1501
1540
1555
1536
1515
1509
1601
1582
1520
1570
1561
1566
1543
1496
1509
1583
1545
1547
1509
1536
1538
1498
1501
1564
1559
1559
1534
1547
1513
1498
1543
1570
1566
1540
1562
1715
1673
1669
1711
1782
1772
1778
1769
1889
1914
1887
1902
1935
1961
2003
2066
2078
2099
2166
2143
2187
2309
2396
1959
2511
2566
2641
2711
2740
2795
2849
2906
3028
3120
3190
3200
3305
3414
3511
3595
3687
3709
3780
3423
4019
4116
4177
4213
4250
4343
4431
4501
4555
4687
4784
4835
4914
4980
5040
5066
5066
5125
5255
5339
5366
5477
5532
5591
5711
5750
5826
5908
5952
6043
6133
6238
6320
6410
6513
6559
6614
6790
6896
7024
7093
7164
7242
6868
7500
7589
7618
7753
7885
7988
8099
8272
8393
8471
8564
8744
8914
9001
9120
9255
9461
9603
9688
9809
10020
10202
10360
10515
10694
10835
10973
11116
11353
11555
11713
11889
12127
12309
12532
12795
12961
12729
13385
13589
13841
14066
14293
14454
14211
14910
15131
15326
15505
15694
15814
15967
16110
16244
16398
16551
16711
16841
16919
16969
16629
17187
17293
17393
17442
17570
17681
17738
17755
17814
17887
17891
18059
18148
18114
18190
18288
18375
18452
18528
18509
18085
18616
18692
18776
18847
18982
19030
19114
19227
19288
19305
19370
19400
19438
19463
19498
19538
19589
19622
19696
19700
19732
19782
19858
19933
19986
19541
20148
20204
20217
20290
20406
20450
20561
20622
20614
20736
20807
20856
20916
20996
21061
21074
21082
21118
21101
21173
21267
21269
21284
21293
21295
21408
21982
21454
21486
21564
21631
21696
21776
21788
21826
21925
22000
22072
22101
22190
22234
22305
22370
22414
22433
22484
22509
22620
22637
22648
22713
22698
22734
22751
22791
22891
22923
22942
22988
23001
23043
23093
23183
23234
23324
23358
23459
23524
23549
23612
23730
23790
23826
23910
23963
24059
24114
24183
24253
24265
24278
24347
24395
24381
24379
24477
24582
24583
24572
24637
24652
24702
24767
24812
24889
24872
24431
25028
25061
25097
25177
25238
25192
25223
25282
25372
25421
25479
25540
25549
25597
25616
25685
25715
25759
25770
25723
25770
25843
25839
25826
25872
25931
25937
25956
25990
26005
26020
26124
26196
26229
26311
25902
26471
26509
26568
26683
26753
26837
26917
26990
27034
27116
27240
27351
27473
27606
27711
27812
27870
27996
28062
28139
28194
28259
28452
28612
28721
28877
28921
29017
29146
29295
29391
29446
29477
29606
29729
29772
29807
29961
