12137
12103
12043
12005
11889
11811
11761
11648
11574
11624
11536
11429
11389
11387
11278
11097
11038
10986
10887
10719
10645
10614
10414
10276
10242
10173
10026
9885
9736
9690
9505
9391
9257
9099
8961
8835
8708
8557
8383
8263
8183
8038
7845
7700
7593
7479
7276
7104
7045
6923
6782
6641
6448
6314
6200
6032
5895
5805
5641
5561
5458
5320
5198
5064
5053
4933
4761
4597
4551
4444
4389
4303
4242
4133
4057
4036
3937
3851
3782
3711
3637
3597
3572
3522
3484
3496
3492
3459
3396
2935
3431
3377
3393
3402
3452
3480
3545
3534
3574
3585
3568
3664
3759
3776
3759
3895
3950
3963
3956
4106
4156
4114
4083
4169
4286
4374
4389
4419
4524
4562
4601
4631
4711
4750
4788
4854
4912
4975
5030
5049
5070
5141
5164
5188
5230
5234
5221
5284
5341
4889
5404
5406
5417
5442
5519
5534
5524
5494
5526
5553
5599
5643
5656
5671
5706
5688
5639
5629
5646
5687
5711
5690
5673
5688
5723
5746
5763
5782
5780
5751
5694
5669
5715
5704
5700
5706
5706
5679
5614
5561
5520
5490
5492
5490
5469
5431
5395
5360
5311
5265
5208
5160
5148
5122
5083
5041
5019
4986
4975
4919
4875
4854
4839
4772
4727
4721
4729
4698
4578
4442
4303
4099
4389
3690
3419
3230
3217
3402
3730
4051
4332
4494
4500
4410
4305
4188
4009
3841
3700
3610
3557
3503
3429
3358
3301
3284
3246
3230
3179
3103
3045
3047
3047
3043
2996
2908
2864
2820
2770
2708
2656
2601
2593
2561
2454
2395
2347
2290
2267
2219
2169
2137
2112
2043
2440
1923
1910
1839
1645
1910
1190
1143
1229
1381
1526
1625
1685
1662
1658
1614
1503
1425
1328
1255
1200
1152
1093
1043
1028
1007
1003
996
937
874
820
828
864
862
847
812
786
753
725
631
572
555
578
572
543
965
440
410
412
391
318
250
225
194
167
110
93
9
-44
-77
-140
-125
-119
-165
-216
-228
-270
-317
-357
-367
-359
-384
-439
-476
-483
-504
-523
-541
-592
-642
-691
-735
-735
-733
-709
-726
-756
-817
-827
-827
-810
-831
-855
-926
-985
-1008
-1037
-1031
-1006
-1033
-1031
-1006
-1018
-1054
-1077
-1086
-1060
-1079
-1090
-1132
-1176
-1186
-1167
-1163
-1193
-1233
-1220
-1209
-1235
-1249
-1243
-1254
-1281
-1270
-1258
-1275
-1308
-1333
-1302
-1275
-1256
-1252
-1222
-1241
-1302
-1331
-1310
-1287
-1296
-1291
-1300
-1319
-1312
-1281
-1260
-1233
-1230
-1222
-1230
-1264
-1250
-1249
-1230
-1228
-1237
-1230
-1212
-1191
-1188
-1170
-1167
-1186
-1172
-1174
-1121
-1077
-1081
-1088
-1063
-1052
-1056
-1041
-987
-932
-903
-903
-854
-869
-901
-857
-810
-802
-806
-779
-760
-680
-623
-619
-636
-604
-542
-510
-974
-472
-443
-434
-420
-392
-310
-270
-260
-245
-205
-170
-153
-105
-31
7
47
62
80
112
150
169
166
209
290
335
381
425
440
494
536
553
551
591
635
681
755
830
895
896
891
895
952
973
1009
1059
1089
1116
1131
1158
1213
1274
1333
1404
1486
1503
1511
1564
1610
1681
1715
1715
1700
1732
1774
1847
1912
1469
2000
2040
2083
2146
2185
2204
2196
2188
2213
2286
2328
2377
2414
2454
2467
2471
2465
2490
2578
2635
2648
2616
2620
2646
2715
2751
2772
2811
2828
2845
2856
2872
2946
3013
3003
2975
3024
3068
3068
3047
3076
3152
3234
3267
3311
3318
3303
3282
3309
3353
3368
3396
3400
3440
3479
3507
3482
3496
3528
3557
3576
3599
3585
3606
3654
3681
3688
3706
3770
3841
3872
3853
3816
3824
3832
3845
3864
3874
3879
3893
3914
3950
4003
4038
4038
4001
3984
3980
4000
4026
4057
4120
4162
4150
4146
4183
4225
4248
4246
4280
4341
4395
4406
4419
4444
4452
4410
4416
4452
4480
4490
4509
4536
4564
4583
4583
4593
4618
4612
4595
4639
4704
4744
4744
4736
4790
4835
4841
4854
4919
5003
5057
5034
5017
5057
5152
5238
5248
5257
5272
5311
5358
5396
5438
5484
5545
5589
5603
5618
5656
5681
5690
5719
5791
5818
5807
5818
5851
5881
5931
6009
6020
5996
6040
6093
6074
6097
6143
6131
6110
6108
6124
6143
6143
6167
6160
6166
6145
6070
6036
6038
6047
6062
6110
6122
6116
6072
6022
6015
5998
5996
6000
6011
6026
6009
6030
6101
6188
6209
6204
6179
6135
6110
6103
6125
6173
6257
5881
6509
6608
6708
6763
6738
6629
6452
6251
6020
6330
5748
5641
5578
5547
5524
5551
5559
5599
5583
5545
5501
5465
5438
5408
5379
5379
5406
5385
5314
5215
5150
5143
5127
5129
5122
5129
5129
5137
5131
5041
4923
4778
4702
4692
4740
4772
4755
4702
4671
4641
4618
4603
4559
4488
4448
4370
4320
4322
4332
4322
4312
4291
4312
4290
4211
4154
4118
4093
4083
4076
4059
4007
3967
3910
3891
3874
3866
3849
3841
3812
3811
3811
3788
3757
3677
3669
3683
3637
3595
3587
3591
3576
3553
3486
3444
3389
3328
3293
3248
3187
3164
3150
3118
3114
3101
3082
3085
3072
3032
3034
3051
3024
2996
2986
2982
2988
2963
2979
2969
2973
2992
3061
3091
3104
3106
3091
3083
3125
3135
3124
3167
3238
3291
3326
3375
3406
3402
3417
3480
3538
3578
3627
3683
3719
3770
3820
3877
3419
3975
4036
4047
4070
4112
4192
4282
4353
4391
4433
4530
4622
4673
4742
4801
4832
4938
5076
5187
5259
5358
5433
5511
5620
5706
5790
5885
5973
6104
6238
6324
6423
6524
6603
6685
6784
6925
6980
7045
7171
7284
7318
7385
7511
7606
7709
7790
7841
7980
8095
8183
8250
7818
8400
8534
8652
8740
8790
8879
8996
9085
9173
9259
9335
9406
9461
9576
9660
9748
9832
9893
9979
10059
10125
10171
9774
10345
10435
10534
10589
10633
10700
10786
10874
10912
10988
11080
11164
11257
11320
11381
11433
11500
11564
11637
11723
11818
11929
12028
12066
12124
11729
12316
12375
12429
12467
12526
12587
12677
12767
12877
12927
13009
13082
13118
13148
13185
13257
13332
13389
13414
13486
13593
13662
13727
13778
13833
13914
14019
14095
14135
14171
14198
14242
14293
14326
14364
14421
14494
14540
14568
14639
14729
14750
14750
14753
14719
14673
14681
14750
14879
15007
15066
15164
15272
15324
15374
15326
15353
15379
15431
15435
15490
15578
15650
15727
15740
15759
15822
15885
15954
16017
16064
16070
16055
16074
16114
16187
16265
16295
16330
16356
16400
16437
16459
16498
16526
16572
16614
16660
16738
16814
16854
16858
16874
16910
16988
17085
17124
17129
17110
17106
17108
17143
17209
17267
17278
17312
17389
17484
17553
17507
17429
17429
17482
17490
17522
17104
17633
17620
17606
17654
17700
17700
17669
17660
17667
17727
17770
17828
17860
17872
17948
17986
18061
18171
18219
18223
18286
18364
18421
18458
18519
18612
18711
18772
18814
18889
18996
18572
19089
19221
19280
19345
19431
19482
19572
19648
19803
19929
19967
20026
20112
20234
20328
20435
20562
20669
20744
20832
20940
21030
21024
21173
21379
21515
21465
21515
21667
21763
21856
21933
22013
22196
22309
22423
22591
22717
22801
22938
23135
23213
23366
23379
23599
23742
23893
24000
24118
24225
24335
24587
24700
24803
24898
24994
25124
25324
25414
25452
25589
25753
25849
25417
26024
26124
26242
26295
25917
26532
26610
26723
26843
26992
27103
27213
27311
27442
27524
27620
27725
27374
27980
28110
28251
27853
28486
28620
28727
28837
28952
29087
29299
29412
29431
29583
29740
29314
29830
29963
30066
30066
30133
30204
30259
30322
30416
30496
30564
30637
30587
30675
30757
30788
30799
30818
30851
30885
30898
30931
30969
31000
31026
31062
31093
31175
31127
31110
31158
31257
31187
31192
31181
31190
31211
31272
31274
31290
31242
31209
30786
31293
31269
31286
31345
31364
31402
31349
31345
31328
31311
31284
31303
31372
31398
31364
31332
31349
31345
31351
31368
31290
31217
31167
31158
31156
31166
31112
31064
31106
31129
31101
31076
31017
31000
31049
31036
31047
31038
30990
31019
30977
30916
30879
30883
30791
30761
30738
30732
30725
30683
30666
30664
30664
30589
30479
30452
30467
30471
30419
30320
30362
30343
30278
30305
30251
30162
30181
30196
30133
30043
30026
29988
29933
29952
29950
29917
29910
29937
29879
29824
29767
29679
29700
29698
29679
29664
29624
29616
29585
29562
29543
29473
29446
29494
29500
29410
29427
29467
29448
29469
29423
29471
29505
29593
29553
29545
29498
29538
29522
29551
29559
29677
29725
29656
29732
29732
29769
29778
29788
29694
29742
29791
29828
29832
29809
29856
29864
29864
29816
29820
29843
30280
29795
29770
29748
29715
29708
29698
29664
29635
29639
29591
29528
29534
29431
29356
29345
29347
29225
29131
29049
28948
28952
28917
29293
28687
28549
28475
28433
28341
28208
28133
28019
27961
27883
27727
27692
27650
27553
27429
27293
27171
27043
26929
26851
26696
26534
26404
26318
26225
26104
25906
25772
25633
25545
25469
25335
25215
25020
24849
24677
24585
24475
24335
24209
23994
23851
23763
23635
23526
23908
23270
23181
23059
22917
22845
22687
22538
22458
22374
22354
22238
22103
21986
21923
21856
21790
21666
21536
21553
21437
21225
21139
21041
20912
20803
20744
20679
20543
20410
20393
20265
20061
20001
19986
19914
19797
19738
19648
19654
19681
19612
19561
19576
19549
19559
19625
19648
19671
19675
19709
19748
19784
19770
19864
19980
19963
19948
19931
19948
19969
19969
20036
20513
19996
20047
20041
20007
19971
20003
20007
20003
19912
19822
19748
19708
19660
19587
19477
19387
19312
19227
19112
19062
19022
18900
18812
18690
19036
18458
18358
18398
18122
18688
18330
17914
17881
17866
17809
17711
17599
17538
17578
17519
17234
17043
17000
17095
17101
16998
16933
16885
16820
16643
16578
16612
16553
16492
16450
16540
16519
16305
16330
16417
16236
16076
15633
16166
16187
16097
16055
16064
16009
16041
16143
16143
16604
16072
16036
16036
16082
15635
16187
16242
16219
16248
16204
16211
16171
16183
16150
15988
16015
16032
16049
16196
16440
16572
16433
16156
16020
15721
15620
15898
15893
15845
15734
15595
15429
15417
15368
15330
15309
