29007
29135
29301
29437
29585
29763
29874
29965
30122
30332
30440
30629
30589
30765
30963
31076
31093
31185
31416
31595
31648
31639
31290
31845
31984
32049
32106
32187
32227
32274
32402
32469
32543
32522
32604
32658
32709
32708
32683
32772
32826
32864
32910
32944
32959
33057
33120
33198
33196
32734
33465
33599
33532
33471
33507
33551
33566
33601
33667
33675
33641
33704
33770
33849
33858
33837
33811
33910
33935
33946
33986
33975
34003
33988
34036
34026
34053
33988
33937
33984
34000
33986
33950
33925
33977
33967
33908
33864
33841
33900
33874
33801
33832
33858
33824
33740
33734
33721
33717
33732
33744
33711
33629
33650
33719
33713
33221
34194
33679
33666
33646
33603
33513
33561
33486
33498
33505
33480
33438
33381
33421
33419
33320
33253
33183
33257
33236
33114
33082
33070
33108
33106
33024
32986
32950
32906
32908
32841
32719
32727
32738
32671
32580
32576
32528
32406
32337
32337
32305
32208
32139
32089
32007
31996
31919
31864
31803
31732
31685
31709
31650
31599
31515
31496
31480
31412
31414
31416
31374
31753
31240
31246
31185
31091
31072
30998
30948
30837
30797
30759
30774
31257
30669
30643
30551
30507
30482
30448
30337
30253
30190
30190
30162
30122
30106
30059
29980
29938
29858
29833
29868
29746
29692
29658
29547
29524
29505
29416
29406
29332
29280
29192
29150
29196
29127
29057
29045
28975
28948
28944
28883
28786
28738
28683
28702
28625
28572
28515
28444
28410
28393
28335
28276
28219
28192
28135
28057
27996
27887
27883
27803
27759
27767
27727
27622
27503
27389
27328
27326
27229
27089
27017
26977
27347
26786
26706
26669
26551
26475
26347
26269
26236
26166
26129
25988
26362
25761
25641
25553
25463
25385
25269
25129
25059
24980
24858
24700
24557
24910
24335
24137
24011
23965
23784
23624
23471
23364
23250
23043
22921
22858
22666
22509
22404
22267
22085
21958
21790
21664
21538
21404
21229
21091
20975
20843
20593
20490
20326
20188
20070
19919
19725
19620
19562
19419
19278
19200
19511
18965
18858
18727
18601
18553
18435
18253
18145
18125
18083
18000
17925
17805
17702
18057
17438
17353
17209
17580
16916
16820
16763
16679
16591
16484
16435
16362
16257
16122
16043
15908
15782
15757
15698
15597
15480
15362
15244
15068
15003
14984
15047
15112
15125
15116
15062
15001
14860
14807
14666
14425
14274
14118
13843
13557
13349
13154
12946
12753
12595
12562
12454
12349
12290
12290
12396
12513
12429
12547
12730
12776
12790
12919
13120
13167
13242
13324
13389
13479
13624
13746
13828
13841
13935
13984
14053
14106
14194
14206
14223
14244
14177
14145
14177
14196
14101
14007
14007
13979
13900
13803
13753
13706
13583
13505
13429
13356
13232
13152
13017
12954
12914
12801
12727
12646
12593
12522
12416
12341
12318
12232
12143
12061
12131
12093
11992
11916
11858
11837
11801
11727
11650
11572
11486
11435
11337
11286
11290
11196
11011
10849
10688
10583
10467
10280
10078
9898
10246
9654
9475
9330
9196
8950
9267
8641
8551
8372
8145
7950
7851
7725
7549
7379
7225
7145
7041
7286
6650
6591
6513
6375
6227
6024
5927
5868
5715
5583
5486
5393
5267
5103
4979
4929
4824
4639
4503
4881
4219
4055
3950
3801
3646
3534
3385
3188
3011
2853
2667
2501
2316
2118
1906
1652
1935
1303
1116
910
702
507
307
120
-79
-235
-388
-521
-659
-901
-1084
-1258
-1375
-989
-1628
-1722
-1813
-1939
-2006
-2102
-2105
-2220
-2268
-2317
-2365
-2384
-2376
-2373
-2399
-2468
-2497
-2449
-2441
-2447
-2411
-2474
-2457
-2434
-2405
-2369
-2327
-2359
-2355
-2271
-2271
-2250
-2165
-2136
-2105
-2117
-2092
-2025
-2000
-1995
-1991
-1945
-1947
-1915
-1911
-1932
-1978
-2048
-2008
-2014
-2008
-2033
-2075
-2098
-2075
-2092
-2132
-2104
-2144
-2174
-2172
-2155
-2228
-2189
-2195
-2209
-2178
-2167
-2230
-2319
-2268
-2212
-2214
-2268
-2277
-2281
-2317
-2333
-2422
-2399
-2355
-2432
-2491
-2491
-2491
-2514
-2518
-2512
-2560
-2598
-2623
-2575
-2615
-2678
-2726
-2789
-2796
-2783
-2798
-2873
-2899
-2911
-2976
-3096
-3163
-3247
-3323
-3355
-3376
-3376
-3495
-3590
-3628
-3718
-3804
-3842
-3932
-3970
-4010
-4023
-4134
-4230
-4323
-4396
-4476
-4567
-4611
-4688
-4703
-4730
-4846
-4934
-4993
-5058
-5067
-5065
-5146
-5233
-5298
-5271
-5302
-5336
-5367
-5373
-5415
-5422
-5373
-5438
-5451
-5403
-5384
-5453
-5413
-5384
-5415
-5417
-5359
-5365
-5378
-5348
-5291
-5224
-5167
-5214
-5180
-5096
-5069
-5035
-5035
-5002
-4953
-4909
-4844
-4829
-4785
-4668
-4573
-4577
-4588
-4560
-4502
-4434
-4420
-4365
-4289
-4226
-4191
-4182
-4094
-4071
-4033
-3947
-3882
-3781
-3728
-3670
-3607
-3583
-3483
-3462
-3380
-3273
-3180
-3117
-3138
-3096
-2943
-2846
-2840
-2789
-2688
-2644
-2653
-2563
-2470
-2375
-2315
-2235
-2193
-2147
-2014
-1918
-1827
-1779
-1733
-1691
-1533
-1493
-1403
-1277
-1222
-1207
-1184
-1031
-905
-791
-712
-688
-642
-560
-392
-306
-245
-142
-20
-489
120
179
206
286
417
513
524
629
769
856
881
496
1066
1173
1190
1263
1320
1381
1473
1559
1645
1761
1828
1910
1996
2072
2072
2156
2255
2326
2389
1958
2500
2576
2656
2713
2717
2778
2927
3036
3087
3166
3238
3332
3387
3496
3654
3666
3656
3717
3826
3898
3929
3963
4085
4206
4236
4293
4364
4423
4465
4526
4578
4633
4730
4856
4916
4898
4946
5059
5139
5253
5318
4891
5505
5553
5593
5709
5782
5847
5919
6001
6074
6148
6215
6274
6349
6433
6469
6572
6616
6639
6751
6356
6944
7076
7146
7232
7290
7414
7486
7612
7780
7912
7954
8007
8129
8244
8351
8494
8614
8750
8874
9003
9083
9179
9362
9488
9589
9677
9719
9832
10013
10131
10234
10316
10396
10517
10656
10723
10788
10912
10975
11030
11116
11269
11431
11526
11591
11650
11837
11961
11967
12055
12196
12354
12482
12553
12654
12790
12940
13078
13225
13343
13437
13601
13746
13845
13994
14104
14267
14417
14549
14721
14845
14946
15120
15255
15433
15601
15765
15927
15643
16343
16532
16629
16809
17003
17219
17309
17467
17656
17778
17994
18177
18330
18532
18725
18877
18601
19261
19469
19690
19862
20127
20349
20541
20732
20908
21091
21206
21351
21494
21576
21631
21727
21751
21816
21885
21895
21914
21883
21786
21736
21692
21612
21559
21561
21496
21438
21322
21303
21158
21047
20988
20950
20914
20879
20833
20776
20811
20833
20883
20849
20832
20856
20896
20854
20782
20711
20704
20685
20702
20711
20763
20782
20696
20671
20788
20812
20801
20799
20719
20696
20685
20643
20633
20687
20814
20856
20879
20965
21049
21181
21276
21320
21398
21414
21458
21009
21570
21580
21645
21730
21795
21845
21902
21982
22112
22187
22314
22572
22763
22902
23085
23278
23286
23250
23318
23375
23435
23435
23484
23458
23333
23261
23269
23229
23043
22877
22797
22790
22746
22656
22696
22734
22713
22729
22692
22666
22694
22711
22748
22797
22835
22845
22902
23038
23089
23181
23349
23417
23408
23477
23654
23830
23937
24030
24185
24284
24377
24519
24683
24975
25196
25330
25469
25625
25816
26005
26166
26324
26509
26681
26845
26984
27074
27200
27341
27568
27671
27715
27797
27994
28118
28204
27860
28473
28549
28717
28343
28925
29020
29125
29230
28830
29362
29425
29538
29681
29746
29784
29910
29980
30091
30125
30206
30324
30368
30372
30482
30501
30540
30564
30625
30715
30822
30898
30917
30931
31038
31093
31122
31192
31299
31303
31333
31374
31358
31379
31437
31431
31530
31572
31591
31601
31593
31646
31692
31666
31679
31708
31729
31729
31730
31750
31734
31708
31715
31748
31786
31763
31776
31761
31776
31788
31719
31683
31687
31664
31637
31622
31627
31601
31576
31562
31511
31522
31543
31505
31395
31370
31385
31372
31330
31282
31234
31225
31152
31078
