29811
29770
29708
29641
29606
29553
29417
29353
29293
29198
28996
28856
28772
28727
28683
28664
28704
28790
28740
28658
28673
28595
28541
28416
28809
28261
28101
28110
28051
27961
27904
27788
27645
27389
27158
27038
26977
26885
26904
26940
26809
26767
26784
26721
26643
26564
26410
26303
26223
26152
26068
26024
26337
25698
25692
25557
25858
25208
24990
24896
24843
24814
24753
24677
24559
24431
24414
24914
24276
24108
23948
23770
23667
23520
23379
23236
23133
23064
22887
22784
22570
22301
22097
21929
21732
21698
21656
21520
21353
21209
21118
21057
20931
20786
20677
20524
20381
20152
20511
19837
19667
20024
19473
19364
19171
19070
18946
18853
18631
18435
18244
18019
17893
17841
17759
17717
18059
17530
17410
17335
17311
17255
17200
17190
17164
17076
16961
16841
16765
16721
16679
16622
16496
16408
16335
16291
16240
16185
16154
16122
16076
16026
15992
15929
15868
15832
15784
15721
15671
15633
15610
15532
15427
15372
15290
15227
15175
15631
15112
15059
14984
14919
14898
14853
14755
15135
14593
14513
14400
14347
14320
14278
14280
14274
14263
14259
14221
14154
14129
14169
14127
14038
13931
13849
13793
13757
13748
13709
13635
13582
13513
13421
13322
13301
13291
13284
13257
13677
13127
13114
13150
13116
13053
12959
12883
12883
12889
12851
12807
12729
12664
12624
12603
12587
12572
12519
12477
12458
12458
12408
12333
12423
12566
12534
12461
12381
12314
12337
12404
12458
12528
12572
12589
12551
12515
12496
12545
12601
12601
12572
12578
12603
12669
12723
12723
12746
12788
12860
12925
13017
13072
13108
13154
13194
13261
13324
13353
13328
13337
13366
13446
13524
13570
13641
13671
13675
13700
13729
13795
13885
13898
13908
13937
13923
13904
13877
13889
13902
13927
13948
13952
13937
13954
14015
14036
14061
14095
14135
14133
14160
14211
14263
14293
14248
14229
14200
14169
14152
14139
14127
14118
14103
14066
14036
13977
13917
13877
13895
13862
13788
13729
13648
13593
13549
13459
13372
13282
13196
13061
12977
12916
12847
12778
12656
12559
12562
12438
12232
12173
12137
12106
12041
11952
11870
11734
11582
11517
11509
11492
11421
11345
11320
11263
11202
11148
11110
11106
11099
11080
11080
11062
11045
11062
11089
11095
11095
11116
11160
11181
11187
11200
11208
11213
11217
11250
11337
11408
11458
11475
11507
11534
11570
11608
11633
11702
11740
11761
11830
11870
11912
11946
12009
12045
12097
12112
12148
12196
12248
12286
12320
12324
12353
12404
12438
12456
12490
12536
12587
12587
12618
12654
12677
12723
12797
12826
12822
12833
12870
12919
12937
12986
12998
13003
13024
13041
13051
13072
13099
13099
13097
13112
13124
13145
13145
13131
13162
13213
13246
13196
13164
13160
13169
13169
13118
13085
13091
13104
13072
13020
13007
13011
13009
12969
12916
12889
12881
12919
12971
12984
12958
12923
12889
12862
12874
12931
12967
12980
13007
12942
12917
12914
12958
13013
13072
13097
13095
13118
13112
13127
13173
13242
13270
13291
13259
13229
13209
13181
13166
13139
13133
13154
13181
13217
13215
13171
13129
13099
13059
13011
13017
13072
13091
13062
13001
12969
12975
12988
12971
12921
12948
13057
13177
13288
13377
13458
13503
13519
13513
13486
13406
13293
13240
13208
13127
13057
13022
13022
13064
13066
13036
13019
13013
13024
13019
13001
13043
13171
13160
13087
13051
13005
13000
13032
13040
13059
13015
12961
12942
12959
12952
12935
12900
12853
12835
12822
12847
12862
12845
12828
12809
12822
12851
12818
12769
12759
12780
12750
12708
12692
13188
12666
12625
12536
12488
12469
12412
12398
12414
12395
12349
12309
12270
12221
12143
12066
12015
11967
11958
11942
11881
11776
11702
11660
11629
11603
11538
11440
11391
11345
11286
11221
11162
11076
10988
10896
10845
10788
10704
10610
10540
10469
10395
10303
10190
10101
10019
9961
9914
9849
10250
9666
9587
9515
9456
9393
9311
9232
9150
9040
8980
8921
8824
8688
8601
8562
8500
8423
8368
8307
8240
8187
8129
8110
8072
8000
7883
7824
7790
7732
7675
7612
7517
7429
7370
7311
7265
7217
7167
7116
7108
7110
7055
6977
6910
6887
6862
6835
6839
6826
6761
6698
6652
6650
6641
6631
6597
6578
6585
6587
6570
6557
6576
6564
6528
6517
6536
6547
6522
6543
6597
6631
6633
6639
6627
6624
6620
6627
6643
6711
6750
6757
6765
6778
6784
6833
6889
6900
6916
6914
6946
6963
6988
6986
7030
7078
7145
7223
7251
7261
7223
7255
7345
7396
7440
7463
7461
7520
7593
7650
7715
7757
7776
7805
7872
7938
7965
8022
8074
8087
8103
8137
8173
8206
8240
8261
7818
8354
8383
8400
8452
8503
8568
8662
8729
8727
8700
8698
8757
8822
8860
8917
8933
8952
8959
8982
9017
9045
9059
9124
9181
9213
8795
9326
9318
9299
9299
9335
9387
9444
9456
9454
9480
9520
9570
9582
9566
9532
9520
9568
9641
9656
9643
9637
9597
9570
9585
9608
9614
9585
9580
9603
9648
9696
9683
9641
9559
9528
9524
9519
9543
9599
9583
9553
9517
9456
9416
9387
9364
9366
9374
9364
9341
9303
9303
9769
9192
9116
9093
9072
9059
9080
9051
8994
8938
8912
8881
8893
8912
8879
8811
8751
8755
8717
8669
8650
8591
8500
8410
8389
8408
8427
8431
8379
8333
8312
8267
8209
8166
8089
8087
8089
8104
8082
8007
7896
7853
7833
7793
7780
7748
7738
7753
7727
7690
7692
7690
7688
7662
7660
7652
7645
7637
7629
7620
7606
7658
7666
7620
7591
7582
7572
7562
7555
7580
7595
7620
7582
7568
7595
7578
7557
7574
7622
7643
7645
7629
7648
7667
7696
7690
7671
7639
7673
7685
7681
7654
7667
7673
7666
7685
7742
7753
7721
7730
7729
7738
7734
7746
7742
7753
7805
7805
7767
7765
7748
7713
7734
7748
7729
7688
7662
7709
7763
7770
7721
7654
7616
7622
7650
7690
7740
7717
7696
7744
7780
7778
7727
7727
7746
7784
7799
7786
7778
7801
7803
7791
7805
7788
7791
7328
7841
7881
7896
7912
7921
7933
7942
7952
7961
7980
7992
8020
8072
8091
8091
8078
8076
8101
8118
8156
8192
8213
8171
8166
8175
8221
8246
8248
8234
8248
8274
8293
8316
8387
8387
8349
8341
8396
8440
8461
8471
8492
8482
8490
8522
8515
8511
8570
8601
8606
8591
8591
8633
8683
8704
8711
8734
8730
8738
8757
8786
8790
8782
8311
8862
8874
8906
8927
8967
8967
8925
8891
8874
8889
8931
8982
8992
8979
8984
9020
9028
9026
8988
8971
8977
9011
9020
8998
8965
8956
8910
8921
8956
9000
8977
8935
8895
8883
8900
8917
8917
8891
8881
8879
8870
8845
8807
8801
8790
8801
8786
8780
8814
8803
8769
8742
8713
8715
8761
8790
8767
8751
8715
8669
8675
8715
8776
8774
8753
8704
8677
8652
8606
8604
8629
8645
8664
8679
8681
8648
8633
8658
8688
8696
8660
8603
8599
8580
8585
8595
8570
8540
8482
8471
8498
8501
8438
8488
8471
8463
8444
8396
8404
8429
8368
8366
8347
8311
8297
8267
8263
8221
8200
8137
8154
8137
8106
8089
8099
8036
8051
8104
8049
8007
7952
7950
7965
7984
7912
7877
7877
7927
7912
7881
7851
7839
7786
7782
7765
7738
7763
7803
7830
7755
7750
7757
7809
7776
7744
7770
7797
7740
7740
7765
7832
7874
7858
7835
7851
7898
7900
7917
7898
7942
7931
7946
7961
7992
8011
8011
8059
8078
8080
8078
8125
8206
8219
8274
8307
8343
8391
8364
8343
8330
8396
8414
8471
8505
8490
8526
8534
8543
8564
8614
8622
8641
8595
8570
8566
8475
8477
8473
8463
8387
8209
8166
8099
7979
7864
7782
7753
7627
7440
7337
7242
7110
6994
6887
6748
6549
6452
6335
6229
6143
6020
5893
5782
5738
5727
5624
5553
5450
5341
5311
5309
5248
5166
5085
5024
4996
4923
4832
4742
4652
4566
4524
4465
4372
4303
4229
4156
4017
3982
3935
3851
3830
3786
3719
3593
3503
3458
3364
3337
3267
3162
3082
3011
3414
2803
2765
2641
2471
2479
2421
2343
2162
2124
2028
1914
1774
1740
1696
1629
1532
1452
1442
1406
1339
1303
1295
1307
1215
1179
1187
1190
1209
1225
1209
1290
1370
1328
1362
1410
1484
1549
1616
1641
1616
1654
1694
1719
1879
2106
2148
2240
2351
2402
2501
2633
2734
2791
2881
3015
3139
3219
3318
3353
3383
3456
3469
3480
3559
3662
3784
3791
3431
4007
4114
4135
4206
4297
3927
4482
4639
4759
4400
4992
5068
5145
5267
5368
5532
5625
5711
5832
6032
6148
6198
6330
6473
6553
6729
6791
6906
6971
7064
7104
7190
6849
7448
7471
7482
7557
7673
7713
7736
7774
7833
7864
7879
7893
7940
7992
8009
8070
8154
8185
8219
8253
8335
8412
8450
8417
8408
8488
8543
8553
8566
8530
8572
8599
8629
8740
8727
8711
8679
8767
8807
8856
8919
8958
8977
8990
9095
9202
8803
9320
9368
9450
9591
9717
9751
9288
9877
9984
10051
10143
10265
10305
10377
10551
10608
10614
10646
10738
10833
10919
10961
10988
11078
11158
11188
11312
11366
11396
11467
11604
11708
11767
11887
11946
11984
12133
12288
12362
12398
12473
12568
12744
12883
12958
13024
13091
12702
13374
13492
13603
13677
13767
13866
13959
14095
14187
14333
14395
14490
14624
14738
14904
14986
15055
15133
15267
15419
15572
15666
15708
15814
16028
16125
16187
16274
16372
16450
16604
16740
16832
16954
17068
17162
17269
17297
17414
17540
17732
17761
17805
17845
17965
18087
18061
18139
18211
18381
18450
18519
18585
18700
18837
18917
18574
19246
19314
19312
19396
19061
19727
19822
19868
19875
19961
19914
19767
19729
19917
20169
20446
20635
20755
20879
20543
21185
21312
21440
21507
21517
21513
21545
21559
21568
21610
21706
21753
21830
21921
21948
21977
22022
22049
22087
22135
22206
22225
22240
22225
22141
22080
22034
22043
22133
22272
22339
22414
22471
22444
22534
22564
22643
22645
22624
22719
22700
22629
22662
22660
22706
22706
22713
22799
22740
22746
22830
22833
22843
22893
23001
23080
23072
23133
23219
23217
23227
23270
23379
23389
23395
23448
23500
23532
23576
23559
23667
23721
23688
23772
23898
23990
23998
24013
24129
24177
24225
24280
24345
