-3476
-3521
-3434
-3327
-3371
-3352
-3275
-3155
-3023
-2964
-2966
-2875
-2813
-2754
-2760
-2752
-2718
-2695
-2712
-2686
-2647
-2625
-2583
-2552
-2537
-2497
-2443
-2420
-2460
-2504
-2537
-2542
-2537
-2487
-2466
-2455
-2405
-2430
-2497
-2493
-2417
-2333
-2237
-2195
-2195
-2226
-2268
-2273
-2250
-2252
-2258
-2228
-2218
-2226
-2237
-2247
-2189
-2094
-2041
-2025
-2069
-2075
-2037
-2012
-2010
-2046
-2021
-2008
-1980
-1978
-1959
-1978
-2031
-2086
-2073
-2025
-2021
-2004
-2035
-2044
-2018
-1997
-1989
-2025
-2025
-1981
-1978
-2010
-2058
-2077
-2115
-2142
-2165
-2178
-2210
-2271
-2331
-2376
-2438
-2529
-2558
-2539
-2537
-2554
-2596
-2619
-2651
-2680
-2682
-2707
-2758
-2789
-2815
-2838
-2825
-2781
-2796
-2844
-2833
-2848
-2915
-2930
-2905
-2955
-2978
-3418
-2871
-2838
-2813
-2791
-2764
-2768
-2760
-2691
-2630
-2600
-2588
-2596
-2579
-2514
-2459
-2409
-2384
-2367
-2376
-2378
-2373
-2350
-2340
-2344
-2348
-2344
-2357
-2376
-2365
-2321
-2256
-2210
-2189
-2172
-2163
-2138
-2109
-2058
-2023
-1989
-1962
-1976
-1978
-1978
-1939
-1928
-1882
-1846
-1806
-1760
-1770
-1792
-1796
-1787
-1754
-1701
-1649
-1617
-1583
-1535
-1506
-1480
-1426
-1407
-1382
-1336
-1271
-1245
-1214
-1159
-1107
-1104
-1062
-1004
-918
-833
-773
-710
-649
-626
-579
-523
-464
-428
-415
-407
-401
-428
-426
-434
-434
-397
-382
-386
-396
-415
-443
-460
-474
-466
-470
-510
-588
-600
-560
-527
-520
-514
-504
-544
-571
-563
-537
-974
-455
-478
-495
-516
-544
-550
-552
-514
-499
-516
-531
-520
-470
-439
-411
-373
-375
-411
-462
-476
-441
-426
-432
-436
-420
-439
-428
-420
-447
-462
-455
-439
-422
-441
-443
-445
-464
-523
-592
-628
-667
-672
-672
-668
-674
-678
-691
-712
-756
-777
-735
-674
-674
-678
-735
-777
-789
-789
-800
-810
-810
-794
-831
-905
-955
-1008
-1020
-978
-1008
-1041
-1025
-1012
-1035
-1027
-1020
-1018
-1075
-1098
-1109
-1136
-1151
-1132
-1115
-1128
-1126
-1125
-1142
-1142
-1140
-1130
-1126
-1161
-1176
-1142
-1123
-1144
-1155
-1132
-1098
-1067
-1077
-1075
-1052
-1455
-911
-903
-930
-497
-999
-924
-861
-812
-783
-756
-764
-787
-791
-773
-779
-779
-739
-688
-625
-600
-613
-636
-644
-607
-602
-623
-634
-640
-626
-600
-619
-625
-628
-644
-663
-663
-678
-712
-730
-731
-781
-810
-819
-808
-789
-783
-783
-758
-781
-770
-731
-716
-731
-743
-750
-745
-739
-741
-752
-743
-697
-663
-647
-596
-560
-544
-520
-974
-468
-474
-481
-474
-480
-468
-460
-462
-384
-338
-354
-352
-359
-378
-415
-418
-413
-373
-386
-399
-396
-367
-386
-413
-392
-388
-386
-357
-365
-352
-350
-380
-376
-357
-365
-380
-369
-331
-287
-304
-348
-346
-329
-291
-250
-245
-260
-271
-210
-159
-182
-189
-176
-168
-153
-147
-123
-119
-157
-172
-149
-149
-144
-132
-100
-92
-134
-170
-178
-163
-123
-94
-117
-157
-205
-231
-247
-283
-260
-216
-186
-205
-235
-218
-209
-201
-216
-216
-176
-142
-100
-75
-111
-142
-92
-58
-54
-50
-42
-107
-128
-134
-100
-42
-485
30
36
11
-31
-46
-48
-489
30
38
40
11
19
59
68
87
152
167
150
143
145
198
200
209
238
234
265
297
307
335
375
419
475
494
517
561
583
587
557
549
593
643
688
713
748
772
784
795
814
832
877
929
958
1007
1068
1104
1114
1131
1148
1194
1250
1301
1318
1303
1293
1301
1351
1452
1526
1566
1591
1608
1635
1685
1738
1822
1895
1948
1961
1984
2005
2036
2066
2110
2167
2251
2312
2351
2354
2377
1958
2467
2505
2561
2662
2715
2738
2780
2809
2851
2902
2975
3055
3103
3164
3192
3230
3259
3274
3322
3389
3471
3519
3517
3524
3593
3652
3725
3757
3801
3803
3828
3896
3992
4024
4032
4091
4217
4332
4381
4391
3910
4435
4479
4553
4685
4732
4805
4896
4969
5078
5150
5204
5301
5387
5454
5524
5591
5700
5833
5896
5977
6062
6166
6259
6320
6421
6551
6624
6715
6786
6889
6973
7085
7181
7309
7427
7522
7652
7727
7791
7898
8001
8080
8188
8295
8393
8532
8656
8742
8854
8965
9034
9127
9236
9366
9503
9578
9656
9732
9799
9925
10038
10139
10246
10333
10404
10501
10641
10738
10797
10853
10958
11141
11297
11368
11442
11532
11583
11671
11770
11883
12003
12124
12246
12333
12375
12484
12685
12803
12898
12977
13051
13164
13291
13368
13492
13585
13645
13765
13889
13950
14013
14068
14108
14196
14335
14509
14604
14685
14748
14801
14885
14959
15017
15087
15246
15316
15291
15326
15469
15614
15742
15839
15933
16019
16091
16120
16162
16202
16297
16431
16522
16635
16727
16784
16879
16944
17022
16616
17160
17209
17332
17444
17536
17604
17643
17683
17744
17805
17906
18045
18131
18171
18225
18265
18356
18459
18543
18643
18727
18828
18881
18910
18956
19009
19103
19185
19230
19284
19326
19404
19479
19509
19561
19633
19723
19822
19887
19917
19938
19956
19994
20087
20185
20225
20265
20328
20404
20488
20574
20618
20690
20780
20843
20933
20982
21017
21089
21150
21238
21345
21446
21513
21576
21612
21660
21730
21790
21851
21919
21501
22083
22167
22190
22288
22368
22437
22532
22557
22597
22656
22721
22839
22479
23043
23085
23156
23215
23311
23416
23482
23547
23606
23690
23797
23883
23935
23977
24076
24162
24280
24347
24362
24400
24494
24549
24627
24704
24759
24830
24866
24870
24900
24965
25013
25049
25103
25135
25194
25242
25293
25383
25440
25490
25540
25587
25646
25721
25788
25839
25866
25929
25998
26030
26078
26152
26232
26293
26332
25895
26421
26484
26551
26608
26635
26694
26748
26786
26811
26893
26979
27017
27062
27133
27198
27246
27248
27274
27339
27377
27421
27509
27570
27608
27692
27713
27717
27744
27791
27360
27927
27992
28030
28078
28137
28188
28221
28269
28333
28383
28437
28490
28538
28580
28641
28694
28717
28746
28335
28866
28938
29043
29099
29122
29169
29206
29248
29345
29431
29492
29580
29669
29721
29832
29969
30061
30162
30167
30251
30326
30379
30431
30545
30601
30633
30664
30713
30719
30763
30790
30818
30872
30856
30923
30973
31017
31085
31139
31173
31250
31274
31282
31429
31551
31641
31664
31667
31782
31849
31854
31900
32040
32133
32133
32204
32230
32295
32345
32419
32494
32608
32698
32763
32811
32895
33005
33080
33146
33206
33288
33309
33364
33425
33452
33484
33479
33452
33461
33473
33456
33458
33421
33379
33375
33389
33368
33330
33324
33330
33297
33246
33200
33133
33068
33074
33043
33028
33043
33026
32980
32900
32814
32814
32763
32692
32587
32572
32559
32465
32427
32417
32375
32324
32282
32194
32154
32127
32139
32103
32049
31959
31958
31900
31875
31809
31774
31761
31759
31664
31643
31587
31498
31444
31471
31503
31438
31297
31230
31223
31141
31068
30956
30866
30795
30706
30639
30536
30391
30244
30229
30122
29931
30288
29746
29679
29582
29496
29461
29402
29351
29259
29122
29070
28982
28824
28690
28549
28379
28290
28181
28053
27927
27795
27662
27543
27318
27169
27061
26786
26646
26479
26335
26194
26015
25793
25599
25435
25261
25097
24820
24511
24240
24377
22696
22129
22551
23129
23291
22973
22595
22444
22482
22509
22337
22078
21839
21688
21543
21564
21555
21967
21293
21125
21110
20958
20921
20919
21001
21005
20853
20935
20505
19736
19893
20253
20595
20627
20475
20437
20610
20780
20833
20738
20576
20536
20482
20419
20509
20549
20549
20547
20370
20509
20022
20429
20692
20746
20646
20625
20608
20568
20998
20454
20429
20410
20416
20377
20393
20364
20356
20326
20311
20221
20198
20187
20177
20116
20062
19961
19929
19860
19769
19719
19696
19662
19578
19473
19360
19259
19171
19074
18992
18952
18925
18803
18706
18667
18637
18540
18503
18463
18406
18333
18314
18284
18215
18139
18110
18555
17959
17851
17853
17833
17751
17711
17641
17629
17538
17486
17400
17311
17215
17175
17125
17047
17055
16961
16856
16856
16833
16799
16765
16738
16673
16671
16673
17083
16564
16564
16532
16524
16547
16524
16463
16425
16404
16536
15801
15973
16227
16309
16255
16131
16125
16166
16244
16232
16169
16152
16043
15912
15854
15887
15900
15937
15841
15702
15601
15538
15500
15429
15335
15234
15173
15072
14923
14797
14616
14471
14330
14650
13963
13851
13719
13593
13471
13362
13675
13074
12986
12923
12814
12723
12578
12456
12456
12383
12221
12110
12061
12066
12007
11929
11851
11881
12076
12257
12238
12005
11879
11874
11910
11835
11805
11790
11757
11744
12196
11610
11540
11566
11610
11505
11360
11408
11515
11562
11520
11435
11351
11389
11562
11660
11631
11536
11538
11570
11667
11654
11667
11696
11654
11622
11595
11603
11520
11509
11532
11551
11530
11496
11387
11330
11311
11362
11360
11362
11272
11257
11202
11129
11103
11162
11141
11099
11062
11007
11066
11087
11053
11066
11114
11068
11099
11135
11116
11118
11164
11208
11215
11188
11177
11206
11229
11211
11278
11269
11251
11347
11393
11398
11374
11364
11385
11362
11416
11421
11458
11505
11517
11448
11410
11435
11450
11414
11412
11416
11408
11368
11347
11309
11353
11370
11267
11133
11040
10971
11043
11156
11150
11112
11001
10927
10944
10958
10942
10975
10929
10898
10828
10757
10616
10553
10536
10511
10410
10303
10200
10135
10080
10017
9805
9681
9578
9433
9354
9291
9185
9038
8919
8816
8797
8706
8585
8427
8328
8230
8150
8068
7950
7904
7837
7690
7624
7585
7551
7461
7417
7360
7809
7238
7204
7183
7127
7114
7106
7158
7167
7156
7064
7020
7068
7108
7028
6946
6851
6790
6828
6780
6688
6666
6650
6622
6530
6414
6366
6425
6417
6421
6448
6832
6200
6166
6158
6223
6150
6055
5969
5906
5916
5872
5814
5717
5713
5673
5534
5480
5433
5374
5293
5246
5221
5135
5070
5026
4975
4862
4870
4908
4807
4702
4593
4557
4572
4576
4520
4503
4435
4377
4318
4312
4347
4324
4360
4353
4366
3910
4425
4473
4448
4480
4578
4622
4650
4624
4620
4631
4635
4687
4721
