3780
3864
3875
3931
3898
3937
4061
4066
4124
4204
4312
4406
4435
4444
4526
4557
4543
4534
4549
4492
4555
4564
4545
4509
4410
4408
4368
4324
4238
4272
4166
4078
4093
3977
3963
3954
3959
3958
3856
3667
3530
3534
3643
3778
3816
3625
3437
3633
3982
4085
3841
3631
3568
3587
3578
3534
3456
3299
3118
2979
2805
2608
2461
2341
2135
2076
2017
1940
1797
1604
1944
1402
1314
1229
986
853
778
639
438
362
288
80
-71
-231
-375
-6
-625
-699
-752
-911
-1056
-1270
-1357
-1426
-1558
-1693
-1829
-1989
-2069
-2195
-2334
-2422
-2441
-2483
-2537
-2647
-2726
-2850
-2966
-3031
-3126
-3188
-3365
-3493
-3508
-3520
-3542
-3577
-3628
-3659
-3646
-3712
-3705
-3779
-3865
-3424
-3918
-3899
-3901
-3859
-3812
-3785
-3825
-3766
-3775
-3808
-3752
-3695
-3718
-3584
-3373
-3289
-3243
-3216
-3151
-3063
-3035
-2989
-3418
-2888
-2823
-2760
-2691
-2628
-2514
-2930
-2365
-2289
-2207
-2094
-2027
-1886
-1766
-1640
-1508
-1390
-1262
-1153
-1021
-865
-758
-607
-459
-363
-218
-92
53
183
295
419
536
685
824
963
1139
1337
1501
1662
1797
1952
2177
2343
2498
2654
2860
3000
3173
3335
3519
3704
3875
4059
4227
3933
4591
4805
5017
5187
4898
5580
5713
5402
6038
6221
6408
6627
6788
6912
7104
7230
7396
7536
7692
7351
7977
8141
7843
8517
8708
8833
8956
9085
9196
9324
9534
9641
9721
9845
9946
10095
10194
10293
10419
10541
10685
10746
10812
10940
11053
11171
10757
11326
11398
11511
11583
11624
11238
11822
11914
11984
12089
12166
12185
12246
12356
12440
12547
12215
12774
12839
12891
12944
13076
13164
13234
13320
13374
13419
13524
13723
13788
13818
13891
13948
14005
14124
14219
14286
14339
14374
14425
14509
14589
14171
14711
14782
14881
14988
15074
15097
15137
15154
15188
15209
15278
15368
15438
15532
15631
15643
15664
15723
15791
15870
15914
15944
16015
16089
16154
16190
16202
16229
16297
16349
16419
16490
16530
16536
16583
16658
16727
16780
16814
16896
16927
16965
17013
17032
17041
17066
17097
17124
17154
17181
17204
17227
17259
17299
17356
17414
17414
17410
17406
17423
17486
17501
17509
17541
17570
17622
17687
17698
17698
17702
17723
17765
17809
17877
17906
17914
17961
18003
18019
18007
18009
18064
18129
18171
18187
18187
18223
18286
18326
18345
18370
18431
18482
18522
18582
18660
18679
18681
18700
18742
18763
18809
18828
18837
18906
18954
18942
18975
19041
19053
19076
19103
19145
19160
19181
19217
19248
19280
19312
19322
19328
19360
19427
19505
19513
19526
19574
19625
19669
19732
19778
19812
19854
19916
19975
20019
20062
20116
20146
20213
20269
20299
20320
20354
20391
20492
20629
20666
20671
20688
20723
20805
20898
20965
21036
21104
21139
21146
21190
21215
21259
21351
21440
21507
21551
21570
21624
21688
21776
21862
21917
21929
21935
22009
22097
22208
22261
22280
22330
22364
22396
22410
22433
22488
22538
22589
22643
22709
22778
22822
22881
22914
22479
23007
23040
23080
23120
23190
23204
23196
23234
23257
23280
23322
23391
22971
23515
23547
23597
23694
23765
23795
23824
23883
23963
24022
24074
24139
24206
24261
24326
24393
24412
24421
24435
24498
24583
24637
24660
24715
24763
24820
24872
24937
24977
25020
25101
25162
25238
25332
25349
25360
25381
25458
25530
25624
25656
25687
25740
25793
25864
25935
25984
26055
26120
26185
26244
26301
26354
26435
26461
26509
26622
26698
26772
26818
26847
26383
26925
26973
27043
27099
27139
27164
27211
27278
27335
27360
27414
27498
27593
27625
27721
27843
27908
27929
28005
28064
28145
28183
28221
28293
28375
28427
28490
28549
28599
28698
28757
28807
28877
28929
28992
29118
29208
29288
29377
29421
29486
29564
29671
29730
29776
29832
29883
29971
30055
30135
30208
30274
30349
30433
30479
30540
30608
30660
30727
30809
30914
30979
31030
31040
31082
31154
31219
31253
31347
31440
31467
31492
31520
31555
31635
31729
31793
31843
31845
31881
31950
32040
32104
32129
32141
32179
32265
32303
32286
32314
32395
32450
32488
32498
32519
32561
32572
32601
32646
32688
32700
32723
32759
32774
32795
32843
32875
32904
32908
32917
32973
33043
33095
33120
33158
33135
33110
33110
33164
33213
33227
33229
33253
33288
33322
33339
33341
33347
33368
33417
33440
33480
33500
33511
33479
33465
33452
33471
33490
33541
33572
33604
33595
33543
33522
33509
33532
33534
33547
33601
33622
33604
33597
33574
33568
33568
33522
33492
33456
33417
33421
33446
33446
33440
33465
33467
33404
33307
33267
33278
33274
33286
33257
33223
33164
33148
33122
33122
33154
33194
33181
33148
33137
33066
33022
33019
33003
33024
33040
33017
32937
32885
32868
32885
32868
32853
32853
32830
32803
32786
32765
32759
32767
32755
32715
32685
32660
32635
32633
32599
32568
32538
32496
32450
32442
32444
32450
32461
32435
32395
32374
32375
32383
32381
32366
32364
32370
32364
32339
32320
32311
32312
32282
32261
32263
32729
32213
32179
32171
32183
32215
32190
32196
32208
32179
32129
32095
32066
32059
32038
32041
32043
32022
31965
31935
31906
31870
31854
31851
31851
31843
31824
31843
31830
31786
31742
31730
31725
31696
31685
31669
31664
31706
31732
31688
31643
31593
31553
31559
31578
31582
31566
31562
31553
31564
31553
31551
31572
31562
31519
31477
31456
31431
31437
31421
31419
31383
31358
31341
31291
31190
31167
31204
31232
31227
31187
31152
31112
31095
31106
31116
31059
31000
31005
30998
30977
30984
30961
30935
30933
30935
30879
30877
30860
30874
30843
30786
30767
30763
30757
30736
30690
30631
30597
30576
30547
30513
30536
30538
30492
30429
30383
30370
30366
30356
30351
30314
30259
30211
30150
30116
30101
30083
30051
30022
29973
29942
29931
29902
29885
29881
29856
29803
29746
29708
29690
29673
29606
29557
29498
29500
29501
29528
29486
29402
29356
29314
29263
29209
29183
29167
29131
29072
29009
28956
28923
28919
28849
28812
28750
28709
28677
28679
28677
28620
28561
28507
28452
28374
28335
28293
28236
28200
28160
28133
28095
28032
28026
27988
27944
27912
27866
28328
27742
27667
27652
27614
27574
27503
27467
27423
27337
27282
27263
27240
27202
27146
27074
27040
27015
26944
26874
26830
26770
26740
26704
26631
26606
26561
26463
26402
26396
26360
26297
26238
26164
26089
26011
25933
25851
25837
25814
25786
25732
25654
25572
25500
25429
25387
25322
25240
25160
25093
25066
25053
24984
24893
24875
24874
24803
24727
24685
24635
24585
24541
24492
24435
24383
24324
24282
24219
24208
24196
24146
24101
24091
24076
24053
24001
23950
23959
23938
23895
23856
23874
23898
23874
23870
23877
23870
23862
23824
23774
23793
23782
23746
23730
23730
23740
23746
23778
23814
23830
23830
23851
23870
23847
23822
23874
23904
23887
23898
23916
23929
23959
24043
24139
24183
24213
24204
24183
24185
24196
24232
24307
24372
24417
24404
24402
24416
24459
24494
24549
24545
24549
24557
24587
24583
24580
24589
24580
24568
24555
24561
24566
24538
24515
24517
24536
24551
24555
24458
24395
24372
24324
24276
24230
24190
24110
24057
24408
23841
23753
23648
23597
23534
23475
23410
23324
23253
23217
23158
23131
23030
22992
23003
23427
22856
22923
22898
22919
22868
22866
22893
22862
22835
22845
22858
22908
22946
22927
22959
22973
22923
22935
23013
23118
23127
23152
23177
23250
23297
23311
23356
23337
23347
23322
23312
23347
23404
23406
23320
23360
23320
23242
23198
23204
23198
23114
23104
23106
23038
23009
22961
22925
22896
22795
22732
22696
22629
22557
22956
22461
22387
22261
22145
22070
22020
21954
21820
21740
21633
21524
21500
21396
21312
21238
21146
21022
21000
20925
20900
20791
20748
20719
20654
20648
20612
20574
21000
20442
20417
20414
20351
20368
20322
20263
20276
20219
20240
20227
20187
20141
20154
20091
20061
20020
19980
19877
19776
19751
19692
19631
19551
19461
19339
19269
19104
18992
18891
18782
18650
18459
18290
18110
17969
17807
17694
17555
17375
17196
17049
16931
16700
16471
16320
16599
15908
15687
15463
15347
15164
14893
14715
14438
14229
14041
13767
13547
13375
13227
12992
12755
12587
12364
12152
11988
11797
11618
11425
11181
11019
10807
10591
10458
10263
10091
9895
9696
9559
9438
9763
9093
8912
8795
8667
8505
8326
8169
8076
8013
7938
7790
7660
7526
7456
7398
7326
7267
7211
7139
7097
7057
7017
7007
6921
7322
6793
6755
6708
6702
6635
6696
6576
6515
6585
6667
6641
6604
6536
6541
6570
6549
6547
6583
6568
6593
6624
6618
6622
6673
6692
6698
6742
6685
6759
6801
6769
6805
6835
6887
6839
6895
7020
7062
7019
6980
7011
7055
7095
7171
7158
7160
7190
7215
7206
7112
7135
7177
7124
7164
7131
7124
7143
7082
7076
7099
7047
6914
6845
6839
6805
6759
6727
6662
6515
6479
6437
6377
6311
6213
6108
5994
5923
5881
5826
5675
5555
5454
5387
5284
5137
5013
4940
4830
4729
4648
4496
4398
4322
4188
4101
3979
3807
3652
3620
3469
3316
3204
3135
3076
2948
2780
2641
2505
2917
2282
2103
1980
1889
1729
1620
1488
1267
1078
1013
925
791
675
515
379
229
91
57
-113
-235
-321
-342
-487
-563
-630
-709
-833
-506
-1054
-1092
-1161
-1195
-1233
-1222
-1308
-1357
-1430
-1489
-1592
-1598
-1649
-1634
-1647
-1625
-1619
-1678
-1773
-1771
-1709
-1644
-1668
-1699
-1709
-1661
-1628
-1607
-1583
-1548
-1520
-1497
-1428
-1394
-1359
-1315
-1300
-1250
-1146
-1117
-1123
-1048
-964
-917
-869
-869
-779
-728
-646
-619
-504
-407
-355
-355
-252
-191
-100
-29
22
106
179
290
288
383
448
526
631
709
717
839
891
498
1049
1091
1213
1295
1417
1534
1650
1748
1782
1853
1948
2049
2179
2280
2385
2501
2543
2687
2841
2979
3007
3043
3167
3225
3269
3318
3416
3456
3429
3498
3608
3625
3679
3799
3824
3818
3879
4000
4133
4227
4320
4429
4591
4690
4837
4954
5145
5301
5469
5643
5767
5938
6175
6303
6372
6484
6631
6738
6360
6963
7034
7074
7164
7246
7290
7291
7337
7360
7412
7435
7482
7477
7501
7578
7572
7543
7576
7580
7627
7608
7673
7650
7637
7706
7721
7704
7660
7662
7652
7687
7706
7660
7671
