15360
15343
15257
15297
15278
15251
15059
14799
14755
14889
14908
14711
14753
14868
14944
14864
14832
14748
14641
14635
15139
14589
14614
14553
14465
14408
14339
14309
14274
14082
14114
14057
13952
13814
13679
13555
13471
13295
13286
13253
12996
12797
12746
13187
12549
12337
12190
12141
12034
11744
11498
11473
11395
11717
11103
10965
11217
10645
10507
10305
10118
9843
9629
9568
9406
9156
8980
8851
8734
8541
8324
8162
7980
7753
7574
7404
7196
6994
6793
6629
6463
6358
6301
6240
6125
5982
5826
5715
5624
5534
5431
5358
5274
5173
5074
5064
5043
4963
4853
4824
4790
4662
4574
4511
4520
4553
4585
4574
4543
4515
4541
4534
4486
4458
4496
4488
4498
4519
4562
4646
4666
4738
4803
4862
4860
4870
4965
5034
5068
5041
5106
5187
5236
5274
5351
5393
5437
5480
5511
5580
5662
5742
5816
5835
5854
5908
5969
6009
6074
6112
6137
6177
6213
6259
6320
6377
6389
6463
6540
6599
6654
6732
6795
6826
6862
6881
6891
6921
6977
7009
7064
7093
7124
7145
7179
7229
7242
7261
7242
7278
7314
7337
7333
7309
7374
7458
7515
7551
7553
7515
7490
7484
7488
7515
7541
7564
7614
7656
7673
7708
7742
7744
7761
7769
7761
7774
7761
7751
7763
7811
7824
7822
7782
7751
7708
7721
7740
7730
7694
7641
7624
7612
7551
7507
7500
7507
7503
7507
7456
7387
7276
7232
7206
7164
7129
7093
7053
7036
6994
6944
6887
6845
6820
6782
6704
6597
6538
6482
6444
6419
6387
6341
6265
6194
6158
6118
6089
6041
5952
5874
5784
5725
5700
5700
5593
5505
5427
5431
5860
5276
5230
5200
5137
5055
5019
4973
4896
4818
4748
4702
4667
4599
4515
4467
4427
4383
4337
4278
4236
4181
4120
4082
4066
4055
3998
3946
3854
3763
3702
3654
3614
3599
3576
3507
3423
3368
3316
3291
3253
3173
3135
3087
3059
2990
2937
2875
2824
2814
2755
2687
2624
2555
2522
2490
2458
2416
2377
2360
2284
2206
2148
2160
2141
2114
2082
1996
1895
1820
1782
1791
1788
1730
1624
1494
1427
1438
1438
1444
1406
1366
1314
1250
1167
1143
1101
1028
990
982
956
893
832
803
740
690
662
601
520
475
419
366
354
320
311
295
229
192
185
152
70
26
484
-56
-104
-144
-178
-214
-268
-298
-363
-388
-438
-483
-499
-516
-563
-583
-617
-663
-697
-747
-787
-840
-882
-932
-993
-1063
-1077
-1088
-1142
-1170
-1178
-1168
-1163
-1163
-1184
-1201
-1209
-1237
-1262
-1252
-1254
-1264
-1317
-1340
-1357
-1365
-1357
-1327
-1270
-1241
-1233
-1235
-1241
-1237
-1214
-1212
-1189
-1167
-1172
-1157
-1126
-1062
-1464
-939
-939
-947
-960
-943
-865
-792
-737
-680
-684
-716
-745
-730
-689
-655
-623
-625
-623
-598
-573
-558
-556
-560
-579
-560
-531
-520
-514
-502
-976
-460
-451
-441
-399
-369
-323
-334
-348
-313
-281
-250
-209
-228
-235
-216
-161
-119
-79
-69
-42
13
66
85
114
139
150
158
188
213
230
293
374
433
461
479
484
513
553
614
664
692
738
750
765
761
759
767
820
843
891
938
992
1007
998
1007
1026
1036
1055
1062
1055
1078
1139
1211
1225
1234
1253
1293
1291
1305
1362
1370
1402
1385
1379
1419
1452
1461
977
1536
1555
1568
1576
1601
1652
1669
1692
1767
1786
1795
1835
1837
1839
1887
1914
1969
2043
2076
2066
2057
2074
2110
2154
2177
2162
2110
2101
2143
2240
2291
2311
2387
2417
2427
2416
2442
2463
2505
2520
2515
2520
2492
2517
2559
2572
2601
2587
2604
2627
2629
2660
2692
2692
2723
2770
2841
2864
2826
2824
2849
2872
2877
2860
2862
2893
2893
2919
2938
2946
2952
2977
2982
2963
2942
2931
2950
2979
2967
2952
2958
2986
3009
2998
2994
2982
2935
2919
2937
2938
2923
2944
2954
2940
2916
2940
2938
2442
2935
2896
2879
2872
2875
2875
2906
2910
2908
2896
2885
2900
2929
2910
2885
2875
2900
2925
2931
2919
2912
2929
2935
2942
2956
2975
3022
3022
3049
3072
3080
3072
3110
3192
3217
3227
3211
3219
3276
3312
3345
3349
3347
3326
3341
3391
2935
3482
3528
3578
3625
3667
3711
3759
3807
3835
3875
3933
4000
4040
4082
4146
4200
4236
4250
4301
4368
4374
3912
4448
4490
4520
4534
4570
4627
4671
4667
4704
4721
4780
4820
4826
4799
4799
4814
4805
4812
4402
4933
4917
4908
4942
4969
4954
4952
4977
4986
5013
5072
5114
5152
5187
5200
5204
5213
5261
5269
5255
5250
5251
5326
5387
5385
5358
5337
5333
5333
5364
5393
5431
5454
5408
5368
5339
5370
5354
5297
5280
5265
5259
5232
5181
5154
5139
5127
5078
4988
4925
5366
4824
4765
4708
4667
4587
4515
4456
4877
4349
4301
4211
4122
4087
4072
4034
3994
3938
4389
3856
3763
3683
3633
3553
3490
3423
3312
3230
3202
3139
3055
2959
2860
2780
2744
2679
2606
2511
2912
2351
2274
2204
2141
2106
2043
2435
1839
1742
1614
1477
1408
1305
1236
1202
1158
1101
1051
979
874
807
723
667
610
561
522
477
456
398
351
351
341
328
299
257
208
160
95
89
76
61
83
99
68
22
-2
-20
-29
-29
-18
-10
13
17
-29
-73
-75
-77
-48
-39
-81
-153
-237
-224
-193
-174
-214
-254
-247
-245
-210
-193
-218
-249
-266
-230
-203
-231
-249
-212
-155
-123
-111
-102
-41
47
154
248
307
337
385
406
444
446
484
551
595
620
656
736
784
824
900
982
1061
1103
1145
1200
1280
1318
1366
1383
1412
1458
1572
1683
1765
1790
1818
1879
1940
1979
2015
2104
2194
2318
2419
2479
2551
2618
2702
2812
2908
2944
2990
3053
3183
3356
3477
3561
3601
3671
3765
3841
3419
3931
4022
4127
4269
4349
4421
4471
4519
4643
4713
4797
4896
4994
5120
5200
5295
5389
5459
5540
5631
5698
5761
5816
5853
5895
5977
6053
6146
6232
6326
6461
6595
6654
6727
6818
6893
6990
7040
7074
7166
7261
7316
7391
7458
7536
7641
7765
7874
7948
7988
8062
8156
8246
7824
8433
8597
8711
8805
8881
8954
9041
9135
9221
9345
9414
9446
9473
9496
9583
9717
9816
9906
9994
10022
10049
10089
10167
10209
10244
10291
10370
10482
10566
10576
10593
10650
10730
10811
10862
10929
10979
10996
11024
11127
11185
11206
10753
11272
11293
11328
11385
11406
11360
11322
11337
11400
11419
11414
11402
11406
11444
11475
11488
11513
11500
11488
11477
11431
11438
11480
11522
11505
11463
11456
11479
11505
11532
11534
11509
11490
11490
11498
11500
11513
11562
11616
11595
11557
11557
11583
11629
11681
11683
11648
11646
11614
11591
11572
11572
11620
11645
11606
11601
11627
11648
11700
11671
11568
11610
11238
11799
11809
11736
11690
11248
11904
11990
11870
11908
11958
11937
11927
12005
12080
12137
12148
12167
12221
12200
12219
12286
12379
12450
12431
12345
12450
12522
12545
12606
12652
12221
12784
12799
12816
12885
12946
12992
12986
13057
13127
13232
13229
13675
13221
13360
13501
13520
13541
13666
13708
13679
13778
13971
14145
14230
14242
14330
14410
14368
14530
14774
15005
15101
15135
15158
15322
15501
15145
15816
15641
16248
16286
16398
16139
16835
17020
17196
17364
17471
17608
17837
18066
18301
18083
18791
18898
18574
19269
19379
19492
19694
19933
20129
20353
20595
20774
20528
21227
21459
21687
21843
21509
22269
22530
22729
22862
23061
23284
23520
23706
23849
24026
24227
24416
24555
24740
24908
25053
25221
25389
25593
25750
25872
26011
26131
26307
26425
26536
26685
26751
26944
27061
27183
27280
27374
27484
27576
27687
27765
27832
27935
27990
27996
28078
28171
28232
28253
28305
28374
28412
28438
28452
28465
28519
28585
28583
28646
28648
28654
28669
28683
28706
28677
28681
28740
28738
28717
28738
28790
28811
28847
28786
28786
28872
28898
28853
28917
28961
28963
28977
28973
29026
29053
29135
29162
29112
29146
29206
29257
29305
29307
29347
29360
29469
29494
29520
29549
29637
29646
29708
29826
29833
29843
29908
29967
30043
30061
30103
30154
30175
30261
30305
30320
30339
30377
30341
30423
30534
30601
30591
30622
30637
30702
30757
30791
30839
30879
30904
30973
30998
30952
30958
30984
31074
31062
31059
31080
31104
31202
31204
31122
31124
31208
31242
31213
31139
31164
31221
31208
31217
31166
31198
31177
31204
31173
31194
31225
31181
31133
31124
31179
31164
31152
31125
31118
31053
31040
31055
30971
31003
31051
31026
30982
31003
30868
30801
30820
30818
30820
30736
30698
30683
30677
30677
30570
30530
30501
30438
30423
30374
30769
30229
30156
30129
30135
30103
29990
29881
29851
29801
29755
29719
29608
29564
29482
29414
29333
29242
29211
29135
29045
28967
28854
28700
28618
28561
28417
28374
28211
28049
28036
27944
27795
27589
27551
27534
27431
27828
27150
27026
26937
26854
26708
26551
26458
26396
26337
26206
26083
25923
25832
25702
25526
25356
25187
25171
25024
24887
24757
24589
24520
24360
24187
24032
23866
23784
23677
23494
23316
23208
23051
22862
22704
22551
22458
22320
22198
22036
21954
21872
21696
21562
21456
21377
21255
21160
21076
21011
20929
20845
20727
20721
20702
20677
20719
20608
20435
20379
20395
20366
20427
20433
20446
20452
20429
20465
20501
20530
20583
20700
20759
20753
20793
20872
20519
21083
21196
21198
21261
21309
21368
21435
21446
21480
21517
21538
21629
21643
21612
21580
21568
21593
21549
21979
21480
21398
21311
21259
21213
21095
21049
20940
20870
20799
20679
20591
20570
20427
20326
20303
20278
20217
20187
20166
20122
20041
20513
20041
19963
19961
19971
19963
19891
19893
19908
19908
19958
19935
19958
20000
20055
20040
20059
20513
20047
20127
20173
20284
20316
20309
20393
20458
20419
20391
20484
20572
20541
20492
20032
20568
20557
21005
20480
20440
20335
20347
20351
20238
20166
20053
19998
19912
19818
19709
19625
20017
19408
19284
19162
19083
18959
18858
18782
18625
18534
18442
18314
18187
18093
17958
17902
17833
17702
