5879
5835
5807
5845
5797
5763
5786
5805
5786
5797
5761
5723
5736
5761
5828
5736
5742
5805
5782
5669
5646
5683
5748
5763
5759
5717
5784
5811
5822
5872
5946
5994
6059
6169
6330
6471
6553
6614
6757
6820
6851
6896
6916
7072
7307
7356
7459
7538
7725
7921
7961
8053
8127
8225
8427
8488
8620
8335
8959
9110
9246
9395
9599
9765
9864
9946
10062
10250
10435
10547
10656
10803
10912
11072
11158
10759
11425
11562
11627
11780
11937
12047
12204
12314
12354
12391
12463
12589
12227
12791
12854
12927
12967
13020
13118
12711
13282
13358
13398
13454
13538
13206
13786
13816
13898
13967
14011
14068
14183
14248
14311
14423
14520
14562
14620
14706
14847
14965
15059
15103
15167
15217
15286
15368
15479
15559
15624
15740
15843
15904
15958
16034
16158
16263
16333
16408
16477
16568
16645
16685
16751
16833
16935
17053
17125
17198
17234
17290
17381
17450
17526
17106
17654
17763
17866
17958
18059
18116
18204
18307
18364
18387
18454
18561
18656
18765
18912
19013
19154
19217
19244
19324
19389
19446
19061
19614
19681
19730
19778
19822
19927
19977
20005
20043
20177
20261
20290
20385
20473
20538
20583
20627
20675
20738
20780
20885
20937
20950
20519
21101
21173
21232
21265
21295
21341
21389
21475
21532
21589
21671
21730
21776
21799
21822
21875
21942
22000
22028
22034
22034
22122
22167
22173
22187
22234
22269
22261
22242
22246
22297
22372
22456
22482
22500
22507
22463
22423
22456
22494
22482
22513
22564
22616
22667
22690
22627
22566
22583
22606
22681
22744
22753
22736
22721
22723
22738
22763
22774
22742
22767
22814
22858
22881
22883
22883
22889
22887
22923
22950
22944
22973
22984
22998
23007
23017
23013
23034
23059
23106
23156
23198
23232
23217
23232
23251
23267
23301
23351
23387
23385
23368
23410
23444
23463
23463
23477
23520
23549
23540
23559
23595
23622
23620
23618
23620
23673
23708
23730
23763
23734
23744
23767
23791
23786
23782
23803
23833
23847
23866
23893
23948
23988
23988
24041
24110
24125
24114
24120
24137
24162
24230
24234
24225
24248
24295
24370
24419
24412
24416
24431
24463
24513
24553
24614
24639
24627
24635
24692
24725
24757
24761
24761
24778
24830
24849
24851
24837
24818
24879
24971
25030
25085
25118
25135
25158
25143
25131
25173
25286
25362
25398
25398
25404
25435
25488
25513
25530
25582
25625
25667
25708
25748
25788
25799
25795
25828
25896
25971
25996
26022
26041
26087
26131
26192
26276
26330
26343
26333
26339
26402
26488
26532
26564
26591
26587
26583
26574
26593
26648
26717
26772
26793
26805
26858
26929
26969
26996
27051
27120
27181
27242
27276
27270
27295
27354
27400
27417
27402
27402
27463
27530
27553
27557
27568
27618
27656
27690
27721
27767
27812
27845
27879
27925
27961
27950
27940
27975
28028
28072
28106
28150
28204
28238
28244
28246
28269
28320
28354
28417
28450
28471
28490
28524
28553
28583
28641
28654
28660
28690
28738
28791
28833
28839
28847
28847
28874
28937
28969
28979
28958
28969
29011
29053
29074
29061
28998
28986
29040
29095
29106
29104
29070
29041
29022
29038
29041
29045
29089
29114
29097
29085
29101
29085
29087
29133
29124
29089
29062
29070
29089
29104
29078
29059
29047
29089
29070
29026
29036
29057
29080
29097
29093
29103
29135
29156
29106
29120
29131
29135
29124
29103
29080
29074
29078
29064
29047
29036
29078
29068
29024
29022
29036
29051
29057
29055
29061
29082
29070
29041
29028
29061
29091
29112
29099
29078
29076
29089
29106
29108
29057
29022
29024
29028
29030
29028
29034
29059
29074
29080
29061
29043
28984
28961
28971
28975
28984
28994
28990
28977
28950
28969
28986
29003
29034
29041
28979
28898
28898
28927
28942
28944
28912
28856
28824
28832
28845
28824
28862
28854
28822
28776
28759
28732
28683
28629
28641
28667
28639
28580
28519
28482
28490
28492
28492
28486
28500
28465
28421
28381
28341
28324
28303
28251
28229
28187
28162
28156
28133
28118
28083
28062
28026
27984
27929
27858
27860
27862
27835
27778
27713
27677
27666
27635
27580
27568
27507
27442
27421
27412
27425
27412
27845
27295
27253
27198
27167
27141
27137
27112
27104
27093
27076
27032
26996
26973
26952
26917
26896
26893
26856
26795
26717
26704
26734
26721
26671
26610
26555
26500
26465
26486
26488
26448
26400
26366
26351
26295
26253
26236
26234
26211
26162
26139
26120
26068
26036
26009
25984
25969
25919
25835
25830
25820
25788
25755
25698
25641
25637
25589
25536
25511
25486
25408
25347
25301
25255
25225
25198
25162
25104
25051
25032
25020
25013
24986
24931
24879
24849
24812
24782
24748
24660
24589
24555
24530
24515
24501
24482
24444
24421
24416
24360
24309
24263
24221
24160
24146
24112
24087
24053
24013
24005
23971
23921
23887
23885
23833
23801
23755
23725
23679
23671
23683
23656
23608
23553
23515
23484
23435
23377
23358
23360
23335
23255
23198
23166
23114
23080
23061
23009
23444
22843
22753
22696
22673
22673
22625
22547
22475
22404
22341
22307
22263
22238
22200
22181
22137
22059
22456
21866
21799
21730
21700
21679
21629
21566
21979
21433
21389
21353
21288
21183
21146
21146
21116
21072
20986
20893
20830
20784
20730
20669
20562
20461
20465
20471
20427
20356
20297
20251
20223
20171
20118
20082
20007
19952
19891
19898
19874
19784
19738
19685
19656
19646
19658
19641
19614
20020
19414
19299
19173
19070
18961
18864
18750
18675
18612
19049
18517
18479
18477
18423
18295
18169
18106
18045
17994
17933
17833
17719
17627
17566
17553
17553
17534
17488
17484
17437
17419
17444
17479
17471
17450
17475
17515
17545
17564
17541
17524
17530
17551
17557
17522
17467
17454
17524
17616
17635
17608
17620
17633
17685
17717
17767
17807
17833
17860
17902
17950
17994
18057
18072
18087
18122
18135
18148
18135
18093
18112
18169
18217
18250
18263
18270
18246
18185
18156
18148
18125
18555
18005
17948
17908
17889
17868
17826
17774
17753
17742
17677
17608
17564
17566
17547
17507
17421
17341
17290
17238
17236
17217
17135
17019
16944
16853
16841
16845
16780
16704
17091
16507
16429
16408
16362
16328
16286
16202
16146
16118
16087
16057
16066
16114
16141
16608
16181
16278
16372
16360
16248
16055
15937
15860
15717
15601
15534
15477
15482
15505
15589
15666
15761
15879
16034
16091
16055
15994
15946
15948
15946
15954
15954
15938
15916
15875
15870
15885
15908
15944
15946
15912
15944
16106
16219
16270
16299
16265
16238
16345
16458
16557
16624
16624
16604
16635
16620
16583
16593
16734
16877
17009
17064
17011
16933
16938
17032
17171
17309
17364
17368
17343
17293
17242
17225
17240
17263
17299
17330
17299
17255
17217
17232
17276
17267
17225
17208
17200
17116
17053
17017
16992
17001
17043
17061
17026
16963
16927
16879
16837
16761
16700
16669
16610
16580
16507
16410
16358
16318
16337
16316
16156
16101
16064
15954
15908
15849
15791
15740
15664
15582
15492
15402
15396
15278
15206
15118
15122
15129
15082
15009
14940
14877
14839
14835
14740
14604
14578
14635
15141
14599
14528
14509
14496
14463
14454
14404
14366
14293
14223
14202
14135
14024
13958
13896
13864
13769
13603
13452
13337
13272
13118
13061
12959
12824
12742
12572
12431
12412
12425
12305
12070
11820
11631
11519
11562
11582
11459
11255
11072
10990
10959
11001
10961
10851
10681
10639
10520
10360
10312
10280
10293
10217
10175
10108
9998
9866
9786
9687
9576
9501
9383
9265
9253
9230
9103
9000
8906
8828
8738
8677
8662
8543
8459
8416
8406
8408
8351
8309
8311
8343
8345
8324
8309
8318
8368
8330
8286
8341
8419
8412
8400
8385
8385
8427
8416
8360
8391
8423
8494
8503
8530
8528
8534
8641
8692
8757
8870
8994
9118
9202
8797
9412
9490
9543
9620
9713
9803
9824
9916
10017
10112
10198
9774
10297
10387
10433
10515
10637
10261
10845
10908
10994
11087
11160
11229
11288
11375
11454
11585
11675
11698
11795
11875
11910
11938
11973
11969
11988
12024
11986
11971
12022
12059
12026
12049
12024
12009
12053
12062
12061
12104
12066
12059
12078
12028
11961
11937
11963
11961
11950
11927
11797
11769
11772
11675
11666
11658
11603
11515
11442
11368
11368
11295
11293
11700
11114
11062
11074
11040
10916
10778
10774
10814
10715
10639
10583
10541
10458
10341
10267
10272
10229
10162
10137
10083
9996
9931
9854
9782
9725
9750
9683
9624
9566
9475
9465
9475
9456
9377
9337
9339
9767
9240
9181
9112
9125
9082
8990
8963
8959
8900
8828
9278
8830
8818
8713
8673
8652
8692
8627
8643
8637
8572
8536
8528
8500
8536
8540
8501
8492
8486
8526
8543
8496
8496
8473
8465
8400
8379
8442
8473
8471
8435
8454
8393
8406
8370
8391
8391
8444
8427
8440
8465
8417
8425
8480
8519
8513
8475
8465
8559
8591
8553
8547
8589
8572
8553
8515
8488
8475
8524
8520
8503
8519
8494
8446
8438
8391
8318
8272
7828
8341
8269
8232
8190
8215
8162
8080
8068
8034
7992
7885
7906
7902
7916
7841
7786
7791
7742
7643
7580
7454
7385
7229
7082
6977
7295
6591
6835
6270
6324
6500
6597
6589
6641
6538
6461
6391
6320
6173
6038
5977
5881
5828
5812
5814
5799
5803
5832
5879
5919
5980
6070
6095
6103
6116
6160
6173
6198
6225
6261
6250
6324
6295
6389
6484
6530
6530
6511
6545
6614
6610
6667
6688
6727
6774
6717
6757
6780
6770
6700
6719
6761
6738
6658
6622
6538
6486
6477
6442
6381
6833
6307
6265
6188
6101
6047
6026
5971
5875
5763
5828
5778
5704
5614
5479
5301
5129
5097
5015
4937
4961
5053
5156
5236
5309
5175
5036
5061
5141
5177
5211
5267
5360
5286
5177
5080
5091
5120
5110
5131
5312
5500
5673
5603
5524
6311
6629
6713
5826
5755
5433
5188
5099
5190
5257
5293
5398
5582
5748
5803
5820
5917
5980
5979
5921
5704
5557
5629
5750
5776
5832
5860
5883
5814
5833
6034
6307
6393
6377
6412
6358
6311
6324
6366
6370
6362
6267
5889
6553
6683
6354
7013
7150
7160
7162
7297
7395
7358
7353
7467
7574
7622
7606
7564
7622
7671
7669
7790
7885
7860
7839
7914
7923
8032
8076
8120
8108
8000
8034
8158
8255
8269
8301
8343
8459
8568
8633
8751
8791
8820
8929
9036
9137
9242
9345
9477
9583
9637
9807
10001
10158
