1131
1202
1246
1305
1351
1406
1456
1484
1513
1585
1696
1721
1690
1730
1769
1811
1900
2000
2047
2127
2213
2290
2286
2333
2395
2431
2494
2568
2648
2645
2622
2706
2818
2835
2824
2862
2959
2961
2994
3028
3061
3057
3133
3164
3146
3171
3223
3284
3269
3290
3402
3375
3387
3435
3456
3454
3517
3513
3480
3534
3625
3641
3641
3709
3679
3729
3793
3820
3891
3912
3895
3893
3938
4040
4064
4062
4097
4118
4139
4137
4164
4175
4179
4179
4206
4219
4208
4204
4244
4278
4267
4250
4244
4280
4311
4316
4353
4366
4381
4398
4393
4416
4423
4450
4465
4459
4459
4452
4452
4429
4425
4442
4461
4490
4505
4547
4541
4496
4448
4505
4606
4692
4671
4629
4606
4643
4662
4675
4671
4660
4690
4729
4751
4736
4763
4784
4811
4812
4803
4765
4753
4772
4793
4864
4881
4847
4811
4860
4837
4769
4778
4856
4896
4864
4799
4719
4685
4708
4746
4788
4790
4757
4717
4730
4761
4788
4769
4729
4700
4700
4683
4717
4818
4860
4824
4814
4812
4833
4862
4879
4398
4898
4895
4889
4910
4959
5001
5032
5005
4988
5034
5097
5133
5135
5129
5148
5188
5217
5232
5217
5232
5250
5309
5345
5360
5339
5307
5328
4885
5452
5465
5473
5507
5559
5593
5570
5551
5547
5597
5643
5662
5639
5646
5656
5658
5658
5683
5708
5692
5723
5784
5759
5698
5690
5732
5734
5736
5746
5738
5734
5740
5727
5671
5656
5641
5675
5683
5666
5660
5624
5589
5570
5568
5582
5545
5501
5482
5490
5465
5419
5417
5410
5393
5358
5337
5274
5244
5209
5154
5137
5108
5099
5057
5009
4977
4965
4933
4885
4870
4853
4839
4811
4742
4681
4667
4645
4622
4612
4555
4515
4509
4492
4458
4875
4339
4330
4332
4341
4320
4272
4202
4127
4114
4093
4049
4024
4020
4001
3994
3933
3864
3830
3795
3791
3751
3683
3614
3606
3633
3620
3595
3545
3494
3475
3463
3433
3395
3335
3311
3318
3339
3307
3238
3166
3152
3171
3160
3158
3135
3112
3072
3087
3125
3131
3089
3072
3057
3072
3074
3030
3007
3009
3000
3013
3040
3043
3053
3022
3015
3059
3043
3022
3011
3041
3020
2996
3000
2990
2996
3007
3038
3051
3041
3000
3001
3055
3062
3024
2982
3005
3017
3011
3049
3072
3103
3106
3110
3114
3156
3253
3278
3276
3288
3305
3330
3364
2948
3503
3576
3580
3595
3631
3696
3750
3809
3881
3925
4001
4061
4118
4167
4190
4301
4368
4412
4456
4484
4515
4553
4631
4700
4763
4782
4782
4835
4937
4980
5047
5114
5179
5246
5276
5293
5335
5429
5479
5547
5635
5664
5715
5807
5849
5902
5967
6028
6078
6104
6158
6215
6274
6330
6343
6356
6417
6438
6454
6477
6501
6492
6484
6511
6545
6591
6578
6555
6591
6648
6696
6738
6761
6786
6776
6765
6807
6832
6828
6839
6820
6835
6895
6967
6990
6956
6942
6965
7019
7000
6961
6965
7007
7049
7080
7120
7179
7221
7227
7242
7230
7200
7167
7263
7400
7471
7488
7461
7463
7501
7536
7564
7585
7610
7616
7681
7738
7765
7793
7854
7874
7898
7925
7977
7992
7969
7973
8026
8093
8143
8188
8211
8238
8278
8347
8408
8469
8488
8507
8519
8522
8530
8553
8547
8599
8660
8683
8717
8725
8751
8750
8738
8750
8311
8816
8839
8860
8874
8895
8917
8900
8902
8875
8818
8776
8790
8782
8778
8826
8835
8799
8746
8725
8725
8690
8666
8650
8618
8601
8635
8610
8585
8543
8496
8427
8396
8421
8408
8387
8353
8335
8335
8318
8267
8270
8274
8269
8255
8238
8208
8166
8150
8139
8146
8173
8187
8185
8167
8146
8122
8120
8131
8169
8187
8200
8223
8213
8209
8177
8179
8229
8234
8211
8230
8274
8322
8332
8291
8301
8328
8368
8431
8433
8446
8501
8564
8566
8570
8570
8585
8599
8614
8656
8679
8687
8732
8763
8809
8820
8837
8864
8879
8906
8954
8977
9011
9047
9064
9064
9127
9188
9227
9217
9208
9269
9299
9301
9295
9333
9417
9509
9526
9509
9536
9599
9645
9688
9717
9729
9757
9784
9778
9799
9833
9908
9977
10024
10040
10041
10053
10091
10177
9770
10263
10251
10282
10341
10410
10454
10524
10568
10608
10646
10725
10753
10767
10776
10822
10858
10919
10998
11061
11099
11125
11200
11324
11375
11377
11374
11402
11454
11549
11593
11618
11683
11751
11805
11893
11967
11971
12000
12066
12110
12208
12307
12370
12429
12450
12461
12538
12618
12694
12818
12881
12940
13043
13120
13183
13286
13335
13379
13429
13503
13595
13702
13738
13784
13847
13938
13994
14091
14219
14307
14343
14364
14406
14473
14545
14612
14681
14736
14786
14891
14986
15049
15108
15200
15270
15362
15473
15541
15576
15599
15616
15671
15751
15816
15900
15980
16066
16164
16208
16282
16381
16446
16494
16541
16603
16673
16711
17351
17456
17536
17580
17660
17759
17856
17967
18038
17589
18146
18236
18343
18454
18543
18612
18706
18772
18841
18883
18948
19024
19131
19229
19332
19444
19522
19583
19669
19784
19868
19967
19549
20099
20190
20282
20364
20469
20515
20559
20635
20727
20811
20921
21015
21083
21148
21225
21318
21385
21425
21015
21606
21727
21843
21919
21944
21501
22068
22152
22225
22320
22389
21988
22604
22698
22809
22893
22910
22984
23045
23083
23150
23194
23238
23284
23347
23419
23507
23564
23580
23652
23713
23742
23774
23824
23881
23937
23988
24032
24089
24185
24257
24290
24307
24335
24377
24417
24469
24517
24534
24564
24601
24637
24664
24690
24742
24750
24772
24805
24866
24956
24992
24986
25017
25059
25080
25141
25145
25135
25160
25183
25202
25219
25236
25297
25339
25356
25335
25345
25416
25475
25541
25541
25549
25585
25622
25622
25610
25622
25633
25646
25671
25673
25709
25772
25797
25780
25736
25746
25765
25776
25809
25822
25814
25818
25753
25750
25750
25748
25786
25811
25799
25791
25778
25790
25786
25763
25805
25828
25816
25795
25801
25788
25791
25797
25776
25755
25736
25757
25761
25765
25761
25805
25818
25717
25637
25559
25538
25608
25744
25849
25782
25700
25627
25540
25500
25524
25572
25591
25616
25583
25534
25484
25452
25459
25442
25427
25412
25370
25337
25364
25383
25354
25314
25305
25286
25251
25259
25267
25282
25278
25272
25276
25261
25223
25200
25200
25192
25202
25204
25248
25238
25185
25133
25104
25137
25177
25194
25164
25185
25202
25173
25173
25211
25246
25234
25217
25208
25202
25198
25209
25204
25204
25211
25209
25217
25223
25248
25255
25232
25209
25250
25293
25326
25278
25295
25291
25333
25351
25381
25412
25486
25475
25375
25467
25538
25561
25501
25513
25593
25648
25673
25734
25746
25767
25801
25824
25828
25887
25971
26020
26064
26091
26112
26164
26238
26324
26372
26396
26419
26442
26494
26580
26629
26671
26723
26799
26837
26904
26940
27015
27072
27137
27209
27255
27284
27387
27437
27475
27536
27627
27734
27889
27940
27942
27977
28022
28089
28196
28301
28282
28288
28375
28438
28500
28549
28538
28622
28618
28587
28604
28671
28685
28723
28736
28746
28795
28751
28711
28734
28709
28778
28755
28698
28662
28650
28654
28687
28654
28625
28614
28604
28606
28593
28578
28564
28500
28437
28398
28351
28303
28208
28162
28166
28124
28104
28085
28011
27954
27912
27748
27591
27467
27482
27446
27496
27362
27244
27215
27221
27190
27093
26954
27351
26845
26795
26683
26562
26477
26416
26416
26303
26162
26034
25927
25826
25738
25629
25545
25423
25297
25183
25043
24854
24734
24683
24614
24515
24889
24255
24020
23933
23925
23795
23551
23408
23318
23284
23177
23066
22929
22805
22709
22561
22952
22291
22185
22091
22001
21828
21723
21639
21625
21952
21299
21206
21097
20973
20801
20730
20593
20492
20454
20288
20137
20511
19847
19730
19572
19427
19202
18965
18944
18790
18473
18290
18089
17956
17837
17694
17540
17374
17242
17141
17038
16937
16877
16791
16656
16622
17080
16547
16576
16641
17095
16654
16755
16826
16877
16874
16933
17028
17078
17169
17290
17312
17335
17423
17437
17465
17463
17463
17498
17461
17389
17372
17393
17301
17194
17122
17124
17116
16969
16841
16833
16854
16866
16750
16658
16620
16585
16599
16666
16698
16662
16631
16624
16662
16704
16713
16740
16786
16763
16839
16744
16774
16896
16984
16937
16900
16965
17038
17085
17112
17137
17154
17137
17250
17368
17410
17484
17557
17625
17694
17816
17952
18045
18106
18208
18391
18604
18715
18837
18898
18979
19139
19255
19343
19414
19507
19633
19750
19860
19948
19986
19557
20122
20175
20196
20267
20343
20410
20374
20362
20360
20347
20421
20412
20404
20429
20454
20473
20438
20496
20467
20482
20513
20463
20442
20482
20471
20444
20486
20538
20522
20486
20482
20452
20400
20412
20444
20490
20461
20372
20343
20288
20217
20208
20154
20101
20041
19984
19946
19853
19782
19793
19713
19675
19637
19595
19570
19572
19528
19519
19520
19484
19475
19463
19467
19448
19412
19332
19351
19438
19299
19246
19217
19209
19167
19133
19070
19009
18977
18847
18776
18753
18681
19049
18465
18450
18354
18278
18187
18095
17948
17866
17814
17690
17576
17543
17385
17246
17219
17108
16956
16866
16694
16559
16480
16337
16185
16028
15870
15826
15677
15496
15402
15213
15007
14893
14778
15114
14444
14270
14097
13959
13721
13555
13393
13250
13101
12843
12654
12501
12345
12688
12024
11807
11658
11519
11387
11196
11103
11020
10902
10862
10750
10589
10572
10519
10492
10387
10312
10291
10234
10185
10160
10171
10167
10112
10124
10158
10078
10089
10171
10143
10085
10112
10150
10145
10124
10135
10204
10272
10339
10341
10368
10362
10463
10520
10582
10612
10706
10746
10770
10805
10885
10959
11028
11101
11129
11192
11219
11276
11349
11383
11427
11484
11541
11576
11612
11688
11696
11723
11744
11767
11843
11843
11843
11849
11862
11814
11807
11862
11883
11881
11820
11811
11797
11757
11812
11845
11816
11746
11709
11717
11671
11654
11654
11616
11582
11564
11477
11435
11360
11366
11379
11311
11721
11169
11066
11017
10959
10858
10824
10791
10694
10635
10627
10541
10400
10332
10293
10209
10145
10112
10051
9937
9790
9687
9675
9568
9505
9433
9393
9763
9120
9038
8933
