27332
27265
27171
27137
27135
27043
27038
27074
27072
27003
26927
26914
26923
27354
26795
26797
26755
26709
26742
26750
26664
26589
26549
26490
26435
26866
26345
26284
26204
26101
26036
26013
25971
25866
25784
25629
25624
25589
25520
25450
25293
25185
25187
25045
25402
24818
24721
24603
24500
24910
24278
24171
24146
24072
23967
23856
23824
23708
23536
23362
23353
23391
23404
23213
23398
22578
22391
22345
22263
22133
22446
21828
21673
21576
21967
21301
21076
20948
21103
21303
21452
21356
21227
21034
20916
20791
20704
20610
20543
20471
20398
20356
20318
20248
20167
20078
20013
19931
19843
19780
19717
19654
19587
19538
19522
19452
19347
19280
19230
19164
19146
19148
19148
19089
19017
18967
18925
18923
18921
18904
18877
18830
18818
18835
18891
18961
18927
18910
18958
19003
19007
18971
18979
19024
19036
19076
19106
19152
19167
19198
19230
19251
19246
19255
19282
19309
19337
19324
19335
19370
19421
19456
19442
19435
19463
19517
19528
19488
19452
19431
19429
19454
19482
19500
19061
19591
19637
19656
19669
19688
19656
19624
19582
19515
19458
19383
19284
19230
19242
19364
19473
19066
19627
19666
19694
19757
19809
19816
19769
19667
19589
19513
19465
19427
19406
19372
19332
19284
19188
19089
18992
18963
18950
18914
18847
18759
18625
18524
18509
18482
18395
18345
18305
18221
18146
18093
18055
18000
17921
17837
17807
17772
17717
17625
17507
17435
17417
17442
17433
17402
17364
17314
17251
17250
17307
17324
17341
17330
17333
17360
17354
17345
17387
17442
17498
17545
17551
17566
17553
17564
17624
17694
17757
17816
17868
17885
17872
17849
17927
18030
18103
18146
18125
18145
18190
18240
18293
18343
18387
18364
18356
18360
18383
18385
18383
18408
18414
18458
18471
18486
18488
18513
18562
18538
18524
18524
18559
18618
18633
19043
18534
18534
18513
18479
18475
18477
18484
18471
18450
18452
18477
18473
18446
18416
18398
18389
18387
18343
18288
18221
18194
18177
18175
18190
18162
18061
17982
17977
17946
17917
17908
17933
17896
17833
17793
17750
17706
17694
17702
17709
17662
17606
17595
17583
17553
17538
17505
17477
17465
17442
17414
17412
17366
17332
17320
17286
17240
17227
17209
17196
17173
17125
17095
17072
17001
16952
16910
16896
16887
16845
16769
16732
16698
16625
16551
16505
16448
16404
16343
16221
16091
16051
16011
15944
15864
15891
15853
15738
15643
15547
15498
15505
15494
15475
15419
15330
15238
15162
15116
15043
14958
14919
14927
14921
14875
14757
14669
14667
14604
14528
14469
14408
14341
14330
14324
14259
14181
14099
14047
13982
13921
13862
13816
13805
13753
13688
13624
13509
13396
13328
13318
13284
13202
13125
13064
12984
12938
12902
12837
12742
12688
12591
12519
12475
12435
12326
12232
12171
12072
11986
11898
11832
11767
12204
11620
11498
11374
11295
11721
11146
11093
11062
10982
10904
10837
10700
10545
10421
10307
10198
10118
10049
10005
9937
9788
9656
9570
9475
9364
9769
9179
9101
8994
8805
8677
8595
8490
8391
8282
8187
8085
8020
7912
7828
7782
7669
7568
7456
7356
7286
7265
7204
7139
7032
6938
6862
6784
6702
6622
6578
6557
6547
6509
6467
6400
6358
6343
6341
6297
6240
6143
6051
6040
6009
5998
5979
5927
5885
6347
5826
5822
5801
5769
5723
5675
5654
5616
5507
5461
5435
5429
5438
5450
5454
5423
5849
5251
5211
5175
5169
5175
5179
5137
5104
5041
4990
4942
4908
4931
4931
4919
4914
4870
4830
4807
4828
4812
4757
4721
4717
4721
4715
4709
4673
4627
4631
4610
4604
4616
4591
4536
4505
4511
4545
4543
4522
4545
4549
4557
4557
4574
4574
4536
4469
4454
4471
4488
4517
4503
4480
4479
4463
4473
4496
4541
4580
4603
4595
4576
4589
4625
4696
4729
4753
4807
4818
4795
4814
4799
4809
4860
4904
4938
4954
4952
4986
5034
5064
5076
5141
5171
5240
5244
5187
5202
5238
5291
5335
5339
5337
4889
5385
5395
5417
5465
5519
5551
5604
5614
5627
5671
5715
5723
5744
5778
5826
5835
5872
5921
5973
6041
6072
6095
6076
6112
6148
6160
6133
6122
6143
6166
6200
6225
6244
6236
6221
6185
6181
6217
6267
6278
6295
6259
6238
6244
6257
6257
6232
6215
6200
6154
6124
6135
6152
6154
6185
6154
6152
6156
6146
6139
6112
6082
6070
6097
6133
6083
6053
6026
6009
6036
6032
6019
5977
5921
5889
5898
5923
5942
5929
5883
5887
6345
5830
5814
5822
5795
5753
5736
5730
5723
5713
5709
5685
5645
5633
5610
5580
5568
5562
5551
5503
5438
5389
5427
5480
5492
5459
5379
5299
5257
5198
5190
5188
5171
5173
5154
5116
5047
5015
4967
4895
4864
4837
4797
4738
4608
4520
4492
4488
4438
4425
4442
4501
4551
4591
4597
4582
4519
4492
4461
4438
4440
4881
4379
4339
4291
4248
4211
4223
4272
4263
4213
4169
4152
4175
4173
4175
4112
4041
4019
3994
3996
4024
4047
4045
4013
3980
3979
3956
3925
4395
3895
3875
3845
3820
3797
3778
3772
3778
3770
3772
3723
3690
3646
3629
3641
3646
3639
3645
3654
3648
3662
3643
3635
3593
3536
3498
3492
3479
3448
3400
3406
3406
3381
3412
3412
3425
3442
3452
3456
3435
3402
3370
3345
3322
3370
3381
3333
3280
3255
3251
3236
3240
3217
3171
3158
3162
3118
3104
3104
3093
3059
3026
3068
3082
3019
2980
2956
2919
2896
2908
2895
2864
2853
2868
2898
2885
2849
2811
2809
2814
2826
2811
2828
2820
2795
2795
2791
2784
2761
2751
2715
2692
2694
2675
2671
2683
2685
2643
2610
2643
2650
2646
2620
2574
2562
2566
2578
2593
2599
2574
2551
2561
2536
2501
2503
2507
2498
2473
2479
2477
2454
2442
2437
2454
2419
2383
2389
2400
2404
2377
2398
2412
2417
2404
2353
2379
2423
2438
2440
2429
2438
2446
2458
2509
2553
2522
2461
2490
2549
2597
2622
2648
2675
2721
2744
2776
2767
2751
2751
2814
2870
2910
2898
2902
2952
3020
3085
3108
3120
3122
3120
3167
3209
3238
3303
3364
3400
3427
3517
3574
3585
3587
3635
3702
3772
3809
3822
3868
3950
4026
4038
4064
4106
4175
4211
4227
4261
4303
4320
4341
3910
4440
4559
4614
4641
4688
4730
4732
4744
4757
4803
4837
4832
4866
4950
5013
5026
5076
5137
5177
5202
5166
5129
5143
5175
5208
5257
5333
5372
5404
5402
5417
5456
5484
5500
5511
5522
5543
5570
5631
5671
5673
5688
5706
5721
5730
5759
5811
5833
5843
5377
5895
5883
5849
5843
5837
5883
5893
5933
5990
6061
6099
6112
6124
6143
6183
6236
6276
6301
5870
6419
6465
6564
6616
6660
6677
6694
6746
6832
6870
6984
7078
7070
7129
7206
6866
7446
7452
7559
7604
7721
7811
7858
7908
7914
7998
8062
8116
8192
8265
8291
8335
8402
8454
8458
8454
8500
8513
8530
8545
8616
8669
8648
8746
8812
8862
8925
8992
9129
9232
8803
9375
9435
9477
9534
9582
9654
9625
9570
9540
9582
9583
9553
9450
9368
9314
9187
9019
8906
9272
8591
8530
8404
8784
8162
8000
7841
7751
7597
7437
7339
7248
7148
7003
6847
6772
6631
6494
6351
6208
6143
6040
5916
5862
5719
5675
5643
5501
5437
5404
5297
5259
5250
5238
5219
5154
5091
5062
5041
5061
5049
5024
5064
5038
5015
5049
5066
5085
5095
5078
5148
5104
5043
5095
5104
5127
5223
5225
5246
5276
5326
5372
5446
5461
5494
5610
5666
5732
5790
5853
5937
6015
6070
6204
6316
6385
6469
6534
6666
6736
6790
6885
7043
7125
7187
7253
7393
7496
7520
7641
7328
7940
8043
8139
8280
8450
8458
8532
8700
8914
8990
9043
9162
9305
9463
9484
9555
9717
9879
9948
10020
10169
10227
10322
10496
10633
10708
10839
11003
11129
11272
11389
11578
11723
12000
12099
12198
12341
12570
12790
12948
12709
13374
13566
13761
13963
14227
14448
14570
14790
14942
14692
15366
15587
15791
15885
16089
16280
16398
16135
16874
17068
17215
17326
17438
17660
17828
18009
18158
18343
18515
18656
18776
18877
19125
19251
19366
19500
19646
19791
19868
20011
20194
20362
20479
20652
20854
21051
21185
21288
21425
21583
21767
21952
22110
22251
22414
22603
22713
22818
22908
23124
23303
23402
23500
23593
23790
23910
24007
24122
24291
24379
24456
24564
24709
24770
24877
24996
25078
25173
25282
25366
25477
25604
25625
25698
25853
26068
26145
26036
26020
26156
26299
26377
26396
26501
26618
26671
26683
26795
26404
27001
27104
27127
27103
27188
27276
27314
27316
27438
27484
27557
27667
27759
27746
27751
27784
27814
27885
27929
27959
27950
27988
28009
28024
28030
28020
28001
27986
28013
27933
27917
27973
28036
28057
28034
28009
28011
27977
27988
28001
28068
27992
27963
27984
27994
27982
27988
27986
28001
27933
27870
27837
27893
27839
27786
27790
27828
27847
27791
27725
27687
27702
27734
27704
27770
27708
27603
27614
27622
27652
27656
27629
27536
27492
27465
27509
27480
27845
27333
27341
27253
27179
27127
27108
27078
27028
26900
26898
26896
26879
26868
26822
26730
26671
26666
26606
26576
26585
26650
26610
26606
26648
26576
26555
26501
26501
26520
26486
26448
26494
26492
26419
26351
26400
26431
26469
26562
26599
26599
26629
26692
26727
26793
26856
26877
26885
26942
26950
27030
27095
27183
27194
27225
27309
27305
27322
27379
27841
27349
27395
27372
27354
27368
26872
27423
27437
27385
27341
27295
27328
27316
27316
27356
27366
27406
27387
27395
27404
27421
27473
27505
27540
27559
27603
27658
27667
27704
27778
27769
27748
27801
27843
27898
27931
27952
27938
27948
28032
28005
28000
28026
28106
28080
27986
28036
28089
28129
28146
28185
28169
28177
28150
28169
28171
28101
28093
28122
28127
28072
28087
28101
28101
28068
28040
28022
27990
27961
27979
28015
27961
27950
27998
28001
27975
27952
27879
27835
27820
27799
27776
27759
27683
27633
27599
27574
27578
27545
27515
27446
27370
27276
27284
27236
27253
27192
27101
27053
27034
26965
26893
26853
26814
26736
26681
26606
26545
26549
26503
26385
26364
26314
26248
26211
26206
26122
26072
26066
26026
25982
25902
25824
25721
25690
25666
25587
25494
25429
25345
25263
25215
