22994
22954
22986
23045
23055
23017
23448
22969
22963
22944
22944
22477
22971
22956
23011
23028
22994
22979
22994
22954
22473
22990
23038
22944
22929
23001
22975
22950
22935
23007
23000
22996
23013
22984
22973
23448
22923
22958
22988
23440
22900
22944
22935
22914
22910
22929
22977
23444
22961
22935
22908
22929
22877
22889
22818
22812
22790
22772
22715
22616
22624
22561
22473
22456
22498
22372
22259
22238
22246
22221
22139
22070
22022
21990
22003
21898
21824
21790
21791
21753
21652
21603
21526
21570
21538
21387
21318
21250
21181
21135
21047
20937
20967
20858
20803
20713
20645
20604
20570
20532
20402
20356
20307
20290
20270
20166
20116
20082
20513
19965
19979
19954
19868
19841
19774
19704
19627
19547
19494
19479
19442
19368
19299
19286
19282
19246
19208
19164
19112
19095
19097
19085
19055
18979
18925
18950
18946
18908
18906
18885
18853
18822
18822
18837
18866
18854
18816
18784
18790
18790
18805
18839
18858
18851
18826
18797
18822
18858
18854
18835
18845
18883
18906
18908
18908
18942
18952
18931
18937
18971
19003
18998
18971
18977
19017
19032
18566
19057
19076
19104
19118
19095
19057
19034
19087
19143
19206
19240
19234
19290
19330
19324
19311
19343
19404
19458
19536
19547
19568
19572
19570
19576
19641
19675
19725
19778
19845
19875
19881
19898
19946
19929
19923
19933
19965
19990
20028
20082
20074
20517
20015
20040
20049
20032
20047
20078
20085
20066
20068
20076
20066
19988
19927
19965
20074
20112
20097
20049
20040
20032
20015
19980
19971
20015
20038
20043
20036
20009
20041
20059
20068
20061
20022
20019
20057
20053
20074
20049
20515
19541
20059
20116
20125
20110
20101
20089
20103
20137
20166
20185
20183
20179
20188
20211
20248
20209
20244
20318
20335
20288
20259
20253
20288
20341
20375
20375
20354
20341
20362
20410
20450
20463
20480
20459
20433
20410
20438
20461
20448
20473
20036
20572
20595
20625
20675
20702
20673
20625
20597
20624
20654
20654
20629
20639
20625
20612
20587
20553
20538
20540
20541
20498
20438
20419
20393
20366
20362
20349
20324
20278
20219
20124
20083
20143
20175
20110
20517
19961
19917
19900
19877
19814
19742
19679
19614
19570
19477
19427
19385
19318
19291
19267
19242
19185
19112
19055
18982
18896
18847
18828
18814
18763
18717
18648
18583
18555
18511
18438
18404
18339
18293
18261
18213
18158
18106
18043
17980
17963
17942
17854
17797
17740
17675
17599
17559
17540
17511
17459
17393
17324
17267
17234
17173
17116
17022
16956
16925
16896
16851
16797
16723
16648
16616
16553
16475
16416
16354
16320
16326
16286
16196
16078
16011
16009
15992
15906
15822
15729
15669
15620
15625
15591
15522
15486
15482
15417
15337
15282
15223
15162
15108
15066
15001
14944
14895
14835
14793
14715
15137
14618
14553
14498
14438
14372
14326
14261
14177
14143
14137
14089
14007
13906
13816
13786
13736
13648
13589
13543
13477
13410
13349
13269
13211
13129
13072
13049
13013
12952
12881
12835
12791
12738
12648
12583
12549
12475
12429
12375
12288
12263
12234
12177
12118
11992
11912
11875
11868
11812
11730
11656
11622
11583
11547
11509
11435
11368
11347
11280
11246
11215
11125
11080
11017
10927
10874
10803
10696
10595
10545
10496
10444
10393
10269
10185
10160
10129
10053
9973
9845
9759
9685
9620
9582
9526
9459
9400
9364
9763
9175
9110
9064
9043
8969
8900
8872
8847
8805
8732
8645
8574
8576
8585
8538
8503
8488
8456
8435
8414
8395
8370
8339
8312
8290
8272
8261
8270
8288
8282
8280
8278
8293
8297
8309
8326
8791
8297
8293
7816
8337
8393
8414
8393
8379
8383
8387
8406
8440
8496
8501
8511
8524
8534
8498
8480
8498
8536
8562
8583
8599
8625
8664
8711
8723
8723
8776
8816
8832
8809
8807
8837
8908
8965
8954
8959
9007
9051
9091
9087
9106
9112
9141
9164
9221
9250
9246
9257
9312
9356
9416
9427
9433
9469
9477
9522
9538
9517
9532
9562
9603
9637
9683
9723
9757
9719
9746
9784
9799
9826
9868
9885
9902
9916
9929
9927
9952
9952
9958
9946
9950
9952
9958
9977
9998
10005
9979
9965
9969
9986
10026
10005
9988
9950
9959
9971
9948
9946
9973
9963
9935
9910
9900
9917
9908
9896
9864
9830
9820
9847
9868
9849
9795
9721
9711
9740
9740
9709
9687
9654
9631
9589
9572
9587
9572
9559
9562
9526
9519
9500
9454
9417
9383
9358
9377
9381
9312
9765
9234
9211
9219
9227
9196
9175
9145
9076
9003
8927
8929
8938
8910
8889
8849
8807
8757
8746
8711
8654
8606
8580
8534
8501
8437
8410
8416
8402
8347
8328
8305
8250
8190
8158
8137
8124
8103
8097
8059
8007
7992
7975
7954
7904
8303
7721
7681
7658
7667
7667
7637
7566
7534
7507
7440
7393
7383
7347
7311
7293
7255
7234
7198
7173
7133
7053
6982
6937
6900
6887
6866
7324
6799
6746
6685
6631
6576
6498
6473
6456
6448
6435
6414
6354
6290
6229
6173
6139
6129
6131
6074
6043
6028
6017
5992
5919
6347
5824
5837
5843
5826
5791
5746
5694
5683
5708
5667
5593
5585
5557
5515
5507
5505
5477
5435
5389
5377
5379
5364
5311
5257
5250
5248
5253
5248
5213
5167
5190
5213
5200
5185
5158
5164
5129
5135
5112
5093
5114
5139
5141
5143
5129
5108
5076
5083
5103
5129
5133
5143
5171
5173
5206
5215
5223
5234
5240
5272
5272
5248
5288
5282
5297
5309
5328
5360
4885
5360
5364
5370
5408
5379
5339
5360
5404
5417
5431
5452
5463
5532
5559
5534
5528
5553
5603
5643
5667
5675
5717
5729
5772
5797
5795
5801
5851
5895
5956
6041
6087
6099
6120
6146
6160
6221
6286
6301
6322
6314
5862
6446
6530
6543
6566
6612
6641
6656
6666
6698
6715
6763
6791
6812
6851
6883
6944
7007
6986
6988
7024
7070
7091
7131
7131
7116
7120
7141
7169
7206
7255
7282
7293
7270
7259
7293
7326
7389
7393
7398
7427
7503
7522
7545
7580
7618
7624
7606
7583
7557
7601
7625
7645
7637
7648
7681
7709
7740
7711
7721
7746
7772
7769
7750
7734
7753
7803
7843
7875
7860
7879
7893
7916
7908
7935
7967
7979
7954
7963
8015
8011
7973
8001
8013
8001
8020
8007
8026
8045
8051
8057
8062
8066
8038
8015
8013
8026
8066
8068
8049
8013
7992
8011
8011
8013
8034
8040
8057
8049
7994
7954
7946
7992
8017
8001
8001
8001
7992
7929
7874
7856
7891
7921
7946
7948
7925
7912
7900
7874
7822
7788
7797
7328
8301
7801
7801
7788
7793
7826
7803
7761
7736
7723
7723
7702
7709
7713
7677
7645
7608
7553
7536
7522
7488
7465
7456
7463
7459
7440
7425
7412
7391
7366
7356
7347
7812
7322
7326
7330
7314
7324
7311
7253
7206
7213
7221
7225
7251
7240
7223
7198
7169
7166
7143
7135
7097
7051
7045
7192
7288
7213
7131
7051
6975
6952
7000
7034
6982
6870
6784
6797
6776
6732
6702
6679
6622
6561
6543
6599
6564
6488
6528
6583
6583
6599
6587
6551
6566
6536
6622
6685
6700
6637
6624
6736
6761
6753
6353
6872
6866
6921
6988
6986
7038
7061
7089
7166
7219
7280
7330
7307
7389
7528
7532
7509
7557
7614
7654
7675
7612
7635
7778
7812
7841
7872
7849
7868
7948
8078
8080
8083
8083
8139
8185
8229
8242
8295
8353
8408
8450
8446
8536
8582
8610
8687
8309
8877
8944
8927
9015
9137
9215
9263
9307
9410
9490
9570
9656
9761
9860
9967
10085
10215
10345
10501
10616
10742
10854
10950
11118
11272
11461
11524
11517
11585
11652
11669
11683
11700
11698
11679
11654
11646
11709
11681
11595
11608
11610
11582
11601
11629
11666
11711
11782
11828
11904
11986
12020
12072
12131
12164
12227
12244
12261
12223
12219
12175
12091
12024
11940
11847
11780
11658
11513
11467
11345
11238
11110
10994
10879
10769
10673
10480
10366
10330
10192
10135
10011
9874
9782
9694
9543
9396
9368
9223
9093
8963
8812
8645
8477
8351
8192
8000
8280
7669
7507
7803
7171
7062
6853
6629
6528
6377
6185
6045
5965
5921
5770
5652
5547
5463
5333
5148
5022
4929
4801
4646
4551
4494
4440
4322
4188
4143
4059
3979
3883
3814
3740
3641
3551
3498
3421
3316
3257
3198
3238
3181
3068
3032
2992
2944
2935
2948
2954
2965
2908
2946
2961
2940
2969
3038
3066
3120
3108
3171
3238
3263
3351
3349
3400
3429
3578
3656
3692
3744
3837
3967
4114
4154
4255
4419
4540
4576
4696
4835
5013
5120
5194
5343
5484
5574
5753
5879
5994
6133
6223
6320
6475
6624
6755
6883
6950
7049
7251
7412
7469
7624
7736
7828
7896
7977
8066
8124
8206
8255
8372
8461
8576
8652
8725
8307
8820
8937
9041
9152
9206
8801
9410
9500
9574
9633
9704
9755
9757
9853
9919
9938
9971
9971
10011
10076
10055
10068
9971
9973
10009
9975
9919
9898
9908
9782
9763
9736
9757
9635
9547
9530
9505
9356
9278
9280
9211
9101
9070
8996
8923
8847
8730
8658
8572
8479
8492
8389
8353
8234
8179
8080
8043
7938
7961
7938
7830
7751
7736
7690
7627
7673
7635
7616
7576
7570
7543
7503
7500
7564
7570
7541
7503
7561
7559
7547
7528
7583
7627
7679
7744
7729
7780
7759
7333
7891
7996
8034
8011
8091
8171
8160
8192
7818
8427
8459
8543
8635
8723
8769
8849
8885
8956
9061
9158
9204
9250
9362
9477
9522
9660
9753
9769
9895
10041
10164
10229
10372
10513
10616
10637
10280
10917
11045
11103
11217
11364
11484
11616
11246
11801
11854
12030
12152
12274
12337
12471
12572
12667
12759
12860
12971
13148
13230
13351
13461
13587
13780
13881
14017
14162
14293
14398
14541
14208
14778
14849
15064
15311
15414
15494
15150
15812
15969
16108
16236
16463
16631
16704
16851
17020
16622
17219
17408
17582
17662
17805
17965
18093
18257
18362
18480
18589
18685
18881
18568
19143
19265
19410
19072
19608
19732
19868
19973
20141
20217
20301
20416
20568
20614
20742
20862
20956
21038
21145
21238
21383
21486
21568
21612
21675
21845
21975
22026
22166
22265
22356
22437
22498
22639
22706
22843
22496
23112
23227
23341
23463
23526
23677
23770
23814
23923
24055
24164
24263
24354
