3284
3337
3364
3333
3381
3482
3509
3570
3595
3629
3696
3721
3759
3702
3761
3856
3874
3916
3902
3904
3950
3977
3982
3965
3967
4391
3828
3845
3843
3849
3814
3770
3738
3711
3687
3671
3671
3583
3526
3498
3374
3343
3324
3248
3240
3255
3177
3057
3001
2944
2883
2824
2748
2692
2645
2593
2559
2919
2353
2330
2301
2209
2208
2181
2049
1944
1921
1885
1723
1633
1606
1551
1480
1396
1364
1303
1167
1080
1032
1026
921
826
776
698
694
660
564
500
417
364
404
356
316
307
257
250
200
59
80
17
11
53
-23
-29
-117
-193
-119
-144
-165
-146
-117
-111
-157
-113
-33
-12
57
169
297
383
433
519
555
564
604
725
811
893
942
1015
1068
1148
1219
1242
1295
1356
1402
1448
1524
1572
1580
1618
1717
1793
1853
1923
1944
1967
2028
2118
2177
2261
2328
2377
2429
2490
2541
2593
2618
2681
2755
2839
2881
2925
2973
3034
3087
3150
3219
3282
3351
3412
3461
3545
3610
3685
3753
3807
3835
3866
3917
3990
4087
4194
4255
4335
4410
4452
4463
4479
4534
4597
4664
4709
4782
4872
4923
4975
5013
5118
5194
5234
5257
5314
5360
5419
5513
5526
5520
5559
5629
5708
5799
5847
5845
5839
5891
5971
6080
6124
6173
6208
6236
6272
6276
6309
6349
6379
6452
6490
6522
6591
6646
6675
6687
6736
6761
6812
6874
6929
6959
6952
6921
6946
6979
7000
7005
7057
7108
7125
7158
7200
7225
7213
7202
7234
7276
7278
7290
7320
7322
7370
7398
7391
7393
7374
7368
7372
7389
7400
7395
7356
7318
7320
7339
7335
7814
7316
7341
7332
7311
7309
7318
7328
7328
7311
7291
7265
7229
7194
7208
7242
7259
7246
7253
7227
7204
7206
7244
7267
7255
7181
7171
7188
7209
7261
7295
7282
7286
7297
7312
7330
7316
7314
7337
7377
7396
7393
7349
7345
7347
7339
7360
7372
7379
7379
7391
7395
7366
7379
7383
7421
7475
7467
7456
7414
7368
7389
7400
7414
7433
7488
7492
7492
7505
7492
7505
7543
7557
7566
7566
7534
7595
7652
7669
7660
7664
7687
7700
7746
7797
7832
7788
7784
7332
7875
7910
7929
7967
7959
7980
8051
8059
8074
8083
8089
8091
8101
8131
8213
8295
8301
8272
8278
8288
8341
8429
8479
8488
8482
8509
8524
8538
8580
8606
8612
8599
8616
8673
8725
8778
8776
8767
8736
8736
8309
8900
8917
8938
8952
8950
8933
8935
8967
8994
9009
9013
9068
9097
9068
9030
9040
9076
9106
9097
9089
9097
9087
9057
9104
9167
9225
9250
9221
9206
9227
9250
9270
9295
9324
9318
9330
9349
9379
9412
9452
9507
9545
9580
9580
9582
9564
9572
9604
9654
9658
9662
9671
9706
9738
9767
9805
9881
9885
9904
9919
9946
9952
9933
9961
9992
10009
10070
10103
10160
10177
10183
10187
10194
10219
10282
10335
10351
10328
10320
10337
10379
10404
10456
10461
10471
10480
10496
10494
10465
10480
10520
10566
10589
10629
10666
10690
10723
10767
10820
10833
10864
10902
10950
10984
11011
11070
11143
11213
11263
11295
11332
11372
11456
11519
11582
11633
11664
11706
11767
11828
11912
12019
12072
12049
12041
12045
12118
12192
12261
12288
12351
12431
12484
12599
12658
12683
12725
12761
12809
12841
12830
12853
12898
12958
13026
13093
13139
13198
13263
13297
13337
13360
13387
13471
13555
13616
13713
13799
13839
13883
13965
14040
14133
14246
14311
14339
14358
14395
14486
14593
14179
14774
14849
14916
14980
15062
15162
15253
15316
15341
15358
15427
15513
15629
15734
15820
15914
15986
16049
16106
16171
16236
16314
16345
16395
16417
16450
16528
16608
16656
16704
16753
16822
16868
16917
16954
17000
17036
17062
17085
17104
17160
17219
17263
17318
17391
17488
17515
17515
17513
17515
17551
17578
17610
17669
17721
17746
17748
17774
17778
17828
17872
17866
17921
17975
18036
18091
18137
18150
18158
18196
18217
18265
18337
18341
18358
18410
18440
18448
18480
18524
18593
18633
18669
18690
18709
18778
18839
18849
18898
18900
18898
18946
19015
19024
19047
19089
19141
19154
19183
19261
19333
19383
19408
19452
19486
19511
19540
19578
19604
19631
19662
19734
19782
19809
19858
19906
19948
19988
20020
20036
20061
20125
20169
20175
20194
20221
20284
20383
20408
20385
20429
20475
20034
20614
20656
20654
20666
20688
20723
20748
20780
20832
20874
20908
20923
20946
20944
20961
20969
20973
21005
21072
21103
21122
21103
21080
21131
21160
21173
21183
21177
21175
21181
21185
21190
21227
21234
21213
21196
21185
21192
21236
21265
21269
21236
21219
21187
21181
21227
21261
21255
21251
21291
21309
21269
21236
21187
21164
21179
21194
21190
21221
21223
21244
21299
21297
21236
21208
21223
21232
21242
21225
21221
21213
21227
21213
21177
21166
21198
21232
21238
21211
21208
21200
21192
21204
21200
21213
21217
21206
21175
21211
21267
21291
21305
21309
21291
21272
21261
21263
21280
21335
21374
21351
21324
21314
21351
21372
21370
21368
21372
21398
21416
21450
21448
21452
21479
21509
21547
21585
21589
21603
21612
21671
21721
21721
21742
21761
21776
21820
21845
21891
21923
21938
21496
21971
21961
22017
22085
22112
22139
22188
22225
22246
22234
22225
22280
22328
22351
22396
22406
22438
22446
22465
22501
22534
22568
22587
22601
22622
22658
22687
22662
22671
22711
22790
22811
22826
22835
22830
22843
22837
22883
22940
22973
23022
23074
23080
23055
23083
23078
23125
23160
23188
23208
23211
23213
23225
23255
23288
23332
23377
23417
23446
23465
23459
23475
23503
23555
23585
23606
23627
23629
23667
23683
23700
23742
23725
23687
23671
23698
23790
23870
23912
23910
23883
23895
23927
23959
23982
24034
24074
24091
24087
24091
24106
24099
24139
24187
24217
24211
24229
24209
24202
24225
24295
24316
24349
24368
24387
24396
24416
24412
24448
24501
24522
24532
24549
24540
24515
24532
24536
24547
24578
24582
24572
24576
24591
24637
24637
24620
24589
24562
24549
24564
24559
24528
24524
24494
24465
24427
24402
24362
24335
24337
24330
24330
24286
24272
24269
24240
24183
24160
24169
24167
24122
24053
24020
24024
24017
23980
23958
23927
23917
23879
23862
23814
23782
23750
23736
23696
23645
23599
23566
23551
23555
23522
23465
23406
23375
23343
23341
23311
23240
23171
23101
23064
23028
23005
22975
22902
22814
22782
22790
22763
22679
22580
22517
22503
22958
22395
22345
22278
22219
22150
22049
22467
21921
21862
21770
21727
21685
21648
21593
21515
21431
21349
21301
21259
21196
21120
21026
20944
20910
20866
20803
20736
20666
20606
20541
20458
20370
20280
20204
20141
20072
20513
20005
20003
19950
19851
19770
19671
19639
19603
19559
19503
19458
19387
19341
19312
19322
19259
19188
19146
19112
19099
19530
19007
19026
19043
19038
19009
18979
18958
18948
18979
19013
19057
19057
19011
19009
19036
19070
19099
19145
19169
19179
19253
19278
19272
19293
19353
19387
19406
19375
19400
19450
19543
19440
19435
19463
19448
19322
19248
19291
19251
19167
19167
19108
19022
18980
18998
18961
18914
18853
18799
18750
18681
18666
19047
18530
18482
18417
18383
18320
18251
18188
18183
18057
18013
18017
18066
18028
17969
17979
18017
18013
17973
18011
18051
18137
18108
18106
18146
18167
18217
18305
18381
18395
18500
18601
18585
18587
18704
18784
18784
18782
18812
18826
18877
18860
18841
18940
18923
18908
18917
18917
18837
18795
18860
18893
18807
18734
18721
18723
18717
18614
18520
18530
18469
18339
18270
18232
18555
18013
17986
17881
17816
17709
17597
17570
17511
17395
17274
17250
17215
17139
17047
16984
16958
16837
16750
16713
16624
16543
16435
16391
16372
16286
16209
16192
16114
16074
15963
15910
15879
15862
15788
15765
15681
15606
15582
15515
15459
15410
15295
15267
15278
15217
15078
15045
15020
14948
14862
14734
14633
14614
14566
14496
14398
14299
14192
14108
13935
13877
13830
13763
13625
13540
13435
13295
13675
13114
12977
12849
12772
13187
12549
12429
12335
12265
12139
11906
11826
12208
11593
11402
11299
11208
11089
10967
10826
10646
10500
10364
10288
10124
10009
9816
9694
9625
9456
9751
9103
9034
8927
8799
8635
8488
8438
8402
8769
8171
8083
7910
7816
7782
7729
7589
7488
7431
7408
7333
7261
7179
7164
7097
6971
6977
6950
6895
6885
6879
6933
6942
6898
6925
6887
6931
7055
6961
6952
7040
7108
7135
7154
7190
7284
7351
7343
7393
7507
7536
7677
7753
7769
7820
7931
8074
8091
8064
8200
8337
8337
8375
8507
8587
8610
8711
8858
8889
8921
9026
9124
9200
9251
9328
9414
9452
9578
9673
9677
9746
9833
9904
9969
10080
10187
9776
10307
10330
10385
10452
10538
10601
10704
10269
10847
10874
10977
11070
11074
11143
11181
11259
11307
11381
11492
11520
11528
11543
11610
11675
11694
11648
11692
11750
11769
11770
11797
11833
11805
11793
11856
11845
11816
12208
11673
11669
11748
11706
11635
11572
11578
11545
11500
11461
11391
11305
11299
11261
11118
11074
11032
11011
10980
10948
10862
10809
10801
10776
10700
10645
10612
10543
10463
10427
10417
10345
10335
10303
10238
10169
10158
10122
10110
10036
10001
9967
9908
9822
9772
9729
9734
9742
9679
9604
9618
9580
9543
9572
9545
9452
9461
9498
9444
9416
9458
9461
9437
9356
9444
9471
9440
9465
9454
9496
9543
9591
9679
9671
9637
9662
9730
9717
9744
9784
9862
9916
9952
9996
10040
10055
10080
10122
10221
10303
10389
10353
10414
10511
10541
10562
10643
10725
10795
10853
10950
10967
11038
11131
11187
11223
11229
11377
11442
11473
11507
11612
11637
11624
11687
11763
11835
11847
11921
11971
12051
12104
12112
12169
12200
12259
12248
12208
12494
12383
12332
12383
12547
12551
12509
12509
12520
12484
12528
12561
12543
12562
12620
12650
12652
12591
12654
12696
12685
12608
12687
12706
12654
12597
12673
12660
12572
12597
12604
12574
12536
12530
12557
12503
12471
12385
12385
12400
12374
12356
12274
12230
12255
12240
12293
12299
12318
12295
12251
12286
12301
12370
12377
12337
12324
12379
12408
12446
12475
12480
12572
12585
12562
12540
12541
12547
12532
12583
12551
12448
12458
