16284
16198
16152
16129
16118
16101
15969
15916
15908
15950
15910
15824
15759
15738
15658
15576
15505
15368
15318
15353
15208
15064
14942
14883
14828
14809
14683
14593
14490
14374
14251
14097
14013
13935
13868
13702
13618
13528
13374
13288
13675
13097
12979
12933
12820
12662
12553
12442
12234
12148
12045
11908
11770
11727
11629
11448
11305
11215
11183
11059
10980
10851
10685
10562
10458
10362
10232
10124
9967
9849
9688
9568
9526
9353
9150
9066
9015
8927
8685
8612
8624
8595
8564
8427
8349
8316
8215
8167
8169
8164
8143
8028
7996
7977
7961
7969
7975
7917
7963
7984
7956
7977
7979
7998
8032
8101
8125
8175
8129
8108
8238
8293
8297
7818
8387
8383
8427
8416
8431
8427
8417
8545
8648
8660
8637
8671
8641
8633
8715
8759
8748
8673
8681
8753
8784
8746
8748
8740
8723
8717
8742
8723
8690
8688
8709
8725
8751
8767
8782
8765
8727
8713
8729
8734
8759
8742
8704
8702
8717
8736
8723
8719
8740
8721
8706
8667
8645
8637
8625
8616
8604
8604
8599
8562
8541
8549
8545
8509
8486
8454
8404
8353
8330
8301
8286
8257
8250
8238
8213
8183
8187
8143
8076
8020
7959
7929
7914
7900
7843
7837
7790
7709
7687
7643
7612
7564
7480
7463
7469
7421
7364
7341
7812
7238
7171
7133
7104
7076
7078
7038
6992
6944
6874
6816
6784
6746
6704
6679
6618
6614
6616
6561
6465
6400
6322
6295
6270
6206
6158
6145
6135
6083
6009
5959
5914
5879
5833
5757
5683
5635
5643
5654
5610
5520
5461
5406
5347
5353
5353
5309
5198
5143
5101
5106
5089
5013
4946
4910
4877
4830
4740
4646
4603
4574
4545
4496
4479
4435
4385
4368
4353
4307
4267
4242
4183
4110
4053
4051
4061
4024
3977
3923
3860
3822
3816
3797
3793
3751
3662
3616
3612
3587
3536
3509
3486
3480
3486
3442
3419
3410
3412
3410
3389
3322
3269
3255
3299
3312
3312
3311
3311
3293
3293
3328
3372
2933
3446
3465
3438
3414
3408
3414
3427
3393
3391
3433
3471
3509
3538
3583
3606
3603
3583
3549
3555
3591
3604
3593
3574
3561
3566
3580
3625
3656
3664
3637
3589
3593
3606
3610
3614
3604
3606
3622
3606
3578
3541
3530
3524
3528
3528
3524
3490
3486
3526
3541
3511
3520
3517
3559
3585
3593
3604
3631
3633
3629
3645
3692
3727
3727
3706
3696
3730
3769
3763
3770
3799
3814
3805
3805
3820
3845
3864
3891
3916
3937
3925
3925
3950
3952
3969
3986
3980
4019
4017
4038
4041
4055
4059
4059
4053
4070
4076
4103
4137
4127
4108
4112
4093
4085
4093
4116
4124
4124
4135
4173
4160
4124
4145
4160
4146
4143
4150
4167
4166
4141
4082
4049
4093
4129
4099
4099
4160
4183
4158
4120
4114
4135
4141
4160
4158
4133
4124
4116
4120
4108
4062
4074
4114
4116
4085
4082
4083
4066
4062
4049
4061
4062
4019
3980
3973
3961
3984
3961
3927
3895
3891
3879
3845
3799
3811
3847
3879
3845
3759
3681
3666
3660
3650
3620
3603
3618
3597
3561
3540
3505
3454
3387
3351
3333
3326
3246
3202
3133
3038
2988
3007
2969
2935
2896
2874
2841
2820
2757
2715
2639
2566
2538
2547
2564
2555
2513
2463
2431
2402
2372
2324
2272
2200
2173
2154
2137
2129
2135
2120
2091
2040
2019
2047
2055
2009
1940
1898
1893
1893
1927
1940
1921
1895
1814
1776
1757
1755
1753
1744
1687
1629
1620
1624
1610
1618
1671
1692
1717
1801
1853
1832
1755
1740
1700
1666
1685
1669
1608
1582
1545
1517
1526
1540
1549
1572
1559
1582
1639
1677
1730
1788
1816
1874
1933
1982
2026
2074
2152
2183
2200
2225
2257
2297
2339
2381
2398
2404
2349
2326
2341
2347
2335
2347
1963
2557
2645
2713
2770
2805
2755
2702
2706
2671
2589
2482
2433
2398
2374
2314
2276
2206
2148
2143
2112
2091
2106
2116
2167
2232
2227
2139
2011
1853
1772
1765
1767
1719
1666
1593
1498
1446
1368
1330
1324
1333
1341
1303
1217
1116
1051
1030
1087
1083
1041
948
872
818
772
727
664
627
597
580
585
532
969
393
332
316
255
208
171
101
85
85
70
41
11
-63
-136
-172
-186
-210
-216
-231
-247
-281
-296
-310
-327
-346
-348
-348
-354
-376
-382
-376
-396
-420
-413
-409
-346
-317
-285
-277
-268
-237
-218
-222
-214
-207
-201
-201
-193
-151
-104
-86
-86
-71
-29
32
72
106
120
156
253
320
381
463
538
562
625
732
822
896
969
1034
1143
1251
1364
1406
1456
1513
1591
1688
1790
1883
2024
2141
2217
2291
2402
2471
2576
2690
2845
2996
3099
3183
3267
3370
3465
3574
3662
3765
3423
4015
4093
4169
4305
4393
4496
4622
4734
4856
4929
5055
5139
5229
5364
5519
5643
5738
5807
5910
6043
6141
6209
6303
6421
6538
6688
6811
6916
7017
7118
7230
7356
7479
7559
7624
7715
7791
7912
8047
8133
8206
7822
8423
8580
8692
8774
8839
8895
8998
9124
9232
9307
9343
9419
9545
9685
9290
9881
9975
10059
10164
9772
10339
10416
10469
10555
10681
10778
10868
10925
10969
11053
11137
11215
11293
11389
11477
11519
11585
11645
11715
11799
11875
11908
11954
11980
12036
12127
12211
12288
12374
12435
12490
12532
12591
12629
12671
12694
12780
12866
12917
12944
12984
13057
13125
13164
13208
13324
13383
13419
13444
13509
13562
13593
13637
13700
13790
13845
13879
13864
13898
13967
14038
14085
14125
14194
14250
14267
14269
14333
14362
14398
14452
14498
14540
14593
14169
14700
14740
14748
14772
14820
14849
14893
14940
14956
14954
14971
15020
15043
15057
15059
15083
15127
15125
15171
15230
15227
15238
15253
15309
15370
15393
15421
15450
15454
15480
15494
15469
15484
15505
15511
15536
15585
15145
15660
15643
15612
15610
15637
15696
15730
15740
15702
15704
15702
15765
15797
15801
15799
15820
15847
15885
15868
15891
15929
15923
15860
15797
15805
15833
15916
15937
15961
16026
16062
16072
16072
16057
16076
16101
16181
16206
16188
16211
16255
16290
16347
16385
16419
16473
16511
16526
16570
16593
16608
16591
16603
16669
16719
16788
16822
16895
16938
16994
17045
17087
17125
17166
17190
17211
17261
17354
17435
17513
17606
17652
17685
17711
17750
17780
17807
17851
17893
17958
18038
18089
18083
18114
18227
18364
18437
18515
18559
18597
18671
18732
18746
18778
18828
18891
18979
19099
19167
19217
19320
19387
19458
19515
19559
19566
19543
19419
19246
19238
19124
19977
20236
20356
20410
20421
20425
20385
20250
20139
20074
20106
20223
20328
20427
20515
20597
20709
20845
20956
21057
21209
21354
21524
21633
21688
21704
21572
21629
21520
22286
21986
22532
22524
22450
22400
22463
22583
22797
22488
23093
23270
23400
23568
23729
23778
23828
23908
24061
24215
24358
24530
24639
24795
24946
25059
25169
25372
25688
25969
26215
26532
26805
27036
26883
27582
27767
28026
28293
28561
28807
29093
29412
29709
30043
29816
30509
30324
31022
31259
31503
31669
31816
31910
32087
32311
32469
32597
32711
32919
33173
33375
33284
34192
34547
34860
35049
35114
35299
35597
35671
35603
35463
35312
35032
34793
34694
34673
34679
34751
34839
34877
34937
34916
34853
34790
34807
34715
34643
34444
34393
34421
34431
34383
34341
34282
34671
34101
34032
33982
33906
33896
33937
33969
33965
33959
34026
34103
34043
34038
34106
34095
34049
34003
33988
34015
34171
34339
34463
34551
34595
34616
34698
34723
34772
34816
34824
34820
35148
34564
34562
34564
34608
34732
34748
34730
34664
34625
34679
34675
34622
34570
34591
34660
34698
34738
34736
34679
34662
34603
34557
34524
34461
34389
34307
34206
34108
34078
34036
33940
33933
33912
33843
33816
33807
33833
33799
33709
33639
33648
33633
33622
33593
33568
33524
33482
33450
33356
33293
33269
33202
33139
33104
33162
33167
33129
33175
33131
33185
33208
33200
33158
33145
33177
33187
33101
33049
33053
33083
33099
33093
33133
33104
33049
33055
33043
33013
32910
32875
32874
32891
32812
32767
32713
32723
33219
32645
32604
32650
32713
32677
32562
32505
32429
32324
32727
32196
32055
32009
31910
31814
31698
31629
31564
31530
31484
31442
31438
31347
31303
31211
31194
31173
31104
31047
30980
30914
30853
30837
30830
30679
30625
30597
30551
30496
30400
30290
30225
30139
30078
30099
30034
29956
29895
29803
29776
29759
29725
29711
29650
29593
29564
29540
29459
29391
29358
29282
29223
29187
29078
28954
28891
28797
28740
28627
28526
28452
28353
28278
28194
28101
27980
27895
27814
27685
27612
27587
27492
27389
27248
27097
26963
27356
26776
26643
26547
26433
26320
26204
26114
25994
25860
25725
25570
25459
25356
25248
25087
24935
24811
24679
24511
24366
24248
24156
24019
23938
23826
23637
23520
23372
23328
23192
22994
22881
22765
22698
22603
22944
22276
22202
22110
22005
21950
21847
21740
21622
21479
21463
21385
21278
21160
21106
20961
20854
20839
20751
20580
20414
20318
20234
20156
20507
19938
19919
19816
19761
19706
19618
19541
19501
19448
19465
19448
19377
19381
19385
19396
19358
19379
19414
19395
19404
19410
19375
19414
19435
19446
19412
19412
19467
19501
19440
19064
19612
19572
19534
19488
19078
19667
19608
19654
19778
19738
19698
19812
19877
19908
19904
19824
19826
19898
19868
19841
19793
19700
19578
19564
19492
19440
19353
19259
19223
19179
19017
18891
18853
18780
18637
18561
18492
18408
18372
18322
18272
18158
18139
18185
18150
18085
18112
18150
18221
18347
18211
18164
18253
18280
18238
18190
18167
18219
18261
18244
18299
18248
18082
17589
18206
18293
18158
18103
18187
18255
18269
18278
18261
18209
18215
18389
18501
18526
18456
18458
18530
18614
18618
18641
18725
18753
18784
18803
18742
18757
18788
18769
18711
18740
18744
18725
18669
18625
18652
18616
18580
18524
18467
18377
18314
18209
18104
18061
18001
17900
17801
17763
17698
17603
17524
17417
17270
17238
17175
17108
17036
16984
16889
16833
16763
16784
16729
16639
16540
16484
16459
16404
16368
16330
16326
16293
16183
16131
16061
16007
15973
15946
15891
15872
15832
15708
15660
15635
15511
15425
15429
15408
