23507
23498
23339
23259
23118
23091
23053
23433
22816
22784
22732
22656
22557
22519
22427
22391
22377
22360
22332
22333
22244
22196
22183
22200
22185
22206
22167
22150
22160
22200
22152
22087
22104
22160
22164
22156
22208
22253
22337
22416
22431
22486
22566
22729
22755
22805
22917
23028
23116
23185
23209
23255
23278
23272
23255
23263
23223
23236
23169
23110
22921
22830
22786
22698
22574
22488
22349
22232
22137
21994
21847
21782
21683
21555
21417
21293
21204
21106
21488
20914
20797
20692
20553
20562
20540
20417
20347
20284
20305
20196
20181
20133
20076
19994
20024
20082
20040
19994
20019
20041
19977
19893
19824
19727
19658
19664
19769
19814
19830
19791
19732
19667
19654
19643
19650
19639
19614
19570
19486
19419
19389
19364
19335
19303
19267
19282
19295
19284
19248
19192
19101
18984
18935
18910
18887
18839
18780
18688
18633
18582
18463
18343
18276
18238
18175
18125
18053
17971
17881
17799
17675
17585
17532
17467
17431
17353
17232
17137
17078
17030
16940
16875
16811
16723
16618
16526
16452
16391
16320
16253
16192
16145
16097
16003
15879
15818
15770
15704
15614
15538
15480
15400
15293
15194
15124
15082
15061
15007
14956
14885
14807
14738
14667
14547
14473
14375
14309
14280
14225
14145
14080
14013
13944
13900
13851
13793
13742
13700
13666
13643
13570
13450
13353
13274
13196
13160
13146
13129
13089
13026
12935
12858
12763
12625
12547
12458
12387
12337
12293
12246
12167
12062
11979
11956
11921
11820
11738
11685
11624
11562
11480
11385
11322
11255
11175
11110
11043
10954
10883
10841
10784
10727
10637
10553
10482
10391
10318
10280
10229
10135
10070
9998
9940
9856
10253
9675
9618
9561
9503
9433
9318
9217
9141
9116
9083
8998
8927
8851
8738
8618
8572
8530
8463
8360
8280
8219
8131
8047
7954
7858
7797
7727
7631
7547
7448
7393
7333
7284
7261
7190
7070
6996
6944
6870
6811
6742
6666
6587
6553
6503
6465
6406
6303
6208
6171
6097
6009
5975
5971
5944
5879
5799
5694
5614
5557
5519
5513
5513
5456
5391
5326
5297
5259
5213
5166
5110
5066
5009
4984
4982
4933
4937
4912
4864
4795
4776
4795
4790
4761
4746
4734
4709
4694
4677
4656
4625
4582
4549
4541
4545
4494
4473
4463
4454
4458
4454
4433
4412
4377
4364
4375
4393
4391
4372
4341
4333
4343
4303
4286
4297
4291
4309
4324
4345
4314
4288
4236
4208
4230
4227
4221
4196
4190
4196
4185
4175
4156
4179
4194
4179
4154
4137
4106
4061
4013
3984
3996
4034
4087
4101
4057
4032
4028
4001
3994
4000
4001
3988
3973
3980
3990
3946
3906
3917
3956
3982
4005
4003
3931
3879
3854
3856
3896
3916
3912
3902
3914
3908
3881
3864
3816
3795
3774
3770
3755
3732
3730
3744
3767
3786
3786
3769
3746
3687
3646
3660
3702
3706
3683
3664
3620
3624
3654
3675
3629
3566
3551
3553
3522
3494
3471
3440
3396
3354
3299
3284
3272
3251
3185
3158
3122
3089
3045
3003
2956
2906
2898
2866
2807
2780
2751
2692
2641
2616
2591
2562
2517
2473
2446
2393
2318
2238
2181
2139
2074
2011
1969
1940
1929
1916
1895
1860
1793
1782
1746
1692
1652
1629
1578
1522
1471
1473
1479
1471
1417
1389
1381
1391
1391
1368
1345
1318
1335
1316
1286
1272
1232
1194
1211
1240
1267
1286
1301
1303
1301
1270
1244
1238
1246
1274
1284
1265
1259
1267
1280
1267
1238
1242
1278
1318
1339
1351
1383
1412
1440
1454
1480
1952
1438
1458
1471
1503
1568
1589
1555
1547
1557
1591
1608
1648
1729
1763
1772
1784
1822
1860
1881
1925
1982
2005
2057
2122
2146
2143
2150
2190
2261
2324
2337
2343
2368
2398
2402
2408
2467
2522
2559
2576
2614
2654
2690
2715
2788
2845
2853
2864
2864
2908
2986
3013
3038
3089
3120
3125
3196
3261
3280
3311
3345
3353
3385
3412
3454
3500
3496
3553
3599
3629
3635
3643
3679
3757
3845
3879
3419
3950
3965
3952
3988
4087
4139
4160
4164
4175
4217
4232
4251
4278
4333
3910
4425
4431
4435
4446
4482
4528
4564
4595
4641
4666
4646
4652
4673
4679
4681
4715
4761
4791
4812
4835
4870
4879
4889
4937
4977
5005
5047
5051
5051
5045
5047
5068
5114
5181
5190
5154
5152
5173
5156
5188
5280
5223
5181
5246
5288
5288
5320
5316
5253
5234
5248
5244
5259
5263
5261
5290
5324
5312
5269
5244
5238
5230
5215
5213
5236
5269
5204
5129
5177
5232
5230
5227
5219
5215
5166
5114
5072
5045
5047
5034
5024
5009
4994
4967
4933
4843
4797
4811
4799
4772
4765
4723
4673
4656
4660
4677
4654
4585
4549
4501
4465
4461
4482
4501
4484
4473
4414
4389
4368
4353
4343
4353
4343
4326
4333
4354
4312
4274
4236
4219
4208
4171
4148
4108
4097
4064
4032
4011
3982
3961
3910
3887
3868
3822
3748
3696
3700
3658
3627
3606
3603
3583
3522
3885
3320
3307
3297
3291
3282
3240
3208
3177
3125
3070
3041
3000
2938
2891
2864
2837
2822
2814
2765
2730
2679
2677
2648
2610
2589
2549
2500
2473
2440
2398
2362
2341
2343
2324
2272
2255
2250
2227
2181
2118
2118
2137
2150
2108
2064
2047
2074
2095
2095
2064
2030
2019
2009
2011
2020
2064
2087
2095
2087
2070
2041
2068
2087
2133
2154
2192
2209
2238
2246
2265
2276
2305
2314
2347
2370
2402
2419
2389
2475
2543
2564
2566
2589
2597
2599
2646
2706
2755
2755
2721
2694
2750
2788
2845
2910
2950
2996
3041
3062
3093
3112
3139
3190
3213
3242
3232
3248
3330
3385
2933
3465
3522
3576
3641
3687
3738
3757
3780
3801
3835
3866
3921
3967
3973
3996
4015
4045
4083
4135
4152
4160
4200
4286
4332
4343
4349
4368
3916
4437
4442
4490
4540
4540
4557
4582
4620
4687
4721
4725
4734
4786
4826
4402
4944
4963
4996
5057
5070
5070
5066
5093
5160
5196
5232
5290
5290
5295
5328
5372
5404
5423
5442
5427
5446
5507
5534
5551
5559
5561
5549
5555
5618
5646
5654
5692
5719
5685
5656
5671
5723
5736
5734
5721
5719
5772
5830
5847
5853
5828
5824
5841
5902
5969
6024
6013
6013
6034
6078
6131
6173
6229
6299
5864
6379
6832
6333
6358
6408
6488
6559
6618
6679
6696
6748
6801
6837
6351
6868
6895
6917
6923
6954
6963
6971
7030
7082
7141
7171
7141
7093
7089
7124
7091
7085
7095
7122
7145
7143
7112
7122
7135
7141
7139
7122
7135
7162
7167
7204
7232
7251
7288
7307
7272
7263
7297
7370
7393
7402
7433
7488
7545
7572
7570
7572
7574
7599
7618
7629
7656
7717
7709
7688
7662
7671
7711
7721
7646
7566
7538
7551
7496
7454
7370
7335
7293
7217
7166
7068
6944
6872
6748
6608
6557
6520
6423
6837
6280
6175
6133
6066
5982
5914
5833
5791
5791
5742
5677
5608
5538
5425
5425
5427
5374
5326
5255
5225
5242
5265
5282
5219
5194
5154
5148
5187
5200
5206
5190
5257
5211
5202
5230
5248
5270
5345
5377
5410
5416
5440
5477
5536
5564
5641
5702
5770
5788
5854
5914
5921
5967
6049
6078
6145
6169
6183
6263
6322
6303
6337
6465
6547
6570
6616
6639
6698
6803
6854
6965
7085
7208
7246
7276
6858
7477
7603
7666
7332
7956
8036
8152
8280
8421
8564
8666
8770
8904
9017
9166
9270
9383
9509
9633
9757
9959
10114
10257
10354
10519
10625
10721
10843
11017
11141
11257
11387
11501
11694
11961
12013
12087
11730
12402
12561
12727
12803
12889
13015
13164
13288
13372
13501
13618
13694
13832
13940
14038
14135
14244
14335
14507
14606
14620
14761
14851
14917
15049
15080
15175
15265
15341
15417
15461
15511
15162
15669
15696
15753
15803
15856
15938
15980
16068
16124
16162
16267
16312
16417
16442
16471
16519
16580
16685
16759
16772
16801
16847
16914
16977
17005
17057
17131
17179
17209
17267
17326
17311
17343
17425
17461
17509
17524
17509
17570
17541
17578
17631
17715
17698
17723
17845
17839
17828
17767
17744
17688
17736
17801
17791
17786
17788
17858
17904
17933
17917
17992
17606
18217
18129
18146
18211
18345
18410
18375
18311
18240
18200
18238
18263
18177
18108
18166
18246
18437
18534
18532
18551
18608
18694
18723
18746
18790
18898
19051
19169
19202
19312
19427
19059
19658
19776
19786
19795
19950
20032
20028
20059
20164
20236
20269
20272
20305
20328
20330
20360
20370
20417
20391
20314
20295
20288
20244
20209
20215
20185
20127
20175
20152
20124
20097
20099
20019
20003
20509
19931
19872
19864
19942
19895
19811
19799
19778
19788
19767
19706
19696
19698
19717
19748
19723
19704
19727
19786
19837
19864
19864
19904
19986
20051
20099
20101
20183
20263
20335
20509
20610
20671
20780
20893
20530
21133
21276
21414
21540
21713
21893
21938
22053
22225
22385
22471
22587
22688
22818
22917
22992
23120
23217
23314
23400
23496
23547
23639
23759
23833
23879
23933
23948
24028
24045
24072
24074
24143
24206
24211
24255
24343
24419
24480
24509
24576
24591
24664
24744
24870
25003
25045
25076
25162
25280
25353
25351
25459
25574
25662
25694
25721
25759
25889
26108
26209
26265
26307
26412
26471
26477
26522
26614
26635
26637
26650
26725
26786
26763
26832
26845
26839
26858
26866
26853
26856
26835
26841
26780
26740
26763
26746
26677
26666
26643
26604
26583
26566
26532
26490
26509
26482
26452
26469
26406
26387
26349
26393
26364
26286
26215
26255
26286
26263
26215
26227
26301
26335
26267
26217
26194
26188
26173
26112
26055
26059
26051
26068
25996
25931
25904
25940
25923
25881
25824
25715
25587
25496
25446
25370
25276
25211
25097
25082
25038
24927
24881
24837
24696
24589
24520
24534
24440
24324
24265
24229
24183
24154
24062
24038
24003
24019
23973
23902
23818
23717
23719
23671
23637
23608
23547
23482
23408
23398
23347
23337
23393
23360
23240
23162
23137
23173
23215
23236
23227
23166
23135
23125
23129
23106
23091
23108
23078
23066
23103
23150
23141
23099
23082
23074
23022
22990
22973
22933
22904
22839
22793
22770
22795
22770
22751
22736
22685
22648
22618
22614
22597
22543
22486
22446
22412
22374
22364
22345
22286
22282
22251
