2591
2664
2763
2769
2807
2864
2828
2929
2935
2937
2942
3015
3083
3089
3068
3169
3330
3536
3650
3679
3559
3492
3501
3597
3713
3730
3816
3435
4062
4104
4087
4177
4250
4303
4501
4520
4582
4599
4664
4772
4816
4809
4404
4929
4950
5000
5089
5206
5234
5299
5379
5383
5364
5393
5347
5270
5221
5267
5309
5253
5169
5093
5072
5028
4994
4971
4853
4688
4633
4643
4608
4475
4431
4366
4208
4154
4204
4187
4053
4381
3650
3442
3217
3093
3104
3145
3131
3083
3064
3011
2977
2938
2917
2818
2683
2582
2566
2374
2303
2219
2150
2162
2255
2349
2370
2347
2274
2198
2146
2066
2419
1843
1786
1769
1769
1770
1740
1711
1706
1652
1587
1532
1479
1404
1293
1211
1131
1051
1041
1019
1007
1057
1024
963
938
1030
1091
1087
1019
1015
1070
1158
1255
1387
1498
1549
1582
1566
1517
1467
1412
1362
1311
1278
1282
1349
1393
1425
1442
979
1486
1517
1559
1570
1606
1625
1679
1761
1814
1851
1843
1866
1471
2057
2104
2103
2066
2068
2078
2106
2198
2288
2324
2311
2290
2267
2215
2118
2009
1912
1837
1828
1784
1715
1685
1656
1637
1675
1763
1828
1887
1868
1860
1900
1471
2049
2124
2227
2318
2396
2528
2685
2799
2879
2925
2969
3005
3034
3049
3087
3139
3211
3288
3341
3333
3356
3391
3406
3414
3465
3538
3582
3585
3620
3664
3723
3755
3765
3795
3858
3925
3929
3921
3887
3898
3965
4066
4116
4143
4148
4150
4177
4202
4213
4246
4303
4345
4372
4417
4479
4557
4570
4578
4595
4639
4698
4753
4814
4826
4851
4845
4832
4860
4931
4971
5001
5034
5089
5133
5167
5223
5267
5311
5335
5337
5311
4887
5438
5469
5507
5549
5614
5650
5648
5673
5723
5751
5772
5839
5916
5944
5956
5992
6032
6068
6103
6150
6158
6196
6200
6248
6326
6366
6408
6425
6480
6551
6593
6604
6645
6725
6774
6772
6828
6860
6851
6896
6965
7000
7064
7148
7198
7221
7276
7349
7393
7431
7440
7435
7435
7459
7515
7551
7585
7595
7627
7692
7721
7742
7717
7698
7719
7778
7828
7854
7853
7849
7830
7833
7874
7937
7984
8024
8045
8049
8095
8099
8089
8095
8118
8166
8240
8272
8259
8248
8248
8293
8337
8333
8322
8320
8788
8295
8322
8354
8385
8419
8431
8465
8511
8519
8524
8520
8538
8545
8524
8540
8578
8572
8566
8652
8732
8786
8854
8881
8860
8847
8832
8788
8767
8769
8772
8803
8801
8811
8835
8839
8849
8822
9272
8730
8679
8648
8633
8648
8715
8782
8788
8736
8702
8690
8662
8656
8645
8631
8660
8677
8660
8643
8637
8622
8593
8572
8566
8578
8589
8583
8608
8582
8532
8549
8580
8629
8692
8730
8713
8675
8685
8732
8738
8727
8702
8688
8631
8538
8543
8610
8662
8631
8564
8530
8522
8534
8549
8543
8507
8467
8423
8356
8332
8324
8272
8217
8154
8093
8005
7944
7935
7944
7982
8026
8059
8047
8066
8129
8139
8133
8143
8112
8076
8061
8045
8057
8078
8080
8061
8061
8049
8045
8034
8015
7971
7942
7929
7935
7952
7975
7944
7872
7841
7860
7910
7927
7889
7826
7755
7654
7606
7606
7622
7622
7648
7662
7656
7658
7631
7599
7582
7572
7574
7543
7509
7488
7511
7503
7480
7479
7475
7484
7492
7486
7511
7532
7530
7549
7582
7625
7694
7730
7751
7759
7795
7818
7824
7826
7851
7868
7927
7973
7998
8062
8112
8156
8227
8255
8267
8293
8356
8416
8486
8522
8522
8583
8704
8843
8986
9082
9148
9211
9297
9345
9402
9469
9498
9541
9566
9610
9656
9669
9704
9763
9811
9917
10020
10110
10196
10312
10404
10477
10555
10595
10614
10614
10612
10625
10715
10879
11160
11385
11530
11610
11637
11658
11238
11807
11858
11925
11984
12032
12106
12160
12183
12238
12330
12448
12580
12658
12746
12853
12937
13026
13125
13223
13303
13408
13505
13631
13757
13872
14011
14103
14162
14242
14330
14427
14549
14177
14790
14952
15114
15250
15360
15490
15576
15679
15816
15942
16089
16250
16395
16545
16664
16763
16889
16984
17068
17221
17372
17456
17562
17679
17769
17893
18040
18175
18343
18482
18591
18740
18851
18977
19099
19208
19293
19463
19622
19793
19952
19553
20141
20284
20431
20614
20776
20914
21045
21158
21267
21450
21610
21692
21748
21851
21517
22196
22391
22511
22656
22807
22931
23074
23204
23347
23479
23572
23727
23839
23919
24074
24250
24385
24551
24662
24763
24895
25015
25103
25236
25337
25437
25564
25675
25744
25801
25406
26013
26158
26236
26320
26406
26496
26595
26692
26757
26822
26904
26961
27028
27114
27183
27267
27326
27356
27410
27473
27496
27526
27618
27666
27736
27778
27820
27843
27887
27942
27994
28041
28093
28125
28135
28112
28106
28133
28156
28238
28282
28272
28244
28246
28229
28143
28104
28120
28143
28145
28097
28059
28026
27977
27950
27925
27908
27904
27856
27788
27765
27736
27698
27650
27639
27618
27582
27515
27454
27412
27845
27377
27375
27377
27293
27238
27169
27118
27112
27078
27030
26971
26910
26872
26862
26864
26841
26801
26772
26750
26696
26656
26593
26568
26530
26520
26513
26461
26417
26862
26312
26288
26251
26227
26225
26146
26103
26085
26047
26017
25971
25900
25818
25784
25767
25767
25751
25725
25654
25582
25572
25561
25486
25435
25891
25364
25335
25288
25274
25278
25274
25234
25183
25158
25145
25106
25074
25045
25020
25020
24961
24927
24910
24914
24906
24895
24853
24828
24843
24828
24816
24824
24780
24740
24761
24818
24822
24807
24769
24755
24723
24662
24637
24658
24650
24660
24664
24639
24622
24601
24641
24669
24646
24618
24601
24582
24559
24562
24545
24536
24522
24538
24568
24536
24515
24530
24513
24496
24496
24522
24538
24576
24614
24629
24608
24574
24541
24570
24627
24660
24652
24664
24633
24648
24660
24698
24700
24732
24770
24790
24793
24790
24769
24769
24807
24891
24937
24958
24971
24963
24948
24975
25034
25089
25106
25146
25177
25223
25246
25272
25311
25356
25393
25429
25442
25480
25509
25559
25622
25683
25704
25687
25732
25805
25845
25864
25893
25950
25965
25982
26007
26045
26061
26095
26162
26230
26265
26341
26417
26440
26446
26461
26507
26603
26660
26696
26723
26727
26769
26786
26801
26807
26858
27353
26866
26900
26929
26980
27051
27124
27198
27246
27246
27295
27347
27364
27396
27391
27408
27471
27528
27568
27566
27534
27574
27664
27755
27780
27822
27874
27912
27919
27910
27971
28030
28064
28106
28139
28160
28202
28208
28190
28190
28206
28242
28299
28345
28351
28356
28393
28437
28459
28480
28484
28442
28473
28530
28597
28639
28671
28654
28614
28614
28625
28631
28667
28700
28690
28713
28748
28753
28727
28677
28700
28694
28740
28721
28711
28748
28732
28736
28727
28780
28824
28772
28788
28763
28738
28772
28776
28765
28738
28729
28719
28660
28633
28616
28572
28549
28520
28450
28416
28362
28274
28145
28114
28106
28000
27988
27904
27826
27818
27778
27727
27662
27629
27562
27538
27473
27416
27366
27301
27293
27251
27171
27209
27202
27104
27051
27030
26935
26837
26740
26650
26624
26645
26578
26511
26492
26456
26335
26290
26236
26164
26152
26125
26061
25969
25958
25954
25875
25795
25828
25805
25730
25633
25583
25509
25454
25345
25280
25246
25238
25104
24961
24904
24853
24774
24727
24635
24585
24498
24429
24393
24314
24253
24164
24066
24005
23902
23824
23809
23763
23641
23547
23429
23322
23284
23171
23118
23013
22942
22826
22736
22629
22520
22425
22299
22179
22017
21916
21864
21767
21688
21549
21444
21438
21396
21251
21137
21024
20929
20826
20797
20696
20627
20629
20536
20339
20167
20070
19975
19881
19814
19751
19681
19576
19452
19358
19236
19101
18933
18793
18763
18667
18519
18431
18398
18291
18257
18129
18043
17916
17835
17769
17692
17597
17587
17513
17404
17366
17332
17286
17173
17032
16946
16998
16986
16906
16874
16801
16715
16669
16688
16671
16595
16545
16543
16547
16574
16612
16568
16454
16446
16494
16515
16519
16595
16660
17095
16122
16677
16639
16635
16627
16591
16522
16530
16526
16517
16482
16456
16408
16343
16349
16337
16236
16181
16198
16087
16022
15954
15843
15772
15675
15624
15503
15444
15383
15259
15187
15156
15083
14948
14879
14824
14822
14769
14706
14706
14753
14750
14780
14740
14708
14687
14692
14688
14690
14736
14719
14694
14679
14646
14625
14618
14618
14175
14662
14709
14765
14759
14801
14868
14881
14916
14965
14971
14959
14940
14948
14921
14856
14862
14872
14866
14807
14730
14664
14564
14589
14505
14375
14288
14185
14055
13950
13864
13748
13604
13498
13318
13211
13097
12944
12851
12744
12669
12515
12419
12330
12217
12089
11925
11902
11872
11757
11650
11604
11520
11461
11461
11356
11240
11202
11213
11229
11208
11198
11129
11097
11101
11152
11162
11104
11116
11129
11078
11062
11114
11099
11015
10994
11024
11061
11028
11003
10998
10988
11030
10996
10938
10893
10883
10854
10856
10816
10809
10696
10627
10645
10658
10601
10561
10616
10597
10538
10473
10477
10473
10381
10328
10305
10311
10265
10217
10173
10158
10187
10114
10095
10120
10097
10059
10001
10022
10020
9979
9937
9921
9893
9858
9824
9830
9788
9282
9751
9732
9742
9750
9687
9685
9738
9734
9730
9797
9801
9833
9851
9803
9828
9812
9818
9832
9870
9830
9832
9862
9818
9750
9790
9841
9784
9795
9282
9799
9797
9282
9776
10257
9799
9801
9811
9797
9809
9849
9853
9881
9954
9963
9982
10019
10017
10020
10135
10188
10240
10208
10213
10274
10326
10328
10339
10425
10477
10545
10526
10541
10559
10618
10677
10685
10662
10671
10738
10744
10709
10717
10633
10545
10553
10656
10904
11011
11091
11038
10984
10921
10914
10914
10917
10858
10843
10858
10902
10896
10858
10849
10799
10803
10788
10725
10736
10790
10788
11232
10692
10692
10683
10580
10601
10593
10522
10496
10477
10456
10437
10396
10387
10311
10263
10160
10095
10064
9958
9879
9780
9660
9604
9528
9465
9417
9324
9200
9066
8912
8856
8839
8709
8614
8509
8385
8326
8270
8175
8062
7963
7872
7793
7599
7522
7522
7419
7364
7261
7101
7015
6883
6778
6736
