25072
25030
25036
24950
24864
24784
24750
24692
24641
24570
24513
24475
24354
24318
24251
24196
24131
23969
23904
24417
23767
23704
23679
23576
23505
23377
23309
23211
23141
23070
23446
22801
22717
22698
22601
22582
22494
22423
22240
22120
22095
22458
21891
21761
21679
21583
21438
21351
21282
21223
21108
20948
20826
20755
20732
20585
20500
20381
20251
20137
20045
19975
19898
19780
19708
20007
19488
19404
19309
19234
19087
19034
18956
18866
18833
18774
18673
18593
18532
18446
18398
18368
18244
18211
18236
18194
18124
18091
18078
18034
17994
17950
17879
17822
17797
17765
17740
17721
17662
18074
17555
17566
17543
17488
17412
17396
17391
17360
17318
17286
17267
17227
17183
17127
17101
17059
17030
16986
16954
16931
16940
16916
16853
16797
16763
16738
16734
16736
16723
16683
17083
16517
16463
16429
16391
16324
16311
16307
16217
16097
16057
16022
15998
15921
15847
15753
15646
15570
15475
15421
15356
15240
15181
15087
14965
14866
14790
14687
14610
14524
14452
14412
14349
14229
14648
14110
14103
14059
13958
13858
13786
13690
13635
13624
13585
13513
13486
13427
13343
13299
13257
13675
13152
13095
13005
12971
12958
12965
12963
12904
12824
12784
12767
12811
12830
12769
12675
12612
12599
12601
12587
12599
12599
12543
12490
12484
12490
12500
12480
12435
12414
12377
12377
12368
12360
12326
12322
12333
12335
12320
12288
12295
12305
12307
12305
12290
12270
12265
12272
12267
12259
12698
12194
12225
12269
12261
12248
12253
12288
12293
12284
12251
12694
12167
12187
12209
12171
12146
12080
12064
12085
12101
12070
12020
11959
11916
11902
11853
11854
11837
11791
11750
11734
11702
11679
11660
11643
11557
11507
11454
11404
11419
11408
11395
11381
11351
11316
11244
11152
11093
11087
11089
11066
11036
10982
10967
10935
10883
10839
10776
10711
10656
10620
10572
10562
10530
10520
10500
10417
10343
10311
10265
10238
10209
10211
10141
10043
9980
9933
9900
9874
9822
9759
9677
9633
9603
9494
9404
9353
9328
9293
9230
9152
9072
9020
8975
8912
8868
9269
8687
8658
8591
8541
8515
8467
8402
8343
8282
8248
8229
8173
8104
8053
8041
8007
7969
7916
7908
7891
7851
7818
7776
7759
7727
7715
7690
7627
7582
7551
7549
7541
7515
7427
7433
7479
7431
7379
7332
7269
7265
7316
7337
7303
7238
7166
7141
7114
7053
7017
7011
6967
6893
6824
6807
6755
6706
6662
6612
6547
6532
6519
6477
6385
6293
6215
6171
6137
6038
5984
5963
5946
5917
5898
5811
5698
5639
5578
5530
5494
5410
5318
5240
5164
5110
5080
5001
4898
4833
4742
4677
4606
4534
4473
4414
4328
4209
4148
4087
4032
3956
3856
3793
3742
3666
3545
3448
3362
3314
3274
3229
3177
3120
3061
3000
3400
2793
2725
2677
2637
2620
2578
2509
2446
2416
2417
2398
2360
2311
2276
2227
2175
2110
2080
2041
1963
1917
1887
1860
1788
1730
1685
1616
1541
1498
1471
1456
1400
1379
1364
1320
1269
1187
1143
1125
1103
1051
1011
971
959
914
860
786
717
681
646
601
526
450
416
410
364
257
192
215
242
221
156
95
15
-21
-18
-31
-117
-201
-268
-331
-352
-382
-430
-462
-527
-533
-523
-584
-636
-672
-718
-794
-850
-901
-903
-913
-938
-970
-987
-989
-989
-997
-1021
-1042
-1044
-1060
-1083
-1105
-1142
-1138
-1140
-1119
-1090
-1113
-1184
-1222
-1249
-1230
-1197
-1165
-1172
-1167
-1151
-1170
-1216
-1191
-1182
-1205
-1159
-1105
-1096
-1088
-1105
-1100
-1104
-1071
-1039
-1033
-1012
-949
-939
-922
-888
-854
-842
-815
-775
-775
-737
-728
-710
-686
-672
-667
-657
-605
-563
-542
-535
-546
-529
-476
-462
-438
-409
-407
-369
-378
-369
-331
-296
-256
-210
-199
-195
-176
-163
-132
-104
-109
-119
-123
-77
-86
-81
-60
-16
9
486
-42
-92
-71
-25
34
66
70
43
11
7
30
61
57
78
104
114
139
133
108
85
104
139
139
135
137
129
135
173
202
206
217
217
208
173
148
162
171
206
251
284
301
318
326
343
356
356
335
333
341
320
312
291
270
293
299
314
278
225
215
209
221
200
183
217
236
227
175
131
127
139
152
154
143
101
74
28
-18
1
7
7
-6
-14
7
-10
-90
-123
-125
-83
-98
-126
-126
-126
-149
-189
-220
-209
-195
-199
-201
-201
-218
-273
-334
-382
-357
-292
-241
-256
-277
-283
-291
-313
-310
-334
-336
-331
-333
-317
-300
-300
-298
-287
-306
-315
-270
-256
-262
-285
-292
-273
-268
-262
-249
-252
-243
-216
-197
-147
-105
-90
-75
-92
-123
-140
-136
-126
-90
-56
-50
-44
-46
-58
-48
-29
-483
30
1
-37
-54
-62
-69
-88
-27
13
45
72
103
122
129
108
85
91
116
108
124
125
146
164
211
269
282
240
204
246
328
410
440
454
461
7
561
606
654
692
702
698
729
780
822
870
910
950
935
931
948
492
1028
1089
1099
1093
1104
1125
1139
1196
1250
1339
1412
1406
1417
1425
1500
1570
1585
1620
1625
1620
1641
1709
1784
1835
1874
1923
1967
1982
2017
2068
2095
2164
2227
2230
2251
2284
2324
2374
2410
2452
2475
2498
2522
2543
2582
2641
2685
2715
2753
2774
2776
2791
2820
2889
2959
3013
3041
3080
3118
3162
3202
3242
3288
3320
3333
3326
3360
3423
3492
3578
3622
3664
3690
3715
3732
3790
3845
3937
4001
4057
4072
4076
4114
4164
4238
4305
4330
4347
3917
4463
4501
4553
4603
4633
4662
4694
4742
4807
4879
4958
4982
4946
4958
4990
5038
5101
5148
5202
5297
5356
5396
5463
5519
5555
5591
5688
5753
5818
5843
5853
5893
5980
6040
6082
6183
6232
6253
6291
6320
6423
6486
6541
6627
6688
6780
6866
6923
6979
7019
7028
7087
7202
7311
7412
7480
7501
7517
7618
7736
7328
7891
7990
8066
8124
8227
7824
8389
8444
8507
8622
8759
8872
8929
8948
8967
9020
9106
9251
9375
9467
9498
9557
9633
9708
9282
9843
9996
10125
10194
10232
10274
10374
10482
10578
10635
10259
10858
10914
11015
11166
11282
11374
11490
11614
11713
11770
11797
11833
11893
11940
12045
12181
12278
12375
12448
12515
12585
12646
12696
12770
12837
12891
12956
13093
12709
13299
13339
13379
13438
13477
13501
13643
13748
13856
13965
14041
14141
14257
14328
14377
14437
14520
14175
14824
14980
15104
15272
15459
15591
15627
15526
15246
14864
14597
14440
14398
14402
14379
14335
14312
14255
14171
14269
14459
14736
14979
15194
15314
15305
15406
15610
15769
15853
15921
15969
15942
16015
16070
16267
16417
16475
16482
16444
16333
16229
16215
16272
16253
16221
16248
16265
16341
16404
16412
16349
16377
16324
16282
16265
16206
16190
16145
16152
16158
16112
16082
15984
15931
15860
15891
15830
15748
15687
15688
15641
15566
15490
15423
15377
15421
15406
15379
15330
15236
15219
15280
15307
15305
15372
15364
15400
15408
15305
15286
15208
15221
15250
15246
15303
15309
15330
15372
15366
15454
15543
15578
15603
15660
15622
15671
15709
15738
15788
15847
15919
15952
15980
16051
16196
16209
16320
16442
16583
16759
16818
16998
17187
17316
17517
17736
17866
18038
18188
18309
18505
18612
18807
18975
19145
19372
19492
19599
19807
19549
20185
20429
20650
20791
20982
21137
21421
21593
21759
21931
22122
22332
22570
22721
22856
23093
23278
23473
23618
23778
23492
24175
24379
24604
24736
24477
25183
25372
25534
25631
25828
26015
26211
26440
26574
26782
26942
27108
27291
27461
27639
27364
27994
28133
28299
28494
28696
28822
28919
29049
29213
29347
29416
29541
29719
29822
29982
30022
30154
30250
30312
30450
30543
30618
30721
30772
30837
30940
30952
30944
31013
31076
31097
31156
31139
31167
31236
31257
31229
31183
31194
31148
31122
31162
31095
31093
31103
31169
31135
31114
31043
31055
31022
30900
30824
30822
31265
30736
30662
30616
30564
30526
30536
30494
30438
30450
30396
30339
30341
30393
30366
30335
30324
30328
30332
30288
30330
30307
30345
30383
30398
30444
30498
30442
30303
30362
30513
30515
30444
30461
30501
30538
30675
30757
30297
30830
30872
30917
30866
30914
31011
31097
31106
31139
31257
31309
31421
31501
31645
31706
31272
31776
31851
31959
32013
32082
32133
32196
32311
32387
32339
32404
32490
32534
32633
32765
32832
32814
32860
32982
33064
33097
33112
33219
33354
33395
33452
33608
33673
33662
33738
33772
33839
33881
33916
33959
33982
34040
34122
34101
34082
34122
34183
34164
34152
34137
34093
34097
34110
34114
34072
34043
33967
33925
33847
33730
33681
33225
33658
33532
33505
33528
33480
33427
33349
33280
33234
33183
33177
33133
33133
33118
33116
33057
32994
32971
32938
32914
32906
32816
32797
32782
33188
32685
32683
32641
32524
32248
32660
32589
32622
32639
32622
32505
32482
32440
32330
32267
32244
32148
32085
32019
31938
31887
31866
31812
31879
31895
31772
31849
31929
31902
31729
31551
31421
31354
31734
31167
31108
30952
30709
30528
30500
30463
30498
30469
30492
30538
30622
30759
30910
31034
31156
31250
31263
31332
31396
31492
31557
31580
31585
31524
31557
31612
31589
31530
31458
31421
31400
31364
31278
31326
31372
31345
31742
31238
31236
31240
31200
31154
31177
31139
31127
31175
31062
31030
31051
31013
30948
30912
30864
30847
30734
30730
30755
30671
30570
30452
30435
30490
30463
30351
30305
30295
30303
30211
30118
30083
30030
30026
29980
29927
29862
29812
30280
29763
29814
29740
29723
29742
29706
29679
29635
29610
29582
29562
29501
29440
29353
29391
29383
29790
29223
29209
29154
29114
29041
28975
28950
28854
28799
28742
28711
28667
28593
28530
28452
28404
28351
28253
28185
28101
27992
27937
27921
28328
27788
27713
27603
27526
27467
27442
27358
27225
27152
27089
26994
26917
26780
26669
26585
26543
26433
26265
26160
26057
25990
26354
25780
25656
25582
25507
25421
25309
25141
25064
24984
24875
24835
24753
24666
24629
24585
24442
24345
24314
24274
24221
24104
24080
24034
23963
24417
23809
23717
23637
23633
23650
