19538
19066
19677
19763
19727
19835
19980
20041
20091
20116
20135
20225
20326
20477
20603
20708
20811
20946
20921
20919
20910
20524
20992
20940
20889
20958
20395
20828
21169
21114
21032
20986
20986
21038
21080
21183
21125
21137
21227
21295
21286
21269
21328
21272
21242
21290
21282
21269
21307
21312
21257
21293
21320
21330
21320
21374
21400
21326
21326
21353
21419
21396
21400
21459
21486
21505
21547
21557
21593
21635
21782
21797
21723
21673
21711
21696
21711
21740
21708
21709
21814
21853
21868
21833
21839
21872
21780
21765
21776
21767
21719
21683
21675
21645
21627
21608
21591
21549
21513
21480
21467
21482
21452
21379
21311
21276
21286
21269
21204
21104
21040
20959
20902
20856
20824
20820
20845
20837
20774
20772
20759
20723
20698
20662
20612
20601
20536
20477
20444
20406
20360
20358
20328
20299
20261
20181
20133
20095
20053
20517
20030
19986
19904
19874
19896
19845
19769
19687
19645
19585
19555
19555
19515
19475
19435
19368
19307
19284
19291
19269
19274
19219
19103
19003
18948
18937
18929
18916
18879
18839
18822
18782
18784
18769
18700
18664
18643
18614
18603
18570
18530
18513
18490
18456
18404
18385
18375
18349
18272
18225
18229
18234
18219
18209
18171
18137
18083
18045
18049
18036
18015
18015
17988
17948
17933
17910
17841
17828
17862
17898
17912
17874
17832
17784
17776
17732
17675
17627
18070
17553
17582
17597
17589
17601
17612
17604
17637
17616
17538
17500
17500
17486
17458
17461
17475
17438
17364
17290
17269
17223
17227
17185
17185
17179
17127
17051
17007
16950
16910
16854
16795
16736
16671
16616
16566
16477
16402
16391
16333
16265
16177
16064
15980
15914
15826
15748
15677
15608
15488
15393
15347
15278
15169
15030
14946
14893
14780
15143
14541
14427
14318
14253
14643
14024
13914
13816
13683
13524
13425
13353
13284
13671
13053
12931
12835
12719
12641
12583
12459
12383
12288
12175
12089
12032
11963
11902
11866
11671
11645
11652
11643
11522
11349
11129
10956
10881
10856
10900
10937
10929
10843
10704
10562
10477
10421
10391
10333
10286
10223
10118
10053
10003
9994
9954
9898
9858
9807
9738
9673
9652
9656
9631
9582
9530
9465
9417
9354
9328
9333
9351
9354
9299
9213
9183
9156
9143
9124
9116
9082
9020
8959
8902
8841
8809
8765
8769
8788
8761
8746
8729
8696
8688
8687
8667
8635
8568
8540
8528
8463
8416
8370
8322
8270
8263
8215
8068
8278
7059
6500
6328
6395
6830
7225
7406
7223
7000
6908
7041
7276
7528
7652
7683
7677
7608
7614
7700
7786
7881
7956
8000
7984
7994
8080
8173
7822
8370
8429
8490
8488
8456
8467
8547
8580
8591
8585
8545
8505
8507
8501
8519
8536
8538
8541
8551
8547
8587
8627
8643
8688
8761
8845
8937
8979
9040
9076
9101
9137
9188
9238
9280
9284
9305
9311
9326
9335
9333
9309
9311
9358
9408
9375
9332
9305
9293
9297
9297
9312
9354
9364
9330
9335
9400
9429
9435
9440
9431
9366
9351
9356
9375
9381
9349
9299
9280
9251
9236
9213
9200
9169
9154
9148
9072
9040
9003
8980
8927
8902
8879
8799
8784
8811
8753
8673
8587
8543
8501
8444
8435
8404
8318
8255
8171
8108
8068
7988
7898
7866
8301
7751
7687
7635
7559
7490
7442
7414
7366
7316
7282
7240
7160
7068
6988
6931
6881
6877
6849
6839
6791
6723
6669
6639
6562
6513
6459
6442
6433
6408
6385
6318
6297
6293
6280
6288
6270
6196
6131
6120
6114
6106
6036
5984
5967
5938
5891
5837
5795
5769
5748
5729
5692
5669
5696
5688
5639
5562
5555
5547
5503
5458
5425
5437
5423
5379
5343
5305
5278
5263
5251
5253
5244
5215
5120
5053
5024
5011
4992
4996
4959
4906
4870
4839
4826
4812
4812
4797
4780
4740
4656
4635
4629
4637
4627
4589
4576
4540
4534
4517
4503
4459
4421
4425
4471
4492
4431
4391
4391
4410
4406
4406
4374
4312
4290
4299
4324
4333
4370
4356
4324
4311
4309
4314
4316
4333
4362
4354
4353
4345
4339
4332
4341
4353
4356
4337
4297
4320
4368
4354
4347
4379
4402
4429
4475
4498
4477
4461
4446
4446
4454
4473
4494
4490
4484
4482
4503
4519
4494
4498
4515
4511
4522
4532
4547
4545
4526
4543
4543
4540
4551
4515
4509
4519
4520
4509
4484
4459
4408
4406
4427
4402
4393
4410
4391
4381
4370
4328
4267
4223
4198
4175
4167
4164
4145
4122
4104
4093
4062
4022
4019
4009
4013
4026
4000
3992
3958
3929
3940
3938
3887
3864
3849
3845
3828
3795
3746
3738
3738
3713
3723
3719
3696
3667
3664
3645
3633
3637
3606
3597
3587
3559
3530
3500
3469
3446
3450
3459
3473
3438
3400
3393
3389
3358
3341
3301
3274
3295
3324
3309
3261
3234
3234
3232
3229
3213
3253
3301
3335
3326
3297
3272
3250
3242
3240
3227
3238
3244
3229
3215
3236
3240
3213
3175
3145
3164
3217
3238
3240
3248
3270
3290
3295
3284
3284
3270
3297
3309
3368
3402
3414
3381
3381
3402
3450
3475
3505
3524
3522
3538
3574
3620
3681
3778
3820
3811
3805
3830
3862
3935
3990
4030
4043
4041
4053
4127
4198
4225
4229
4236
4265
4246
4286
4333
4366
4360
4385
4393
4446
4461
4469
4412
4425
4440
4454
4465
4444
4406
4402
4398
4406
4412
4402
4404
4396
4377
4435
4492
4545
4532
4490
4519
4538
4574
4612
4635
4650
4610
4574
4593
4654
4725
4759
4795
4814
4847
4883
4931
4965
4977
4950
4940
4979
5007
5020
5036
5019
4994
4969
4992
5003
5009
4982
4979
5000
4992
4984
4950
4906
4889
4887
4916
4937
4889
4832
4744
4696
4658
4688
4690
4681
4658
4635
4582
4526
4479
4435
4437
4400
4353
4293
4263
4141
3952
3826
3717
3591
3524
3549
3622
3627
3561
3484
3471
3482
3507
3557
3669
3761
3748
3719
3734
3669
3585
3458
3379
3322
3293
3272
3248
3156
3114
3089
3055
3026
2984
2969
3416
2862
2830
2818
2816
2826
2814
2759
2669
2593
2541
2524
2517
2507
2458
2438
2385
2358
2293
2183
2137
2110
2093
2072
2003
1931
1914
1914
1902
1835
1807
1778
1729
1709
1679
1652
1637
1587
1572
1551
1557
1562
1580
1538
1477
1950
1446
977
1515
1530
1500
1480
1459
1450
1450
979
1490
1471
1446
1473
1498
1528
1541
1509
1473
1526
1593
1667
1677
1727
1757
1786
1807
1847
1900
1906
1921
1990
2101
2171
2179
2200
2234
2288
2354
2421
2456
2452
2479
2568
2612
2658
2748
2805
2872
2891
2452
3015
3066
3106
3141
3171
3188
3236
3301
3356
3402
3461
3520
3601
3664
3692
3750
3832
3975
4108
4234
4324
4395
4557
4641
4734
4874
5038
5171
5244
4891
5522
5685
5784
5931
6082
6196
6335
6530
6664
6818
6971
7125
7236
7374
7555
7755
7891
8074
8223
7824
8471
8627
8868
9030
9188
9358
9482
9608
9301
10024
10171
10349
10500
10555
10721
10891
11070
10772
11421
11479
11595
11807
11973
12059
12125
12288
12475
12543
12641
12795
12933
13055
13125
13208
13330
13450
13524
13599
13639
13698
13868
13946
13980
14072
14156
14225
14293
14349
14408
14498
14606
14730
14847
14887
14931
15051
15257
15299
15398
15517
15570
15154
15751
15849
15992
16051
16185
16320
16312
16374
16501
16127
16687
16786
16929
17095
17297
17501
17603
17641
17719
17866
18038
18099
18242
18395
18520
18683
18822
18969
19026
19154
19320
19450
19061
19635
19746
19929
19992
20167
20297
20364
20433
20553
20708
20812
20973
21083
21114
21232
21341
21444
21541
21637
21759
21879
21958
22091
22169
22311
22387
22566
22690
22751
22784
22881
22954
23036
23080
23196
23257
23377
23471
23530
23612
23700
23753
23812
23906
23996
24106
24204
24280
24364
24482
24580
24667
24748
24832
24442
25038
25129
25173
25270
24921
25490
25599
25732
25868
25977
26074
26171
26305
26442
26549
26641
26740
26866
27013
27171
27284
27408
27520
27658
27803
27866
27923
28022
28190
28295
28349
28423
28517
28652
28696
28744
28860
28925
29028
29051
29106
29202
29246
29280
29347
29435
29479
29496
29524
29561
29635
29641
29688
29750
29700
29702
29788
29856
29862
29889
29919
29919
29933
29925
29954
29921
29933
29996
30030
30026
30026
30049
30068
30049
30087
30120
30093
30049
30104
30177
30192
30244
30290
30200
30198
30280
30246
30284
30347
30333
30362
30385
30454
30498
30459
30509
30557
30557
30622
30639
30631
30627
30635
30673
30683
30683
30738
30746
30740
30761
30736
30770
30757
30740
30291
30793
30746
30729
30784
30812
30797
30816
30778
30778
30786
30816
30895
30868
30906
30994
30994
31000
30961
30979
31017
31101
31061
31017
31099
31120
31179
31166
31125
31173
31246
31188
31177
31232
31261
31223
31240
31358
31391
31738
30780
31322
31320
31366
31366
31396
31433
31440
31444
31482
31496
31517
31545
31561
31593
31643
31685
31681
31729
31717
31742
31809
31849
31891
31923
31982
32055
32068
32078
32135
32204
31767
32328
32406
32444
32408
32473
32446
32492
32538
32591
32658
32683
32698
32687
32248
32797
32811
32851
32870
32896
32895
32853
32830
32759
32801
32809
32788
32818
32868
32786
32748
32744
32671
32666
32669
32683
32524
32402
32307
32221
32156
32110
32089
32022
31942
31910
31835
31719
31627
31570
31494
31442
31393
31730
31091
30948
30841
30713
30633
30536
30471
30458
30345
30175
30093
29969
29914
29828
29633
29515
29500
29383
29196
29034
28910
28853
28729
28559
28469
28337
28204
28017
28322
27719
27618
27404
27208
27087
26917
26797
26643
26469
26253
26072
25963
25853
25666
25421
25295
25120
25393
24729
24606
24431
24293
24202
24017
23856
23679
23473
23341
23188
22973
23003
22847
22639
22492
22465
22408
22244
21984
21835
21740
21645
21975
21333
21146
21024
20910
20799
20650
20996
20398
20229
20099
20045
19893
19803
19702
19562
19391
19305
19166
19019
18912
18761
18629
18601
18480
18425
18324
18318
18284
18139
18020
17977
17938
17929
17935
18028
18028
18036
18114
18133
18187
18190
18190
18290
18356
18410
18469
18482
18549
18576
18639
18679
18774
18860
18931
19082
19095
19091
19188
19272
19261
19209
19169
19141
19118
19064
19001
18973
18919
18912
18856
18853
18828
18757
