-16453
-16281
-16151
-16069
-15930
-15859
-15819
-15752
-15766
-15798
-15844
-15936
-16020
-16016
-15661
-16325
-16573
-18132
-18417
-18974
-19182
-19218
-19342
-19457
-19447
-19361
-19348
-19062
-18750
-18609
-18373
-17901
-17962
-16907
-16521
-15945
-15432
-15577
-14565
-13999
-13487
-13039
-13153
-12667
-11733
-11380
-11046
-11201
-10411
-10138
-9947
-9855
-9712
-9626
-9611
-9657
-9768
-9936
-10050
-9781
-10651
-10951
-11310
-11607
-11918
-12317
-12649
-12962
-13273
-13626
-13806
-14079
-14481
-14739
-14861
-15102
-15262
-15415
-15567
-15710
-15819
-15863
-15947
-16109
-16197
-16310
-16394
-16438
-16563
-16636
-16724
-16808
-16859
-16991
-17146
-17277
-17548
-17819
-18146
-18407
-18642
-18661
-19949
-20804
-21209
-21705
-22008
-22995
-24083
-24021
-25023
-25529
-26155
-26737
-27182
-27571
-27941
-28027
-28149
-28504
-28571
-28602
-28636
-28367
-28098
-27913
-27468
-27224
-27271
-26063
-25499
-24789
-24136
-23296
-22512
-21672
-20758
-20613
-20415
-18705
-18518
-18012
-17167
-17050
-17041
-16317
-16041
-15750
-15556
-15764
-16315
-16155
-16766
-16758
-16905
-17321
-17894
-18331
-18720
-19285
-19890
-20636
-21279
-21592
-22827
-23445
-24109
-24602
-25048
-25560
-25995
-25962
-26401
-27243
-27493
-27733
-27972
-28176
-28281
-28403
-28424
-28493
-28502
-28403
-28344
-28268
-28033
-27785
-27630
-27838
-27012
-26699
-26396
-26159
-25840
-25567
-25424
-25289
-25046
-24737
-24520
-24354
-23981
-23670
-23936
-23245
-23109
-23441
-22831
-22817
-22819
-22905
-23014
-23209
-23394
-23483
-23628
-23771
-23938
-24107
-24268
-24489
-24621
-24869
-25083
-25230
-25378
-25495
-25586
-25592
-25695
-25607
-25485
-25319
-24718
-23638
-24806
-26346
-26472
-26252
-25896
-25730
-25573
-25489
-25239
-24840
-24546
-24329
-24188
-24224
-23941
-24535
-24680
-24787
-24848
-24884
-24949
-24991
-25029
-24989
-24815
-24798
-24693
-24640
-24634
-24756
-24842
-24890
-25031
-25105
-25254
-25403
-25510
-25615
-25647
-25667
-25659
-25668
-25686
-25672
-25699
-25709
-25724
-25743
-25730
-25688
-25521
-25354
-25191
-24981
-24724
-24896
-24369
-23918
-23170
-22819
-22558
-22417
-22296
-22071
-21989
-21884
-21890
-21831
-21834
-21857
-21827
-21709
-21642
-21539
-21964
-21413
-21291
-21163
-20846
-20758
-20989
-20334
-20359
-20378
-20424
-20457
-20441
-20220
-20178
-20159
-20250
-20413
-20504
-20607
-20554
-20569
-20966
-20770
-20710
-20957
-20189
-19854
-20016
-19537
-18978
-17764
-16800
-15783
-14815
-14354
-13873
-13605
-13527
-13712
-13714
-14936
-15896
-16668
-18491
-19897
-20619
-21991
-23417
-23487
-24325
-24176
-24420
-23854
-22562
-21647
-21386
-20102
-19418
-18688
-17890
-17134
-16266
-15504
-14945
-14277
-13752
-13256
-12865
-12607
-12521
-12411
-12405
-12598
-12779
-12997
-13268
-13571
-14004
-14220
-14586
-15008
-15439
-15892
-16462
-16991
-17480
-18000
-18445
-18846
-19258
-19632
-19983
-20340
-20550
-20781
-21062
-21197
-21430
-21521
-21397
-21270
-21480
-21930
-22018
-21932
-21084
-21060
-21315
-21688
-21504
-22224
-22359
-21993
-22489
-22396
-22283
-22041
-21905
-21724
-21436
-21222
-21100
-20934
-20796
-20655
-20562
-20476
-20386
-20306
-20128
-19976
-19875
-19718
-19563
-19424
-19281
-19119
-18972
-18894
-18863
-18806
-18815
-18890
-18951
-18583
-19182
-19355
-19067
-19737
-19909
-20094
-20378
-20571
-20701
-20850
-20993
-21042
-21201
-21300
-21384
-21586
-21644
-21661
-21833
-21499
-22083
-22157
-22218
-22354
-22411
-22407
-22384
-22415
-22434
-22487
-22590
-22712
-22882
-23090
-23285
-22966
-23649
-23817
-23930
-24062
-24209
-24355
-24523
-24703
