-36523
-36846
-36981
-37090
-37081
-37077
-37231
-37390
-37268
-36709
-36380
-35718
-35092
-33785
-33071
-31592
-30289
-28121
-26651
-25128
-24247
-22882
-21310
-20209
-19178
-18300
-17926
-17792
-17636
-17413
-17565
-16739
-16510
-16321
-15890
-15542
-15157
-15035
-14955
-14726
-15165
-16123
-16149
-16644
-17802
-18544
-19186
-20884
-21653
-23168
-23724
-24264
-24760
-25321
-25741
-25699
-25594
-25193
-24500
-24344
-23054
-22216
-21876
-21000
-19867
-19077
-19000
-18516
-17451
-17523
-16573
-15915
-15695
-15489
-15292
-14949
-14569
-14600
-13804
-13563
-13438
-13504
-13470
-13668
-13857
-14025
-14325
-14210
-14989
-15355
-16224
-16292
-15333
-16092
-16495
-16443
-16258
-16207
-16041
-16107
-15067
-15117
-14235
-14052
-13827
-13834
-13888
-14094
-14245
-14388
-14472
-14770
-15018
-15273
-15418
-15756
-16155
-16596
-15695
-14968
-14520
-13018
-12653
-11554
-11243
-10794
-10607
-10470
-10651
-11077
-11260
-12691
-13924
-14750
-15771
-17285
-18228
-18938
-19329
-19520
-19487
-19476
-18397
-17735
-16783
-16508
-15226
-14554
-13840
-13214
-12901
-12745
-12850
-12810
-13854
-14352
-15121
-15867
-16161
-17470
-18361
-18636
-19718
-20209
-20041
-20588
-20563
-20438
-20207
-20086
-19941
-19735
-19604
-19497
-19302
-18775
-18657
-18613
-18695
-18770
-18855
-19029
-19189
-19480
-19720
-19867
-20119
-20478
-20783
-20535
-21348
-21716
-21563
-22472
-22481
-22970
-23464
-23945
-24894
-25348
-25787
-26207
-26476
-26682
-26974
-27205
-27264
-27331
-27386
-27428
-27500
-27541
-27766
-28277
-28523
-28586
-28596
-28535
-28466
-28558
-28684
-28539
-28791
-28073
-27960
-28321
-27584
-27317
-26907
-26563
-26146
-25762
-25470
-25201
-24855
-24623
-24367
-24037
-23722
-23359
-23069
-22850
-22632
-22336
-22075
-21804
-21598
-21359
-21241
-21136
-21142
-21115
-21182
-21283
-21483
-21653
-21901
-22189
-22008
-22857
-23201
-24336
-25140
-25430
-26682
-27544
-27964
-29203
-29938
-30604
-31354
-31480
-31590
-31384
-31144
-30821
-30428
-30180
-29718
-29422
-27960
-27960
-28121
-28667
-28905
-29063
-29239
-28846
-29260
-29077
-28955
-28691
-28544
-28125
-27596
-26949
-26397
-25993
-25642
-25344
-25279
-25317
-25428
-25371
-25382
-25420
-25350
-24928
-25466
-25531
-25520
-25472
-25438
-25241
-25092
-25075
-24951
-24842
-24705
-24592
-24917
-24380
-24268
-24218
-24247
-24210
-24201
-24249
-24310
-24352
-24363
-24333
-24350
-24361
-24359
-24369
-23941
-24521
-24623
-24878
-25016
-25134
-25313
-25500
-25720
-25857
-25955
-26023
-26069
-26210
-26334
-26525
-26735
-26918
-26968
-27086
-27151
-27222
-26876
-27399
-27464
-27640
-27909
-28065
-28117
-28157
-28252
-28521
-28949
-29235
-29625
-30054
-30386
-30646
-30838
-31157
-31432
-31861
-32094
-32176
-32287
-32472
-32653
-32546
-32474
-32499
-32411
-31918
-31527
-31300
-31157
-29905
-29149
-28712
-27508
-27249
-26264
-24487
-23871
-22869
-21512
-20949
-19262
-18417
-18039
-16655
-15905
-15294
-14762
-14367
-14020
-13728
-13573
-13579
-13636
-13846
-14090
-14430
-14875
-15327
-15859
-16146
-17310
-18063
-18873
-19781
-20125
-21420
-22449
-23441
-24319
-25172
-26172
-27058
-27773
-28508
-29283
-29917
-30432
-30905
-31376
-31317
-32224
-32493
-32800
-33094
-33304
-33565
-33766
-33959
-34094
-34165
-34264
-34270
-34256
-34674
-34023
-33915
-34195
-33470
-33180
-32978
-32770
-32487
-32722
-32029
-31808
-31581
-31457
-31726
-31000
-30703
-30396
-30100
-29913
-29676
-29491
-29260
-29083
-28907
-28808
-28750
-28607
-28472
-28306
-28193
-28023
-27693
-27541
-27256
-26985
-26817
-26670
-26583
-26678
-26609
-26310
-26203
-26044
-25918
