-16976
-16634
-16438
-16298
-16167
-16063
-16000
-16084
-16165
-16155
-16195
-16264
-16436
-16596
-16722
-17010
-17239
-17518
-17686
-17892
-18147
-18296
-18472
-18689
-18821
-18941
-19048
-19077
-19121
-19088
-19537
-18972
-18886
-18747
-19042
-18308
-18556
-17918
-17611
-17283
-17002
-16672
-16348
-16035
-15667
-15386
-15084
-14766
-14508
-14271
-13915
-13438
-13113
-12745
-12344
-12010
-11892
-11781
-11792
-11894
-11909
-12086
-12065
-12136
-12161
-12023
-12083
-11941
-11886
-11647
-11567
-11434
-11724
-11197
-11060
-11147
-10779
-11432
-11270
-12109
-12542
-13044
-13552
-13831
-13848
-14029
-14386
-14779
-14712
-15542
-15680
-15750
-15764
-15911
-16071
-16411
-16730
-17090
-17396
-17625
-17844
-18046
-18313
-18125
-18892
-19266
-19605
-19932
-20264
-20071
-20766
-20855
-20781
-20649
-20413
-20210
-20018
-19722
-19613
-19409
-19073
-18875
-19042
-18224
-17857
-17682
-17380
-17147
-17035
-16894
-16699
-16481
-16392
-16210
-16161
-16195
-16230
-16386
-16447
-16611
-16888
-16617
-17315
-17499
-17607
-17754
-17640
-17451
-17077
-15934
-15415
-14781
-14647
-13792
-13254
-14132
-14209
-15420
-16294
-17279
-18271
-19436
-20462
-24037
-24392
-24689
-24579
-23451
-22743
-21865
-21201
-20941
-19894
-19191
-18823
-18600
-18478
-17745
-17188
-17378
-17432
-17142
-17813
-17939
-18035
-18155
-18420
-18770
-19174
-19716
-20329
-20962
-21392
-21966
-22250
-22703
-22476
-23126
-23189
-23226
-23104
-23042
-22863
-22712
-22525
-22333
-22031
-21865
-21539
-21312
-21107
-21052
-21495
-21172
-21434
-21735
-21983
-22338
-22674
-22506
-23334
-23636
-23455
-24533
-25186
-25758
-26220
-26670
-27279
-27728
-28140
-28562
-28999
-29457
-29951
-29848
-30686
-31111
-31495
-31323
-31760
-32483
-32569
-32705
-32785
-32821
-32730
-32760
-32672
-32527
-32464
-32365
-32191
-31974
-31672
-31357
-31056
-30623
-30182
-30218
-29184
-28644
-28155
-27621
-26968
-26827
-26296
-25193
-24653
-23989
-23838
-22583
-22361
-21264
-20962
-19628
-19457
-18249
-17602
-16960
-16245
-15691
-15186
-15128
-14241
-13867
-13537
-13287
-13027
-12747
-12510
-12329
-12409
-12430
-12541
-12689
-12901
-13147
-13539
-13970
-14457
-14911
-15554
-15745
-16762
-17386
-18014
-18516
-18581
-19520
-19936
-20909
-21621
-21518
-22312
-22491
-22588
-23294
-24144
-24596
-24710
-24565
-24562
-24539
-24453
-24361
-24306
-24086
-24016
-23915
-23918
-23810
-23739
-23768
-23829
-23771
-23804
-23840
-23804
-23794
-23720
-23674
-23668
-23632
-23567
-23499
-23432
-23394
-23373
-23308
-23292
-23250
-23182
-23115
-23048
-23023
-23042
-22983
-22867
-22739
-22638
-22953
-22354
-22207
-22113
-22021
-21886
-21817
-21825
-21766
-21798
-21855
-21915
-22018
-22000
-21959
-21972
-21884
-21791
-21745
-21762
-21789
-21766
-21854
-21884
-22021
-22201
-22273
-22378
-22449
-22464
-22531
-22533
-22604
-22634
-22581
-22600
-22625
-22615
-22651
-22787
-22741
-22888
-23054
-23271
-23283
-23563
-23815
-24010
-24121
-24266
-24569
-24905
-24962
-25995
-26502
-26766
-26810
-26649
-26424
-26291
-26018
-25785
-25481
-25079
-24562
-23827
-23128
-22392
-21649
-21405
-20308
-19596
-19081
-18388
-17938
-17394
-16863
-17050
-16584
-15800
-15560
-15313
-15155
-15084
-14964
-14932
-14922
-14825
-14855
-14672
-14710
-14731
-14716
-14810
-14907
-15018
-15105
-15138
-15199
-15180
-15352
-15394
-15489
-15527
-15680
-15667
-15766
-15815
-15928
-15983
-16115
-16308
-16508
-16132
-17002
-17317
-17481
-17123
-17777
-17918
-17960
-18134
-18153
-18233
-18138
-17966
-17701
-17333
-16957
-17069
-16592
-16113
-15300
-14985
-15083
-14583
-13497
-13123
-13168
