-20361
-20308
-20292
-20262
-20271
-20279
-20256
-20237
-20264
-20331
-20417
-20476
-20539
-20539
-20605
-20730
-20955
-21237
-21451
-21625
-21781
-21504
-22125
-22247
-22394
-22569
-22733
-22945
-23130
-23260
-23397
-23546
-23672
-23773
-23897
-24075
-24313
-24592
-24833
-24966
-25090
-25250
-24920
-25550
-25689
-25890
-26098
-26262
-26373
-26487
-26613
-26758
-26871
-26959
-26962
-26953
-27039
-27199
-27336
-27430
-27457
-27457
-27438
-27386
-27300
-27195
-27100
-26989
-26907
-26827
-26754
-26550
-26323
-26155
-26014
-25859
-25741
-25663
-25563
-25884
-25214
-24962
-24726
-24504
-24283
-24021
-23710
-23369
-23021
-22640
-22250
-21901
-21682
-21953
-21296
-21155
-21113
-21119
-21033
-20831
-20565
-20270
-19983
-19758
-19607
-19478
-19397
-19386
-19336
-19247
-19077
-18905
-18638
-18373
-18201
-18100
-18039
-17976
-17875
-17766
-17697
-17649
-17569
-17449
-17331
-17249
-17189
-17111
-17081
-17069
-17048
-17041
-17069
-16621
-17184
-17281
-17344
-17403
-17453
-17500
-17560
-17611
-17667
-17697
-17770
-17911
-18071
-18195
-18300
-18411
-18525
-18579
-18567
-18577
-18699
-18842
-18871
-18821
-18758
-18747
-18810
-19014
-19354
-19733
-19598
-20344
-20439
-20420
-20405
-20516
-20714
-20978
-21256
-21023
-21705
-21850
-21922
-21899
-21938
-21502
-22081
-22115
-22107
-22123
-22098
-22052
-22006
-21945
-21892
-21850
-21789
-21701
-21623
-21550
-21510
-21455
-21359
-21260
-21174
-21155
-21146
-21197
-21214
-21203
-21161
-21111
-21086
-21039
-20987
-20951
-20873
-20773
-20676
-20611
-20569
-20453
-20300
-20186
-20052
-19905
-19728
-19604
-19468
-19336
-19203
-19083
-18913
-18752
-18632
-18525
-18476
-18382
-18247
-18100
-17981
-17867
-17703
-17514
-17352
-17220
-17027
-16859
-16821
-16892
-17018
-17134
-17157
-17073
-16953
-16827
-16703
-16583
-16504
-16531
-16565
-16548
-16481
-16436
-16352
-16264
-16174
-16096
-16056
-16012
-15974
-15966
-15938
-15913
-15890
-15867
-15813
-15760
-15682
-15668
-15682
-15686
-15659
-15640
-15663
-15686
-15726
-15745
-15823
-15949
-16008
-16018
-16052
-16142
-16210
-16250
-16256
-16319
-16436
-16533
-16640
-16777
-16909
-17039
-17123
-17230
-17363
-17445
-17523
-17630
-17781
-17880
-17920
-17880
-17794
-17821
-17623
-18081
-18976
-19247
-19447
-19636
-19852
-19554
-20258
-20455
-20695
-20911
-21144
-21392
-21661
-21928
-22126
-22300
-22006
-22684
-22905
-23117
-23300
-23413
-23523
-23636
-23773
-23978
-24157
-24285
-24378
-24462
-24602
-24777
-24911
-24978
-25018
-25090
-25218
-25325
-25403
-25447
-25457
-25497
-25523
-25584
-25649
-25684
-25672
-25647
-25628
-25630
-25657
-25676
-25642
-25575
-25569
-25539
-25480
-25495
-25453
-25478
-25537
-25596
-25716
-25894
-26002
-26149
-26363
-26628
-26848
-27100
-26903
-27674
-28165
-28579
-28886
-29915
-30392
-30312
-31119
-31460
-31665
-31838
-31970
-31922
-31880
-31850
-31642
-30955
-30741
-29834
-30611
-30640
-30319
-29981
-29846
-29794
-29695
-29411
-29142
-28691
-28783
-28079
-27712
-27378
-27042
-26709
-26296
-26361
-25686
-25489
-25357
-25094
-24871
-24646
-24464
-24207
-23995
-23871
-23720
-23480
-23260
-23159
-23069
-23039
-22945
-22995
-23029
-23134
-23252
-23367
-23499
-23678
-23787
-23470
-24245
-24497
-24861
-25189
-25487
-25447
-26354
-26649
-26970
-27338
-27794
-28216
-28724
-29296
-29355
-29836
-30779
-31258
-31273
-32167
-32684
-33168
-33607
-34020
-34478
-34896
-34794
-35237
-35709
-36563
-36911
-37275
-37474
-37722
-37953
-38077
-38210
-38405
-38541
-38575
-38653
-38680
-38747
-38775
-38693
-38735
-38518
-38355
-38266
-37985
-37672
-37380
-37556
-36766
