-25207
-25369
-25462
-25205
-25002
-24752
-24451
-24231
-24422
-23575
-23115
-22667
-22304
-21991
-21846
-21697
-21968
-21268
-21163
-21161
-21439
-21712
-21943
-22125
-22390
-22672
-22483
-23050
-23254
-23128
-23197
-23000
-22741
-22548
-22325
-22027
-21689
-21459
-21016
-20630
-20271
-19825
-19367
-18575
-17756
-17588
-16644
-16397
-16235
-16039
-16180
-16153
-17294
-18035
-18516
-18640
-19098
-20233
-19928
-19418
-18957
-18855
-18688
-18964
-19147
-20745
-21667
-22773
-23083
-24128
-24918
-25411
-26094
-26382
-25888
-24584
-23035
-21617
-20457
-18262
-16220
-15002
-13499
-12142
-12021
-11936
-11834
-13445
-14762
-17584
-19424
-21968
-23794
-25184
-26306
-26771
-27174
-26762
-25899
-25802
-25373
-24901
-23959
-23735
-23735
-24056
-24289
-24245
-24197
-24149
-24405
-23668
-23312
-23401
-22630
-22354
-22168
-22012
-22008
-22180
-22401
-22733
-23012
-23230
-23354
-23317
-23113
-23020
-22831
-22527
-22291
-22111
-22100
-22041
-22151
-22420
-22707
-23012
-23325
-23722
-24252
-24836
-25270
-25434
-25260
-24924
-24609
-24025
-23230
-22312
-21539
-20812
-20222
-19844
-19768
-19682
-19663
-19833
-20006
-20209
-20340
-20466
-20277
-20065
-19823
-19401
-18766
-18470
-17523
-16178
-16115
-15235
-14747
-14607
-14854
-15126
-15514
-16363
-16672
-18020
-18147
-18642
-19346
-19249
-18936
-18336
-17361
-16357
-14396
-12941
-11894
-10991
-10331
-10020
-10041
-10611
-11413
-11886
-12827
-13846
-15264
-15705
-16096
-15273
-14848
-14376
-13810
-13205
-12638
-12266
-12390
-12625
-13138
-13867
-14565
-15417
-15667
-16844
-16999
-17659
-17875
-18186
-18594
-19649
-19959
-20134
-20470
-20615
-20741
-20842
-21191
-21046
-21771
-21934
-22056
-22025
-22474
-21972
-21789
-21628
-21983
-21304
-21105
-21079
-21050
-21491
-20813
-20745
-20563
-20319
-20132
-20016
-19886
-19691
-19584
-19483
-19268
-19153
-19088
-19125
-19098
-19195
-19376
-19647
-19951
-20315
-20817
-21313
-22203
-22689
-23197
-23604
-24165
-24439
-25781
-26571
-27346
-28338
-29590
-30113
-30709
-31249
-31709
-32155
-32312
-32464
-32491
-32289
-31888
-31537
-31004
-30420
-30235
-28834
-27991
-26962
-26004
-25128
-24184
-23882
-22754
-22172
-21726
-21270
-21121
-20941
-20861
-20938
-21096
-21367
-21594
-21888
-22195
-22399
-22579
-22796
-22981
-23174
-23142
-22987
-22815
-23016
-23260
-23210
-23319
-23420
-23186
-22999
-22678
-22178
-21955
-21029
-20342
-19760
-19355
-19531
-18665
-18291
-17817
-17468
-17581
-16766
-16529
-16455
-16491
-16745
-16894
-17312
-17182
-18020
-18542
-18938
-19367
-19688
-19583
-20063
-20932
-21153
-21592
-21760
-21928
-21500
-21947
-21796
-21613
-21533
-21438
-21527
-21604
-21646
-21901
-22136
-23161
-23770
-24657
-25514
-27140
-28407
-29481
-29867
-25512
-23691
-21581
-20231
-19270
-18985
-18546
-17999
-18478
-19336
-20817
-22371
-23760
-26441
-28281
-29323
-31170
-31888
-32384
-32680
-32762
-32340
-32209
-31724
-31243
-30460
-30323
-30104
-30079
-30046
-29844
-29401
-28884
-28167
-27436
-25964
-25789
-25777
-25567
-25571
-25489
-25605
-25422
-26170
-26459
-26728
-27014
-27136
-27264
-27239
-27201
-26875
-26443
-25909
-25172
-24523
-24006
-23514
-23250
-23081
-22787
-22615
-22420
-22277
-22163
-22128
-22081
-22035
-21962
-21966
-21796
-21525
-21165
-20752
-20995
-20105
-19911
-19712
-19476
-19195
-18890
-19050
-18220
-17829
-17369
-16943
-16548
-16138
-15930
-15556
-15483
-15392
-15388
-15270
-15214
-15168
-15170
-15224
-15237
-15285
-15455
-15705
-15810
-15947
-15953
-16062
-16102
-15993
-15934
-15752
-15527
-15069
-14844
-14405
-14039
-13428
-12854
-12230
-11596
-10768
