-22510
-21600
-21329
-21294
-21417
-21653
-21789
-21792
-22644
-23132
-24775
-25861
-26636
-27281
-27750
-28102
-28308
-28514
-27972
-27077
-26749
-25682
-25111
-24516
-23762
-23394
-22021
-21474
-20413
-19069
-18720
-18739
-19010
-19392
-19993
-20079
-21258
-21584
-22901
-23863
-24689
-25760
-26396
-27500
-28470
-29350
-30512
-31197
-31691
-32243
-32554
-32941
-33147
-33254
-33451
-33649
-33859
-33983
-34123
-34296
-34396
-34321
-34310
-34327
-34300
-34302
-34310
-34262
-34333
-34386
-34331
-34298
-34176
-34067
-33985
-33846
-33628
-33250
-32941
-32649
-32728
-31892
-31430
-31052
-30682
-30745
-29934
-29630
-29165
-28592
-27981
-27499
-27016
-26480
-25909
-25859
-25359
-24907
-23834
-23903
-23396
-22529
-22197
-21798
-21968
-21243
-21037
-20854
-20733
-20674
-20655
-20682
-20674
-20676
-20726
-20775
-20846
-20926
-21065
-21151
-21256
-21592
-22134
-22432
-23355
-23705
-24063
-24365
-24875
-25159
-24922
-25590
-25836
-25995
-26155
-26312
-26390
-26361
-26388
-26359
-26313
-26235
-25917
-25438
-25193
-24997
-24827
-24504
-24243
-23802
-23523
-23214
-22857
-22945
-21907
-21359
-21468
-20544
-20161
-19794
-19466
-19168
-18953
-18749
-18588
-18508
-18352
-18250
-18188
-18094
-18004
-17945
-17857
-17815
-17791
-18104
-18226
-18342
-18365
-18500
-18600
-18785
-18917
-18573
-19102
-19210
-19270
-19321
-19411
-19560
-19619
-19607
-19647
-19647
-19834
-19953
-19941
-19957
-19924
-19911
-19787
-19594
-19659
-20027
-19285
-19176
-19006
-18861
-18697
-18481
-18556
-17917
-18050
-18031
-17771
-17472
-17344
-17161
-16689
-16707
-16789
-16825
-16792
-16714
-16647
-16546
-16472
-16380
-16331
-16300
-16216
-16153
-16146
-16128
-16151
-16168
-16216
-16310
-16449
-16604
-16735
-16901
-16628
-17386
-17699
-17945
-18247
-18094
-18930
-19180
-19376
-19537
-19689
-19848
-20023
-20294
-20500
-20783
-20548
-21283
-21052
-21823
-22083
-22313
-22583
-22894
-23209
-23516
-23865
-24260
-24548
-24905
-25235
-25542
-25821
-26088
-25897
-26730
-27058
-26920
-27691
-27911
-28132
-27867
-28529
-28592
-28653
-28710
-28735
-28695
-28638
-28521
-28380
-28218
-28006
-27779
-27531
-27245
-26917
-26630
-26270
-25909
-25537
-25126
-24705
-24247
-23754
-23245
-22728
-22159
-21571
-21487
-20529
-20483
-19430
-18882
-18333
-17787
-17170
-17050
-15991
-15451
-14934
-14439
-13928
-13539
-13004
-12533
-12062
-11628
-11710
-10836
-10508
-10186
-9878
-9600
-9334
-9077
-9266
-8565
-8375
-8151
-8008
-7901
-7775
-7634
-7541
-7504
-7447
-7336
-7292
-7287
-7348
-7399
-7367
-7315
-7302
-7336
-7386
-7453
-7495
-7609
-7750
-7960
-8132
-8273
-8281
-8226
-8191
-8197
-8239
-8262
-8336
-8405
-8413
-8363
-8344
-8334
-8369
-8403
-8438
-8460
-8485
-8480
-8489
-8535
-8609
-8670
-8783
-8917
-9018
-9071
-9149
-9230
-9327
-9428
-9506
-9602
-9710
-9791
-9890
-9985
-10031
-10060
-10090
-10140
-10222
-10317
-10405
-10481
-10541
-10619
-10730
-10878
-11046
-11191
-11344
-11476
-11605
-11262
-11896
-12041
-12210
-12373
-12525
-12684
-12976
-13128
-13321
-13533
-13216
-13815
-14035
-14256
-14359
-14510
-14584
-14552
-14558
-14686
-14691
-14605
-14628
-14605
-14575
-14586
-14604
-14783
-14993
-14661
-15329
-15575
-15884
-15712
-16489
-16899
-17271
-17680
-18056
-18438
-18819
-19218
-19083
-19991
-20348
-20707
-21069
-21376
-21647
-21514
-22239
-22418
-22638
-22878
-23048
-23142
-23250
-23417
-23571
-23512
-23533
-23583
-23621
-23583
-23552
-23462
-23489
-23397
-23189
-23058
-22896
-22737
-22542
-22407
-22287
-21991
-21806
-21747
-21563
-21417
