-21852
-22069
-22306
-22403
-22569
-22602
-22720
-22951
-23104
-23241
-23510
-23756
-23472
-24214
-24338
-24594
-24884
-25052
-25113
-25134
-25216
-25258
-25298
-25252
-25172
-25033
-24875
-24590
-24241
-23827
-23915
-23449
-22552
-22006
-21594
-21245
-20840
-20455
-19911
-19472
-19123
-18644
-18245
-17897
-17533
-17281
-17039
-16882
-16724
-16646
-16638
-16680
-16758
-16892
-17042
-17224
-17327
-17539
-17796
-17623
-18313
-18638
-18966
-19235
-19527
-19789
-19947
-20167
-20336
-20418
-20565
-20686
-20691
-20712
-20730
-20718
-20705
-20661
-20703
-20701
-20642
-20542
-20466
-20376
-20415
-20399
-20365
-20411
-20457
-20512
-20531
-20657
-20817
-20917
-21039
-21212
-21441
-21695
-21878
-22069
-22239
-22449
-22630
-22875
-22939
-23065
-23312
-23338
-23439
-23514
-23548
-23583
-23562
-23605
-23607
-23636
-23705
-23764
-23852
-23888
-23913
-23462
-24008
-24029
-24004
-23834
-23710
-23531
-23329
-23157
-23138
-23018
-22476
-23048
-23025
-23020
-23067
-23031
-23021
-22945
-22896
-22852
-22842
-22848
-22857
-22911
-22888
-22825
-22882
-22999
-23069
-23010
-23098
-23189
-23237
-23428
-23438
-22978
-23562
-23520
-23562
-23623
-23529
-23525
-23539
-23607
-23710
-23686
-23766
-23876
-23962
-23978
-24035
-24018
-24426
-23833
-23710
-23562
-23459
-23245
-22985
-22787
-22590
-22399
-22258
-22125
-22046
-21918
-21831
-21764
-21676
-21506
-21327
-21180
-21073
-20953
-20785
-20638
-20468
-20292
-20167
-20497
-19861
-19709
-19563
-19470
-19325
-19149
-19018
-18936
-18894
-18827
-18720
-18636
-18577
-18529
-18485
-18378
-18352
-18359
-18357
-18342
-18277
-18186
-18083
-17968
-17829
-17686
-17512
-17354
-17212
-17130
-17071
-16997
-16901
-16808
-16689
-16604
-16554
-16476
-16411
-16390
-16359
-16317
-16210
-16041
-15888
-15743
-15651
-15470
-15292
-15107
-14932
-14798
-15144
-14439
-14256
-14111
-13903
-13699
-13546
-13396
-13226
-13079
-12983
-12897
-12775
-12670
-12602
-12506
-12451
-12443
-12439
-12451
-12481
-12500
-12539
-12605
-12604
-12596
-12676
-12735
-12760
-12781
-12854
-12949
-13025
-13073
-13111
-12710
-13262
-13321
-13386
-13443
-13502
-13480
-13518
-13550
-13527
-13470
-13451
-13497
-13569
-13615
-13647
-13649
-13626
-13577
-13548
-13474
-13453
-13464
-13451
-13441
-13424
-13413
-13443
-13462
-13462
-13436
-13426
-13426
-13466
-13489
-13499
-13514
-13495
-13466
-13485
-13521
-13537
-13499
-13476
-13491
-13476
-13462
-13476
-13430
-13411
-13438
-13472
-13531
-13586
-13609
-13646
-13195
-13716
-13764
-13859
-13924
-13949
-14033
-14065
-14102
-14090
-14086
-14094
-14083
-14006
-13917
-13810
-13714
-13621
-13520
-13382
-13245
-13104
-12999
-12880
-12775
-13191
-12623
-12577
-12619
-12676
-12689
-12686
-12773
-12825
-12861
-12955
-13170
-13483
-13812
-14111
-14371
-14609
-14875
-15125
-15317
-15567
-15728
-15806
-15894
-15890
-16071
-16195
-17588
-18394
-18873
-19235
-19632
-19995
-20239
-20441
-20647
-20924
-21235
-21550
-21787
-22054
-22340
-22628
-22947
-23245
-23565
-23918
-24264
-24521
-24731
-24441
-25149
-25344
-25500
-25647
-25829
-25968
-26083
-26167
-26268
-26382
-26449
-26438
-26415
-26399
-26430
-26869
-26384
-26275
-26054
-25651
-25254
-24705
-23978
-23233
-22527
-21834
-21146
-20434
-19716
-19060
-18917
-17661
-16896
-16184
-15403
-14922
-14399
-14226
-14037
-14086
-14153
-14384
-14762
-15453
-15934
-16518
-16701
-17773
-18548
-18667
-19779
-20508
-20617
-21808
-22430
-23067
-23636
-24102
-24590
-24888
-25199
-25392
-25630
-25693
-25792
-25846
-25865
-25838
-25418
-25863
-25752
-25573
-25892
-25340
-25128
-25058
-25176
-24997
-24812
