-19487
-19060
-19623
-19625
-19651
-19760
-19798
-19773
-19785
-19749
-19800
-19785
-19710
-19567
-19523
-19506
-19455
-19380
-19371
-19329
-19338
-19403
-19447
-19396
-19468
-19063
-19663
-19741
-19777
-19754
-19779
-19869
-19934
-19970
-20060
-20126
-20146
-20292
-20352
-20443
-20041
-20630
-20743
-20829
-20964
-21157
-21294
-21012
-21752
-21500
-22178
-22266
-22006
-22661
-22779
-22943
-23102
-23321
-23489
-23628
-23850
-24010
-24180
-24254
-24271
-24241
-24054
-23861
-23571
-23239
-23063
-23056
-22987
-22821
-22735
-22953
-22264
-22199
-22472
-21821
-21938
-21430
-20976
-20063
-19749
-19378
-19541
-18754
-19031
-18327
-18245
-18218
-18147
-18107
-18174
-18165
-18239
-18207
-18209
-18321
-18462
-18090
-18731
-18939
-19233
-19464
-19632
-19959
-20189
-20399
-20592
-20792
-20970
-21144
-21279
-21460
-21636
-21686
-21707
-21804
-21844
-21777
-21697
-21623
-21434
-21304
-21180
-20899
-20560
-20468
-20228
-19993
-19777
-19619
-19361
-19222
-19067
-18861
-18686
-18567
-18499
-18542
-18609
-18596
-18556
-18525
-18529
-18663
-18739
-18720
-18684
-18754
-18896
-19050
-19283
-19375
-19079
-19802
-19999
-20105
-20313
-20472
-20508
-20659
-20785
-20955
-21109
-21186
-21312
-21533
-21649
-21661
-21659
-21657
-21691
-21764
-21831
-21521
-22228
-22523
-22934
-22529
-22834
-22480
-23252
-23325
-23008
-23752
-23926
-24012
-24201
-24542
-24621
-24514
-24714
-24813
-24829
-24907
-24993
-24899
-24896
-24951
-24947
-25002
-25084
-25189
-25380
-25493
-25567
-25596
-25642
-25676
-25724
-25768
-25781
-25798
-25850
-25964
-26041
-26121
-26224
-26250
-26271
-26285
-26315
-26365
-26409
-26415
-26405
-26420
-26403
-26457
-26575
-26689
-26785
-26819
-26857
-26873
-26888
-26926
-26953
-26953
-26911
-26854
-26825
-26730
-26632
-26548
-26478
-26424
-26308
-26132
-25976
-25852
-25678
-25493
-25292
-25117
-24960
-24798
-24598
-24439
-24220
-24020
-23815
-23632
-23911
-23214
-23025
-22825
-22613
-22369
-22134
-21896
-21718
-21562
-21367
-21149
-20947
-20798
-20682
-20581
-20460
-20333
-20231
-20178
-20159
-20167
-20203
-20218
-20241
-20292
-20375
-20046
-20705
-20865
-20533
-21182
-21348
-21035
-21684
-21848
-22046
-22291
-22012
-22705
-22924
-23126
-23352
-23605
-23833
-24090
-24354
-24590
-24829
-25016
-25256
-25474
-25657
-25813
-25953
-26117
-26260
-25897
-26476
-26567
-26678
-26838
-26995
-27067
-27107
-27134
-27205
-27281
-27317
-27334
-27304
-27268
-27258
-27271
-27277
-27252
-27250
-27247
-27260
-27247
-27216
-27188
-27146
-27090
-27069
-27048
-27014
-26993
-26966
-26997
-27039
-27052
-27046
-27069
-27107
-27138
-27176
-27201
-27231
-27262
-27359
-27516
-27598
-27611
-27632
-27668
-27724
-27800
-27922
-28014
-28100
-28167
-28210
-28250
-28313
-28382
-28487
-28554
-28617
-28716
-28869
-28970
-29021
-29042
-29056
-29065
-29075
-29067
-29107
-29119
-29134
-29142
-29098
-29062
-29037
-28997
-28964
-28941
-28938
-28930
-28840
-28775
-28747
-28684
-28613
-28596
-28575
-28567
-28544
-28520
-28542
-28493
-28363
-28186
-28018
-27939
-27873
-27735
-27615
-27514
-27388
-27294
-27226
-27100
-26953
-26890
-26825
-26745
-26668
-26579
-26481
-26428
-26375
-26310
-26254
-26220
-26172
-26119
-26063
-26016
-25960
-25957
-25951
-25924
-25884
-25857
-25855
-25815
-25754
-25731
-25724
-25735
-25722
-25716
-25749
-25796
-25806
-25781
-25756
-25777
-25844
-25924
-25959
-26006
-26067
-26142
-26226
-26310
-26413
-26464
-26518
-26567
-26609
-26665
-26792
-26915
-26974
-27020
-27102
-27170
-27188
-27195
-27209
-27271
-27355
-27386
-27418
-27445
-27493
-27430
-27533
-27562
-27451
-27210
