-17667
-17665
-17730
-17710
-17695
-17728
-17899
-17959
-17955
-17630
-18270
-18340
-18380
-18478
-18539
-18571
-18579
-18533
-18441
-18392
-18396
-18090
-18693
-18922
-19174
-19478
-19934
-20287
-19907
-19659
-19819
-20279
-20611
-20949
-21403
-21798
-22195
-22703
-23201
-23415
-23346
-23344
-23451
-23667
-23271
-23035
-23233
-23348
-23230
-23422
-22506
-22018
-21968
-20875
-20394
-20140
-20014
-19955
-19928
-19546
-20163
-20462
-20888
-21491
-21588
-22773
-22995
-24117
-24821
-25672
-26260
-27060
-27542
-28004
-28230
-28367
-28250
-28060
-27695
-27254
-26659
-25983
-25249
-24548
-24355
-23275
-22560
-22077
-21535
-21226
-21077
-20913
-21098
-21369
-21680
-21537
-22466
-22934
-23044
-23500
-24375
-24741
-25163
-25310
-25500
-25632
-25665
-25779
-25836
-25750
-25999
-25980
-25859
-26029
-26077
-26010
-25985
-25705
-25556
-25239
-25394
-24531
-23987
-23938
-23369
-22313
-21659
-21092
-20579
-20508
-19460
-19472
-18586
-18224
-17901
-17667
-17466
-17287
-17130
-17071
-16960
-16955
-16997
-17083
-17130
-17340
-17581
-17800
-18060
-18209
-18302
-18502
-18607
-18676
-18789
-18829
-18875
-18932
-18907
-18953
-19063
-19539
-19084
-18974
-18869
-18714
-18695
-19048
-18117
-18720
-18592
-18149
-17785
-16985
-16354
-16188
-16002
-15460
-15079
-14882
-14649
-14453
-14262
-14256
-14258
-14369
-14331
-14369
-14659
-15334
-15491
-15668
-15749
-15806
-15903
-16096
-16004
-16010
-15941
-15718
-15413
-15418
-15373
-15184
-15081
-14897
-14699
-14424
-14649
-13764
-13380
-13006
-12745
-12424
-12678
-12063
-11945
-11758
-11619
-11453
-10886
-10791
-10726
-10812
-10930
-10953
-11012
-10815
-11523
-11665
-11909
-11735
-12535
-12953
-13298
-13588
-13907
-14346
-14556
-14796
-14663
-15298
-15518
-15674
-15972
-16199
-16384
-16514
-16703
-16842
-17016
-17086
-17182
-17367
-17510
-17701
-17897
-18031
-18096
-18125
-18562
-18165
-18191
-18195
-18216
-18123
-17957
-17728
-17424
-17102
-16972
-16922
-17033
-17193
-17401
-17628
-17722
-17867
-17949
-18136
-18304
-18537
-18682
-18897
-19021
-19178
-19292
-19294
-19287
-19126
-18985
-18770
-18573
-18367
-18172
-18542
-17861
-18073
-17420
-17199
-17581
-17008
-16997
-17167
-17312
-17436
-17688
-17789
-17905
-17981
-18125
-18151
-18302
-18287
-18283
-18195
-18096
-18189
-18205
-18188
-18302
-18443
-18602
-18693
-18817
-18819
-18865
-18768
-18617
-18657
-18737
-18869
-19033
-19063
-19312
-19630
-19823
-20174
-20447
-20733
-20525
-21285
-21493
-21722
-21815
-21947
-21905
-21917
-21735
-21594
-21434
-21262
-21100
-20886
-20768
-20873
-20813
-20878
-21052
-21350
-21615
-21890
-22230
-22594
-23060
-23020
-23888
-24306
-24712
-24995
-25333
-25600
-25714
-25827
-25876
-25855
-25667
-25487
-25205
-25373
-24565
-24228
-23947
-23565
-23180
-22838
-22949
-22153
-21897
-21699
-21502
-21371
-21205
-20949
-20821
-20647
-20428
-20424
-20346
-20327
-20281
-20411
-20359
-20460
-20365
-20262
-20245
-20084
-20100
-20021
-19938
-19861
-19855
-19768
-19817
-19911
-19972
-20029
-20180
-20323
-20489
-20649
-20951
-21212
-21010
-21510
-22638
-23147
-23167
-23926
-24623
-25304
-25525
-26667
-27212
-27804
-28201
-28750
-29254
-30008
-30476
-30878
-31010
-30875
-30541
-29974
-29758
-28500
-27649
-26607
-25548
-24596
-23586
-22657
-21754
-21394
-20134
-19586
-19294
-19151
-19132
-19340
-19541
-19938
-20302
-20825
-21445
-21949
-22888
-23275
-23621
-23560
-23569
-24140
-24575
-24558
-24749
-25113
-25598
-25630
-25245
-24794
-24302
-23817
-23222
-22647
-22084
-21980
-21172
-20846
-20640
-20438
-20243
-20184
-20239
-20342
-20730
-21107
-21025
-21552
