-17676
-17558
-17468
-17271
-17567
-16989
-16886
-16808
-16842
-16871
-16901
-16945
-17065
-17245
-17453
-17688
-17941
-18306
-18661
-19000
-19331
-19739
-19970
-20296
-20453
-20535
-20663
-20720
-20855
-20806
-20756
-20680
-20537
-20344
-20060
-19859
-19646
-19449
-19315
-19165
-19062
-18980
-18854
-18571
-16983
-18117
-21157
-20567
-19678
-19993
-18951
-18216
-17783
-17191
-17321
-16781
-16644
-17432
-17241
-16771
-16376
-16002
-15810
-16077
-15535
-15764
-15855
-16052
-16291
-16478
-16147
-16783
-16815
-16810
-16787
-16626
-16415
-16149
-15978
-15970
-15962
-15880
-15739
-15939
-15869
-15590
-15903
-15558
-15397
-15783
-16350
-17037
-17560
-17939
-17928
-17653
-17182
-16823
-16432
-16271
-16201
-16354
-16583
-16831
-16974
-16991
-17216
-17109
-17691
-18642
-20294
-21117
-22569
-24186
-26180
-26983
-28516
-30315
-32065
-33149
-34052
-34508
-34752
-34777
-34354
-34195
-32825
-32111
-30733
-29023
-28115
-26039
-24955
-23701
-22739
-21144
-20252
-19922
-18932
-18520
-18365
-18214
-18224
-18176
-18252
-18348
-18508
-18817
-19222
-19695
-20182
-20693
-20995
-21334
-21623
-21966
-22445
-22476
-23331
-23750
-24042
-24224
-24247
-24275
-24138
-23901
-23571
-23182
-22724
-22128
-21630
-21041
-20571
-20084
-19808
-19327
-18924
-18833
-18899
-18611
-19640
-20144
-20770
-21090
-21430
-21947
-22455
-22886
-23283
-23533
-23819
-24065
-24153
-24147
-24191
-24174
-24153
-24035
-23918
-23867
-23775
-23756
-23813
-23875
-23901
-24058
-24193
-24302
-23947
-24520
-24688
-24871
-25016
-25165
-25392
-25336
-25138
-25002
-24768
-24317
-24067
-23768
-23499
-23207
-22834
-22506
-22105
-21649
-21083
-20613
-20155
-19718
-19340
-18794
-18409
-17042
-16936
-16892
-16917
-16617
-17180
-17422
-17739
-17941
-18031
-18233
-18352
-18413
-18483
-18539
-18373
-18556
-17911
-17743
-17590
-17546
-17500
-17329
-17340
-17039
-17020
-17119
-17054
-17050
-16941
-16941
-16813
-16722
-16676
-16628
-16542
-16617
-16144
-16560
-16499
-16336
-16336
-16138
-15901
-16102
-15386
-15149
-15098
-14983
-14962
-14953
-14869
-14943
-14812
-14834
-15128
-14493
-14077
-14123
-13607
-12523
-12209
-10945
-10119
-10222
-9407
-9291
-9430
-9575
-9970
-10388
-10939
-11520
-12506
-13327
-13894
-13716
-14607
-14924
-15205
-15521
-15741
-15939
-16109
-16104
-15999
-15953
-15842
-15752
-15710
-15655
-15499
-15380
-15270
-15025
-14909
-14823
-14665
-14628
-14554
-14573
-14630
-14619
-14720
-14798
-14882
-15021
-14670
-15340
-15556
-15821
-16117
-16426
-16775
-16615
-17504
-17854
-18195
-18090
-18863
-18571
-19203
-19413
-19640
-19804
-19962
-20075
-20270
-20434
-20502
-20569
-20609
-20583
-20560
-20447
-20375
-20273
-20119
-20037
-19867
-19756
-19596
-19457
-19315
-19203
-19079
-18886
-18722
-19021
-18371
-18209
-18008
-17836
-17640
-17537
-17296
-17052
-16876
-16728
-16577
-16413
-16207
-16021
-15861
-15779
-15567
-15369
-15247
-15109
-14894
-14836
-14762
-14726
-14722
-14760
-14712
-14750
-14821
-14896
-15006
-15107
-15230
-15313
-15504
-15718
-15922
-16054
-16209
-16388
-16573
-16794
-17014
-17254
-17491
-17806
-18063
-18292
-18632
-18905
-19157
-19474
-19716
-19947
-20168
-20439
-20647
-20873
-21065
-21153
-21434
-21569
-21625
-21806
-21892
-21850
-21884
-21915
-21810
-21796
-21680
-21529
-21422
-21294
-21130
-21478
-20875
-20638
-20506
-20354
-20163
-20113
-19985
-19815
-19623
-19426
-19296
-19218
-19094
-18989
-18882
-18802
-18726
-18657
-18611
-18521
-18464
-18369
-18220
-18117
-18104
-18050
-17972
-17928
-17905
-17819
-17739
-17638
-17491
-17376
-17262
-17111
-16968
-16894
-16875
-16794
