-22796
-22588
-22978
-24056
-24409
-23710
-23023
-22550
-21550
-20859
-20460
-19785
-19722
-18876
-18220
-17313
-16657
-15918
-15981
-14701
-14623
-14144
-13480
-13333
-13090
-12924
-13182
-12544
-12481
-12029
-12212
-12539
-12840
-13354
-13203
-14304
-15258
-15896
-16392
-17071
-17157
-18268
-18752
-19378
-20340
-20533
-22067
-23258
-23827
-24716
-25279
-25418
-26556
-27113
-27810
-27936
-29205
-29922
-31088
-31859
-32405
-32974
-33642
-34478
-35191
-36333
-36861
-37334
-37737
-38044
-38313
-38327
-38031
-37831
-37783
-37777
-37750
-37728
-37731
-37762
-37791
-37804
-37781
-37670
-37516
-37439
-37399
-37334
-37239
-37163
-37111
-37023
-36949
-36871
-36792
-36668
-36415
-36096
-35875
-36149
-35434
-35104
-34785
-34378
-34004
-33640
-33144
-32749
-32369
-31995
-31573
-31205
-30829
-30470
-30079
-29632
-29184
-28749
-28252
-28310
-27396
-27321
-26459
-26090
-25462
-24972
-24544
-24021
-23689
-23287
-22861
-22489
-22180
-21840
-21550
-21233
-20953
-20567
-20294
-19865
-19651
-19344
-18768
-19046
-18300
-18128
-17993
-17840
-17686
-17508
-17384
-17273
-17157
-17042
-16941
-16844
-16697
-16518
-16321
-16220
-16336
-16480
-16542
-16577
-16735
-17048
-17422
-17768
-17989
-17598
-18084
-18058
-18060
-18100
-18254
-18510
-18768
-19010
-19189
-19375
-20165
-20447
-20720
-20913
-21058
-21201
-21348
-21556
-21709
-21848
-21980
-22105
-22214
-22323
-22451
-22537
-22590
-22682
-22789
-22861
-22959
-23020
-23115
-23226
-23247
-23277
-23338
-23397
-23397
-23373
-23334
-23308
-23291
-23233
-23140
-23086
-23062
-23020
-22964
-22917
-22829
-22716
-22644
-22598
-22560
-22523
-22518
-22500
-22481
-22504
-22521
-22495
-22441
-22390
-22399
-22380
-22342
-22296
-22270
-22254
-22233
-22233
-22250
-22271
-22271
-22300
-22323
-22363
-22411
-22430
-22445
-21993
-22550
-22619
-22684
-22752
-22779
-22787
-22840
-22943
-23012
-23073
-23157
-23258
-23346
-23426
-23468
-23512
-23588
-23649
-23703
-23754
-23855
-23453
-24014
-24100
-24195
-24298
-24390
-24491
-24588
-24642
-24701
-24789
-24876
-24922
-25000
-25098
-25170
-25249
-25344
-25405
-25439
-25472
-25500
-25560
-25634
-25651
-25636
-25653
-25712
-25764
-25789
-25800
-25800
-25834
-25844
-25871
-25907
-25970
-26031
-26069
-26079
-26098
-26107
-26105
-26123
-26142
-26172
-26203
-26201
-26241
-26270
-26285
-26226
-26216
-26209
-26226
-26250
-26231
-26201
-26178
-26107
-26010
-25924
-25771
-25701
-25764
-25871
-25909
-25909
-25855
-25854
-25859
-25806
-25735
-25647
-25541
-25418
-25268
-25126
-24991
-24848
-24728
-24577
-24907
-24233
-24079
-23980
-23901
-23804
-23707
-23592
-23516
-23455
-23390
-23312
-23237
-23199
-23195
-23165
-23126
-23094
-23046
-22934
-22886
-22911
-23012
-23081
-23084
-23063
-23052
-23060
-23086
-23111
-23092
-23010
-22880
-22741
-22613
-22951
-22354
-22317
-22247
-22256
-22271
-22247
-22218
-22203
-22188
-22178
-22161
-22119
-22109
-22069
-22016
-21886
-21770
-21684
-21632
-21613
-21588
-21544
-21453
-21369
-21302
-21199
-21088
-20945
-20775
-20632
-20432
-20254
-20109
-19930
-19754
-19560
-19369
-19203
-19081
-18947
-18846
-18813
-18806
-18848
-18890
-18884
-18894
-18903
-18896
-18901
-18865
-18817
-18848
-18913
-18970
-18985
-19004
-19018
-19050
-19109
-19153
-19193
-19264
-19333
-19407
-19518
-19628
-19745
-19894
-20071
-20214
-20371
-20497
-20613
-20722
-20871
-20537
-21165
-21302
-21401
-21525
-21642
-21750
-21852
-21953
-22020
-22067
-22092
-22117
-22134
-22182
-22214
-22235
-22195
-22128
-22079
-21991
-21659
-21565
-21424
-21231
-21056
-20833
-20596
-20384
-20180
-19957
-19722
-19485
