-21871
-21873
-21768
-21640
-21529
-21306
-21079
-20712
-20457
-20134
-19792
-19418
-19119
-18787
-18499
-18180
-17808
-15636
-16520
-16939
-17558
-17647
-18896
-19726
-20680
-21142
-22054
-22966
-24226
-25062
-25766
-26230
-26722
-27188
-27621
-28035
-28300
-28357
-28262
-28327
-27266
-26647
-26296
-24938
-24056
-23180
-22903
-21563
-20188
-19434
-17773
-17056
-15989
-14634
-13514
-12674
-11313
-11214
-10741
-9922
-9796
-9672
-9705
-9854
-10117
-10403
-10985
-11602
-12380
-13167
-14037
-14957
-15813
-16737
-17226
-18233
-19762
-20791
-21762
-22737
-23060
-24298
-24523
-25655
-26294
-26796
-27165
-27550
-27390
-28144
-28376
-28504
-28615
-28573
-28558
-28558
-28436
-28241
-27976
-27707
-27451
-27203
-26800
-26457
-26195
-25810
-25489
-25191
-25352
-24537
-24352
-24117
-23962
-23827
-23667
-23537
-23939
-23302
-23365
-23321
-23281
-23271
-23279
-23417
-23506
-23604
-23749
-23464
-24157
-24273
-24369
-24500
-24583
-24636
-24697
-24709
-24743
-24779
-24747
-24661
-24550
-24434
-24399
-24241
-24020
-23825
-23558
-23300
-23041
-22720
-22371
-22056
-21829
-21542
-21084
-20688
-20382
-20079
-19859
-19873
-19836
-20020
-20243
-20590
-20947
-21348
-21743
-22300
-22842
-23006
-24092
-24720
-25321
-25705
-26046
-26310
-26443
-26478
-26401
-26113
-26361
-25459
-24920
-24220
-23630
-22854
-22189
-21504
-20791
-20394
-19182
-18962
-17823
-17273
-16781
-16422
-15903
-15495
-15071
-14747
-14354
-14657
-13980
-13819
-13865
-13689
-13699
-13735
-13777
-13686
-13689
-13613
-13563
-13623
-13863
-13901
-14155
-14386
-14592
-14760
-14980
-15132
-14222
-15787
-16527
-16573
-16044
-16088
-15939
-15800
-15792
-15728
-15577
-15432
-15397
-15241
-14993
-14726
-14596
-14439
-14319
-14380
-14354
-14493
-14577
-14598
-14596
-14579
-14489
-14447
-14363
-14319
-14195
-14203
-14105
-13932
-13592
-13373
-13060
-12714
-12428
-12172
-12073
-12027
-12077
-12247
-12453
-12245
-12934
-13098
-13270
-13203
-13041
-12892
-12605
-12291
-11918
-11403
-10810
-10273
-9649
-9182
-8861
-8659
-8619
-8897
-9250
-9682
-10357
-11195
-11962
-12850
-13199
-14373
-14716
-15800
-16403
-16964
-17403
-17583
-17626
-18054
-17512
-17340
-16170
-15957
-15667
-15375
-15243
-15090
-15115
-15058
-15188
-15413
-15680
-16035
-16411
-16789
-17157
-17493
-17712
-17899
-17602
-18287
-18455
-18449
-18302
-18121
-17741
-17516
-17361
-17369
-16848
-16312
-15941
-15775
-15506
-15285
-15188
-15073
-14903
-14764
-14556
-14455
-14361
-14271
-14439
-14619
-15020
-15384
-15899
-16096
-16340
-16556
-16802
-16999
-17331
-17703
-17978
-18270
-18102
-18880
-19249
-19510
-19815
-20107
-20357
-20586
-20779
-20861
-20951
-21044
-21165
-21287
-21329
-21268
-21270
-21279
-21199
-21155
-21018
-20821
-20712
-20636
-20525
-20449
-20306
-20228
-20163
-20518
-19918
-19855
-19787
-19684
-19581
-19556
-19598
-19508
-19478
-19474
-19481
-19407
-19439
-19468
-19481
-19449
-19604
-19754
-19875
-19953
-20132
-20245
-20334
-20407
-20438
-20539
-20464
-20455
-20468
-20495
-20497
-20541
-20646
-20760
-20909
-21004
-21083
-21105
-21146
-21146
-21123
-21140
-21094
-21146
-21086
-21077
-21035
-21170
-21197
-21165
-21146
-21132
-21123
-21094
-21497
-21176
-21583
-21170
-20766
-20596
-20422
-20247
-20037
-19672
-19449
-19220
-18869
-19052
-18367
-18100
-17817
-17516
-17340
-17581
-16968
-16720
-17096
-16497
-16413
-16361
-16249
-16262
-16218
-16245
-16271
-16298
-16325
-16367
-16355
-16340
-16439
-16403
-16363
-16438
-16428
-16369
-16338
-16260
-16611
-16054
-15938
-15831
-15728
-15646
-15514
-15430
-15348
-15209
-15075
-14941
