-18062
-18220
-18250
-18344
-18480
-18417
-18342
-18273
-18163
-17983
-17905
-17813
-17728
-17691
-17661
-17651
-17617
-17483
-17308
-17201
-17556
-16833
-17100
-16365
-16209
-16605
-15974
-15861
-15735
-15667
-16123
-15544
-15411
-15327
-15367
-15329
-15296
-15312
-15342
-15361
-15504
-15718
-15831
-16033
-15649
-16312
-16474
-16678
-16926
-17086
-17292
-17573
-17773
-17905
-18014
-18144
-18249
-18333
-18386
-18375
-18348
-18336
-18214
-18004
-17813
-17672
-17317
-16886
-16537
-16581
-15714
-15233
-14745
-14256
-13915
-13453
-13071
-12737
-12342
-11871
-11480
-11241
-10920
-10594
-10304
-10004
-9865
-9615
-9504
-9390
-9770
-9350
-9518
-9752
-10329
-10300
-10775
-11292
-12327
-12277
-13224
-15646
-16808
-16806
-16554
-16231
-15962
-15241
-14422
-13787
-13665
-12571
-11464
-10897
-10403
-10121
-9863
-10249
-9586
-9308
-9142
-9146
-9033
-8993
-9281
-9628
-9943
-10247
-10846
-11378
-12092
-12239
-13407
-13985
-14470
-14936
-15426
-15747
-16039
-16180
-16176
-16596
-16063
-15918
-15510
-15209
-14813
-14451
-14088
-13804
-13535
-13355
-13254
-12920
-12544
-12438
-12021
-11821
-11626
-11567
-11533
-11605
-11548
-11672
-11764
-11911
-12153
-12623
-12993
-13363
-13249
-13928
-13733
-14512
-14880
-15283
-15794
-16077
-16256
-16249
-16378
-16552
-16705
-16791
-17008
-17289
-17510
-17481
-17042
-17010
-15943
-15149
-14182
-13630
-13565
-12046
-11865
-11525
-11323
-10758
-11119
-10584
-10365
-11380
-11968
-12626
-13405
-13728
-14201
-14855
-15369
-15718
-16521
-16817
-16653
-16959
-16857
-17088
-16125
-16785
-16710
-16563
-16266
-15970
-15901
-15941
-15980
-15983
-16245
-16596
-16613
-17722
-18348
-18594
-19392
-19056
-19558
-19775
-19957
-19854
-19338
-18747
-18149
-17716
-17520
-16304
-15922
-15481
-15084
-15031
-14699
-15521
-16071
-16857
-17216
-18088
-19542
-20718
-21590
-23436
-24833
-26212
-27724
-28428
-30128
-31102
-31285
-32516
-32995
-33359
-33531
-33697
-32928
-32695
-31422
-30336
-29752
-28459
-27426
-26357
-24518
-24380
-23056
-21730
-20625
-20390
-19855
-19464
-19149
-19020
-19090
-19147
-19468
-19880
-20174
-20491
-20785
-21193
-21451
-21745
-21844
-21932
-22466
-21886
-21791
-21768
-21575
-21565
-21434
-21409
-21483
-21605
-21615
-21653
-21630
-21605
-21710
-21808
-21771
-21588
-21504
-21262
-21180
-21035
-20886
-20598
-20378
-20252
-20081
-19968
-20342
-20934
-21294
-21310
-21405
-21775
-22031
-22130
-22216
-22338
-22357
-22420
-22707
-22855
-23107
-23147
-23105
-22980
-22663
-22495
-22308
-21943
-22004
-22109
-22104
-22027
-22065
-22056
-22209
-22672
-22938
-23167
-22989
-23928
-24144
-24168
-24697
-25071
-25147
-25441
-24976
-24459
-23947
-23281
-22403
-21081
-20520
-19165
-18199
-17298
-16245
-15312
-15071
-14094
-13542
-13115
-12833
-12542
-11886
-11846
-11920
-12044
-12260
-12441
-12642
-12938
-13163
-13386
-13550
-13235
-14401
-15350
-15623
-15966
-16065
-16342
-16146
-16773
-16981
-17319
-17661
-17960
-18262
-18521
-18792
-19104
-19249
-19386
-19491
-19588
-19705
-18579
-18443
-18313
-18113
-17867
-17703
-17447
-17235
-16922
-16491
-16188
-15812
-15386
-15147
-14842
-14623
-14386
-14207
-14060
-13838
-13619
-13271
-12833
-12369
-11999
-11602
-11499
-11462
-11483
-11516
-11281
-11943
-12201
-12575
-12924
-13432
-13798
-14254
-14216
-14997
-15386
-15703
-15800
-15857
-15752
-15590
-15338
-15075
-14960
-14882
-14999
-14997
-14999
-15035
-15226
-15770
-15670
-16153
-16646
-17985
-18764
-20092
-21006
-21063
-20861
-20275
-19562
-18315
-17060
-15168
-13502
-13151
-12451
-12165
-12655
-13493
-14544
-16180
-17134
