-20983
-21098
-21247
-21413
-21571
-21705
-21848
-21520
-22220
-22415
-22531
-22739
-22941
-23115
-23378
-23674
-23892
-26081
-26121
-26046
-26010
-26006
-25840
-25628
-25506
-25189
-24810
-24670
-24285
-24386
-23596
-23380
-23092
-22689
-22333
-22134
-22020
-22189
-22044
-22470
-21924
-21899
-22302
-22640
-22613
-23077
-23392
-23563
-23821
-24155
-24331
-24628
-24983
-25249
-25529
-25840
-26220
-26401
-26445
-26537
-26500
-26833
-26115
-25918
-25716
-25445
-25201
-24991
-24834
-24791
-24796
-24854
-24953
-25155
-25361
-25607
-25855
-26193
-26525
-26823
-27130
-27491
-27842
-28159
-28508
-28905
-28831
-29783
-30088
-30420
-30355
-31182
-31367
-31489
-31573
-31554
-31436
-31737
-30871
-30489
-30065
-29590
-29081
-28537
-27915
-27808
-27302
-26789
-26352
-25495
-25046
-24600
-24407
-23567
-22313
-21890
-21791
-21974
-21867
-21581
-21483
-21462
-21287
-21247
-21417
-21531
-21934
-22315
-22674
-22813
-22947
-23241
-23579
-23938
-24378
-24676
-24491
-24999
-25869
-26098
-25957
-26812
-27054
-27348
-27983
-28525
-28399
-29275
-29617
-29924
-30096
-29838
-30537
-30691
-30855
-31052
-31233
-31415
-31546
-31607
-31670
-31825
-31941
-32027
-32228
-32268
-32403
-32676
-32842
-32964
-33041
-33021
-32976
-33035
-33044
-32987
-33008
-33084
-32930
-32647
-32483
-31936
-31371
-30605
-30220
-28917
-28092
-27113
-26094
-25090
-24147
-23310
-22647
-22012
-21552
-21153
-20884
-20590
-21000
-20489
-20476
-20541
-20600
-20649
-20798
-20794
-20880
-20798
-20741
-20573
-20312
-20000
-19594
-19323
-18854
-18357
-17960
-17390
-16865
-16373
-15960
-15590
-15268
-14962
-14697
-14405
-14359
-14233
-14647
-14235
-14207
-14266
-14300
-14212
-14245
-14283
-14239
-14146
-14050
-13771
-13520
-13086
-13167
-12292
-12167
-11109
-10478
-9899
-9292
-9266
-8760
-7924
-7598
-7558
-7558
-7380
-8273
-11970
-13514
-14325
-16041
-16640
-17638
-18649
-19957
-20100
-20827
-20747
-20411
-20455
-19235
-19025
-17613
-16739
-15735
-14915
-13321
-11890
-10201
-9760
-9107
-9344
-9726
-10125
-10432
-10577
-10947
-11655
-12327
-14348
-16516
-17947
-19373
-20518
-21201
-23399
-23521
-23466
-23098
-22781
-22079
-18342
-17861
-17459
-17558
-16651
-16397
-16586
-15938
-15798
-15815
-15838
-15840
-15768
-15754
-15760
-15890
-16035
-16205
-16270
-16352
-16371
-16403
-16525
-16787
-16980
-17149
-17336
-17392
-17102
-17672
-17829
-18004
-18167
-18367
-18104
-18768
-18976
-19163
-19329
-19527
-19705
-19554
-19913
-20668
-20903
-20991
-21172
-21686
-22189
-22281
-22147
-22117
-22157
-22086
-22455
-21951
-21962
-21943
-21859
-21726
-21630
-21701
-21609
-21569
-21563
-21476
-21441
-21384
-21336
-21262
-21329
-21296
-21308
-21310
-21300
-21386
-21476
-21560
-21682
-21831
-22044
-22306
-22426
-22607
-22764
-22938
-23104
-23146
-23281
-23357
-22968
-23934
-23369
-23329
-23308
-23294
-23262
-23201
-23176
-23277
-23241
-22827
-22924
-22144
-21819
-21520
-21262
-20926
-20605
-20113
-19777
-19470
-19086
-18730
-18327
-18546
-17768
-17432
-17126
-16899
-16621
-16418
-16277
-16607
-15947
-15875
-15750
-15596
-15548
-15581
-15609
-15724
-15859
-16079
-16245
-16552
-16894
-17178
-17565
-17968
-18355
-18737
-19186
-19111
-19997
-20325
-20728
-21182
-21480
-21813
-22138
-22268
-22605
-22804
-22997
-23088
-23115
-23090
-23075
-23438
-22743
-22497
-22134
-21812
-21418
-21042
-20535
-20090
-19684
-19155
-19012
-18558
-17628
-17220
-16779
-16333
-15964
-15682
-15424
-15271
-15611
-15018
-15050
-15002
-14947
-15084
-15201
-15256
-15340
-15480
-15613
-15722
-15855
-16002
-16149
-16292
-16449
-16607
-16739
