-16157
-16365
-16590
-16791
-17021
-17245
-17436
-17691
-17894
-18002
-18155
-18308
-18329
-18399
-18445
-18382
-18273
-18222
-17987
-17699
-17451
-17581
-16852
-16535
-16605
-15854
-15493
-15167
-14798
-14481
-14188
-13930
-14136
-13403
-13312
-13256
-13252
-13294
-13447
-13621
-13823
-14079
-14344
-14178
-14943
-14680
-15439
-15191
-15989
-16247
-16367
-16539
-16602
-16762
-16867
-16989
-17090
-17226
-17411
-17464
-17508
-17617
-17619
-17655
-17688
-17682
-17709
-17661
-17605
-17651
-17688
-17779
-17873
-17903
-18000
-18096
-18355
-18102
-18848
-19126
-19420
-19804
-20119
-20319
-20563
-20804
-20539
-21165
-21243
-21352
-21394
-21451
-21504
-21521
-21562
-21504
-21521
-21386
-21287
-21075
-20873
-20649
-20418
-20167
-19894
-19623
-19373
-19191
-18964
-18852
-18670
-18531
-18348
-18218
-18184
-18128
-18060
-18023
-17884
-17905
-17903
-17901
-18065
-18128
-18193
-18363
-18357
-18464
-18541
-18682
-18836
-18953
-19025
-19031
-19180
-19235
-19436
-19495
-19613
-19705
-19792
-19951
-19995
-20088
-20094
-19964
-19917
-19949
-19922
-19955
-19873
-19829
-19857
-19909
-20092
-19850
-19754
-19678
-19077
-19842
-19953
-19976
-19983
-19930
-19995
-19901
-19739
-19600
-19686
-19712
-19689
-19636
-19647
-19634
-19625
-19625
-19567
-19468
-19392
-19222
-19083
-19050
-19033
-19081
-19159
-19168
-19233
-19291
-19378
-19411
-19539
-19703
-19745
-19701
-19741
-19716
-19709
-19710
-19754
-19789
-19787
-19875
-19995
-19968
-19560
-20056
-19911
-19718
-19474
-19065
-18838
-18579
-18470
-18243
-18146
-17970
-17827
-17880
-17737
-17775
-17741
-17716
-17705
-17747
-17848
-18065
-18289
-18397
-18630
-18859
-19182
-19396
-19680
-19957
-20252
-20730
-20993
-21380
-21651
-21890
-22279
-22602
-22886
-23105
-23336
-22974
-23684
-23821
-23909
-23909
-23882
-23833
-23743
-23626
-23504
-23304
-23012
-22771
-22960
-22113
-21762
-21388
-21088
-20680
-20281
-19823
-19478
-19107
-18638
-18241
-17829
-17378
-17542
-16752
-16390
-16084
-15917
-15676
-15546
-15523
-15518
-15592
-15777
-15897
-15646
-16457
-16730
-17039
-17313
-17142
-17985
-18460
-18943
-19407
-19636
-20716
-21359
-21932
-22466
-22504
-23552
-23495
-24327
-24621
-24834
-25144
-25476
-25720
-26035
-26315
-26625
-26836
-26926
-27046
-27119
-27174
-27193
-27195
-27189
-27073
-27094
-27109
-27008
-26966
-26985
-26932
-26886
-26804
-26779
-26749
-26678
-26602
-26523
-26361
-26098
-26021
-25792
-25596
-25247
-24959
-24619
-24327
-24021
-23686
-23354
-23033
-22806
-22539
-22256
-22054
-21825
-21749
-21724
-21747
-21810
-22048
-22167
-22394
-21987
-22646
-22829
-23058
-23170
-23399
-23598
-23760
-23762
-23712
-23712
-23771
-23649
-23730
-23728
-23707
-23749
-23642
-23695
-23730
-23812
-23794
-23481
-24008
-24081
-24218
-24230
-24184
-24067
-23770
-23300
-22667
-22092
-21281
-20928
-19749
-19525
-18394
-18029
-16785
-16243
-15867
-15375
-15094
-14869
-14796
-14806
-14924
-15071
-15310
-15386
-15506
-15539
-15678
-15783
-15703
-15649
-15474
-15596
-15065
-14275
-14012
-13934
-13804
-13655
-13653
-13628
-13665
-14018
-14363
-14785
-14686
-15621
-16037
-16430
-16749
-17090
-17420
-17762
-18027
-18300
-18617
-18859
-18819
-18638
-18512
-18451
-18260
-17987
-17779
-17483
-17584
-16676
-16277
-16586
-15901
-15750
-15548
-15327
-15100
-14922
-15102
-14304
-14098
-13821
-13523
-13241
-12949
-13146
-12663
-11922
-11626
-11499
-11420
-11203
-11165
-11039
-11021
-11035
-11069
-10756
-11426
-11397
-11636
-12125
-12617
-13025
-13588
-14142
-14308
-15518
-16298
-17086
-17842
-18426
-19037
-19472
-19907
-20340
-20758
-21109
-21426
