-20462
-21310
-21621
-22703
-24386
-25638
-26794
-27756
-28514
-29182
-29586
-29861
-29693
-29418
-29216
-27903
-27331
-25527
-24707
-22966
-22375
-21352
-20128
-19594
-19308
-19279
-19088
-19583
-20880
-21861
-23228
-24333
-25611
-26390
-28321
-29338
-31065
-31766
-33021
-33443
-33514
-33333
-33027
-32556
-31997
-31443
-31163
-30132
-29516
-28892
-28403
-27949
-27630
-27241
-27094
-27250
-26896
-27653
-27361
-27970
-28254
-28392
-28630
-28794
-29027
-29205
-28827
-29357
-29323
-29243
-29050
-28848
-28607
-28319
-28189
-28319
-27695
-27413
-26957
-26535
-26153
-25901
-25668
-25663
-25672
-25674
-25810
-25980
-26058
-26018
-26042
-26058
-26239
-26516
-26689
-26833
-27058
-27178
-27289
-26878
-27516
-27598
-27689
-27787
-27806
-27943
-27985
-28128
-28163
-28254
-28228
-28136
-28140
-27903
-27617
-27249
-26730
-26100
-25859
-24701
-24042
-23521
-22762
-21802
-21354
-21209
-20917
-20978
-20084
-19707
-19167
-18731
-18199
-17722
-17119
-16815
-17083
-16394
-16560
-16857
-17056
-17481
-17892
-18289
-18390
-18441
-17913
-17113
-16180
-15401
-15081
-13821
-13258
-13046
-11863
-11590
-11720
-11249
-10924
-10947
-11004
-11367
-11917
-12392
-12896
-13632
-14552
-15630
-16480
-17012
-17193
-17460
-17287
-16970
-16997
-16004
-16119
-15375
-15327
-15331
-15147
-16306
-16684
-17754
-19002
-19058
-19905
-20436
-20859
-20947
-20646
-20222
-19563
-19138
-18707
-18392
-18533
-17873
-17768
-17930
-18153
-18111
-18752
-18695
-18312
-17867
-18067
-17333
-17186
-16892
-16691
-16474
-16457
-16388
-16409
-16390
-16569
-16787
-16993
-17197
-17453
-17539
-17766
-18071
-18565
-18626
-19712
-20378
-21165
-21978
-22581
-23325
-23457
-24562
-25035
-25489
-25733
-25825
-25936
-25773
-25541
-25176
-24733
-24226
-23569
-23354
-22058
-21346
-20733
-20155
-19833
-19993
-19273
-19231
-19140
-19159
-19237
-19478
-19794
-20230
-20625
-21079
-21245
-21392
-21493
-21451
-21245
-21037
-20808
-20974
-20441
-19434
-18831
-18277
-17785
-17310
-16789
-16184
-16094
-15500
-15123
-14563
-14569
-14735
-15102
-15426
-15920
-16609
-16136
-15857
-15485
-14838
-14203
-14107
-13239
-13081
-12991
-12955
-13025
-13680
-13562
-14132
-14770
-14945
-15281
-15605
-16018
-16310
-16214
-16245
-16464
-16480
-16533
-16153
-16563
-16693
-16962
-17168
-17558
-17848
-17613
-18476
-18336
-17936
-17457
-16913
-16321
-15728
-15313
-15000
-14985
-15096
-15344
-15184
-16029
-16424
-16754
-17018
-17478
-17682
-17968
-18285
-18195
-18273
-18125
-17955
-17357
-17142
-17468
-17756
-18214
-18457
-18676
-18989
-19291
-19413
-19451
-19258
-18880
-18445
-18342
-18459
-18785
-19052
-19168
-19449
-19962
-20663
-21107
-21115
-21487
-20743
-20569
-20304
-19838
-19348
-18972
-18594
-18520
-18733
-18636
-18668
-18812
-18999
-18804
-18701
-18214
-17957
-17665
-17588
-16373
-15703
-15422
-15563
-14447
-14218
-13974
-13926
-13924
-14159
-14546
-15123
-15628
-15934
-16252
-16170
-16071
-15781
-14521
-13350
-12537
-12646
-11733
-12394
-12859
-13394
-14119
-14651
-14978
-15096
-15189
-15182
-15250
-15151
-13789
-13283
-12716
-12296
-11947
-11735
-11468
-11697
-10890
-10697
-10544
-10510
-10628
-10714
-10930
-11096
-11396
-11640
-11693
-11863
-11936
-11882
-11915
-11863
-11869
-11804
-11697
-11443
-11172
-10905
-10600
-10396
-10209
-10081
-10023
-9938
-9970
-10058
-10207
-10563
-10987
-11436
-11903
-12476
-13109
-13871
-14184
-15430
-15657
-17041
-17771
-18340
-18573
-19067
-20149
-20071
-20756
-20968
-21254
-21363
-21445
-21300
-21489
-20691
-20313
-19791
-19117
-18701
-18308
-17838
-17300
-16907
-16537
-16191
-16071
-15989
