-25083
-25268
-25397
-25691
-26336
-26676
-26709
-26741
-26750
-26537
-26094
-25670
-25058
-24787
-23621
-22529
-21815
-21331
-20939
-20785
-21319
-21888
-22226
-22792
-23407
-23483
-24609
-25300
-25880
-26214
-26451
-26541
-26586
-26493
-26336
-26218
-26006
-25806
-25466
-25245
-25077
-24762
-24445
-24125
-23892
-23573
-23258
-22913
-22684
-22373
-22077
-21752
-21441
-21247
-21084
-20804
-20672
-20552
-20500
-20357
-20281
-20260
-20304
-20271
-20296
-20373
-20413
-20474
-20583
-20688
-20714
-20876
-21092
-21214
-21325
-21035
-21516
-21594
-21821
-21875
-21510
-22144
-22210
-22281
-22441
-22531
-22600
-22728
-22846
-22909
-22911
-23020
-23111
-23172
-23260
-23298
-23287
-23357
-23417
-23415
-23344
-23302
-23266
-23304
-23294
-23172
-23155
-23201
-23096
-23058
-23065
-23149
-23155
-23172
-23123
-23128
-23086
-23000
-22815
-22628
-22487
-22243
-21993
-21771
-21436
-21262
-21046
-20875
-20630
-21000
-20264
-19974
-19777
-19632
-19500
-19264
-18978
-18812
-18584
-18417
-18294
-18210
-18176
-18102
-18092
-18075
-18344
-18354
-18142
-18281
-18418
-18518
-18657
-18892
-19125
-19270
-19502
-19798
-20105
-20363
-20676
-20905
-21205
-21478
-21773
-21957
-22249
-22428
-22659
-22951
-23214
-23434
-23724
-23896
-24079
-24258
-24373
-24464
-24495
-24491
-24913
-24333
-24151
-23869
-23592
-23376
-22997
-22575
-22128
-21655
-21203
-20743
-20128
-20029
-19489
-18323
-17686
-17539
-16285
-16111
-14962
-14327
-14100
-13033
-12470
-11939
-11523
-11104
-10646
-10346
-10178
-9951
-10233
-9602
-9569
-9478
-9357
-9357
-9417
-9504
-9609
-9749
-9829
-10088
-10357
-10497
-10682
-10964
-11168
-11392
-11594
-11707
-11884
-12041
-12151
-11749
-12384
-12430
-12357
-12327
-12306
-12262
-12073
-11951
-11833
-11670
-11493
-11317
-11098
-10928
-11209
-10521
-10747
-10077
-9779
-9521
-9749
-8941
-8682
-8411
-8123
-7865
-7605
-7390
-7117
-6842
-6653
-6424
-5909
-5880
-5909
-5960
-6069
-6212
-6428
-6661
-6901
-7256
-7632
-7999
-7831
-8615
-8615
-8355
-9741
-9792
-10625
-11188
-11636
-12119
-12590
-13090
-13493
-13882
-13709
-14449
-14688
-14955
-15054
-15109
-15180
-15277
-15376
-15319
-15250
-15184
-15117
-15027
-14852
-14716
-15126
-14472
-14405
-14266
-14188
-14191
-14153
-14065
-14144
-14245
-14352
-14466
-14619
-14854
-14722
-15447
-15846
-16260
-16667
-16617
-17144
-17678
-18661
-19153
-19525
-19920
-20350
-20997
-21394
-21875
-22228
-22459
-22642
-22882
-23100
-23348
-23554
-23634
-23590
-23598
-23653
-23623
-23560
-23394
-23134
-22905
-22634
-22415
-22121
-21934
-21710
-21548
-21399
-21182
-21497
-20999
-20781
-20556
-20304
-19970
-19827
-19695
-19600
-19497
-19283
-19140
-18968
-18857
-18201
-17638
-17491
-17327
-17035
-16999
-16829
-16688
-16457
-16359
-16308
-16241
-16174
-16220
-16134
-16058
-16063
-16079
-15644
-16367
-16510
-16657
-16903
-17084
-17298
-17500
-17672
-17890
-18136
-18405
-18090
-18714
-18735
-18838
-18980
-19037
-19201
-19489
-19647
-19901
-20104
-20451
-20792
-20941
-21203
-21630
-21884
-22121
-22413
-22665
-22943
-23222
-22966
-23924
-24172
-24331
-24596
-24791
-24436
-25044
-25161
-25367
-25537
-25655
-25861
-25959
-26044
-26117
-26165
-26136
-26161
-26096
-25943
-25882
-25815
-25718
-25556
-25460
-25298
-25130
-25058
-25021
-24897
-24749
-24684
-24506
-24329
-24239
-24140
-24044
-23884
-23882
-23756
-23750
-23789
-23827
-23747
-23712
-23739
-23796
-23716
-23558
-23512
-23466
-23436
-23336
-23243
-23178
-23159
-23088
-22983
-22890
-22840
-22739
-22638
-22493
-22350
-22189
-22048
-21924
-21785
-21657
