-12220
-11275
-11035
-10838
-10575
-10306
-10436
-10964
-11264
-12670
-13917
-15615
-16802
-18964
-20882
-22815
-24249
-26168
-28109
-30058
-31884
-34092
-35216
-36649
-38376
-38733
-39617
-40420
-40514
-40256
-39955
-38420
-37207
-35689
-34600
-32668
-30304
-28730
-26415
-24590
-23155
-21090
-17117
-16392
-15728
-14951
-14939
-15121
-15632
-16521
-17581
-18123
-19876
-20871
-21544
-23189
-24287
-24980
-25897
-27167
-27794
-28289
-28560
-28634
-28901
-29010
-29250
-29355
-29483
-29552
-29562
-29724
-30033
-30254
-30630
-30957
-31035
-31508
-31588
-31667
-31894
-31481
-31588
-31386
-31067
-30661
-30121
-29331
-28392
-27380
-26168
-24949
-24273
-22752
-21823
-21453
-20250
-19663
-19191
-18867
-18512
-18382
-18409
-18728
-19170
-19111
-20182
-20714
-21331
-21521
-22060
-23168
-23537
-23455
-24241
-24506
-24894
-24876
-25384
-25424
-23901
-23289
-23449
-23907
-23367
-22991
-22716
-22962
-22018
-21882
-21878
-22151
-22439
-22932
-23739
-24413
-24480
-24846
-25571
-26697
-27541
-28073
-28329
-27854
-28279
-28125
-27697
-27178
-26709
-26067
-25422
-24542
-23628
-22600
-21590
-20703
-19876
-18176
-17178
-16491
-16138
-16153
-16312
-16749
-18966
-20932
-22947
-24111
-25500
-27205
-27802
-27731
-27361
-26808
-25020
-23834
-21857
-19812
-17147
-15487
-13625
-12107
-11188
-10709
-9794
-11138
-12441
-13289
-15079
-16483
-17197
-18791
-19136
-20508
-20529
-21861
-22313
-22730
-23705
-23890
-22682
-21571
-20317
-19508
-17911
-17548
-15712
-16012
-16254
-17520
-18199
-19180
-19623
-20768
-20523
-21218
-21199
-21243
-21096
-20361
-19871
-19409
-18953
-18985
-17970
-17296
-17081
-15791
-14815
-13918
-13205
-12413
-11476
-11132
-10142
-9647
-9731
-9138
-9153
-9317
-9588
-10010
-10388
-10917
-11422
-11730
-12968
-13949
-14897
-16527
-17369
-17699
-19041
-19804
-20117
-21371
-22130
-22758
-22978
-24113
-24871
-24966
-25993
-26607
-27294
-27363
-27894
-28413
-29441
-29327
-30125
-30363
-30602
-30319
-30995
-31033
-31113
-31146
-31075
-30981
-30918
-31256
-30672
-30502
-30319
-30071
-30222
-29371
-29048
-28739
-28252
-28298
-27388
-27006
-26647
-26252
-26315
-25491
-25161
-24834
-24485
-24184
-24405
-23661
-23357
-23111
-22878
-22695
-22527
-22344
-22256
-22199
-22128
-22071
-22065
-22105
-22155
-22228
-22333
-22006
-22693
-22825
-22915
-23018
-23199
-23355
-23439
-23560
-23691
-23833
-23974
-24126
-24268
-24382
-24497
-24646
-24758
-24815
-24802
-24894
-24972
-24989
-24943
-24980
-24953
-25405
-24819
-24709
-24617
-24487
-24405
-24283
-24180
-24126
-24041
-24426
-23852
-23840
-23802
-23756
-23760
-23804
-23768
-23829
-23896
-23453
-24084
-24249
-24355
-23955
-24560
-24747
-24886
-25002
-25174
-25359
-25384
-25451
-25550
-25642
-25823
-25745
-25750
-25735
-25741
-25542
-25455
-25147
-24861
-24586
-24365
-24006
-23623
-23386
-23441
-22621
-22273
-22002
-21758
-21523
-21449
-21584
-21728
-22060
-22308
-22821
-22993
-24098
-24667
-25254
-25468
-26623
-27310
-27842
-28478
-28939
-28871
-29504
-29485
-29371
-29212
-28848
-28665
-28376
-28014
-27537
-27084
-26500
-26260
-25029
-24325
-23596
-23411
-22241
-21661
-21220
-20754
-20424
-20180
-20111
-20016
-19941
-20058
-20144
-20344
-20035
-20815
-21207
-21617
-22105
-22063
-23044
-22968
-23894
-24329
-24670
-24506
-25392
-25875
-26285
-26600
-26850
-27235
-27693
-28201
-28617
-28976
-29231
-29453
-29636
-29863
-30126
-30434
-30880
-31184
-31445
-31730
-31852
-31840
-31798
-31678
-31495
-31350
-31199
-31044
-30846
-30653
-30348
-30123
-29644
-29415
-28966
-28632
-28352
-28054
-28327
-27581
-27846
-27153
-27079
