-25710
-25762
-25871
-25880
-25888
-26008
-26027
-26174
-26235
-26260
-26233
-26355
-26237
-26210
-26069
-25953
-25542
-25048
-25027
-25464
-26586
-26974
-27334
-27718
-28147
-28552
-28978
-28871
-29686
-30002
-29813
-30502
-30709
-30897
-31004
-31107
-31128
-31159
-31083
-31105
-31035
-30905
-30794
-30689
-30541
-30378
-30193
-29905
-29735
-29457
-29209
-29025
-28750
-28470
-28199
-27915
-27714
-27512
-27222
-26978
-26680
-26541
-26480
-26260
-26100
-26008
-26371
-25747
-25655
-25554
-25542
-25512
-25436
-25411
-25418
-24918
-25365
-25439
-25464
-25424
-25434
-25459
-25457
-25394
-25460
-25411
-25315
-25333
-25247
-25176
-25098
-24999
-24905
-24789
-24701
-24579
-24457
-24325
-24210
-24132
-24000
-23838
-23621
-23518
-23468
-23239
-23138
-23100
-23086
-22968
-22966
-23443
-22859
-22886
-22783
-22678
-22638
-22562
-22432
-22287
-22214
-22144
-21949
-21867
-21750
-21636
-21502
-21336
-21136
-20918
-20716
-20453
-20205
-19907
-19569
-19277
-18909
-18649
-18308
-17913
-17617
-17262
-17029
-16754
-16541
-16376
-16209
-16031
-15920
-15771
-15716
-15642
-15147
-15609
-15546
-15563
-15678
-15731
-15857
-16014
-16178
-16296
-16569
-16768
-16980
-17193
-17289
-17514
-17642
-17707
-17754
-17739
-17724
-17821
-17792
-17808
-17752
-17815
-17695
-17718
-17548
-17390
-17352
-17581
-16909
-16709
-16327
-15983
-16052
-15239
-14785
-14361
-13871
-13319
-12800
-12230
-12214
-11407
-11193
-10978
-10594
-10167
-10153
-10052
-9991
-10025
-10010
-9943
-9819
-9775
-9756
-9724
-9890
-10142
-10485
-10966
-11607
-11813
-13042
-14016
-14852
-15604
-16539
-17331
-17625
-18794
-19384
-19949
-20077
-20123
-19962
-19668
-19094
-18634
-18563
-17441
-16657
-15750
-15039
-14411
-13949
-13590
-13304
-13071
-12985
-13058
-13252
-13640
-14052
-14554
-14703
-15779
-16380
-17021
-17193
-18315
-18922
-19197
-19086
-19985
-20268
-20430
-20613
-20747
-20836
-20819
-20815
-20697
-20594
-20424
-20340
-20132
-20016
-19861
-19712
-19997
-19520
-19438
-19403
-19378
-19420
-19424
-19499
-19728
-19966
-20220
-20462
-20730
-20535
-21329
-21728
-22119
-22583
-22817
-22980
-23153
-23159
-23132
-23086
-23386
-23149
-22754
-23111
-23075
-22718
-22619
-22617
-22676
-22846
-23191
-23518
-23731
-24060
-24651
-25012
-25403
-25842
-25970
-25995
-25836
-25472
-24966
-24266
-23695
-22707
-22334
-21142
-20117
-19140
-18499
-17521
-16571
-15195
-14432
-14149
-12928
-12063
-11886
-11611
-11252
-11136
-11048
-11012
-10785
-10739
-10602
-10672
-10798
-10934
-11134
-11216
-11432
-11955
-12634
-13670
-14331
-15987
-16792
-18521
-19186
-20766
-21794
-22697
-23426
-23525
-24338
-24457
-24323
-24396
-23258
-22506
-21628
-20552
-19901
-18930
-17357
-16438
-16056
-14897
-14352
-14176
-14014
-14132
-14250
-14602
-15138
-15913
-16825
-17798
-18936
-19554
-20611
-22201
-22604
-23804
-24560
-25060
-25518
-25777
-25899
-25924
-25710
-25806
-24676
-24020
-23172
-22279
-21871
-20663
-20481
-19155
-18882
-18796
-18745
-18773
-19021
-19167
-19451
-19777
-20012
-20378
-20628
-20812
-21088
-21189
-21296
-21270
-21060
-21144
-21107
-21163
-21367
-21714
-22199
-22661
-23167
-23388
-25104
-27268
-27386
-28478
-29002
-29495
-29955
-30502
-30959
-31235
-31487
-31424
-31709
-30869
-30399
-29928
-29399
-29062
-28665
-28766
-28014
-27539
-27197
-26701
-26411
-26033
-25928
-25707
-25529
-25550
-25478
-25447
-25489
-25514
-25583
-25565
-25642
-25739
-25796
-25766
-25766
-25556
-25394
-25302
-25084
-24947
-25373
-24563
-24432
-24357
-24109
-23812
-23787
-23678
-23607
-23304
-23016
-22638
-22382
-22035
-21770
-21502
-21142
