-18819
-18210
-17773
-16812
-15995
-15768
-15819
-19396
-20546
-22359
-23730
-25294
-26825
-28565
-30214
-31609
-32281
-34023
-34976
-35619
-35695
-36237
-36331
-36203
-35686
-35188
-34525
-34083
-32500
-31667
-30130
-29315
-28703
-28033
-27459
-26640
-26128
-25552
-25210
-24861
-24548
-24319
-24142
-24010
-23892
-23890
-23873
-23871
-23844
-23791
-23829
-23938
-24140
-24195
-24665
-24768
-24833
-24789
-24710
-24758
-24783
-24800
-24779
-24789
-24813
-24817
-24773
-24676
-24615
-24548
-24348
-24233
-24098
-24411
-23718
-23521
-23298
-23075
-22831
-22596
-22373
-22081
-21894
-21575
-21333
-21105
-20827
-20619
-20380
-20214
-20502
-19869
-19819
-19768
-19741
-19760
-19812
-19834
-19842
-19867
-19827
-19922
-19981
-20167
-20315
-20443
-20598
-20802
-20523
-21180
-21436
-21644
-21802
-21966
-22115
-22252
-22289
-22430
-22487
-22449
-22405
-22334
-22250
-22105
-22474
-21930
-21892
-21848
-21525
-22140
-22268
-22468
-22600
-22695
-22844
-22930
-23079
-23191
-23296
-23388
-23413
-23518
-23628
-23735
-23876
-23468
-24128
-24168
-24344
-24485
-24518
-24355
-24201
-24428
-23642
-23277
-22817
-22346
-22394
-21438
-21441
-20974
-20130
-19812
-19430
-19088
-18882
-18733
-18449
-18359
-18325
-18268
-18163
-18163
-18090
-17854
-17760
-18060
-18472
-18611
-18922
-19291
-19689
-19565
-20392
-20983
-21439
-21939
-22264
-22016
-22651
-22594
-22533
-22409
-22233
-22432
-21630
-21239
-20817
-20325
-19834
-19331
-18892
-18434
-18541
-17684
-17434
-17281
-17153
-17136
-17039
-16915
-16709
-16634
-16550
-16552
-16575
-16539
-16709
-16989
-17355
-17695
-17619
-18126
-19029
-19510
-19981
-20409
-20876
-21415
-21861
-22348
-22770
-23092
-22976
-23871
-24231
-24655
-25203
-25605
-26063
-26636
-27037
-27499
-27953
-27922
-28815
-29241
-29739
-30115
-30544
-30928
-31210
-31500
-31710
-31960
-32104
-32340
-32506
-32605
-32670
-32672
-32678
-32583
-32380
-32254
-32054
-31680
-31388
-31063
-30680
-30756
-29815
-29489
-29086
-28695
-28302
-28147
-27905
-27529
-27142
-26703
-26850
-25915
-25865
-24939
-24447
-25147
-25077
-25073
-24991
-24980
-25052
-25025
-25195
-25352
-25541
-25489
-25634
-26029
-26193
-25949
-26617
-26831
-27077
-27283
-27470
-27771
-28052
-27855
-28672
-28806
-29054
-29262
-29438
-29651
-29325
-29960
-30146
-30369
-30554
-30724
-30855
-31021
-31128
-31151
-31126
-31018
-30905
-31262
-30693
-30453
-30138
-30249
-29384
-29075
-28678
-28791
-28334
-27548
-27094
-26667
-26241
-25722
-25228
-24588
-24083
-23583
-23203
-22894
-22584
-22212
-21987
-21808
-21661
-21960
-21338
-21266
-21222
-21149
-21041
-20993
-20962
-21029
-20945
-20873
-20834
-20886
-20880
-20878
-20878
-20871
-20861
-20762
-20716
-20705
-20741
-20667
-20575
-20560
-20529
-20396
-20243
-20102
-19974
-19905
-19873
-19756
-19584
-19357
-19140
-18962
-18785
-18588
-18544
-18451
-18464
-18086
-18533
-18499
-18256
-18098
-17939
-17737
-17630
-17541
-17394
-17371
-17407
-17554
-17581
-17678
-17878
-17985
-18115
-18266
-18420
-18512
-18510
-18539
-18552
-18577
-18571
-18443
-18310
-18268
-18130
-17875
-17773
-18077
-17340
-17117
-16951
-16733
-16565
-16352
-16153
-15867
-15651
-15455
-15279
-15041
-14871
-14741
-14579
-14457
-14359
-14226
-14115
-13949
-13875
-13966
-14130
-14239
-14363
-14438
-14449
-14499
-14552
-14556
-14563
-14489
-14542
-14605
-14651
-14775
-14894
-15025
-15098
-15210
-15310
-15376
-15430
-15352
-15247
-15630
-14972
-14773
-14667
-14537
-14428
-14283
-14136
-13999
-13894
-13794
-14147
-13518
-13388
-13254
-13174
-13102
-13025
-12878
-13163
-12472
-12291
-12113
-11976
-11812
