-25605
-26224
-26594
-26936
-27291
-27373
-27506
-27609
-27529
-27207
-26995
-26634
-26176
-25796
-25842
-24857
-24302
-23764
-23205
-22525
-21701
-20833
-20046
-19130
-18222
-17583
-15886
-15546
-14210
-13495
-12939
-12313
-11838
-11409
-11042
-10756
-10552
-10481
-10460
-10567
-10737
-10917
-11226
-11588
-11993
-12399
-12831
-13298
-13819
-14344
-14917
-15579
-16317
-16953
-17168
-18323
-18581
-19157
-20292
-20630
-21924
-22581
-23359
-23512
-24667
-25378
-25991
-26661
-27230
-27842
-28441
-29050
-29632
-29892
-30884
-30857
-31745
-32413
-33140
-33875
-34636
-35457
-35199
-34875
-35470
-35745
-35884
-36140
-36207
-36111
-35978
-35626
-35271
-34789
-34682
-33632
-33048
-32663
-31352
-30445
-29777
-28105
-26892
-26180
-24846
-23014
-21981
-20214
-18741
-17167
-15911
-13823
-12300
-10802
-8964
-7493
-6037
-5348
-3634
-2922
-1520
-907
9
1255
1923
2616
3276
3698
4020
4198
4318
4307
4177
3929
3732
3870
2690
1845
979
225
-680
-1651
-2737
-3848
-5020
-6178
-6930
-7989
-9657
-10285
-12042
-13189
-14298
-15397
-16396
-17455
-18521
-19514
-20048
-21386
-22405
-23315
-24270
-25096
-25859
-26625
-26878
-28004
-28674
-28836
-29928
-29875
-30756
-31228
-31613
-31844
-32084
-32205
-32340
-32472
-32558
-32565
-32550
-32521
-32562
-32621
-32625
-32533
-32424
-32380
-32271
-32182
-32014
-31947
-31815
-31737
-31722
-31752
-31766
-31728
-31709
-31737
-31785
-31848
-31838
-31943
-32042
-32146
-31787
-32439
-32512
-32628
-32804
-32886
-33046
-33146
-33178
-33220
-33291
-33281
-33308
-33308
-33201
-33113
-32976
-32897
-32783
-32600
-32386
-32230
-32033
-31888
-31600
-31426
-31193
-30857
-30558
-30262
-29987
-29674
-29336
-28972
-28663
-28825
-28144
-27903
-27625
-27382
-27233
-27086
-27044
-26949
-27350
-26783
-26735
-26703
-26804
-26817
-26863
-26968
-27134
-27327
-27418
-27646
-27918
-28214
-28428
-28649
-28924
-29193
-29480
-29760
-30029
-29831
-30758
-31159
-31470
-31833
-32167
-32558
-32844
-33086
-33354
-33611
-33228
-33896
-34193
-34270
-34268
-34289
-34289
-34138
-34008
-33842
-33718
-33508
-33239
-32930
-32640
-32333
-32077
-31787
-31499
-31170
-30876
-30558
-30770
-29978
-29689
-29777
-28966
-28556
-28180
-28325
-27420
-27054
-26750
-26411
-26014
-25739
-25481
-25107
-24781
-24514
-24188
-23844
-23512
-23178
-22791
-22480
-22134
-21762
-21388
-21060
-20647
-20306
-19871
-20021
-19216
-18882
-18441
-18224
-18563
-17705
-17273
-16938
-16464
-16596
-15783
-15399
-14978
-14598
-14243
-13886
-13560
-13361
-13250
-12999
-12749
-12449
-12703
-12163
-11980
-11768
-11581
-11684
-11714
-11638
-11565
-11521
-11525
-11642
-11661
-11764
-11962
-12067
-12188
-12371
-12571
-12770
-13113
-13535
-13869
-14168
-14621
-15050
-15348
-15189
-15873
-15697
-15432
-15838
-16291
-17445
-17850
-18313
-18638
-18848
-19115
-19350
-19594
-19836
-19550
-20193
-20409
-20441
-20386
-20092
-19399
-18730
-18483
-17405
-16500
-8939
-7403
-6833
-5550
-4957
-4688
-4701
-4663
-5791
-6781
-7375
-8312
-9712
-10552
-11327
-11875
-12283
-12607
-12762
-12810
-12777
-12630
-12476
-12331
-12659
-12058
-12004
-12104
-12042
-12254
-12523
-12241
-12913
-13289
-13243
-14130
-14462
-14752
-14907
-15012
-15104
-15277
-15256
-15466
-15581
-15170
-15884
-15644
-16415
-16176
-16964
-17451
-17705
-17787
-17676
-18739
-19142
-19487
-19749
-19798
-19787
-19676
-19544
-19413
-19575
-19130
-18646
-18189
-18069
-16775
-16546
-14844
-14142
-12932
-12651
-11483
-10756
-10102
-9480
-9245
-8020
-7382
-7285
-6453
-6104
-5987
-5922
