-13546
-13636
-12743
-12464
-12094
-11943
-12188
-11768
-12882
-13445
-13878
-14628
-15155
-16138
-17581
-18334
-18840
-19289
-19512
-19483
-19216
-18844
-18180
-17455
-12882
-11875
-11663
-11205
-10287
-9785
-9493
-9228
-8980
-8701
-8436
-8342
-8254
-8228
-8180
-8256
-8399
-8533
-8739
-8981
-8800
-9638
-9991
-10354
-10310
-11191
-11594
-12031
-12460
-12865
-12789
-13817
-14062
-14480
-14688
-14840
-15130
-15277
-15336
-15407
-15346
-15281
-15617
-14995
-14827
-14544
-14233
-13947
-13735
-13521
-13323
-13216
-13084
-12836
-12707
-12602
-12563
-12523
-12571
-12502
-12474
-12392
-12401
-12571
-12218
-12836
-12876
-13033
-13279
-13493
-13676
-13888
-14113
-14317
-14512
-14653
-14861
-15008
-14953
-15050
-14663
-15212
-15294
-15470
-15665
-15869
-15941
-16039
-15651
-16218
-16203
-16165
-16197
-16176
-16260
-16340
-16422
-16485
-16126
-16739
-16850
-17029
-17088
-17086
-17149
-17191
-17205
-17312
-17352
-17403
-17472
-17571
-17670
-17804
-17871
-17960
-17590
-18560
-18157
-18226
-18249
-18323
-18369
-18352
-18392
-18474
-18422
-18407
-18329
-18235
-18165
-18060
-17997
-17869
-17773
-17682
-17556
-17397
-17260
-17583
-17014
-16840
-16670
-16584
-16371
-16596
-15922
-15693
-15544
-15521
-15413
-15447
-15480
-15527
-15663
-15680
-15691
-15722
-15676
-15714
-15831
-15842
-15880
-16023
-16321
-16567
-16911
-17256
-17167
-17999
-18292
-18563
-18855
-19134
-19438
-19670
-19926
-20256
-20481
-20710
-20846
-21054
-21323
-21539
-21647
-21848
-22027
-22197
-22304
-22403
-22542
-22594
-22676
-22846
-23050
-23266
-23310
-23340
-23403
-23508
-23621
-23825
-23464
-24104
-24247
-24336
-24361
-24397
-24504
-24504
-24535
-24901
-24312
-24214
-24102
-24039
-23959
-23735
-23934
-23306
-23042
-22863
-22542
-22212
-22459
-21659
-21279
-20897
-20623
-20300
-20466
-19615
-19428
-19262
-18999
-18857
-18728
-18623
-18472
-18413
-18363
-18264
-18189
-18247
-18271
-18298
-18275
-18277
-18359
-18432
-18500
-18535
-18573
-18565
-18665
-18712
-18728
-18693
-18836
-18953
-18983
-19023
-19035
-19035
-19081
-19180
-19207
-19167
-19291
-19480
-19642
-19792
-19960
-20188
-20254
-20201
-20333
-20424
-20388
-20401
-20441
-20390
-20399
-20327
-20256
-20231
-20136
-20010
-19783
-19623
-19438
-19201
-18905
-18583
-18352
-17966
-17676
-17291
-16947
-16636
-16396
-16611
-15867
-15693
-15577
-15348
-15312
-15201
-15174
-15216
-15285
-15407
-15489
-15831
-16119
-16420
-16737
-17056
-17436
-17840
-20609
-20987
-21373
-21705
-21546
-22426
-22697
-22897
-23071
-23237
-23430
-23514
-23689
-23789
-23823
-23787
-23781
-23676
-23634
-23485
-23310
-23126
-22922
-22756
-22953
-22258
-22079
-21897
-21722
-21962
-21237
-21060
-20806
-20531
-20250
-20481
-19689
-19436
-19533
-18707
-19033
-18352
-18125
-17962
-17810
-17716
-17634
-17598
-17107
-17665
-17733
-17888
-18157
-18447
-18754
-18583
-19460
-19938
-20355
-20861
-21342
-21894
-22453
-22512
-23588
-24075
-24686
-25354
-25838
-25924
-26783
-27140
-27594
-27957
-28159
-28405
-28548
-28670
-28821
-28970
-28945
-28924
-28794
-28609
-28411
-28193
-27949
-27750
-27487
-27199
-26957
-26716
-26453
-26115
-25913
-25697
-25516
-25270
-25010
-25401
-24705
-24493
-24355
-24138
-24029
-23850
-23668
-23455
-23363
-23220
-23084
-22915
-22777
-22728
-22544
-22367
-22182
-22163
-22037
-21957
-21861
-21922
-21855
-21878
-21976
-22021
-21941
-22027
-22132
-22107
-22126
-22119
-22153
-22205
-22262
-22357
-22512
-22615
-22741
-22857
-22930
-23000
-23115
-23212
-23273
-23338
-23397
-23439
-23554
-23575
-23636
-23602
-23632
-23791
-23922
-23968
