-226
-224
-216
-182
-228
-153
-125
-144
-123
-134
-113
-100
-125
-140
-203
-184
-184
-174
-218
-199
-239
-252
-243
-205
-252
-224
-277
-273
-296
-329
-321
-352
-346
-346
-397
-447
-422
-417
-376
-411
-420
-426
-468
-397
-464
-462
-470
-499
-4
-483
-474
-500
-978
-436
-476
-516
-529
-445
-14
-569
-514
-453
-480
-520
-575
-550
-520
-554
-575
-520
-470
-476
-525
-562
-460
-476
-499
-413
-418
-390
-441
-443
-396
-449
-426
-426
-470
-978
-459
-432
-420
-405
-415
-445
-449
-413
-394
-468
-451
-403
-325
-207
-268
-277
-319
-226
-210
-224
-210
-231
-207
-176
-167
-193
-205
-189
-157
-188
-104
-62
-60
20
-23
-14
-23
-33
15
20
62
36
51
83
82
80
120
112
108
124
108
97
120
82
57
108
114
91
127
204
179
131
143
166
139
223
160
221
217
272
250
225
242
213
188
137
219
150
70
209
156
112
125
64
9
68
480
3
-468
1
-37
17
-481
38
38
17
19
-98
-56
486
-90
-94
-44
-159
-117
-96
-134
-142
-178
-250
-184
-176
-161
-167
-134
-65
-111
-157
-168
-182
-151
-149
-209
-182
-191
-310
-271
-256
-361
-354
-308
-355
-390
-308
-302
-302
-294
-325
-275
-333
-329
-241
-313
-292
-271
-289
-302
-273
-298
-298
-207
-182
-228
-209
-96
-63
-37
24
51
112
99
185
190
185
167
154
223
185
202
125
118
219
229
156
183
219
200
215
240
185
242
240
177
179
160
185
177
133
148
150
131
106
30
70
40
124
103
-39
17
-20
-33
-83
-50
-155
-113
-119
-193
-176
-193
-142
-233
-210
-201
-231
-277
-260
-371
-384
-386
-340
-365
-355
-415
-403
-960
-464
-483
-535
-529
-558
-539
-558
-529
-609
-613
-623
-632
-575
-491
-460
-436
-388
-397
-472
-413
-369
-438
-415
-350
-256
-205
-243
-195
-186
-210
-252
-222
-270
-214
-294
-296
-209
-348
-380
-308
-298
-388
-319
-237
-207
-222
-294
-249
-214
-357
-241
-283
-283
-308
-363
-350
-310
-361
-363
-403
-403
-407
-422
-403
-375
-426
-415
-401
-438
-344
-376
-342
-312
-304
-262
-304
-317
-380
-313
-291
-352
-350
-249
-354
-247
-312
-279
-291
-285
-254
-233
-249
-237
-270
-281
-333
-340
-285
-296
-392
-361
-344
-441
-399
-363
-365
-365
-415
-354
-380
-392
-10
-964
-399
-424
-378
-476
-441
-411
-460
-474
-434
-445
-386
-334
-323
-300
-333
-334
-298
-237
-252
-289
-207
-228
-289
-258
-331
-264
-283
-235
-264
-252
-203
-205
-199
-195
-188
-149
-184
-214
-188
-218
-212
-224
-172
-147
-130
-107
-75
-79
-60
-52
-33
-50
-123
-39
-12
-25
-54
-474
26
-20
19
-27
-98
-25
-12
-48
-52
-31
-58
-56
-21
-14
26
-37
