-516
-531
-529
-562
-558
-527
-596
-604
-569
-602
-607
-625
-594
-598
-688
-695
-709
-699
-691
-684
-663
-701
-693
-733
-766
-712
-701
-802
-823
-775
-806
-813
-823
-918
-968
-981
-1041
-1092
-1126
-1052
-1153
-1193
-1189
-1298
-1378
-1378
-1434
-1537
-1529
-1550
-1659
-1600
-1659
-1726
-1730
-1752
-1775
-1722
-1764
-1766
-1728
-1741
-1722
-1710
-1688
-1775
-1733
-1760
-1710
-1691
-1726
-1821
-1785
-1743
-1838
-1806
-1691
-1590
-1439
-1378
-1392
-1300
-1279
-1241
-1250
-1266
-1189
-1147
-1151
-1134
-1147
-1096
-1115
-1033
-1167
-1155
-1094
-1109
-1155
-1130
-1109
-1117
-1147
-1119
-1109
-1100
-1065
-1073
-1128
-1128
-1096
-1062
-1041
-1006
-989
-1033
-1027
-1041
-1012
-1031
-1079
-1058
-1060
-1084
-1105
-1102
-1109
-1153
-1147
-1216
-1147
-1241
-1249
-1266
-1258
-1237
-1338
-1302
-1294
-1270
-1331
-1292
-1334
-1250
-1260
-1281
-1313
-1352
-1363
-1323
-1312
-1296
-1323
-1283
-1228
-1252
-1258
-1216
-1224
-1167
-1142
-1178
-1104
-1075
-1113
-1048
-1012
-1031
-995
-964
-928
-873
-875
-894
-941
-936
-892
-897
-964
-1008
-970
-987
-1008
-983
-920
-957
-964
-1016
-995
-1449
-922
-985
-922
-959
-972
-1016
-1041
-1020
-1048
-1079
-1048
-1163
-1216
-1104
-1105
-1224
-1220
-1195
-1149
-1188
-1167
-1104
-1096
-1054
-1077
-1115
-1031
-1033
-1149
-1060
-1105
-1111
-1077
-1119
-1155
-1041
-1060
-1132
-1107
-1155
-1117
-1100
-1178
-1146
-1155
-1132
-1077
-1052
-1002
-962
-1046
-999
-909
-928
-894
-842
-875
-857
-800
-880
-792
-770
-819
-806
-758
-770
-750
-726
-724
-720
-739
-730
-724
-707
-676
-634
-647
-653
-665
-623
-636
-581
-592
-672
-655
-596
-558
-590
-541
-600
-569
-609
-701
-647
-659
-709
-762
-808
-854
-773
-735
-802
-745
-693
-707
-676
-632
-567
-623
-556
-447
-409
-392
-354
-306
-237
-203
-100
-58
-46
59
38
114
160
145
223
209
232
238
171
255
234
190
154
156
246
246
238
225
251
274
250
257
156
148
143
211
145
198
225
196
192
223
223
219
272
354
307
305
362
351
320
314
270
204
185
169
190
219
209
202
196
211
250
255
282
272
297
305
257
263
282
263
291
311
335
377
356
311
278
274
177
240
194
124
133
187
257
217
284
269
354
425
347
374
358
360
362
375
307
318
303
318
301
333
330
295
274
259
217
253
225
204
158
208
173
200
267
288
375
370
309
425
410
427
444
427
417
379
427
417
375
347
368
337
351
345
307
368
322
291
276
299
297
257
251
257
221
188
133
114
66
59
15
5
-21
-483
-52
-31
486
-63
-56
479
-62
-75
-128
-125
-142
-172
-218
-292
-296
-256
-250
-279
-296
-296
-306
-245
-216
-195
-230
-228
-163
-128
-174
-163
-48
-33
74
72
122
175
236
301
349
429
395
515
551
