133
137
40
-21
0
-10
-48
-96
-163
-163
-203
-214
-228
-241
-256
-250
-340
-344
-260
-275
-317
-354
-298
-273
-256
-363
-327
-275
-292
-313
-285
-373
-411
-321
-417
-363
-344
-365
-367
-371
-384
-392
-411
-285
-271
-210
-191
-149
-69
-46
-464
59
40
68
66
116
70
51
64
41
66
473
-480
34
482
-20
-8
-23
-81
-31
-50
-69
-79
-142
-125
-151
-126
-157
-132
-147
-180
-214
-186
-268
-275
-270
-294
-287
-249
-277
-268
-273
-323
-340
-386
-409
-411
-357
-338
-312
-359
-375
-392
-418
-455
-405
-382
-396
-352
-464
-970
-459
-403
-390
-434
-434
-420
-487
-462
-403
-399
-369
-407
-294
-315
-310
-327
-396
-375
-386
-470
-504
-470
-367
-417
-382
-365
-321
-378
-363
-333
-342
-331
-298
-317
-321
-319
-388
-342
-384
-331
-447
-411
-355
-321
-399
-388
-367
-363
-365
-394
-378
-378
-455
-399
-363
-304
-291
-306
-281
-176
-184
-245
-334
-333
-312
-252
-140
-16
-35
-157
-264
-369
-464
-447
-472
-417
-388
-388
-411
-310
-312
-329
-352
-365
-321
-342
-344
-291
-287
-296
-193
-209
-258
-216
-186
-214
-180
-151
-170
-128
-146
-16
274
656
534
477
-396
-478
-424
-441
-331
-197
-188
-159
-94
-142
-207
-207
-188
-176
-193
-195
-146
-86
-83
-46
-105
-63
-71
-149
-121
-94
-111
-157
-111
-63
-111
-105
-121
-86
15
-56
-35
-27
-2
-35
85
32
3
-14
-92
-48
-58
-16
59
1
34
51
24
-16
-54
-105
-81
-96
-58
-39
-83
-79
-71
-155
-140
-214
-209
-205
-140
-167
-147
-117
-117
-113
-125
-102
-84
-115
-165
-197
-270
-357
-354
-390
-262
-252
-275
-291
-304
-283
-294
-302
-218
-252
-195
-258
-279
-197
-167
-201
-165
-203
-218
-252
-239
-241
-170
-168
-226
-136
-241
-155
-134
-151
-31
-23
-483
19
-29
-130
-21
-56
-60
-21
24
-37
26
-25
-489
11
-27
-65
-31
-52
-23
-2
-14
-33
17
-16
-83
-37
-65
89
118
53
83
66
133
43
118
82
70
41
80
24
479
-23
-23
-113
-159
-180
-132
-163
-165
-245
-245
-222
-222
-212
-224
-241
-289
-230
-250
-270
-285
-340
-369
-405
-388
-373
-333
-312
-369
-367
-342
-432
-457
-434
-481
-516
-970
-527
-531
-434
-12
-6
-525
-500
-499
-541
-581
-623
-516
-462
-23
-533
-972
-476
-562
-520
-541
-577
-562
-562
-552
-518
-480
-531
-441
-361
-418
-415
-350
-396
-405
-319
-363
-386
-409
-396
-369
-350
-378
-277
-331
-382
-300
-239
-378
-342
-281
-287
-273
-292
-308
-258
-334
-287
-226
-285
-271
-254
-220
-172
-199
-193
-147
-125
-188
-182
-180
-207
-132
-178
-88
-134
-176
-231
-233
-191
-212
-212
-228
-250
-167
-224
-205
-176
-188
-144
-115
