-98
-25
-60
-117
-37
-62
-88
-136
-92
-480
-107
-48
-81
-56
-46
-44
-102
-62
-121
-96
-115
-113
-86
-86
-115
-86
-140
-117
-67
-121
-25
-56
-113
-155
-147
-117
-130
-134
-102
-115
-201
-220
-130
-165
-195
-149
-180
-258
-207
-151
-170
-147
-174
-88
-54
-81
-62
-63
68
41
34
40
15
62
20
59
80
66
112
108
68
87
112
169
183
211
206
188
166
261
211
217
244
183
188
259
213
200
171
164
244
219
154
114
110
118
116
76
99
108
103
99
146
221
95
106
169
185
269
196
106
208
167
38
95
114
89
91
83
80
61
-29
22
7
51
93
41
26
-10
32
83
66
62
139
36
1
78
127
99
13
124
190
141
139
146
145
158
202
167
143
198
190
152
204
196
162
219
181
236
217
251
221
293
261
200
286
290
288
251
267
227
257
278
229
229
255
320
370
396
435
440
423
417
475
482
406
429
465
450
435
410
316
290
333
341
396
248
251
303
213
175
162
175
164
204
257
270
282
194
257
225
206
152
164
148
145
135
158
206
217
166
204
202
213
221
225
242
200
234
230
187
240
274
282
274
280
270
318
295
318
391
377
452
412
433
471
459
519
517
461
484
975
528
461
349
1
431
416
406
320
393
364
343
377
345
339
372
431
492
454
341
354
278
297
360
311
303
259
261
259
381
402
391
435
475
471
513
549
40
416
446
427
435
341
349
309
297
383
265
330
290
206
253
232
166
177
156
164
93
175
164
146
156
211
167
154
131
104
150
80
40
80
3
34
-42
-88
-111
-125
-182
-182
-123
-186
-144
-291
-378
-342
-974
-388
-426
-375
-392
-422
-420
-535
-504
-468
-18
-493
-489
-481
-459
-542
-533
-502
-978
-563
-523
-2
-497
-521
-457
-460
-439
-2
-459
-436
-363
-354
-464
-401
-266
-260
-247
-165
-191
-159
-157
-132
-69
-29
-8
26
26
-44
22
83
459
-98
-14
-52
-107
-98
-83
-168
-88
-146
-172
-201
-188
-252
-167
-186
-104
-147
-146
-157
-186
-186
-161
-205
-212
-142
-146
-243
-172
-228
-218
-245
-289
-310
-375
-396
-323
-378
-449
-367
-405
-480
-470
-472
-544
-510
-533
-525
-493
-531
-502
-453
-418
-422
-418
-455
-407
-365
-397
-375
-407
-313
-396
-388
-369
-354
-357
-346
-317
-338
-273
-216
-250
-230
-222
-210
-218
-151
-153
-115
-132
-113
-90
-113
-18
28
-487
475
-25
-472
61
91
72
116
146
85
108
143
103
82
91
190
135
124
127
110
158
169
227
206
133
181
188
114
