534
500
503
475
520
469
421
473
448
494
408
320
314
330
263
190
215
206
173
150
194
257
175
129
40
40
68
40
-54
-65
-25
-67
-107
-121
-92
-134
-216
-230
-222
-231
-292
-329
-396
-354
-397
-405
-449
-420
-422
-512
-483
-436
-520
-500
-531
-483
-487
-504
-472
-468
-533
-518
-527
-974
-411
-426
-411
-405
-424
-285
-296
-239
-167
-191
-214
-226
-159
-123
-167
-168
-161
-94
-161
-149
-157
-92
-50
-149
-125
-92
-46
-23
-2
-485
47
72
116
122
80
15
45
36
87
51
-21
-6
30
127
68
26
80
101
64
87
91
-481
40
127
3
11
-109
78
-88
-54
-52
-132
-119
-119
-117
-115
-123
-226
-235
-270
-260
-302
-321
-306
-334
-468
-443
-403
-399
-392
-460
-439
-434
-336
-460
-445
-430
-384
-441
-392
-392
-441
-451
-464
-422
-401
-401
-470
-447
-422
-445
-390
-361
-346
-302
-315
-363
-313
-298
-243
-247
-218
-264
-168
-195
-172
-115
-170
-151
-119
-138
-126
11
24
-20
57
28
62
80
36
-18
-37
-52
-48
-90
-111
-146
-134
-134
-134
-226
-155
-146
-209
-176
-212
-266
-373
-436
-355
-388
-474
-500
-464
-478
-451
-464
-438
-478
-2
-27
-531
-439
-485
-409
-413
-396
-357
-352
-224
-220
-247
-294
-296
-266
-220
-262
-226
-235
-235
-245
-195
-86
-125
-88
13
-14
82
-487
89
164
106
135
101
45
104
72
108
28
68
465
-52
-33
3
-27
-48
-77
-121
-115
-176
-180
-245
-241
-203
-256
-283
-243
-266
-342
-285
-268
-333
-369
-323
-378
-375
-415
-411
-434
-491
-453
-4
-521
-600
-584
-518
-558
-592
-586
-583
-647
-626
-605
-607
-613
-607
-548
-567
-556
-550
-512
-525
-563
-497
-521
-6
-529
-499
-533
-550
-476
-451
-397
-384
-348
-346
-369
-220
-247
-254
-195
-159
-111
-115
-125
-75
-77
-125
-115
-105
-170
-128
-144
-56
-121
-115
-94
-92
-123
-128
-121
-63
-100
-130
-142
-86
-65
-75
-65
-105
-79
-79
-128
-117
-172
-199
-126
-168
-199
-191
-216
-226
-205
-220
-218
-170
-159
-207
-239
-205
-149
-178
-180
-214
-209
-119
-172
-224
-241
-205
-176
-296
-296
-310
-291
-304
-247
-250
-273
-304
-333
-342
-384
-380
-302
-348
-348
-346
-333
-348
-304
-308
-277
-271
-310
-296
-228
-310
-224
-193
-230
-273
-214
-188
-193
-222
-197
-222
-233
-199
-250
-241
-193
-182
-140
-161
-153
-119
-37
-125
-105
-69
-20
-27
-62
13
5
-50
-4
-14
-37
-20
-21
-81
-67
-60
5
486
24
66
87
78
26
110
152
145
76
154
97
135
167
89
137
141
162
135
93
104
127
11
97
124
116
154
64
61
152
80
87
127
93
124
158
177
194
194
