-172
-138
-170
-123
-69
-123
-115
-12
-18
9
32
28
45
70
72
74
59
26
76
103
20
5
40
13
53
477
-8
-4
-48
-65
-4
17
9
66
112
103
124
122
194
145
244
196
221
219
85
206
194
209
208
213
232
139
230
196
146
135
66
158
194
253
167
238
160
204
229
259
244
248
263
309
290
263
240
261
309
295
244
299
274
238
259
213
169
129
99
106
479
-20
-37
-115
-83
-136
-86
-102
-56
-157
-63
-81
30
22
3
36
112
185
169
118
173
246
173
160
150
196
160
91
17
-25
-12
19
-117
-86
-191
-193
-159
-123
-231
-228
-245
-287
-355
-407
-480
-460
-409
-539
-579
-605
-621
-661
-716
-771
-819
-762
-834
-873
-854
-854
-850
-823
-844
-850
-808
-802
-836
-777
-709
-771
-789
-739
-722
-710
-737
-688
-684
-655
-638
-594
-632
-663
-592
-581
-586
-565
-590
-575
-502
-481
-399
-392
-371
-357
-319
-378
-327
-313
-342
-233
-256
-271
-256
-228
-214
-237
-230
-193
-174
-184
-104
-35
-75
-92
-92
-42
30
1
-27
-8
-27
-98
-56
-109
-113
-81
-81
-140
-266
-262
-224
-210
-237
-233
-220
-218
-241
-256
-302
-291
-319
-304
-279
-279
-344
-342
-340
-325
-352
-394
-271
-226
-296
-344
-373
-352
-321
-266
-216
-304
-342
-275
-230
-247
-298
-237
-250
-228
-170
-228
-207
-109
-67
-147
-176
-39
-86
-37
-18
-69
-18
7
5
53
11
57
55
146
137
68
152
152
169
213
208
234
259
240
232
221
244
332
339
295
312
332
290
269
267
293
284
288
301
286
229
209
305
347
282
305
225
179
221
290
213
209
242
244
194
183
208
217
257
229
251
242
301
312
276
236
229
204
230
213
183
215
246
209
259
251
234
238
295
290
263
227
332
284
311
259
381
318
316
332
335
337
301
349
301
284
211
219
215
202
137
160
187
183
171
183
160
183
141
83
192
190
171
211
225
246
192
229
183
137
143
110
131
131
120
101
36
19
26
-75
-29
-42
-105
-63
-18
-81
-96
-62
475
-54
-62
-105
-62
-71
-21
-71
-121
-29
-86
-92
-132
-41
-111
-96
-88
-52
-128
-81
22
-75
-474
179
248
286
320
375
339
437
442
26
551
532
595
610
685
633
620
654
643
631
587
625
639
582
591
595
568
530
3
530
530
534
494
429
335
356
341
309
267
261
246
261
229
208
188
240
211
164
103
-8
-4
-69
-105
-119
-134
-83
-178
-218
-254
-193
-228
-312
-317
-319
-373
-294
-258
-315
-279
-287
-352
-338
-380
-407
-394
-388
-397
-378
-355
-436
