-646
-552
-598
-514
-575
-493
-460
-449
-468
-518
-531
-542
-581
-602
-544
-556
-619
-602
-657
-575
-604
-607
-567
-525
-546
-504
-447
-485
-369
-382
-418
-373
-415
-352
-415
-449
-439
-432
-382
-325
-354
-321
-308
-266
-258
-285
-294
-268
-260
-199
-165
-212
-315
-279
-239
-306
-359
-369
-359
-331
-376
-348
-329
-338
-327
-357
-396
-331
-361
-336
-338
-304
-338
-327
-365
-273
-287
-294
-348
-323
-329
-373
-325
-321
-306
-315
-344
-363
-256
-275
-256
-220
-247
-296
-340
-294
-319
-346
-369
-359
-365
-365
-388
-331
-384
-333
-285
-315
-325
-340
-230
-325
-334
-327
-378
-338
-359
-323
-384
-359
-367
-394
-392
-275
-357
-369
-373
-405
-499
-483
-386
-29
-588
-512
-544
-502
-529
-562
-563
-556
-546
-537
-571
-605
-607
-655
-586
-459
-438
-508
-493
-451
-426
-16
-558
-527
-537
-518
-527
-499
-460
-459
-476
-480
-384
-445
-409
-422
-392
-390
-354
-371
-342
-285
-340
-302
-279
-302
-294
-264
-231
-256
-308
-254
-254
-270
-233
-283
-262
-230
-250
-199
-262
-262
-315
-306
-270
-224
-296
-254
-285
-262
-254
-203
-105
-69
-144
-170
-83
-52
-92
-136
-83
-39
-54
-86
-69
-52
-65
-8
-16
-20
-41
-115
-136
-63
-126
-115
-107
-149
-126
-170
-178
-176
-184
-212
-209
-210
-279
-270
-338
-407
-399
-428
-384
-392
-422
-489
-459
-455
-439
-502
-447
-462
-468
-455
-548
-491
-441
-523
-449
-499
-493
-470
-508
-481
-474
-464
-413
-380
-441
-445
-350
-317
-308
-289
-275
-281
-252
-220
-247
-254
-260
-294
-63
-153
-77
-167
-168
-212
-207
-216
-188
-264
-130
-132
-144
-170
-136
-121
-94
-176
-165
-130
-119
-86
-111
-144
-132
-182
-130
-178
-81
5
-472
38
26
-67
-71
-8
-84
-119
-84
-153
-266
-226
-258
-317
-270
-334
-300
-287
-214
-300
-266
-256
-266
-233
-352
-354
-361
-281
-228
-287
-191
-220
-291
-163
-157
-252
-155
-140
-130
-184
-197
-176
-167
-195
-201
-178
-222
-151
-157
-104
-104
-16
-29
24
-8
0
-39
-56
-48
-37
-25
-4
-60
-25
-52
-86
-21
-41
49
64
55
32
-23
-81
-4
9
-18
1
49
53
-489
13
87
40
103
152
64
141
70
22
30
57
20
-474
-21
-460
22
9
47
-12
-2
7
-46
9
78
38
-29
26
-50
-18
-10
-52
-41
-71
-35
-109
-157
-130
-31
-81
-136
-54
-54
-84
-86
-46
-130
-65
-128
-176
-174
-218
-247
-239
-157
-159
-254
-212
-191
-212
-241
-220
-163
-201
-235
-207
-168
-136
-142
-165
-157
-126
-172
-96
-117
-144
-201
-130
-69
-136
-153
-182
-136
-62
-104
-81
-100
-117
-104
-54
-92
-109
-111
-81
-39
-79
480
-84
-52
-16
-65
-77
-33
9
19
-18
