551
597
545
637
618
646
633
729
748
736
778
784
681
658
637
612
520
528
633
719
625
538
551
513
362
297
343
385
181
118
261
272
204
286
337
381
435
425
417
446
490
412
20
419
391
400
406
366
375
395
761
78
-37
-77
93
486
13
-146
127
206
251
236
208
150
129
127
187
55
93
137
114
78
64
26
-8
15
-470
70
118
129
194
139
200
188
244
267
82
97
61
89
55
9
-16
-29
74
-52
-2
104
28
448
-6
45
473
66
74
-483
120
-48
-195
-16
70
-481
-8
-88
-104
-167
162
192
85
332
185
387
658
1435
667
635
938
339
381
532
437
522
85
444
580
417
433
309
154
250
236
242
282
360
274
143
192
72
51
148
59
486
19
-71
34
15
28
85
-41
-123
-197
-69
34
-485
120
-146
-147
57
83
-23
-94
-123
-119
-115
-69
-100
-159
-432
246
284
274
282
389
223
45
935
406
-306
-12
-516
-210
-14
484
-184
-283
-334
-396
-273
-191
-165
-107
-90
-104
-121
-132
-88
85
188
194
164
116
124
97
114
127
143
120
110
-33
-12
-63
-111
-123
-168
-193
-176
-197
-233
-212
-237
-275
-292
-275
-357
-384
-417
-420
-451
-468
-567
-445
-449
-27
-619
-697
-598
-598
-672
-602
-548
-527
-142
-155
-151
-67
-92
-138
-144
-336
-292
-302
-357
-327
-371
-422
-573
-621
-651
-546
-521
-493
-500
-525
-531
-523
-609
-544
-584
-521
-491
-516
-506
-424
-438
-436
-344
-300
-252
-186
-46
66
125
326
383
450
479
597
643
696
646
591
631
574
585
547
488
505
528
654
585
358
396
459
431
322
127
110
202
278
288
270
339
400
507
956
213
263
19
589
545
555
511
551
570
635
681
891
1072
885
772
896
1148
1162
1097
994
933
1143
1248
1360
1530
1316
1446
1013
1099
1202
1154
1003
954
1034
1064
1099
1154
1095
908
942
1080
1112
1080
1454
837
900
902
900
929
954
490
1013
1110
887
625
744
910
919
818
708
583
660
708
694
690
721
679
646
622
580
540
498
574
646
574
545
572
505
555
551
562
574
513
528
572
561
540
492
553
543
540
509
435
463
412
312
286
269
303
259
206
202
187
162
101
150
188
213
261
395
421
540
465
312
253
215
103
-96
-121
-138
-189
-249
-230
-308
-359
-247
-325
-371
-306
-256
-214
-313
-247
-250
-243
-155
-117
-220
-306
-228
-308
-338
-363
-363
-375
-319
-294
-361
-312
-373
-342
-327
-321
-306
-294
-275
-333
-230
-216
-247
-226
-237
-197
-203
-268
-268
-254
-277
-241
-180
-132
-209
-149
-37
-37
