-125
-25
-94
-86
-50
-69
-117
-134
-140
-111
-151
-121
-121
-104
-27
-48
-29
-42
-33
28
36
99
127
85
106
106
24
-489
57
95
62
51
40
-4
-20
-75
-44
-27
-147
-104
-84
-123
-140
-90
-83
-147
-109
-151
-146
-138
-146
-105
-94
-128
-235
-197
-81
-138
-117
-161
-203
-230
-279
-161
-149
-182
-212
-193
-228
-249
-197
-241
-256
-256
-243
-292
-270
-258
-209
-271
-262
-197
-247
-245
-172
-115
-111
-81
-92
-123
-132
-125
-176
-315
-355
-384
-397
-462
-491
-436
-407
-375
-350
-334
-308
-302
-275
-222
-134
-151
-186
-222
-184
-165
-210
-252
-258
-205
-270
-273
-247
-224
-271
-216
-296
-308
-271
-256
-210
-268
-287
-207
-203
-155
-146
-132
-144
-167
-168
-165
-212
-256
-209
-172
-294
-256
-285
-233
-182
-218
-161
-174
-149
-167
-155
-161
-134
-163
-144
-84
-119
-54
-88
-39
-6
26
43
49
70
20
64
118
95
9
28
57
91
68
61
131
89
133
85
24
15
66
480
475
-2
-60
-52
-73
-83
-88
-42
-52
-77
-107
-119
-69
-115
-168
-197
-168
-258
-346
-359
-382
-411
-445
-514
-563
-563
-590
-581
-558
-630
-657
-621
-615
-609
-689
-741
-672
-712
-680
-699
-655
-625
-596
-714
-743
-678
-686
-693
-670
-689
-644
-604
-590
-621
-569
-542
-583
-533
-2
-529
-449
-375
-432
-397
-348
-310
-371
-352
-216
-241
-271
-264
-199
-210
-207
-258
-254
-241
-224
-258
-235
-182
-201
-237
-230
-233
-195
-214
-212
-134
-147
-258
-210
-168
-163
-170
-201
-176
-218
-189
-168
-197
-174
-266
-241
-277
-241
-268
-245
-260
-252
-230
-277
-239
-197
-178
-197
-123
-94
-96
-69
-90
-94
-111
-195
-168
-172
-180
-186
-193
-186
-241
-239
-266
-239
-254
-291
-247
-315
-329
-153
-254
-241
-214
-241
-207
-212
-235
-212
-163
-216
-180
-209
-170
-176
-186
-144
-178
-218
-163
-168
-155
-147
-203
-199
-155
-165
-178
-159
-176
-186
-214
-224
-212
-189
-189
-268
-277
-252
-237
-287
-228
-212
-199
-184
-155
-165
-144
-136
-115
-161
-203
-170
-111
-94
-62
-16
-77
-65
-69
-100
-128
-88
-140
-109
-123
-123
-144
-170
-182
-125
-69
-157
-270
-363
-462
-443
-354
-355
-298
-279
-291
-323
-354
-365
-338
-405
-359
-306
-350
-302
-264
-289
-300
-315
-340
-334
-344
-300
-268
-260
-294
-195
-140
-176
-191
-188
-167
-174
-144
-167
-178
-188
-224
-247
-193
-214
-245
-285
-291
-289
-250
-250
-254
-235
-262
-329
-304
-319
-333
-273
-287
-300
-252
-296
-220
-273
-310
-279
-260
-254
-224
-250
-243
-218
-241
-329
-313
-193
-243
-283
-270
-243
-281
-271
-197
-205
-271
-235
-245
-220
-174
-235
-205
-218
-155
-146
-189
-161
-123
-125
-168
-128
