57
20
-485
62
-37
-18
-35
24
-67
-4
-478
83
15
24
43
41
47
43
97
61
112
166
141
80
101
131
22
55
22
7
55
34
11
1
-18
-33
-111
-83
-25
-84
-50
-84
-104
-107
-128
-109
-96
-107
-96
-119
-107
-65
-56
-58
-146
-98
-62
-90
-165
-81
-142
-157
-184
-205
-168
-260
-250
-224
-195
-285
-235
-237
-266
-273
-304
-271
-205
-146
-172
-245
-252
-197
-224
-216
-245
-252
-216
-220
-203
-222
-210
-247
-321
-352
-277
-289
-256
-291
-327
-321
-323
-344
-382
-325
-333
-357
-344
-279
-247
-291
-382
-344
-271
-279
-281
-340
-333
-296
-321
-285
-266
-254
-268
-283
-264
-241
-258
-285
-268
-319
-363
-279
-241
-270
-210
-195
-216
-237
-214
-283
-218
-243
-239
-262
-228
-250
-203
-132
-81
-113
-100
-44
-37
7
-39
-18
-104
-83
-113
-189
-237
-157
-159
-111
-134
-144
-58
-33
-4
-18
-105
-20
-63
-121
-119
-117
-121
-100
-63
-155
-88
-90
-71
-50
-73
-111
-44
-480
15
-50
0
-48
-44
-23
11
-37
-94
-69
-60
-159
-159
-109
-69
-46
-489
22
61
76
30
45
49
43
133
78
97
110
125
118
97
76
129
45
97
124
103
101
89
7
19
64
30
7
-489
66
11
-20
-25
-12
11
59
91
82
95
120
87
120
148
106
120
219
169
213
175
166
206
250
196
196
196
187
215
263
272
314
333
301
347
320
335
387
358
370
391
410
366
309
354
286
242
251
192
143
137
158
114
17
40
83
-12
3
-41
-88
-58
-109
-65
-125
-132
-102
-201
-199
-207
-245
-210
-254
-264
-285
-348
-336
-354
-361
-378
-367
-369
-348
-417
-417
-403
-355
-346
-319
-308
-300
-296
-279
-294
-319
-346
-333
-367
-340
-384
-386
-355
-392
-354
-327
-298
-325
-281
-355
-294
-174
-191
-182
-142
-140
-205
-155
-182
-155
-161
-159
-210
-170
-65
-161
-222
-189
-218
-256
-205
-239
-224
-182
-237
-186
-182
-260
-283
-231
-245
-281
-329
-298
-233
-214
-176
-191
-201
-247
-184
-157
-235
-210
-178
-132
-168
-132
-157
-195
-168
-197
-210
-191
-226
-201
-228
-188
-220
-165
-172
-178
-249
-231
-176
-191
-212
-161
-216
-266
-235
-271
-260
-279
-277
-256
-247
-266
-287
-289
-361
-376
-331
-354
-365
-275
-361
-338
-363
-359
-365
-346
-430
-470
-373
-445
-430
-466
-420
-2
-527
-520
-521
-579
-586
-512
-504
-537
-518
-619
-535
-499
-586
-615
-586
-590
-632
-636
-615
-577
-596
-558
-533
-621
-560
-562
-565
-584
-588
-523
-598
-552
-550
-541
-504
-552
-455
-478
-489
-520
-474
-422
-497
-455
-403
-457
-480
-470
-409
-401
-365
-438
-476
-411
-460
-411
-405
-369
-342
-317
