-176
-214
-176
-170
-235
-273
-254
-222
-212
-218
-189
-216
-260
-222
-344
-287
-264
-271
-308
-304
-338
-350
-310
-340
-300
-216
-271
-296
-319
-359
-403
-434
-415
-401
-415
-439
-504
-577
-552
-556
-651
-705
-630
-661
-707
-712
-720
-688
-695
-802
-863
-871
-861
-880
-899
-917
-960
-909
-970
-1002
-976
-1027
-1033
-1067
-980
-1008
-991
-997
-1008
-987
-941
-913
-913
-903
-959
-878
-842
-836
-804
-829
-722
-754
-770
-691
-747
-756
-810
-823
-737
-789
-735
-688
-768
-764
-699
-672
-655
-598
-640
-588
-569
-531
-968
-478
-554
-462
-405
-550
-422
-468
-436
-455
-497
-447
-409
-315
-321
-315
-237
-191
-195
-228
-218
-147
-151
-205
-201
-140
-188
-205
-161
-176
-226
-195
-241
-287
-294
-266
-313
-289
-291
-317
-357
-388
-428
-426
-441
-411
-525
-554
-493
-554
-583
-607
-663
-672
-668
-697
-743
-750
-825
-854
-833
-817
-903
-907
-938
-962
-1079
-1071
-1002
-1027
-968
-905
-901
-976
-905
-1439
-880
-659
-237
311
-861
-909
-605
-2
-598
-541
-604
-481
-369
-388
-340
-254
-199
-146
-52
-73
-16
-65
1
68
22
26
463
-29
-52
-31
-10
-69
-121
-151
-144
-239
-218
-300
-300
-312
-344
-359
-336
-388
-443
-521
-483
-500
-506
-478
-504
-537
-653
-577
-598
-604
-609
-665
-594
-619
-680
-701
-625
-688
-613
-670
-705
-716
-724
-752
-749
-644
-661
-684
-686
-632
-575
-516
-520
-531
-472
-464
-542
-432
-485
-312
-348
-331
-310
-298
-252
-235
-193
-165
-170
-144
-83
-73
-62
-23
-67
-481
74
108
76
164
255
221
213
215
225
246
263
253
311
322
276
288
255
230
305
290
255
202
204
190
179
208
190
175
206
127
120
166
131
57
-37
85
484
-21
-6
-62
-86
-88
-188
-201
-191
-188
-197
-226
-193
-231
-241
-184
-228
-239
-230
-153
-155
-174
-165
-147
-155
-201
-168
-203
-149
-126
-167
-107
-48
-77
-104
-29
-60
-79
-33
-65
-31
-71
36
34
5
-20
-41
-54
-83
-6
-35
-44
-81
-65
-56
-48
-121
-121
-159
-195
-264
-262
-268
-281
-315
-386
-403
-428
-516
-575
-592
-584
-552
-588
-586
-619
-628
-657
-628
-644
-621
-625
-659
-573
-552
-552
-544
-518
-525
-480
-481
-518
-464
-438
-378
-436
-323
-386
-441
-359
-310
-296
-270
-262
-285
-407
-373
-388
-346
-331
-342
-386
-396
-315
-338
-376
-348
-334
-357
-369
-397
-409
-382
-462
-460
-424
-432
-373
-451
-978
-428
-527
-474
-409
-405
-420
-411
-344
-380
-378
-359
-430
-344
-340
-348
-388
-388
-336
-283
-312
-287
-304
-333
-289
-355
-340
-350
-308
-350
-352
-432
-386
-434
-447
-432
-451
-491
-455
-8
-978
-480
-539
-521
-565
-542
-642
-598
-667
-749
-758
-768
-731
-800
-819
