-890
-836
-798
-758
-791
-779
-749
-754
-712
-657
-667
-668
-646
-632
-617
-623
-628
-569
-562
-581
-562
-550
-556
-565
-581
-577
-527
-556
-518
-542
-554
-563
-565
-588
-621
-567
-605
-575
-565
-563
-510
-453
-550
-525
-617
-659
-668
-628
-667
-653
-655
-699
-739
-680
-710
-749
-728
-680
-714
-728
-718
-796
-728
-770
-741
-806
-770
-749
-710
-716
-768
-743
-737
-766
-709
-741
-726
-739
-745
-722
-630
-646
-625
-615
-590
-560
-489
-499
-504
-514
-487
-434
-409
-405
-346
-296
-270
-239
-283
-249
-239
-239
-243
-220
-292
-310
-291
-203
-231
-220
-157
-197
-180
-147
-123
-142
-69
-81
-102
-113
-115
-109
-50
-117
-73
-63
-155
-128
-144
-195
-163
-226
-220
-142
-214
-210
-174
-233
-180
-220
-222
-184
-144
-121
-84
-157
-130
-86
-168
-205
-203
-113
-199
-287
-287
-226
-281
-275
-289
-279
-327
-275
-333
-321
-273
-312
-338
-382
-340
-350
-361
-331
-348
-250
-264
-317
-315
-308
-271
-252
-283
-268
-256
-273
-296
-294
-281
-294
-327
-306
-260
-224
-254
-262
-188
-212
-193
-216
-138
-172
-144
-186
-161
-161
-126
-161
-147
-220
-220
-271
-270
-260
-283
-291
-289
-262
-313
-239
-180
-231
-224
-155
-216
-193
-195
-146
-186
-209
-191
-149
-163
-189
-191
-111
-121
-105
-63
-58
-65
-62
-8
34
-481
19
-14
61
74
68
55
118
154
166
198
229
307
503
282
232
190
215
221
204
89
82
196
194
230
236
253
234
215
175
188
141
211
154
175
131
95
95
66
53
22
5
-12
-487
-2
53
55
93
118
22
26
41
3
22
36
20
59
87
17
-37
-25
-73
-107
-46
-65
-111
-184
-178
-235
-296
-245
-382
-336
-388
-418
-441
-405
-340
-476
-483
-502
-441
-646
-869
-838
-500
-541
-613
-594
-602
-541
-525
-590
-439
-449
-125
259
-327
-625
-810
-665
-375
-443
-592
-651
-563
-493
-542
-470
-424
-447
-438
-352
-212
-275
-119
-125
-29
477
-21
-39
45
59
83
103
-29
11
49
13
477
-56
-6
-146
-69
-163
-138
-142
-130
-115
-241
-277
-321
-359
-352
-396
-493
-413
-476
-443
-422
-392
-472
-749
251
-56
-651
-939
-899
-638
-647
-605
-676
-731
-676
-623
-604
-556
-596
-541
-968
-518
-418
-453
-407
-959
-373
-373
-300
-319
-355
-348
-275
-325
-313
-277
-312
-319
-359
-304
-329
-333
-304
-279
-287
-260
-268
-256
-258
-264
-268
-243
-214
-310
-277
-224
-245
-277
-271
-287
-325
-399
-329
-321
-430
-403
-386
-413
-451
-418
-313
-380
-441
-466
-409
-405
-382
-390
-424
-409
-438
-468
-489
-546
-592
-554
-544
-615
-573
-649
-680
-701
-716
-667
-703
-743
-710
-701
-691
-667
-655
-657
-649
-659
-605
-611
-665
-630
-644
