368
274
259
314
324
269
261
183
122
99
57
11
62
43
-77
-180
-176
-197
-170
-161
-174
-258
-264
-271
-394
-329
-323
-373
-428
-439
-424
-388
-422
-396
-369
-392
-375
-413
-323
-315
-403
-355
-306
-283
-224
-277
-298
-281
-292
-292
-241
-252
-224
-273
-291
-241
-250
-281
-277
-266
-226
-210
-180
-98
-100
43
-25
-23
-2
-18
-90
-41
-123
-161
-186
-233
-210
-226
-231
-230
-268
-273
-319
-357
-355
-361
-271
-291
-327
-312
-270
-245
-294
-243
-144
-142
-212
-203
-147
-222
-191
-155
-146
-189
-123
-104
-12
-119
-128
-130
-153
-170
-180
-247
-235
-277
-222
-270
-312
-300
-342
-359
-438
-380
-396
-407
-376
-438
-422
-390
-378
-354
-312
-355
-355
-321
-340
-331
-281
-300
-317
-304
-302
-304
-340
-359
-323
-291
-292
-279
-283
-195
-212
-210
-222
-203
-176
-273
-273
-313
-308
-308
-352
-367
-331
-382
-455
-441
-476
-413
-350
-380
-438
-432
-420
-331
-336
-428
-409
-373
-354
-386
-394
-325
-264
-294
-354
-268
-300
-325
-291
-237
-258
-241
-271
-214
-273
-216
-186
-210
-188
-228
-241
-243
-249
-254
-195
-228
-186
-117
-109
-41
-83
-88
-86
-104
-115
-126
-92
-63
-54
-130
-146
-161
-153
-161
-98
-75
-65
-48
-63
-102
-79
-63
-52
-18
20
-14
30
87
114
120
106
89
85
57
99
28
68
47
-18
-10
-23
-31
-44
-44
-73
-84
-121
-100
-136
-125
-161
-191
-209
-216
-285
-310
-294
-300
-317
-226
-252
-321
-294
-294
-287
-260
-287
-327
-350
-254
-231
-201
-186
-191
-153
-153
-105
-117
-77
-63
-10
-67
-69
47
13
59
28
-6
89
32
482
-21
17
-69
-100
-109
-176
-195
-245
-218
-270
-262
-212
-195
-226
-226
-254
-197
-207
-241
-212
-157
-188
-186
-165
-245
-256
-249
-264
-287
-289
-256
-245
-329
-348
-287
-350
-306
-375
-373
-430
-426
-466
-462
-470
-472
-418
-399
-449
-508
-462
-459
-525
-529
-571
-632
-703
-722
-728
-735
-745
-747
-745
-846
-840
-855
-926
-938
-934
-918
-901
-951
-997
-997
-981
-1027
-1025
-985
-934
-1014
-1021
-1042
-1039
-1088
-1029
-970
-1014
-1020
-976
-974
-995
-1027
-1023
-938
-855
-867
-825
-802
-768
-758
-770
-709
-724
-739
-680
-684
-623
-531
-586
-563
-554
-554
-583
-548
-565
-638
-628
-575
-594
-594
-562
-502
-529
-535
-974
-453
-485
-495
-455
-344
-323
-373
-371
-376
-350
-363
-300
-325
-317
-285
-327
-397
-426
-449
-483
-428
-424
-449
-521
-972
-472
-441
-12
-556
-565
-556
-510
-512
-506
-453
-464
-489
-493
-487
-976
-516
-583
-552
-493
-451
-485
-558
-470
-978
-6
-457
-415
-447
-487
-439
-441
-409
-441
-428
-392
-331
-294
-260
-191
-201
-226
-161
-163
-195
-161
-136
-107
-18
