-329
-220
-199
-147
-147
-69
-39
-35
17
11
22
43
116
171
112
124
137
110
55
70
70
78
74
11
28
51
-21
-65
-105
-67
-20
-35
-92
-88
-476
190
13
-130
-65
-136
-115
-231
-331
-397
-390
-392
-409
-409
-10
-970
-504
-600
-663
-617
-617
-693
-716
-750
-785
-796
-804
-798
-833
-829
-779
-829
-781
-781
-846
-869
-827
-728
-823
-754
-873
-838
-821
-840
-834
-821
-840
-852
-810
-829
-798
-720
-722
-718
-737
-691
-647
-670
-636
-691
-579
-646
-638
-724
-672
-710
-737
-691
-768
-695
-712
-678
-607
-636
-623
-628
-649
-600
-596
-628
-659
-619
-592
-630
-598
-626
-558
-634
-605
-598
-546
-563
-510
-525
-604
-556
-976
-520
-447
-418
-434
-500
-480
-529
-491
-489
-508
-493
-640
-586
-535
-560
-537
-577
-562
-504
-476
-468
-430
-480
-409
-489
-521
-625
-584
-628
-607
-600
-667
-630
-693
-600
-649
-647
-693
-632
-611
-697
-735
-688
-709
-688
-647
-634
-602
-686
-613
-659
-670
-651
-642
-686
-670
-647
-663
-642
-653
-594
-558
-630
-611
-605
-535
-552
-634
-558
-552
-508
-512
-523
-346
-376
-329
-233
-312
-308
-323
-218
-271
-354
-275
-313
-334
-394
-441
-403
-418
-340
-264
-277
-222
-230
-350
-231
-283
-209
-247
-226
-289
-302
-333
-378
-325
-333
-292
-294
-306
-254
-285
-249
-331
-333
-401
-460
-436
-521
-462
-550
-533
-960
-502
-472
-502
-468
-464
-527
-550
-537
-560
-605
-588
-565
-518
-520
-470
-418
-315
-323
-310
-264
-275
-264
-256
-239
-310
-243
-260
-304
-325
-327
-371
-394
-333
-384
-380
-342
-373
-312
-334
-313
-292
-189
-167
-167
-102
-79
32
-14
72
20
19
-23
-29
467
-96
-88
-46
-128
-146
-134
-138
-180
-167
-180
-167
-273
-298
-365
-376
-371
-397
-447
-432
-459
-520
-518
-968
-424
-18
-432
-14
-459
-409
-453
-495
-453
-449
-363
-413
-346
-405
-346
-294
-333
-289
-304
-292
-277
-331
-289
-203
-153
-163
-237
-233
-218
-268
-317
-304
-250
-201
-216
-199
-149
-111
-83
-132
-58
-62
38
57
17
-20
36
-52
-25
-62
-52
484
-50
-83
-123
-168
-161
-186
-136
-117
-182
-83
-126
-81
-98
-88
-63
-33
62
137
87
250
242
299
293
360
360
381
375
330
448
402
30
482
515
589
608
614
610
549
570
572
669
664
671
713
656
706
742
729
759
776
780
688
696
576
574
543
515
467
959
381
429
379
307
305
364
322
282
259
219
127
103
91
85
59
-14
-42
-52
-16
-46
-58
-75
-126
-155
-155
-136
-119
-119
-197
-138
-157
-203
-237
-226
-212
-245
-245
-262
-275
-292
-312
-333
-336
-348
-313
-363
-334
-321
-294
-266
-304
-329
-289
-256
-245
-262
-264
-186
