-552
-409
-342
-321
-304
-228
-205
-167
-142
-180
-117
-83
-14
-63
34
15
15
76
87
187
124
118
139
183
160
267
284
223
274
263
250
311
290
309
288
295
230
208
238
204
188
114
97
19
-31
-50
-113
-214
-226
-378
-407
-464
-445
-474
-596
-550
-672
-655
-682
-781
-781
-834
-873
-771
-842
-894
-768
-684
-636
-678
-718
-655
-653
-609
-502
-571
-562
-470
-373
-422
-397
-336
-340
-325
-283
-188
-142
-130
-144
-94
-132
-83
-86
-54
-60
-58
-56
-48
-105
-54
-119
-90
-42
-63
-142
-161
-119
-146
-100
-186
-147
-203
-168
-210
-285
-226
-220
-235
-285
-241
-273
-355
-308
-396
-428
-443
-432
-432
-405
-355
-439
-462
-411
-506
-478
-541
-527
-542
-552
-554
-554
-548
-520
-510
-447
-455
-453
-481
-413
-342
-376
-355
-226
-228
-199
-172
-151
-180
-147
-163
-153
-121
-56
-41
-88
-86
-37
-52
-23
-52
-46
-6
-21
-485
13
473
40
13
20
3
-20
-84
-69
-10
-46
-56
-31
-67
-105
-138
-168
-178
-161
-182
-216
-210
-271
-292
-352
-409
-420
-451
-521
-481
-550
-653
-693
-766
-791
-815
-838
-827
-491
-1021
-1052
-1058
-1105
-1126
-1205
-1153
-1203
-1239
-1281
-1312
-1331
-1348
-1348
-1354
-1365
-1369
-1342
-1338
-1380
-1420
-1321
-1441
-1405
-1369
-1422
-1447
-1418
-1455
-1453
-1438
-1418
-1499
-1481
-1468
-1481
-1502
-1424
-1438
-1500
-1445
-1424
-1401
-1367
-1334
-1331
-1331
-1315
-1365
-1327
-1214
-1184
-1184
-1123
-1062
-1050
-1054
-1010
-964
-903
-838
-861
-815
-846
-804
-749
-726
-724
-695
-678
-638
-590
-672
-617
-563
-554
-584
-579
-552
-453
-485
-6
-417
-334
-329
-415
-273
-237
-205
-176
-210
-153
-138
-63
-153
-312
-432
-390
-256
-273
-302
-329
-258
-363
-436
-453
-422
-380
-390
-451
-424
-453
-596
-567
-552
-604
-661
-686
-695
-670
-649
-716
-775
-749
-773
-842
-827
-834
-886
-922
-873
-913
-938
-924
-924
-844
-794
-821
-863
-890
-859
-903
-873
-907
-779
-871
-836
-855
-794
-802
-834
-808
-819
-794
-812
-812
-875
-810
-823
-865
-897
-903
-846
-840
-894
-960
-953
-817
-833
-823
-844
-792
-777
-756
-775
-815
-758
-707
-808
-731
-768
-726
-691
-701
-802
-808
-739
-764
-785
-823
-823
-876
-928
-1002
-1004
-1121
-1220
-1205
-1260
-1376
-1350
-1418
-1556
-1567
-1598
-1716
-1840
-1899
-1899
-1945
-2035
-2027
-2033
-2031
-2004
-1922
-2035
-1976
-2033
-1981
-1932
-1911
-1972
-1899
-1917
-1756
-1844
-1798
-1695
-1703
-1609
-1609
-1518
-1478
-1361
-1346
-1323
-1186
-1161
-1441
-939
-917
-833
-810
-854
-852
-770
-810
-798
-745
-802
-819
-771
-773
-888
-892
-932
-1006
-974
-1079
-1006
-1073
-1125
-1096
-1201
-1247
-1287
-1281
-1355
-1367
-1373
-1443
-1428
-1459
-1470
-1495
-1949
-1397
-981
-1403
-1443
-1352
-1376
-1409
-1363
-1271
-1245
