55
129
95
64
72
103
133
152
124
103
108
103
53
83
484
40
24
28
93
122
45
28
116
3
20
120
72
-489
41
486
0
-12
3
-39
7
36
-23
-481
482
15
41
57
43
93
145
145
70
164
131
171
213
158
162
145
143
120
70
57
59
28
45
59
80
26
34
45
15
101
62
3
93
116
89
125
108
118
83
135
154
122
116
146
162
137
196
200
166
101
162
173
183
238
223
160
169
74
188
150
185
215
217
169
83
127
125
175
196
187
225
190
181
240
179
223
177
229
181
255
240
320
305
295
301
282
217
236
160
221
85
477
114
-25
-128
-115
-180
-146
-149
-167
-207
-252
-186
-254
-222
-199
-191
-262
-264
-237
-201
-191
-163
-153
-203
-130
-121
-94
-104
-69
-83
-121
-107
-151
-254
-214
-308
-256
-275
-271
-327
-266
-319
-361
-285
-432
-415
-453
-468
-504
-520
-491
-529
-510
-499
-466
-16
-424
-451
-436
-428
-472
-504
-542
-542
-537
-497
-489
-500
-464
-6
-480
-413
-424
-438
-12
-497
-527
-468
-483
-533
-567
-533
-592
-588
-659
-674
-686
-701
-722
-764
-783
-838
-903
-955
-892
-855
-859
-939
-859
-915
-878
-817
-756
-791
-852
-773
-791
-707
-701
-730
-663
-710
-647
-604
-668
-619
-731
-728
-781
-792
-819
-819
-812
-762
-707
-726
-747
-709
-655
-697
-678
-682
-712
-705
-615
-594
-602
-565
-491
-455
-495
-499
-964
-445
-422
-355
-258
-188
-180
-250
-239
-283
-260
-256
-226
-48
364
648
85
-109
-266
-239
-205
-188
-128
-151
-100
-37
-8
64
322
545
742
526
166
482
-100
-146
-98
-54
-52
49
0
-62
55
45
125
141
120
30
34
43
-29
-107
-8
19
13
-2
1
-10
-33
-33
40
13
41
-27
-29
11
437
-113
-102
-75
-62
-134
-147
-170
-205
-189
-212
-191
-247
-245
-275
-264
-359
-291
-298
-386
-333
-340
-342
-315
-346
-388
-384
-340
-380
-415
-287
-317
-405
-430
-436
-396
-373
-390
-396
-443
-438
-422
-409
-401
-397
-384
-413
-388
-392
-357
-397
-378
-441
-449
-399
-390
-439
-459
-432
-411
-434
-434
-451
-397
-529
-533
-562
-571
-609
-592
-592
-542
-567
-565
-569
-548
-554
-518
-466
-542
-525
-480
-405
-407
-417
-457
-354
-354
-350
-355
-279
-254
-310
-289
-298
-262
-168
-138
-27
-52
-69
-50
28
17
7
24
486
45
78
135
175
198
101
152
305
261
238
276
311
295
326
337
366
377
351
316
286
309
309
270
286
234
194
280
276
263
263
211
162
192
171
139
51
17
-23
-39
-119
-92
-83
-149
-214
-243
-291
-390
-357
-417
-451
-499
-485
-647
-674
-594
-661
