200
139
219
297
290
282
253
326
320
343
320
337
395
423
366
385
412
393
412
351
368
400
387
370
366
349
330
305
270
328
322
272
219
236
253
190
187
185
156
135
137
206
227
209
219
251
211
187
183
217
122
131
173
234
202
166
82
28
26
34
7
-487
15
-42
-42
11
-16
-46
-77
-100
-123
-121
-96
-155
-121
-128
-138
-115
-100
-128
-142
-86
-94
-86
-77
-98
-125
-128
-100
-161
-96
-107
-121
-130
-130
-54
-58
-113
-188
-186
-111
-180
-210
-144
-153
-188
-207
-228
-220
-224
-258
-283
-195
-161
-203
-250
-233
-292
-250
-268
-319
-306
-260
-241
-218
-180
-165
-247
-218
-247
-231
-231
-167
-147
-98
-46
-46
-58
13
-480
95
89
97
30
38
187
234
229
187
215
223
250
208
148
143
253
211
230
175
173
196
259
234
265
297
251
202
200
202
158
150
148
85
106
78
34
-44
-33
7
-14
-46
-25
22
-41
-18
5
-62
-94
-136
-216
-153
-193
-197
-128
-123
-199
-258
-273
-258
-296
-342
-304
-355
-361
-386
-493
-495
-525
-539
-607
-590
-583
-663
-665
-609
-691
-640
-621
-668
-617
-642
-550
-430
-481
-546
-466
-417
-399
-350
-250
-178
-168
-140
-35
311
1047
1929
2681
1717
-188
-502
-214
-21
112
198
124
20
-489
9
-46
-39
-62
-117
-125
-201
-256
-180
-69
-126
-205
-260
-176
-199
-73
-92
-155
-201
-138
-167
-117
-193
-199
-195
-235
-193
-178
-126
-105
-186
-188
-146
-100
-104
-134
-67
-130
-67
-132
-111
-96
-174
-109
-165
-134
-172
-111
-111
-130
-35
-117
-155
-142
-159
-209
-287
-279
-333
-285
-394
-376
-449
-436
-441
-459
-426
-407
-384
-384
-451
-403
-438
-426
-445
-436
-392
-436
-350
-441
-460
-430
-462
-386
-249
-252
-172
-147
-189
-163
-180
-159
-239
-165
-126
-98
-104
-50
-12
-31
-92
-487
5
36
104
51
85
141
143
208
217
200
208
208
166
234
265
236
181
187
246
204
202
236
200
211
242
278
307
322
272
297
265
286
326
267
288
276
299
293
312
284
198
167
173
89
17
-29
-46
-62
-44
-130
-92
-44
-39
-71
-147
-86
-65
-125
-149
-125
-83
-71
-178
-157
-159
-128
-132
-176
-207
-180
-191
-210
-180
-264
-241
-260
-230
-271
-216
-224
-281
-243
-201
-247
-231
-201
-210
-220
-249
-239
-270
-302
-298
-298
-388
-397
-478
-500
-563
-579
-535
-577
-537
-525
-560
-978
-516
-520
-556
-581
-521
-556
-523
-560
-556
-533
-525
-541
-552
-573
-537
-542
-575
-537
-592
-596
-558
-569
-569
-600
-602
-514
-520
-577
-445
-483
-520
-573
-563
-512
-533
-500
-520
-390
-443
-453
-455
-405
-342
-317
