-357
-352
-334
-329
-344
-306
-186
-115
-252
-281
-222
-241
-256
-212
-252
-142
-115
-132
-176
-140
-167
-149
-218
-207
-174
-180
-178
-191
-63
-56
-58
-35
-25
-50
-21
-52
-62
-56
-58
-37
-42
-56
-69
-56
-109
-92
-75
-69
-63
-489
17
-52
-489
32
62
57
129
118
70
122
166
190
112
156
131
118
101
183
104
97
114
89
150
112
76
150
70
72
209
194
265
276
248
261
339
311
274
284
286
305
290
351
330
368
291
236
347
324
305
345
314
244
267
227
164
250
248
211
227
169
164
129
103
114
129
177
139
150
62
91
204
162
141
131
74
125
74
76
61
76
34
-16
24
47
-71
-77
-50
-23
-60
-92
-170
-142
-119
-170
-180
-197
-252
-285
-292
-279
-333
-306
-306
-334
-306
-348
-415
-432
-451
-478
-976
-514
-562
-563
-497
-438
-397
-409
-407
-447
-466
-460
-480
-418
-424
-405
-382
-350
-357
-371
-394
-375
-359
-323
-325
-264
-291
-342
-312
-352
-350
-371
-327
-354
-380
-308
-285
-357
-323
-399
-401
-355
-355
-401
-405
-357
-371
-445
-397
-405
-466
-405
-516
-451
-472
-396
-409
-424
-418
-449
-422
-367
-342
-434
-369
-365
-413
-378
-386
-420
-399
-436
-424
-436
-495
-508
-573
-546
-510
-506
-527
-562
-674
-678
-718
-813
-815
-806
-804
-804
-766
-838
-899
-892
-911
-930
-907
-934
-905
-888
-922
-869
-888
-886
-905
-865
-886
-913
-953
-911
-901
-995
-1067
-1060
-1014
-1029
-1065
-1100
-1056
-1060
-955
-957
-497
-947
-987
-1042
-1037
-1000
-951
-1008
-1462
-934
-905
-945
-938
-964
-928
-947
-960
-964
-962
-886
-899
-836
-844
-857
-861
-831
-854
-875
-871
-752
-815
-861
-789
-728
-791
-817
-791
-722
-743
-731
-750
-758
-705
-731
-796
-720
-750
-697
-695
-712
-686
-684
-638
-621
-634
-668
-688
-617
-628
-688
-600
-581
-565
-510
-968
-407
-449
-401
-357
-418
-371
-415
-384
-361
-361
-363
-302
-342
-323
-298
-254
-289
-226
-245
-239
-197
-195
-189
-151
-138
-172
-105
-126
-260
-203
-285
-287
-243
-296
-203
-201
-254
-188
-266
-315
-250
-201
-256
-315
-298
-365
-338
-376
-376
-361
-319
-283
-344
-397
-392
-405
-470
-439
-457
-422
-438
-489
-426
-405
-480
-367
-331
-285
-266
-172
-117
-46
-60
9
34
51
49
53
22
68
78
101
185
213
244
305
282
295
322
316
259
229
259
202
173
209
188
208
223
183
221
171
242
202
280
248
196
223
242
187
125
146
145
82
103
101
70
30
-33
-119
-14
-121
-113
-115
-113
-98
-90
-79
-115
-71
-37
-107
-33
-10
1
5
-10
76
-48
64
66
19
-56
57
0
-2
26
458
-46
-6
-41
-21
-92
