-199
-233
-230
-235
-258
-277
-207
-222
-233
-273
-228
-266
-329
-325
-281
-338
-373
-323
-291
-273
-344
-329
-275
-285
-325
-327
-296
-334
-354
-298
-319
-363
-313
-338
-357
-289
-250
-291
-287
-197
-176
-134
-102
-123
-44
-27
45
82
120
114
83
141
162
154
166
156
204
219
259
253
238
253
333
335
364
353
299
295
303
320
270
272
232
219
183
175
145
146
116
120
99
55
70
49
83
68
34
-41
51
5
-46
-73
-483
-92
-94
-168
-210
-189
-210
-289
-298
-334
-355
-420
-10
-449
-457
-478
-480
-537
-558
-537
-430
-554
-594
-602
-569
-523
-527
-460
-531
-487
-514
-497
-411
-415
-386
-451
-388
-294
-310
-294
-176
-165
-220
-161
-140
-157
-86
-109
-44
-481
17
-481
11
19
-60
-107
-81
-46
-102
-109
-121
-88
-73
-88
-123
-111
-102
-155
-128
-104
-94
-125
-142
-184
-144
-189
-233
-260
-273
-306
-369
-277
-289
-350
-348
-348
-376
-333
-327
-409
-344
-304
-369
-367
-376
-359
-321
-354
-336
-279
-367
-304
-357
-397
-333
-323
-388
-396
-350
-340
-451
-409
-390
-457
-436
-396
-354
-266
-308
-327
-336
-308
-275
-266
-357
-243
-241
-300
-249
-256
-294
-264
-214
-239
-252
-260
-319
-271
-277
-226
-233
-195
-220
-247
-231
-218
-230
-277
-312
-252
-268
-258
-228
-197
-220
-222
-264
-306
-254
-220
-277
-254
-258
-289
-350
-375
-331
-308
-306
-319
-329
-279
-375
-401
-334
-363
-233
-252
-304
-273
-203
-243
-239
-228
-256
-167
-176
-79
-153
-134
-136
-168
-96
-104
-102
-79
-14
-487
45
80
62
22
19
-33
-86
-115
-216
-184
-195
-205
-266
-214
-260
-270
-271
-296
-344
-283
-270
-355
-455
-438
-432
-470
-464
-520
-478
-514
-558
-527
-455
-455
-514
-500
-481
-411
-478
-4
-569
-495
-396
-481
-464
-447
-457
-453
-560
-542
-611
-602
-588
-586
-657
-674
-718
-733
-714
-743
-739
-680
-659
-634
-657
-644
-596
-556
-588
-701
-821
-831
-880
-909
-966
-966
-985
-1025
-1039
-1041
-1037
-1083
-1167
-1170
-1193
-1268
-1317
-1317
-1233
-1205
-1233
-1271
-1264
-1172
-1197
-1188
-1245
-1226
-1188
-1186
-1228
-1153
-1090
-1102
-1020
-1012
-991
-918
-930
-886
-913
-520
-1069
-1084
-1109
-1094
-1460
-789
-674
-609
-525
-462
-506
-569
-617
-565
-443
-338
-212
-188
-159
-222
-170
-100
-84
-46
-75
-35
-2
-23
11
13
-20
-39
-18
-56
-14
-31
-33
-42
-39
11
57
28
-16
64
74
0
-20
0
55
477
-54
-71
0
-54
-65
-142
-165
-79
-123
-90
-62
-111
-94
-126
-130
-142
-123
-191
-153
-155
-247
-279
-310
-292
-355
-375
-373
-348
-445
-436
-418
-449
-502
-464
-476
-560
-594
-560
-607
-579
-558
-609
-563
-615
-621
-596
-598
-623
