305
230
242
242
127
72
-16
-21
-79
-132
-224
-298
-333
-386
-478
-964
-493
-510
-493
-447
-537
-949
-518
-401
-415
-344
-376
-392
-439
-384
-266
-317
-331
-386
-411
-352
-275
-191
-212
-228
-182
-161
-186
-144
-235
-209
-210
-226
-195
-207
-228
-151
-168
-126
-69
-67
-31
72
43
471
-27
-489
22
76
40
-73
-44
-50
-123
-176
-172
-247
-325
-401
-373
-478
-476
-575
-619
-693
-670
-691
-747
-813
-701
-735
-680
-735
-688
-684
-647
-659
-712
-724
-680
-705
-760
-709
-709
-770
-812
-743
-787
-859
-863
-823
-901
-846
-892
-836
-777
-771
-730
-647
-623
-552
-495
-359
-380
-270
-144
-147
-483
47
120
253
261
316
414
377
454
465
578
574
589
614
597
631
631
606
606
589
582
727
675
723
753
673
593
967
368
375
444
362
414
471
383
179
-94
-214
-180
-163
-178
-231
-287
-363
-531
-609
-655
-749
-855
-848
-779
-791
-844
-861
-869
-949
-1065
-1000
-1041
-1077
-1107
-1136
-1084
-1079
-1046
-1060
-1107
-1041
-1044
-999
-882
-800
-718
-638
-567
-441
-373
-340
-340
-182
-79
-88
-54
-472
145
154
208
250
316
465
387
723
803
727
786
835
898
917
875
919
881
885
895
860
849
874
811
776
692
725
666
627
664
631
557
541
528
484
501
421
454
364
299
312
217
135
162
99
76
13
-37
-117
-287
-285
-357
-403
-422
-474
-546
-558
-663
-695
-806
-838
-819
-871
-936
-1008
-1029
-1079
-1132
-1146
-1134
-1180
-1212
-1235
-1191
-1205
-1266
-1186
-1193
-1151
-1174
-1159
-1115
-1077
-1067
-1048
-1058
-1023
-1029
-976
-947
-922
-867
-783
-728
-670
-592
-548
-978
-361
-344
-302
-252
-201
-182
-50
24
34
177
185
179
278
328
261
309
335
360
416
433
437
484
561
557
534
559
561
624
555
559
652
620
645
547
570
612
576
557
568
526
482
522
498
414
391
356
398
438
385
366
257
240
213
169
110
97
125
55
482
-23
-77
-75
-155
-96
-115
-153
-92
-168
-184
-77
-44
-115
-132
-214
-231
-224
-270
-334
-275
-317
-415
-432
-483
-432
-422
-451
-399
-466
-447
-474
-544
-491
-474
-472
-438
-502
-468
-535
-966
-443
-405
-411
-367
-346
-394
-292
-281
-313
-247
-176
-165
-199
-142
-149
-111
-126
-140
-144
-119
-147
-134
-125
-157
-149
-222
-201
-123
-216
-163
-170
-161
-205
-193
-172
-207
-207
-159
-209
-186
-218
-207
-199
-159
-125
-151
-144
-184
-109
-138
-146
-132
-167
-126
-205
-132
-210
-277
-239
-273
-289
-237
-233
-306
-260
-235
-277
-296
-271
-291
-193
-167
-155
-132
-180
-157
-136
-184
-147
-147
-105
-119
-142
-157
-149
-119
-117
-167
-199
-159
-266
-205
-233
-222
-193
-277
-336
-264
