-77
-109
-62
-96
-58
-134
-172
-146
-167
-237
-262
-308
-367
-344
-346
-432
-386
-396
-525
-533
-541
-575
-602
-605
-602
-733
-701
-693
-747
-812
-854
-850
-850
-863
-865
-882
-897
-867
-806
-844
-840
-844
-775
-749
-789
-688
-737
-594
-600
-525
-567
-499
-953
-14
-527
-426
-441
-373
-357
-342
-338
-323
-378
-359
-203
-302
-287
-226
-294
-256
-172
-241
-252
-268
-258
-262
-323
-331
-252
-289
-237
-243
-319
-243
-224
-250
-258
-201
-218
-243
-218
-216
-224
-241
-317
-312
-292
-289
-291
-292
-363
-350
-298
-321
-367
-363
-325
-350
-317
-378
-380
-420
-380
-407
-420
-409
-390
-394
-451
-451
-523
-581
-508
-499
-520
-499
-481
-506
-10
-529
-525
-544
-542
-541
-562
-531
-552
-562
-569
-537
-500
-6
-512
-8
-558
-521
-583
-562
-460
-575
-552
-502
-533
-512
-472
-455
-401
-411
-336
-336
-292
-271
-292
-271
-264
-210
-172
-155
-231
-214
-144
-144
-102
-132
-130
-77
-92
-77
-8
-52
-84
-37
-77
-31
3
-6
-14
-21
43
32
486
57
101
45
47
38
0
30
70
133
139
83
177
250
272
215
261
314
377
318
370
442
417
351
330
339
375
385
272
320
347
290
274
255
232
146
99
145
190
156
87
114
72
76
49
465
-16
484
-25
-12
-31
-58
-113
-46
-69
-126
-92
-88
-178
-94
-100
-105
-102
-147
-109
-58
-134
-115
-125
-165
-155
-136
-180
-186
-142
-140
-207
-159
-170
-220
-256
-224
-268
-174
-186
-218
-134
-170
-115
-168
-197
-134
-20
-58
-62
-60
-98
-75
-12
-71
-35
-25
-10
-16
17
-485
15
-12
20
47
62
70
26
30
101
85
51
-54
-489
82
-31
-37
-29
-48
-39
-71
-60
-86
-75
-90
-102
-90
-88
-52
-111
-163
-168
-167
-174
-245
-209
-168
-142
-188
-203
-224
-220
-170
-168
-176
-182
-167
-186
-195
-126
-188
-203
-144
-161
-165
-153
-136
-226
-218
-226
-210
-224
-254
-243
-201
-218
-296
-292
-258
-329
-306
-291
-230
-247
-247
-273
-333
-231
-281
-294
-235
-262
-329
-287
-315
-287
-315
-344
-294
-287
-317
-331
-304
-270
-268
-231
-285
-270
-310
-313
-228
-201
-189
-176
-174
-189
-176
-199
-144
-182
-203
-104
-111
-128
-180
-184
-107
-86
-33
-75
-100
-29
-483
-20
-48
-10
62
19
13
38
-489
66
106
68
66
141
166
114
62
125
156
154
162
190
190
175
183
204
187
208
194
177
135
137
129
26
85
17
-14
475
-71
-69
-44
-157
-184
-247
-291
-287
-298
-333
-327
-289
-298
-384
-390
-415
-384
-445
-451
-388
-430
-403
-485
-495
-512
-512
-537
-577
-569
-615
-661
-688
-688
-710
-701
-655
-724
-678
-586
-609
-552
-483
-483
-418
-409
