-146
-102
-249
-287
-201
-283
-302
-317
-304
-428
-392
-323
-422
-457
-447
-462
-500
-527
-512
-6
-579
-600
-569
-619
-644
-575
-609
-659
-663
-621
-646
-651
-630
-579
-583
-970
-600
-535
-514
-537
-548
-462
-510
-460
-445
-497
-978
-441
-357
-359
-367
-329
-319
-394
-302
-275
-254
-283
-235
-210
-214
-199
-250
-258
-214
-262
-291
-205
-224
-306
-277
-291
-287
-222
-277
-241
-241
-249
-258
-256
-315
-245
-231
-256
-256
-302
-291
-325
-298
-310
-334
-321
-376
-342
-359
-428
-369
-346
-363
-415
-382
-348
-336
-361
-409
-359
-319
-355
-354
-336
-302
-300
-375
-275
-241
-289
-268
-306
-338
-277
-233
-260
-245
-210
-241
-245
-170
-188
-201
-279
-220
-203
-264
-237
-256
-292
-292
-333
-359
-350
-342
-327
-292
-252
-262
-306
-298
-294
-338
-344
-308
-292
-348
-291
-279
-367
-302
-275
-260
-287
-359
-300
-336
-317
-354
-380
-346
-411
-432
-388
-432
-409
-397
-375
-384
-373
-411
-369
-413
-417
-411
-346
-361
-331
-310
-317
-336
-399
-390
-397
-359
-300
-340
-312
-359
-312
-268
-268
-292
-279
-323
-323
-250
-224
-249
-310
-203
-113
-102
-146
-165
-94
-90
-111
-63
-25
5
-98
-79
-18
9
-25
-35
-48
-31
-75
-63
-81
-134
-115
-146
-104
-71
-98
-86
-67
-77
-52
-12
-27
-73
-37
-41
-483
28
9
-41
-8
5
-58
-46
-14
57
-14
24
38
38
473
49
59
30
59
97
87
85
91
76
64
26
141
131
99
82
64
114
70
125
104
99
70
82
34
85
104
95
97
99
51
87
91
32
-18
32
72
47
57
30
95
36
40
28
24
13
9
38
91
17
22
70
66
95
34
-21
34
83
17
-18
68
41
-23
-483
41
9
28
61
28
87
80
0
104
93
80
104
89
97
116
64
104
24
24
15
-483
-56
-50
-56
-6
477
-69
-54
-92
5
-39
-63
-42
-113
-159
-140
-195
-182
-210
-222
-235
-268
-333
-279
-258
-210
-77
-168
-161
-174
-123
-86
-98
-478
-44
1
0
448
-41
40
70
125
213
154
225
167
198
213
185
129
55
32
1
-483
-27
-134
-81
-130
-92
-111
-126
-134
-214
-210
-313
-241
-262
-226
-273
-260
-321
-382
-378
-396
-449
-457
-546
-541
-514
-556
-562
-560
-502
-556
-478
-978
-504
-512
-550
-470
-439
-424
-354
-388
-344
-292
-264
-258
-230
-230
-147
-212
-119
-155
-151
-140
-153
-153
-65
-39
-100
-151
-174
-195
-193
-260
-268
-292
-275
-319
-205
-222
-233
-254
-292
-329
-304
-327
-394
-441
-460
-394
-344
-348
-376
-394
-354
-382
-384
-287
-283
-283
-312
-361
-336
-396
-361
-302
-289
-273
-302
-348
-380
-325
-308
-342
-382
-321
-357
