20
53
112
64
175
164
154
106
38
-27
-83
-86
-105
-184
-209
-205
-281
-331
-306
-350
-363
-409
-371
-415
-409
-382
-418
-460
-331
-357
-480
-375
-392
-376
-340
-338
-281
-289
-243
-184
-226
-157
-268
-270
-231
-266
-277
-266
-256
-197
-222
-197
-216
-193
-167
-151
-147
-174
-170
-205
-207
-268
-331
-243
-298
-275
-279
-399
-424
-411
-407
-361
-331
-373
-457
-352
-319
-420
-256
-250
-271
-315
-283
-344
-329
-340
-417
-378
-352
-270
-317
-338
-432
-405
-357
-323
-344
-334
-308
-333
-382
-294
-357
-352
-426
-432
-409
-439
-386
-2
-453
-420
-394
-411
-367
-348
-392
-415
-436
-447
-474
-426
-430
-468
-499
-508
-445
-428
-468
-407
-531
-571
-493
-418
-380
-359
-438
-413
-342
-283
-294
-268
-363
-289
-216
-165
-163
-115
-105
-105
-121
-77
24
-62
112
62
45
45
17
28
-46
0
-20
0
-79
-81
-149
-147
-222
-189
-151
-182
-264
-247
-205
-245
-281
-426
-397
-397
-396
-449
-445
-512
-531
-518
-590
-594
-634
-619
-661
-596
-672
-638
-581
-588
-588
-594
-646
-588
-630
-609
-676
-724
-758
-821
-739
-688
-684
-703
-636
-628
-665
-613
-655
-604
-605
-573
-602
-598
-577
-604
-640
-682
-579
-594
-628
-605
-554
-970
-516
-508
-457
-2
-472
-455
-453
-384
-365
-327
-279
-354
-327
-375
-340
-375
-375
-350
-380
-367
-369
-397
-418
-460
-451
-495
-464
-455
-466
-392
-439
-422
-417
-510
-459
-554
-586
-499
-554
-563
-560
-541
-615
-596
-546
-527
-523
-554
-510
-550
-535
-466
-441
-397
-333
-390
-376
-342
-380
-289
-207
-201
-207
-140
-168
-174
-96
-96
-165
-126
-142
-123
-84
-151
-107
-107
-140
-161
-191
-188
-165
-159
-157
-111
-88
-75
-65
-86
-126
-205
-172
-151
-92
-128
-159
-126
-130
-136
-151
-119
-157
-104
-65
-126
-94
-29
-20
-41
-33
480
17
38
57
40
45
78
15
1
-4
-62
-90
-88
-102
-180
-161
-88
-136
-231
-256
-222
-319
-338
-260
-252
-222
-199
-195
-222
-250
-247
-241
-289
-285
-258
-294
-249
-264
-283
-310
-279
-294
-354
-357
-367
-386
-344
-346
-346
-426
-424
-523
-418
-457
-514
-959
-415
-405
-487
-583
-552
-584
-604
-651
-584
-556
-546
-514
-590
-586
-583
-604
-546
-472
-497
-506
-533
-495
-396
-392
-363
-380
-371
-388
-396
-390
-420
-371
-354
-296
-312
-315
-302
-325
-247
-216
-210
-241
-275
-231
-264
-294
-317
-281
-170
-283
-258
-214
-214
-212
-214
-241
-231
-245
-233
-250
-138
-71
-92
-63
-46
-48
-83
-52
-39
-18
-35
22
70
66
-16
7
28
17
36
36
9
114
145
143
183
169
127
196
223
188
221
255
332
324
341
362
381
339
360
316
303
303
240
209
183
