-193
-170
-130
-174
-140
-134
-180
-128
-142
-104
-123
-67
-81
-138
-155
-151
-75
-92
-126
-67
-73
-132
-105
-21
-65
-188
-226
-161
-172
-153
-125
-210
-195
-203
-157
-157
-134
-123
-167
-136
-39
-117
-130
-167
-107
-73
-98
-96
-23
-58
-115
-86
-146
-174
-140
-180
-207
-241
-245
-291
-342
-336
-365
-426
-403
-388
-476
-970
-449
-460
-462
-500
-369
-409
-380
-390
-409
-432
-407
-434
-407
-407
-409
-407
-403
-348
-321
-396
-321
-333
-340
-329
-268
-209
-161
-182
-67
5
-483
30
-14
104
145
200
211
188
221
267
236
263
339
316
309
316
314
253
307
314
278
269
326
312
311
301
290
290
314
290
354
320
234
244
253
158
183
146
95
139
49
40
87
49
64
-39
-481
40
3
19
-63
-29
-102
-176
-199
-264
-235
-239
-256
-168
-224
-250
-285
-268
-352
-329
-241
-300
-340
-415
-394
-313
-331
-388
-376
-399
-418
-447
-430
-392
-441
-396
-375
-392
-354
-336
-365
-365
-352
-302
-302
-228
-264
-266
-233
-268
-281
-243
-199
-212
-245
-241
-224
-300
-283
-233
-191
-230
-186
-155
-146
-153
-147
-138
-69
480
40
64
482
-29
-84
-27
-52
-10
-31
-46
-481
-16
473
-115
-140
-142
-146
-157
-186
-186
-218
-245
-268
-252
-270
-342
-233
-417
-336
-310
-361
-401
-388
-441
-481
-523
-401
-474
-424
-432
-409
-369
-355
-273
-302
-254
-321
-302
-315
-340
-333
-233
-287
-174
-222
-222
-176
-212
-277
-228
-205
-270
-205
-193
-226
-153
-201
-180
-149
-146
-167
-77
-146
-107
-136
-128
-115
-92
-121
-115
-130
-132
-115
-63
-27
-100
-159
-20
-100
-157
-92
-98
-117
-134
-123
-138
-170
-182
-188
-159
-212
-191
-228
-264
-306
-357
-298
-325
-388
-394
-336
-371
-396
-388
-329
-319
-390
-373
-338
-310
-289
-336
-308
-350
-266
-249
-235
-249
-250
-239
-252
-315
-319
-298
-312
-260
-230
-312
-285
-317
-281
-279
-292
-235
-273
-344
-277
-245
-333
-344
-312
-380
-392
-380
-359
-413
-375
-401
-474
-978
-474
-491
-388
-403
-439
-350
-367
-331
-382
-329
-275
-230
-241
-168
-138
-176
-126
-117
-142
-75
-44
-94
-71
-83
-23
26
38
68
13
20
19
43
5
17
9
34
1
64
-20
-44
-14
-489
-123
-132
-65
-81
-136
-167
-233
-172
-168
-205
-230
-220
-199
-277
-331
-256
-313
-401
-336
-405
-499
-497
-525
-2
-504
-567
-514
-640
-646
-705
-665
-672
-697
-693
-720
-697
-750
-691
-705
-670
-676
-680
-607
-632
-659
-647
-667
-617
-552
-481
-563
-491
-518
-529
-539
-4
-459
-468
-428
-434
-409
-407
-449
-397
-357
-474
-420
-304
-312
-346
-283
-323
-304
-268
-250
-245
-275
-193
-230
-256
-216
-195
-209
-226
