-119
-75
-33
32
-480
99
61
110
49
55
13
40
7
53
59
45
82
72
137
116
89
158
97
93
110
40
108
104
141
158
122
150
208
141
127
143
156
152
122
171
133
101
87
45
61
0
-41
-6
-50
-58
-105
-119
-126
-170
-266
-252
-209
-224
-176
-182
-195
-186
-273
-226
-264
-247
-268
-218
-170
-239
-180
-147
-146
-126
-176
-125
-115
-161
-123
-52
-58
-21
-18
-20
-27
-44
-25
-12
-44
-487
-39
-14
51
0
-20
-63
-79
-71
-485
-92
-31
24
26
1
32
-29
17
32
-16
-39
-44
-487
11
-37
-37
-56
-25
-104
-102
-46
-81
-107
-65
-144
-159
-111
-140
-159
-130
-86
-102
-83
-117
-104
-75
-67
-73
-84
-69
-71
-100
-119
-54
-107
-147
-84
-111
-102
-109
-123
-111
-172
-159
-189
-107
-94
-205
-193
-186
-210
-239
-230
-294
-313
-289
-273
-273
-292
-277
-291
-268
-243
-235
-239
-317
-350
-294
-363
-340
-296
-340
-338
-321
-306
-289
-285
-247
-233
-216
-174
-149
-113
-119
-100
-98
-52
-39
9
41
91
70
7
59
32
62
38
70
97
43
74
131
38
61
97
97
95
101
122
70
78
40
59
108
38
-20
87
49
17
0
38
473
-81
-31
-88
-58
-58
-42
-16
-2
-29
-65
-39
-81
-39
15
-10
-8
-21
-4
-42
-117
-54
-65
-54
-100
-92
-111
-117
-155
-142
-186
-250
-291
-329
-224
-348
-300
-287
-319
-340
-371
-432
-443
-439
-413
-506
-541
-512
-474
-510
-531
-499
-516
-590
-619
-611
-548
-504
-510
-500
-464
-350
-396
-407
-271
-327
-289
-237
-264
-237
-254
-237
-191
-184
-136
-130
-84
-77
-33
-128
-60
-102
-8
-29
-39
-29
-42
11
-20
-48
-4
-480
479
11
-31
-33
484
482
-88
-98
-69
-23
-81
-111
-165
-207
-271
-216
-209
-195
-153
-233
-222
-256
-239
-212
-188
-182
-317
-342
-298
-277
-245
-268
-226
-256
-237
-256
-182
-172
-186
-258
-167
-178
-153
-176
-182
-228
-226
-239
-189
-249
-191
-283
-292
-346
-348
-317
-371
-355
-361
-373
-407
-409
-355
-298
-262
-256
-281
-296
-264
-210
-228
-233
-254
-180
-182
-250
-189
-189
-209
-207
-231
-273
-224
-203
-197
-224
-146
-96
-128
-195
-142
-149
-128
-203
-65
-31
-62
-98
-115
-144
-104
-100
-115
-73
-134
-146
-126
-123
-83
-63
-29
-75
-73
-31
-18
49
45
28
-21
-16
486
17
1
5
-2
43
38
479
-73
-50
-144
-107
-86
-84
-86
-81
-168
-98
-128
-168
-121
-117
-170
-186
-172
-147
-102
-168
-203
-105
-125
-209
-243
-254
-189
-188
-273
-275
-207
-249
-315
-285
-291
-283
-298
-333
-289
-254
-254
-252
-287
-350
-275
-270
-249
-266
-224
-233
