-474
-417
-476
-441
-489
-394
-321
-277
-357
-260
-188
-90
-224
-172
-138
-113
-136
-50
-33
-12
20
53
62
47
53
116
93
87
45
68
110
87
40
28
9
-4
20
17
-10
28
-487
-42
-83
-163
-79
-105
-29
-249
-184
-239
-233
-270
-275
-264
-319
-270
-350
-317
-405
-375
-298
-308
-291
-233
-273
-146
-157
-186
-136
-125
-153
-100
-96
-86
-37
-83
-79
-63
-480
26
51
104
120
127
215
190
171
229
261
311
333
307
339
414
444
17
517
530
566
618
706
750
708
730
692
734
719
765
748
763
677
625
597
492
0
511
429
385
406
272
314
211
190
169
57
59
83
28
-2
38
-65
-62
-489
-75
-170
-105
-203
-132
-138
-155
-146
-189
-165
-195
-168
-241
-268
-323
-310
-252
-245
-228
-249
-239
-134
-233
-281
-203
-220
-249
-189
-151
-157
-142
-197
-104
-153
-67
-41
-92
-144
-10
57
70
22
101
190
122
137
177
213
185
206
255
200
141
80
97
118
116
85
82
95
83
19
-6
-6
38
41
55
13
-18
-14
-31
-31
-79
-56
-23
-10
-71
-157
-184
-184
-199
-214
-212
-214
-168
-157
-184
-220
-159
-201
-197
-168
-140
-163
-113
-136
-119
-117
-105
-94
-125
-155
-189
-165
-130
-203
-188
-167
-233
-254
-224
-243
-291
-260
-271
-271
-289
-201
-168
-224
-254
-294
-327
-308
-294
-329
-291
-300
-315
-336
-380
-342
-294
-323
-306
-254
-291
-264
-260
-210
-258
-230
-184
-201
-170
-165
-163
-157
-134
-107
-100
-54
-6
26
38
32
129
64
41
76
112
131
213
194
177
164
250
240
288
282
265
190
187
206
169
160
154
118
80
59
41
45
91
53
34
-20
-60
-56
-94
-105
-79
-77
-60
-100
-182
-157
-136
-123
-220
-230
-186
-224
-340
-292
-327
-287
-321
-357
-438
-367
-359
-369
-424
-466
-451
-361
-396
-426
-359
-361
-390
-382
-336
-355
-420
-378
-376
-432
-441
-365
-342
-411
-430
-344
-384
-415
-405
-352
-411
-396
-336
-317
-359
-350
-300
-310
-300
-256
-147
-100
-136
-39
-6
38
-39
-489
80
110
108
171
257
286
246
175
234
272
261
251
270
339
301
383
389
320
347
293
349
356
374
358
318
387
385
328
280
290
215
219
278
326
276
229
307
288
242
187
217
250
114
61
145
139
82
72
49
45
22
5
17
-44
-60
-67
-8
471
-54
-60
-83
-75
-67
-128
-121
-96
-92
-69
-153
-136
-65
-81
-88
-27
-50
-56
-117
-126
-29
-142
-88
-90
-73
-31
-10
-52
-121
-121
-86
-75
-92
-31
-50
-37
-44
-23
-31
-37
55
38
41
32
70
15
24
-8
61
72
43
49
11
