15166
15862
16022
16227
16374
16387
16332
16318
16274
16219
16582
16064
15929
15812
15776
15654
15553
15442
15410
15389
15255
15148
15116
15030
14942
14883
14883
14826
14696
14685
14662
14700
14807
14856
14898
15059
15217
15337
15450
15578
15719
15795
15839
15874
15933
15958
16053
16110
16114
16190
16187
16202
16234
16234
16217
16175
16223
16324
16322
16274
16312
16322
16389
16438
16406
16480
16490
16496
16526
16528
16572
16520
16490
16475
16488
16419
16353
16259
16141
16118
16156
16133
16162
16116
16177
16290
16198
16311
16402
16454
16576
16650
16916
17354
17637
17862
17988
17589
18166
18215
18370
18400
18385
18385
18250
18198
18198
18125
18049
17967
17818
17713
17511
17301
17561
16696
16267
15837
15347
14847
14364
13826
13423
13068
12704
12356
12106
11931
12206
11669
11654
11658
11618
11755
11877
12030
12124
12322
12612
12942
12757
13536
13923
14322
14616
15026
15490
15822
15652
16603
16900
17282
17139
17895
18192
18417
18591
18667
18704
18671
18708
18685
18538
18498
18379
18250
18133
17931
17803
17736
17633
17475
17412
17387
17393
17297
17335
17454
17538
17654
17872
17603
18351
18652
18971
19320
19786
20236
20612
21122
21835
22307
22958
23061
24041
24557
25066
25593
25998
26456
26805
27043
27227
27417
27532
27624
27631
27557
27543
27379
27269
27118
27320
26564
26339
26061
25730
25477
25188
25370
24578
24230
23996
23824
23645
23477
23395
23219
23143
23194
23118
23061
23085
23133
23263
23341
22965
23568
23738
23841
23956
24057
24127
24150
24066
23917
23872
23830
23830
23805
23746
23727
23770
23881
23870
23837
23891
24425
23923
23767
23828
23896
23896
23866
23580
23669
23896
23036
22583
22011
21082
20496
18312
17965
16933
17087
16543
17001
17110
18469
19366
19648
20895
21022
21553
22217
21984
21562
21242
21099
21034
21175
21354
21637
21807
22110
22192
22223
21891
21933
21477
20366
19807
19314
18948
19024
18444
18629
18998
19223
19519
19776
20032
20062
20501
19875
19719
19557
19406
19333
19177
18965
18740
18410
18200
17908
17625
17408
17557
16675
16442
16129
15776
15524
15335
15614
14967
14921
14927
14931
14969
14666
15324
15417
15482
15582
15597
15538
15509
15452
15395
15433
15383
15374
15391
15326
15383
15349
15221
15076
14895
15104
14320
14127
13816
13562
13272
13013
12784
12555
12259
11956
12171
11580
11612
11561
11414
11312
11280
11316
11312
11440
11608
11709
11887
12097
12290
12486
12227
13030
12727
13482
13240
14024
14255
14391
14583
14696
14845
14942
14935
14908
14948
14872
14738
14614
14421
14253
14080
13982
13830
14166
13591
13496
13387
13244
12979
12824
12541
12223
11982
11608
11312
11005
11227
10582
10333
10112
9979
9896
9902
10007
10125
10339
10603
10803
11011
11221
11454
11635
11799
11958
12112
12238
12395
12562
12667
12858
13062
13131
13267
13381
13416
13366
13341
13307
13246
13223
13211
13158
13122
13040
13082
13110
13133
13150
13177
13261
13332
13389
13593
13190
13795
13898
14028
14227
14332
14538
14730
14879
15101
15291
15507
15660
15862
16091
16221
16332
16431
16509
16526
16122
16534
16524
16524
16501
16429
16332
16263
16215
