19963
20127
20284
20335
20391
20452
20536
20461
20412
20427
20314
20282
20307
20286
20244
20251
20213
18698
18404
18112
16639
16318
16152
15948
15870
15845
15860
15980
16000
16274
16540
16854
16616
17330
17530
17643
17858
17841
17833
17757
17744
17433
17255
16935
16753
16532
16479
16559
16549
16580
16337
16597
15866
16093
15391
15225
15624
14854
14566
14377
14114
13858
13750
13646
13759
14112
14414
14776
15295
15736
15662
16608
17095
17444
17803
18341
18807
19270
19646
20085
20162
20167
20082
19753
19610
19303
19104
18885
18654
18307
18091
17713
17286
16908
15805
16112
15627
15875
16509
16637
17156
18232
18885
19812
20812
21704
22425
22501
23396
23519
23456
23251
22786
22337
21730
21288
20797
20366
19854
19389
18866
18330
17709
17312
17015
16982
16965
17116
17332
17507
17929
18404
19248
20007
20895
21814
22828
23479
25028
26751
28164
29318
30341
31937
31790
32488
32293
32061
31971
30900
29925
28921
27583
26635
25904
25043
25461
25416
26477
26444
27513
27946
27862
29240
30177
30303
30146
29402
29213
28891
28372
27717
27372
26998
26708
26421
26103
25727
23227
22998
22805
22515
22341
22242
22120
22106
22057
22007
22001
21986
21959
22020
22000
22089
22131
22297
22458
22585
22753
22935
23019
23204
23234
23421
23494
23566
23604
23610
23641
23618
23616
23498
23372
23204
22904
22656
22366
22009
21614
21122
20528
17709
16856
16551
15270
15106
13916
12587
12040
11599
11307
11041
10870
10748
10650
11169
11446
11780
12169
12270
12744
13797
14303
14767
14696
15606
15956
15650
16295
16505
16687
16717
16812
16727
16784
16753
16721
16515
16272
16001
15845
15730
15675
15442
15629
14895
14708
14442
14267
14120
13843
13482
13677
12807
12549
12398
12173
12103
11919
12208
11763
11847
11889
11990
12194
12356
12664
13074
13515
13921
14467
14923
15450
15896
16354
16761
16635
17475
17742
17979
18141
18211
18301
18389
18410
18335
18320
18242
18133
17967
17980
17912
17807
17650
17429
17200
16883
16404
15809
15290
14696
14580
13383
13179
11992
11419
11156
10759
10389
10150
9979
9776
9555
9387
9318
9160
9164
9169
9230
9309
9501
9295
10118
10557
11124
11723
12414
13108
13299
14446
14671
15979
16190
17503
18192
18847
19120
20251
20923
21055
22156
22679
23070
23444
23675
23839
23975
24097
24127
24129
24118
24049
24003
23906
23801
23652
23931
23291
23009
22727
22410
22082
21767
21414
21051
20759
20433
20131
19835
19593
19364
19194
18994
18841
18578
18314
18154
17986
17822
17729
17595
17622
17599
17114
17696
17765
17889
18049
18274
18448
18648
18877
19032
19288
19513
19751
20114
20421
20673
20534
21278
21568
21877
22187
22454
22769
23022
23192
22982
23646
23872
24049
24227
24368
24536
24526
24543
24522
24440
24280
24171
24043
23757
23477
23230
22872
22910
22164
21770
21311
20881
20591
20312
19910
19627
19337
19536
18862
18702
19047
18324
18083
17917
17765
17656
17509
17509
17570
17572
17631
17730
17843
17937
18053
18146
18316
18437
18505
18593
18679
18793
18900
18595
19314
19469
19562
19698
19799
19929
20057
20171
20297
20433
20549
20627
20750
20879
20952
21034
21139
