21015
20723
20520
20368
20230
20137
20141
20171
20160
20110
20498
19877
19833
19898
20000
20072
20053
20146
20089
19870
19585
19257
18877
18595
18400
18166
17885
17601
17162
16753
16307
15984
15780
15490
15488
15381
15053
15097
14082
13576
13375
13215
13677
13171
12706
13261
13211
13379
13614
13998
14362
14221
15072
15360
15540
15687
15711
15868
15965
16099
16196
16311
16364
16513
16853
16610
17536
17755
17589
18396
18690
18816
18572
19137
19175
19166
18830
19028
18101
17667
17169
17074
15904
15385
14681
14585
13631
13221
12767
12568
12551
12582
12866
13291
13643
13702
14791
15324
15864
16477
16652
17814
18360
18864
19190
19345
19364
19110
18709
18337
17956
18013
17101
16614
16215
15895
15738
15622
15719
15948
16223
16534
16778
17152
17473
17860
18250
18101
18843
19047
19202
19192
19288
19318
19377
19288
19255
19330
19232
19125
18967
18687
18446
18158
17982
17923
17870
17803
17799
17765
17790
17841
17860
17975
18181
18549
18893
19299
19799
20328
20797
21291
21786
22404
22875
23120
23230
23322
23183
23190
23179
23158
23284
23354
23387
23332
23265
23030
22835
22591
22519
22599
22650
22803
22833
22992
23118
23209
23425
23656
23900
24173
24391
24595
24690
24719
24727
24576
24582
24509
24471
24377
24396
24379
24314
24211
24103
23801
23513
23278
23036
22732
22938
22183
22458
21675
21536
21328
21124
20900
20616
20314
19820
19545
19227
19538
19106
19240
19364
19650
19755
19996
20312
20473
20807
20549
21093
21206
21120
21120
20921
20849
20614
20490
20286
20137
19780
19566
19620
19688
19845
20072
20379
20828
21183
21650
21526
22389
22761
22902
22948
23076
23272
22973
23616
23694
23923
24112
24251
24467
24660
24830
24977
25103
25284
25328
25307
25423
25522
25599
25685
25807
25417
26003
26114
26200
26341
26496
26530
26492
26576
26616
26606
26561
26645
26622
26637
26646
26564
26484
26414
26337
26190
25938
25709
25465
25200
25391
24627
24374
24211
24032
23950
23767
23727
23730
23725
23583
23520
23935
23353
23194
23053
22853
22709
22679
22696
22618
22532
22551
22597
22709
22738
22816
23024
23272
23438
23589
23797
23480
24187
24530
24729
24958
25143
25385
25536
25708
25872
26041
26177
26286
26230
26202
25959
25759
25555
25190
24822
24477
24099
23803
23477
23167
23400
22667
22519
22328
22141
22459
21933
21864
21956
22040
22169
22326
22662
22494
23408
23879
24272
24664
25032
24919
25824
26225
26583
26971
27278
27597
27917
28082
28301
28389
28469
28540
28496
28425
28358
28311
28169
27977
27795
27667
27570
27444
27200
27000
27356
26715
26503
26316
26139
26375
25711
25580
25435
25311
25150
25164
25156
25072
24994
24984
24868
24765
24639
24454
24345
24225
24131
23973
23849
23832
23721
23606
23505
23385
23320
23166
22990
22782
22599
22505
22404
22225
22082
21988
21931
21814
21717
21572
21511
21461
21314
21250
21196
21078
21022
20938
20874
20799
20746
20713
20547
20125
20093
20019
19990
19996
19950
20000
20049
20009
20013
20001
19933
19833
19610
19471
19286
19524
18828
18654
18396
18150
17847
17727
17543
17360
17206
17074
16937
16776
16639
16540
16423
16242
16066
15877
