17971
18305
18391
18402
18293
18137
17652
17145
16698
16255
15696
15263
14799
14301
13818
13305
12461
11979
11608
11459
11500
11276
12009
12356
12870
13589
14448
15335
15635
16885
17562
18200
18887
19469
19980
20353
20805
21070
21322
21450
21509
21524
21479
21303
21196
21475
20658
20341
20078
19711
19091
18984
17908
17124
16435
15692
14986
14379
14120
12996
12467
11908
11580
11305
11183
11133
11127
11377
11639
11822
11986
12145
12486
12772
12986
13267
13534
13832
14156
14511
14824
15129
15427
15732
16078
16469
16801
16616
17440
17822
18219
18082
18895
19204
19061
19860
20250
20624
20979
21324
21643
21973
22303
22572
22759
22935
23101
23255
23349
23412
23461
23480
23433
23374
23297
23162
23034
22885
22646
22395
22127
21851
21541
21234
20921
20606
20301
20036
19698
19374
19080
18755
18429
18183
17912
17645
17395
17110
16843
16635
16456
16253
16055
15896
15765
16120
15519
15398
15297
15244
15173
15167
15209
15270
15349
15379
15431
15561
15725
15893
16045
16194
16311
16477
16723
16980
17248
17475
17652
17851
17589
18290
18480
18675
18856
19000
19187
19362
19572
19727
19883
19555
20244
20398
20574
20767
20931
21083
21238
21345
21438
21551
21708
21881
22017
22097
22169
22202
22213
22257
22337
22368
22385
22362
22354
22333
22332
22356
22343
22320
22278
22206
22116
22070
22013
21971
21925
21849
21767
21656
21496
21370
21263
21190
21070
20910
20753
20625
20473
20360
20246
20085
19885
19681
20009
19393
19202
18982
18803
18650
18458
18221
18024
17862
17656
17526
17381
17167
16937
16725
16536
16366
16187
16020
15864
15656
15438
15272
15158
15036
14906
14742
14593
14477
14423
14354
14259
14646
14116
14078
14026
14028
14104
14127
14204
14396
14591
14776
14996
15305
15677
15961
16263
16167
16627
17582
18051
18486
18944
19414
19811
20272
20629
20952
21311
21648
21963
22209
22448
22717
22931
23124
23177
23307
23395
23408
23486
23477
23416
23410
23370
23230
23114
23053
22904
22820
22664
22933
22265
22162
22444
21629
21400
21253
21103
20921
20664
20438
20261
20148
19967
19753
19641
19595
19580
19501
19482
19442
19400
19431
19555
19549
19505
19519
19603
19679
19685
19711
19763
19730
19757
19833
19801
19791
19835
19830
19826
19847
19866
19809
19740
19723
19624
19606
19658
19570
19479
19377
19196
19022
18929
18723
18578
18389
18217
18032
17799
17704
17534
17389
17301
17190
17049
16904
16849
16795
16679
16652
16572
16475
16492
16471
16391
16337
16293
16246
16227
16206
16270
16309
16316
16351
16500
16645
16750
16870
16946
17024
17103
17152
17160
17171
17104
17026
17057
17040
16965
16917
16912
16801
16727
16746
16646
16599
16603
16557
16570
16576
16572
16570
16591
16650
16582
16568
16603
16631
16624
16559
16545
16551
16515
16454
16448
16429
16379
16396
16398
16440
16543
16553
16603
16658
16679
16751
16830
16933
17095
17196
17318
17505
17561
17730
17946
18106
18381
18652
18898
19104
19375
19654
19979
20272
20492
20677
20902
21114
21297
21389
21509
21482
21532
21519
21511
21500
21456
21360
21242
21188
21477
20379
19933
19433
18782
18492
18368
18337
18202
18431
18452
18551
