11055
11353
11875
12589
14482
15578
16261
17858
18917
20803
21049
22198
22427
22641
22568
22341
21990
21938
20843
20185
19971
18799
18206
17690
17139
16889
16412
16164
15900
15761
15574
15364
15324
15234
15173
15270
15354
15482
15162
15687
15652
15666
15654
15759
15938
16183
16541
17066
17553
17994
18444
18874
19404
19709
19543
20219
20356
20364
20442
20326
20246
20093
19791
19351
18979
19011
18229
17929
17673
17517
17377
17188
17139
16891
16740
17083
16568
16480
16540
16124
16770
16923
17064
17318
17480
17625
17778
17881
17938
18019
17601
18049
18040
18000
17929
17849
17679
17456
17133
16910
16645
16351
16169
15912
15658
15347
15099
14923
14790
14809
14868
14948
15110
15232
15406
15532
15673
15801
15925
16009
16034
16110
16093
16208
16320
16454
16564
16507
16564
16578
16580
16587
16742
16828
16971
17152
17349
17143
17940
18255
18528
19051
19482
19763
20133
20362
20599
20805
20948
21143
21272
21431
21022
21532
21549
21469
21479
21366
21219
21177
21129
21036
21175
21305
21442
21511
21530
21595
21593
21597
21557
21631
21706
21839
21971
21515
22091
22022
21885
21625
21368
21028
20811
20998
20244
20148
19914
19803
19675
19646
19608
19629
19706
19765
19847
19883
20011
20080
20242
20400
20479
20333
20114
19549
18826
17921
16183
15251
14248
13326
12362
12349
12826
13667
14366
15708
17509
18866
19662
21219
22200
22824
23032
22811
22933
21818
21213
20988
19883
19209
18738
18381
18261
18209
18276
18339
18280
18137
17931
17708
17538
17278
16975
16511
16223
16034
15923
15826
15700
15604
15614
15469
15366
15269
15211
15627
15049
14971
14948
14902
14795
14692
14452
14263
14045
13862
13627
13543
13362
13217
13135
13148
13158
13202
12708
13227
13278
13400
13473
13589
13791
13887
14000
14139
14118
14173
14305
14206
14639
13998
13830
13591
13328
13015
12858
12591
12522
12402
12335
12255
12181
12229
12167
12040
11952
11807
11706
11625
11530
11347
11194
11009
10866
10656
10469
10727
10034
10221
9471
9335
9148
9143
9061
9068
8809
9419
9547
9687
9875
10015
10177
10368
10494
10687
10833
10898
10946
11091
11202
11213
11324
11353
11375
11354
11423
11547
11515
11564
11608
11688
11669
11811
11937
11958
12017
12110
11729
12269
12370
12435
12427
12419
12375
12328
12227
12072
11946
11870
11671
11475
11305
11091
10927
11198
10526
10368
10122
9847
9637
9440
9767
9131
9038
8927
8870
8841
8900
8952
9112
8807
9543
9757
10041
10370
10734
11045
11370
11717
12080
12416
12229
13022
13312
13601
13927
13715
14532
14185
14820
14885
15049
15116
15116
15083
14954
14929
14875
14679
14597
14450
14372
14244
14085
13877
13759
13639
13467
13244
12942
12713
12467
12255
12017
11769
11574
11389
11250
11045
10866
10791
10669
10490
10471
10471
10625
10269
10854
10935
11013
11041
11083
11154
11171
11375
11524
11704
11677
11589
11496
11312
11110
10984
10971
10925
10841
10837
10877
10807
10866
10828
10839
10853
10868
11080
11196
11421
11555
11675
11902
12019
12024
12101
12118
12131
12135
12158
12129
12135
12179
12230
12400
12509
12244
13045
13354
13673
13969
14368
14183
15055
