26784
26519
26541
27597
28104
28528
28591
28723
28683
28620
28702
27757
27066
26841
26606
26454
26389
26625
26396
27137
27099
27146
27219
27562
28145
28656
29295
29583
29885
30166
30431
30311
30879
30940
30967
30851
30666
30530
30692
30837
31043
31250
31383
32196
30904
30750
30784
31604
32171
32290
33118
33284
34242
34414
34582
34408
34049
34011
33956
33858
33501
33255
32814
32484
32683
31967
31845
31677
31534
31461
31307
31181
31013
30816
30629
30412
30175
29965
29591
29763
28950
28656
28788
28011
27641
27814
27152
27007
26986
26896
26555
26742
26723
26702
26772
26750
26734
26671
26658
26530
26454
26349
26082
26020
25736
25496
25293
24967
24627
24326
24022
23708
23517
23396
23375
23301
23242
23043
22961
22725
22631
22551
22417
22305
22072
21910
21578
21244
20879
20370
19826
19221
19038
17952
17419
16998
16528
16162
15793
15513
15169
14898
14679
14507
14372
14452
14461
14547
14620
14641
14736
14866
14984
15059
15229
15332
15364
15465
15398
15246
15108
14883
14549
14290
14015
13843
13643
13475
13423
13278
13217
13314
13440
13906
14381
15028
15227
16274
16845
17345
17627
18946
19784
20177
21477
21860
21961
21645
21103
20097
18673
17498
15055
12416
10484
9288
20835
25660
26354
25393
23406
22383
22116
22085
22019
22116
22242
21770
21547
21879
22881
23204
22870
22372
20711
19830
19143
18719
18479
18335
18538
18879
19929
20725
21007
22133
22711
23440
24120
26062
26839
27503
27793
28101
28160
28293
27866
28158
28173
28631
28597
27853
25614
25379
24618
24555
25337
25646
25885
25954
26022
26177
26374
26709
27072
27312
27564
27654
27734
27719
27503
27845
27049
26797
26423
26015
25593
25158
24625
24307
23992
23807
23568
23202
23041
22845
22603
22375
22158
21921
21679
21950
21164
20770
20454
19746
19261
18738
18303
17786
17332
16751
16471
16179
16013
15870
15780
15786
15845
15751
15824
15973
16236
16490
16830
17227
17803
18244
18866
19396
19864
20358
20814
21238
21643
21530
22435
22719
23160
23683
24106
23979
24715
24893
25202
25469
25681
25410
26139
25900
26585
26706
26860
26877
27345
26927
26885
27041
27064
27146
27116
27288
27267
27179
26904
26530
26156
25788
25570
25356
25219
25020
24858
24793
24601
24545
24883
24305
24114
24122
24162
24137
24152
24091
24020
23938
23830
23646
23526
23410
23341
23196
23036
23024
23017
23057
23125
23209
23551
24129
23471
23290
22666
22942
22387
22133
21784
21547
21225
21030
20715
20580
20683
20883
21127
21351
21589
21860
22122
22366
22750
22994
23135
23322
23551
23868
24124
24202
24246
24141
24089
24017
23837
23820
23683
23536
23454
23360
23263
23055
22971
22889
22708
22545
22437
22311
22167
22091
22047
21942
21845
21702
21667
21709
21627
21618
21580
21459
21385
21309
21209
21167
21196
21137
21009
20933
20816
20723
20561
20400
20194
19938
19702
19480
19227
18971
18784
18578
18309
18082
17864
17612
17425
17337
17137
16923
16851
16717
16559
16517
16416
16284
16230
16305
16328
16213
16208
16158
16043
16032
16007
15898
15797
15769
15736
15704
15685
15690
15826
15933
15979
15990
16183
16125
16229
16286
16332
16419
16406
16469
