21998
21755
21446
21104
20675
20328
19841
19213
18580
18175
17822
18068
17501
17425
17526
17551
17515
17517
17624
17709
17645
17797
17736
17589
17507
17431
17322
17219
17576
17003
16921
16826
16646
16564
16500
16498
16482
16414
16354
16265
16215
16223
16288
16351
16351
16393
16410
16400
16385
16425
16486
16524
16572
16578
16648
16652
16543
16484
16446
16351
16356
16360
16326
16305
16316
16368
16414
16549
16631
16700
16730
16721
16746
16782
16763
16711
16692
16545
16488
16463
16364
16225
16009
15755
15498
15211
14982
14750
14568
14522
14396
14347
14349
14393
14374
14477
15511
15725
16040
16314
16143
16940
17209
17513
17820
17610
18278
18500
18687
18799
18828
18849
18839
18782
19040
18404
18293
17853
17730
17383
17219
16860
17062
16267
16082
15895
15769
15641
15545
15561
15625
15660
15774
15910
16183
16366
16606
16862
16666
17479
17843
18188
18543
18914
19316
19702
20162
20488
20814
21248
21629
21969
22311
22540
22818
23013
23145
23257
23354
23437
23486
23437
23412
23312
23312
23141
22996
22889
22729
22566
22354
22146
21841
21574
21358
20866
20461
20234
19870
19566
19198
18811
18381
18526
18007
17526
16696
16370
15948
15568
15364
15028
14618
13925
13938
13927
14028
14133
14263
14526
14755
15011
15332
15534
15709
15942
16108
16253
16270
16393
16362
16488
16562
16622
16694
16790
16891
16927
17026
17078
17209
17211
17286
17372
17437
17566
17645
17704
17812
17900
17998
18160
18227
18494
18683
18885
19154
19293
19492
19717
19851
20000
20124
20244
20379
20496
20708
20893
21099
21221
21309
21458
21622
21782
21833
21967
21998
22026
22192
22255
22293
22349
22345
22391
22496
22494
22566
22536
22507
22551
22576
22507
22425
22362
22309
22192
22095
22053
22022
21889
21786
21748
21753
21656
21738
21734
21812
21862
21938
22011
22057
22175
22339
22410
22440
22562
22561
22505
22555
22538
22543
22562
22610
22637
22698
22801
22889
22982
22982
23005
22982
22856
22774
22742
22620
22513
22381
22246
22047
21902
21740
21524
21286
21114
20887
20688
20477
20160
19984
19868
19664
19587
19412
19274
19213
19093
18935
18809
18646
18463
18416
18410
18358
18414
18435
18532
18490
18517
18450
18408
18303
18211
18169
18015
17738
17604
17431
17280
17555
16986
16904
16793
16740
16708
16780
16770
16898
16973
17085
17202
17303
17519
17717
17891
18032
18274
18536
18669
18885
19040
19227
19501
19700
19935
20148
20406
20679
20914
21043
21223
21417
21633
21778
21500
22120
22274
22396
22543
22637
22799
22959
23043
23146
23341
23524
23694
23832
23994
24129
24288
24412
24580
24652
24755
24887
25047
25173
25253
25400
25522
25822
26099
26257
26295
26492
26736
26860
27078
27270
27421
27471
27496
27629
27667
27562
27440
27305
27150
27043
26935
26729
26549
26847
26091
25759
25236
24748
24223
23830
23517
23250
22998
22912
22740
22759
22784
22742
22709
22765
22841
22931
23072
23314
23543
23843
24137
24549
25053
25666
26293
26841
26921
27948
27919
28801
29127
29488
29788
30003
30225
30492
30750
30961
31257
31427
31492
31620
31694
31692
31591
31496
31370
31211
31104
30967
31253
30519
30366
30066
29746
