18305
19190
19624
19694
19868
20135
20349
20471
20641
20891
20332
20463
20753
20639
20406
20290
20139
19786
19652
19427
19143
18948
18734
18501
18316
18543
17795
17517
17255
16958
16727
16437
16225
15984
15803
15555
15339
15087
14877
14669
14564
14324
14183
14091
13883
13841
13887
13977
13958
14135
14324
14551
14822
15129
15484
15809
16251
16173
16660
17496
17858
18341
18877
19229
19643
20108
20461
20830
21167
21041
21498
22398
22858
23343
23925
24318
24675
25032
25272
25509
25574
25484
24942
24593
23866
23708
23608
23606
23566
23473
23395
23307
23070
22830
22538
22156
21828
21572
21276
21104
20385
20223
21112
21309
21845
22679
25368
26635
28656
28837
31227
33721
36307
39314
42585
45244
47793
48406
49240
48998
48719
47248
41404
37583
34683
30717
27530
23187
20744
18681
15683
14769
14204
14047
14438
14874
15396
15664
17515
18637
20108
21851
22547
24320
24940
26248
26732
26799
26727
26477
26143
25631
25393
23975
23408
21576
20797
19437
17727
17053
15770
14858
14192
14108
13267
12908
12761
12937
12709
13769
14335
14853
15354
16000
16377
16698
17034
17225
17183
17057
16969
17017
16395
16396
16402
16500
16137
16673
16671
16683
17089
16513
16339
16238
16146
16076
15998
15950
15923
15704
15709
15597
15494
15456
15519
15614
15782
16017
16230
16498
16723
16963
17251
17677
18066
18082
18608
21053
21538
22001
22832
23160
23003
23755
23986
24108
24192
24167
24131
24028
23858
23616
23303
23051
22721
22274
21851
21290
20738
20083
19383
18660
18477
17341
16757
16202
15709
15242
14835
14540
14282
14078
14049
13933
13870
13898
13893
14007
14278
14541
14923
15375
15912
16488
17013
17187
18188
18734
19269
19681
19557
20450
20715
20896
21040
21744
21750
21267
18477
20690
19765
18540
17669
17311
16645
16637
16862
19551
20259
20396
20475
20391
20314
20307
20167
20047
20015
18007
17570
17083
15898
15547
15312
15093
15059
15175
15364
15549
15919
16244
16561
16854
17211
17519
17959
18356
18725
19188
19711
20177
20767
21206
21690
22108
22633
22912
23246
23484
23641
23765
23896
23977
24074
24135
24227
24219
24133
24062
23990
23898
23757
23622
23925
23150
22908
22660
22270
21870
21975
21124
20757
20534
20166
19912
19664
19448
19311
19141
19000
18895
18866
18851
18761
18736
18713
18721
18645
18587
18633
18734
18816
18874
18603
19322
19624
20017
20236
20038
20751
20847
20908
21020
21484
20954
20971
20986
20022
19204
18751
18332
17904
17519
17206
16849
16454
16545
15683
15272
14996
14786
14549
14215
13996
13818
13604
13385
13677
13030
13091
13064
13036
13066
13101
13206
13353
13473
13622
13832
13975
14043
14137
14139
14062
14022
13906
13805
13925
13965
13990
13950
13904
13896
13832
13770
13738
13729
14150
13589
13437
13362
13328
13309
13282
13250
13284
13267
13368
13421
13526
13635
13730
13772
13795
13814
13875
13822
13791
13872
13971
14122
14259
14295
14333
14324
14219
14082
13959
13866
13812
13769
13767
13761
13717
14162
13639
13662
13683
13683
13715
13709
13687
13673
13687
13704
13767
13814
13816
13832
13879
13879
13851
13837
13881
13954
14017
14093
14181
14230
14278
14335
