17872
18051
18270
18419
18080
18744
18916
19185
19339
19505
19585
19631
19748
19830
19851
19912
19895
19881
19879
19801
19751
19700
19564
19391
19282
19124
18950
18778
18606
18372
18135
18001
17730
17570
17440
17354
17316
17166
16998
16998
16881
16805
16801
16725
17095
16690
16744
16790
16826
17000
17124
17240
17431
17110
17774
17851
18007
18070
18093
18097
18551
17950
17795
17734
18041
17333
17120
16959
16719
16391
16020
15709
15459
15166
14956
14683
14482
14419
14482
14450
14503
14177
14929
15234
15606
15832
16080
16387
16146
16791
16942
17040
17236
17404
17559
17774
17902
17616
18297
18477
18540
18627
18669
18738
18675
18534
18417
18358
18225
18019
17793
17679
17480
17351
17230
17150
17173
17120
17135
17141
17167
17278
17374
17389
17503
17610
17734
17862
18049
18269
18396
18103
18851
19026
19312
19604
19958
20179
20404
20685
20906
21124
21288
21465
21791
22024
22270
22582
22780
23011
23215
22980
23688
23805
23917
24066
24110
24221
24282
24396
24461
24454
24543
24604
24664
24709
24772
24866
24975
24963
24988
24994
24990
25387
24820
24721
24494
24164
23801
23343
23150
22906
22956
23082
23383
23753
24164
24652
25131
25795
26330
26452
26896
27366
28425
29188
30020
30729
30843
31269
31952
32066
31914
31561
30832
30104
29066
28019
26984
26801
25551
25324
24204
23637
23286
22566
22062
21959
21332
21164
21152
21028
20954
20832
20627
20290
19900
19990
19169
19028
18858
18919
19135
19543
20509
20458
20898
21488
22158
22793
23614
24293
24845
25540
26116
26664
27087
27192
27322
27335
27215
27339
27570
29593
30169
30616
30872
30751
30480
30345
30316
30041
30276
29498
29175
29244
28204
27456
26501
25828
23969
22528
21492
19622
18261
17486
15870
14687
14129
12891
12616
11494
11032
10759
10469
10284
10192
10396
11007
11240
12448
12805
14759
16425
17332
18059
18723
18618
19826
20028
20257
20219
20089
19677
19448
18515
16860
15973
14965
14175
13469
12767
12246
11782
11532
11339
11316
11330
11545
11893
12412
12830
12729
13631
13778
14017
14087
14171
14185
14089
13883
14164
13387
12977
13187
12230
11879
11681
11517
11433
11339
11240
11146
11017
10818
10656
10467
10414
10219
10024
9828
9625
9360
9097
8958
8671
8541
8389
8286
8265
8293
8293
7828
8425
8583
8740
9015
9242
9538
9723
10108
10406
10664
10885
11116
11330
11456
11624
11696
11738
11772
11820
11967
12028
12133
12234
12414
12520
12698
12893
13051
13179
13311
13311
13314
13291
13251
13290
13307
13229
13099
13068
12895
12780
12530
12389
12278
12122
12009
11929
11971
11961
12019
12049
12194
12259
12429
12578
12803
13013
12715
13561
13937
14232
14169
14671
15606
16082
16538
16992
17482
17967
18458
18908
19301
19618
19885
20185
20429
20578
20618
20784
20889
20885
20841
20774
20688
20526
20206
19898
19543
19131
18812
18347
17851
17370
16969
16750
16492
16297
16043
15788
15522
15253
14984
14679
14412
14637
13996
13870
13770
13708
13767
13753
13803
13826
13908
14057
14112
14160
14263
14356
14423
14452
14492
14580
14692
14799
14835
14919
15013
15120
15160
15227
15345
15433
15543
15652
15709
15761
