32597
33141
33585
33826
34036
34343
34555
34776
34822
34944
34708
35318
35431
35570
35557
35574
35622
35652
35770
36213
35799
35599
35194
34711
34011
33274
32599
32015
31454
30833
30299
30284
29769
28856
28402
27946
27494
27013
26589
26230
26335
25501
25269
25097
24952
24874
24937
25028
25196
25356
25624
25809
26047
26225
26465
26568
26685
26765
26791
26921
26872
26856
26904
26914
26860
26786
26795
26666
26454
26393
26167
26009
25740
25456
25282
25061
24814
24664
24513
24297
24200
24183
23887
23830
23690
23929
23326
23312
23225
23095
22898
22572
22232
21898
21625
21391
21066
20856
20610
20408
20183
19927
19650
19440
19230
18971
18748
18501
18293
18221
18007
17826
17709
17603
17425
17358
17251
17582
17099
17024
16916
16694
16507
16200
15919
15564
15608
14814
14461
14652
13835
13486
13671
12940
13173
12364
12112
11906
11580
11265
11093
10833
10709
10500
10303
10251
10305
10267
10333
10364
10421
10547
10675
10818
10933
11020
11158
11227
11326
11461
11459
11469
11395
11328
11192
11053
10950
11129
11513
12145
12938
13881
14887
15847
16812
17770
18847
19942
20791
21650
22041
22078
21799
21982
20769
20444
19477
18517
17501
16442
14864
14028
12622
11587
10104
9748
8984
8938
8801
9326
10568
10874
11851
12891
14551
15860
17005
17753
19045
19664
20227
20083
20648
20479
20137
19555
18814
18452
17156
17032
16274
16244
16408
16937
17366
18040
18866
19854
20841
21948
22925
23570
24866
25500
25791
25982
25803
25452
24952
24435
24326
22990
22097
21255
20969
19833
19152
18967
17795
17255
16826
16938
17041
17341
17557
17704
17833
17603
18475
18765
19173
19416
19568
19694
19673
19490
19459
19270
19301
19293
19297
19429
19448
19479
19570
19553
19698
19914
20244
20055
20837
21120
21337
21416
21635
21753
21540
22198
22440
22721
23230
23625
24041
24322
25036
25599
25982
26326
26520
26000
25763
25408
26057
26278
26414
26557
26744
26784
26790
26751
26423
26013
25757
25849
24940
24648
24375
24125
23830
23475
23091
22524
22263
21990
21889
21784
21843
21925
21896
22041
22066
22137
22238
22427
22446
22589
22606
22549
22942
22187
21746
21208
20853
20396
20068
19791
19465
19238
19020
18986
19229
19066
20154
20784
21372
21919
22408
23828
24791
24959
25996
26694
26833
26671
26572
26835
26187
25856
25564
25139
24679
24320
24116
23606
23101
22540
22190
22471
22166
22423
22519
23595
24219
24519
25576
26225
27139
27393
28164
28051
27763
27681
27437
27110
27421
28540
29078
29482
29961
30251
30578
30740
30679
30826
31017
31087
31187
31118
31034
30937
30864
30961
31248
31089
30675
30477
30318
30467
30755
29938
29709
29566
29389
28942
28570
27931
27620
27379
27198
26937
26734
26832
25971
25486
24988
24868
24345
23278
22837
22938
22057
21637
20761
20553
20377
20414
20595
20790
21192
21484
21753
21973
22204
22425
22688
22946
23297
23610
23828
24043
24309
24585
24866
25162
24950
25698
25967
26234
26509
26698
26833
27412
27473
27557
27597
27593
27601
27629
27700
27734
27740
27746
27770
27772
27757
27744
27704
27662
27606
27561
27520
27404
27259
27135
27043
26921
26826
26729
26608
26484
