23202
22908
22658
22526
22534
22725
22935
23250
23500
24049
25005
25414
26311
26003
25807
24681
24429
24078
24064
24423
23750
23381
22883
22488
22171
21812
21767
21618
21479
21696
22192
22034
23082
22998
23797
24175
24740
25248
26009
26395
27557
28038
28446
28599
28625
28528
28230
28293
27461
27076
26727
26822
26339
25509
25215
25007
25007
24952
25051
25227
24927
25612
25717
25729
25690
25687
25416
25206
25375
24614
24229
24381
23566
23326
23448
22753
22618
22547
22515
22595
22645
22713
22942
23444
22750
22383
21927
21641
21459
21158
21446
20601
20070
19660
19240
18975
18772
18631
18473
18282
18551
17919
17879
17698
17664
18059
17475
17433
17259
17202
17188
17238
17404
17477
17391
17190
17003
16641
16431
16601
15788
15395
14971
14395
13681
12902
12650
11440
10767
10683
9805
9643
9603
9561
9730
10093
10507
11041
11332
12690
13559
14551
15440
16305
17040
17883
18721
19114
20087
21049
22343
23101
23427
23383
23341
22990
22473
22440
21213
20948
19677
19520
19049
18154
17925
17906
17641
18141
19354
20208
21152
22164
23314
24173
25286
26013
26683
27080
27106
27326
26786
25652
25362
24385
23379
22320
21263
19606
18812
17786
16990
16353
15788
15530
15391
15419
16005
16496
16973
17488
17998
18944
19068
20114
20650
20564
21555
21681
21683
21612
21982
21402
21341
21303
21381
21473
21591
21929
22326
22753
23219
23696
24278
24790
25604
26326
26664
27125
27167
27452
27996
28942
28998
29089
29120
29095
29131
29007
28912
28828
28715
28637
28614
28587
28532
28498
28375
28211
28057
27906
27809
27662
27486
27284
27139
26967
26784
26673
26635
26648
26673
26729
26790
26786
26811
26822
26832
26933
26929
26935
27087
27101
27200
27465
27438
27477
27702
27923
28269
28450
28729
29017
29120
29280
29507
29326
30082
30398
30574
30729
30295
30833
30849
31211
31498
31305
32041
32158
32211
32125
31937
31774
31572
31358
31053
31240
30375
29982
29585
29173
28723
28257
28318
27452
26969
26501
25988
25566
25200
24769
24232
23748
23480
23190
22971
22730
22501
22330
22125
21879
21761
21601
21515
21492
21433
21360
21288
21299
21322
21272
21269
21284
21171
21188
21061
20860
20725
20625
20400
20219
20146
19977
19803
19666
19458
19322
19106
18921
18666
18450
18204
17879
17732
17454
17167
16937
17078
16416
16213
15958
15776
15509
15154
14874
14782
14627
14526
14437
14332
14530
14582
14494
14528
14194
14887
15032
14673
15330
15148
15868
16028
16391
16713
16618
17549
17984
18479
18967
19465
19961
20444
20963
21446
21933
22364
22648
23099
22977
23822
24055
24337
24606
24748
24952
25118
25229
25324
25391
25335
25230
25108
25024
24837
24547
24286
24393
23666
23305
23053
22824
22501
22196
22471
21658
21963
21217
20803
20969
20196
19937
19732
19604
19566
19597
19669
19814
19935
20196
20051
20795
21133
21599
21538
22463
22879
23253
23538
23791
24047
24290
24541
24751
25007
25269
25465
25648
25429
26221
26486
26660
26849
27064
27312
27513
27679
27818
27954
28145
27849
28530
28690
28786
28916
29068
29221
29366
29458
29534
29648
29713
29759
29824
29900
29977
30064
30104
30143
30167
30166
30156
