14278
14059
13713
13467
13248
12902
12601
12339
12095
11782
11719
10929
10770
10624
10438
10421
10358
10736
10246
10746
10244
10223
10343
10372
10540
10639
10812
10988
11221
11553
11828
11736
12587
12860
13175
13408
13629
13772
13982
14223
14438
14637
14904
15116
15372
15629
15812
16057
16257
16391
16538
16122
16641
16727
16788
16835
16824
16948
17089
17131
17217
17223
17240
17183
17124
16967
16812
16723
16532
16259
16093
15965
15891
16070
15276
15053
14826
14601
14416
14219
13944
13698
13391
12961
12599
12364
12112
11883
11759
11545
11307
11255
11257
11213
11171
10782
11374
11442
11706
11895
12156
12473
12229
12973
13259
13545
13912
14238
14471
14772
15061
15295
15444
15479
15465
15396
15244
15078
14837
14564
14269
13963
13784
13534
13230
12763
12440
12129
11784
11488
11171
10851
10517
10377
10164
9982
9921
9864
9784
9851
9929
10011
10156
10395
10622
10965
11391
11790
12282
12877
13372
13879
14469
15068
15599
16059
16507
16614
17541
17908
18286
18097
19118
19496
19723
19982
20309
20574
20696
20917
20948
20824
20750
20677
20520
20396
20276
19994
19757
20009
19229
18896
19019
18141
17732
17230
16866
16379
15816
15425
15578
14763
14431
14061
13864
13648
13326
13152
12940
12807
12683
12589
12572
12534
12507
12582
12666
12761
12912
13087
13290
13461
13755
14068
14437
14854
15259
15417
15805
16219
16589
16637
17677
17643
18530
18645
18482
18236
17959
18041
17219
16935
17038
16242
15750
15545
15307
15603
15024
15204
14736
14721
14765
15362
15811
15639
16553
17005
17551
17593
18093
18612
19402
19736
20028
20190
20219
20265
20133
19944
19723
19475
19154
18965
18734
18488
18408
18225
18091
17908
17786
17751
17761
17791
17858
18049
18034
18055
18169
18188
18248
18299
18270
18103
18089
18087
17595
18089
17902
17713
17465
17284
17036
16896
16656
16419
16232
15893
16120
15347
15009
15068
14570
13479
12933
12364
11948
11541
11700
10971
10780
10582
10395
10377
10374
10637
11024
11480
12148
12250
13467
13763
14891
15416
15956
16513
17085
17580
17587
18509
18078
19011
18396
18377
18416
18316
18354
18215
17992
17811
17698
17795
17980
18280
18730
18585
19429
19791
20164
20486
20769
21177
21551
21982
22145
22435
22725
22900
23114
23145
23229
23427
23698
24125
23984
24912
25164
25469
25608
25645
25729
25805
25774
25612
25864
25240
25221
25433
25786
26251
26490
26750
26791
26736
26576
26858
26200
26370
25561
25324
25101
25137
25190
25164
25299
25473
25822
26152
26526
27175
26925
28003
28320
28381
28484
28083
27608
26975
26125
25080
24045
23026
21992
21393
19845
18887
18120
17772
17658
17937
18507
19286
20200
21183
22414
23145
24528
26234
26900
27973
28856
30089
30721
31198
31438
31475
31372
31064
30633
30099
29446
28864
27652
27017
26866
26337
25417
25124
24832
24614
24314
24341
24414
24624
24908
25175
25604
25809
26257
26482
26709
26811
26870
26822
26633
26591
26324
26015
25711
25312
24809
24188
23786
23845
22818
22551
22263
22047
21906
21778
21604
21553
21435
21410
21284
21150
20910
20738
20549
20372
20072
19835
19454
19131
18736
18358
18519
17631
17364
17580
