12759
12877
12931
12717
13570
13898
14230
14515
14889
15219
15599
15896
16229
16463
16635
16643
17011
17435
17669
17770
17805
17818
17902
18080
18492
19051
19536
19946
19585
19085
19738
19601
19570
19604
19595
20020
19505
19343
19494
18772
18349
18171
17812
17601
17517
17494
17482
17437
17541
17700
17736
17671
17774
17858
18041
18467
18950
19104
20125
20066
20866
21213
21213
21358
21458
21503
21417
21324
21183
20948
20751
20393
20461
19975
19490
18969
17853
17286
16755
16200
15774
15396
14919
15125
14484
14305
14196
14267
14459
14616
14914
15215
15494
15776
16007
16332
16166
16891
17053
16992
16919
16765
16597
16396
16257
16156
15902
15879
15843
15795
15837
16019
16332
16200
17179
17723
18356
19005
19118
20288
20889
21467
21952
22104
22461
22793
22528
23639
24221
24669
24973
25116
25362
24435
24066
24017
24009
24118
24333
24685
24427
24099
23694
23564
23595
23820
24198
24624
24454
25360
25538
24769
24853
24591
24364
24120
24070
23971
24421
23895
24040
24068
23942
24318
24486
25543
26108
26444
26429
27185
27232
27494
27740
27532
27458
27383
27095
26633
26229
25608
25299
25030
24845
25395
24851
24591
25045
25146
24881
24780
24805
24797
24975
25351
25830
26297
26696
27150
27541
27713
27958
28034
28152
27853
28358
28290
28110
27729
27148
26564
25723
25385
24257
23082
22242
21500
19895
19916
20314
20828
21692
21877
22080
21948
20526
20024
18274
17395
16244
15654
14851
14393
14187
14236
14335
14635
15034
15589
16246
16887
17538
17969
18198
18332
18110
18818
18780
18406
17767
17269
16820
16288
15847
15517
15217
15108
15024
15133
15393
15708
15879
15994
16055
16097
16072
15971
15727
16101
15444
15167
14977
14994
14658
15314
15788
16043
16385
16358
16395
16293
16190
16578
16030
16053
16066
16005
16213
16230
16421
16601
16778
16807
16952
17019
17267
17503
17561
17522
17354
17290
17179
17200
17227
17335
17349
17335
17251
17104
17078
17116
17059
17141
17131
17133
17236
17049
17122
16977
16854
16797
16732
16673
16713
16744
16889
17139
17461
17845
18431
18618
19725
20068
20677
21967
22675
23383
24091
24910
25259
25704
26022
26194
26364
26477
26828
25916
25734
25324
25307
24860
24381
23833
22498
20641
20568
19772
20005
19211
19082
19082
19022
18679
18076
18667
18847
19259
19454
19778
20028
20095
20406
20683
21114
21459
21866
22085
22360
22290
22620
22851
23347
23637
24274
24643
24532
25311
25543
25675
25946
26257
26173
26020
25748
25198
24595
24360
24356
24601
24486
23958
24585
24694
24473
25347
25578
25587
25454
25244
25125
25087
24998
24847
24683
24513
24259
24005
23719
23332
23112
22832
22711
22578
22335
22154
21942
21856
21727
21637
21633
21625
21965
21421
21303
21160
20965
20784
20646
20662
20730
20770
20799
20519
21173
21353
21467
21677
21845
22124
22341
22639
22524
23354
23769
24223
24606
24459
25341
25833
26122
25914
26688
26858
27080
27250
27431
27582
27811
27893
28057
28017
27362
27795
27473
27267
27011
26589
26089
25711
25181
24809
24459
24240
24059
23973
24425
23944
24062
24196
24347
24721
25160
25717
26278
26456
27391
28816
29589
30402
31095
31877
