25986
25866
24975
24616
24177
23757
23370
23009
22635
22303
22404
21549
21229
20881
20593
20297
20500
19763
19549
19387
19290
19164
19083
19013
18982
18984
18988
19003
19011
18994
19019
19085
19135
19169
19206
19276
19393
19477
19473
19484
19541
19641
19759
19885
20000
20150
20303
20438
20555
20681
20883
21124
21391
21662
21877
22059
22291
22561
22769
23053
23301
23511
23727
23479
24192
23948
24637
24868
25087
25280
25461
25637
25803
25979
26120
26250
25904
26532
26641
26708
26790
26828
26902
26979
27000
27013
27062
27083
27089
27059
27036
27053
27026
27005
26977
26944
26887
26826
26769
26675
26566
26465
26854
26284
26160
26019
25864
25725
25585
25433
25253
25099
24954
24862
24753
24593
24910
24225
24064
23895
23742
23648
23561
23917
23270
23103
22935
22746
22582
22438
22318
22202
22068
21902
21793
21631
21435
21263
21137
21089
21013
20824
20551
20559
20404
20265
20177
20089
20053
19971
19887
19839
19824
19843
19881
19885
19847
19797
19763
19721
19736
19824
19923
19956
19996
19998
20019
20049
20118
20181
20236
20286
20362
20406
20437
20477
20547
20625
20717
20759
20854
20982
21145
21295
21494
21645
21763
21860
22041
22145
22083
22162
22120
22047
21992
21818
21679
21442
21110
20790
20479
20188
20032
19790
20022
19200
18885
18473
18557
17822
17534
17295
16557
16467
16326
16166
16026
16051
15967
15929
15988
15977
16017
16005
16068
16072
16062
16041
16055
15971
15887
15801
15713
15543
15408
15187
14992
14748
14486
14616
13818
13431
13129
12849
12528
12255
12001
11725
11454
11706
10971
10770
10593
10408
10263
10129
10017
9979
10015
10003
9965
10013
10122
10177
9788
10402
10646
10860
11005
11190
11332
11492
11675
11853
11914
11961
12093
12158
12221
12250
12326
12406
12404
12433
12477
12492
12438
12417
12379
12301
12221
12175
12131
12059
11969
11919
11809
11625
11570
11541
11496
11479
11387
11280
11291
11251
11221
11253
11288
11349
11471
11591
11803
12007
11761
12492
12788
13129
13501
13944
14393
14698
14952
15133
15351
15587
15797
16036
16200
16332
16480
16578
16534
16389
16608
15791
15309
14708
14604
13438
12818
12692
11557
10938
10723
9601
8929
8370
7820
7732
7234
6809
5954
5599
5269
5017
4812
4696
4543
4538
4675
4435
5303
5992
6631
6864
8125
8463
9312
10549
11223
11946
12280
13400
13700
14977
15715
16122
17408
18301
18998
19730
20366
20646
21679
21820
21719
21429
21059
20969
19887
19061
18305
17423
16639
15818
15561
14366
13698
13072
12746
12473
12604
12238
13116
13194
14349
14896
15612
16269
16881
17160
18507
18587
19734
20202
20503
20664
20759
20603
20438
19856
19196
18578
17979
17454
16919
16404
15690
15059
15099
14274
14038
14085
14312
14631
15114
15190
16349
17000
17727
18374
19036
19673
20196
20669
21127
21391
21553
21601
21675
21669
21541
21375
21152
20980
20740
20603
20341
20146
19959
19818
19677
19076
19608
19612
19654
19751
19757
19688
19692
19582
19767
19545
20206
20312
20351
20127
19828
19599
19654
19545
19490
19482
19221
18916
18480
18093
17820
17589
17404
17230
17066
16853
16715
17076
16547
16561
16482
16402
