22444
22719
22490
23152
23557
23034
23856
25337
26270
27677
28480
29666
29887
31221
32095
32889
33501
33870
33948
33729
33511
33135
32755
32645
31358
30387
29465
29022
29020
28690
28799
28662
28757
28809
28927
29162
29503
29887
30175
30717
31227
31566
31990
32406
32270
33024
33267
33435
33566
33652
33702
34192
33694
33729
33635
33429
33702
32839
32429
32114
32219
31332
30975
30662
30312
30003
29820
29561
29261
28923
28732
28561
28263
27412
27162
26963
26774
26593
26471
26248
26064
25979
25845
25757
25650
25469
25465
25309
25274
25261
25253
25194
25265
25190
25238
25208
25156
25158
25175
25248
25278
25309
25379
25530
25526
25541
25599
25557
25452
25314
25219
25093
24931
24635
24914
24202
24406
23696
23494
23234
23444
22717
22929
22227
21854
21719
21570
21387
21148
20847
20751
20608
20402
20263
20118
19900
19874
19896
19791
19832
19906
20003
20005
20131
20312
20505
20673
20860
21091
21290
21576
21719
21790
21910
21944
21959
21996
21877
21902
21950
21917
21958
21929
21875
21784
21717
21919
21198
20824
20973
20179
19772
19299
18979
18624
18188
17751
17234
16790
16284
15702
15587
14456
13757
13671
12419
11872
11356
10769
10356
9956
9564
9750
9095
8858
8633
8501
8482
8500
8465
8643
8887
9089
8830
9660
10030
10423
10833
10770
11708
11751
12250
13188
13666
13696
14645
15106
15541
15940
16284
16608
16841
16610
17332
17519
17738
17910
18236
18503
18708
18980
19211
19433
19620
19858
20406
20704
21000
21450
21790
22162
22427
22709
23124
23492
23729
24208
24463
24830
25087
25265
25469
25637
25694
25755
25713
25717
25614
25872
25286
25120
24795
24517
23683
22561
21797
20639
19761
19253
18677
17664
17297
16914
17085
16314
16595
15986
15860
15830
15862
15982
16171
16412
16139
16988
17290
17101
17866
18064
18332
18479
18709
18824
18971
19103
19125
19232
19225
19166
19106
19003
18807
18643
18366
18543
17816
17645
17515
17290
17158
17131
17036
17049
17072
16994
16969
16929
16908
17000
17152
17297
17467
17652
17828
17956
18364
18500
18687
18755
18988
19078
19312
19532
19721
19958
20091
21288
21494
21790
22087
22330
22570
22900
23190
22982
23776
24013
24221
24509
24662
24732
24814
24900
24937
25045
25064
25007
24982
24923
24921
24750
24562
24469
24332
24192
24167
24057
23956
23879
23824
23791
23826
23650
23551
24526
24910
25261
25498
25736
25919
26137
26238
26366
26530
26732
26858
26837
26381
26383
26870
26776
26339
25961
25648
25883
25183
25372
24641
24904
24112
23952
23820
23658
23631
23656
23654
23709
23904
24129
24312
23940
24650
24860
25685
25433
26169
26072
26217
26776
26683
28715
28959
28517
28431
28530
28500
28364
28311
28148
27895
27769
27667
27669
27742
27919
28011
28068
28127
28204
28217
28104
27916
27711
27463
27099
26750
26389
25944
25641
25301
25368
24469
24137
23791
23368
23017
22582
22322
22419
21606
21396
21196
21463
20750
20561
20368
20501
19696
19318
19007
18738
18463
18167
18001
17919
17751
17631
17562
17595
17566
17505
17519
17559
17635
17765
17938
17984
18187
18410
18639
18879
19038
19356
19664
19988
20148
20396
20929
21188
21019
