15353
15576
15925
15692
16692
17177
17809
18309
18658
18893
19221
19175
18875
18257
17744
17561
16364
15845
15383
15568
14965
15007
15358
15843
16152
17412
18301
19028
19912
20414
20961
21267
21393
21377
21269
21019
20664
20446
20030
19673
19225
18879
18492
18301
18177
18167
18204
18339
18387
18549
18656
18772
18837
18887
18872
18843
18730
18484
18400
18246
18166
18066
18099
17994
17967
18017
18200
18427
18711
18940
19192
19381
19097
19858
20185
20328
20673
20824
20520
21343
21366
21685
21599
21709
21717
21851
21501
22164
22223
22517
22627
23124
22982
23784
24221
24511
24822
25229
25507
25755
26051
26244
25914
26484
26522
26515
26858
26183
25942
25666
25461
25358
25286
25236
25248
25250
25335
25463
25576
25774
25406
26061
26286
26519
26767
26406
27030
27078
27024
26895
26660
26549
26335
26062
25805
25444
25053
24576
24337
24011
23746
23574
23322
23137
23087
22889
23003
22986
23036
22998
22948
22927
22790
22593
22253
21925
21534
21156
20687
20230
19791
19414
19085
18738
18692
18442
18408
18297
18259
18272
18293
18425
18312
18370
18324
18175
17975
17996
17963
18001
18114
18187
18307
18368
18477
18658
18969
19278
19721
19591
20293
20692
20956
21194
21545
21982
22339
22832
23320
23914
24381
24816
25181
25467
25748
25958
26103
26291
26307
26383
26314
26301
26091
26364
25698
25450
25291
25124
25192
25270
25417
25463
25583
25646
25843
25954
25902
26080
26011
25938
26339
25540
25246
24669
24028
23847
22717
22202
21687
21421
21276
21160
21122
21290
21473
21713
22255
22549
23066
23395
23845
24103
24351
24501
24637
24715
24736
24627
24507
24335
24139
24421
23847
23847
23484
24173
24545
24847
25229
25669
26108
26484
26984
27484
27400
28223
28314
28578
28616
28786
28772
28914
28858
28847
28698
28589
28604
28526
28410
28204
27971
27809
27713
27732
27715
27786
27872
27872
27906
28017
27963
28032
28000
27929
27809
27618
27291
27001
26576
26274
26324
25419
24935
24566
24061
23654
23263
23421
22719
22505
22469
22501
22494
22492
22419
22339
22242
22185
22040
22019
21772
21612
21971
21301
21041
20820
20561
20234
19874
19625
19291
18870
18574
18229
18028
17816
17671
17618
17583
17541
17456
17425
17387
17515
17534
17480
17364
17146
16946
16612
16269
15996
16080
15269
14858
14503
14095
13730
13486
13217
13103
12858
12736
12685
12702
12853
12917
13114
13169
13301
13366
13377
13324
13267
13234
13198
13200
13104
13064
12883
12753
12708
12564
12520
12492
12585
12641
12786
12896
12963
13154
13456
13862
14419
15019
15181
16398
16664
17826
18423
18917
19419
19729
19914
19982
19889
19574
19515
18278
17986
17028
16057
15099
13683
12853
12240
11929
11853
11937
11746
12229
13364
14154
14881
16343
17769
19272
19845
20043
19679
19730
19095
18383
16372
15437
15209
15312
15349
15503
15177
15883
16082
16230
16282
16274
16427
16419
16461
16408
16381
16437
16274
16198
16437
16725
17062
17465
17807
18280
18748
19299
19809
20227
20723
21335
21853
22229
22658
22832
22998
22992
22858
22557
22185
21791
21421
20900
20599
20188
19967
19725
19700
19541
19585
19583
19603
19675
19786
19791
19776
