32263
33047
32757
33431
33557
33519
33389
33244
33095
32862
33194
32395
32003
31633
31732
30807
30295
29547
28660
28333
26910
26154
25475
24860
23921
23700
23335
23160
23196
23480
23582
23845
24116
24009
24900
25328
25851
26303
26667
26837
26956
26956
26929
26994
27043
27062
27085
26980
27332
26767
26589
26570
26522
26467
26547
26543
26515
26480
26396
26345
26295
26303
26307
26322
26326
26209
26038
25900
25822
25759
25673
25625
25498
25421
25251
25036
24795
24591
24225
24003
23637
23353
22973
22541
22299
21732
21404
21482
20734
20893
21150
20812
20610
20446
20307
20158
20167
20097
20087
20118
19879
19402
19530
18839
17332
16990
16788
16582
16196
15908
15730
15885
15656
15303
14713
14215
13982
13807
13759
13919
14299
15043
15202
16263
16524
16639
16568
16498
16272
15809
13900
13202
12807
12603
12578
12770
13169
13847
14410
15059
15515
15925
16417
16704
16763
16471
16009
15536
15000
15076
14307
14093
14099
14053
13778
13541
13375
13448
13498
13969
14616
15412
15671
16629
17990
18473
18612
18492
18517
17448
16757
15925
15576
14633
13658
12820
12540
13045
13330
14301
15276
16534
17431
18391
18641
19076
18635
18103
18072
17347
16969
15980
15389
15104
15456
15839
15641
16488
16627
16656
16780
16887
17196
16809
16732
16755
16681
16244
15654
15885
16112
15633
15700
15622
15887
15990
16089
16572
17087
17984
18538
18937
19003
19213
19083
19095
18742
18280
17898
17446
16931
16452
16580
15805
15820
15862
15917
16005
15658
16339
16356
16778
16986
17162
17131
16631
17261
17442
17687
17587
17099
17736
18049
18345
18322
18120
17734
17122
17085
16013
15646
15328
15135
15043
15353
15211
16246
16980
17727
18498
19374
20215
20604
21902
22095
23112
23671
23988
24028
24116
23956
24719
25089
25343
25826
25910
25895
25658
25354
25398
24906
24013
23503
23024
22938
21841
21381
20729
20047
19921
19276
19385
19110
19551
20051
20591
21610
21538
22395
22553
22828
23095
23190
23196
23114
23442
22734
22494
22265
22416
21667
21566
21335
21423
21414
21391
21463
21057
21339
21236
21410
21551
21830
21971
22166
22183
21839
21414
21410
21561
21717
21896
22181
22387
22603
22658
22725
22763
22937
23284
23519
23919
24188
24358
24171
24458
24187
23944
23904
23975
24059
24101
24274
24412
24532
24519
24540
24526
24490
24498
24396
24406
24311
24312
24062
23893
23475
23087
22650
22169
21730
21406
21137
20807
20643
20354
20253
20160
19984
19979
19908
19925
19944
19545
20213
20364
20068
20725
21122
21402
21667
21660
21757
21906
22148
22431
22549
22553
22293
21900
21395
21482
20580
20299
20045
19719
19437
19234
18958
18805
18650
18545
18351
18101
17761
17187
16729
16608
16070
15148
14767
14591
14814
15311
15906
16541
17238
17843
17265
16650
16131
16112
15500
14417
13998
13895
14019
14364
14946
15288
15200
16278
16923
17467
18003
18404
18624
18622
18387
17982
18030
16614
15765
15524
14267
14141
13019
12732
13062
14007
15618
17507
18849
20276
21853
22435
22837
22841
22332
21522
20877
19841
18885
18041
17003
16841
17332
17715
19087
21312
22131
22479
23725
24299
24555
24904
24162
23784
22879
21942
