25017
25255
24923
25553
25698
25879
26051
26200
26280
26311
26286
26219
26229
26103
25956
25732
25580
25553
25458
25358
25328
25333
25299
25272
25103
25017
24643
24881
24160
23940
23666
23902
23167
23410
22622
22410
22083
21818
21746
21744
21690
21770
21681
21646
21370
21070
20624
20108
19952
18830
16923
16631
16202
15784
16093
15484
15227
14967
14677
14278
14024
13925
13862
11856
11438
10917
10591
10566
10887
11669
12229
15040
15486
15772
15870
15683
15427
15146
14877
14480
14196
14022
13958
14120
14375
14824
15358
15887
16551
16730
17711
19047
19887
20125
21437
21614
22419
22662
22729
22625
22362
22038
21595
21209
20625
20057
20015
18944
18490
18524
17635
17347
17118
16990
16961
17009
16944
17072
17106
17181
17330
17353
17561
17643
17660
17656
17610
17438
17173
16927
16645
16396
16187
15982
15729
15572
15463
15221
15062
14875
14696
14583
14519
14477
14454
14437
14591
14738
14975
15208
15479
15801
15683
16702
17290
17998
18717
19475
20301
21175
21522
22868
23770
24658
25339
25891
26807
28185
29139
29423
30267
30809
31511
30872
30148
29446
28883
28177
27738
27276
26872
26583
26206
25673
25246
24675
24301
23948
23656
23459
23412
23645
23858
24257
24679
25133
25837
26118
26299
26458
26585
26732
26973
27062
27087
27280
27265
27270
27125
26994
26772
26461
26059
25797
25421
25229
24944
24801
24732
24704
24692
24492
24631
24832
25064
25324
25599
25417
26116
25896
26610
26673
26793
26791
26772
26671
26828
26099
25837
25648
25856
25181
24837
24578
24173
23833
23927
23120
22723
22335
22093
21698
21958
21274
21007
20870
20772
20727
20671
20622
20604
20625
20706
20723
20958
21066
21194
21368
21026
21664
21866
22043
22108
22217
22458
22738
22902
23055
23265
23482
23614
23816
24034
24169
24364
24557
24643
24814
24988
25127
25238
25349
25520
25643
25818
26047
26261
26490
26770
27127
27395
27688
28038
28272
28612
28889
29146
29284
29498
29606
29753
29866
30005
30103
30219
30372
30469
30540
30713
30828
30906
30990
31020
31095
31074
30958
30917
30837
30696
30551
30467
30452
30225
30020
29889
29751
29583
29761
29005
28721
28396
27906
27583
27280
26883
26522
26290
26028
25923
25814
25715
25557
25433
25274
25106
25400
24687
24501
24286
24112
23948
23801
23776
23708
23742
23811
23854
23967
24089
24248
24417
24580
24801
25049
25251
24929
25612
25769
26036
26150
26250
26482
26620
26778
26948
27208
27337
27450
27629
27360
27933
28087
28145
28124
28124
28101
27986
27841
27814
27786
27755
27742
27774
27772
27379
28017
28030
28097
28160
28125
28093
28118
28120
28091
28003
27925
27891
27866
27872
27887
27898
27992
28070
28112
28148
28177
28179
28190
28160
28188
28171
28095
28118
28118
28089
28070
28066
28011
28062
28059
28124
28141
28078
28053
28059
28082
28011
27929
27803
27788
27704
27641
27610
27578
27528
27423
27383
27291
27177
27137
27135
27053
26935
27347
26711
26524
26290
26152
25944
25641
25555
25526
25528
25557
25610
25706
25744
25854
25900
26030
26053
26049
25990
25969
25786
25599
25372
25162
25005
24780
24624
24501
24307
24158
23904
23799
23595
23400
23270
23135
