4.83540039063
5.1296875
5.32587890625
5.62016601563
5.95991210938
6.06997070313
6.59633789063
6.43125
7.15620117188
6.8810546875
7.15620117188
7.18491210938
7.07485351563
6.96240234375
6.9001953125
6.88344726563
6.85952148438
6.60830078125
6.48149414063
6.17045898438
5.991015625
5.50532226563
5.32109375
5.33305664063
5.1966796875
4.99091796875
4.83540039063
4.61767578125
4.23486328125
3.71806640625
3.54819335938
3.18930664063
2.73232421875
2.14375
1.82075195313
1.38291015625
1.19389648438
0.887646484375
0.581396484375
0.322998046875
0.203369140625
0.031103515625
-0.01435546875
-0.155517578125
-0.20576171875
-0.29189453125
-0.332568359375
-0.34453125
-0.3828125
-0.409130859375
-0.3732421875
-0.37802734375
-0.308642578125
-0.30146484375
-0.165087890625
-0.098095703125
-0.13876953125
0.098095703125
0.093310546875
0.112451171875
0.227294921875
0.356494140625
0.42109375
0.399560546875
0.337353515625
0.26796875
0.294287109375
0.287109375
0.25361328125
0.22490234375
0.16748046875
0.141162109375
0.069384765625
0.016748046875
-0.057421875
-0.026318359375
-0.24404296875
-0.289501953125
-0.35888671875
-0.440234375
-0.509619140625
-0.523974609375
-0.5263671875
-0.58857421875
-0.6412109375
-0.667529296875
-0.62685546875
-0.5837890625
-0.49765625
-0.715380859375
-0.784765625
-0.84697265625
-0.930712890625
-0.935498046875
-1.014453125
-1.06708984375
-1.1771484375
-1.225
-1.27763671875
-1.31591796875
-1.23217773438
-1.42119140625
-1.48100585938
-1.58388671875
-1.65087890625
-1.55756835938
-1.69873046875
-1.71069335938
-1.72265625
-1.7322265625
-1.69873046875
-1.78486328125
-1.89970703125
-1.93798828125
-2.05522460938
-2.09350585938
-2.24423828125
-2.32797851563
-2.64379882812
-2.78017578125
-2.78735351562
-2.98833007813
-3.28979492188
-3.25629882813
-3.52666015625
-3.71806640625
-3.7419921875
-3.847265625
-4.04584960938
-3.98364257813
-4.21333007813
-4.15112304688
-4.34252929688
-4.3544921875
-4.41909179688
-4.459765625
-4.49086914063
-4.48129882813
-4.47412109375
-4.48369140625
-4.498046875
-4.44301757813
-4.45737304688
-4.56264648438
-4.40473632813
-4.47172851563
-4.5650390625
-4.38081054688
-4.34013671875
-4.18940429688
-4.09609375
-3.96928710938
-3.95732421875
-3.67978515625
-3.52905273438
-3.3974609375
-3.3208984375
-3.18212890625
-3.13427734375
-2.92373046875
-2.69643554688
-2.72275390625
-2.52177734375
-2.29208984375
-2.05043945313
-1.92602539063
-1.79443359375
-1.6939453125
-1.626953125
-1.54321289063
-1.47622070313
-1.44033203125
-1.397265625
-1.39965820312
-1.47143554688
-1.38051757813
-1.57431640625
-1.56953125
-1.6078125
-1.60063476563
-1.62216796875
-1.61020507813
-1.70830078125
-1.741796875
-1.91645507813
-1.97866210938
-2.05043945313
-2.05043945313
-2.24663085938
-2.392578125
-2.47631835938
-2.65815429688
-2.61748046875
-2.83041992188
-2.87587890625
-2.90698242188
-2.9380859375
-2.99790039063
-3.0529296875
-3.08403320313
-3.10078125
-3.10556640625
-3.14384765625
-3.15341796875
-3.18930664063
-3.2826171875
-3.2826171875
-3.3017578125
-3.32568359375
-3.36875
-3.33286132813
-3.43095703125
-3.49555664063
-3.53862304688
-3.58408203125
-3.59125976563
-3.63911132813
-3.4453125
-3.2251953125
-3.17495117188
-3.0912109375
-2.86870117188
-2.8328125
-2.60791015625
-2.40454101562
-2.4212890625
-2.43564453125
-2.57680664063
-2.41650390625
-2.52895507813
-2.6126953125
-2.64858398438
-2.75864257813
-2.8423828125
-2.9955078125
-3.0720703125
-3.00747070313
-3.08881835938
-3.36396484375
-3.42138671875
-3.50991210938
-3.64868164063
-3.68217773438
-3.92622070313
-4.19658203125
-4.4501953125
-4.53393554688
-4.70859375
-4.77319335938
-5.02919921875
-5.16557617188
-5.23256835938
-5.21103515625
-5.35458984375
-5.34741210938
-5.07944335938
-4.9478515625
-4.87607421875
-4.80190429688
-4.52436523438
-4.4310546875
-4.17983398438
-3.962109375
-3.80180664063
-3.64389648438
-3.56015625
-3.40224609375
-3.15102539063
-2.66533203125
-2.48828125
-2.41171875
-2.15810546875
-2.08154296875
-2.01215820313
-1.88056640625
-1.97387695313
-1.780078125
-1.626953125
-1.69155273438
-1.5982421875
-1.45229492188
-1.41640625
-1.35419921875
-1.35419921875
-1.24653320313
-1.39487304688
-1.33505859375
-1.2728515625
-1.07905273438
-0.978564453125
-0.959423828125
-0.91875
-0.861328125
-0.80869140625
-0.806298828125
-0.77998046875
-0.88525390625
-0.9091796875
-0.902001953125
-0.897216796875
-0.8900390625
-0.89482421875
-0.672314453125
-0.5359375
-0.39716796875
-0.2201171875
0.002392578125
0.318212890625
0.437841796875
0.5263671875
0.485693359375
0.6220703125
0.930712890625
0.988134765625
1.12690429688
1.34702148438
1.64848632813
1.79204101563
1.71069335938
2.01455078125
1.98344726563
1.76572265625
1.80639648438
1.6939453125
1.55756835938
1.50971679688
1.4451171875
1.44033203125
1.45229492188
1.512109375
1.30634765625
1.23935546875
1.16279296875
1.16997070313
1.12690429688
1.14125976563
1.16040039062
1.20346679688
1.26567382813
1.33266601563
1.27524414063
1.47143554688
1.50493164063
1.473828125
1.46665039063
1.50493164063
1.6173828125
1.71069335938
1.72983398438
1.79921875
1.933203125
2.00498046875
2.10068359375
2.36865234375
2.59594726562
2.70600585938
2.89741210938
3.06728515625
3.14145507813
3.2634765625
3.35678710938
3.46206054688
3.60083007813
3.617578125
3.63671875
3.66303710938
3.69653320313
3.770703125
3.79223632813
3.94057617188
4.01474609375
4.02670898438
4.07216796875
4.17983398438
4.1439453125
4.3927734375
4.40712890625
4.49086914063
4.53154296875
4.62724609375
4.67509765625
4.64877929688
4.8521484375
4.81865234375
5.05073242188
4.90717773438
5.16796875
5.21103515625
5.2541015625
5.26127929688
5.31630859375
5.49575195313
5.28520507813
5.0818359375
5.00048828125
4.73969726563
4.48608398438
4.536328125
4.55546875
4.71577148438
4.84497070312
4.9861328125
5.26127929688
5.39287109375
5.20864257813
5.072265625
4.90239257813
4.55546875
4.42387695313
3.92622070313
3.71328125
3.46684570313
3.26586914063
2.87587890625
2.72275390625
2.42607421875
2.03608398438
1.88774414063
1.66044921875
1.32548828125
1.32788085938
1.25849609375
1.1962890625
1.18432617188
1.18193359375
1.11494140625
1.05512695313
1.06948242188
1.1005859375
1.11494140625
1.13647460938
1.1484375
1.07426757813
1.24653320313
1.24653320313
1.30874023438
1.22739257813
1.26567382813
1.54799804688
1.62216796875
1.60302734375
1.5408203125
1.60302734375
1.67001953125
1.69633789063
1.71547851563
1.76333007813
1.78725585938
1.77529296875
1.83510742188
1.88056640625
1.9044921875
1.93798828125
1.88056640625
1.86142578125
1.87099609375
1.8662109375
1.82314453125
1.8375
1.8279296875
1.82075195313
1.78486328125
1.74897460938
1.70830078125
1.71069335938
1.66044921875
1.6556640625
1.54560546875
1.43076171875
1.13647460938
0.992919921875
0.662744140625
0.586181640625
0.504833984375
0.399560546875
0.33017578125
0.093310546875
-0.19140625
-0.28232421875
-0.363671875
-0.3828125
-0.380419921875
-0.39716796875
-0.394775390625
-0.447412109375
-0.476123046875
-0.54072265625
-0.562255859375
-0.600537109375
-0.65078125
-0.669921875
-0.571826171875
-0.49765625
-0.69384765625
-0.56943359375
-0.54072265625
-0.322998046875
-0.172265625
-0.145947265625
0.0765625
