4.00756835938
4.02431640625
4.11044921875
4.25639648438
4.34252929688
4.41909179688
4.31381835938
4.31381835938
4.43823242188
4.10087890625
3.98364257813
3.93818359375
3.70849609375
3.5888671875
3.44770507813
3.21801757813
3.06010742188
2.80170898438
2.50502929688
2.37583007813
2.10307617188
1.96430664063
1.67958984375
1.62456054688
1.30634765625
0.89482421875
1.0431640625
0.91396484375
0.5837890625
0.519189453125
0.6794921875
0.595751953125
0.6603515625
0.710595703125
0.7560546875
0.552685546875
0.581396484375
0.586181640625
0.586181640625
0.547900390625
0.523974609375
0.509619140625
0.50244140625
0.50244140625
0.514404296875
0.478515625
0.459375
0.610107421875
0.456982421875
0.409130859375
0.3828125
0.37802734375
0.37802734375
0.389990234375
0.401953125
0.404345703125
0.43544921875
0.43544921875
0.5646484375
0.600537109375
0.629248046875
0.653173828125
0.729736328125
0.729736328125
0.787158203125
0.796728515625
0.86611328125
0.96181640625
1.06948242188
1.09819335938
1.19868164063
1.27763671875
1.29916992188
1.32788085938
1.3876953125
1.4259765625
1.4259765625
1.44990234375
1.50014648438
1.52885742188
1.53603515625
1.56235351563
1.56235351563
1.5791015625
1.58388671875
1.59584960938
1.59584960938
1.60541992188
1.626953125
1.6365234375
1.64130859375
1.64370117188
1.64370117188
1.62456054688
1.626953125
1.64370117188
1.67001953125
1.56713867188
1.72026367188
1.780078125
1.856640625
1.8662109375
1.894921875
1.894921875
1.9810546875
2.02172851562
2.05522460938
2.05522460938
2.12700195313
2.14375
2.1724609375
2.1724609375
2.22509765625
2.25620117188
2.31840820313
2.31840820313
2.39497070313
2.44521484375
2.4978515625
2.4978515625
2.50981445313
2.53852539063
2.62465820313
2.62465820313
2.70122070313
2.7466796875
2.78256835938
2.8423828125
2.8423828125
2.87827148438
2.89262695313
2.89262695313
2.95004882813
2.9955078125
3.04096679688
3.04096679688
3.08403320313
3.08881835938
3.10795898438
3.19887695313
3.22758789063
3.25869140625
3.26826171875
3.26826171875
3.28500976563
3.311328125
3.32807617188
3.3208984375
3.34721679688
3.51469726563
3.46206054688
3.46206054688
3.36396484375
3.30415039063
3.28740234375
3.31372070313
3.31372070313
3.33525390625
3.33286132813
3.33046875
3.33046875
3.30893554688
3.30654296875
3.31850585938
3.32329101563
3.32329101563
3.38549804688
3.42138671875
3.40224609375
3.38549804688
3.39267578125
3.40463867188
3.37592773438
3.387890625
3.36875
3.32568359375
3.2826171875
3.25151367188
3.25151367188
3.25151367188
3.21323242188
3.1677734375
3.14624023438
3.13666992188
3.1486328125
3.15581054688
3.119921875
3.119921875
3.06728515625
3.03857421875
3.01943359375
3.01943359375
3.02421875
3.02421875
3.02900390625
3.01704101563
3.00029296875
3.00029296875
3.00029296875
3.00747070313
3.02900390625
3.02900390625
2.99790039063
2.99790039063
2.97875976562
2.9859375
3.0529296875
2.88784179688
2.890234375
2.890234375
2.84956054688
2.84956054688
2.86870117188
2.851953125
2.851953125
2.84716796875
2.86870117188
2.87109375
2.87109375
2.86630859375
2.87109375
2.86391601563
2.86391601563
2.84477539063
2.78974609375
2.7083984375
2.7083984375
2.66772460938
2.62705078125
2.56723632813
2.56723632813
2.60073242188
2.36865234375
2.36865234375
2.296875
2.22270507813
2.1533203125
2.1533203125
2.11264648438
2.06958007812
2.0384765625
2.0384765625
2.01215820313
1.92124023438
1.87099609375
1.8279296875
1.84467773438
1.79443359375
1.69633789063
1.69633789063
1.62216796875
1.51689453125
1.397265625
1.3111328125
1.22260742188
1.11015625
1.01684570312
1.01684570312
0.954638671875
0.873291015625
0.758447265625
0.648388671875
0.648388671875
0.552685546875
0.42587890625
0.23447265625
0.222509765625
0.069384765625
-0.05263671875
-0.19140625
-0.3541015625
-0.3541015625
-0.485693359375
-0.610107421875
-0.73212890625
-0.823046875
-0.935498046875
-0.935498046875
-1.03837890625
-1.11015625
-1.1771484375
-1.26328125
-1.3302734375
-1.41879882813
-1.50971679688
-1.50014648438
-1.50014648438
-1.49296875
-1.53125
-1.4068359375
-1.5599609375
-1.56474609375
-1.55517578125
-1.5216796875
-1.5216796875
-1.4259765625
-1.32548828125
-1.29438476563
-1.29438476563
-1.2154296875
-1.12451171875
-1.0431640625
-1.0431640625
-0.93310546875
-0.86611328125
-0.74169921875
-0.74169921875
-0.55986328125
-0.3923828125
-0.232080078125
-0.232080078125
-0.01435546875
0.1818359375
0.342138671875
0.342138671875
0.504833984375
0.65556640625
1.01684570312
1.16040039062
1.27524414063
1.38291015625
1.51450195313
1.62456054688
1.71069335938
1.79682617188
1.84228515625
1.93798828125
2.18442382813
2.51938476563
2.51938476563
2.79213867188
2.97158203125
3.196484375
3.20126953125
3.50751953125
3.82094726563
4.13676757813
4.40234375
4.70859375
4.70859375
5.0626953125
5.38569335938
5.72065429688
5.69194335938
5.99819335938
6.15849609375
6.29965820313
6.47670898438
6.45517578125
6.60830078125
6.7279296875
6.83798828125
6.89301757813
7.03657226563
7.07485351563
7.04614257813
6.9001953125
6.9001953125
6.73989257813
6.60590820313
6.450390625
6.2685546875
6.21831054688
6.06518554688
5.876171875
5.64887695313
5.28759765625
4.90478515625
4.65834960938
4.70859375
4.40234375
4.06259765625
3.73481445313
3.39028320313
3.09360351563
3.09360351563
2.84956054688
2.61987304688
2.31840820313
1.96909179688
1.96909179688
1.65805664063
1.4068359375
1.22260742188
0.949853515625
0.97138671875
0.66513671875
0.49765625
0.32060546875
0.155517578125
0.016748046875
-0.208154296875
-0.394775390625
-0.394775390625
-0.4880859375
-0.54072265625
-0.56943359375
-0.595751953125
-0.595751953125
-0.657958984375
-0.744091796875
-0.61728515625
-0.77041015625
-0.72734375
-0.667529296875
-0.63642578125
-0.63642578125
-0.6029296875
-0.5646484375
-0.557470703125
-0.605322265625
-0.5072265625
-0.6603515625
-0.67470703125
-0.720166015625
-0.763232421875
-0.763232421875
-0.76083984375
-0.75126953125
-0.708203125
-0.708203125
-0.71298828125
-0.729736328125
-0.724951171875
-0.724951171875
-0.720166015625
-0.715380859375
-0.6890625
-0.629248046875
-0.557470703125
-0.571826171875
-0.294287109375
-0.165087890625
-0.150732421875
-0.035888671875
0.198583984375
0.528759765625
0.638818359375
0.653173828125
0.973779296875
1.1484375
1.26567382813
1.73940429688
1.86142578125
2.08154296875
2.201171875
2.36625976563
2.4212890625
2.47392578125
2.60073242188
2.64379882812
2.6892578125
2.72514648438
2.75864257813
2.79453125
2.8041015625
2.84956054688
2.77299804688
2.9572265625
2.94765625
2.97158203125
3.00029296875
3.02900390625
3.00268554688
2.93090820312
3.0529296875
3.00747070313
2.98115234375
2.91416015625
3.07924804688
3.02421875
3.03618164063
3.12709960938
3.14384765625
3.158203125
3.29936523438
3.38310546875
3.43334960938
3.45727539063
3.48359375
3.7515625
3.71567382813
3.91904296875
3.97646484375
4.03627929688
4.09130859375
4.191796875
4.18461914063
4.09370117188
4.1248046875
4.17744140625
4.268359375
4.26357421875
4.25639648438
4.25161132813
4.24204101563
4.23725585938
4.22529296875
4.27314453125
4.34252929688
