0.019140625
-0.58857421875
-0.844580078125
-1.13647460938
-1.26088867188
-1.33266601563
-1.46186523438
-1.39965820312
-1.33505859375
-1.23696289063
-1.17475585938
-1.10776367188
-1.02880859375
-0.964208984375
-0.92353515625
-0.8708984375
-0.7943359375
-0.73212890625
-0.672314453125
-0.631640625
-0.593359375
-0.131591796875
-0.11005859375
-0.050244140625
0.098095703125
0.126806640625
0.133984375
0.17705078125
0.246435546875
0.28232421875
0.351708984375
0.37802734375
0.42587890625
0.46416015625
0.46416015625
0.509619140625
0.555078125
0.6220703125
0.67470703125
0.7177734375
0.734521484375
0.71298828125
0.71298828125
0.71298828125
0.744091796875
0.7751953125
0.739306640625
0.739306640625
0.68427734375
0.62685546875
0.562255859375
0.49287109375
0.49287109375
0.43544921875
0.389990234375
0.34453125
0.34453125
0.337353515625
0.346923828125
0.346923828125
0.2966796875
0.210546875
0.126806640625
0.126806640625
0.0765625
0.031103515625
-0.102880859375
-0.102880859375
-0.210546875
-0.2583984375
-0.366064453125
-0.366064453125
-0.538330078125
-0.691455078125
-0.80869140625
-0.80869140625
-0.935498046875
-1.06708984375
-1.1771484375
-1.1771484375
-1.31591796875
-1.51450195313
-1.6365234375
-1.6365234375
-1.72983398438
-1.89970703125
-2.05522460938
-2.05522460938
-2.16767578125
-2.28012695313
-2.37583007813
-2.37583007813
-2.44521484375
-2.54809570312
-2.60791015625
-2.60791015625
-2.63662109375
-2.67490234375
-2.698828125
-2.698828125
-2.78974609375
-2.88305664062
-2.89741210938
-2.89741210938
-2.84716796875
-2.7466796875
-2.65336914063
-2.6509765625
-2.6509765625
-2.65336914063
-2.63901367188
-2.603125
-2.53134765625
-2.53134765625
-2.43803710938
-2.392578125
-2.41650390625
-2.39736328125
-2.33994140625
-2.33994140625
-2.2681640625
-2.15092773438
-2.02890625
-2.00258789063
-1.97866210938
-1.8662109375
-1.78725585938
-1.76811523438
-1.74418945313
-1.71547851563
-1.6748046875
-1.59584960938
-1.59584960938
-1.53842773438
-1.52407226563
-1.48579101563
-1.50971679688
-1.34223632813
-1.34223632813
-1.33984375
-1.3302734375
-1.320703125
-1.34223632813
-1.36616210938
-1.36616210938
-1.37333984375
-1.3494140625
-1.32548828125
-1.32548828125
-1.33984375
-1.35419921875
-1.33505859375
-1.33505859375
-1.32309570313
-1.36616210938
-1.39965820312
-1.41162109375
-1.41162109375
-1.46186523438
-1.49296875
-1.49057617188
-1.39965820312
-1.55278320313
-1.60063476563
-1.65805664063
-1.72026367188
-1.7322265625
-1.77768554688
-1.77768554688
-1.79204101563
-1.80400390625
-1.8853515625
-1.95234375
-1.95234375
-1.96430664063
-1.990625
-1.88774414063
-2.04086914063
-2.10307617188
-2.14135742188
-2.13657226563
-2.13657226563
-2.19877929688
-2.27055664063
-2.3255859375
-2.3255859375
-2.38061523438
-2.41411132813
-2.47392578125
-2.545703125
-2.47153320313
-2.62465820313
-2.6892578125
-2.68686523438
-2.70600585938
-2.70600585938
-2.75385742188
-2.76342773438
-2.76342773438
-2.76342773438
-2.75146484375
-2.77778320313
-2.8232421875
-2.8232421875
-2.85673828125
-2.85673828125
-2.87827148438
-2.92612304688
-2.94526367188
-2.95004882813
-2.90698242188
-2.890234375
-2.92133789063
-2.92612304688
-2.90698242188
-2.89741210938
-2.93090820312
-2.94765625
-2.94765625
-2.97397460938
-3.02661132812
-3.06010742188
-3.06010742188
-3.13188476563
-3.21323242188
-3.2443359375
-3.28740234375
-3.3208984375
-3.31611328125
-3.3208984375
-3.3208984375
-3.35200195313
-3.37592773438
-3.41181640625
-3.42856445313
-3.42856445313
-3.4453125
-3.46206054688
-3.44770507813
-3.4548828125
-3.4548828125
-3.4453125
-3.40703125
-3.36875
-3.36157226563
-3.36157226563
-3.33764648438
-3.28500976563
-3.21801757813
-3.3208984375
-3.1677734375
-3.1390625
-3.04096679688
-2.96918945313
-2.96918945313
-2.94287109375
-2.78974609375
-2.75385742188
-2.8423828125
-2.85434570313
-2.85434570313
-2.78974609375
-2.69404296875
-2.61748046875
-2.70361328125
-2.55048828125
-2.53134765625
-2.53134765625
-2.46674804688
-2.41889648438
-2.41889648438
-2.3638671875
-2.31840820313
-2.27534179688
-2.22749023438
-2.17006835938
-2.17006835938
-2.10786132813
-2.02412109375
-1.95473632813
-1.94995117188
-1.94995117188
-1.91166992188
-1.88056640625
-1.856640625
-1.80161132813
-1.80161132813
-1.76572265625
-1.741796875
-1.7513671875
-1.7513671875
-1.7513671875
-1.741796875
-1.75615234375
-1.74418945313
-1.71787109375
-1.72265625
-1.72265625
-1.71547851563
-1.68916015625
-1.72983398438
-1.72983398438
-1.75615234375
-1.76333007813
-1.80161132813
-1.80161132813
-1.82553710938
-1.83510742188
-1.85424804688
-1.88056640625
-1.88056640625
-1.90209960938
-1.92602539063
-1.933203125
-1.933203125
-1.94995117188
-1.93081054688
-1.89731445313
-1.89731445313
-1.89731445313
-1.8662109375
-1.84946289063
-1.84946289063
-1.81118164063
-1.7322265625
-1.70830078125
-1.70830078125
-1.68676757813
-1.62934570313
-1.58627929688
-1.58627929688
-1.5982421875
-1.58388671875
-1.54799804688
-1.54799804688
-1.56953125
-1.5982421875
-1.63891601563
-1.63891601563
-1.6556640625
-1.67719726563
-1.58388671875
-1.73701171875
-1.8087890625
-1.856640625
-1.91884765625
-1.91884765625
-2.02651367188
-2.15092773438
-2.28012695313
-2.28012695313
-2.41411132813
-2.5935546875
-2.50502929688
-2.81127929688
-3.01225585938
-3.18452148438
-3.17734375
-3.33046875
-3.46923828125
-3.60083007813
-3.5697265625
-3.7228515625
-3.8376953125
-3.96450195313
-3.95493164063
-4.10805664063
-4.2205078125
-4.3544921875
-4.32099609375
-4.47412109375
-4.5458984375
-4.62724609375
-4.72534179688
-4.72534179688
-4.80190429688
-4.88564453125
-4.82583007813
-4.97895507813
-5.07705078125
-5.19907226563
-5.19907226563
-5.30913085938
-5.416796875
-5.5412109375
-5.66083984375
-5.66083984375
-5.7517578125
-5.83549804688
-5.91684570313
-5.91684570313
-6.01733398438
-6.11782226563
-6.06518554688
-6.21831054688
-6.34033203125
-6.3833984375
-6.39775390625
-6.39775390625
-6.42885742188
-6.45756835938
-6.46235351563
-6.46235351563
-6.4025390625
-6.3451171875
-6.31401367188
-6.31401367188
-6.3068359375
-6.25659179688
-6.16328125
-6.16328125
-6.10107421875
-6.0197265625
-6.067578125
-5.914453125
-5.85224609375
-5.79482421875
-5.81635742188
-5.66323242188
-5.55317382813
-5.4837890625
-5.50771484375
-5.35458984375
-5.22778320312
-5.12250976563
-5.1583984375
-5.0052734375
-4.92392578125
-4.84497070312
-4.76840820313
-4.84497070312
-4.69184570313
-4.61528320313
-4.51958007813
-4.47651367188
-4.47651367188
-4.4884765625
-4.40712890625
-4.30903320313
-4.30903320313
-4.27314453125
-4.24204101563
-4.18940429688
-4.18940429688
-4.13916015625
-4.10327148438
-4.08413085938
-4.08413085938
-4.04106445313
-3.95732421875
-3.88793945313
-3.88793945313
-3.86879882813
-3.8568359375
-3.847265625
-3.847265625
-3.83530273438
-3.81137695313
-3.77548828125
-3.77548828125
-3.73959960938
-3.76352539063
-3.75395507813
-3.75395507813
-3.7037109375
-3.69653320313
-3.67978515625
-3.67978515625
-3.64150390625
-3.6080078125
-3.61997070313
-3.61997070313
-3.59604492188
-3.55537109375
-3.52426757813
-3.52426757813
-3.502734375
-3.521875
-3.39267578125
-3.54580078125
-3.55297851563
-3.5505859375
-3.61279296875
-3.61279296875
-3.66064453125
-3.65107421875
-3.65346679688
-3.65346679688
-3.6654296875
-3.74438476563
-3.71567382813
-3.86879882813
-3.95014648438
-3.95493164063
-3.92861328125
-3.92861328125
-3.9908203125
-4.10327148438
-4.0578125
-4.2109375
