0.4498046875
0.528759765625
0.485693359375
0.401953125
0.198583984375
0.0669921875
-0.007177734375
-0.236865234375
-0.42109375
-0.58857421875
-0.63642578125
-0.806298828125
-1.071875
-1.1388671875
-1.3111328125
-1.43793945313
-1.43315429688
-1.51928710938
-1.57431640625
-1.588671875
-1.61020507813
-1.67719726563
-1.78486328125
-1.83510742188
-1.94516601563
-2.00737304688
-2.04326171875
-2.11025390625
-2.16049804688
-2.24184570313
-2.28251953125
-2.33515625
-2.32319335938
-2.33994140625
-2.27534179688
-2.24663085938
-2.16049804688
-2.124609375
-2.048046875
-1.818359375
-1.83510742188
-1.63173828125
-1.4546875
-1.33745117188
-1.10297851563
-0.95224609375
-0.899609375
-0.763232421875
-0.71298828125
-0.49765625
-0.543115234375
-0.265576171875
-0.217724609375
-0.08134765625
-0.021533203125
0.01435546875
0.078955078125
0.11962890625
0.098095703125
0.098095703125
0.059814453125
0.0
0.026318359375
0.03828125
-0.03828125
-0.055029296875
-0.016748046875
-0.026318359375
-0.136376953125
-0.160302734375
-0.24404296875
-0.299072265625
-0.404345703125
-0.47373046875
-0.461767578125
-0.67470703125
-0.631640625
-0.882861328125
-0.945068359375
-0.98095703125
-1.014453125
-1.2154296875
-1.28959960938
-1.26328125
-1.27045898438
-1.35180664062
-1.37333984375
-1.40922851563
-1.37094726563
-1.33745117188
-1.26567382813
-1.16518554688
-1.14125976563
-1.16040039062
-1.10297851563
-1.06708984375
-0.968994140625
-0.930712890625
-0.8421875
-0.861328125
-0.768017578125
-0.581396484375
-0.49765625
-0.284716796875
-0.265576171875
-0.27275390625
-0.045458984375
-0.057421875
-0.059814453125
-0.050244140625
0.0287109375
0.040673828125
-0.035888671875
0.02392578125
0.19140625
0.2009765625
0.19140625
0.24404296875
0.313427734375
0.232080078125
0.279931640625
0.251220703125
0.256005859375
0.251220703125
0.24404296875
0.232080078125
0.26796875
0.2583984375
0.30146484375
0.34931640625
0.399560546875
0.55029296875
0.586181640625
0.669921875
0.7177734375
0.758447265625
0.87568359375
0.95703125
1.0240234375
1.06948242188
1.13408203125
1.33266601563
1.50493164063
1.58627929688
1.64609375
1.72026367188
1.79204101563
1.933203125
2.0001953125
2.07436523438
2.11982421875
2.21313476562
2.23706054688
2.239453125
2.31123046875
2.3830078125
2.47392578125
2.53134765625
2.57680664063
2.6318359375
2.622265625
2.81606445313
2.83041992188
2.78974609375
2.76103515625
2.7849609375
2.78256835938
2.74907226563
2.7083984375
2.75385742188
2.5265625
2.5361328125
2.29448242188
2.2873046875
2.01455078125
1.8662109375
1.74897460938
1.69633789063
1.5408203125
1.50014648438
1.39487304688
1.378125
1.47143554688
1.47143554688
1.40205078125
1.58627929688
1.665234375
1.80161132813
1.90209960938
1.9427734375
1.95712890625
1.95473632813
1.91884765625
1.894921875
2.07915039063
1.95952148438
2.05043945313
2.12939453125
2.23466796875
2.21552734375
2.354296875
2.45717773438
2.50502929688
2.57919921875
2.603125
2.72275390625
2.75385742188
2.77778320313
2.82802734375
2.88784179688
2.88544921875
2.9380859375
2.95961914063
2.93330078125
3.1390625
3.16298828125
3.14624023438
3.19169921875
3.2060546875
3.28022460938
3.45009765625
3.49555664063
3.50751953125
3.42138671875
3.3208984375
3.16059570313
3.1294921875
3.15581054688
2.909375
2.86630859375
2.86630859375
2.8328125
2.698828125
2.69165039062
2.545703125
2.52177734375
2.59116210938
2.469140625
2.26577148438
2.0767578125
2.10786132813
1.96430664063
1.77529296875
1.56474609375
1.54799804688
1.435546875
1.38530273438
1.3494140625
1.0623046875
1.03359375
0.763232421875
0.681884765625
0.46416015625
0.34453125
0.189013671875
0.098095703125
0.002392578125
-0.153125
-0.17705078125
-0.246435546875
-0.35888671875
-0.38759765625
-0.4880859375
-0.52158203125
-0.576611328125
-0.555078125
-0.447412109375
-0.40673828125
-0.346923828125
-0.346923828125
-0.366064453125
-0.437841796875
-0.60771484375
-0.610107421875
-0.634033203125
-0.724951171875
-0.782373046875
-0.861328125
-0.9474609375
-1.04077148438
-1.05512695313
-1.052734375
-1.06708984375
-1.07905273438
-1.071875
-1.07666015625
-1.03837890625
-1.01923828125
-1.0048828125
-0.9666015625
-0.88046875
-0.8517578125
-0.80869140625
-0.7943359375
-0.744091796875
-0.76083984375
-0.7369140625
-0.758447265625
-0.715380859375
-0.7369140625
-0.815869140625
-0.90439453125
-0.9474609375
-0.93310546875
-0.97138671875
-1.17236328125
-1.19868164063
-1.20107421875
-1.3302734375
-1.3685546875
-1.43793945313
-1.46904296875
-1.5599609375
-1.54560546875
-1.53125
-1.51928710938
-1.38291015625
-1.5599609375
-1.49296875
-1.50732421875
-1.5216796875
-1.44750976562
-1.37094726563
-1.32548828125
-1.29438476563
-1.14365234375
-1.129296875
-1.09340820313
-1.03598632813
-1.02163085938
-1.10537109375
-1.10297851563
-1.07905273438
-1.1005859375
-1.08383789063
-1.11015625
-1.28481445313
-1.32548828125
-1.25131835938
-1.22739257813
-1.22021484375
-1.16279296875
-1.18432617188
-1.17475585938
-1.09819335938
-1.29677734375
-1.24892578125
-1.53125
-1.62456054688
-1.96669921875
-2.15810546875
-2.26337890625
-2.29926757813
-2.3830078125
-2.39736328125
-2.40932617188
-2.430859375
-2.46674804688
-2.46435546875
-2.59833984375
-2.65336914063
-2.73471679688
-2.62465820313
-2.813671875
-2.87587890625
-2.8998046875
-3.02421875
-3.12231445313
-3.12470703125
-3.081640625
-2.92133789063
-2.82084960938
-2.74907226563
-2.56245117188
-2.3734375
-2.17963867188
-1.99780273438
-1.86860351563
-1.8375
-1.62934570313
-1.60541992188
-1.68676757813
-1.82075195313
-2.03369140625
-2.10786132813
-2.20356445313
-2.39736328125
-2.55288085938
-2.73471679688
-2.7849609375
-2.88784179688
-3.03857421875
-3.158203125
-3.24194335938
-3.426171875
-3.47880859375
-3.39506835938
-3.5697265625
-3.74677734375
-3.83051757813
-3.87119140625
-3.86640625
-3.81137695313
-3.7037109375
-3.96928710938
-3.98603515625
-4.23725585938
-4.40952148438
-4.5458984375
-4.651171875
-4.79711914062
-4.77319335938
-5.04594726563
-5.19428710938
-5.17036132813
-5.0818359375
-4.74926757812
-4.54111328125
-4.29228515625
-4.12001953125
-3.90229492188
-3.71806640625
-3.53862304688
-3.32807617188
-2.86391601563
-2.69643554688
-2.19638671875
-1.85424804688
-1.37094726563
-1.01923828125
-0.442626953125
-0.007177734375
0.375634765625
0.801513671875
1.22260742188
1.39008789063
1.51450195313
1.46904296875
1.4068359375
1.23217773438
1.11015625
0.93310546875
0.796728515625
0.485693359375
0.24404296875
-0.117236328125
-0.45458984375
-0.892431640625
-0.997705078125
-1.24653320313
-1.22978515625
-1.37333984375
-1.28959960938
-1.129296875
-0.887646484375
-0.4306640625
-0.050244140625
0.150732421875
0.189013671875
0.447412109375
0.7177734375
1.04555664063
1.225
1.47622070313
1.41640625
1.85903320313
2.09111328125
2.35190429688
2.59833984375
2.79692382813
2.88305664062
2.95483398438
2.98115234375
2.9189453125
3.06728515625
3.05771484375
3.12231445313
3.00268554688
3.02421875
3.00986328125
3.043359375
3.16298828125
3.1869140625
3.31611328125
3.39028320313
3.42377929688
3.3974609375
3.44291992188
3.464453125
3.49794921875
3.56015625
3.66303710938
3.78984375
3.85444335938
3.9333984375
4.04584960938
4.01235351563
4.3927734375
4.5076171875
4.67270507813
