1.818359375
1.78486328125
1.80161132813
1.79682617188
1.7322265625
1.66284179688
1.4068359375
1.27763671875
0.983349609375
0.835009765625
0.66513671875
0.346923828125
0.174658203125
-0.112451171875
-0.3349609375
-0.44501953125
-0.528759765625
-0.74169921875
-0.796728515625
-0.820654296875
-0.823046875
-0.858935546875
-0.765625
-0.77998046875
-0.777587890625
-0.6412109375
-0.772802734375
-0.835009765625
-0.997705078125
-1.19150390625
-1.28481445313
-1.48818359375
-1.58149414063
-1.62934570313
-1.88056640625
-1.88056640625
-2.04565429688
-2.11264648438
-2.0958984375
-2.0767578125
-2.03129882813
-1.98823242188
-2.01455078125
-2.0001953125
-1.9140625
-1.96430664063
-1.94516601563
-1.90688476563
-1.86381835938
-1.72744140625
-1.72265625
-1.67241210938
-1.6173828125
-1.4546875
-1.43315429688
-1.49536132812
-1.26328125
-1.23217773438
-1.21064453125
-1.1771484375
-1.21782226563
-1.06948242188
-0.992919921875
-0.782373046875
-0.6986328125
-0.691455078125
-0.619677734375
-0.60771484375
-0.746484375
-0.701025390625
-0.82783203125
-0.873291015625
-0.830224609375
-1.04077148438
-1.11254882812
-1.19868164063
-1.33505859375
-1.37573242188
-1.37573242188
-1.41401367188
-1.4546875
-1.473828125
-1.43076171875
-1.63891601563
-1.64848632813
-1.67001953125
-1.703515625
-1.7705078125
-1.77768554688
-1.7705078125
-1.75854492188
-1.59584960938
-1.4833984375
-1.39487304688
-1.18193359375
-0.96181640625
-0.77041015625
-0.552685546875
-0.279931640625
-0.01435546875
0.193798828125
0.342138671875
0.657958984375
0.8517578125
0.976171875
0.892431640625
1.03837890625
0.77998046875
0.84697265625
0.8708984375
0.84697265625
0.854150390625
0.954638671875
1.1005859375
1.09819335938
1.14365234375
1.37094726563
1.52646484375
1.66044921875
1.92602539063
2.01455078125
2.04086914063
2.2490234375
2.18681640625
2.5935546875
2.5361328125
2.57680664063
2.737109375
2.62465820313
2.58876953125
2.44521484375
2.4404296875
2.47392578125
2.48110351563
2.49545898438
2.46196289063
2.45478515625
2.58637695313
2.39975585938
2.34233398438
2.30166015625
2.23466796875
2.28251953125
2.12700195313
1.97866210938
1.84228515625
1.79682617188
1.63413085938
1.6556640625
1.46186523438
1.40205078125
1.27763671875
1.17236328125
1.0814453125
1.20825195312
0.815869140625
0.777587890625
0.772802734375
0.71298828125
0.734521484375
0.681884765625
0.586181640625
0.543115234375
0.576611328125
0.466552734375
0.452197265625
0.404345703125
0.22490234375
0.2392578125
0.2966796875
0.09091796875
0.0478515625
0.00478515625
-0.1052734375
-0.12919921875
-0.256005859375
-0.404345703125
-0.734521484375
-1.06948242188
-1.16040039062
-1.52407226563
-1.665234375
-1.80161132813
-1.83989257813
-1.9236328125
-2.0671875
-2.2298828125
-2.42368164063
-3.09838867188
-3.3017578125
-3.5505859375
-3.63911132813
-3.617578125
-3.58408203125
-3.56015625
-3.5888671875
-3.58168945313
-3.6271484375
-3.78505859375
-3.69892578125
-3.55297851563
-3.46923828125
-3.53623046875
-3.25390625
-3.36635742188
-3.49077148438
-3.53862304688
-3.63432617188
-3.7802734375
-3.7994140625
-3.6845703125
-3.65107421875
-3.53862304688
-3.50512695313
-3.15341796875
-3.03857421875
-2.64140625
-2.4595703125
-2.16049804688
-1.97387695313
-1.80639648438
-1.63891601563
-1.31591796875
-1.1962890625
-0.9474609375
-0.902001953125
-0.784765625
-0.69384765625
-0.61728515625
-0.500048828125
-0.45458984375
-0.3158203125
-0.284716796875
-0.284716796875
-0.248828125
-0.19619140625
-0.21533203125
-0.337353515625
-0.34453125
-0.39716796875
-0.41630859375
-0.26796875
-0.25361328125
-0.17705078125
-0.160302734375
-0.155517578125
-0.050244140625
-0.03349609375
-0.083740234375
-0.107666015625
-0.212939453125
-0.2775390625
-0.428271484375
-0.5263671875
-0.586181640625
-0.629248046875
-0.710595703125
-0.839794921875
-0.8708984375
-1.05512695313
-1.22021484375
-1.36137695313
-1.44033203125
-1.40205078125
-1.39487304688
-1.40205078125
-1.48818359375
-1.54560546875
-1.58149414063
-1.588671875
-1.6365234375
-1.684375
-1.7609375
-1.74897460938
-1.7513671875
-1.73940429688
-1.81118164063
-1.62216796875
-1.61259765625
-1.37573242188
-1.28720703125
-1.09819335938
-1.0048828125
-0.82783203125
-0.6794921875
-0.399560546875
-0.2009765625
-0.04306640625
0.179443359375
0.27275390625
0.40673828125
0.624462890625
0.744091796875
0.988134765625
1.12211914063
1.2345703125
1.30395507812
1.28959960938
1.52646484375
1.665234375
1.83989257813
1.86142578125
1.990625
1.99301757813
2.16767578125
2.17724609375
2.39018554688
2.48588867188
2.4787109375
2.54331054688
2.55288085938
2.61030273438
2.63422851563
2.61987304688
2.75385742188
2.5552734375
2.545703125
2.50502929688
2.49306640625
2.51938476563
2.4978515625
2.49306640625
2.49306640625
2.44521484375
2.43803710938
2.42846679688
2.41650390625
2.38779296875
2.32319335938
2.21791992188
2.201171875
2.21313476562
2.14853515625
2.10307617188
2.02651367188
1.97866210938
1.90927734375
1.87338867188
1.86142578125
1.818359375
1.78725585938
1.76333007813
1.7322265625
1.76811523438
1.80400390625
1.84467773438
1.89252929688
1.94038085938
2.00258789063
2.2203125
2.296875
2.40932617188
2.69165039062
2.78974609375
3.05771484375
3.18212890625
3.46206054688
3.68217773438
3.8185546875
4.02192382813
4.28510742188
4.39995117188
4.59614257813
4.69184570313
4.8904296875
4.91674804688
4.90478515625
4.93588867188
4.92153320313
5.18471679688
5.23017578125
5.46225585938
5.53881835938
5.65366210938
5.69194335938
5.76850585938
5.80678710938
5.88813476563
5.95034179688
6.08671875
6.04604492188
5.83071289063
5.9240234375
5.84506835938
5.75415039062
5.73979492188
5.70151367188
5.66083984375
5.63930664063
5.569921875
5.6369140625
5.55556640625
5.47182617188
5.48139648438
5.49814453125
5.42875976563
5.43833007813
5.40961914063
5.49096679688
5.30434570313
5.25649414063
5.17993164062
5.11533203125
5.03159179688
4.98134765625
4.766015625
4.67270507813
4.43823242188
4.32578125
4.01713867188
3.923828125
3.6462890625
3.31372070313
3.12709960938
2.77060546875
2.56484375
2.24423828125
2.03129882813
1.90688476563
1.7513671875
1.70112304688
1.56713867188
1.18432617188
1.18432617188
1.167578125
1.09340820313
1.21782226563
1.24653320313
1.33745117188
1.17475585938
1.225
1.22739257813
1.36376953125
1.665234375
1.7609375
2.0193359375
2.27534179688
2.39736328125
2.67729492188
2.70600585938
2.83999023438
3.0625
3.15341796875
3.2060546875
3.1390625
3.08881835938
3.17495117188
3.11513671875
3.09360351563
3.09838867188
3.10317382813
3.05532226563
2.98115234375
3.06489257813
3.01225585938
2.90219726563
2.88784179688
2.7275390625
2.50502929688
2.29208984375
2.124609375
2.10786132813
1.89013671875
1.69873046875
1.61020507813
1.4259765625
1.33745117188
1.30395507812
1.22739257813
1.05034179688
1.0240234375
0.763232421875
0.65556640625
0.64599609375
0.5263671875
0.46416015625
0.428271484375
0.313427734375
0.19140625
0.102880859375
-0.0287109375
-0.04306640625
-0.17705078125
-0.2392578125
-0.27275390625
-0.394775390625
-0.401953125
-0.533544921875
-0.5072265625
-0.562255859375
-0.593359375
-0.619677734375
-0.746484375
-0.62685546875
-0.576611328125
-0.466552734375
-0.447412109375
-0.495263671875
-0.51201171875
-0.605322265625
