5.34262695313
5.35698242188
5.43833007813
5.42158203125
5.49096679688
5.29716796875
5.25649414063
5.29477539063
5.2828125
5.32587890625
5.3115234375
5.25888671875
5.26606445313
5.2349609375
5.22299804688
5.24692382813
5.23974609375
5.27563476562
5.22060546875
5.37373046875
5.35458984375
5.3689453125
5.32587890625
5.21821289063
5.40244140625
5.32827148438
5.24453125
5.17036132813
5.1296875
5.09619140625
5.03159179688
5.05791015625
5.05791015625
4.78515625
4.85693359375
4.94545898438
4.80190429688
4.68227539063
4.95263671875
4.94067382812
4.74448242188
4.74208984375
4.81865234375
4.75883789063
4.65834960938
4.4119140625
4.40473632813
4.30424804688
4.22290039062
4.08173828125
4.05302734375
3.99321289063
3.80180664063
3.75634765625
3.78505859375
3.51948242188
3.426171875
3.14145507813
3.0720703125
2.9572265625
2.85673828125
2.87348632813
2.77060546875
2.79453125
2.74907226563
2.7466796875
2.72514648438
2.660546875
2.52895507813
2.36147460938
2.04565429688
1.87338867188
1.47622070313
1.2345703125
1.08383789063
0.753662109375
0.724951171875
0.4689453125
0.442626953125
0.1244140625
-0.11962890625
-0.332568359375
-0.519189453125
-0.7751953125
-1.16997070313
-1.29916992188
-1.378125
-1.49775390625
-1.60063476563
-1.67241210938
-1.79921875
-1.8470703125
-2.0767578125
-2.16528320312
-2.2203125
-2.2203125
-2.27294921875
-2.2107421875
-2.26337890625
-2.07915039063
-2.09829101563
-2.08393554688
-2.354296875
-2.354296875
-2.507421875
-2.73471679688
-2.99072265625
-3.3017578125
-3.50991210938
-3.808984375
-3.93818359375
-4.22529296875
-4.28271484375
-4.4119140625
-4.47412109375
-4.5841796875
-4.7181640625
-4.79233398438
-4.86411132813
-5.03159179688
-4.8904296875
-4.95981445313
-4.98374023438
-4.95263671875
-4.95263671875
-4.87368164063
-4.63681640625
-4.5267578125
-4.29228515625
-4.18461914063
-3.962109375
-3.81137695313
-3.45966796875
-3.19887695313
-2.97397460938
-2.64858398438
-2.57919921875
-2.35668945312
-2.11264648438
-1.90688476563
-1.85424804688
-1.83032226563
-1.55517578125
-1.49057617188
-1.4833984375
-1.45229492188
-1.44990234375
-1.3876953125
-1.60302734375
-1.59106445313
-1.51450195313
-1.48579101563
-1.41640625
-1.4068359375
-1.44990234375
-1.45708007813
-1.63413085938
-1.76811523438
-1.87817382813
-2.13896484375
-2.23227539063
-2.3064453125
-2.36625976563
-2.38779296875
-2.41171875
-2.42368164063
-2.15092773438
-2.1150390625
-1.83510742188
-1.7513671875
-1.57192382813
-1.4546875
-1.31831054688
-1.30874023438
-1.26088867188
-1.27524414063
-1.27763671875
-1.30874023438
-1.30634765625
-1.358984375
-1.4546875
-1.4068359375
-1.63891601563
-1.74658203125
-1.88295898438
-1.99780273438
-2.09350585938
-2.13657226563
-2.22509765625
-2.27055664063
-2.392578125
-2.29926757813
-2.5744140625
-2.62705078125
-2.89741210938
-3.043359375
-3.01943359375
-2.94765625
-3.22041015625
-3.42377929688
-3.36875
-2.99790039063
-2.73471679688
-2.25141601563
-2.02172851562
-1.52885742188
-1.33984375
-1.50493164063
-1.57192382813
-1.64370117188
-1.80161132813
-2.06958007812
-2.48588867188
-2.8232421875
-3.19409179688
-3.19409179688
-3.05053710938
-2.54331054688
-2.29208984375
-1.70112304688
-1.64370117188
-1.34223632813
-1.34223632813
-1.23217773438
-1.11733398438
-1.03359375
-0.98095703125
-0.9857421875
-1.08623046875
-1.08383789063
-1.11254882812
-1.30395507812
-1.32788085938
-1.49296875
-1.61499023438
-1.69155273438
-1.94995117188
-1.9427734375
-2.07197265625
-2.04326171875
-1.96909179688
-1.84228515625
-1.57431640625
-1.50014648438
-1.34462890625
-1.052734375
-0.629248046875
-0.581396484375
-0.5072265625
-0.4498046875
-0.3158203125
-0.251220703125
-0.069384765625
-0.031103515625
0.0765625
0.026318359375
0.265576171875
0.45458984375
0.50244140625
0.466552734375
0.70341796875
0.772802734375
0.916357421875
0.83740234375
0.811083984375
0.892431640625
0.916357421875
1.04077148438
1.18671875
1.28002929688
1.512109375
1.67241210938
1.81357421875
1.93081054688
2.09829101563
2.15092773438
2.29926757813
2.36625976563
2.41650390625
2.47153320313
2.49306640625
2.47631835938
2.48349609375
2.6892578125
2.6701171875
2.59116210938
2.737109375
2.54809570312
2.46674804688
2.4212890625
2.21791992188
2.12221679688
1.99780273438
1.89970703125
1.7130859375
1.67241210938
1.72026367188
1.70112304688
1.91645507813
1.8470703125
1.76811523438
1.7513671875
1.7513671875
1.74418945313
1.76811523438
2.04086914063
2.239453125
2.64140625
2.7658203125
2.97158203125
2.93090820312
2.87587890625
2.8232421875
2.88784179688
2.66772460938
2.74428710938
2.545703125
2.51220703125
2.49306640625
2.43325195313
2.36625976563
2.32797851563
2.33515625
2.4212890625
2.45717773438
2.47631835938
2.7466796875
2.84477539063
2.9955078125
2.95244140625
2.9955078125
3.13666992188
3.18452148438
3.34721679688
3.3783203125
3.59604492188
3.59365234375
3.57690429688
3.41420898438
3.3974609375
3.4357421875
3.48120117188
3.3591796875
3.26108398438
3.01943359375
2.851953125
3.03618164063
2.83041992188
2.61030273438
2.430859375
2.18681640625
2.06240234375
1.95712890625
1.69873046875
1.44033203125
1.34462890625
1.07905273438
1.00009765625
0.75126953125
0.61728515625
0.547900390625
0.581396484375
0.631640625
0.744091796875
0.906787109375
0.97138671875
1.16279296875
1.01684570312
1.16518554688
1.16040039062
1.05034179688
1.07426757813
1.02880859375
0.978564453125
0.863720703125
0.861328125
0.57900390625
0.461767578125
0.39716796875
0.165087890625
0.133984375
-0.1052734375
-0.442626953125
-0.555078125
-0.62685546875
-1.0240234375
-1.31831054688
-1.66762695313
-1.94516601563
-2.10068359375
-2.24423828125
-2.53374023438
-2.96201171875
-3.23955078125
-3.52905273438
-3.70131835938
-3.96689453125
-4.09609375
-4.26596679688
-4.36884765625
-4.36166992188
-4.23247070313
-4.27314453125
-4.076953125
-4.03627929688
-4.10087890625
-4.12241210938
-4.09130859375
-4.2875
-4.32817382813
-4.55068359375
-4.75405273438
-4.766015625
-4.95263671875
-5.34741210938
-5.8283203125
-6.35229492188
-6.66572265625
-6.59155273438
-6.31401367188
-5.95751953125
-5.25649414063
-5.1296875
-4.76840820313
-4.59135742188
-4.19897460938
-4.2587890625
-4.30903320313
-4.21333007813
-4.16547851563
-4.14873046875
-4.67270507813
-5.1775390625
-5.43115234375
-5.68237304688
-5.89052734375
-5.73979492188
-5.38569335938
-4.85693359375
-4.24204101563
-3.81616210938
-3.78984375
-3.41899414063
-3.1294921875
-3.01225585938
-2.84956054688
-2.55048828125
-2.583984375
-2.0001953125
-1.78486328125
-1.55517578125
-1.43793945313
-1.15322265625
-0.854150390625
-0.43544921875
0.074169921875
0.40673828125
0.78955078125
1.12690429688
1.27045898438
1.64848632813
2.06000976563
2.49067382813
2.86391601563
3.45727539063
3.8568359375
4.3736328125
4.82104492188
5.09619140625
5.40244140625
5.48139648438
5.34262695313
5.35698242188
5.10576171875
4.99331054688
4.842578125
4.6033203125
4.34731445313
4.17983398438
3.94775390625
3.7037109375
3.67260742188
3.34482421875
3.16538085938
2.79931640625
2.72993164063
2.61508789063
2.698828125
2.81606445313
2.775390625
2.86391601563
2.89262695313
2.8998046875
2.77778320313
2.97158203125
2.97397460938
3.09838867188
3.17734375
3.36157226563
3.54340820313
