-2.84716796875
-2.966796875
-3.03857421875
-3.06010742188
-3.06728515625
-3.34721679688
-3.53862304688
-3.63671875
-3.86640625
-3.91665039063
-4.12719726562
-4.17026367188
-4.268359375
-4.40234375
-4.66313476563
-4.93588867188
-5.05551757813
-5.2349609375
-5.49096679688
-5.60581054688
-5.73979492188
-5.84028320313
-5.85224609375
-5.971875
-6.01015625
-6.03408203125
-5.94555664062
-5.86420898438
-5.69672851563
-5.6560546875
-5.39765625
-5.2541015625
-5.06987304688
-4.96459960938
-4.73491210938
-4.65834960938
-4.4310546875
-4.29467773438
-4.15112304688
-4.06020507813
-3.91904296875
-3.84965820313
-3.83291015625
-3.78266601563
-3.82094726563
-3.84248046875
-3.95014648438
-3.96928710938
-4.0865234375
-4.16069335938
-4.2779296875
-4.37124023438
-4.5650390625
-4.59375
-4.76123046875
-4.86171875
-5.16079101563
-5.36176757813
-5.455078125
-5.59145507813
-5.684765625
-5.79482421875
-5.75893554688
-5.77807617188
-5.684765625
-5.62973632813
-5.4837890625
-5.39047851563
-5.1296875
-4.93349609375
-5.033984375
-4.93828125
-4.6607421875
-4.4501953125
-4.32578125
-4.25400390625
-4.038671875
-3.89990234375
-3.8568359375
-3.69174804688
-3.579296875
-3.28022460938
-3.09838867188
-2.99311523438
-2.8998046875
-2.660546875
-2.36625976563
-2.28491210938
-2.02412109375
-1.94516601563
-1.63891601563
-1.282421875
-1.1484375
-0.96181640625
-0.873291015625
-0.6986328125
-0.758447265625
-0.571826171875
-0.5837890625
-0.581396484375
-0.619677734375
-0.701025390625
-0.748876953125
-0.782373046875
-0.7751953125
-1.03120117188
-1.29677734375
-1.23217773438
-1.3302734375
-1.5982421875
-1.73701171875
-1.89970703125
-2.13178710938
-2.25380859375
-2.44760742188
-2.55766601563
-2.73950195312
-2.79213867188
-2.9380859375
-2.99311523438
-3.05053710938
-3.14384765625
-3.1486328125
-3.17495117188
-3.17495117188
-3.13427734375
-3.10795898438
-3.07924804688
-3.06489257813
-3.01225585938
-2.9572265625
-2.88305664062
-2.851953125
-2.86870117188
-2.67729492188
-2.622265625
-2.61030273438
-2.583984375
-2.39018554688
-2.3830078125
-2.14853515625
-2.14853515625
-2.07436523438
-1.97866210938
-1.90927734375
-1.67241210938
-1.61259765625
-1.35659179688
-1.30874023438
-1.02163085938
-0.892431640625
-0.600537109375
-0.44501953125
-0.2392578125
-0.13876953125
0.122021484375
0.1435546875
0.002392578125
0.208154296875
0.413916015625
0.480908203125
0.538330078125
0.81826171875
0.868505859375
0.861328125
0.8900390625
0.99052734375
1.03598632813
1.20107421875
1.26806640625
1.27763671875
1.33266601563
1.37094726563
1.37094726563
1.27045898438
1.44990234375
1.41879882813
1.49296875
1.5216796875
1.52885742188
1.59106445313
1.57431640625
1.64130859375
1.665234375
1.64848632813
1.62216796875
1.588671875
1.5599609375
1.48579101563
1.46904296875
1.46186523438
1.43793945313
1.41640625
1.378125
1.23935546875
1.37094726563
1.31831054688
1.34223632813
1.38291015625
1.41879882813
1.46186523438
1.38530273438
1.54321289063
1.65087890625
1.69155273438
1.7130859375
1.74418945313
1.8279296875
1.89731445313
1.94755859375
2.0576171875
2.11264648438
2.19399414063
2.19399414063
2.24184570313
2.28251953125
2.55048828125
2.72514648438
2.76821289063
3.00268554688
3.30893554688
3.36875
3.50751953125
3.5984375
3.84248046875
4.02431640625
4.28989257813
4.47172851563
4.68706054688
4.68466796875
4.65595703125
4.63442382813
4.51240234375
4.47172851563
4.65834960938
4.78276367188
4.78754882813
5.05073242188
4.99809570313
4.82822265625
4.48129882813
4.32338867188
4.191796875
4.0865234375
3.91665039063
3.89750976563
3.76831054688
3.63671875
3.38071289063
3.21323242188
3.02900390625
2.69404296875
2.4787109375
2.31362304688
2.21552734375
1.85903320313
1.62934570313
1.18911132813
0.935498046875
0.77998046875
0.691455078125
0.724951171875
0.777587890625
0.830224609375
1.06708984375
0.9953125
1.0240234375
1.02163085938
1.05034179688
0.868505859375
0.887646484375
0.65556640625
0.66513671875
0.60771484375
0.590966796875
0.34453125
0.236865234375
0.088525390625
0.0287109375
-0.13876953125
-0.33017578125
-0.33017578125
-0.552685546875
-0.5072265625
-0.67470703125
-0.71298828125
-0.6890625
-0.746484375
-0.77998046875
-0.629248046875
-0.820654296875
-0.868505859375
-0.861328125
-0.959423828125
-0.830224609375
-1.08383789063
-1.1388671875
-1.1197265625
-1.39965820312
-1.53842773438
-1.56713867188
-1.71069335938
-1.94516601563
-2.162890625
-2.53134765625
-2.6796875
-3.05053710938
-3.33764648438
-3.56015625
-3.68696289063
-3.80659179688
-3.92143554688
-3.95971679688
-4.09848632813
-4.34013671875
-4.3353515625
-4.38798828125
-4.31142578125
-4.42866210938
-4.32338867188
-4.3162109375
-4.24443359375
-4.09130859375
-4.01713867188
-4.0482421875
-3.89272460938
-3.847265625
-3.67739257813
-3.64389648438
-3.55776367188
-3.47880859375
-3.59365234375
-3.6654296875
-3.7037109375
-3.54819335938
-3.69174804688
-3.72045898438
-3.68696289063
-3.79702148438
-3.81616210938
-3.76831054688
-3.847265625
-3.89272460938
-4.2587890625
-4.49326171875
-4.7947265625
-4.95981445313
-5.22060546875
-5.33305664063
-5.46225585938
-5.5794921875
-5.52446289063
-5.78764648438
-5.914453125
-6.04604492188
-6.06279296875
-5.92163085938
-5.9431640625
-5.60102539063
-5.44790039063
-5.21821289063
-5.1201171875
-5.20385742188
-4.95263671875
-4.880859375
-4.62963867188
-4.42387695313
-4.25161132813
-4.16787109375
-4.24204101563
-4.24682617188
-4.2779296875
-4.3736328125
-4.34013671875
-4.55068359375
-4.68466796875
-4.67509765625
-4.62963867188
-4.68466796875
-4.49565429688
-4.2875
-4.05302734375
-3.58408203125
-3.28740234375
-2.82563476563
-2.58159179688
-2.048046875
-1.59106445313
-1.22021484375
-1.10297851563
-1.05034179688
-0.729736328125
-0.595751953125
-0.174658203125
0.01435546875
0.33974609375
0.39716796875
0.73212890625
0.830224609375
0.705810546875
0.555078125
1.0431640625
0.811083984375
0.69384765625
0.50244140625
0.153125
-0.016748046875
-0.19619140625
-0.366064453125
-0.600537109375
-0.782373046875
-0.667529296875
-0.997705078125
-1.22260742188
-1.41401367188
-1.52407226563
-1.61499023438
-1.62934570313
-1.65805664063
-1.65805664063
-1.64609375
-1.6939453125
-1.65805664063
-1.5982421875
-1.5791015625
-1.49296875
-1.40922851563
-1.41401367188
-1.32788085938
-1.26088867188
-1.16997070313
-1.1197265625
-1.05751953125
-0.7560546875
-0.69384765625
-0.370849609375
-0.279931640625
-0.112451171875
-0.088525390625
0.179443359375
0.189013671875
0.44501953125
0.58857421875
0.643603515625
0.782373046875
0.878076171875
1.01923828125
1.19868164063
1.35180664062
1.41401367188
1.77768554688
1.93559570313
2.30883789062
2.5744140625
2.76821289063
2.98354492188
3.36635742188
3.56733398438
3.93818359375
4.21333007813
4.32099609375
4.689453125
4.83061523438
5.13208007812
5.35698242188
5.53881835938
5.73979492188
5.86899414063
5.99819335938
6.08671875
6.34272460938
6.34990234375
6.36904296875
6.36904296875
6.29248046875
6.2111328125
6.26376953125
5.98623046875
5.72783203125
5.5986328125
5.60341796875
5.36655273438
5.27802734375
4.85454101563
4.8138671875
5.11293945313
5.18950195313
5.05791015625
5.01962890625
5.06508789063
5.06987304688
5.04833984375
5.05551757813
5.08662109375
5.02680664063
4.78037109375
4.43583984375
4.24921875
3.75395507813
3.46923828125
