-1.7705078125
-1.74658203125
-1.69155273438
-1.6939453125
-1.65087890625
-1.76811523438
-1.75854492188
-1.7322265625
-1.74658203125
-1.77290039063
-1.83510742188
-1.72026367188
-1.8087890625
-1.63413085938
-1.56474609375
-1.53364257813
-1.67719726563
-1.48579101563
-1.4259765625
-1.38291015625
-1.36616210938
-1.24653320313
-1.19868164063
-1.07666015625
-1.06708984375
-1.02880859375
-0.95703125
-0.899609375
-0.861328125
-0.784765625
-0.67470703125
-0.6794921875
-0.696240234375
-0.768017578125
-0.6220703125
-0.74169921875
-0.806298828125
-0.787158203125
-0.657958984375
-0.7943359375
-0.763232421875
-0.734521484375
-0.69384765625
-0.68427734375
-0.65078125
-0.600537109375
-0.61728515625
-0.66513671875
-0.68427734375
-0.701025390625
-0.74169921875
-0.7751953125
-0.79912109375
-0.763232421875
-0.7751953125
-0.7943359375
-0.784765625
-0.624462890625
-0.708203125
-0.65556640625
-0.581396484375
-0.57421875
-0.555078125
-0.538330078125
-0.471337890625
-0.516796875
-0.523974609375
-0.43544921875
-0.375634765625
-0.308642578125
-0.1052734375
-0.08134765625
-0.031103515625
0.0478515625
0.112451171875
0.212939453125
0.208154296875
0.189013671875
0.19619140625
0.203369140625
0.189013671875
0.303857421875
0.3541015625
0.34931640625
0.322998046875
0.3158203125
0.40673828125
0.4498046875
0.49765625
0.480908203125
0.681884765625
0.73212890625
0.753662109375
0.791943359375
0.77041015625
1.08383789063
1.26328125
1.38051757813
1.41162109375
1.51450195313
1.63891601563
1.73940429688
1.8279296875
1.93081054688
1.96430664063
1.99780273438
1.89970703125
1.84946289063
1.64130859375
1.5408203125
1.40922851563
1.25610351562
1.26806640625
1.16518554688
1.129296875
1.320703125
1.16279296875
1.16997070313
1.20107421875
1.07666015625
1.0431640625
0.638818359375
0.4880859375
0.2583984375
0.1052734375
-0.150732421875
-0.210546875
-0.500048828125
-0.64599609375
-0.9666015625
-1.04555664063
-1.22021484375
-1.2154296875
-1.26088867188
-1.435546875
-1.56235351563
-1.38530273438
-1.39008789063
-1.58627929688
-1.54321289063
-1.397265625
-1.29438476563
-1.34702148438
-1.0240234375
-0.9474609375
-0.882861328125
-0.868505859375
-0.677099609375
-0.459375
-0.442626953125
-0.112451171875
-0.019140625
-0.007177734375
0.011962890625
0.059814453125
0.045458984375
-0.083740234375
-0.17705078125
-0.2009765625
-0.29189453125
-0.322998046875
-0.466552734375
-0.681884765625
-0.85654296875
-1.05751953125
-1.35659179688
-1.45947265625
-1.53364257813
-1.69633789063
-2.02412109375
-2.1724609375
-2.20595703125
-2.41411132813
-2.20595703125
-2.13178710938
-2.0384765625
-2.09829101563
-1.83989257813
-1.78247070313
-1.72026367188
-1.77290039063
-1.588671875
-1.50014648438
-1.45947265625
-1.49296875
-1.23696289063
-1.1771484375
-1.20346679688
-1.28959960938
-1.50732421875
-1.67241210938
-1.72026367188
-1.990625
-1.99541015625
-2.11743164062
-2.24184570313
-2.14614257813
-2.33994140625
-2.63662109375
-2.99072265625
-3.36157226563
-3.56254882813
-3.76831054688
-3.8376953125
-3.88793945313
-3.87358398438
-3.80419921875
-3.72763671875
-3.64868164063
-3.55297851563
-3.44291992188
-3.49555664063
-3.27065429688
-3.36157226563
-3.12231445313
-3.043359375
-3.00268554688
-3.05053710938
-2.8041015625
-2.7466796875
-2.66293945313
-2.63662109375
-2.66772460938
-2.3830078125
-2.3064453125
-2.23466796875
-2.26098632812
-1.99541015625
-1.87578125
-1.76572265625
-1.67241210938
-1.64130859375
-1.33984375
-1.35180664062
-1.19868164063
-1.23935546875
-1.36376953125
-1.45708007813
-1.39248046875
-1.58627929688
-1.6078125
-1.72504882813
-1.8279296875
-1.71069335938
-1.65087890625
-1.45229492188
-1.29677734375
-1.1962890625
-0.899609375
-0.65556640625
-0.46416015625
-0.308642578125
-0.287109375
-0.2009765625
-0.112451171875
0.246435546875
0.39716796875
0.4306640625
0.555078125
0.66513671875
0.99052734375
1.32788085938
1.68198242188
1.86142578125
2.17006835938
2.40693359375
2.66533203125
2.86870117188
2.97875976562
3.07685546875
3.0625
3.20126953125
3.14145507813
2.92133789063
2.83041992188
2.49306640625
2.99790039063
3.27783203125
3.16298828125
3.05053710938
3.4357421875
3.64150390625
3.84965820313
3.98842773438
4.421484375
4.65356445312
4.7947265625
4.95024414063
5.02919921875
4.76123046875
4.8138671875
4.93110351563
5.10576171875
5.00288085938
4.8138671875
4.498046875
4.1822265625
3.94536132813
3.5314453125
3.12231445313
2.71796875
2.36625976563
1.91884765625
1.38291015625
1.09819335938
0.811083984375
0.459375
0.169873046875
-0.03828125
-0.057421875
-0.069384765625
-0.095703125
-0.007177734375
0.019140625
0.289501953125
0.112451171875
-0.25361328125
-0.595751953125
-0.873291015625
-1.39248046875
-1.58149414063
-1.85185546875
-2.22270507813
-2.42607421875
-2.48588867188
-2.60791015625
-2.66293945313
-2.66772460938
-2.63901367188
-2.622265625
-2.545703125
-2.38779296875
-2.11982421875
-1.68916015625
-1.31591796875
-0.80390625
-0.5359375
-0.09091796875
0.394775390625
0.619677734375
0.937890625
0.937890625
0.997705078125
1.03120117188
0.854150390625
0.562255859375
0.21533203125
0.0287109375
-0.07177734375
-0.4306640625
-0.53115234375
-0.70341796875
-0.724951171875
-0.729736328125
-0.6029296875
-0.567041015625
-0.51201171875
-0.478515625
-0.739306640625
-0.729736328125
-0.801513671875
-0.7943359375
-1.02880859375
-1.1962890625
-1.23935546875
-1.60063476563
-1.93081054688
-2.10068359375
-2.29448242188
-2.545703125
-2.65815429688
-3.01704101563
-3.26586914063
-3.65346679688
-3.9716796875
-4.18701171875
-4.52436523438
-4.93349609375
-5.225390625
-5.47421875
-5.65126953125
-5.28759765625
-4.91674804688
-4.83540039063
-4.58178710938
-4.33774414063
-4.18701171875
-4.01713867188
-3.78505859375
-4.22529296875
-3.94296875
-3.72524414063
-3.962109375
-4.03627929688
-3.95014648438
-3.99799804688
-4.230078125
-4.14633789063
-3.9525390625
-3.77548828125
-3.2443359375
-3.04096679688
-2.85673828125
-2.54809570312
-2.32797851563
-2.07915039063
-1.856640625
-1.66044921875
-1.51928710938
-1.13168945313
-0.782373046875
-0.595751953125
-0.456982421875
-0.210546875
-0.21533203125
-0.203369140625
-0.2009765625
-0.356494140625
-0.38759765625
-0.236865234375
-0.217724609375
-0.21533203125
-0.069384765625
0.098095703125
0.308642578125
0.5646484375
0.863720703125
0.988134765625
1.3111328125
1.550390625
1.77290039063
1.88295898438
2.14853515625
2.53852539063
2.6318359375
2.74907226563
2.87827148438
3.02900390625
3.15581054688
3.16538085938
3.1390625
3.0146484375
2.96918945313
2.92612304688
2.91176757813
2.88784179688
2.9189453125
2.8423828125
2.8998046875
2.56245117188
2.3638671875
2.14614257813
2.01694335938
1.971484375
1.73701171875
1.65087890625
1.5791015625
1.46186523438
1.397265625
1.39248046875
1.50971679688
1.57431640625
1.56953125
1.6748046875
1.5408203125
1.61020507813
1.82075195313
1.87817382813
2.08872070313
1.97626953125
1.77290039063
1.5599609375
1.29438476563
1.37333984375
1.23696289063
1.22978515625
1.3111328125
1.34702148438
1.35419921875
1.44990234375
1.49775390625
1.397265625
1.4259765625
1.6078125
1.81596679688
1.86381835938
2.17485351563
2.59116210938
2.6701171875
2.67490234375
2.545703125
2.25141601563
2.00258789063
1.76811523438
1.43076171875
1.20346679688
0.968994140625
0.90439453125
0.631640625
0.547900390625
