-0.669921875
-0.729736328125
-0.91396484375
-1.15322265625
-1.23935546875
-1.32548828125
-1.34462890625
-1.40922851563
-1.42119140625
-1.50014648438
-1.57192382813
-1.65327148438
-1.7513671875
-1.74897460938
-1.84228515625
-1.86142578125
-1.94995117188
-2.1341796875
-2.03608398438
-2.13657226563
-2.2203125
-2.33994140625
-2.37104492188
-2.392578125
-2.40932617188
-2.33276367188
-2.48349609375
-2.50263671875
-2.50263671875
-2.55766601563
-2.67490234375
-2.90219726563
-3.03857421875
-3.311328125
-3.3974609375
-3.7515625
-3.96450195313
-4.09130859375
-4.19658203125
-4.17504882812
-4.22529296875
-4.268359375
-4.36645507812
-4.43823242188
-4.5076171875
-4.46694335938
-4.689453125
-4.7373046875
-4.84736328125
-4.87607421875
-4.99331054688
-5.05551757813
-5.12250976563
-5.12729492188
-5.14165039063
-5.09140625
-5.0818359375
-4.98374023438
-4.91674804688
-4.81865234375
-4.61049804688
-4.51240234375
-4.2779296875
-4.24443359375
-4.24921875
-3.98125
-3.88315429688
-3.62954101563
-3.54340820313
-3.37592773438
-3.30415039063
-3.1390625
-3.0529296875
-2.99311523438
-2.94047851563
-2.966796875
-2.96201171875
-2.9380859375
-2.96440429688
-2.96918945313
-2.9380859375
-2.94287109375
-2.89501953125
-2.80170898438
-2.75625
-2.71796875
-2.75385742188
-2.89501953125
-2.928515625
-2.95244140625
-3.17734375
-3.2634765625
-3.36875
-3.4453125
-3.63671875
-3.732421875
-3.76591796875
-4.01235351563
-4.08891601563
-4.2013671875
-4.26596679688
-4.30903320313
-4.31142578125
-4.2970703125
-4.35209960938
-4.37124023438
-4.344921875
-4.35688476563
-4.16547851563
-4.1439453125
-4.12241210938
-3.88793945313
-3.83051757813
-3.76831054688
-3.68217773438
-3.57451171875
-3.58647460938
-3.55297851563
-3.54340820313
-3.579296875
-3.62954101563
-3.655859375
-3.62236328125
-3.63193359375
-3.59604492188
-3.59365234375
-3.5697265625
-3.58408203125
-3.59365234375
-3.58168945313
-3.56015625
-3.52426757813
-3.52905273438
-3.57690429688
-3.60083007813
-3.57690429688
-3.66303710938
-3.7228515625
-3.73481445313
-3.76352539063
-3.75395507813
-3.6845703125
-3.89033203125
-3.87836914063
-4.06020507813
-4.07934570312
-4.17983398438
-4.24682617188
-4.28989257813
-4.34731445313
-4.42387695313
-4.40712890625
-4.46694335938
-4.49565429688
-4.46455078125
-4.4693359375
-4.43344726563
-4.50522460938
-4.498046875
-4.49326171875
-4.38559570313
-4.33295898438
-4.40712890625
-4.21333007813
-4.17026367188
-4.3353515625
-4.22290039062
-4.06499023438
-4.0673828125
-4.09609375
-3.73959960938
-3.63193359375
-3.62954101563
-3.521875
-3.26826171875
-3.27065429688
-3.28740234375
-3.03139648438
-2.93090820312
-2.72275390625
-2.67250976563
-2.50981445313
-2.24423828125
-2.277734375
-2.01694335938
-1.84946289063
-1.69155273438
-1.60063476563
-1.51928710938
-1.3015625
-1.20346679688
-1.07905273438
-0.992919921875
-0.8326171875
-0.5263671875
-0.428271484375
-0.126806640625
-0.031103515625
0.14833984375
0.4115234375
0.4880859375
0.7560546875
0.878076171875
0.9283203125
1.18671875
1.282421875
1.5599609375
1.67001953125
1.77768554688
2.03369140625
2.02172851562
2.25380859375
2.3064453125
2.45239257812
2.55048828125
2.72275390625
2.81127929688
2.86391601563
2.9380859375
3.005078125
2.94287109375
3.14384765625
3.1869140625
3.30654296875
3.33286132813
3.44770507813
3.48359375
3.36875
3.5314453125
3.56733398438
3.6654296875
3.71328125
3.808984375
3.79702148438
3.8951171875
3.94536132813
4.03627929688
4.17265625
4.19897460938
4.24443359375
4.15830078125
4.37124023438
4.54350585938
4.69663085938
4.78754882813
4.842578125
4.80668945313
4.80190429688
4.77080078125
4.73012695313
4.651171875
4.6224609375
4.727734375
4.56025390625
4.47412109375
4.4119140625
4.37841796875
4.34970703125
4.32338867188
4.24682617188
4.1439453125
4.30185546875
4.2875
4.29946289063
4.32817382813
4.35209960938
4.39516601563
4.4310546875
4.3927734375
4.40234375
4.40473632813
4.38081054688
4.36884765625
4.34970703125
4.32817382813
4.2587890625
4.32338867188
4.34013671875
4.3544921875
4.37841796875
4.32578125
4.29228515625
4.25161132813
4.2587890625
4.26357421875
4.23247070313
4.18940429688
4.1630859375
4.08413085938
4.04345703125
3.98603515625
3.9333984375
3.95971679688
3.78266601563
3.70610351563
3.71088867188
3.7228515625
3.7994140625
3.86640625
3.92143554688
4.1630859375
4.28510742188
4.38798828125
4.459765625
4.56982421875
4.57700195313
4.53872070313
4.27314453125
4.26596679688
4.22768554688
4.13198242188
4.06977539063
4.2970703125
4.2970703125
4.12241210938
4.0291015625
3.9716796875
3.72524414063
3.54580078125
3.502734375
3.44770507813
3.464453125
3.23715820313
3.14384765625
2.83759765625
2.67250976563
2.4787109375
2.39736328125
2.32319335938
2.1533203125
2.13896484375
2.06479492188
2.0001953125
1.8853515625
1.61020507813
1.44990234375
1.320703125
1.26806640625
1.2154296875
1.205859375
0.976171875
1.03359375
0.825439453125
0.748876953125
0.64599609375
0.68427734375
0.701025390625
0.734521484375
0.796728515625
0.849365234375
0.930712890625
0.988134765625
1.05034179688
1.15083007813
1.2345703125
1.4068359375
1.378125
1.56235351563
1.56474609375
1.5599609375
1.53842773438
1.44750976562
1.52407226563
1.33745117188
1.2345703125
1.17954101563
1.205859375
1.04794921875
0.92353515625
0.88525390625
0.75126953125
0.6125
0.490478515625
0.401953125
0.27275390625
0.222509765625
0.09091796875
-0.136376953125
-0.217724609375
-0.437841796875
-0.55029296875
-0.902001953125
-0.988134765625
-0.973779296875
-1.19868164063
-1.29438476563
-1.54321289063
-1.6365234375
-1.85185546875
-1.9619140625
-1.97387695313
-2.0193359375
-2.05283203125
-2.06240234375
-2.0767578125
-2.11025390625
-2.07915039063
-2.10307617188
-2.03129882813
-1.91884765625
-1.818359375
-1.78486328125
-1.72265625
-1.62456054688
-1.56713867188
-1.43793945313
-1.39008789063
-1.27524414063
-1.21303710938
-1.15322265625
-1.09819335938
-1.03359375
-0.935498046875
-0.88046875
-0.784765625
-0.744091796875
-0.6794921875
-0.6794921875
-0.64599609375
-0.6125
-0.533544921875
-0.567041015625
-0.61728515625
-0.667529296875
-0.7177734375
-0.746484375
-0.7369140625
-0.782373046875
-1.01684570312
-1.11494140625
-1.20825195312
-1.26088867188
-1.2919921875
-1.5216796875
-1.58388671875
-1.7130859375
-1.79204101563
-1.73461914063
-1.9810546875
-1.99301757813
-2.23227539063
-2.30883789062
-2.47631835938
-2.53134765625
-2.65336914063
-2.70361328125
-2.82084960938
-2.8998046875
-2.99072265625
-3.15102539063
-3.20844726563
-3.35439453125
-3.426171875
-3.49555664063
-3.54340820313
-3.63671875
-3.82573242188
-3.91665039063
-3.99799804688
-4.03149414062
-4.115234375
-4.10087890625
-4.05541992188
-4.31860351562
-4.44301757813
-4.612890625
-4.68227539063
-4.82822265625
-4.8712890625
-4.93349609375
-5.0244140625
-5.06508789063
-5.07705078125
-5.03637695312
-5.01962890625
-5.01005859375
-5.01005859375
-4.93349609375
-4.89521484375
-4.84736328125
-4.77319335938
-4.65834960938
-4.55786132812
-4.5171875
-4.32099609375
-4.21811523438
-4.06259765625
-3.97885742188
-3.96928710938
-3.95732421875
-3.91186523438
-3.84248046875
-3.71567382813
-3.36396484375
-3.20366210938
-3.1677734375
-2.89741210938
-2.74189453125
-2.50263671875
-2.3638671875
