-2.31840820313
-2.50981445313
-2.57680664063
-2.53852539063
-2.61987304688
-2.70600585938
-2.72993164063
-2.77060546875
-2.85673828125
-2.87109375
-2.89741210938
-2.93090820312
-2.90698242188
-3.00986328125
-2.91176757813
-3.09360351563
-3.1103515625
-3.22041015625
-3.22280273438
-3.22998046875
-3.20366210938
-3.11274414063
-3.27065429688
-3.273046875
-3.311328125
-3.3783203125
-3.47163085938
-3.4166015625
-3.45009765625
-3.40224609375
-3.6462890625
-3.79702148438
-3.96928710938
-4.12241210938
-4.191796875
-4.18940429688
-4.16069335938
-4.25161132813
-4.10805664063
-3.80419921875
-3.56733398438
-3.37114257813
-3.31372070313
-3.18452148438
-3.10078125
-3.18930664063
-3.27543945313
-3.33286132813
-3.51708984375
-3.68217773438
-3.96450195313
-4.16069335938
-4.35209960938
-4.57221679688
-4.80668945313
-4.74926757812
-4.97177734375
-5.07705078125
-5.18471679688
-5.301953125
-5.40483398438
-5.40961914063
-5.43833007813
-5.45986328125
-5.41440429688
-5.43354492188
-5.39765625
-5.31870117188
-5.3115234375
-5.301953125
-4.9095703125
-4.67749023438
-4.32817382813
-4.1056640625
-3.70610351563
-3.5123046875
-3.19409179688
-2.90698242188
-2.57202148438
-2.38061523438
-2.30166015625
-2.24663085938
-1.95952148438
-1.76333007813
-1.54799804688
-1.51928710938
-1.49775390625
-1.43315429688
-1.36616210938
-1.34702148438
-1.10537109375
-1.10297851563
-1.12211914063
-0.93310546875
-0.854150390625
-0.79912109375
-0.70341796875
-0.6794921875
-0.696240234375
-0.787158203125
-0.777587890625
-0.7751953125
-0.784765625
-0.7943359375
-0.84697265625
-0.8900390625
-0.839794921875
-0.849365234375
-0.899609375
-0.897216796875
-0.854150390625
-0.839794921875
-0.844580078125
-0.830224609375
-0.815869140625
-0.825439453125
-0.82783203125
-0.86611328125
-0.823046875
-0.772802734375
-0.66513671875
-0.6412109375
-0.63642578125
-0.49287109375
-0.49287109375
-0.523974609375
-0.500048828125
-0.476123046875
-0.43544921875
-0.375634765625
-0.452197265625
-0.279931640625
-0.25361328125
-0.2775390625
-0.2201171875
-0.232080078125
-0.2775390625
-0.19140625
-0.18662109375
-0.20576171875
-0.18662109375
-0.174658203125
-0.112451171875
-0.093310546875
-0.019140625
0.0287109375
0.07177734375
0.12919921875
0.25361328125
0.332568359375
0.42587890625
0.571826171875
0.605322265625
0.6890625
0.765625
0.897216796875
0.988134765625
1.10297851563
1.20107421875
1.28959960938
1.378125
1.44033203125
1.53842773438
1.6173828125
1.72504882813
1.71787109375
1.94995117188
1.99541015625
2.01455078125
2.11982421875
2.09829101563
2.10546875
2.17963867188
2.17963867188
2.18442382813
2.2203125
2.26577148438
2.29208984375
2.32797851563
2.45478515625
2.5265625
2.57202148438
2.6509765625
2.68208007813
2.698828125
2.72275390625
2.76103515625
2.80888671875
2.74189453125
2.78017578125
2.78256835938
2.90219726563
2.73471679688
2.69404296875
2.62465820313
2.54809570312
2.51459960938
2.4404296875
2.41650390625
2.15571289063
2.0576171875
1.84228515625
1.7705078125
1.66284179688
1.63891601563
1.57431640625
1.75854492188
1.87099609375
1.81118164063
1.76811523438
1.7513671875
1.86860351563
2.09829101563
2.316015625
2.61508789063
2.97397460938
3.19169921875
3.46923828125
3.66303710938
3.8376953125
4.25400390625
4.70620117188
5.110546875
5.81396484375
6.20634765625
6.73989257813
6.80927734375
6.99111328125
6.74467773438
6.65375976563
6.57001953125
6.63940429688
6.55805664063
6.56044921875
6.5748046875
6.52934570313
6.40732421875
6.34272460938
6.25659179688
5.97905273438
5.84506835938
5.75893554688
5.45268554688
5.22060546875
5.01723632813
4.8234375
4.43344726563
4.19418945313
3.80180664063
3.502734375
3.35678710938
3.01943359375
2.78017578125
2.660546875
2.29208984375
2.16049804688
2.05043945313
2.07915039063
1.77290039063
1.4259765625
1.20825195312
0.954638671875
0.839794921875
0.638818359375
0.31103515625
0.095703125
-0.074169921875
-0.3732421875
-0.4689453125
-0.71298828125
-0.85654296875
-1.10297851563
-1.16518554688
-1.2728515625
-1.244140625
-1.48579101563
-1.38530273438
-1.65805664063
-1.6556640625
-1.72744140625
-1.79921875
-1.78247070313
-1.71547851563
-1.60302734375
-1.41401367188
-1.50493164063
-1.42836914063
-1.22260742188
-1.25131835938
-1.14604492188
-1.13647460938
-1.11494140625
-1.0431640625
-1.071875
-1.00249023438
-1.04077148438
-1.04555664063
-1.02641601563
-1.05991210938
-1.08383789063
-1.1962890625
-1.22978515625
-1.31591796875
-1.35180664062
-1.397265625
-1.43315429688
-1.72504882813
-1.69155273438
-1.91645507813
-1.99301757813
-2.08393554688
-2.14135742188
-2.15092773438
-2.4212890625
-2.50263671875
-2.48588867188
-2.60551757813
-2.69404296875
-2.81845703125
-2.87827148438
-3.01704101563
-3.08881835938
-3.15102539063
-3.20844726563
-3.18212890625
-3.15341796875
-3.1869140625
-3.20844726563
-3.2634765625
-3.23715820313
-3.38071289063
-3.31372070313
-3.27543945313
-3.24672851563
-3.17495117188
-3.05053710938
-2.9572265625
-2.86391601563
-2.87587890625
-2.85913085938
-2.82084960938
-2.93569335938
-3.05771484375
-3.12709960938
-3.46684570313
-3.65825195313
-3.86401367188
-3.94775390625
-4.12001953125
-4.16547851563
-4.32338867188
-4.34013671875
-4.46694335938
-4.54350585938
-4.56264648438
-4.651171875
-4.68706054688
-4.6703125
-4.6416015625
-4.68706054688
-4.71098632813
-4.63442382813
-4.5267578125
-4.49565429688
-4.40712890625
-4.28271484375
-4.26596679688
-4.28032226563
-3.98364257813
-3.85205078125
-3.55776367188
-3.4166015625
-3.1486328125
-3.06728515625
-2.94287109375
-3.22758789063
-3.4740234375
-3.54340820313
-3.54580078125
-3.50991210938
-3.54580078125
-3.65107421875
-3.76591796875
-3.92143554688
-4.29946289063
-4.55068359375
-4.61049804688
-4.92631835938
-4.9095703125
-5.16079101563
-5.17514648438
-5.14165039063
-4.93110351563
-4.8904296875
-4.54829101563
-4.3162109375
-3.8185546875
-3.62475585938
-3.81137695313
-3.16538085938
-2.94765625
-2.89262695313
-2.70600585938
-2.44760742188
-2.15092773438
-1.91884765625
-1.79443359375
-1.76811523438
-1.56713867188
-1.60541992188
-1.66284179688
-1.9619140625
-2.01455078125
-1.93798828125
-2.00498046875
-2.18681640625
-2.26577148438
-2.21313476562
-2.09829101563
-2.3447265625
-2.25141601563
-2.08872070313
-1.92602539063
-1.78725585938
-1.37094726563
-1.28481445313
-1.03837890625
-0.399560546875
0.184228515625
0.820654296875
1.3015625
1.83510742188
2.37104492188
2.72514648438
3.04814453125
3.33046875
3.42138671875
3.68696289063
4.03627929688
4.14873046875
4.3544921875
4.45258789063
4.56982421875
4.7373046875
4.880859375
4.88325195313
4.80668945313
4.79233398438
4.87846679688
4.93349609375
4.93110351563
4.76840820313
4.79711914062
4.78276367188
4.80190429688
4.80668945313
4.9478515625
4.919140625
5.16796875
5.1775390625
5.17993164062
5.06030273438
4.78515625
4.61528320313
4.62724609375
4.7947265625
4.75405273438
4.48608398438
3.8759765625
3.311328125
2.737109375
2.32319335938
2.11982421875
1.81596679688
1.225
1.12690429688
0.7751953125
0.75126953125
0.3158203125
0.04306640625
-0.18662109375
-0.28232421875
-0.241650390625
-0.141162109375
0.102880859375
0.2296875
0.361279296875
0.471337890625
0.605322265625
0.363671875
0.222509765625
0.0287109375
-0.1435546875
-0.29189453125
-0.3158203125
-0.62685546875
-0.92353515625
-1.1005859375
-1.39487304688
-1.78725585938
