2.36865234375
2.44760742188
2.48588867188
2.56484375
2.65336914063
2.77299804688
2.85913085938
3.0146484375
3.07446289063
3.13188476563
3.23237304688
3.42138671875
3.58408203125
3.63911132813
3.52905273438
3.81376953125
3.8376953125
3.8951171875
4.17026367188
4.383203125
4.65595703125
4.70859375
4.70380859375
4.24443359375
4.12241210938
3.51948242188
3.30415039063
3.1869140625
2.91176757813
2.83041992188
2.7275390625
2.58637695313
2.33037109375
1.98583984375
1.77768554688
1.57431640625
1.57431640625
1.39965820312
1.24174804688
1.2154296875
0.80390625
0.7369140625
0.375634765625
0.294287109375
0.327783203125
0.447412109375
0.459375
0.5263671875
0.495263671875
0.62685546875
0.72734375
0.734521484375
0.8326171875
0.8708984375
0.8708984375
0.823046875
0.657958984375
0.567041015625
0.49765625
0.34931640625
0.203369140625
0.059814453125
0.141162109375
-0.184228515625
-0.155517578125
-0.203369140625
-0.1052734375
0.10048828125
0.284716796875
0.4115234375
0.634033203125
0.648388671875
0.949853515625
1.05751953125
0.968994140625
0.945068359375
0.949853515625
1.0623046875
0.806298828125
0.677099609375
0.418701171875
0.193798828125
0.031103515625
-0.2009765625
-0.361279296875
-0.533544921875
-0.6794921875
-0.73212890625
-0.815869140625
-0.937890625
-1.071875
-1.31591796875
-1.23935546875
-1.54560546875
-1.70830078125
-1.7513671875
-1.68676757813
-1.9427734375
-1.72026367188
-1.60063476563
-1.44750976562
-1.07426757813
-0.815869140625
-0.56943359375
-0.356494140625
-0.3349609375
-0.500048828125
-0.466552734375
-0.6220703125
-0.791943359375
-0.902001953125
-1.16997070313
-1.512109375
-1.71787109375
-2.1724609375
-2.89262695313
-3.18212890625
-3.49794921875
-3.54819335938
-3.66782226563
-3.78745117188
-3.77788085938
-3.78505859375
-3.75874023438
-3.92143554688
-4.01713867188
-4.20854492188
-4.3353515625
-4.39038085938
-4.37124023438
-4.23247070313
-4.01713867188
-3.73959960938
-3.66782226563
-3.36396484375
-2.97397460938
-2.46196289063
-2.00737304688
-1.75854492188
-1.44033203125
-1.35180664062
-0.968994140625
-0.777587890625
-0.748876953125
-0.4880859375
-0.35888671875
-0.31103515625
-0.208154296875
-0.210546875
-0.160302734375
-0.35888671875
-0.3732421875
-0.318212890625
-0.71298828125
-0.784765625
-0.9857421875
-1.14365234375
-1.17236328125
-1.22978515625
-1.12690429688
-1.01923828125
-0.835009765625
-0.478515625
-0.23447265625
0.136376953125
0.409130859375
0.64599609375
0.94267578125
1.08862304688
1.22739257813
1.6365234375
1.75615234375
1.95234375
2.11982421875
2.18203125
2.29208984375
2.36625976563
2.30405273438
2.47392578125
2.5169921875
2.57202148438
2.59833984375
2.73950195312
2.54331054688
2.61508789063
2.6126953125
2.70122070313
2.68447265625
2.71557617188
2.68208007813
2.66533203125
2.622265625
2.660546875
2.58637695313
2.56962890625
2.53374023438
2.56245117188
2.3255859375
2.36147460938
2.39975585938
2.392578125
2.39736328125
2.32080078125
2.21552734375
2.21313476562
2.09111328125
2.05283203125
1.89013671875
1.91166992188
1.7896484375
1.83510742188
1.80639648438
1.89013671875
2.25141601563
2.41171875
2.31123046875
2.47392578125
2.4978515625
2.45717773438
2.50024414062
2.66533203125
2.71079101563
2.72514648438
2.75864257813
2.89741210938
2.78256835938
2.70361328125
2.71079101563
2.74428710938
2.70122070313
2.77060546875
2.851953125
2.94287109375
2.96918945313
2.928515625
2.87587890625
2.86391601563
2.82563476563
2.7658203125
2.64379882812
2.65815429688
2.5552734375
2.52416992188
2.4595703125
2.51459960938
2.53374023438
2.52177734375
2.5744140625
2.58159179688
2.54809570312
2.49067382813
2.35190429688
2.28491210938
2.19877929688
2.26577148438
2.05283203125
2.08872070313
1.91645507813
1.8087890625
1.80639648438
1.50732421875
1.28002929688
1.16040039062
0.988134765625
0.801513671875
0.648388671875
0.610107421875
0.35888671875
0.248828125
-0.045458984375
-0.145947265625
-0.2009765625
-0.49287109375
-0.480908203125
-0.744091796875
-0.88525390625
-0.968994140625
-1.03359375
-1.08623046875
-1.08383789063
-1.07905273438
-1.06948242188
-0.921142578125
-1.00727539063
-1.00009765625
-0.930712890625
-0.930712890625
-0.84697265625
-0.82783203125
-0.887646484375
-0.739306640625
-0.667529296875
-0.696240234375
-0.67470703125
-0.70341796875
-0.77041015625
-0.89482421875
-0.6890625
-0.787158203125
-0.811083984375
-0.849365234375
-1.00009765625
-0.9857421875
-1.15083007813
-1.19389648438
-1.33266601563
-1.39248046875
-1.60541992188
-1.63173828125
-1.64848632813
-1.80639648438
-1.88056640625
-1.91884765625
-1.9427734375
-1.98344726563
-2.0001953125
-1.97387695313
-1.84946289063
-1.97626953125
-1.9619140625
-1.97387695313
-1.87817382813
-1.81357421875
-1.78725585938
-1.780078125
-1.75615234375
-1.75854492188
-1.76572265625
-1.79204101563
-1.83989257813
-1.9236328125
-2.0384765625
-2.1341796875
-2.2873046875
-2.41171875
-2.5935546875
-2.7275390625
-2.7849609375
-2.79453125
-3.14384765625
-3.07446289063
-3.2826171875
-3.36875
-3.5314453125
-3.52666015625
-3.76591796875
-3.73959960938
-3.79223632813
-3.79223632813
-3.808984375
-3.71328125
-3.63432617188
-3.65346679688
-3.6080078125
-3.55297851563
-3.57451171875
-3.655859375
-3.41899414063
-3.34482421875
-3.119921875
-3.0625
-3.0912109375
-3.10795898438
-2.98115234375
-2.9763671875
-3.01704101563
-3.0720703125
-3.119921875
-3.17734375
-3.18930664063
-3.16538085938
-3.22998046875
-3.3017578125
-3.26108398438
-3.25629882813
-3.44770507813
-3.37592773438
-3.30415039063
-3.2060546875
-3.09360351563
-2.97875976562
-2.7849609375
-2.67729492188
-2.698828125
-2.68447265625
-2.58159179688
-2.74907226563
-2.48828125
-2.53134765625
-2.61030273438
-2.50981445313
-2.43325195313
-2.56723632813
-2.50502929688
-2.53852539063
-2.3447265625
-2.3830078125
-2.40693359375
-2.47631835938
-2.53852539063
-2.52416992188
-2.354296875
-2.603125
-2.69404296875
-2.66293945313
-2.71318359375
-2.62465820313
-2.5935546875
-2.59594726562
-2.40454101562
-2.28491210938
-1.76572265625
-1.08623046875
-0.638818359375
0.10048828125
0.84697265625
1.87338867188
2.95961914063
3.40463867188
4.43823242188
4.70141601562
4.95502929688
5.12729492188
5.14404296875
5.28041992188
5.34741210938
5.0626953125
4.86889648438
4.66791992188
4.498046875
4.230078125
4.08173828125
4.01474609375
3.98842773438
4.08891601563
4.07456054688
4.09848632813
4.25161132813
4.31381835938
4.57221679688
4.73012695313
4.89760742188
4.7564453125
4.85932617188
4.8712890625
4.65834960938
4.59135742188
4.58657226563
4.41669921875
4.05302734375
4.02192382813
4.11284179688
4.30185546875
4.46455078125
4.22529296875
3.53623046875
2.966796875
2.68447265625
2.40454101562
2.27055664063
1.94995117188
1.83989257813
1.82075195313
1.95234375
2.08872070313
1.97387695313
1.79682617188
1.64130859375
1.53364257813
1.89013671875
2.0193359375
2.26098632812
2.32319335938
2.52177734375
2.6701171875
2.57919921875
2.39736328125
2.162890625
1.8853515625
1.67719726563
1.25131835938
0.95703125
0.80869140625
0.669921875
0.593359375
0.442626953125
0.33017578125
0.260791015625
0.189013671875
0.10048828125
0.03828125
0.122021484375
0.299072265625
0.26796875
0.299072265625
0.3828125
0.413916015625
0.42587890625
0.270361328125
0.313427734375
