-3.64150390625
-3.7515625
-3.78505859375
-3.86401367188
-3.99560546875
-4.0578125
-4.191796875
-4.23247070313
-4.5171875
-4.41909179688
-4.38798828125
-4.37841796875
-4.34731445313
-4.28032226563
-4.05541992188
-3.96450195313
-3.73959960938
-3.54340820313
-3.426171875
-3.234765625
-3.07446289063
-3.05053710938
-2.83520507812
-2.603125
-2.5265625
-2.15810546875
-2.02172851562
-1.93798828125
-1.79443359375
-1.60302734375
-1.550390625
-1.54560546875
-1.37573242188
-1.34702148438
-1.25849609375
-1.23217773438
-1.3685546875
-1.2537109375
-1.244140625
-1.225
-1.2345703125
-1.15322265625
-1.06948242188
-0.777587890625
-0.720166015625
-0.5263671875
-0.5455078125
-0.40673828125
-0.322998046875
-0.30146484375
-0.2392578125
-0.27275390625
-0.26796875
-0.21533203125
-0.17705078125
-0.13876953125
-0.0861328125
-0.064599609375
0.078955078125
0.126806640625
0.208154296875
0.1626953125
0.590966796875
0.705810546875
0.701025390625
0.638818359375
0.88525390625
0.906787109375
1.06708984375
1.18671875
1.30395507812
1.44990234375
1.5791015625
1.79682617188
1.89252929688
1.89731445313
2.24184570313
2.3830078125
2.53134765625
2.71557617188
2.78974609375
2.77778320313
3.00268554688
3.10317382813
3.19169921875
3.25629882813
3.33046875
3.31372070313
3.502734375
3.27783203125
3.387890625
3.3591796875
3.44291992188
3.41899414063
3.45727539063
3.426171875
3.36635742188
3.19169921875
3.06489257813
3.3017578125
3.43095703125
3.54819335938
3.57690429688
3.59365234375
3.59365234375
3.770703125
3.7515625
3.96928710938
3.9716796875
4.1248046875
3.85444335938
3.56733398438
3.35439453125
2.966796875
2.8423828125
2.60073242188
2.30405273438
2.32080078125
2.34233398438
2.71557617188
2.90219726563
2.67729492188
2.70122070313
2.57202148438
2.48828125
2.32797851563
2.3830078125
2.02412109375
1.98583984375
1.84467773438
1.856640625
1.75375976563
1.5791015625
1.588671875
1.3685546875
1.05751953125
0.648388671875
0.389990234375
0.14833984375
-0.145947265625
-0.4115234375
-0.504833984375
-0.72255859375
-0.7751953125
-0.772802734375
-1.00009765625
-1.16279296875
-1.24892578125
-1.27763671875
-1.34223632813
-1.38051757813
-1.41879882813
-1.4546875
-1.49296875
-1.3015625
-1.25610351562
-1.25849609375
-1.17954101563
-1.18193359375
-1.16279296875
-1.11494140625
-1.12451171875
-1.04077148438
-0.949853515625
-0.940283203125
-0.80390625
-0.638818359375
-0.739306640625
-0.46416015625
-0.30146484375
-0.34931640625
-0.131591796875
-0.11005859375
-0.117236328125
-0.059814453125
0.13876953125
0.217724609375
0.232080078125
0.03828125
0.136376953125
-0.09091796875
-0.141162109375
-0.318212890625
-0.440234375
-0.648388671875
-0.681884765625
-0.71298828125
-0.791943359375
-0.811083984375
-0.93310546875
-1.014453125
-0.92353515625
-1.08862304688
-1.10776367188
-1.17954101563
-1.09580078125
-1.22978515625
-1.3494140625
-1.42836914063
-1.45708007813
-1.6365234375
-1.4642578125
-1.4068359375
-1.44990234375
-1.35180664062
-1.40922851563
-1.41162109375
-1.51928710938
-1.74658203125
-2.07915039063
-2.30166015625
-2.45717773438
-2.46196289063
-2.56723632813
-2.66533203125
-2.890234375
-3.04814453125
-3.20126953125
-3.23237304688
-3.25629882813
-3.349609375
-3.49794921875
-3.5984375
-3.6271484375
-3.70131835938
-3.88076171875
-3.95493164063
-3.77788085938
-3.75634765625
-3.77548828125
-3.68696289063
-3.94775390625
-4.03149414062
-4.0578125
-4.17983398438
-4.07216796875
-4.30185546875
-4.43823242188
-4.27075195312
-4.25400390625
-4.19658203125
-3.98842773438
-3.86640625
-3.6654296875
-3.349609375
-3.0529296875
-2.85913085938
-2.84477539063
-2.7466796875
-2.79692382813
-2.76342773438
-2.7658203125
-3.02900390625
-3.0529296875
-3.08881835938
-3.08403320313
-3.01943359375
-3.0337890625
-3.07446289063
-3.00029296875
-2.95483398438
-2.94526367188
-3.005078125
-3.10317382813
-3.17255859375
-3.20126953125
-3.2060546875
-3.19169921875
-3.12470703125
-2.9955078125
-2.8041015625
-2.70361328125
-2.56723632813
-2.15571289063
-1.86860351563
-1.69155273438
-1.6078125
-1.27763671875
-1.20107421875
-1.00966796875
-0.86611328125
-0.911572265625
-0.610107421875
-0.5072265625
-0.452197265625
-0.42587890625
-0.33017578125
-0.30146484375
-0.34453125
-0.4115234375
-0.562255859375
-0.7369140625
-0.811083984375
-0.643603515625
-0.964208984375
-1.0431640625
-1.19389648438
-1.1580078125
-1.17236328125
-1.25131835938
-1.1005859375
-0.935498046875
-0.80869140625
-0.653173828125
-0.519189453125
-0.418701171875
-0.42587890625
-0.256005859375
-0.184228515625
-0.0861328125
-0.031103515625
-0.019140625
-0.02392578125
0.260791015625
0.03349609375
0.241650390625
0.303857421875
0.409130859375
0.57900390625
0.708203125
0.815869140625
0.95224609375
1.052734375
1.14125976563
1.29438476563
1.4259765625
1.84467773438
2.06958007812
2.57919921875
2.72275390625
2.95244140625
3.43095703125
3.74916992188
4.25400390625
4.58657226563
4.83061523438
5.17514648438
5.44790039063
5.55317382813
5.63930664063
5.40244140625
5.39047851563
5.2828125
5.4455078125
5.73979492188
5.69194335938
5.52924804688
5.18471679688
5.0244140625
4.73251953125
4.63203125
4.55786132812
4.40952148438
4.28989257813
4.23486328125
4.26357421875
4.20375976563
4.17983398438
4.48608398438
4.51958007813
4.59853515625
4.56025390625
4.85932617188
4.65834960938
4.67270507813
4.612890625
4.53154296875
4.47890625
4.2109375
4.00278320313
3.48837890625
2.82802734375
2.5552734375
2.32797851563
1.94038085938
1.684375
1.56474609375
1.42358398438
1.50732421875
0.945068359375
0.672314453125
0.33017578125
0.284716796875
0.00478515625
-0.33017578125
-0.58857421875
-0.67470703125
-0.69384765625
-0.624462890625
-0.87568359375
-0.9091796875
-0.940283203125
-1.14365234375
-1.12451171875
-1.09819335938
-1.22021484375
-1.18193359375
-1.19389648438
-1.1005859375
-1.15322265625
-1.27045898438
-1.39248046875
-1.5025390625
-1.62456054688
-1.894921875
-2.01215820313
-2.3064453125
-2.698828125
-2.80888671875
-3.15102539063
-3.387890625
-3.6845703125
-3.95014648438
-4.2013671875
-4.36645507812
-4.75883789063
-4.93349609375
-5.01723632813
-5.0435546875
-4.957421875
-4.91435546875
-4.83061523438
-4.77797851563
-4.6033203125
-4.56743164063
-4.40712890625
-4.13676757813
-3.84487304688
-3.55776367188
-3.39506835938
-3.234765625
-3.215625
-3.07446289063
-2.8998046875
-3.043359375
-2.80649414063
-2.7083984375
-2.47631835938
-2.26337890625
-2.08393554688
-1.88774414063
-1.741796875
-1.55517578125
-1.52885742188
-1.33505859375
-1.22978515625
-1.09340820313
-1.167578125
-1.1388671875
-1.16040039062
-1.02880859375
-1.167578125
-1.12211914063
-0.949853515625
-0.8517578125
-0.791943359375
-0.8708984375
-0.861328125
-1.05034179688
-1.1388671875
-1.16997070313
-1.07666015625
-0.9283203125
-1.40205078125
-1.6939453125
-1.856640625
-2.0767578125
-2.18442382813
-2.15092773438
-2.33037109375
-2.41171875
-2.48110351563
-2.4978515625
-2.39497070313
-2.4021484375
-2.29926757813
-2.06240234375
-1.9140625
-1.49296875
-1.11015625
-0.648388671875
-0.2966796875
0.050244140625
0.394775390625
0.868505859375
1.07905273438
1.62216796875
1.86381835938
2.02412109375
2.37583007813
2.5169921875
2.68208007813
2.71079101563
2.66293945313
2.545703125
2.43564453125
2.35190429688
2.392578125
2.39975585938
2.4021484375
