1.3302734375
1.17236328125
0.968994140625
0.638818359375
0.557470703125
0.17705078125
-0.07177734375
-0.806298828125
-0.830224609375
-1.03837890625
-1.15561523438
-1.27763671875
-1.3494140625
-1.42836914063
-1.56474609375
-1.54321289063
-1.6173828125
-1.68198242188
-1.75854492188
-1.8087890625
-1.83032226563
-1.7896484375
-1.80639648438
-1.8279296875
-1.8087890625
-1.780078125
-1.77290039063
-1.82553710938
-1.7705078125
-1.78486328125
-1.74897460938
-1.6939453125
-1.64848632813
-1.59106445313
-1.63891601563
-1.5025390625
-1.50493164063
-1.44272460938
-1.4642578125
-1.40205078125
-1.43793945313
-1.39248046875
-1.28720703125
-1.23217773438
-1.12690429688
-1.05751953125
-1.18193359375
-1.02880859375
-0.988134765625
-1.0623046875
-1.0814453125
-1.06708984375
-0.9666015625
-0.9666015625
-0.861328125
-0.796728515625
-0.729736328125
-0.708203125
-0.614892578125
-0.614892578125
-0.62685546875
-0.60771484375
-0.571826171875
-0.48330078125
-0.332568359375
-0.51201171875
-0.418701171875
-0.20576171875
-0.256005859375
-0.289501953125
-0.193798828125
-0.11005859375
-0.098095703125
-0.12919921875
-0.102880859375
-0.088525390625
-0.14833984375
-0.2296875
-0.2583984375
-0.169873046875
-0.3732421875
-0.37802734375
-0.401953125
-0.413916015625
-0.40673828125
-0.459375
-0.4880859375
-0.4689453125
-0.471337890625
-0.423486328125
-0.433056640625
-0.37802734375
-0.325390625
-0.3158203125
-0.241650390625
-0.22490234375
-0.241650390625
-0.251220703125
-0.222509765625
-0.22490234375
-0.241650390625
-0.25361328125
-0.30146484375
-0.2583984375
-0.299072265625
-0.287109375
-0.342138671875
-0.409130859375
-0.555078125
-0.6220703125
-0.782373046875
-0.8421875
-0.897216796875
-0.97138671875
-1.052734375
-1.10537109375
-1.205859375
-1.2728515625
-1.27763671875
-1.23696289063
-1.1962890625
-1.17475585938
-1.18911132813
-1.16518554688
-1.16279296875
-1.19868164063
-1.31591796875
-1.39248046875
-1.3876953125
-1.59106445313
-1.58388671875
-1.64370117188
-1.7513671875
-1.88056640625
-1.90927734375
-1.97626953125
-2.04086914063
-2.07915039063
-2.048046875
-2.29208984375
-2.3830078125
-2.51938476563
-2.58876953125
-2.70361328125
-2.76103515625
-2.73471679688
-2.71796875
-2.71557617188
-2.67250976563
-2.90458984375
-2.9380859375
-2.97875976562
-3.0146484375
-3.0625
-3.06728515625
-3.10556640625
-3.20844726563
-3.23237304688
-3.27783203125
-3.31850585938
-3.28500976563
-3.54340820313
-3.57451171875
-3.73481445313
-3.78266601563
-3.9525390625
-4.02192382813
-4.06259765625
-4.09848632813
-4.115234375
-4.01235351563
-3.96928710938
-4.12001953125
-3.92622070313
-3.86879882813
-3.732421875
-3.64868164063
-3.6654296875
-3.387890625
-3.22041015625
-3.1294921875
-3.0720703125
-2.86630859375
-2.8041015625
-2.82563476563
-2.5935546875
-2.5265625
-2.37822265625
-2.29208984375
-2.201171875
-2.17724609375
-2.10068359375
-1.990625
-1.92602539063
-1.87099609375
-1.86381835938
-1.93081054688
-1.91884765625
-1.89970703125
-1.9236328125
-2.03369140625
-2.086328125
-2.12939453125
-2.17724609375
-2.26098632812
-2.27294921875
-2.28969726563
-2.33754882813
-2.41411132813
-2.46196289063
-2.62705078125
-2.61748046875
-2.71318359375
-2.79213867188
-2.813671875
-2.82802734375
-2.83999023438
-2.8328125
-2.8328125
-2.85673828125
-2.81845703125
-2.76103515625
-2.76342773438
-2.73950195312
-2.70122070313
-2.6796875
-2.660546875
-2.59116210938
-2.56723632813
-2.37583007813
-2.296875
-2.13178710938
-1.990625
-1.96669921875
-1.76811523438
-1.6939453125
-1.6173828125
-1.51450195313
-1.39965820312
-1.33984375
-1.22739257813
-1.15561523438
-1.17236328125
-0.899609375
-0.758447265625
-0.677099609375
-0.533544921875
-0.461767578125
-0.375634765625
-0.2966796875
-0.2201171875
-0.064599609375
-0.016748046875
0.0861328125
0.153125
0.24404296875
0.41630859375
0.543115234375
0.74169921875
0.868505859375
0.973779296875
1.24892578125
1.38051757813
1.58627929688
1.58627929688
1.59106445313
1.82553710938
1.89013671875
2.0384765625
2.12939453125
2.1533203125
2.34233398438
2.41650390625
2.62705078125
2.66533203125
2.7275390625
2.78017578125
2.83041992188
2.85434570313
2.88305664062
3.00268554688
3.02900390625
3.21323242188
3.31372070313
3.37353515625
3.44052734375
3.47163085938
3.61279296875
3.60083007813
3.65825195313
3.6845703125
3.7037109375
3.84487304688
3.90708007813
3.91186523438
3.93579101563
3.923828125
3.88076171875
3.81137695313
3.76831054688
3.92861328125
4.03149414062
3.923828125
3.84487304688
3.89033203125
3.87836914063
3.80659179688
3.82094726563
3.97646484375
3.78984375
3.79223632813
3.7994140625
3.78505859375
3.70131835938
3.89750976563
3.923828125
3.94536132813
3.923828125
3.8951171875
3.88793945313
3.92143554688
3.70131835938
3.61040039063
3.32329101563
3.38549804688
3.52666015625
3.74916992188
3.57451171875
3.63193359375
3.69892578125
3.73002929688
3.78266601563
3.76352539063
3.73481445313
3.80419921875
3.6654296875
3.6654296875
3.56494140625
3.56494140625
3.76591796875
3.83530273438
3.81376953125
3.89033203125
3.87358398438
3.93818359375
3.91665039063
3.87119140625
3.86401367188
3.83291015625
3.732421875
3.68217773438
3.56015625
3.51948242188
3.46206054688
3.3783203125
3.48598632813
3.31611328125
3.30893554688
3.29458007813
3.58168945313
3.72763671875
3.72045898438
3.67260742188
3.5697265625
3.43813476563
3.37592773438
3.15341796875
3.043359375
2.84477539063
2.77299804688
2.51459960938
2.39018554688
2.35668945312
2.14853515625
2.05043945313
1.99301757813
1.84467773438
1.8087890625
1.73701171875
1.69633789063
1.66284179688
1.60302734375
1.49296875
1.44990234375
1.50971679688
1.32788085938
1.22739257813
1.10537109375
0.96181640625
0.825439453125
0.784765625
0.906787109375
0.686669921875
0.65556640625
0.59814453125
0.562255859375
0.4689453125
0.428271484375
0.332568359375
0.270361328125
0.19619140625
0.09091796875
0.01435546875
-0.11962890625
-0.13876953125
-0.160302734375
-0.131591796875
-0.13876953125
-0.078955078125
-0.040673828125
-0.002392578125
0.016748046875
0.03349609375
0.035888671875
0.09091796875
0.0478515625
0.031103515625
0.050244140625
0.06220703125
-0.007177734375
-0.002392578125
-0.055029296875
-0.14833984375
-0.189013671875
-0.189013671875
-0.26796875
-0.30146484375
-0.313427734375
-0.380419921875
-0.428271484375
-0.562255859375
-0.686669921875
-0.72255859375
-0.669921875
-0.8900390625
-0.7943359375
-1.05751953125
-1.0623046875
-1.11733398438
-1.35659179688
-1.37094726563
-1.41640625
-1.39248046875
-1.40922851563
-1.435546875
-1.473828125
-1.49057617188
-1.5408203125
-1.56474609375
-1.56953125
-1.61499023438
-1.61499023438
-1.64848632813
-1.68916015625
-1.72504882813
-1.73940429688
-1.68916015625
-1.7705078125
-1.83510742188
-1.87338867188
-1.88295898438
-1.83271484375
-1.65805664063
-0.50244140625
0.13876953125
0.38759765625
0.937890625
1.01684570312
1.32309570313
1.48100585938
1.33505859375
0.81826171875
1.13647460938
0.997705078125
0.976171875
0.638818359375
0.2775390625
-0.133984375
-0.5455078125
-0.322998046875
-0.6125
-0.765625
-0.911572265625
-1.21064453125
-1.39487304688
-1.58627929688
-1.550390625
-1.89013671875
-1.990625
-2.12939453125
-2.17724609375
-2.34233398438
-2.33994140625
-2.26098632812
-2.2490234375
-2.39497070313
-2.14614257813
-2.12221679688
-2.72036132813
-2.99072265625
