0.399560546875
0.279931640625
0.08134765625
-0.0095703125
-0.2583984375
-0.361279296875
-0.466552734375
-0.528759765625
-0.708203125
-0.746484375
-0.466552734375
-0.42109375
-0.586181640625
-0.667529296875
-0.724951171875
-0.9474609375
-1.06469726562
-1.129296875
-1.17954101563
-1.22260742188
-1.42836914063
-1.52407226563
-1.6556640625
-1.78725585938
-1.86860351563
-2.04326171875
-2.13178710938
-2.1341796875
-2.1724609375
-2.20356445313
-2.24663085938
-2.277734375
-2.27294921875
-2.18920898438
-2.12700195313
-2.02412109375
-1.91884765625
-1.894921875
-1.87817382813
-1.83989257813
-1.74418945313
-1.81357421875
-1.51450195313
-1.52885742188
-1.15561523438
-1.13408203125
-0.97138671875
-0.97138671875
-0.796728515625
-0.701025390625
-0.7560546875
-0.619677734375
-0.66513671875
-0.667529296875
-0.677099609375
-0.5837890625
-0.45458984375
-0.44501953125
-0.059814453125
-0.136376953125
-0.0669921875
0.145947265625
-0.00478515625
0.150732421875
0.1435546875
0.088525390625
-0.0765625
-0.040673828125
-0.2009765625
-0.327783203125
-0.4115234375
-0.37802734375
-0.22490234375
-0.11484375
-0.145947265625
-0.10048828125
-0.0095703125
-0.37802734375
0.13876953125
0.25361328125
0.318212890625
0.174658203125
0.153125
0.0287109375
0.0095703125
0.07177734375
0.179443359375
0.356494140625
0.43544921875
0.47373046875
0.514404296875
0.619677734375
0.729736328125
0.765625
0.863720703125
0.937890625
1.03120117188
1.17236328125
1.1771484375
1.26567382813
1.22978515625
1.25849609375
1.44750976562
1.51689453125
1.64370117188
1.71069335938
1.7705078125
1.8375
1.72983398438
1.89970703125
2.06240234375
2.09829101563
2.1341796875
2.14853515625
2.12939453125
2.08872070313
2.01455078125
2.02890625
1.99780273438
1.95473632813
1.87578125
1.9044921875
1.98344726563
1.89731445313
1.92602539063
1.971484375
1.856640625
2.0384765625
2.04565429688
2.06000976563
2.00498046875
2.0384765625
1.98823242188
1.86381835938
1.8470703125
1.95473632813
2.04565429688
2.17963867188
2.17724609375
2.15092773438
2.22509765625
2.30405273438
2.38779296875
2.33276367188
2.55288085938
2.61748046875
2.58876953125
2.60073242188
2.63662109375
2.61030273438
2.58876953125
2.62465820313
2.62465820313
2.62944335938
2.64379882812
2.68686523438
2.65576171875
2.70600585938
2.59833984375
2.69404296875
2.61508789063
2.54331054688
2.49545898438
2.49067382813
2.45
2.41411132813
2.40693359375
2.39497070313
2.34233398438
2.3255859375
2.36865234375
2.44760742188
2.5169921875
2.57202148438
2.53852539063
2.47153320313
2.29926757813
2.51938476563
2.51459960938
2.45717773438
2.469140625
2.48349609375
2.49306640625
2.49545898438
2.4978515625
2.56723632813
2.69165039062
2.75625
2.78256835938
2.91655273438
2.95961914063
2.99072265625
3.18212890625
3.19887695313
3.32568359375
3.31611328125
3.50751953125
3.39028320313
3.44770507813
3.47880859375
3.6654296875
3.51948242188
3.59365234375
3.65107421875
3.63911132813
3.69653320313
3.63671875
3.57690429688
3.74916992188
3.73720703125
3.73720703125
3.70610351563
3.694140625
3.72524414063
3.73720703125
3.65825195313
3.66782226563
3.59365234375
3.55537109375
3.60322265625
3.61518554688
3.57211914063
3.64868164063
3.55776367188
3.61279296875
3.64150390625
3.68217773438
3.6462890625
3.64389648438
3.6080078125
2.9380859375
1.8853515625
1.73701171875
1.56235351563
1.32788085938
1.03837890625
0.825439453125
0.629248046875
0.5455078125
0.055029296875
0.059814453125
0.03349609375
-0.22490234375
-0.337353515625
-0.260791015625
-0.179443359375
-0.318212890625
-0.413916015625
-0.447412109375
-0.440234375
-0.57421875
-0.528759765625
-0.624462890625
-0.634033203125
-0.772802734375
-0.782373046875
-0.863720703125
-0.811083984375
-0.825439453125
-0.8517578125
-0.8708984375
-0.882861328125
-0.86611328125
-0.85654296875
-0.87568359375
-0.873291015625
-0.8421875
-0.801513671875
-0.78955078125
-0.739306640625
-0.5837890625
-0.36845703125
-0.351708984375
-0.29189453125
-0.03349609375
0.031103515625
0.14833984375
0.256005859375
0.29189453125
0.34931640625
0.361279296875
0.42587890625
0.490478515625
0.51201171875
0.48330078125
0.552685546875
0.495263671875
0.43544921875
0.447412109375
0.440234375
0.363671875
0.284716796875
0.1818359375
0.093310546875
0.03349609375
0.035888671875
0.107666015625
-0.117236328125
-0.174658203125
-0.27275390625
-0.363671875
-0.40673828125
-0.720166015625
-0.80390625
-0.921142578125
-1.35419921875
-1.61977539063
-1.88295898438
-2.0193359375
-2.35668945312
-2.316015625
-2.583984375
-2.76821289063
-3.23715820313
-3.45727539063
-3.49555664063
-3.51469726563
-3.53623046875
-3.57211914063
-3.58408203125
-3.6271484375
-3.7802734375
-3.8185546875
-3.828125
-3.85444335938
-3.94536132813
-3.77309570313
-3.694140625
-3.59365234375
-3.49555664063
-3.45966796875
-3.39267578125
-3.35200195313
-3.36635742188
-3.11752929688
-3.00029296875
-2.7849609375
-2.69165039062
-2.59833984375
-2.3638671875
-2.25620117188
-1.93798828125
-1.741796875
-1.65087890625
-1.09580078125
-0.820654296875
-0.308642578125
-0.03828125
0.208154296875
0.784765625
1.02880859375
1.60302734375
1.8375
2.23227539063
2.50024414062
2.737109375
2.92133789063
3.21083984375
3.36396484375
3.47880859375
3.57211914063
3.617578125
3.62954101563
3.63911132813
3.63671875
3.6271484375
3.63193359375
3.58408203125
3.55537109375
3.6080078125
3.65346679688
3.5984375
3.54819335938
3.51469726563
3.44291992188
3.39985351563
3.32568359375
2.98354492188
2.86630859375
2.52416992188
2.26337890625
1.91645507813
1.77768554688
1.55517578125
1.44033203125
1.36137695313
1.15083007813
1.07905273438
0.988134765625
0.945068359375
0.997705078125
0.95703125
0.839794921875
0.724951171875
0.619677734375
0.53115234375
0.53115234375
0.552685546875
0.533544921875
0.555078125
0.52158203125
0.456982421875
0.351708984375
0.3158203125
0.289501953125
0.28232421875
0.26318359375
0.2583984375
0.23447265625
0.1818359375
0.1626953125
0.1052734375
0.09091796875
0.093310546875
0.11484375
0.10048828125
0.136376953125
0.1626953125
0.22490234375
0.270361328125
0.413916015625
0.49765625
0.581396484375
0.691455078125
0.7177734375
0.69384765625
0.899609375
0.98095703125
1.03837890625
1.09819335938
1.13647460938
1.18193359375
1.19150390625
1.23935546875
1.25131835938
1.20346679688
1.20107421875
1.24653320313
1.29677734375
1.30874023438
1.32309570313
1.35419921875
1.41879882813
1.41401367188
1.49775390625
1.53842773438
1.59584960938
1.56953125
1.55756835938
1.58627929688
1.6078125
1.63173828125
1.588671875
1.56953125
1.61020507813
1.56953125
1.6173828125
1.65805664063
1.70590820313
1.741796875
1.703515625
1.84946289063
1.8375
2.08393554688
2.18920898438
2.24423828125
2.27534179688
2.42846679688
2.25141601563
2.296875
2.296875
2.30883789062
2.4404296875
2.3255859375
2.33276367188
2.4021484375
2.41650390625
2.48828125
2.53374023438
2.59116210938
2.469140625
2.583984375
2.5935546875
2.50502929688
2.51220703125
2.545703125
2.57202148438
2.62944335938
2.622265625
2.60551757813
2.5744140625
2.59116210938
2.52177734375
2.354296875
2.37104492188
2.10307617188
1.95952148438
1.83989257813
1.68676757813
1.62456054688
