-1.39965820312
-1.15561523438
-1.15083007813
-0.99052734375
-0.8134765625
-0.533544921875
-0.294287109375
-0.21533203125
0.12919921875
0.27275390625
0.478515625
0.586181640625
0.67470703125
1.1197265625
1.12690429688
1.36616210938
1.57670898438
1.61977539063
1.93559570313
1.97626953125
2.0576171875
2.0671875
2.04086914063
2.086328125
2.13657226563
2.18442382813
2.17006835938
2.22749023438
2.19638671875
2.27534179688
2.3638671875
2.39018554688
2.3734375
2.38540039063
2.4787109375
2.47631835938
2.55048828125
2.59116210938
2.47153320313
2.48110351563
2.5361328125
2.5265625
2.55288085938
2.56005859375
2.47153320313
2.63422851563
2.75146484375
2.78735351562
2.84956054688
2.93569335938
2.97158203125
2.91176757813
3.09360351563
3.08642578125
3.14145507813
3.10556640625
3.33525390625
3.38549804688
3.37114257813
3.40224609375
3.4931640625
3.48837890625
3.42138671875
3.45249023438
3.46206054688
3.46684570313
3.3783203125
3.26826171875
3.26108398438
3.42377929688
3.64389648438
3.54340820313
3.58168945313
3.64150390625
3.64389648438
3.65825195313
3.66782226563
3.53623046875
3.44770507813
3.48837890625
3.49555664063
3.521875
3.6080078125
3.655859375
3.69174804688
3.73720703125
3.75395507813
4.00278320313
4.04584960938
4.10805664063
4.22529296875
4.34731445313
4.36884765625
4.35209960938
4.6033203125
4.6798828125
4.65834960938
4.70380859375
4.73012695313
4.71098632813
4.69423828125
4.70380859375
4.6990234375
4.60810546875
4.5650390625
4.45498046875
4.3353515625
4.13676757813
4.0865234375
4.00517578125
3.86879882813
3.84965820313
3.97407226563
3.87358398438
3.84248046875
4.03149414062
4.06259765625
4.00517578125
3.97885742188
3.90229492188
3.65346679688
3.60561523438
3.311328125
3.16538085938
2.83759765625
2.67729492188
2.45478515625
2.33276367188
2.28251953125
2.06000976563
1.971484375
1.856640625
1.79443359375
1.81596679688
1.59345703125
1.4546875
1.26088867188
1.16997070313
1.10537109375
0.90439453125
0.85654296875
0.9091796875
0.62685546875
0.495263671875
0.500048828125
0.471337890625
0.4498046875
0.385205078125
0.37802734375
0.112451171875
-0.00478515625
-0.2201171875
-0.248828125
-0.35888671875
-0.418701171875
-0.42587890625
-0.389990234375
-0.356494140625
-0.3732421875
-0.389990234375
-0.26318359375
-0.256005859375
-0.17705078125
-0.153125
-0.06220703125
-0.02392578125
0.002392578125
0.11005859375
0.227294921875
0.169873046875
0.34453125
0.303857421875
0.28232421875
0.227294921875
0.256005859375
0.23447265625
0.198583984375
0.236865234375
0.17705078125
0.1244140625
0.095703125
0.021533203125
-0.0478515625
-0.0765625
-0.122021484375
-0.24404296875
-0.318212890625
-0.36845703125
-0.509619140625
-0.55029296875
-0.461767578125
-0.67470703125
-0.705810546875
-0.74169921875
-0.784765625
-0.9091796875
-0.978564453125
-0.978564453125
-1.014453125
-0.9283203125
-1.08862304688
-1.10297851563
-1.04794921875
-1.00966796875
-0.9857421875
-0.949853515625
-0.868505859375
-0.80869140625
-0.782373046875
-0.73212890625
-0.715380859375
-0.62685546875
-0.55986328125
-0.5837890625
-0.38759765625
-0.366064453125
-0.212939453125
-0.145947265625
-0.11484375
-0.01435546875
0.098095703125
0.342138671875
0.3732421875
0.418701171875
0.47373046875
0.590966796875
0.57900390625
0.51201171875
0.509619140625
0.428271484375
0.42587890625
0.356494140625
0.19140625
0.203369140625
0.18662109375
-0.136376953125
-0.251220703125
-0.35888671875
-0.45458984375
-0.54072265625
-0.84697265625
-0.949853515625
-1.16040039062
-1.2919921875
-1.41879882813
-1.6748046875
-1.72504882813
-2.00498046875
-2.13178710938
-2.33276367188
-2.43803710938
-2.54809570312
-2.78974609375
-2.8998046875
-2.94287109375
-3.03618164063
-3.24912109375
-3.37353515625
-3.41899414063
-3.66064453125
-3.72763671875
-3.95971679688
-4.06020507813
-4.134375
-4.16069335938
-4.37124023438
-4.306640625
-4.536328125
-4.60571289062
-4.71577148438
-4.746875
-4.81147460938
-4.842578125
-4.74926757812
-4.82583007813
-4.76123046875
-4.73969726563
-4.67749023438
-4.6416015625
-4.612890625
-4.58178710938
-4.49565429688
-4.45498046875
-4.42387695313
-4.41430664062
-4.31381835938
-4.2396484375
-4.28032226563
-4.04106445313
-3.97407226563
-3.77788085938
-3.6845703125
-3.675
-3.44291992188
-3.3974609375
-3.27783203125
-3.21323242188
-2.9955078125
-2.91416015625
-2.77778320313
-2.7083984375
-2.61508789063
-2.430859375
-2.36147460938
-2.27294921875
-2.19877929688
-2.0958984375
-2.06479492188
-1.99301757813
-1.95473632813
-1.9140625
-1.90209960938
-1.8375
-1.78725585938
-1.81118164063
-1.86860351563
-1.91884765625
-1.95234375
-2.04086914063
-2.048046875
-1.99541015625
-2.20356445313
-2.2490234375
-2.29208984375
-2.34951171875
-2.31840820313
-2.56005859375
-2.64379882812
-2.698828125
-2.78256835938
-2.81606445313
-2.85673828125
-2.813671875
-3.05053710938
-3.17016601563
-3.22758789063
-3.3017578125
-3.44291992188
-3.50751953125
-3.37353515625
-3.56733398438
-3.56494140625
-3.65107421875
-3.770703125
-3.808984375
-3.7802734375
-3.79462890625
-3.80419921875
-3.87358398438
-3.83291015625
-3.99560546875
-4.1056640625
-4.11762695313
-4.076953125
-3.92622070313
-3.84248046875
-3.4931640625
-3.3208984375
-3.5123046875
-3.38549804688
-3.41899414063
-3.49794921875
-3.51469726563
-3.47641601563
-3.4931640625
-3.24912109375
-3.119921875
-2.99790039063
-2.47153320313
-1.80400390625
-1.48100585938
-1.052734375
-0.724951171875
-0.44501953125
-0.212939453125
0.078955078125
-0.212939453125
-0.47373046875
-0.49765625
-0.42587890625
-0.459375
-0.155517578125
-0.093310546875
0.270361328125
0.322998046875
0.729736328125
0.973779296875
1.11494140625
1.44750976562
1.51928710938
1.56235351563
1.61977539063
1.5599609375
1.89731445313
1.95712890625
1.94516601563
1.7705078125
1.7896484375
1.4642578125
1.244140625
1.16040039062
1.06469726562
1.00727539063
0.949853515625
0.930712890625
0.825439453125
0.823046875
0.86611328125
0.8708984375
0.844580078125
0.8517578125
0.80869140625
0.85654296875
0.863720703125
0.916357421875
1.1005859375
1.320703125
1.28959960938
1.49296875
1.4642578125
1.86860351563
1.933203125
1.94516601563
2.08872070313
2.11264648438
2.0384765625
2.27534179688
3.0529296875
3.07446289063
3.2634765625
3.33286132813
3.41899414063
3.4931640625
3.55297851563
3.5888671875
3.61518554688
3.58168945313
3.52905273438
3.541015625
3.60561523438
3.52905273438
3.6462890625
3.60561523438
3.37353515625
3.30415039063
3.20366210938
3.15102539063
3.15102539063
3.17255859375
3.16538085938
3.311328125
3.36875
3.45009765625
3.70849609375
3.84487304688
3.9716796875
3.98603515625
3.92143554688
3.808984375
3.68935546875
3.63671875
3.47163085938
3.42138671875
3.4453125
3.2251953125
3.16538085938
3.12231445313
3.12231445313
3.081640625
3.0720703125
3.01704101563
2.96918945313
2.95244140625
2.87827148438
2.84477539063
2.81127929688
2.7466796875
2.775390625
2.90458984375
2.775390625
2.78974609375
2.80888671875
2.81606445313
2.79692382813
2.76103515625
2.622265625
2.78017578125
2.73232421875
2.71079101563
2.64140625
2.47392578125
2.43325195313
2.49306640625
2.57680664063
2.28251953125
2.16528320312
2.36147460938
2.35908203125
2.54809570312
2.58637695313
