-4.26357421875
-4.51479492188
-4.59853515625
-4.61528320313
-4.71098632813
-4.72534179688
-4.804296875
-4.85454101563
-4.612890625
-4.459765625
-4.29467773438
-4.13676757813
-4.01953125
-3.95732421875
-3.86162109375
-3.77548828125
-3.81137695313
-3.57451171875
-3.53623046875
-3.49794921875
-3.2251953125
-3.3400390625
-3.27065429688
-3.38071289063
-3.40224609375
-3.42377929688
-3.25629882813
-2.96201171875
-1.80639648438
-0.873291015625
0.0861328125
1.11015625
2.07915039063
2.71796875
2.74189453125
2.46435546875
2.14853515625
1.71069335938
1.4451171875
1.24892578125
1.03598632813
1.02163085938
1.20346679688
1.5216796875
1.63413085938
1.73461914063
1.9140625
1.99541015625
1.83271484375
1.856640625
1.76572265625
1.60302734375
1.78486328125
1.80161132813
1.63173828125
1.57192382813
1.57192382813
1.56474609375
1.62934570313
1.63413085938
1.62934570313
1.588671875
1.43076171875
1.35180664062
1.49775390625
1.49296875
1.45947265625
1.58388671875
1.63891601563
1.72265625
1.8087890625
1.9810546875
1.82553710938
1.7705078125
1.73461914063
1.67241210938
1.65087890625
1.61499023438
1.65805664063
1.53125
1.63413085938
1.6078125
1.66762695313
1.82314453125
1.80400390625
1.90927734375
1.94755859375
2.00737304688
2.03608398438
1.95473632813
1.894921875
1.96669921875
1.68676757813
1.59584960938
1.512109375
1.50014648438
1.3494140625
1.27045898438
1.26328125
1.17475585938
1.18911132813
1.26328125
1.26567382813
1.21782226563
1.26088867188
1.31831054688
1.28002929688
1.39965820312
1.42119140625
1.58149414063
1.78725585938
1.85903320313
1.88295898438
2.0767578125
2.28251953125
2.38540039063
2.46435546875
2.50502929688
2.60073242188
2.67490234375
2.6126953125
2.83999023438
2.99072265625
3.14145507813
3.31850585938
3.502734375
3.64150390625
3.84008789063
3.84487304688
4.153515625
4.38081054688
4.58657226563
4.40712890625
4.20615234375
4.13916015625
3.8951171875
3.95014648438
3.72763671875
3.6080078125
3.60561523438
3.62954101563
3.6271484375
3.59604492188
3.502734375
3.61040039063
3.5984375
3.5984375
3.56015625
3.52905273438
3.58408203125
3.81616210938
3.48837890625
3.541015625
3.5314453125
3.44291992188
3.40942382813
3.28740234375
3.3017578125
3.26826171875
3.06728515625
3.17016601563
3.1486328125
3.17495117188
3.12709960938
3.09599609375
2.96201171875
2.851953125
2.87109375
2.63422851563
2.5169921875
2.43564453125
2.51938476563
2.5744140625
2.45478515625
2.7275390625
2.70122070313
2.66772460938
2.63422851563
2.51938476563
2.38779296875
2.33276367188
2.33276367188
2.07915039063
2.06000976563
1.94755859375
1.9810546875
2.0671875
2.19638671875
2.33515625
2.36625976563
2.41411132813
2.46196289063
2.45239257812
2.36625976563
2.23706054688
2.1150390625
2.08872070313
1.990625
1.95712890625
1.92841796875
1.88295898438
1.78725585938
1.65805664063
1.588671875
1.59106445313
1.67719726563
1.7609375
1.77768554688
1.69155273438
1.818359375
2.01694335938
1.990625
1.91166992188
1.76333007813
1.70830078125
1.54799804688
1.38051757813
1.22739257813
0.968994140625
0.7560546875
0.399560546875
-0.133984375
-0.442626953125
-0.734521484375
-1.03120117188
-1.17475585938
-1.25131835938
-1.3302734375
-1.44750976562
-1.49775390625
-1.60063476563
-1.3685546875
-1.25849609375
-1.30395507812
-1.36137695313
-1.46904296875
-1.51689453125
-1.60063476563
-1.69873046875
-1.93798828125
-2.1341796875
-1.80161132813
-1.37094726563
-1.25131835938
-1.205859375
-1.23935546875
-1.41162109375
-1.70112304688
-2.07197265625
-2.5361328125
-3.03618164063
-3.33046875
-3.56254882813
-4.1630859375
-4.34731445313
-4.60571289062
-4.61049804688
-4.56264648438
-4.51000976562
-4.42626953125
-4.18461914063
-4.06020507813
-4.13916015625
-3.76591796875
-3.28740234375
-3.04814453125
-3.05771484375
-2.68208007813
-2.5552734375
-2.51220703125
-2.56723632813
-2.5935546875
-2.75625
-2.57680664063
-2.48349609375
-2.7275390625
-2.8041015625
-2.84477539063
-2.85434570313
-2.65576171875
-2.31362304688
-2.42607421875
-2.07197265625
-1.91884765625
-1.741796875
-1.6173828125
-1.53603515625
-1.50732421875
-1.26567382813
-1.05991210938
-0.902001953125
-0.81826171875
-0.6603515625
-0.53115234375
-0.39716796875
-0.413916015625
-0.17705078125
-0.011962890625
0.03349609375
0.251220703125
0.351708984375
0.52158203125
0.528759765625
0.79912109375
1.14365234375
1.08623046875
1.03359375
1.0240234375
0.93310546875
0.902001953125
0.7751953125
0.667529296875
0.7177734375
0.6412109375
0.557470703125
0.634033203125
0.64599609375
0.672314453125
0.73212890625
0.744091796875
0.899609375
0.657958984375
0.595751953125
0.519189453125
0.471337890625
0.440234375
0.399560546875
0.45458984375
0.40673828125
0.452197265625
0.2296875
0.064599609375
-0.03828125
-0.169873046875
-0.404345703125
-0.555078125
-0.634033203125
-1.05034179688
-1.18432617188
-1.32548828125
-1.4642578125
-1.51689453125
-1.54321289063
-1.397265625
-1.47861328125
-1.46665039063
-1.49296875
-1.26567382813
-1.21782226563
-1.1388671875
-1.00727539063
-0.983349609375
-0.8326171875
-0.75126953125
-0.52158203125
-0.746484375
-0.538330078125
-0.361279296875
-0.2775390625
-0.126806640625
0.040673828125
0.05263671875
0.1626953125
0.18662109375
0.394775390625
0.452197265625
0.6890625
0.53115234375
0.758447265625
0.86611328125
1.03359375
1.09580078125
1.39965820312
1.626953125
1.74658203125
1.9619140625
2.05283203125
2.239453125
2.277734375
2.3638671875
2.51220703125
2.74428710938
2.80170898438
2.88784179688
3.03857421875
3.22758789063
3.35439453125
3.41899414063
3.50512695313
3.541015625
3.57451171875
3.5123046875
3.40463867188
3.34243164063
3.11752929688
2.93090820312
2.79692382813
2.62944335938
2.51220703125
2.31123046875
2.24663085938
1.95952148438
1.74897460938
1.8279296875
1.51928710938
1.435546875
1.33745117188
1.22978515625
1.26806640625
1.24653320313
1.28720703125
1.37573242188
1.49057617188
1.55756835938
1.59106445313
1.66762695313
1.72026367188
1.7130859375
1.61259765625
1.53364257813
1.3876953125
1.3015625
1.17475585938
1.03120117188
0.9666015625
0.815869140625
0.75126953125
0.6890625
0.744091796875
0.523974609375
0.547900390625
0.552685546875
0.576611328125
0.5072265625
0.557470703125
0.51201171875
0.57421875
0.5837890625
0.5646484375
0.5359375
0.46416015625
0.380419921875
0.22490234375
0.26318359375
0.0287109375
-0.0669921875
-0.256005859375
-0.29189453125
-0.366064453125
-0.5646484375
-0.686669921875
-0.7560546875
-0.768017578125
-0.768017578125
-0.7560546875
-0.68427734375
-0.6603515625
-0.643603515625
-0.63642578125
-0.555078125
-0.509619140625
-0.471337890625
-0.308642578125
-0.356494140625
-0.366064453125
-0.366064453125
-0.456982421875
-0.32060546875
-0.3349609375
-0.3732421875
-0.325390625
-0.366064453125
-0.337353515625
-0.332568359375
-0.236865234375
-0.2201171875
-0.155517578125
-0.318212890625
-0.485693359375
-0.79912109375
-0.78955078125
-1.17475585938
-1.665234375
-1.87817382813
-2.05283203125
-2.59833984375
-2.88784179688
-2.91176757813
-2.84956054688
-3.02661132812
-3.19169921875
-3.3400390625
-3.39267578125
-3.55297851563
-3.73002929688
-3.78745117188
-3.7515625
-3.5505859375
-3.48837890625
-3.51708984375
