3.07924804688
3.12470703125
3.21801757813
3.27783203125
3.18452148438
3.18452148438
2.98833007813
3.03139648438
2.8328125
2.8423828125
2.80170898438
2.74428710938
2.73471679688
2.70361328125
2.71557617188
2.69643554688
2.75146484375
2.81845703125
2.79692382813
2.79692382813
2.75146484375
2.78735351562
2.79213867188
2.80888671875
2.79213867188
2.84716796875
2.8041015625
2.77778320313
2.70122070313
2.71796875
2.7466796875
2.76103515625
2.7849609375
2.87827148438
2.65815429688
2.59833984375
2.5744140625
2.54331054688
2.58159179688
2.52416992188
2.55048828125
2.47631835938
2.46435546875
2.4595703125
2.41411132813
2.3734375
2.354296875
2.35908203125
2.44521484375
2.29448242188
2.28491210938
2.2107421875
2.15092773438
2.15571289063
2.08154296875
2.06000976563
2.0767578125
2.06000976563
2.086328125
1.97626953125
1.92602539063
1.96909179688
1.95952148438
1.9810546875
1.95952148438
1.9236328125
1.9044921875
1.87578125
1.95473632813
1.77529296875
1.73461914063
1.72983398438
1.70112304688
1.58627929688
1.54799804688
1.74658203125
1.61499023438
1.5216796875
1.5599609375
1.66762695313
1.50971679688
1.47143554688
1.50014648438
1.35180664062
1.3111328125
1.244140625
1.205859375
1.12451171875
1.08623046875
1.06708984375
0.954638671875
0.91396484375
0.811083984375
0.70341796875
0.63642578125
0.576611328125
0.46416015625
0.478515625
0.3349609375
0.275146484375
0.203369140625
0.289501953125
0.083740234375
0.04306640625
-0.019140625
-0.095703125
-0.169873046875
-0.21533203125
-0.35888671875
-0.401953125
-0.476123046875
-0.55986328125
-0.68427734375
-0.739306640625
-0.89482421875
-0.9283203125
-1.08623046875
-1.091015625
-1.17954101563
-1.11733398438
-1.3015625
-1.3111328125
-1.39487304688
-1.47143554688
-1.50732421875
-1.5791015625
-1.60541992188
-1.63413085938
-1.68198242188
-1.69873046875
-1.684375
-1.69873046875
-1.67241210938
-1.6365234375
-1.64130859375
-1.64130859375
-1.63173828125
-1.665234375
-1.71069335938
-1.71069335938
-1.71547851563
-1.70590820313
-1.68916015625
-1.68916015625
-1.69633789063
-1.684375
-1.65087890625
-1.65087890625
-1.65087890625
-1.67001953125
-1.684375
-1.68198242188
-1.68198242188
-1.67241210938
-1.6748046875
-1.64848632813
-1.64848632813
-1.64130859375
-1.64609375
-1.64848632813
-1.64848632813
-1.65087890625
-1.63173828125
-1.61020507813
-1.61020507813
-1.55517578125
-1.53842773438
-1.54560546875
-1.54560546875
-1.52407226563
-1.54321289063
-1.53603515625
-1.53603515625
-1.49536132812
-1.47861328125
-1.4833984375
-1.4833984375
-1.4833984375
-1.43076171875
-1.37573242188
-1.37573242188
-1.397265625
-1.39487304688
-1.46904296875
-1.31591796875
-1.28720703125
-1.24174804688
-1.35419921875
-1.20107421875
-1.2154296875
-1.23217773438
-1.36376953125
-1.21064453125
-1.17475585938
-1.12451171875
-1.22260742188
-1.06948242188
-1.06948242188
-1.091015625
-1.09819335938
-1.09819335938
-1.05991210938
-1.01206054688
-1.0048828125
-1.0048828125
-1.0048828125
-0.997705078125
-0.983349609375
-0.983349609375
-0.973779296875
-1.0240234375
-1.0240234375
-1.129296875
-1.1388671875
-1.09580078125
-1.10776367188
-1.10776367188
-1.14604492188
-1.19868164063
-1.08383789063
-1.23696289063
-1.26567382813
-1.26328125
-1.27763671875
-1.27763671875
-1.32309570313
-1.36376953125
-1.22739257813
-1.38051757813
-1.39008789063
-1.39487304688
-1.38530273438
-1.38530273438
-1.4068359375
-1.4546875
-1.49057617188
-1.49057617188
-1.54321289063
-1.59345703125
-1.60063476563
-1.60063476563
-1.626953125
-1.70830078125
-1.77529296875
-1.77529296875
-1.81596679688
-1.8279296875
-1.83271484375
-1.83271484375
-1.85185546875
-1.89252929688
-1.94755859375
-1.94755859375
-1.96909179688
-1.9810546875
-1.87817382813
-2.03129882813
-2.08872070313
-2.10546875
-2.10546875
-2.07197265625
-2.07915039063
-2.13896484375
-2.13896484375
-2.1533203125
-2.1150390625
-2.10786132813
-2.10786132813
-2.15571289063
-2.1916015625
-2.17485351563
-2.17485351563
-2.162890625
-2.18442382813
-2.22270507813
-2.22270507813
-2.26098632812
-2.2298828125
-2.20834960938
-2.20834960938
-2.22509765625
-2.20834960938
-2.14375
-2.14375
-2.124609375
-2.14614257813
-2.12939453125
-2.12939453125
-2.06000976563
-1.990625
-1.95952148438
-1.95952148438
-1.95234375
-1.9236328125
-1.84467773438
-1.84467773438
-1.77768554688
-1.78247070313
-1.780078125
-1.780078125
-1.70830078125
-1.61259765625
-1.56713867188
-1.56713867188
-1.63413085938
-1.65327148438
-1.53842773438
-1.53842773438
-1.45229492188
-1.45229492188
-1.47143554688
-1.47143554688
-1.44272460938
-1.33984375
-1.25131835938
-1.25131835938
-1.24174804688
-1.21303710938
-1.13168945313
-1.13168945313
-1.08862304688
-1.05751953125
-1.03359375
-1.03359375
-1.02641601563
-1.00009765625
-0.997705078125
-0.997705078125
-1.00966796875
-0.983349609375
-0.925927734375
-0.925927734375
-0.91396484375
-0.911572265625
-0.89482421875
-0.89482421875
-0.916357421875
-0.93310546875
-0.937890625
-0.937890625
-0.9283203125
-0.916357421875
-0.95703125
-0.95703125
-1.01684570312
-1.03598632813
-1.052734375
-1.052734375
-1.08862304688
-1.1388671875
-1.2154296875
-1.2154296875
-1.30874023438
-1.3494140625
-1.30874023438
-1.30874023438
-1.28481445313
-1.3302734375
-1.3685546875
-1.3685546875
-1.40922851563
-1.44033203125
-1.41879882813
-1.41879882813
-1.4642578125
-1.48579101563
-1.473828125
-1.473828125
-1.47861328125
-1.4833984375
-1.52646484375
-1.52646484375
-1.5408203125
-1.50493164063
-1.50732421875
-1.50732421875
-1.52646484375
-1.52646484375
-1.52646484375
-1.52646484375
-1.51450195313
-1.49775390625
-1.47861328125
-1.47861328125
-1.45947265625
-1.48100585938
-1.50014648438
-1.50014648438
-1.5025390625
-1.50971679688
-1.49296875
-1.49296875
-1.50732421875
-1.49536132812
-1.44272460938
-1.44272460938
-1.4259765625
-1.41401367188
-1.53125
-1.378125
-1.35659179688
-1.3685546875
-1.244140625
-1.397265625
-1.3685546875
-1.33505859375
-1.33505859375
-1.35180664062
-1.34462890625
-1.320703125
-1.320703125
-1.31591796875
-1.3111328125
-1.28959960938
-1.28959960938
-1.2537109375
-1.24892578125
-1.27763671875
-1.27763671875
-1.30395507812
-1.3302734375
-1.34223632813
-1.34223632813
-1.34702148438
-1.38051757813
-1.4451171875
-1.4451171875
-1.42119140625
-1.40205078125
-1.41879882813
-1.41879882813
-1.4068359375
-1.42119140625
-1.47143554688
-1.47143554688
-1.50014648438
-1.46904296875
-1.49057617188
-1.49057617188
-1.53364257813
-1.57670898438
-1.6078125
-1.6078125
-1.62456054688
-1.65087890625
-1.67719726563
-1.67719726563
-1.72983398438
-1.75615234375
-1.78725585938
-1.78725585938
-1.83271484375
-1.8662109375
-1.90209960938
-1.90209960938
-1.92841796875
-1.95234375
-1.98583984375
-1.98583984375
-2.02172851562
-2.04565429688
-2.06240234375
-2.06240234375
-2.07915039063
-2.0671875
-2.0671875
-2.0671875
-2.10307617188
-2.08872070313
-2.09350585938
-2.09350585938
-2.0958984375
-2.09829101563
-2.11025390625
-2.11025390625
-2.07915039063
-2.0001953125
-2.0767578125
-1.9236328125
-1.88774414063
-1.87817382813
-1.89970703125
-1.89970703125
-1.87578125
-1.88774414063
-1.92124023438
-1.92124023438
-1.92602539063
-1.90688476563
-1.89970703125
-1.89970703125
-1.933203125
-1.94038085938
-1.93081054688
-1.93081054688
-1.9236328125
-1.92124023438
-1.92841796875
-1.92841796875
-1.94038085938
