-1.63413085938
-1.65805664063
-1.6078125
-1.60541992188
-1.61259765625
-1.57431640625
-1.56953125
-1.60063476563
-1.64609375
-1.67719726563
-1.72504882813
-1.70830078125
-1.7322265625
-1.77290039063
-1.79204101563
-1.88056640625
-1.933203125
-1.92124023438
-2.17006835938
-2.34951171875
-2.50981445313
-2.68447265625
-2.74907226563
-2.8041015625
-2.90698242188
-2.94765625
-3.02661132812
-3.00747070313
-3.07924804688
-3.04814453125
-3.06010742188
-3.10317382813
-3.10078125
-3.10078125
-3.08881835938
-3.043359375
-2.9859375
-2.96440429688
-2.80888671875
-2.775390625
-2.6701171875
-2.6126953125
-2.60073242188
-2.55766601563
-2.52416992188
-2.51459960938
-2.45478515625
-2.46196289063
-2.41650390625
-2.3830078125
-2.37583007813
-2.32080078125
-2.33515625
-2.34233398438
-2.32319335938
-2.32319335938
-2.29448242188
-2.25859375
-2.23466796875
-2.201171875
-2.20356445313
-2.18920898438
-2.1341796875
-2.16528320312
-2.10786132813
-1.93559570313
-1.8375
-1.79204101563
-1.87338867188
-1.9044921875
-1.91884765625
-1.95473632813
-1.98344726563
-1.93081054688
-1.91166992188
-1.90209960938
-1.96669921875
-1.98344726563
-1.93798828125
-1.97626953125
-2.03369140625
-2.03369140625
-2.04326171875
-2.06958007812
-2.07915039063
-2.14614257813
-2.16767578125
-2.28969726563
-2.14853515625
-2.16528320312
-2.22270507813
-2.24663085938
-2.25620117188
-2.2203125
-2.23466796875
-2.24663085938
-2.2107421875
-2.1341796875
-2.06000976563
-2.0958984375
-1.9044921875
-1.95473632813
-1.89013671875
-1.87817382813
-1.95952148438
-1.741796875
-1.74418945313
-1.741796875
-1.73461914063
-1.76572265625
-1.71069335938
-1.56235351563
-1.50971679688
-1.41401367188
-1.31831054688
-1.30395507812
-1.33745117188
-1.30634765625
-1.09819335938
-1.08383789063
-1.1005859375
-1.06708984375
-1.0814453125
-1.21782226563
-1.07426757813
-1.1484375
-1.14125976563
-1.18432617188
-1.18911132813
-1.23935546875
-1.27763671875
-1.33745117188
-1.42119140625
-1.50732421875
-1.51689453125
-1.64609375
-1.78725585938
-1.80639648438
-1.7609375
-1.7609375
-1.78725585938
-1.71069335938
-1.8470703125
-1.85903320313
-1.85185546875
-1.84467773438
-1.96430664063
-1.72744140625
-1.64848632813
-1.58627929688
-1.42119140625
-1.29677734375
-1.15561523438
-0.7369140625
-0.509619140625
-0.380419921875
-0.31103515625
-0.174658203125
-0.09091796875
0.057421875
0.088525390625
0.179443359375
0.169873046875
0.40673828125
0.34931640625
0.34453125
0.363671875
0.567041015625
0.605322265625
0.70341796875
0.7751953125
0.78955078125
0.85654296875
0.882861328125
0.9474609375
1.05034179688
1.205859375
1.49775390625
1.45708007813
1.38530273438
1.39965820312
1.42358398438
1.39008789063
1.50014648438
1.30634765625
1.18193359375
1.09580078125
0.964208984375
1.05512695313
0.7943359375
0.748876953125
0.73212890625
0.657958984375
0.59814453125
0.53115234375
0.485693359375
0.516796875
0.4689453125
0.476123046875
0.55986328125
0.557470703125
0.65556640625
0.753662109375
0.8326171875
1.04555664063
1.21782226563
1.51928710938
1.65087890625
1.94995117188
2.10786132813
2.2490234375
2.33994140625
2.66533203125
2.89501953125
2.9859375
3.21801757813
3.37592773438
3.67260742188
3.74916992188
3.90947265625
3.962109375
4.08173828125
4.13676757813
4.05063476563
4.02192382813
3.91665039063
3.91665039063
3.84965820313
3.80419921875
3.77548828125
3.72763671875
3.732421875
3.67739257813
3.64389648438
3.80419921875
3.57211914063
3.541015625
3.464453125
3.387890625
3.48837890625
3.30893554688
3.25869140625
3.22758789063
3.18212890625
3.13666992188
2.81127929688
2.74428710938
2.4978515625
2.4021484375
2.19638671875
2.08154296875
2.05522460938
1.88774414063
1.79682617188
1.63891601563
1.54799804688
1.42119140625
1.28481445313
1.14365234375
1.1005859375
0.97138671875
0.815869140625
0.677099609375
0.67470703125
0.509619140625
0.401953125
0.313427734375
0.193798828125
0.150732421875
0.1052734375
0.145947265625
0.059814453125
0.026318359375
-0.03349609375
-0.016748046875
-0.165087890625
-0.2201171875
-0.363671875
-0.447412109375
-0.52158203125
-0.57421875
-0.509619140625
-0.49287109375
-0.394775390625
-0.4115234375
-0.404345703125
-0.313427734375
-0.34453125
-0.31103515625
-0.366064453125
-0.389990234375
-0.41630859375
-0.401953125
-0.476123046875
-0.53115234375
-0.55986328125
-0.56943359375
-0.555078125
-0.49765625
-0.88046875
-0.63642578125
-0.8708984375
-0.902001953125
-0.937890625
-1.19389648438
-1.34702148438
-1.56953125
-1.684375
-1.69873046875
-1.86142578125
-1.90688476563
-2.02172851562
-2.04565429688
-2.02651367188
-2.06958007812
-2.05522460938
-2.02172851562
-2.02172851562
-1.96909179688
-1.97387695313
-2.01215820313
-2.11025390625
-2.0767578125
-2.20595703125
-2.14853515625
-2.36147460938
-2.4021484375
-2.58637695313
-2.58876953125
-2.60791015625
-2.72275390625
-2.84716796875
-3.0529296875
-3.11752929688
-3.39267578125
-3.5505859375
-3.67021484375
-3.7802734375
-3.80419921875
-3.8951171875
-3.90708007813
-4.02670898438
-3.99321289063
-3.85922851563
-3.89990234375
-3.97885742188
-3.6462890625
-3.63193359375
-3.57451171875
-3.52666015625
-3.48837890625
-3.48359375
-3.3783203125
-3.35678710938
-3.34482421875
-3.44770507813
-3.52426757813
-3.55537109375
-3.55537109375
-3.61997070313
-3.56254882813
-3.6845703125
-3.71088867188
-3.85444335938
-3.97646484375
-4.076953125
-4.18940429688
-4.15830078125
-4.459765625
-4.44541015625
-4.63442382813
-4.73012695313
-4.73491210938
-4.74926757812
-4.53872070313
-4.6416015625
-4.574609375
-4.43823242188
-4.16787109375
-4.1248046875
-4.11044921875
-3.98125
-3.61518554688
-3.39985351563
-2.890234375
-3.3783203125
-3.005078125
-3.03618164063
-2.95244140625
-2.86630859375
-2.82084960938
-3.21083984375
-3.1486328125
-2.8423828125
-2.73471679688
-2.45
-2.50502929688
-2.61030273438
-2.72275390625
-2.70122070313
-2.85434570313
-2.52895507813
-2.4787109375
-2.45717773438
-2.61987304688
-2.69404296875
-2.17724609375
-1.84946289063
-1.81357421875
-1.72504882813
-1.4833984375
-1.3302734375
-1.10776367188
-1.01684570312
0.52158203125
0.777587890625
0.937890625
1.09819335938
1.22260742188
1.46186523438
1.7705078125
1.73701171875
2.28012695313
2.51220703125
2.69165039062
2.86630859375
2.93330078125
3.01943359375
3.09360351563
3.15581054688
3.17973632813
3.06728515625
3.05053710938
2.83520507812
2.76821289063
2.55288085938
2.59116210938
2.33037109375
2.23466796875
2.239453125
2.2298828125
2.2873046875
2.31362304688
2.39497070313
2.47153320313
2.58876953125
2.49067382813
2.56005859375
2.64858398438
2.73232421875
2.87827148438
2.94765625
2.92133789063
3.18930664063
3.31611328125
3.50751953125
3.5888671875
3.885546875
4.16069335938
4.32099609375
4.54829101563
4.4693359375
4.77080078125
4.89282226562
5.10336914063
5.15122070313
5.13208007812
5.07705078125
5.27563476562
5.29716796875
5.35219726563
5.34741210938
5.21342773438
5.08422851562
5.00048828125
4.96938476563
4.75883789063
4.58657226563
4.55546875
4.57221679688
4.14633789063
3.98125
3.93579101563
3.73481445313
3.43095703125
3.18452148438
3.01704101563
2.64619140625
2.48588867188
2.40932617188
2.17485351563
2.16049804688
2.09350585938
2.12939453125
2.12700195313
2.13896484375
2.18920898438
2.38540039063
2.44521484375
2.53374023438
