2.73471679688
2.8615234375
2.77778320313
3.00029296875
3.1294921875
3.27543945313
3.3208984375
3.47163085938
3.579296875
3.61279296875
3.6080078125
3.579296875
3.43813476563
3.3974609375
3.25151367188
3.1390625
2.966796875
2.85434570313
2.66533203125
2.56484375
2.30883789062
2.17724609375
2.07915039063
1.81118164063
1.5599609375
1.42119140625
1.3302734375
1.04077148438
0.949853515625
0.63642578125
0.5263671875
0.346923828125
0.203369140625
-0.059814453125
-0.1626953125
-0.212939453125
-0.404345703125
-0.33017578125
-0.67470703125
-1.22978515625
-1.33505859375
-1.2537109375
-1.6173828125
-1.80400390625
-1.94995117188
-2.0671875
-2.11264648438
-2.26337890625
-2.354296875
-2.507421875
-2.59594726562
-2.71796875
-2.75385742188
-2.73950195312
-2.92133789063
-2.966796875
-2.75864257813
-2.6509765625
-2.56245117188
-2.60791015625
-2.70600585938
-2.4595703125
-2.39018554688
-2.28012695313
-2.2298828125
-2.18203125
-2.12700195313
-2.0958984375
-2.04565429688
-2.00258789063
-1.9427734375
-1.84946289063
-1.6748046875
-1.665234375
-1.73461914063
-1.75615234375
-1.74897460938
-1.76333007813
-1.82314453125
-1.76572265625
-1.68916015625
-1.73701171875
-2.03369140625
-1.89970703125
-1.780078125
-1.9140625
-2.03129882813
-1.97866210938
-1.8470703125
-2.06958007812
-2.10307617188
-2.16049804688
-2.17963867188
-2.33994140625
-2.4021484375
-2.39497070313
-2.39736328125
-2.5361328125
-2.58876953125
-2.6126953125
-2.75146484375
-2.79453125
-2.87109375
-2.93569335938
-3.01704101563
-3.07446289063
-3.1103515625
-3.23715820313
-3.32329101563
-3.45727539063
-3.50751953125
-3.579296875
-3.64868164063
-3.71567382813
-3.79462890625
-3.80659179688
-3.86879882813
-3.9046875
-3.92622070313
-3.90947265625
-3.95732421875
-3.97407226563
-3.98603515625
-3.99799804688
-3.98125
-3.97885742188
-3.94775390625
-3.84487304688
-3.94536132813
-3.84008789063
-3.80659179688
-3.79223632813
-3.83530273438
-3.8759765625
-3.8376953125
-3.7994140625
-3.79223632813
-3.5697265625
-3.49794921875
-3.30415039063
-3.25869140625
-3.16059570313
-3.1294921875
-3.16059570313
-2.95004882813
-2.91416015625
-2.85913085938
-2.81127929688
-2.80888671875
-2.79931640625
-2.80649414063
-2.79213867188
-2.83041992188
-2.8806640625
-2.89262695313
-2.92133789063
-2.92133789063
-3.00986328125
-3.04575195313
-3.05771484375
-3.09599609375
-3.13188476563
-3.14624023438
-3.16538085938
-3.22041015625
-3.215625
-3.22758789063
-3.23955078125
-3.25151367188
-3.29697265625
-3.27543945313
-3.311328125
-3.30654296875
-3.27543945313
-3.3017578125
-3.29697265625
-3.33046875
-3.36875
-3.38071289063
-3.40942382813
-3.50512695313
-3.49794921875
-3.48837890625
-3.53383789063
-3.52666015625
-3.521875
-3.49077148438
-3.45249023438
-3.54819335938
-3.5984375
-3.4453125
-3.37114257813
-3.4166015625
-3.387890625
-3.33525390625
-3.27783203125
-3.3400390625
-3.17255859375
-3.05053710938
-2.98354492188
-2.9763671875
-3.00029296875
-2.9955078125
-2.97397460938
-3.00747070313
-3.13188476563
-3.196484375
-3.06489257813
-3.2634765625
-3.29697265625
-3.2921875
-3.33286132813
-3.2443359375
-3.41899414063
-3.4357421875
-3.46684570313
-3.41420898438
-3.41181640625
-3.39267578125
-3.31611328125
-3.2921875
-3.24672851563
-3.28740234375
-3.28979492188
-3.29936523438
-3.29936523438
-3.3017578125
-3.22998046875
-3.17255859375
-3.10795898438
-2.96440429688
-2.86630859375
-2.851953125
-2.6126953125
-2.34711914063
-2.05522460938
-1.94755859375
-1.8087890625
-1.60302734375
-1.53842773438
-1.35419921875
-1.244140625
-1.06948242188
-1.0240234375
-1.01923828125
-0.7560546875
-0.657958984375
-0.552685546875
-0.60771484375
-0.409130859375
-0.370849609375
-0.404345703125
-0.423486328125
-0.46416015625
-0.471337890625
-0.610107421875
-0.720166015625
-0.823046875
-0.997705078125
-1.17236328125
-1.27524414063
-1.37333984375
-1.46904296875
-1.54560546875
-1.67001953125
-1.72504882813
-1.780078125
-1.80161132813
-1.90927734375
-1.933203125
-1.97626953125
-1.98583984375
-2.01215820313
-2.03369140625
-2.06240234375
-2.04086914063
-2.0384765625
-2.0384765625
-2.03608398438
-1.98823242188
-1.91166992188
-1.88056640625
-1.933203125
-1.7322265625
-1.6939453125
-1.66044921875
-1.56953125
-1.512109375
-1.44990234375
-1.41640625
-1.42358398438
-1.40922851563
-1.35659179688
-1.38530273438
-1.3494140625
-1.32309570313
-1.33266601563
-1.28002929688
-1.225
-1.15083007813
-1.13168945313
-0.9857421875
-0.937890625
-0.787158203125
-0.708203125
-0.634033203125
-0.48330078125
-0.399560546875
-0.193798828125
-0.133984375
0.3541015625
0.49287109375
0.552685546875
0.629248046875
1.28959960938
1.5982421875
2.10786132813
2.3255859375
2.47392578125
2.59594726562
3.311328125
3.40703125
3.55297851563
3.76831054688
3.7994140625
4.34013671875
4.440625
4.5171875
4.421484375
4.42387695313
4.2779296875
4.33774414063
4.36884765625
4.30185546875
4.18461914063
4.30903320313
4.20615234375
4.344921875
4.27553710938
4.27553710938
4.49565429688
4.45258789063
4.59135742188
4.46455078125
4.34970703125
4.11044921875
3.7228515625
3.46923828125
3.26826171875
3.1390625
2.88784179688
2.38540039063
1.550390625
0.734521484375
0.222509765625
-0.308642578125
-0.65556640625
-0.600537109375
-0.71298828125
-0.753662109375
-0.899609375
-0.75126953125
-0.47373046875
-0.476123046875
-0.3349609375
-0.088525390625
0.3828125
0.63642578125
1.10537109375
1.13647460938
1.59345703125
1.41640625
1.41879882813
1.1580078125
0.823046875
0.571826171875
0.284716796875
0.045458984375
-0.275146484375
-0.3828125
-0.49287109375
-0.638818359375
-0.73212890625
-0.7943359375
-0.81826171875
-0.854150390625
-0.76083984375
-0.83740234375
-0.873291015625
-0.7369140625
-0.701025390625
-0.806298828125
-0.839794921875
-0.9091796875
-0.882861328125
-0.906787109375
-0.92353515625
-0.930712890625
-1.2919921875
-1.39248046875
-1.43793945313
-1.83510742188
-2.0384765625
-2.24663085938
-2.42368164063
-2.57680664063
-2.75146484375
-2.81606445313
-2.928515625
-3.22041015625
-3.25151367188
-3.33764648438
-3.31850585938
-3.28979492188
-3.29936523438
-3.23237304688
-3.25151367188
-3.3591796875
-3.1390625
-3.1390625
-3.08403320313
-3.03139648438
-3.02182617188
-3.10556640625
-3.1103515625
-3.15341796875
-3.16538085938
-3.14624023438
-3.25390625
-3.32807617188
-3.36875
-3.40224609375
-3.56494140625
-3.33764648438
-3.42138671875
-3.2826171875
-3.2443359375
-3.33286132813
-3.28979492188
-3.01225585938
-2.52177734375
-2.0384765625
-1.39487304688
-1.205859375
-0.976171875
-1.11494140625
-2.6509765625
-3.962109375
-4.33295898438
-4.63442382813
-5.3306640625
-5.47182617188
-5.32348632812
-5.16318359375
-4.81625976563
-4.42387695313
-3.90708007813
-3.56733398438
-3.3974609375
-3.24194335938
-3.00986328125
-2.72036132813
-2.62705078125
-2.49067382813
-2.27055664063
-2.14614257813
-2.08154296875
-1.99301757813
-1.93559570313
-1.63413085938
-1.61020507813
-1.27524414063
-1.15561523438
-0.9474609375
-0.882861328125
-0.6890625
-0.614892578125
-0.4689453125
-0.442626953125
-0.275146484375
0.007177734375
0.11005859375
0.208154296875
0.3732421875
0.325390625
0.299072265625
0.440234375
0.557470703125
0.669921875
0.77998046875
0.935498046875
1.05991210938
1.08862304688
1.33745117188
1.2919921875
1.33745117188
1.38051757813
1.29916992188
1.320703125
1.23217773438
