-1.74897460938
-1.74658203125
-1.7130859375
-1.77768554688
-1.7322265625
-1.72504882813
-1.72265625
-1.7896484375
-1.63173828125
-1.59345703125
-1.52885742188
-1.47861328125
-1.44033203125
-1.43076171875
-1.23696289063
-1.11254882812
-0.983349609375
-0.921142578125
-0.954638671875
-0.887646484375
-0.911572265625
-0.9091796875
-0.940283203125
-0.978564453125
-1.0240234375
-1.06708984375
-0.98095703125
-1.03598632813
-0.87568359375
-0.815869140625
-0.7369140625
-0.638818359375
-0.485693359375
-0.20576171875
-0.098095703125
0.16748046875
0.308642578125
0.413916015625
0.346923828125
0.576611328125
0.696240234375
0.772802734375
0.791943359375
1.03120117188
1.1197265625
1.38530273438
1.49296875
1.60541992188
1.7322265625
1.856640625
1.90927734375
1.97626953125
2.12221679688
2.12700195313
2.28012695313
2.35908203125
2.42607421875
2.54331054688
2.68208007813
2.68447265625
2.83759765625
2.9763671875
3.1390625
3.30893554688
3.30654296875
3.45966796875
3.62954101563
3.76591796875
3.71567382813
3.86879882813
3.96450195313
4.05063476563
3.9908203125
4.1439453125
4.26596679688
4.34731445313
4.42866210938
4.41909179688
4.57221679688
4.65595703125
4.70859375
4.78515625
4.8330078125
4.87607421875
4.90478515625
4.88803710938
4.84975585938
4.82104492188
4.77080078125
4.72534179688
4.73251953125
4.68227539063
4.68227539063
4.59614257813
4.53872070313
4.46694335938
4.46694335938
4.38559570313
4.29228515625
4.19418945313
4.12719726562
4.03627929688
3.94536132813
3.86640625
3.7419921875
3.64868164063
3.59125976563
3.51469726563
3.51469726563
3.43095703125
3.37114257813
3.28979492188
3.28979492188
3.1869140625
3.13188476563
3.10317382813
3.03618164063
2.96201171875
2.96201171875
2.90219726563
2.85673828125
2.80888671875
2.72036132813
2.72036132813
2.6796875
2.63422851563
2.53134765625
2.49067382813
2.49067382813
2.47153320313
2.41650390625
2.37583007813
2.37583007813
2.37822265625
2.3638671875
2.296875
2.296875
2.28491210938
2.27294921875
2.25859375
2.25859375
2.22509765625
2.2107421875
2.27055664063
2.27055664063
2.23227539063
2.18920898438
2.18442382813
2.18442382813
2.13178710938
2.14375
2.19399414063
2.19399414063
2.2490234375
2.27534179688
2.25620117188
2.25620117188
2.30883789062
2.430859375
2.48588867188
2.48588867188
2.4787109375
2.5265625
2.60791015625
2.60791015625
2.6701171875
2.64379882812
2.6892578125
2.6892578125
2.82563476563
2.928515625
2.97875976562
2.97875976562
3.02900390625
3.1103515625
3.16059570313
3.16059570313
3.23715820313
3.29458007813
3.32807617188
3.32807617188
3.3783203125
3.4453125
3.50512695313
3.50512695313
3.579296875
3.61997070313
3.64868164063
3.64868164063
3.6845703125
3.68217773438
3.71088867188
3.71088867188
3.7611328125
3.79462890625
3.81137695313
3.81137695313
3.81616210938
3.78505859375
3.75395507813
3.69174804688
3.76591796875
3.61279296875
3.66064453125
3.50751953125
3.46923828125
3.39267578125
3.33764648438
3.31850585938
3.3017578125
3.3017578125
3.23715820313
3.15102539063
3.11752929688
3.06967773438
3.05771484375
3.08881835938
3.09838867188
3.1103515625
3.1869140625
3.081640625
3.234765625
3.22758789063
3.22758789063
3.21801757813
3.21801757813
3.234765625
3.21801757813
3.21801757813
3.1486328125
3.1486328125
3.16059570313
3.1486328125
3.10556640625
3.05053710938
2.9380859375
2.9380859375
2.86630859375
2.8041015625
2.775390625
2.72036132813
2.66772460938
2.66772460938
2.622265625
2.56005859375
2.51220703125
2.51220703125
2.43803710938
2.35908203125
2.25620117188
2.16528320312
2.26337890625
2.11025390625
2.06958007812
2.06240234375
2.01215820313
2.11982421875
1.96669921875
1.95234375
1.92841796875
1.94755859375
1.91884765625
1.91884765625
1.83989257813
1.79921875
1.7609375
1.7609375
1.68198242188
1.65087890625
1.6365234375
1.6365234375
1.6365234375
1.66044921875
1.67241210938
1.67241210938
1.68676757813
1.67241210938
1.67001953125
1.67001953125
1.6939453125
1.74897460938
1.81596679688
1.8853515625
1.94995117188
2.009765625
2.05283203125
2.11025390625
2.17724609375
2.2298828125
2.2298828125
2.26098632812
2.29208984375
2.33754882813
2.33754882813
2.38061523438
2.41411132813
2.47392578125
2.47392578125
2.58637695313
2.36147460938
2.3255859375
2.41889648438
2.55766601563
2.50024414062
2.63422851563
2.63422851563
2.57680664063
2.61748046875
2.69643554688
2.69643554688
2.74907226563
2.78974609375
2.79213867188
2.82802734375
2.82802734375
2.8998046875
2.9380859375
2.96201171875
2.93569335938
2.88784179688
2.90698242188
2.80649414063
2.95961914063
2.92133789063
2.8615234375
2.85434570313
2.84716796875
2.84716796875
2.83999023438
2.82084960938
2.77299804688
2.77299804688
2.75146484375
2.72036132813
2.71079101563
2.71079101563
2.71079101563
2.69643554688
2.76103515625
2.76103515625
2.86391601563
2.89741210938
2.86391601563
2.86391601563
2.86870117188
2.86630859375
2.80649414063
2.80649414063
2.74907226563
2.69643554688
2.64619140625
2.64619140625
2.57919921875
2.53852539063
2.53374023438
2.53374023438
2.53852539063
2.52416992188
2.4595703125
2.4595703125
2.42368164063
2.41889648438
2.39975585938
2.39975585938
2.33515625
2.23466796875
2.16049804688
2.16049804688
2.11743164062
2.12700195313
2.1341796875
2.1341796875
2.086328125
2.0384765625
2.02172851562
2.02172851562
2.0384765625
1.98823242188
1.84946289063
1.84946289063
1.8279296875
1.86860351563
1.80400390625
1.80400390625
1.77768554688
1.71787109375
1.65087890625
1.65087890625
1.61020507813
1.52885742188
1.48818359375
1.48818359375
1.45229492188
1.38291015625
1.31352539063
1.31352539063
1.2537109375
1.244140625
1.27763671875
1.27763671875
1.23935546875
1.1005859375
1.05512695313
1.05512695313
1.11015625
1.12690429688
1.03598632813
1.03598632813
0.90439453125
0.906787109375
0.86611328125
0.86611328125
0.80390625
0.796728515625
0.91396484375
0.76083984375
0.70341796875
0.66513671875
0.76083984375
0.60771484375
0.605322265625
0.61728515625
0.648388671875
0.495263671875
0.385205078125
0.3541015625
0.33974609375
0.33974609375
0.34453125
0.327783203125
0.43544921875
0.28232421875
0.279931640625
0.31103515625
0.31103515625
0.294287109375
0.212939453125
0.13876953125
0.13876953125
0.141162109375
0.145947265625
0.1052734375
0.1052734375
0.078955078125
0.09091796875
0.09091796875
0.09091796875
0.016748046875
-0.02392578125
-0.002392578125
-0.002392578125
-0.00478515625
0.016748046875
0.08134765625
0.08134765625
0.069384765625
0.0478515625
0.0765625
0.0765625
0.069384765625
0.05263671875
0.05263671875
0.05263671875
0.0287109375
-0.0095703125
-0.016748046875
-0.016748046875
-0.011962890625
-0.011962890625
-0.035888671875
-0.035888671875
-0.0861328125
-0.112451171875
-0.11962890625
-0.11962890625
-0.141162109375
-0.145947265625
-0.12919921875
-0.12919921875
-0.1435546875
-0.165087890625
-0.287109375
-0.133984375
-0.098095703125
-0.0861328125
-0.088525390625
-0.088525390625
-0.0765625
-0.045458984375
-0.026318359375
-0.026318359375
-0.01435546875
-0.0095703125
-0.133984375
0.019140625
0.035888671875
0.035888671875
0.035888671875
0.055029296875
0.088525390625
