-1.95712890625
-1.95712890625
-1.933203125
-1.9427734375
-1.990625
-2.04326171875
-2.04326171875
-2.07436523438
-2.06958007812
-2.09111328125
-2.09111328125
-2.14135742188
-2.17724609375
-2.18920898438
-2.18920898438
-2.19399414063
-2.17963867188
-2.13896484375
-2.1341796875
-2.1341796875
-2.18442382813
-2.22270507813
-2.22270507813
-2.1724609375
-2.16767578125
-2.239453125
-2.26577148438
-2.26577148438
-2.2873046875
-2.32797851563
-2.34951171875
-2.34951171875
-2.36865234375
-2.41889648438
-2.44760742188
-2.44760742188
-2.48828125
-2.56962890625
-2.47153320313
-2.62465820313
-2.66772460938
-2.68208007813
-2.70361328125
-2.70361328125
-2.72993164063
-2.71079101563
-2.68208007813
-2.68208007813
-2.65576171875
-2.66772460938
-2.78017578125
-2.78017578125
-3.01704101563
-3.08881835938
-3.15341796875
-2.84716796875
-2.59594726562
-2.545703125
-2.57680664063
-2.57680664063
-2.545703125
-2.50024414062
-2.60073242188
-2.44760742188
-2.39975585938
-2.4021484375
-2.40454101562
-2.40454101562
-2.39018554688
-2.3734375
-2.3447265625
-2.3447265625
-2.29926757813
-2.28251953125
-2.28969726563
-2.28969726563
-2.28251953125
-2.29926757813
-2.30405273438
-2.30405273438
-2.3064453125
-2.33754882813
-2.33754882813
-2.33754882813
-2.32319335938
-2.35190429688
-2.38540039063
-2.38540039063
-2.4212890625
-2.469140625
-2.50981445313
-2.50981445313
-2.54809570312
-2.60551757813
-2.68208007813
-2.68208007813
-2.70122070313
-2.698828125
-2.74189453125
-2.74189453125
-2.80649414063
-2.82802734375
-2.83759765625
-2.83759765625
-2.86630859375
-2.85673828125
-2.8615234375
-2.8615234375
-2.8232421875
-2.7083984375
-2.61508789063
-2.61508789063
-2.59594726562
-2.58637695313
-2.50502929688
-2.50502929688
-2.44521484375
-2.46196289063
-2.4595703125
-2.4595703125
-2.43325195313
-2.37822265625
-2.28969726563
-2.28969726563
-2.25141601563
-2.24184570313
-2.239453125
-2.239453125
-2.20356445313
-2.13178710938
-2.10786132813
-2.10786132813
-2.12939453125
-2.12700195313
-2.10786132813
-2.10786132813
-2.11743164062
-2.10307617188
-2.06958007812
-2.06958007812
-2.06479492188
-2.08872070313
-2.12221679688
-2.12221679688
-2.14614257813
-2.15810546875
-2.11264648438
-2.11264648438
-2.09829101563
-2.14853515625
-2.201171875
-2.201171875
-2.2298828125
-2.2298828125
-2.24423828125
-2.21313476562
-2.21313476562
-2.162890625
-2.07436523438
-2.0193359375
-2.02890625
-2.03369140625
-2.03369140625
-2.00498046875
-1.95952148438
-1.96909179688
-1.97866210938
-1.94755859375
-1.95473632813
-1.98344726563
-1.97387695313
-2.13178710938
-2.18681640625
-2.20595703125
-2.27055664063
-2.27055664063
-2.316015625
-2.31123046875
-2.30166015625
-2.26337890625
-2.2490234375
-2.26577148438
-2.36865234375
-2.37583007813
-2.41889648438
-2.44760742188
-2.316015625
-2.469140625
-2.5169921875
-2.5265625
-2.46196289063
-2.38061523438
-2.296875
-2.25620117188
-2.25620117188
-2.23466796875
-2.19877929688
-2.16767578125
-2.2490234375
-2.0958984375
-2.03369140625
-1.99541015625
-1.9810546875
-1.95473632813
-1.95473632813
-1.89252929688
-1.83510742188
-1.82075195313
-1.82075195313
-1.78247070313
-1.73701171875
-1.68676757813
-1.61977539063
-1.61977539063
-1.5408203125
-1.44272460938
-1.39248046875
-1.47622070313
-1.32309570313
-1.225
-1.14604492188
-1.0814453125
-1.0814453125
-0.9953125
-0.89482421875
-0.892431640625
-0.739306640625
-0.59814453125
-0.519189453125
-0.363671875
-0.064599609375
0.05263671875
0.19140625
0.35888671875
0.476123046875
0.581396484375
0.705810546875
0.705810546875
0.887646484375
1.05991210938
1.13168945313
1.13168945313
1.2154296875
1.282421875
1.29438476563
1.29438476563
1.435546875
1.5408203125
1.70112304688
1.83989257813
1.95952148438
2.16049804688
2.39497070313
2.54809570312
2.59594726562
2.622265625
2.622265625
2.660546875
2.70122070313
2.73232421875
2.65336914063
2.80649414063
2.90698242188
2.96440429688
2.9955078125
3.03857421875
3.08881835938
3.16298828125
3.16298828125
3.24912109375
3.29458007813
3.2826171875
3.273046875
3.273046875
3.2443359375
3.196484375
3.16538085938
3.14384765625
3.14384765625
3.12709960938
3.07685546875
3.02421875
3.02421875
3.005078125
2.97158203125
2.93090820312
2.9189453125
2.9189453125
2.91176757813
2.87827148438
2.84956054688
2.84956054688
2.85673828125
2.83999023438
2.79213867188
2.79213867188
2.77060546875
2.75385742188
2.68686523438
2.68686523438
2.65815429688
2.66533203125
2.60791015625
2.60791015625
2.5361328125
2.51459960938
2.507421875
2.507421875
2.48588867188
2.45717773438
2.41889648438
2.3638671875
2.3638671875
2.33994140625
2.31362304688
2.43325195313
2.28012695313
2.2873046875
2.26337890625
2.25380859375
2.25380859375
2.25380859375
2.239453125
2.26337890625
2.26337890625
2.277734375
2.24423828125
2.24423828125
2.19638671875
2.162890625
2.13657226563
2.13657226563
2.086328125
2.0671875
2.09111328125
2.1724609375
2.1724609375
2.20834960938
2.1533203125
2.13178710938
2.13178710938
2.13657226563
2.15810546875
2.14135742188
2.14135742188
2.15571289063
2.21313476562
2.24184570313
2.24184570313
2.26577148438
2.29208984375
2.26577148438
2.26577148438
2.22270507813
2.21791992188
2.22749023438
2.22749023438
2.28251953125
2.39497070313
2.49067382813
2.49067382813
2.58159179688
2.69404296875
2.8041015625
2.91655273438
2.890234375
2.775390625
2.928515625
3.02182617188
3.1103515625
3.16298828125
3.20366210938
3.15102539063
3.30415039063
3.42856445313
3.46206054688
3.38549804688
3.39267578125
3.39267578125
3.67260742188
3.81137695313
3.67739257813
3.98364257813
4.134375
4.19897460938
4.19897460938
4.2587890625
4.30424804688
4.36645507812
4.4310546875
4.47172851563
4.55068359375
4.6416015625
4.68227539063
4.689453125
4.68227539063
4.71098632813
4.73969726563
4.73251953125
4.73251953125
4.71577148438
4.65356445312
4.70859375
4.55546875
4.47651367188
4.40712890625
4.34252929688
4.43583984375
4.28271484375
4.13916015625
4.000390625
3.94057617188
3.88076171875
3.88076171875
3.80180664063
3.694140625
3.78266601563
3.62954101563
3.60083007813
3.75395507813
3.82094726563
3.84487304688
3.90229492188
3.90229492188
4.0099609375
4.09370117188
4.12958984375
4.115234375
4.115234375
4.08891601563
4.08891601563
4.1056640625
4.11044921875
4.11044921875
4.05302734375
3.97646484375
3.9046875
3.9046875
3.7994140625
3.7228515625
3.67021484375
3.63911132813
3.57451171875
3.46923828125
3.43334960938
3.4453125
3.44770507813
3.3974609375
3.25629882813
3.3208984375
3.1677734375
3.1486328125
3.07446289063
2.9859375
2.9859375
2.90698242188
2.79692382813
2.67250976563
2.56723632813
2.44282226563
2.31123046875
2.201171875
2.13178710938
2.02172851562
1.86860351563
1.7705078125
1.741796875
1.67958984375
1.67958984375
1.57670898438
1.50732421875
1.43076171875
1.43076171875
1.35419921875
1.27524414063
1.21064453125
1.1580078125
1.1580078125
1.11015625
1.0431640625
0.940283203125
0.861328125
0.791943359375
0.863720703125
0.710595703125
0.6029296875
0.452197265625
0.308642578125
0.308642578125
0.20576171875
0.07177734375
-0.078955078125
-0.031103515625
-0.184228515625
-0.26318359375
-0.275146484375
-0.289501953125
-0.289501953125
-0.361279296875
-0.428271484375
