3.64389648438
3.61997070313
3.72763671875
3.62475585938
3.521875
3.4453125
3.40703125
3.21323242188
2.15092773438
1.91166992188
1.96669921875
1.66762695313
1.42836914063
1.42358398438
1.25610351562
1.17954101563
1.03120117188
1.02880859375
0.667529296875
0.74169921875
0.571826171875
0.3828125
0.33974609375
0.2392578125
0.193798828125
0.212939453125
0.0861328125
0.0861328125
0.057421875
-0.11484375
-0.23447265625
-0.394775390625
-0.33974609375
-0.45458984375
-0.49765625
-0.523974609375
-0.696240234375
-0.63642578125
-0.9091796875
-0.997705078125
-0.92353515625
-1.16279296875
-1.10297851563
-1.22978515625
-1.29916992188
-1.33266601563
-1.37333984375
-1.33745117188
-1.26567382813
-1.16518554688
-1.13647460938
-1.12451171875
-1.09340820313
-1.06948242188
-0.940283203125
-0.839794921875
-0.490478515625
-0.260791015625
0.0095703125
0.208154296875
0.614892578125
0.739306640625
0.82783203125
0.897216796875
0.9857421875
1.07426757813
1.11494140625
1.08623046875
1.10297851563
1.02163085938
1.052734375
1.02641601563
0.88046875
1.0814453125
0.6986328125
0.701025390625
0.57421875
0.49287109375
0.48330078125
0.428271484375
0.30625
0.44501953125
0.42587890625
0.433056640625
0.251220703125
0.27275390625
0.28232421875
0.260791015625
0.2201171875
0.366064453125
0.4689453125
0.7751953125
1.00727539063
1.2728515625
1.31591796875
1.44750976562
1.49296875
1.588671875
1.60063476563
1.49775390625
1.244140625
1.0240234375
0.868505859375
0.552685546875
0.3349609375
-0.011962890625
-0.13876953125
-0.366064453125
-0.667529296875
-0.86611328125
-1.00249023438
-0.930712890625
-1.14365234375
-1.24174804688
-1.16040039062
-1.1771484375
-1.16279296875
-1.18432617188
-1.17236328125
-1.13647460938
-1.12451171875
-1.04555664063
-0.95224609375
-0.95703125
-0.95703125
-0.96181640625
-0.92353515625
-0.925927734375
-0.906787109375
-0.9091796875
-0.839794921875
-0.64599609375
-0.631640625
-0.734521484375
-0.514404296875
-0.49765625
-0.4880859375
-0.41630859375
-0.318212890625
-0.270361328125
-0.299072265625
-0.433056640625
-0.251220703125
0.04306640625
0.15791015625
0.476123046875
0.748876953125
1.21064453125
1.41401367188
1.86381835938
2.02890625
2.34711914063
2.58159179688
2.64619140625
2.81127929688
2.80888671875
2.89262695313
2.67729492188
2.74428710938
2.49067382813
2.45717773438
2.57202148438
2.38779296875
2.316015625
2.43325195313
2.37104492188
2.4978515625
2.58159179688
2.61508789063
2.71557617188
2.64379882812
2.65815429688
2.63662109375
2.5935546875
2.49545898438
2.44521484375
2.36147460938
2.23706054688
2.05043945313
1.98583984375
1.83032226563
1.78247070313
1.81596679688
1.7322265625
1.58627929688
1.50014648438
1.473828125
1.49536132812
1.43793945313
1.56474609375
1.56474609375
1.61020507813
1.65327148438
1.61977539063
1.65087890625
1.61259765625
1.67001953125
1.51450195313
1.2537109375
1.10537109375
0.878076171875
0.669921875
0.50244140625
0.40673828125
0.456982421875
0.203369140625
0.131591796875
-0.040673828125
-0.133984375
-0.279931640625
-0.26318359375
-0.33974609375
-0.459375
-0.4498046875
-0.42109375
-0.30625
-0.34931640625
-0.275146484375
-0.169873046875
-0.32060546875
-0.3732421875
-0.516796875
-0.56943359375
-0.6220703125
-0.686669921875
-0.624462890625
-0.873291015625
-0.744091796875
-0.77041015625
-0.835009765625
-0.854150390625
-0.954638671875
-1.02880859375
-1.13168945313
-1.24174804688
-1.30634765625
-1.33505859375
-1.27763671875
-1.282421875
-1.14365234375
-1.14604492188
-1.08623046875
-1.0240234375
-1.05751953125
-0.945068359375
-1.08862304688
-1.10537109375
-1.13647460938
-0.921142578125
-0.911572265625
-0.80390625
-0.90439453125
-0.701025390625
-0.715380859375
-0.672314453125
-0.547900390625
-0.562255859375
-0.59814453125
-0.49287109375
-0.41630859375
-0.32060546875
-0.287109375
-0.2296875
-0.2392578125
-0.260791015625
-0.25361328125
-0.30146484375
-0.3732421875
-0.3923828125
-0.332568359375
-0.461767578125
-0.610107421875
-0.37802734375
-0.33974609375
-0.248828125
-0.236865234375
-0.289501953125
-0.098095703125
0.126806640625
-0.102880859375
-0.189013671875
-0.385205078125
-0.500048828125
-0.5837890625
-0.701025390625
-0.86611328125
-0.992919921875
-1.205859375
-1.48818359375
-1.74418945313
-2.0767578125
-2.33754882813
-2.583984375
-2.60073242188
-2.64858398438
-2.6509765625
-2.61748046875
-2.51938476563
-2.31840820313
-2.27055664063
-2.24423828125
-2.1916015625
-2.17724609375
-2.17724609375
-2.17963867188
-2.20834960938
-2.162890625
-2.36147460938
-2.4021484375
-2.59833984375
-2.41411132813
-2.34233398438
-2.25620117188
-2.11264648438
-2.05283203125
-1.93559570313
-1.84467773438
-1.73461914063
-1.62456054688
-1.473828125
-1.37573242188
-1.28002929688
-1.10537109375
-0.93310546875
-0.80390625
-0.691455078125
-0.634033203125
-0.504833984375
-0.4306640625
-0.270361328125
-0.16748046875
0.095703125
0.3158203125
0.595751953125
0.806298828125
0.9666015625
1.19150390625
1.32548828125
1.64848632813
1.79921875
1.94038085938
2.21791992188
2.30166015625
2.3830078125
2.72036132813
3.01943359375
3.21083984375
3.37592773438
3.39267578125
3.75395507813
3.9908203125
4.268359375
4.32338867188
4.36645507812
4.42626953125
4.48129882813
4.44780273438
4.52436523438
4.48129882813
4.53872070313
4.49565429688
4.63920898438
4.689453125
4.84736328125
4.86411132813
4.95263671875
4.9287109375
4.95981445313
5.16557617188
5.2158203125
5.26127929688
5.21821289063
5.32348632812
5.28520507813
5.301953125
4.99331054688
4.89521484375
4.60810546875
4.421484375
4.3162109375
4.08173828125
3.8951171875
3.70610351563
3.28979492188
2.9380859375
2.65336914063
2.11264648438
1.83510742188
1.40444335938
1.10297851563
0.897216796875
0.71298828125
0.677099609375
0.459375
0.33017578125
0.275146484375
0.356494140625
0.3923828125
0.4498046875
0.471337890625
0.53115234375
0.5263671875
0.768017578125
0.882861328125
1.2919921875
1.44990234375
1.94038085938
2.14614257813
2.59116210938
2.60791015625
2.80170898438
2.909375
2.50263671875
2.37583007813
2.40454101562
2.3064453125
2.37822265625
2.28251953125
2.30405273438
2.27294921875
2.27055664063
2.11743164062
2.10546875
2.03369140625
1.83989257813
1.80161132813
1.76572265625
1.72744140625
1.82075195313
1.79443359375
1.79921875
1.63173828125
1.62934570313
1.59106445313
1.54321289063
1.55517578125
1.550390625
1.59106445313
1.41162109375
1.23217773438
1.320703125
1.18671875
0.945068359375
0.79912109375
0.629248046875
0.46416015625
0.246435546875
-0.05263671875
-0.2583984375
-0.6890625
-0.973779296875
-1.44272460938
-1.92841796875
-2.201171875
-2.41171875
-2.55766601563
-2.6796875
-2.78974609375
-3.06489257813
-3.11752929688
-3.12231445313
-3.08642578125
-2.99311523438
-3.043359375
-2.76103515625
-2.64379882812
-2.59594726562
-2.545703125
-2.58637695313
-2.59116210938
-2.60551757813
-2.64619140625
-2.622265625
-2.59594726562
-2.74428710938
-2.5552734375
-2.73950195312
-2.5361328125
-2.55766601563
-2.56962890625
-2.5265625
-2.56962890625
-2.56005859375
-2.64140625
-2.70361328125
-2.775390625
-2.78974609375
-2.84956054688
-2.78735351562
-2.78974609375
-2.8328125
-2.8998046875
-2.86630859375
-2.92373046875
-3.043359375
-3.081640625
-3.24194335938
-3.119921875
-3.15102539063
-3.3017578125
