-0.77041015625
-0.7369140625
-0.72734375
-0.77041015625
-0.9091796875
-0.7560546875
-0.768017578125
-0.78955078125
-0.801513671875
-0.801513671875
-0.823046875
-0.80869140625
-0.8134765625
-0.8134765625
-0.85654296875
-0.906787109375
-0.906787109375
-0.930712890625
-0.899609375
-0.8708984375
-0.8708984375
-0.88046875
-0.9091796875
-0.921142578125
-0.921142578125
-0.930712890625
-0.949853515625
-0.964208984375
-0.964208984375
-0.959423828125
-0.940283203125
-0.9283203125
-0.9283203125
-0.90439453125
-0.91875
-0.949853515625
-0.949853515625
-0.930712890625
-0.892431640625
-0.8900390625
-0.8900390625
-0.88525390625
-0.892431640625
-0.91396484375
-0.91396484375
-0.882861328125
-0.854150390625
-0.85654296875
-0.85654296875
-0.8517578125
-0.82783203125
-0.796728515625
-0.796728515625
-0.765625
-0.777587890625
-0.777587890625
-0.777587890625
-0.7369140625
-0.71298828125
-0.667529296875
-0.667529296875
-0.614892578125
-0.5837890625
-0.571826171875
-0.571826171875
-0.57421875
-0.555078125
-0.523974609375
-0.523974609375
-0.552685546875
-0.555078125
-0.519189453125
-0.519189453125
-0.4880859375
-0.471337890625
-0.471337890625
-0.471337890625
-0.437841796875
-0.41630859375
-0.42587890625
-0.42587890625
-0.4306640625
-0.409130859375
-0.409130859375
-0.42109375
-0.433056640625
-0.389990234375
-0.389990234375
-0.3828125
-0.389990234375
-0.370849609375
-0.370849609375
-0.34453125
-0.34453125
-0.361279296875
-0.361279296875
-0.37802734375
-0.38759765625
-0.3828125
-0.3828125
-0.380419921875
-0.399560546875
-0.385205078125
-0.385205078125
-0.37802734375
-0.41630859375
-0.399560546875
-0.399560546875
-0.361279296875
-0.356494140625
-0.36845703125
-0.36845703125
-0.363671875
-0.33974609375
-0.34453125
-0.34453125
-0.389990234375
-0.385205078125
-0.38759765625
-0.38759765625
-0.428271484375
-0.418701171875
-0.399560546875
-0.399560546875
-0.40673828125
-0.409130859375
-0.3828125
-0.3828125
-0.3828125
-0.3828125
-0.35888671875
-0.35888671875
-0.35888671875
-0.337353515625
-0.456982421875
-0.303857421875
-0.303857421875
-0.30146484375
-0.248828125
-0.248828125
-0.2201171875
-0.227294921875
-0.208154296875
-0.208154296875
-0.198583984375
-0.150732421875
-0.11484375
-0.11484375
-0.117236328125
-0.117236328125
-0.002392578125
-0.155517578125
-0.153125
-0.10048828125
-0.10048828125
-0.074169921875
-0.055029296875
-0.040673828125
-0.040673828125
-0.03828125
-0.016748046875
0.026318359375
0.026318359375
0.03349609375
0.057421875
0.078955078125
0.078955078125
0.069384765625
0.11005859375
0.11005859375
0.11005859375
0.117236328125
0.174658203125
0.19619140625
0.19619140625
0.22490234375
0.246435546875
0.270361328125
0.270361328125
0.27275390625
0.308642578125
0.356494140625
0.337353515625
0.303857421875
0.303857421875
0.303857421875
0.332568359375
0.351708984375
0.332568359375
0.325390625
0.447412109375
0.289501953125
0.172265625
0.356494140625
0.404345703125
0.404345703125
0.404345703125
0.418701171875
0.418701171875
0.4115234375
0.404345703125
0.42587890625
0.39716796875
0.356494140625
0.385205078125
0.413916015625
0.409130859375
0.409130859375
0.42587890625
0.433056640625
0.428271484375
0.447412109375
0.447412109375
0.4498046875
0.428271484375
0.41630859375
0.41630859375
0.413916015625
0.418701171875
0.418701171875
0.409130859375
0.380419921875
0.363671875
0.332568359375
0.30625
0.30625
0.30146484375
0.251220703125
0.241650390625
0.241650390625
0.232080078125
0.179443359375
0.172265625
0.172265625
0.172265625
0.133984375
0.11005859375
0.1244140625
0.016748046875
0.169873046875
0.160302734375
0.133984375
0.011962890625
0.165087890625
0.172265625
0.1626953125
0.1626953125
0.203369140625
0.222509765625
0.236865234375
0.2201171875
0.217724609375
0.265576171875
0.299072265625
0.25361328125
0.322998046875
0.356494140625
0.322998046875
0.322998046875
0.346923828125
0.394775390625
0.409130859375
0.399560546875
0.40673828125
0.40673828125
0.452197265625
0.4880859375
0.49287109375
0.516796875
0.586181640625
0.567041015625
0.54072265625
0.57900390625
0.581396484375
0.586181640625
0.59814453125
0.59814453125
0.595751953125
0.59814453125
0.638818359375
0.638818359375
0.68427734375
0.672314453125
0.64599609375
0.65556640625
0.65556640625
0.657958984375
0.720166015625
0.720166015625
0.748876953125
0.748876953125
0.7560546875
0.746484375
0.746484375
0.78955078125
0.806298828125
0.78955078125
0.78955078125
0.787158203125
0.7943359375
0.791943359375
0.791943359375
0.791943359375
0.811083984375
0.78955078125
0.78955078125
0.765625
0.753662109375
0.724951171875
0.724951171875
0.72255859375
0.748876953125
0.7751953125
0.7751953125
0.777587890625
0.7560546875
0.746484375
0.746484375
0.76083984375
0.739306640625
0.729736328125
0.729736328125
0.734521484375
0.701025390625
0.657958984375
0.657958984375
0.64599609375
0.643603515625
0.624462890625
0.653173828125
0.643603515625
0.643603515625
0.6125
0.6220703125
0.6125
0.63642578125
0.63642578125
0.662744140625
0.669921875
0.696240234375
0.696240234375
0.72734375
0.777587890625
0.823046875
0.835009765625
0.835009765625
0.839794921875
0.823046875
0.81826171875
0.81826171875
0.849365234375
0.87568359375
0.90439453125
0.90439453125
0.940283203125
0.954638671875
0.94267578125
0.94267578125
0.9283203125
0.899609375
0.88525390625
0.88525390625
0.937890625
1.01923828125
1.02641601563
1.02641601563
0.91875
0.8421875
0.8517578125
0.992919921875
1.20107421875
1.39008789063
1.54321289063
1.66044921875
1.7513671875
1.77529296875
1.77529296875
1.76333007813
1.76333007813
1.74897460938
1.75615234375
1.71787109375
1.81596679688
1.66284179688
1.67001953125
1.59106445313
1.53842773438
1.65087890625
1.49775390625
1.45947265625
1.4451171875
1.44272460938
1.43793945313
1.435546875
1.41162109375
1.41162109375
1.38291015625
1.378125
1.3685546875
1.24892578125
1.225
1.23217773438
1.2154296875
1.16279296875
1.14604492188
1.21064453125
1.21064453125
1.25610351562
1.23696289063
1.26328125
1.26328125
1.30874023438
1.3494140625
1.33984375
1.32309570313
1.32309570313
1.397265625
1.45708007813
1.3876953125
1.33266601563
1.24174804688
1.39487304688
1.42358398438
1.43315429688
1.45947265625
1.43076171875
1.43076171875
1.41162109375
1.40922851563
1.41879882813
1.41879882813
1.40205078125
1.39965820312
1.43315429688
1.43315429688
1.41879882813
1.38051757813
1.40922851563
1.40922851563
1.4451171875
1.3876953125
1.38291015625
1.38291015625
1.41401367188
1.39008789063
1.34702148438
1.31591796875
1.35419921875
1.41401367188
1.41162109375
1.41162109375
1.39965820312
1.43076171875
1.4833984375
1.48100585938
1.45229492188
1.48100585938
1.5025390625
1.5025390625
1.512109375
1.5025390625
1.5025390625
1.43315429688
1.37573242188
1.29916992188
1.21064453125
1.19389648438
1.17475585938
1.12690429688
1.1005859375
1.0814453125
1.06948242188
1.05751953125
1.0240234375
1.0240234375
0.95224609375
0.930712890625
0.93310546875
0.93310546875
0.930712890625
0.935498046875
0.911572265625
0.899609375
0.899609375
0.94267578125
0.968994140625
0.959423828125
0.940283203125
1.05751953125
0.90439453125
0.892431640625
0.863720703125
0.70341796875
0.70341796875
0.724951171875
0.72734375
0.708203125
0.72734375
0.72734375
0.71298828125
