-2.10307617188
-2.086328125
-2.04565429688
-2.0193359375
-2.0193359375
-2.01215820313
-1.9810546875
-1.96430664063
-1.96430664063
-1.94995117188
-1.9236328125
-1.91884765625
-1.85903320313
-1.8662109375
-1.87099609375
-1.8375
-1.741796875
-1.7513671875
-1.79682617188
-1.8087890625
-1.74897460938
-1.71069335938
-1.71069335938
-1.75854492188
-1.79204101563
-1.79204101563
-1.7705078125
-1.69155273438
-1.66044921875
-1.69873046875
-1.72744140625
-1.72744140625
-1.75615234375
-1.76572265625
-1.75854492188
-1.7322265625
-1.7322265625
-1.7322265625
-1.741796875
-1.73701171875
-1.70830078125
-1.83032226563
-1.67719726563
-1.67001953125
-1.72744140625
-1.78247070313
-1.78247070313
-1.78725585938
-1.80161132813
-1.80639648438
-1.84467773438
-1.87338867188
-1.87338867188
-1.87099609375
-1.87099609375
-1.87338867188
-1.87338867188
-1.87578125
-1.90209960938
-1.8853515625
-1.990625
-1.8375
-1.84946289063
-1.8470703125
-1.82553710938
-1.82553710938
-1.80161132813
-1.77768554688
-1.741796875
-1.741796875
-1.70830078125
-1.69873046875
-1.65087890625
-1.56953125
-1.56953125
-1.55756835938
-1.56474609375
-1.62456054688
-1.47143554688
-1.41162109375
-1.4259765625
-1.4259765625
-1.397265625
-1.34462890625
-1.28959960938
-1.28959960938
-1.21303710938
-1.167578125
-1.16279296875
-1.16279296875
-1.13168945313
-1.08862304688
-1.04077148438
-1.04077148438
-1.0048828125
-0.945068359375
-0.90439453125
-0.90439453125
-0.861328125
-0.787158203125
-0.73212890625
-0.73212890625
-0.68427734375
-0.64599609375
-0.593359375
-0.593359375
-0.533544921875
-0.44501953125
-0.3923828125
-0.3923828125
-0.3541015625
-0.270361328125
-0.19140625
-0.19140625
-0.141162109375
-0.11484375
-0.122021484375
-0.122021484375
-0.08134765625
-0.019140625
-0.122021484375
0.031103515625
0.102880859375
0.174658203125
0.232080078125
0.275146484375
0.3541015625
0.401953125
0.44501953125
0.394775390625
0.547900390625
0.6220703125
0.6603515625
0.691455078125
0.748876953125
0.748876953125
0.80869140625
0.8421875
1.052734375
1.052734375
1.14604492188
1.14604492188
1.21303710938
1.26328125
1.32548828125
1.40444335938
1.44033203125
1.473828125
1.52885742188
1.5791015625
1.61499023438
1.66762695313
1.75854492188
1.81357421875
1.81118164063
1.83032226563
1.88774414063
1.90688476563
1.90688476563
1.93798828125
2.00258789063
2.05043945313
2.05043945313
2.11982421875
2.2107421875
2.27294921875
2.27294921875
2.29208984375
2.29208984375
2.31362304688
2.3734375
2.3734375
2.4404296875
2.49545898438
2.5744140625
2.5744140625
2.65336914063
2.72036132813
2.78256835938
2.79931640625
2.79931640625
2.813671875
2.90219726563
3.03618164063
3.13427734375
3.17734375
3.17734375
3.22280273438
3.2826171875
3.30415039063
3.30415039063
3.34482421875
3.40463867188
3.45249023438
3.45249023438
3.49794921875
3.5505859375
3.7611328125
3.95732421875
3.93100585938
4.08413085938
4.17744140625
4.24443359375
4.24443359375
4.2970703125
4.34252929688
4.39755859375
4.39755859375
4.4310546875
4.48608398438
4.55786132812
4.55786132812
4.612890625
4.62006835938
4.63203125
4.6416015625
4.66791992188
4.72534179688
4.75405273438
4.77080078125
4.79711914062
4.85454101563
4.86171875
4.86171875
4.86650390625
4.96938476563
5.03159179688
5.03159179688
5.01245117188
4.957421875
4.91674804688
5.00048828125
5.11533203125
5.09858398438
5.13208007812
4.97895507813
4.93349609375
5.00766601563
5.12250976563
5.24692382813
5.24692382813
5.24692382813
5.11293945313
5.07705078125
5.07705078125
5.15122070313
5.20385742188
5.2349609375
5.2349609375
5.18950195313
5.1009765625
5.0626953125
5.0626953125
4.97416992188
4.94545898438
4.99331054688
4.99331054688
4.9669921875
4.90478515625
4.80190429688
4.80190429688
4.77797851563
4.82822265625
4.82822265625
4.82822265625
4.84497070312
4.9287109375
5.08901367188
5.08901367188
5.24453125
5.3498046875
5.44072265625
5.44072265625
5.51728515625
5.59384765625
5.646484375
5.646484375
5.6560546875
5.70151367188
5.75893554688
5.75893554688
5.76372070313
5.70869140625
5.608203125
5.608203125
5.57709960938
5.569921875
5.50532226563
5.50532226563
5.40961914063
5.28759765625
5.19189453125
5.19189453125
5.1392578125
5.06030273438
4.99091796875
4.99091796875
4.94306640625
4.86889648438
4.79233398438
4.79233398438
4.72534179688
4.72055664063
4.71577148438
4.67509765625
4.67509765625
4.63442382813
4.59135742188
4.56264648438
4.54111328125
4.498046875
4.498046875
4.421484375
4.34731445313
4.38559570313
4.23247070313
4.07934570312
3.96450195313
3.87836914063
3.87836914063
3.77309570313
3.6462890625
3.50512695313
3.50512695313
3.40463867188
3.29697265625
3.1677734375
3.1677734375
3.04575195313
2.89262695313
2.737109375
2.737109375
2.57202148438
2.50502929688
2.47153320313
2.47153320313
2.32080078125
2.16767578125
2.02651367188
2.02651367188
1.91166992188
1.81596679688
1.72026367188
1.72026367188
1.62934570313
1.51450195313
1.45708007813
1.45708007813
1.41162109375
1.32788085938
1.22260742188
1.22260742188
1.08862304688
1.00966796875
0.968994140625
0.89482421875
0.801513671875
0.801513671875
0.708203125
0.653173828125
0.590966796875
0.523974609375
0.523974609375
0.48330078125
0.47373046875
0.4880859375
0.476123046875
0.476123046875
0.495263671875
0.50244140625
0.440234375
0.356494140625
0.50244140625
0.52158203125
0.459375
0.413916015625
0.3923828125
0.401953125
0.401953125
0.404345703125
0.40673828125
0.40673828125
0.351708984375
0.270361328125
0.246435546875
0.232080078125
0.172265625
0.107666015625
0.059814453125
0.045458984375
0.00478515625
-0.01435546875
-0.0478515625
-0.11005859375
-0.11005859375
-0.136376953125
-0.184228515625
-0.25361328125
-0.25361328125
-0.2966796875
-0.3541015625
-0.43544921875
-0.43544921875
-0.48330078125
-0.476123046875
-0.523974609375
-0.610107421875
-0.610107421875
-0.648388671875
-0.696240234375
-0.7177734375
-0.7177734375
-0.75126953125
-0.815869140625
-0.882861328125
-0.839794921875
-0.992919921875
-1.091015625
-1.1484375
-1.21782226563
-1.15083007813
-1.30395507812
-1.37333984375
-1.39248046875
-1.42836914063
-1.42836914063
-1.4642578125
-1.48579101563
-1.51689453125
-1.51689453125
-1.550390625
-1.62216796875
-1.665234375
-1.665234375
-1.71547851563
-1.856640625
-1.85424804688
-1.87817382813
-1.91645507813
-1.91645507813
-1.933203125
-1.95952148438
-1.97387695313
-1.97626953125
-1.9810546875
-1.9810546875
-2.009765625
-2.04565429688
-2.06240234375
-2.06240234375
-2.06000976563
-2.03129882813
-2.03129882813
-2.05283203125
-2.0384765625
-1.99541015625
-2.00498046875
-2.01694335938
-2.00498046875
-2.01455078125
-1.93798828125
-1.93798828125
-1.8375
-1.78486328125
-1.83032226563
-1.83032226563
-1.92841796875
-1.9044921875
-1.856640625
-1.97866210938
-1.82553710938
-1.79921875
-1.78725585938
-1.79921875
-1.84467773438
-1.83510742188
-1.83510742188
-1.76333007813
-1.7130859375
-1.67958984375
-1.684375
-1.684375
-1.741796875
-1.74658203125
-1.70590820313
-1.70590820313
-1.72026367188
-1.76333007813
-1.75615234375
-1.75615234375
-1.76572265625
-1.76572265625
-1.71787109375
-1.71547851563
-1.71547851563
-1.7513671875
-1.76333007813
-1.76333007813
-1.79204101563
-1.83271484375
