-3.29936523438
-3.28979492188
-3.28979492188
-3.28979492188
-3.35200195313
-3.22758789063
-3.38071289063
-3.32568359375
-3.28979492188
-3.26108398438
-3.26108398438
-3.234765625
-3.234765625
-3.19887695313
-3.1486328125
-3.10317382813
-3.20366210938
-2.93569335938
-2.93569335938
-2.90219726563
-2.88544921875
-2.80649414063
-2.8806640625
-2.7275390625
-2.69404296875
-2.6126953125
-2.64379882812
-2.49067382813
-2.37583007813
-2.28491210938
-2.21552734375
-2.09111328125
-1.97866210938
-1.91645507813
-1.8279296875
-1.72744140625
-1.72744140625
-1.64848632813
-1.550390625
-1.45229492188
-1.36376953125
-1.31352539063
-1.25849609375
-1.25849609375
-1.22021484375
-1.2154296875
-1.18671875
-1.167578125
-1.167578125
-1.15561523438
-1.129296875
-1.09580078125
-1.052734375
-1.00727539063
-1.00727539063
-0.976171875
-0.949853515625
-0.973779296875
-0.9953125
-0.9953125
-1.01684570312
-1.08383789063
-1.129296875
-1.129296875
-1.205859375
-1.29677734375
-1.34223632813
-1.34223632813
-1.41640625
-1.50971679688
-1.44033203125
-1.59345703125
-1.64370117188
-1.68916015625
-1.7705078125
-1.7705078125
-1.8375
-1.94516601563
-1.91166992188
-2.06479492188
-2.18203125
-2.277734375
-2.16528320312
-2.31840820313
-2.34951171875
-2.39497070313
-2.3064453125
-2.4595703125
-2.51220703125
-2.54809570312
-2.5935546875
-2.5935546875
-2.583984375
-2.55048828125
-2.52177734375
-2.52177734375
-2.50263671875
-2.5169921875
-2.50981445313
-2.50981445313
-2.4787109375
-2.44282226563
-2.39736328125
-2.39736328125
-2.316015625
-2.28491210938
-2.28491210938
-2.32080078125
-2.31840820313
-2.20595703125
-2.23466796875
-2.08154296875
-2.01455078125
-1.971484375
-1.92602539063
-1.92602539063
-1.89970703125
-1.96909179688
-1.96909179688
-2.124609375
-2.24184570313
-2.31840820313
-2.31840820313
-2.37583007813
-2.3255859375
-2.26337890625
-2.26337890625
-2.23466796875
-2.21313476562
-2.201171875
-2.201171875
-2.16767578125
-2.15092773438
-2.14853515625
-2.14853515625
-2.18442382813
-2.21791992188
-2.27534179688
-2.27534179688
-2.32319335938
-2.31362304688
-2.35908203125
-2.35908203125
-2.392578125
-2.392578125
-2.40454101562
-2.40454101562
-2.38540039063
-2.39018554688
-2.39736328125
-2.39736328125
-2.39975585938
-2.39975585938
-2.3638671875
-2.3638671875
-2.33754882813
-2.35190429688
-2.33994140625
-2.33994140625
-2.29926757813
-2.27534179688
-2.25620117188
-2.26337890625
-2.2490234375
-2.24423828125
-2.19877929688
-2.19638671875
-2.22509765625
-2.18442382813
-2.2203125
-2.20595703125
-2.19399414063
-2.24423828125
-2.23466796875
-2.14614257813
-2.13896484375
-2.14135742188
-2.0671875
-2.06240234375
-1.8087890625
-1.72744140625
-1.32309570313
-1.24174804688
-1.16279296875
-1.21782226563
-0.95703125
-0.868505859375
-0.839794921875
-0.669921875
-0.581396484375
-0.401953125
-0.325390625
-0.208154296875
-0.11484375
0.10048828125
0.208154296875
0.46416015625
0.5263671875
0.686669921875
0.8134765625
0.935498046875
1.18193359375
1.36137695313
1.40922851563
1.53125
1.82314453125
1.92841796875
2.0576171875
2.15092773438
2.239453125
2.43564453125
2.49545898438
2.55288085938
2.8806640625
3.02661132812
3.07924804688
3.16059570313
3.29458007813
3.32807617188
3.45727539063
3.50991210938
3.57690429688
3.64150390625
3.68696289063
3.75395507813
3.770703125
3.70131835938
3.885546875
3.88315429688
3.85444335938
3.83530273438
3.85444335938
3.85444335938
3.83291015625
3.83530273438
3.8185546875
3.85444335938
3.86162109375
3.88793945313
3.923828125
3.95014648438
3.97646484375
3.97407226563
4.04584960938
3.99321289063
3.94775390625
3.96928710938
3.98125
3.91665039063
3.88315429688
3.7994140625
3.82333984375
3.92622070313
3.8759765625
3.86162109375
4.01235351563
3.93579101563
3.9908203125
3.97646484375
3.91186523438
3.98364257813
4.03149414062
4.10087890625
4.15830078125
4.16787109375
4.20615234375
4.17744140625
4.22529296875
4.1630859375
4.18701171875
4.15830078125
4.15830078125
4.1439453125
4.1822265625
4.1056640625
4.20854492188
4.16547851563
3.9525390625
3.93818359375
3.98364257813
3.79702148438
3.7515625
3.770703125
3.75874023438
3.68696289063
3.67978515625
3.70610351563
3.61518554688
3.6654296875
3.45966796875
3.27783203125
3.14145507813
3.10795898438
3.08881835938
3.0337890625
3.02661132812
2.92133789063
3.11752929688
3.08642578125
3.1390625
3.14384765625
3.10795898438
3.0912109375
3.0720703125
3.02900390625
2.98354492188
2.96201171875
2.89741210938
2.8423828125
2.80888671875
2.7275390625
2.75385742188
2.65815429688
2.62944335938
2.58876953125
2.5265625
2.52177734375
2.46674804688
2.46196289063
2.4404296875
2.40932617188
2.3638671875
2.32319335938
2.27055664063
2.1724609375
2.13896484375
2.11743164062
2.11982421875
2.1724609375
2.17485351563
2.15092773438
2.15810546875
2.14135742188
2.15092773438
2.07197265625
2.07915039063
2.11743164062
2.06958007812
2.00258789063
1.99541015625
1.99541015625
1.94516601563
1.93559570313
1.96430664063
1.97626953125
1.990625
2.05522460938
2.06000976563
2.21552734375
2.25141601563
2.39736328125
2.50981445313
2.603125
2.59116210938
2.71318359375
2.66293945313
2.72993164063
2.8041015625
2.78974609375
2.68686523438
2.53852539063
2.47631835938
2.36147460938
1.91166992188
1.87338867188
1.82553710938
1.68676757813
1.75615234375
1.63891601563
1.42119140625
1.34223632813
1.2919921875
1.04555664063
1.0431640625
0.839794921875
0.8134765625
0.669921875
0.60771484375
0.48330078125
0.3541015625
0.184228515625
0.095703125
-0.1052734375
-0.18662109375
-0.275146484375
-0.3349609375
-0.34453125
-0.409130859375
-0.547900390625
-0.59814453125
-0.629248046875
-0.590966796875
-0.605322265625
-0.5359375
-0.504833984375
-0.509619140625
-0.456982421875
-0.3828125
-0.337353515625
-0.4498046875
-0.17705078125
-0.093310546875
-0.078955078125
-0.11484375
-0.107666015625
-0.141162109375
-0.0478515625
0.02392578125
-0.045458984375
-0.093310546875
-0.117236328125
-0.222509765625
-0.265576171875
-0.32060546875
-0.313427734375
-0.34931640625
-0.38759765625
-0.43544921875
-0.471337890625
-0.456982421875
-0.49287109375
-0.466552734375
-0.65556640625
-0.753662109375
-0.825439453125
-0.84697265625
-0.8517578125
-0.858935546875
-0.899609375
-0.925927734375
-0.973779296875
-0.9953125
-1.01206054688
-1.02880859375
-1.05991210938
-1.08862304688
-1.129296875
-1.11254882812
-1.16518554688
-1.1771484375
-1.15322265625
-1.16997070313
-1.19150390625
-1.26088867188
-1.33266601563
-1.3876953125
-1.4833984375
-1.51689453125
-1.54799804688
-1.550390625
-1.60063476563
-1.58627929688
-1.67958984375
-1.703515625
-1.63413085938
-1.73701171875
-1.8279296875
-1.7609375
-1.66044921875
-1.6365234375
-1.70112304688
-2.11264648438
-2.3638671875
-2.354296875
-2.35668945312
-2.38779296875
-2.44521484375
-2.5361328125
-2.5361328125
-2.60073242188
-2.38061523438
-2.41889648438
-2.22749023438
-2.20834960938
-2.0193359375
-1.9044921875
-1.80161132813
-1.68916015625
-1.588671875
-1.50732421875
-1.28002929688
-1.1962890625
-1.16997070313
-1.12690429688
-0.878076171875
-0.72255859375
-0.461767578125
-0.423486328125
-0.428271484375
-0.413916015625
-0.332568359375
-0.25361328125
-0.174658203125
-0.17705078125
-0.1626953125
-0.17705078125
-0.236865234375
-0.248828125
-0.287109375
-0.246435546875
