-1.7130859375
-1.57670898438
-1.41162109375
-1.44272460938
-1.40922851563
-1.61259765625
-1.65087890625
-1.69155273438
-1.83510742188
-1.94516601563
-2.0193359375
-2.21791992188
-2.38061523438
-2.5552734375
-2.68686523438
-2.72275390625
-2.74428710938
-2.72036132813
-2.63901367188
-2.55048828125
-2.3255859375
-2.12221679688
-1.9044921875
-1.73940429688
-1.66284179688
-1.4259765625
-1.37573242188
-1.0431640625
-0.9857421875
-0.744091796875
-0.55029296875
-0.44501953125
-0.342138671875
-0.44501953125
-0.327783203125
-0.404345703125
-0.322998046875
-0.57421875
-0.744091796875
-0.902001953125
-0.992919921875
-1.167578125
-1.2728515625
-1.34462890625
-1.512109375
-1.60541992188
-1.6556640625
-1.77529296875
-1.67241210938
-1.58388671875
-1.22021484375
-0.768017578125
-0.39716796875
0.0095703125
0.34931640625
0.806298828125
1.1197265625
1.80400390625
2.2203125
2.660546875
3.06010742188
3.44052734375
3.66782226563
3.85922851563
3.93579101563
3.96450195313
4.01713867188
3.97885742188
3.99560546875
3.85444335938
3.7611328125
3.63911132813
3.44770507813
3.22998046875
3.10078125
2.84716796875
2.66772460938
2.4787109375
2.23706054688
1.90688476563
1.54799804688
1.35659179688
1.08862304688
0.959423828125
0.978564453125
0.925927734375
1.0240234375
1.16279296875
1.225
1.28720703125
1.61259765625
1.87578125
2.009765625
2.56962890625
2.80888671875
3.15581054688
3.38071289063
3.91665039063
4.21811523438
4.3353515625
4.74208984375
4.77797851563
5.053125
5.10815429688
5.16557617188
5.06987304688
4.96459960938
5.04116210938
4.746875
4.9669921875
4.93110351563
4.88803710938
4.7947265625
4.76362304688
4.6033203125
4.52915039063
4.27553710938
4.12719726562
3.8568359375
3.8568359375
3.87836914063
3.92622070313
3.95493164063
3.71806640625
3.25629882813
2.93569335938
2.75385742188
2.49545898438
2.04326171875
1.7896484375
1.41640625
1.00966796875
0.394775390625
-0.916357421875
-1.45229492188
-1.7609375
-2.33994140625
-2.660546875
-2.737109375
-2.7849609375
-2.66772460938
-2.85913085938
-2.62465820313
-2.8423828125
-2.851953125
-2.97875976562
-2.91416015625
-2.83759765625
-2.72514648438
-2.68447265625
-2.53374023438
-2.29926757813
-2.0671875
-1.61259765625
-1.49296875
-1.22739257813
-0.9953125
-0.768017578125
-0.504833984375
-0.423486328125
-0.36845703125
-0.327783203125
-0.217724609375
-0.2775390625
-0.112451171875
-0.016748046875
-0.01435546875
0.016748046875
0.122021484375
0.189013671875
0.33974609375
0.586181640625
0.8708984375
1.12451171875
1.27524414063
1.4546875
1.67958984375
1.73461914063
1.78725585938
1.72265625
1.7130859375
1.65805664063
1.57192382813
1.45947265625
1.4068359375
1.36616210938
1.07426757813
0.830224609375
0.370849609375
0.11484375
-0.01435546875
-1.33505859375
-1.78725585938
-2.3064453125
-2.7466796875
-2.98115234375
-3.081640625
-3.081640625
-3.24194335938
-3.51469726563
-3.02661132812
-3.119921875
-3.20126953125
-3.25629882813
-3.41181640625
-3.53623046875
-3.63911132813
-3.79462890625
-4.04106445313
-4.40712890625
-4.94306640625
-5.23017578125
-5.41440429688
-5.90009765625
-6.24223632813
-6.66811523438
-7.21123046875
-7.46245117188
-7.68256835938
-7.79501953125
-7.43134765625
-6.95043945313
-6.13696289063
-5.82592773438
-5.26845703125
-4.68227539063
-4.0673828125
-2.40932617188
-2.40454101562
-2.52895507813
-2.70122070313
-2.92133789063
-3.11274414063
-3.35678710938
-3.50991210938
-3.59365234375
-3.40463867188
-3.50512695313
-3.39028320313
-3.28500976563
-3.12470703125
-2.96440429688
-2.737109375
-2.69643554688
-2.73950195312
-2.909375
-2.87109375
-3.07685546875
-3.24194335938
-3.14384765625
-2.90219726563
-2.64858398438
-2.18442382813
-1.894921875
-1.51450195313
-1.358984375
-1.0623046875
-0.801513671875
-0.490478515625
-0.50244140625
-0.46416015625
-0.363671875
-0.351708984375
-0.236865234375
-0.153125
0.165087890625
0.65556640625
0.899609375
1.01923828125
1.28002929688
1.86142578125
2.11982421875
2.34951171875
2.49306640625
2.77060546875
2.92133789063
3.17255859375
3.25629882813
3.4548828125
3.64868164063
3.74916992188
3.7515625
3.96928710938
4.02192382813
4.08413085938
4.1248046875
4.17744140625
4.21333007813
4.25161132813
4.27075195312
4.18461914063
4.17265625
4.14873046875
4.03627929688
3.94775390625
3.83530273438
3.61997070313
3.53383789063
3.39267578125
3.29697265625
3.2251953125
3.18212890625
2.93330078125
2.7658203125
2.60551757813
2.583984375
2.32319335938
2.18203125
2.1150390625
2.10068359375
2.13896484375
2.12221679688
2.16528320312
2.22749023438
2.31123046875
2.6126953125
2.813671875
2.96201171875
3.0720703125
3.6271484375
3.84008789063
4.16069335938
4.41430664062
4.42626953125
4.6224609375
4.7564453125
4.67270507813
4.8234375
4.88803710938
4.8234375
4.95024414063
4.84497070312
4.86171875
4.746875
4.67270507813
4.58896484375
4.47651367188
4.45258789063
4.38559570313
4.37602539063
4.43583984375
4.25639648438
4.14633789063
3.96450195313
3.76831054688
3.43334960938
3.11752929688
3.0337890625
3.234765625
3.22041015625
3.64150390625
3.79702148438
3.88793945313
3.83530273438
3.694140625
3.46923828125
3.27543945313
2.77060546875
2.4404296875
1.70112304688
1.16279296875
0.48330078125
-0.095703125
-0.4880859375
-0.88046875
-1.14125976563
-1.39965820312
-1.42119140625
-1.72026367188
-1.73701171875
-1.703515625
-1.81118164063
-1.6078125
-1.67719726563
-1.47622070313
-1.49775390625
-1.32788085938
-1.26088867188
-1.1580078125
-1.1962890625
-1.052734375
-0.835009765625
-1.052734375
-1.19150390625
-1.30874023438
-2.0958984375
-2.28012695313
-2.296875
-2.16049804688
-2.10307617188
-1.72744140625
-1.48100585938
-0.835009765625
-0.471337890625
-0.27275390625
0.055029296875
0.210546875
0.38759765625
0.634033203125
0.77041015625
0.9857421875
1.13647460938
1.11254882812
1.07905273438
1.01684570312
0.988134765625
0.897216796875
0.80869140625
0.65078125
0.514404296875
0.33017578125
0.155517578125
0.002392578125
-0.198583984375
-0.4306640625
-0.466552734375
-0.6603515625
-0.988134765625
-1.21064453125
-1.42119140625
-1.6078125
-1.69633789063
-1.73940429688
-1.971484375
-2.03608398438
-2.06240234375
-2.19399414063
-2.33276367188
-2.3447265625
-2.37104492188
-2.47631835938
-2.8615234375
-2.9859375
-3.13666992188
-3.25629882813
-3.34243164063
-3.46206054688
-3.64389648438
-3.82333984375
-3.93818359375
-4.04584960938
-4.26357421875
-4.421484375
-4.63920898438
-4.82822265625
-5.00766601563
-4.93349609375
-5.22299804688
-5.39047851563
-5.49814453125
-5.55317382813
-5.74936523438
-5.76611328125
-5.81635742188
-5.92880859375
-6.00297851563
-6.125
-6.24702148438
-6.31640625
-6.23984375
-6.15131835938
-5.99340820312
-5.72783203125
-5.4072265625
-4.98374023438
-4.50522460938
-3.99560546875
-3.45966796875
-2.87348632813
-2.354296875
-1.67241210938
-1.2537109375
-1.16997070313
-0.81826171875
-0.662744140625
-0.4115234375
-0.2392578125
0.031103515625
0.313427734375
0.516796875
0.662744140625
0.7943359375
0.787158203125
0.77041015625
0.763232421875
0.72255859375
0.734521484375
0.74169921875
0.49765625
0.394775390625
0.189013671875
0.045458984375
0.02392578125
-0.11962890625
-0.232080078125
-0.356494140625
-0.538330078125
-0.557470703125
-0.48330078125
-0.36845703125
