-0.744091796875
-0.66513671875
-0.6412109375
-0.64599609375
-0.60771484375
-0.59814453125
-0.595751953125
-0.576611328125
-0.65078125
-0.66513671875
-0.6890625
-0.705810546875
-0.701025390625
-0.705810546875
-0.708203125
-0.744091796875
-0.772802734375
-0.84697265625
-0.8517578125
-0.861328125
-0.791943359375
-0.830224609375
-0.820654296875
-0.787158203125
-0.79912109375
-0.787158203125
-0.791943359375
-0.748876953125
-0.73212890625
-0.70341796875
-0.69384765625
-0.667529296875
-0.667529296875
-0.681884765625
-0.614892578125
-0.5646484375
-0.538330078125
-0.476123046875
-0.404345703125
-0.3923828125
-0.4115234375
-0.52158203125
-0.543115234375
-0.485693359375
-0.724951171875
-0.763232421875
-0.643603515625
-0.55029296875
-0.461767578125
-0.459375
-0.581396484375
-0.59814453125
-0.590966796875
-0.557470703125
-0.4880859375
-0.43544921875
-0.42587890625
-0.3923828125
-0.37802734375
-0.366064453125
-0.227294921875
-0.107666015625
-0.059814453125
-0.3158203125
-0.43544921875
-0.26318359375
-0.2583984375
-0.184228515625
-0.198583984375
-0.15791015625
-0.165087890625
-0.21533203125
-0.227294921875
-0.22490234375
-0.2583984375
-0.27275390625
-0.22490234375
-0.16748046875
-0.0765625
-0.064599609375
-0.069384765625
-0.074169921875
-0.088525390625
-0.107666015625
-0.098095703125
-0.1435546875
-0.2009765625
-0.232080078125
-0.337353515625
-0.35888671875
-0.394775390625
-0.4115234375
-0.456982421875
-0.56943359375
-0.5646484375
-0.3828125
-0.2966796875
-0.12919921875
-0.153125
-0.222509765625
-0.299072265625
-0.375634765625
-0.42587890625
-0.46416015625
-0.447412109375
-0.433056640625
-0.418701171875
-0.42587890625
-0.476123046875
-0.45458984375
-0.45458984375
-0.4880859375
-0.485693359375
-0.586181640625
-0.418701171875
-0.40673828125
-0.409130859375
-0.36845703125
-0.33974609375
-0.375634765625
-0.37802734375
-0.389990234375
-0.42109375
-0.4689453125
-0.5263671875
-0.52158203125
-0.49765625
-0.60771484375
-0.49287109375
-0.509619140625
-0.51201171875
-0.485693359375
-0.42587890625
-0.4115234375
-0.39716796875
-0.404345703125
-0.43544921875
-0.46416015625
-0.4498046875
-0.4498046875
-0.447412109375
-0.500048828125
-0.547900390625
-0.552685546875
-0.59814453125
-0.6029296875
-0.586181640625
-0.57900390625
-0.567041015625
-0.552685546875
-0.590966796875
-0.581396484375
-0.65078125
-0.600537109375
-0.648388671875
-0.638818359375
-0.605322265625
-0.57900390625
-0.538330078125
-0.5837890625
-0.55986328125
-0.81826171875
-0.777587890625
-0.490478515625
-0.495263671875
-0.52158203125
-0.581396484375
-0.720166015625
-0.624462890625
-0.593359375
-0.61728515625
-0.657958984375
-0.68427734375
-0.6794921875
-0.681884765625
-0.66513671875
-0.65556640625
-0.64599609375
-0.6220703125
-0.64599609375
-0.65078125
-0.6890625
-0.681884765625
-0.6986328125
-0.729736328125
-0.696240234375
-0.708203125
-0.74169921875
-0.6986328125
-0.677099609375
-0.63642578125
-0.6412109375
-0.6890625
-0.653173828125
-0.68427734375
-0.686669921875
-0.686669921875
-0.691455078125
-0.63642578125
-0.619677734375
-0.58857421875
-0.62685546875
-0.571826171875
-0.538330078125
-0.552685546875
-0.4689453125
-0.4689453125
-0.447412109375
-0.409130859375
-0.3828125
-0.40673828125
-0.409130859375
-0.3828125
-0.327783203125
-0.303857421875
-0.2966796875
-0.26796875
-0.299072265625
-0.409130859375
-0.423486328125
-0.459375
-0.500048828125
-0.509619140625
-0.4689453125
-0.500048828125
-0.590966796875
-0.442626953125
-0.60771484375
-0.490478515625
-0.509619140625
-0.485693359375
-0.49765625
-0.571826171875
-0.5837890625
-0.65078125
-0.69384765625
-0.708203125
-0.74169921875
-0.73212890625
-0.65078125
-0.610107421875
-0.5072265625
-0.72255859375
-0.76083984375
-0.820654296875
-0.801513671875
-0.806298828125
-0.7751953125
-0.76083984375
-0.758447265625
-0.7751953125
-0.835009765625
-0.7751953125
-0.765625
-0.7560546875
-0.68427734375
-0.66513671875
-0.667529296875
-0.758447265625
-0.8134765625
-0.7943359375
-0.81826171875
-0.784765625
-0.820654296875
-0.8326171875
-0.768017578125
-0.784765625
-0.79912109375
-0.820654296875
-0.830224609375
-0.835009765625
-0.83740234375
-0.87568359375
-0.861328125
-0.882861328125
-0.89482421875
-0.8900390625
-0.873291015625
-0.863720703125
-0.878076171875
-0.892431640625
-0.8900390625
-0.8708984375
-0.84697265625
-0.8326171875
-0.878076171875
-0.88525390625
-0.88525390625
-0.868505859375
-0.8421875
-0.787158203125
-0.782373046875
-0.772802734375
-0.806298828125
-0.7943359375
-0.784765625
-0.76083984375
-0.6890625
-0.657958984375
-0.66513671875
-0.65078125
-0.669921875
-0.75126953125
-0.55986328125
-0.504833984375
-0.47373046875
-0.52158203125
-0.538330078125
-0.57421875
-0.562255859375
-0.57900390625
-0.60771484375
-0.643603515625
-0.6794921875
-0.6890625
-0.77041015625
-0.763232421875
-0.80390625
-0.8134765625
-0.81826171875
-0.87568359375
-0.844580078125
-0.868505859375
-0.83740234375
-0.81826171875
-0.772802734375
-0.75126953125
-0.7943359375
-0.80390625
-0.82783203125
-0.811083984375
-0.739306640625
-0.708203125
-0.669921875
-0.672314453125
-0.677099609375
-0.64599609375
-0.624462890625
-0.581396484375
-0.6029296875
-0.593359375
-0.590966796875
-0.634033203125
-0.6890625
-0.681884765625
-0.720166015625
-0.73212890625
-0.75126953125
-0.7943359375
-0.8134765625
-0.796728515625
-0.820654296875
-0.863720703125
-0.858935546875
-0.863720703125
-0.892431640625
-0.882861328125
-0.935498046875
-0.9091796875
-0.8517578125
-0.949853515625
-0.897216796875
-1.06708984375
-0.925927734375
-1.06469726562
-0.906787109375
-0.868505859375
-0.899609375
-0.892431640625
-0.873291015625
-0.88046875
-0.899609375
-0.882861328125
-0.858935546875
-0.835009765625
-0.835009765625
-0.835009765625
-0.80869140625
-0.772802734375
-0.68427734375
-0.75126953125
-0.830224609375
-0.873291015625
-0.8326171875
-0.67470703125
-0.631640625
-0.557470703125
-0.71298828125
-0.74169921875
-0.6794921875
-0.720166015625
-0.72734375
-0.763232421875
-0.746484375
-0.77041015625
-0.734521484375
-0.782373046875
-0.796728515625
-0.7560546875
-0.748876953125
-0.72255859375
-0.7751953125
-0.777587890625
-0.91875
-0.6220703125
-0.56943359375
-0.71298828125
-0.815869140625
-0.87568359375
-0.385205078125
-0.547900390625
-0.873291015625
-0.96181640625
-0.88046875
-0.6794921875
-0.631640625
-0.681884765625
-0.729736328125
-0.681884765625
-0.787158203125
-0.791943359375
-0.744091796875
-0.81826171875
-0.806298828125
-0.8517578125
-0.86611328125
-0.806298828125
-0.796728515625
-0.84697265625
-0.796728515625
-0.83740234375
-0.88525390625
-0.8134765625
-0.787158203125
-0.691455078125
-0.791943359375
-0.8708984375
-0.85654296875
-0.89482421875
-0.906787109375
-0.669921875
-0.662744140625
-0.5263671875
-0.765625
-1.18671875
-0.65078125
-0.835009765625
-1.27763671875
-0.861328125
-0.801513671875
-0.76083984375
-0.52158203125
-0.409130859375
-1.4546875
-0.54072265625
-0.71298828125
-0.835009765625
-0.708203125
-0.634033203125
-0.58857421875
-0.66513671875
-0.8517578125
-0.65078125
-0.74169921875
-0.6029296875
-0.555078125
-0.555078125
-0.4689453125
-0.708203125
-0.6603515625
-0.576611328125
-0.624462890625
-0.6794921875
-0.624462890625
-0.610107421875
-0.619677734375
-0.705810546875
-0.739306640625
-0.69384765625
-0.681884765625
-0.739306640625
-0.758447265625
-0.765625
-0.861328125
-0.89482421875
-0.6986328125
-0.68427734375
-0.67470703125
-0.681884765625
-0.739306640625
-0.811083984375
-0.784765625
-0.77998046875
-0.791943359375
-0.839794921875
-0.8517578125
-0.84697265625
-0.854150390625
-0.887646484375
-0.90439453125
