-0.6125
-0.471337890625
-0.423486328125
-0.4306640625
-0.42587890625
-0.447412109375
-0.595751953125
-0.478515625
-0.40673828125
-0.42587890625
-0.41630859375
-0.38759765625
-0.361279296875
-0.39716796875
-0.366064453125
-0.375634765625
-0.375634765625
-0.380419921875
-0.423486328125
-0.437841796875
-0.394775390625
-0.478515625
-0.46416015625
-0.593359375
-0.50244140625
-0.523974609375
-0.523974609375
-0.480908203125
-0.6125
-0.514404296875
-0.478515625
-0.50244140625
-0.504833984375
-0.54072265625
-0.555078125
-0.555078125
-0.471337890625
-0.57421875
-0.58857421875
-0.562255859375
-0.58857421875
-0.571826171875
-0.528759765625
-0.500048828125
-0.519189453125
-0.5359375
-0.509619140625
-0.5072265625
-0.523974609375
-0.5072265625
-0.552685546875
-0.516796875
-0.533544921875
-0.523974609375
-0.51201171875
-0.50244140625
-0.5072265625
-0.49765625
-0.461767578125
-0.459375
-0.466552734375
-0.519189453125
-0.476123046875
-0.423486328125
-0.4306640625
-0.409130859375
-0.456982421875
-0.440234375
-0.42109375
-0.4306640625
-0.4115234375
-0.394775390625
-0.428271484375
-0.423486328125
-0.433056640625
-0.442626953125
-0.461767578125
-0.44501953125
-0.42109375
-0.437841796875
-0.45458984375
-0.4689453125
-0.495263671875
-0.480908203125
-0.413916015625
-0.409130859375
-0.423486328125
-0.440234375
-0.593359375
-0.45458984375
-0.46416015625
-0.42109375
-0.504833984375
-0.442626953125
-0.437841796875
-0.43544921875
-0.385205078125
-0.423486328125
-0.394775390625
-0.351708984375
-0.370849609375
-0.413916015625
-0.380419921875
-0.361279296875
-0.351708984375
-0.3541015625
-0.35888671875
-0.38759765625
-0.370849609375
-0.34453125
-0.380419921875
-0.375634765625
-0.39716796875
-0.351708984375
-0.404345703125
-0.418701171875
-0.401953125
-0.428271484375
-0.456982421875
-0.318212890625
-0.442626953125
-0.440234375
-0.342138671875
-0.52158203125
-0.495263671875
-0.485693359375
-0.327783203125
-0.514404296875
-0.55029296875
-0.5837890625
-0.581396484375
-0.590966796875
-0.57421875
-0.557470703125
-0.595751953125
-0.54072265625
-0.543115234375
-0.5263671875
-0.533544921875
-0.581396484375
-0.5359375
-0.523974609375
-0.54072265625
-0.552685546875
-0.53115234375
-0.523974609375
-0.50244140625
-0.476123046875
-0.49765625
-0.500048828125
-0.50244140625
-0.50244140625
-0.447412109375
-0.485693359375
-0.44501953125
-0.50244140625
-0.504833984375
-0.4880859375
-0.509619140625
-0.504833984375
-0.504833984375
-0.471337890625
-0.44501953125
-0.43544921875
-0.433056640625
-0.423486328125
-0.45458984375
-0.48330078125
-0.480908203125
-0.3923828125
-0.31103515625
-0.459375
-0.42587890625
-0.4880859375
-0.480908203125
-0.514404296875
-0.514404296875
-0.509619140625
-0.509619140625
-0.500048828125
-0.50244140625
-0.516796875
-0.514404296875
-0.5455078125
-0.47373046875
-0.523974609375
-0.53115234375
-0.480908203125
-0.480908203125
-0.4498046875
-0.490478515625
-0.4498046875
-0.447412109375
-0.466552734375
-0.452197265625
-0.440234375
-0.485693359375
-0.418701171875
-0.480908203125
-0.428271484375
-0.42109375
-0.440234375
-0.471337890625
-0.440234375
-0.478515625
-0.59814453125
-0.4880859375
-0.447412109375
-0.440234375
-0.418701171875
-0.418701171875
-0.43544921875
-0.308642578125
-0.45458984375
-0.46416015625
-0.45458984375
-0.46416015625
-0.476123046875
-0.43544921875
-0.45458984375
-0.452197265625
-0.452197265625
-0.47373046875
-0.337353515625
-0.4880859375
-0.485693359375
-0.50244140625
-0.471337890625
-0.48330078125
-0.504833984375
-0.490478515625
-0.480908203125
-0.509619140625
-0.504833984375
-0.495263671875
-0.53115234375
-0.52158203125
-0.557470703125
-0.595751953125
-0.5646484375
-0.519189453125
-0.562255859375
-0.466552734375
-0.47373046875
-0.514404296875
-0.581396484375
-0.4498046875
-0.595751953125
-0.519189453125
-0.485693359375
-0.466552734375
-0.57421875
-0.29189453125
-0.394775390625
-0.42109375
-0.41630859375
-0.404345703125
-0.418701171875
-0.43544921875
-0.45458984375
-0.33974609375
-0.361279296875
-0.394775390625
-0.404345703125
-0.385205078125
-0.423486328125
-0.428271484375
-0.43544921875
-0.586181640625
-0.40673828125
-0.44501953125
-0.495263671875
-0.509619140625
-0.557470703125
-0.516796875
-0.5263671875
-0.538330078125
-0.5072265625
-0.523974609375
-0.519189453125
-0.600537109375
-0.442626953125
-0.456982421875
-0.423486328125
-0.42109375
-0.413916015625
-0.409130859375
-0.413916015625
-0.399560546875
-0.394775390625
-0.346923828125
-0.34931640625
-0.3828125
-0.413916015625
-0.401953125
-0.385205078125
-0.36845703125
-0.342138671875
-0.303857421875
-0.299072265625
-0.322998046875
-0.2966796875
-0.3541015625
-0.3349609375
-0.389990234375
-0.370849609375
-0.160302734375
-0.366064453125
-0.356494140625
-0.346923828125
-0.30146484375
-0.370849609375
-0.332568359375
-0.33974609375
-0.30625
-0.342138671875
-0.29189453125
-0.31103515625
-0.456982421875
-0.2966796875
-0.25361328125
-0.265576171875
-0.260791015625
-0.23447265625
-0.222509765625
-0.2296875
-0.2296875
-0.236865234375
-0.27275390625
-0.2775390625
-0.26318359375
-0.30146484375
-0.33017578125
-0.2966796875
-0.30146484375
-0.351708984375
-0.361279296875
-0.3923828125
-0.3923828125
-0.389990234375
-0.4115234375
-0.404345703125
-0.45458984375
-0.476123046875
-0.519189453125
-0.54072265625
-0.567041015625
-0.571826171875
-0.634033203125
-0.57900390625
-0.590966796875
-0.6412109375
-0.68427734375
-0.691455078125
-0.681884765625
-0.708203125
-0.746484375
-0.739306640625
-0.77998046875
-0.777587890625
-0.782373046875
-0.7560546875
-0.6412109375
-0.820654296875
-0.83740234375
-0.820654296875
-0.830224609375
-0.902001953125
-0.91396484375
-0.88046875
-0.911572265625
-0.916357421875
-0.945068359375
-0.959423828125
-0.959423828125
-0.9666015625
-0.99052734375
-0.988134765625
-0.968994140625
-0.968994140625
-1.014453125
-1.0240234375
-1.00249023438
-1.00009765625
-0.997705078125
-0.9953125
-0.992919921875
-0.983349609375
-0.940283203125
-0.945068359375
-0.911572265625
-0.796728515625
-0.949853515625
-0.89482421875
-0.844580078125
-0.868505859375
-0.86611328125
-0.815869140625
-0.81826171875
-0.839794921875
-0.84697265625
-0.854150390625
-0.79912109375
-0.79912109375
-0.820654296875
-0.78955078125
-0.763232421875
-0.772802734375
-0.916357421875
-0.72255859375
-0.739306640625
-0.739306640625
-0.77998046875
-0.744091796875
-0.72734375
-0.763232421875
-0.765625
-0.746484375
-0.72734375
-0.710595703125
-0.65078125
-0.63642578125
-0.677099609375
-0.586181640625
-0.6029296875
-0.6220703125
-0.605322265625
-0.59814453125
-0.60771484375
-0.571826171875
-0.547900390625
-0.538330078125
-0.516796875
-0.51201171875
-0.55029296875
-0.49765625
-0.495263671875
-0.485693359375
-0.480908203125
-0.476123046875
-0.4880859375
-0.49765625
-0.447412109375
-0.47373046875
-0.4498046875
-0.456982421875
-0.610107421875
-0.42587890625
-0.413916015625
-0.45458984375
-0.452197265625
-0.40673828125
-0.418701171875
-0.404345703125
-0.3828125
-0.39716796875
-0.399560546875
-0.418701171875
-0.361279296875
-0.3828125
-0.41630859375
-0.361279296875
-0.351708984375
-0.3923828125
-0.3541015625
-0.385205078125
-0.401953125
-0.394775390625
-0.36845703125
-0.370849609375
-0.351708984375
-0.322998046875
-0.366064453125
-0.389990234375
-0.4115234375
-0.325390625
-0.313427734375
-0.318212890625
-0.287109375
-0.289501953125
-0.270361328125
-0.28232421875
-0.2583984375
-0.2775390625
-0.2775390625
-0.303857421875
-0.248828125
-0.25361328125
-0.26796875
-0.25361328125
-0.251220703125
-0.30625
-0.3158203125
-0.30625
-0.332568359375
-0.299072265625
-0.332568359375
-0.3349609375
-0.318212890625
-0.3158203125
