-0.45458984375
-0.4880859375
-0.500048828125
-0.466552734375
-0.59814453125
-0.459375
-0.4306640625
-0.459375
-0.4689453125
-0.478515625
-0.4306640625
-0.42109375
-0.442626953125
-0.480908203125
-0.471337890625
-0.466552734375
-0.485693359375
-0.504833984375
-0.50244140625
-0.519189453125
-0.500048828125
-0.466552734375
-0.4689453125
-0.466552734375
-0.459375
-0.4689453125
-0.447412109375
-0.4689453125
-0.456982421875
-0.514404296875
-0.45458984375
-0.485693359375
-0.308642578125
-0.490478515625
-0.49287109375
-0.49287109375
-0.485693359375
-0.495263671875
-0.49287109375
-0.500048828125
-0.480908203125
-0.456982421875
-0.423486328125
-0.452197265625
-0.456982421875
-0.440234375
-0.433056640625
-0.480908203125
-0.44501953125
-0.44501953125
-0.433056640625
-0.48330078125
-0.322998046875
-0.43544921875
-0.50244140625
-0.44501953125
-0.327783203125
-0.500048828125
-0.495263671875
-0.466552734375
-0.504833984375
-0.557470703125
-0.50244140625
-0.519189453125
-0.485693359375
-0.4880859375
-0.48330078125
-0.610107421875
-0.43544921875
-0.4498046875
-0.42109375
-0.45458984375
-0.399560546875
-0.42587890625
-0.433056640625
-0.45458984375
-0.399560546875
-0.394775390625
-0.447412109375
-0.361279296875
-0.428271484375
-0.401953125
-0.401953125
-0.404345703125
-0.418701171875
-0.394775390625
-0.447412109375
-0.4115234375
-0.423486328125
-0.40673828125
-0.42109375
-0.466552734375
-0.39716796875
-0.428271484375
-0.590966796875
-0.442626953125
-0.4880859375
-0.523974609375
-0.32060546875
-0.49287109375
-0.543115234375
-0.516796875
-0.581396484375
-0.519189453125
-0.516796875
-0.555078125
-0.6029296875
-0.567041015625
-0.538330078125
-0.54072265625
-0.5646484375
-0.476123046875
-0.61728515625
-0.6220703125
-0.605322265625
-0.614892578125
-0.63642578125
-0.6412109375
-0.686669921875
-0.46416015625
-0.60771484375
-0.59814453125
-0.648388671875
-0.624462890625
-0.562255859375
-0.581396484375
-0.55986328125
-0.567041015625
-0.567041015625
-0.576611328125
-0.538330078125
-0.516796875
-0.557470703125
-0.538330078125
-0.59814453125
-0.57900390625
-0.552685546875
-0.5455078125
-0.552685546875
-0.54072265625
-0.49287109375
-0.54072265625
-0.490478515625
-0.52158203125
-0.514404296875
-0.54072265625
-0.538330078125
-0.49287109375
-0.5359375
-0.543115234375
-0.519189453125
-0.519189453125
-0.547900390625
-0.55986328125
-0.516796875
-0.538330078125
-0.555078125
-0.6029296875
-0.54072265625
-0.533544921875
-0.514404296875
-0.581396484375
-0.533544921875
-0.5263671875
-0.516796875
-0.516796875
-0.523974609375
-0.4689453125
-0.490478515625
-0.51201171875
-0.519189453125
-0.528759765625
-0.533544921875
-0.523974609375
-0.54072265625
-0.54072265625
-0.547900390625
-0.528759765625
-0.52158203125
-0.5263671875
-0.533544921875
-0.53115234375
-0.514404296875
-0.50244140625
-0.495263671875
-0.461767578125
-0.50244140625
-0.485693359375
-0.52158203125
-0.523974609375
-0.538330078125
-0.490478515625
-0.49765625
-0.51201171875
-0.49765625
-0.543115234375
-0.509619140625
-0.54072265625
-0.5646484375
-0.5455078125
-0.5455078125
-0.557470703125
-0.519189453125
-0.557470703125
-0.557470703125
-0.49765625
-0.562255859375
-0.51201171875
-0.485693359375
-0.519189453125
-0.51201171875
-0.5072265625
-0.504833984375
-0.46416015625
-0.452197265625
-0.4306640625
-0.437841796875
-0.459375
-0.437841796875
-0.485693359375
-0.47373046875
-0.447412109375
-0.47373046875
-0.490478515625
-0.32060546875
-0.478515625
-0.478515625
-0.4880859375
-0.478515625
-0.6125
-0.480908203125
-0.43544921875
-0.590966796875
-0.5072265625
-0.4689453125
-0.476123046875
-0.52158203125
-0.538330078125
-0.523974609375
-0.54072265625
-0.5263671875
-0.485693359375
-0.50244140625
-0.5072265625
-0.51201171875
-0.480908203125
-0.52158203125
-0.528759765625
-0.538330078125
-0.4689453125
-0.495263671875
-0.5263671875
-0.53115234375
-0.53115234375
-0.538330078125
-0.500048828125
-0.478515625
-0.5072265625
-0.495263671875
-0.55986328125
-0.55986328125
-0.57421875
-0.5072265625
-0.51201171875
-0.5263671875
-0.55986328125
-0.490478515625
-0.528759765625
-0.47373046875
-0.495263671875
-0.55029296875
-0.523974609375
-0.555078125
-0.55986328125
-0.567041015625
-0.600537109375
-0.562255859375
-0.51201171875
-0.514404296875
-0.516796875
-0.509619140625
-0.538330078125
-0.538330078125
-0.54072265625
-0.557470703125
-0.55029296875
-0.543115234375
-0.576611328125
-0.57900390625
-0.59814453125
-0.55029296875
-0.547900390625
-0.533544921875
-0.4880859375
-0.51201171875
-0.49765625
-0.4880859375
-0.514404296875
-0.476123046875
-0.461767578125
-0.5072265625
-0.45458984375
-0.50244140625
-0.327783203125
-0.4306640625
-0.39716796875
-0.433056640625
-0.4115234375
-0.39716796875
-0.39716796875
-0.401953125
-0.356494140625
-0.401953125
-0.389990234375
-0.428271484375
-0.409130859375
-0.361279296875
-0.389990234375
-0.440234375
-0.3923828125
-0.399560546875
-0.42109375
-0.40673828125
-0.3923828125
-0.42109375
-0.471337890625
-0.49765625
-0.5455078125
-0.504833984375
-0.538330078125
-0.5263671875
-0.54072265625
-0.504833984375
-0.557470703125
-0.57900390625
-0.5837890625
-0.547900390625
-0.56943359375
-0.557470703125
-0.571826171875
-0.56943359375
-0.595751953125
-0.753662109375
-0.576611328125
-0.590966796875
-0.629248046875
-0.600537109375
-0.5837890625
-0.6412109375
-0.619677734375
-0.586181640625
-0.64599609375
-0.593359375
-0.638818359375
-0.57900390625
-0.571826171875
-0.562255859375
-0.562255859375
-0.557470703125
-0.552685546875
-0.54072265625
-0.5263671875
-0.54072265625
-0.5072265625
-0.49765625
-0.52158203125
-0.5455078125
-0.490478515625
-0.50244140625
-0.47373046875
-0.45458984375
-0.461767578125
-0.490478515625
-0.523974609375
-0.509619140625
-0.543115234375
-0.52158203125
-0.57421875
-0.590966796875
-0.562255859375
-0.571826171875
-0.54072265625
-0.57421875
-0.60771484375
-0.614892578125
-0.552685546875
-0.55029296875
-0.576611328125
-0.552685546875
-0.52158203125
-0.5359375
-0.523974609375
-0.552685546875
-0.576611328125
-0.57900390625
-0.581396484375
-0.581396484375
-0.5837890625
-0.500048828125
-0.51201171875
-0.547900390625
-0.557470703125
-0.51201171875
-0.370849609375
-0.581396484375
-0.514404296875
-0.516796875
-0.49287109375
-0.57421875
-0.44501953125
-0.461767578125
-0.5837890625
-0.5837890625
-0.5359375
-0.5359375
-0.5263671875
-0.480908203125
-0.6125
-0.41630859375
-0.423486328125
-0.452197265625
-0.437841796875
-0.46416015625
-0.466552734375
-0.440234375
-0.49287109375
-0.490478515625
-0.476123046875
-0.461767578125
-0.476123046875
-0.4115234375
-0.48330078125
-0.500048828125
-0.543115234375
-0.332568359375
-0.538330078125
-0.5072265625
-0.533544921875
-0.504833984375
-0.495263671875
-0.514404296875
-0.5263671875
-0.55029296875
-0.495263671875
-0.5072265625
-0.52158203125
-0.478515625
-0.495263671875
-0.5359375
-0.514404296875
-0.555078125
-0.49765625
-0.538330078125
-0.60771484375
-0.478515625
-0.476123046875
-0.50244140625
-0.543115234375
-0.48330078125
-0.4880859375
-0.57421875
-0.595751953125
-0.581396484375
-0.5837890625
-0.576611328125
-0.581396484375
-0.552685546875
-0.5359375
-0.567041015625
-0.557470703125
-0.557470703125
-0.55029296875
-0.59814453125
-0.59814453125
-0.461767578125
-0.543115234375
-0.571826171875
-0.55986328125
-0.547900390625
-0.5837890625
-0.555078125
-0.5837890625
-0.557470703125
-0.557470703125
-0.55029296875
-0.56943359375
-0.519189453125
-0.5072265625
-0.5455078125
-0.555078125
-0.543115234375
-0.547900390625
-0.571826171875
-0.533544921875
-0.516796875
-0.538330078125
-0.51201171875
-0.480908203125
-0.49765625
-0.4880859375
