0.45458984375
0.30146484375
0.2775390625
0.284716796875
0.23447265625
0.23447265625
0.217724609375
0.2201171875
0.203369140625
0.203369140625
0.212939453125
0.2009765625
0.210546875
0.248828125
0.248828125
0.246435546875
0.203369140625
0.069384765625
-0.011962890625
-0.064599609375
-0.064599609375
-0.112451171875
-0.17705078125
-0.1818359375
-0.1818359375
-0.210546875
-0.289501953125
-0.337353515625
-0.3828125
-0.394775390625
-0.401953125
-0.45458984375
-0.547900390625
-0.614892578125
-0.624462890625
-0.634033203125
-0.634033203125
-0.65078125
-0.662744140625
-0.67470703125
-0.701025390625
-0.708203125
-0.708203125
-0.6890625
-0.6890625
-0.67470703125
-0.653173828125
-0.662744140625
-0.6794921875
-0.6986328125
-0.701025390625
-0.701025390625
-0.667529296875
-0.66513671875
-0.634033203125
-0.634033203125
-0.581396484375
-0.543115234375
-0.514404296875
-0.456982421875
-0.456982421875
-0.363671875
-0.30625
-0.2392578125
-0.2392578125
-0.16748046875
-0.1052734375
-0.0095703125
-0.0095703125
0.07177734375
0.133984375
0.227294921875
0.227294921875
0.32060546875
0.389990234375
0.459375
0.459375
0.5263671875
0.586181640625
0.631640625
0.631640625
0.69384765625
0.782373046875
0.835009765625
0.835009765625
0.83740234375
0.8421875
0.88525390625
0.88525390625
0.964208984375
0.973779296875
0.937890625
0.937890625
0.95703125
0.9953125
0.98095703125
0.98095703125
0.978564453125
1.00009765625
0.99052734375
0.99052734375
0.95703125
0.925927734375
0.935498046875
0.935498046875
0.906787109375
0.88046875
0.863720703125
0.863720703125
0.81826171875
0.801513671875
0.77998046875
0.77998046875
0.74169921875
0.66513671875
0.634033203125
0.634033203125
0.65078125
0.6125
0.705810546875
0.552685546875
0.516796875
0.5263671875
0.490478515625
0.490478515625
0.440234375
0.447412109375
0.418701171875
0.418701171875
0.361279296875
0.27275390625
0.160302734375
0.160302734375
0.095703125
0.06220703125
-0.011962890625
-0.078955078125
-0.078955078125
-0.093310546875
-0.1818359375
-0.1818359375
-0.241650390625
-0.30625
-0.361279296875
-0.361279296875
-0.35888671875
-0.39716796875
-0.423486328125
-0.423486328125
-0.45458984375
-0.440234375
-0.433056640625
-0.437841796875
-0.437841796875
-0.456982421875
-0.490478515625
-0.490478515625
-0.4880859375
-0.523974609375
-0.55029296875
-0.55029296875
-0.552685546875
-0.571826171875
-0.55986328125
-0.55029296875
-0.557470703125
-0.55986328125
-0.55986328125
-0.56943359375
-0.562255859375
-0.57900390625
-0.57900390625
-0.629248046875
-0.710595703125
-0.748876953125
-0.748876953125
-0.7560546875
-0.77041015625
-0.746484375
-0.746484375
-0.763232421875
-0.791943359375
-0.791943359375
-0.791943359375
-0.823046875
-0.835009765625
-0.830224609375
-0.830224609375
-0.861328125
-0.925927734375
-0.954638671875
-0.954638671875
-0.954638671875
-0.992919921875
-1.02880859375
-1.02880859375
-1.06469726562
-1.08623046875
-1.071875
-1.08623046875
-1.1005859375
-1.0814453125
-1.2345703125
-1.30874023438
-1.13408203125
-1.05034179688
-1.05034179688
-1.244140625
-1.46665039063
-1.473828125
-1.473828125
-1.41162109375
-1.43793945313
-1.5025390625
-1.5025390625
-1.50493164063
-1.4833984375
-1.49775390625
-1.49775390625
-1.57192382813
-1.62934570313
-1.66762695313
-1.66762695313
-1.68916015625
-1.67001953125
-1.684375
-1.684375
-1.70830078125
-1.72504882813
-1.70590820313
-1.70590820313
-1.6939453125
-1.72026367188
-1.73701171875
-1.73701171875
-1.72744140625
-1.71787109375
-1.741796875
-1.741796875
-1.75854492188
-1.71547851563
-1.780078125
-1.626953125
-1.5982421875
-1.61259765625
-1.58149414063
-1.58149414063
-1.52646484375
-1.47622070313
-1.43076171875
-1.43076171875
-1.39487304688
-1.36376953125
-1.33266601563
-1.33266601563
-1.29677734375
-1.25849609375
-1.25849609375
-1.20346679688
-1.15083007813
-1.12211914063
-1.12211914063
-1.10537109375
-1.10297851563
-1.052734375
-0.978564453125
-0.978564453125
-0.954638671875
-0.937890625
-1.05512695313
-0.902001953125
-0.844580078125
-0.801513671875
-0.8134765625
-0.8134765625
-0.80390625
-0.77041015625
-0.9091796875
-0.7560546875
-0.74169921875
-0.68427734375
-0.662744140625
-0.662744140625
-0.653173828125
-0.605322265625
-0.567041015625
-0.567041015625
-0.509619140625
-0.471337890625
-0.490478515625
-0.490478515625
-0.5263671875
-0.528759765625
-0.562255859375
-0.562255859375
-0.557470703125
-0.5359375
-0.547900390625
-0.547900390625
-0.50244140625
-0.48330078125
-0.485693359375
-0.440234375
-0.3923828125
-0.38759765625
-0.38759765625
-0.399560546875
-0.37802734375
-0.409130859375
-0.409130859375
-0.43544921875
-0.4115234375
-0.401953125
-0.401953125
-0.437841796875
-0.46416015625
-0.437841796875
-0.437841796875
-0.4498046875
-0.440234375
-0.437841796875
-0.437841796875
-0.452197265625
-0.42587890625
-0.42109375
-0.42109375
-0.42109375
-0.42587890625
-0.42109375
-0.42109375
-0.437841796875
-0.466552734375
-0.476123046875
-0.476123046875
-0.471337890625
-0.4880859375
-0.504833984375
-0.504833984375
-0.480908203125
-0.49287109375
-0.490478515625
-0.48330078125
-0.48330078125
-0.5263671875
-0.471337890625
-0.471337890625
-0.442626953125
-0.47373046875
-0.500048828125
-0.500048828125
-0.480908203125
-0.466552734375
-0.461767578125
-0.461767578125
-0.478515625
-0.50244140625
-0.471337890625
-0.471337890625
-0.423486328125
-0.4115234375
-0.41630859375
-0.41630859375
-0.423486328125
-0.418701171875
-0.4306640625
-0.4306640625
-0.437841796875
-0.418701171875
-0.389990234375
-0.389990234375
-0.370849609375
-0.3923828125
-0.361279296875
-0.361279296875
-0.308642578125
-0.303857421875
-0.270361328125
-0.270361328125
-0.23447265625
-0.248828125
-0.2392578125
-0.2392578125
-0.246435546875
-0.217724609375
-0.203369140625
-0.203369140625
-0.19619140625
-0.1626953125
-0.17705078125
-0.17705078125
-0.16748046875
-0.165087890625
-0.17705078125
-0.17705078125
-0.153125
-0.136376953125
-0.112451171875
-0.112451171875
-0.09091796875
-0.098095703125
-0.098095703125
-0.078955078125
-0.09091796875
-0.07177734375
-0.07177734375
-0.007177734375
0.03349609375
0.03828125
0.02392578125
0.02392578125
0.04306640625
0.055029296875
0.045458984375
0.045458984375
0.088525390625
0.13876953125
0.14833984375
0.14833984375
0.141162109375
0.172265625
0.1818359375
0.1818359375
0.2009765625
0.260791015625
0.2966796875
0.2966796875
0.325390625
0.337353515625
0.32060546875
0.32060546875
0.318212890625
0.34453125
0.34453125
0.385205078125
0.42109375
0.42109375
0.437841796875
0.437841796875
0.478515625
0.478515625
0.461767578125
0.461767578125
0.495263671875
0.52158203125
0.52158203125
0.516796875
0.523974609375
0.5646484375
0.5646484375
0.57421875
0.57421875
0.58857421875
0.58857421875
0.576611328125
0.5837890625
0.593359375
0.593359375
0.595751953125
0.605322265625
0.61728515625
0.61728515625
0.643603515625
0.667529296875
0.686669921875
0.686669921875
0.715380859375
0.753662109375
0.746484375
0.746484375
0.74169921875
0.801513671875
0.80869140625
0.80869140625
0.796728515625
0.80390625
0.787158203125
0.787158203125
0.806298828125
0.801513671875
0.916357421875
0.763232421875
0.787158203125
0.835009765625
0.868505859375
0.868505859375
0.868505859375
0.849365234375
0.8517578125
0.8517578125
0.8421875
0.820654296875
0.81826171875
0.81826171875
0.825439453125
0.83740234375
0.825439453125
0.806298828125
0.806298828125
0.830224609375
0.858935546875
