-0.057421875
-0.102880859375
-0.1244140625
-0.12919921875
-0.11962890625
-0.17705078125
-0.189013671875
-0.248828125
-0.287109375
-0.275146484375
-0.2775390625
-0.456982421875
-0.50244140625
-0.60771484375
-0.409130859375
-0.370849609375
-0.36845703125
-0.442626953125
-0.471337890625
-0.52158203125
-0.500048828125
-0.543115234375
-0.567041015625
-0.533544921875
-0.418701171875
-0.452197265625
-0.43544921875
-0.332568359375
-0.509619140625
-0.50244140625
-0.49765625
-0.55029296875
-0.5646484375
-0.55029296875
-0.514404296875
-0.476123046875
-0.500048828125
-0.495263671875
-0.538330078125
-0.571826171875
-0.581396484375
-0.5263671875
-0.5455078125
-0.516796875
-0.586181640625
-0.54072265625
-0.509619140625
-0.447412109375
-0.43544921875
-0.519189453125
-0.555078125
-0.4880859375
-0.480908203125
-0.48330078125
-0.485693359375
-0.516796875
-0.57421875
-0.5359375
-0.533544921875
-0.610107421875
-0.440234375
-0.4306640625
-0.4498046875
-0.47373046875
-0.452197265625
-0.461767578125
-0.509619140625
-0.5263671875
-0.53115234375
-0.5072265625
-0.495263671875
-0.495263671875
-0.528759765625
-0.5646484375
-0.57900390625
-0.567041015625
-0.590966796875
-0.619677734375
-0.595751953125
-0.59814453125
-0.58857421875
-0.63642578125
-0.590966796875
-0.552685546875
-0.49287109375
-0.466552734375
-0.459375
-0.45458984375
-0.413916015625
-0.442626953125
-0.404345703125
-0.361279296875
-0.361279296875
-0.3158203125
-0.346923828125
-0.256005859375
-0.248828125
-0.227294921875
-0.24404296875
-0.24404296875
-0.210546875
-0.18662109375
-0.1626953125
-0.136376953125
-0.095703125
-0.074169921875
-0.08134765625
-0.078955078125
-0.055029296875
-0.021533203125
-0.011962890625
0.002392578125
0.031103515625
0.05263671875
0.031103515625
0.031103515625
0.14833984375
0.1818359375
0.1435546875
0.145947265625
0.165087890625
0.14833984375
0.172265625
0.19619140625
0.2201171875
0.210546875
0.189013671875
0.22490234375
0.21533203125
0.208154296875
0.270361328125
0.260791015625
0.275146484375
0.2775390625
0.26318359375
0.2966796875
0.26318359375
0.26318359375
0.287109375
0.284716796875
0.337353515625
0.34453125
0.322998046875
0.33017578125
0.351708984375
0.366064453125
0.380419921875
0.3732421875
0.363671875
0.337353515625
0.361279296875
0.366064453125
0.363671875
0.375634765625
0.366064453125
0.361279296875
0.37802734375
0.385205078125
0.3828125
0.418701171875
0.385205078125
0.3541015625
0.35888671875
0.322998046875
0.356494140625
0.34931640625
0.32060546875
0.153125
0.136376953125
0.1052734375
0.12919921875
0.11484375
0.12919921875
0.150732421875
0.27275390625
0.026318359375
0.00478515625
-0.016748046875
-0.00478515625
0.0287109375
0.035888671875
0.0
-0.035888671875
-0.06220703125
-0.1626953125
-0.22490234375
-0.248828125
-0.1818359375
-0.423486328125
-0.44501953125
-0.389990234375
-0.35888671875
-0.701025390625
-1.01206054688
-0.921142578125
-0.892431640625
-0.89482421875
-0.9857421875
-1.07905273438
-1.12690429688
-1.09580078125
-0.9953125
-0.95224609375
-0.930712890625
-0.835009765625
-0.825439453125
-0.85654296875
-0.973779296875
-1.06469726562
-0.854150390625
-0.801513671875
-0.42587890625
-0.2392578125
-0.452197265625
-0.67470703125
-0.543115234375
-0.12919921875
0.02392578125
0.210546875
0.18662109375
0.16748046875
0.212939453125
0.208154296875
0.456982421875
0.51201171875
0.590966796875
0.5837890625
0.543115234375
0.54072265625
0.5455078125
0.562255859375
0.57900390625
0.60771484375
0.634033203125
0.5455078125
0.552685546875
0.53115234375
0.485693359375
0.423486328125
0.308642578125
0.279931640625
0.248828125
0.145947265625
0.0765625
0.093310546875
-0.19140625
-0.294287109375
-0.33017578125
-0.34453125
-0.3541015625
-0.57900390625
-0.7177734375
-0.7369140625
-0.748876953125
-0.686669921875
-0.696240234375
-0.624462890625
-0.555078125
-0.5455078125
-0.5646484375
-0.60771484375
-0.59814453125
-0.600537109375
-0.490478515625
-0.461767578125
-0.528759765625
-0.567041015625
-0.57900390625
-0.667529296875
-0.724951171875
-0.708203125
-0.68427734375
-0.705810546875
-0.940283203125
-0.9953125
-0.97138671875
-0.95224609375
-1.01684570312
-1.09340820313
-1.16518554688
-1.40922851563
-1.4546875
-1.35419921875
-1.28481445313
-1.20346679688
-1.25131835938
-1.32788085938
-1.35659179688
-1.28720703125
-1.50971679688
-1.57670898438
-1.58627929688
-1.588671875
-1.588671875
-1.54560546875
-1.59106445313
-1.69873046875
-1.73701171875
-1.82553710938
-1.86381835938
-1.91645507813
-2.02172851562
-2.03129882813
-2.06240234375
-2.10068359375
-2.14853515625
-2.18920898438
-2.18203125
-2.20595703125
-2.162890625
-2.1533203125
-2.17724609375
-2.16049804688
-2.29208984375
-2.07436523438
-1.99301757813
-1.94516601563
-1.92124023438
-1.8470703125
-1.78247070313
-1.703515625
-1.6556640625
-1.63891601563
-1.55756835938
-1.435546875
-1.39965820312
-1.28002929688
-1.225
-1.1771484375
-1.15322265625
-1.129296875
-1.12451171875
-1.15083007813
-1.11494140625
-1.11494140625
-1.0814453125
-1.0431640625
-1.03598632813
-0.949853515625
-0.945068359375
-1.052734375
-0.868505859375
-0.88046875
-0.86611328125
-0.863720703125
-0.782373046875
-0.7943359375
-0.787158203125
-0.8326171875
-0.80869140625
-0.830224609375
-0.825439453125
-0.79912109375
-0.806298828125
-0.777587890625
-0.7560546875
-0.768017578125
-0.815869140625
-0.76083984375
-0.6220703125
-0.80390625
-0.782373046875
-0.78955078125
-0.88046875
-0.72734375
-0.744091796875
-0.76083984375
-0.72734375
-0.76083984375
-0.748876953125
-0.705810546875
-0.686669921875
-0.63642578125
-0.533544921875
-0.571826171875
-0.57900390625
-0.4880859375
-0.4498046875
-0.42587890625
-0.33017578125
-0.43544921875
-0.172265625
-0.08134765625
-0.040673828125
0.040673828125
0.141162109375
0.17705078125
0.251220703125
0.327783203125
0.356494140625
0.43544921875
0.456982421875
0.516796875
0.600537109375
0.476123046875
0.686669921875
0.72734375
0.7369140625
0.77041015625
0.746484375
0.73212890625
0.77998046875
0.72734375
0.739306640625
0.705810546875
0.6794921875
0.634033203125
0.657958984375
0.600537109375
0.6412109375
0.58857421875
0.605322265625
0.763232421875
0.51201171875
0.461767578125
0.413916015625
0.35888671875
0.232080078125
0.19140625
0.12919921875
0.059814453125
0.0287109375
-0.055029296875
-0.059814453125
-0.021533203125
-0.16748046875
-0.189013671875
-0.189013671875
-0.2392578125
-0.1818359375
-0.337353515625
-0.50244140625
-0.5837890625
-0.46416015625
-0.6603515625
-0.739306640625
-0.765625
-0.95703125
-0.9474609375
-0.978564453125
-0.973779296875
-0.992919921875
-1.014453125
-1.0048828125
-1.05034179688
-1.071875
-1.05991210938
-1.12451171875
-1.091015625
-1.15561523438
-1.19150390625
-1.20107421875
-1.25849609375
-1.358984375
-1.18671875
-1.19150390625
-1.07426757813
-1.20825195312
-1.09580078125
-1.22260742188
-1.22260742188
-1.25849609375
-1.24892578125
-1.23696289063
-1.28959960938
-1.20107421875
-1.35180664062
-1.23935546875
-1.2345703125
-1.14125976563
-1.129296875
-0.921142578125
-1.05512695313
-1.05034179688
-1.05512695313
-1.0431640625
-0.95703125
-0.921142578125
-0.92353515625
-0.849365234375
-0.854150390625
-0.85654296875
-0.86611328125
-0.835009765625
-0.66513671875
-0.624462890625
-0.57421875
-0.5837890625
-0.56943359375
-0.504833984375
-0.47373046875
-0.428271484375
-0.528759765625
-0.500048828125
-0.73212890625
-0.839794921875
-0.92353515625
-0.9283203125
-1.05751953125
-1.08623046875
