-0.019140625
-0.0287109375
-0.05263671875
-0.08134765625
-0.08134765625
-0.10048828125
-0.08134765625
-0.09091796875
-0.09091796875
-0.122021484375
-0.14833984375
-0.1626953125
-0.1626953125
-0.172265625
-0.193798828125
-0.174658203125
-0.174658203125
-0.102880859375
-0.0669921875
-0.102880859375
-0.102880859375
-0.136376953125
-0.1435546875
-0.179443359375
-0.179443359375
-0.2009765625
-0.172265625
-0.160302734375
-0.160302734375
-0.145947265625
-0.126806640625
-0.098095703125
-0.098095703125
-0.050244140625
-0.05263671875
-0.0765625
-0.0765625
-0.019140625
0.019140625
0.141162109375
-0.011962890625
0.011962890625
0.06220703125
0.11005859375
0.11005859375
0.145947265625
0.14833984375
0.131591796875
0.131591796875
0.098095703125
0.064599609375
0.064599609375
0.0669921875
0.122021484375
0.2009765625
0.23447265625
0.23447265625
0.212939453125
0.19140625
0.179443359375
0.179443359375
0.169873046875
0.1244140625
0.055029296875
0.055029296875
0.05263671875
0.102880859375
0.102880859375
0.1435546875
0.184228515625
0.198583984375
0.198583984375
0.172265625
0.15791015625
0.16748046875
0.16748046875
0.153125
0.133984375
0.11962890625
0.11962890625
0.11005859375
0.13876953125
0.155517578125
0.155517578125
0.1244140625
0.10048828125
0.098095703125
0.098095703125
0.126806640625
0.131591796875
0.1244140625
0.1244140625
0.11484375
0.10048828125
0.11962890625
0.11962890625
0.11484375
0.102880859375
0.150732421875
0.150732421875
0.165087890625
0.11005859375
0.08134765625
0.08134765625
0.107666015625
0.133984375
0.11005859375
0.11005859375
0.1052734375
0.11005859375
0.122021484375
0.122021484375
0.14833984375
0.14833984375
0.14833984375
0.136376953125
0.117236328125
0.10048828125
0.10048828125
0.11962890625
0.11484375
0.064599609375
0.064599609375
0.04306640625
0.06220703125
0.0669921875
0.0669921875
0.064599609375
0.0669921875
0.055029296875
0.055029296875
0.069384765625
0.050244140625
0.021533203125
0.021533203125
0.016748046875
-0.035888671875
-0.08134765625
-0.08134765625
-0.11005859375
-0.126806640625
-0.107666015625
-0.107666015625
-0.131591796875
-0.153125
-0.14833984375
-0.14833984375
-0.15791015625
-0.16748046875
-0.19619140625
-0.19619140625
-0.232080078125
-0.256005859375
-0.24404296875
-0.24404296875
-0.284716796875
-0.299072265625
-0.26796875
-0.26796875
-0.299072265625
-0.34453125
-0.440234375
-0.440234375
-0.5072265625
-0.55029296875
-0.605322265625
-0.605322265625
-0.629248046875
-0.6794921875
-0.7369140625
-0.7369140625
-0.796728515625
-0.8421875
-0.863720703125
-0.863720703125
-0.96181640625
-0.997705078125
-0.997705078125
-0.9857421875
-1.03120117188
-1.071875
-1.071875
-1.12451171875
-1.18193359375
-1.23217773438
-1.23217773438
-1.244140625
-1.24653320313
-1.2345703125
-1.2345703125
-1.28002929688
-1.37333984375
-1.43793945313
-1.43793945313
-1.47861328125
-1.46186523438
-1.47143554688
-1.47143554688
-1.49057617188
-1.43315429688
-1.32548828125
-1.32548828125
-1.2345703125
-1.20346679688
-1.17236328125
-1.17236328125
-1.18432617188
-1.2154296875
-1.17475585938
-1.17475585938
-1.13168945313
-1.10776367188
-1.22260742188
-1.06948242188
-1.05512695313
-1.01923828125
-0.940283203125
-0.940283203125
-0.9283203125
-0.92353515625
-1.05034179688
-0.897216796875
-0.858935546875
-0.801513671875
-0.91875
-0.765625
-0.74169921875
-0.72734375
-0.6986328125
-0.6986328125
-0.65078125
-0.6125
-0.586181640625
-0.586181640625
-0.581396484375
-0.62685546875
-0.6220703125
-0.6220703125
-0.5359375
-0.45458984375
-0.413916015625
-0.413916015625
-0.37802734375
-0.246435546875
-0.275146484375
-0.122021484375
-0.031103515625
0.04306640625
0.045458984375
0.045458984375
0.050244140625
0.021533203125
0.021533203125
0.016748046875
0.0287109375
0.016748046875
0.016748046875
0.05263671875
0.1244140625
0.208154296875
0.208154296875
0.279931640625
0.325390625
0.36845703125
0.36845703125
0.33017578125
0.232080078125
0.1435546875
0.1435546875
0.0669921875
0.00478515625
-0.03828125
-0.03828125
-0.057421875
-0.0861328125
-0.153125
-0.153125
-0.198583984375
-0.2392578125
-0.289501953125
-0.289501953125
-0.299072265625
-0.363671875
-0.43544921875
-0.43544921875
-0.49287109375
-0.571826171875
-0.6412109375
-0.6412109375
-0.73212890625
-0.782373046875
-0.811083984375
-0.811083984375
-0.86611328125
-0.90439453125
-0.937890625
-0.937890625
-0.98095703125
-1.00009765625
-0.9857421875
-0.9857421875
-0.976171875
-0.973779296875
-0.98095703125
-0.98095703125
-0.983349609375
-0.96181640625
-1.06948242188
-0.916357421875
-0.916357421875
-0.91875
-0.86611328125
-0.86611328125
-0.835009765625
-0.868505859375
-0.906787109375
-0.906787109375
-0.892431640625
-0.892431640625
-0.892431640625
-0.916357421875
-0.916357421875
-0.89482421875
-0.89482421875
-0.878076171875
-0.8708984375
-0.873291015625
-0.873291015625
-0.902001953125
-0.8900390625
-0.861328125
-0.861328125
-0.887646484375
-0.91396484375
-0.925927734375
-0.925927734375
-0.916357421875
-0.91875
-0.964208984375
-0.964208984375
-1.00009765625
-1.03120117188
-1.05991210938
-1.05991210938
-1.10297851563
-1.16997070313
-1.22021484375
-1.22021484375
-1.21064453125
-1.18193359375
-1.19868164063
-1.19868164063
-1.24653320313
-1.2728515625
-1.29916992188
-1.29916992188
-1.33266601563
-1.3494140625
-1.23217773438
-1.38530273438
-1.4546875
-1.5216796875
-1.512109375
-1.512109375
-1.47861328125
-1.49536132812
-1.49536132812
-1.55756835938
-1.588671875
-1.55517578125
-1.55517578125
-1.54321289063
-1.56474609375
-1.6078125
-1.6078125
-1.62456054688
-1.59106445313
-1.58388671875
-1.58388671875
-1.60541992188
-1.61020507813
-1.60302734375
-1.60302734375
-1.5982421875
-1.59584960938
-1.58388671875
-1.58388671875
-1.626953125
-1.57670898438
-1.39965820312
-1.39965820312
-1.35419921875
-1.45229492188
-1.39008789063
-1.54321289063
-1.55756835938
-1.52885742188
-1.48100585938
-1.48100585938
-1.435546875
-1.3685546875
-1.34702148438
-1.34702148438
-1.378125
-1.39487304688
-1.39008789063
-1.39008789063
-1.34223632813
-1.3111328125
-1.29438476563
-1.29438476563
-1.23696289063
-1.16279296875
-1.10776367188
-1.10776367188
-1.08383789063
-1.08383789063
-1.06469726562
-1.06469726562
-1.00009765625
-0.95224609375
-0.91396484375
-0.91396484375
-0.882861328125
-0.844580078125
-0.77998046875
-0.77998046875
-0.763232421875
-0.765625
-0.7369140625
-0.7369140625
-0.72734375
-0.739306640625
-0.686669921875
-0.686669921875
-0.643603515625
-0.64599609375
-0.624462890625
-0.624462890625
-0.59814453125
-0.555078125
-0.5263671875
-0.5263671875
-0.504833984375
-0.47373046875
-0.4689453125
-0.4689453125
-0.48330078125
-0.456982421875
-0.456982421875
-0.40673828125
-0.370849609375
-0.363671875
-0.394775390625
-0.394775390625
-0.404345703125
-0.40673828125
-0.40673828125
-0.428271484375
-0.42587890625
-0.375634765625
-0.375634765625
-0.337353515625
-0.366064453125
-0.370849609375
-0.370849609375
-0.33017578125
-0.318212890625
-0.327783203125
-0.327783203125
-0.33974609375
-0.342138671875
-0.361279296875
-0.361279296875
-0.385205078125
-0.42109375
-0.428271484375
-0.428271484375
-0.3828125
-0.42109375
-0.461767578125
-0.461767578125
-0.4115234375
-0.356494140625
-0.361279296875
-0.361279296875
-0.366064453125
-0.35888671875
-0.370849609375
-0.370849609375
-0.366064453125
-0.3828125
-0.41630859375
-0.41630859375
-0.4498046875
-0.461767578125
-0.59814453125
-0.44501953125
-0.44501953125
-0.44501953125
