-1.282421875
-1.28481445313
-1.28002929688
-1.30634765625
-1.24653320313
-1.28720703125
-1.33745117188
-1.38530273438
-1.42358398438
-1.49775390625
-1.57670898438
-1.63891601563
-1.55278320313
-1.8279296875
-1.87338867188
-1.9044921875
-1.93798828125
-1.99301757813
-2.04086914063
-2.04565429688
-2.0576171875
-2.12939453125
-2.1150390625
-2.14135742188
-2.18442382813
-2.15092773438
-2.21791992188
-2.17006835938
-2.17724609375
-2.1724609375
-2.15810546875
-2.19877929688
-2.10786132813
-2.09829101563
-2.09829101563
-2.07436523438
-2.02651367188
-2.048046875
-1.96909179688
-1.99541015625
-1.98823242188
-1.95952148438
-1.92841796875
-1.91166992188
-1.8853515625
-1.84228515625
-1.84228515625
-1.83989257813
-1.80161132813
-1.76811523438
-1.7513671875
-1.7513671875
-1.76333007813
-1.72744140625
-1.76811523438
-1.77290039063
-1.8087890625
-1.79682617188
-1.82075195313
-1.76811523438
-1.78247070313
-1.8087890625
-1.818359375
-1.79682617188
-1.7705078125
-1.71547851563
-1.7609375
-1.72983398438
-1.73701171875
-1.70590820313
-1.81596679688
-1.62216796875
-1.63891601563
-1.66044921875
-1.665234375
-1.63173828125
-1.61020507813
-1.5982421875
-1.55756835938
-1.54321289063
-1.5982421875
-1.58388671875
-1.57192382813
-1.5216796875
-1.51689453125
-1.49536132812
-1.49296875
-1.49536132812
-1.45708007813
-1.47622070313
-1.45947265625
-1.47861328125
-1.435546875
-1.41879882813
-1.3302734375
-1.31352539063
-1.26806640625
-1.3111328125
-1.33745117188
-1.28481445313
-1.25849609375
-1.244140625
-1.19389648438
-1.1771484375
-1.18432617188
-1.16040039062
-1.1484375
-1.16040039062
-1.16518554688
-1.18193359375
-1.167578125
-1.167578125
-1.16279296875
-1.12690429688
-1.07905273438
-1.07905273438
-1.08383789063
-1.071875
-1.08383789063
-1.08383789063
-1.129296875
-1.11733398438
-1.1388671875
-1.16279296875
-1.15322265625
-1.15322265625
-1.16997070313
-1.15561523438
-1.13168945313
-1.13168945313
-1.1388671875
-1.15083007813
-1.14365234375
-1.14365234375
-1.13168945313
-1.16279296875
-1.20346679688
-1.20346679688
-1.1771484375
-1.1484375
-1.16997070313
-1.16997070313
-1.18911132813
-1.20346679688
-1.20346679688
-1.20346679688
-1.20825195312
-1.19389648438
-1.19150390625
-1.19150390625
-1.18911132813
-1.205859375
-1.07426757813
-1.22739257813
-1.21303710938
-1.22260742188
-1.2537109375
-1.24653320313
-1.24653320313
-1.18671875
-1.15083007813
-1.16997070313
-1.16997070313
-1.2154296875
-1.23217773438
-1.2154296875
-1.18911132813
-1.18911132813
-1.21303710938
-1.2537109375
-1.26328125
-1.26328125
-1.26328125
-1.26567382813
-1.2345703125
-1.2345703125
-1.205859375
-1.19389648438
-1.18193359375
-1.18193359375
-1.18671875
-1.19389648438
-1.22260742188
-1.22260742188
-1.22978515625
-1.22739257813
-1.20825195312
-1.20825195312
-1.2154296875
-1.22739257813
-1.21064453125
-1.21064453125
-1.205859375
-1.22260742188
-1.23935546875
-1.23935546875
-1.22978515625
-1.22021484375
-1.18671875
-1.18671875
-1.18193359375
-1.18432617188
-1.15322265625
-1.15322265625
-1.14604492188
-1.17236328125
-1.1962890625
-1.19389648438
-1.19389648438
-1.17236328125
-1.15561523438
-1.167578125
-1.167578125
-1.205859375
-1.1962890625
-1.205859375
-1.205859375
-1.25131835938
-1.225
-1.1962890625
-1.1962890625
-1.17475585938
-1.20825195312
-1.091015625
-1.244140625
-1.19150390625
-1.1484375
-1.1197265625
-1.1197265625
-1.10537109375
-1.10297851563
-1.08862304688
-1.08862304688
-1.129296875
-1.17236328125
-1.19150390625
-1.19150390625
-1.2154296875
-1.21064453125
-1.20346679688
-1.22021484375
-1.225
-1.225
-1.17475585938
-1.1197265625
-1.11494140625
-1.13647460938
-1.13647460938
-1.12211914063
-1.09819335938
-1.06948242188
-1.03598632813
-1.03598632813
-1.08623046875
-1.13168945313
-1.09340820313
-1.09340820313
-1.071875
-1.06708984375
-1.02641601563
-1.02641601563
-0.988134765625
-0.992919921875
-1.014453125
-1.014453125
-1.01923828125
-1.02163085938
-1.02641601563
-1.02641601563
-0.9953125
-0.95703125
-0.925927734375
-0.925927734375
-0.916357421875
-0.9091796875
-0.89482421875
-0.89482421875
-0.92353515625
-0.91396484375
-0.88525390625
-0.88525390625
-0.906787109375
-0.9091796875
-0.911572265625
-0.911572265625
-0.902001953125
-0.8421875
-0.782373046875
-0.7560546875
-0.724951171875
-0.724951171875
-0.686669921875
-0.66513671875
-0.6794921875
-0.6794921875
-0.677099609375
-0.667529296875
-0.70341796875
-0.70341796875
-0.720166015625
-0.74169921875
-0.739306640625
-0.739306640625
-0.667529296875
-0.600537109375
-0.480908203125
-0.634033203125
-0.686669921875
-0.705810546875
-0.7369140625
-0.7369140625
-0.746484375
-0.748876953125
-0.715380859375
-0.715380859375
-0.708203125
-0.73212890625
-0.75126953125
-0.75126953125
-0.791943359375
-0.75126953125
-0.720166015625
-0.720166015625
-0.753662109375
-0.815869140625
-0.858935546875
-0.861328125
-0.861328125
-0.844580078125
-0.858935546875
-0.89482421875
-0.88525390625
-0.88525390625
-0.887646484375
-0.887646484375
-0.906787109375
-0.906787109375
-0.94267578125
-0.94267578125
-0.935498046875
-0.935498046875
-0.954638671875
-0.978564453125
-1.014453125
-1.014453125
-1.05991210938
-1.08623046875
-1.22260742188
-1.06948242188
-1.03120117188
-1.02163085938
-0.973779296875
-0.973779296875
-0.964208984375
-0.976171875
-0.937890625
-0.937890625
-0.935498046875
-0.945068359375
-0.94267578125
-0.94267578125
-0.94267578125
-0.9283203125
-0.95224609375
-0.95224609375
-0.992919921875
-1.00009765625
-1.00249023438
-1.00249023438
-0.97138671875
-0.9283203125
-1.06948242188
-0.916357421875
-0.882861328125
-0.858935546875
-0.89482421875
-0.89482421875
-0.906787109375
-0.873291015625
-0.8900390625
-0.8900390625
-0.93310546875
-0.911572265625
-0.868505859375
-0.868505859375
-0.8421875
-0.806298828125
-0.916357421875
-0.763232421875
-0.768017578125
-0.772802734375
-0.78955078125
-0.78955078125
-0.815869140625
-0.815869140625
-0.77998046875
-0.77998046875
-0.71298828125
-0.6986328125
-0.677099609375
-0.677099609375
-0.62685546875
-0.59814453125
-0.57421875
-0.57421875
-0.562255859375
-0.562255859375
-0.562255859375
-0.5646484375
-0.53115234375
-0.490478515625
-0.490478515625
-0.490478515625
-0.466552734375
-0.423486328125
-0.423486328125
-0.3828125
-0.3349609375
-0.31103515625
-0.31103515625
-0.28232421875
-0.256005859375
-0.26796875
-0.26796875
-0.246435546875
-0.208154296875
-0.20576171875
-0.20576171875
-0.1818359375
-0.160302734375
-0.14833984375
-0.14833984375
-0.112451171875
-0.07177734375
-0.055029296875
-0.055029296875
-0.055029296875
-0.026318359375
-0.002392578125
-0.002392578125
0.0
-0.002392578125
-0.145947265625
0.007177734375
0.057421875
0.102880859375
0.122021484375
0.122021484375
0.12919921875
0.136376953125
0.011962890625
0.165087890625
0.1818359375
0.193798828125
0.193798828125
0.19619140625
0.212939453125
0.208154296875
0.241650390625
0.248828125
0.23447265625
0.318212890625
0.35888671875
0.318212890625
0.3349609375
0.3349609375
0.385205078125
0.39716796875
0.375634765625
0.385205078125
0.433056640625
0.433056640625
0.452197265625
0.413916015625
0.442626953125
0.442626953125
0.5263671875
0.552685546875
0.533544921875
0.543115234375
0.543115234375
0.58857421875
0.614892578125
0.614892578125
0.64599609375
0.6794921875
0.724951171875
0.6125
0.765625
0.724951171875
0.70341796875
0.6986328125
0.715380859375
0.734521484375
0.77041015625
0.815869140625
0.79912109375
0.863720703125
0.8326171875
0.835009765625
