-0.2392578125
-0.222509765625
-0.203369140625
-0.246435546875
-0.265576171875
-0.299072265625
-0.361279296875
-0.325390625
-0.00478515625
-0.22490234375
-0.172265625
-0.064599609375
-0.059814453125
-0.078955078125
-0.04306640625
0.035888671875
0.007177734375
-0.01435546875
0.03349609375
-0.00478515625
-0.002392578125
0.02392578125
0.095703125
0.102880859375
0.189013671875
0.203369140625
0.23447265625
0.2392578125
0.2296875
0.227294921875
0.279931640625
0.260791015625
0.184228515625
0.189013671875
0.19140625
0.169873046875
0.153125
0.102880859375
0.131591796875
0.088525390625
0.12919921875
0.117236328125
0.098095703125
0.083740234375
0.098095703125
0.093310546875
0.074169921875
0.040673828125
0.002392578125
-0.0478515625
-0.0765625
-0.016748046875
-0.179443359375
-0.260791015625
-0.260791015625
-0.287109375
-0.279931640625
-0.32060546875
-0.380419921875
-0.399560546875
-0.42587890625
-0.50244140625
-0.5359375
-0.5072265625
-0.543115234375
-0.595751953125
-0.619677734375
-0.631640625
-0.696240234375
-0.70341796875
-0.686669921875
-0.696240234375
-0.734521484375
-0.77041015625
-0.77041015625
-0.77998046875
-0.791943359375
-0.87568359375
-0.92353515625
-0.892431640625
-0.92353515625
-0.95224609375
-0.976171875
-1.00966796875
-1.0623046875
-1.071875
-1.11733398438
-1.20346679688
-1.2728515625
-1.22021484375
-1.07905273438
-1.05751953125
-1.06948242188
-1.129296875
-1.21064453125
-1.24653320313
-1.25849609375
-1.27763671875
-1.25849609375
-1.23217773438
-1.15083007813
-1.129296875
-1.09580078125
-1.2345703125
-1.22021484375
-1.23217773438
-1.25610351562
-1.25610351562
-1.26567382813
-1.25849609375
-1.2919921875
-1.27045898438
-1.28959960938
-1.34702148438
-1.22978515625
-1.3876953125
-1.37333984375
-1.40922851563
-1.44033203125
-1.50014648438
-1.49536132812
-1.51450195313
-1.5216796875
-1.51689453125
-1.58388671875
-1.59106445313
-1.66044921875
-1.66044921875
-1.56953125
-1.61499023438
-1.64609375
-1.67241210938
-1.63891601563
-1.703515625
-1.71787109375
-1.70590820313
-1.68916015625
-1.69873046875
-1.71787109375
-1.72026367188
-1.72265625
-1.72983398438
-1.74418945313
-1.79204101563
-1.80639648438
-1.78247070313
-1.78247070313
-1.80400390625
-1.79921875
-1.80161132813
-1.79204101563
-1.80400390625
-1.83510742188
-1.86142578125
-1.81357421875
-1.75615234375
-1.7130859375
-1.72265625
-1.70112304688
-1.69873046875
-1.63413085938
-1.61499023438
-1.62934570313
-1.61499023438
-1.58627929688
-1.57192382813
-1.56474609375
-1.55278320313
-1.53842773438
-1.56474609375
-1.50014648438
-1.47143554688
-1.50493164063
-1.47622070313
-1.40922851563
-1.38051757813
-1.35419921875
-1.35659179688
-1.32788085938
-1.31831054688
-1.28720703125
-1.29916992188
-1.29916992188
-1.2919921875
-1.27524414063
-1.31831054688
-1.31591796875
-1.32788085938
-1.29916992188
-1.3302734375
-1.28720703125
-1.4451171875
-1.43793945313
-1.473828125
-1.49057617188
-1.38051757813
-1.56713867188
-1.55278320313
-1.44990234375
-1.50493164063
-1.48100585938
-1.46186523438
-1.38051757813
-1.31591796875
-1.29916992188
-1.244140625
-1.17475585938
-1.10297851563
-1.05751953125
-0.976171875
-0.88525390625
-0.906787109375
-0.748876953125
-0.710595703125
-0.5455078125
-0.399560546875
-0.260791015625
-0.19140625
-0.045458984375
-0.04306640625
-0.045458984375
-0.0669921875
-0.045458984375
0.136376953125
0.165087890625
0.1818359375
0.112451171875
0.08134765625
0.055029296875
0.0478515625
-0.059814453125
-0.02392578125
-0.0095703125
-0.098095703125
-0.1435546875
-0.12919921875
-0.198583984375
-0.227294921875
-0.217724609375
-0.2201171875
-0.212939453125
-0.2201171875
-0.208154296875
-0.212939453125
-0.303857421875
-0.325390625
-0.3349609375
-0.399560546875
-0.401953125
-0.39716796875
-0.34931640625
-0.337353515625
-0.356494140625
-0.361279296875
-0.318212890625
-0.31103515625
-0.303857421875
-0.212939453125
-0.2201171875
-0.19140625
-0.217724609375
-0.165087890625
-0.126806640625
-0.1244140625
-0.031103515625
0.04306640625
0.078955078125
0.11962890625
0.06220703125
0.078955078125
0.05263671875
0.1052734375
0.00478515625
0.160302734375
0.13876953125
0.1052734375
0.112451171875
0.098095703125
0.10048828125
0.095703125
0.122021484375
0.126806640625
0.117236328125
0.133984375
0.17705078125
0.17705078125
0.0669921875
0.04306640625
0.05263671875
0.011962890625
-0.031103515625
-0.011962890625
0.002392578125
-0.007177734375
0.0478515625
0.059814453125
0.055029296875
0.03349609375
0.057421875
0.05263671875
0.098095703125
0.1435546875
0.136376953125
0.1435546875
0.155517578125
0.19619140625
0.1818359375
0.18662109375
0.210546875
0.2392578125
0.275146484375
0.29189453125
0.39716796875
0.3923828125
0.385205078125
0.4880859375
0.547900390625
0.571826171875
0.65078125
0.67470703125
0.68427734375
0.73212890625
0.734521484375
0.748876953125
0.7943359375
0.79912109375
0.76083984375
0.87568359375
0.68427734375
0.65556640625
0.562255859375
0.538330078125
0.241650390625
0.057421875
-0.002392578125
-0.2009765625
-0.275146484375
-0.4115234375
-0.4689453125
-0.576611328125
-0.65078125
-0.746484375
-0.811083984375
-0.86611328125
-1.06469726562
-0.925927734375
-1.05034179688
-1.02641601563
-1.03837890625
-1.21064453125
-1.1580078125
-1.21303710938
-1.24653320313
-1.2537109375
-1.30874023438
-1.31352539063
-1.27763671875
-1.30634765625
-1.2345703125
-1.20825195312
-1.18193359375
-1.13168945313
-1.1580078125
-1.071875
-0.9857421875
-0.978564453125
-0.9857421875
-0.9283203125
-1.02880859375
-0.91875
-0.90439453125
-0.91875
-0.95703125
-0.95224609375
-0.95224609375
-0.98095703125
-0.9666015625
-0.8421875
-0.91875
-0.9474609375
-0.9474609375
-0.91875
-1.06708984375
-0.86611328125
-0.8326171875
-0.8517578125
-0.8134765625
-0.863720703125
-0.85654296875
-0.815869140625
-0.7177734375
-0.734521484375
-0.708203125
-0.6890625
-0.710595703125
-0.65078125
-0.76083984375
-0.557470703125
-0.590966796875
-0.61728515625
-0.58857421875
-0.55986328125
-0.533544921875
-0.557470703125
-0.557470703125
-0.600537109375
-0.45458984375
-0.437841796875
-0.428271484375
-0.375634765625
-0.337353515625
-0.303857421875
-0.222509765625
-0.203369140625
-0.133984375
-0.10048828125
-0.074169921875
-0.136376953125
-0.0478515625
-0.031103515625
-0.019140625
0.0287109375
0.1052734375
0.112451171875
0.11484375
0.083740234375
0.174658203125
0.11005859375
0.15791015625
0.179443359375
0.236865234375
0.284716796875
0.361279296875
0.428271484375
0.53115234375
0.46416015625
0.68427734375
0.724951171875
0.72734375
0.784765625
0.80869140625
0.99052734375
0.863720703125
0.945068359375
1.1388671875
0.95703125
1.1484375
1.08623046875
1.10776367188
1.10537109375
1.1388671875
1.15322265625
1.1197265625
1.10297851563
1.10297851563
0.98095703125
0.882861328125
0.734521484375
0.610107421875
0.50244140625
0.42109375
0.363671875
0.27275390625
0.299072265625
0.050244140625
-0.102880859375
-0.055029296875
-0.265576171875
-0.45458984375
-0.547900390625
-0.6890625
-0.782373046875
-0.873291015625
-0.9857421875
-1.1197265625
-1.19868164063
-1.225
-1.29438476563
-1.3685546875
-1.44272460938
-1.32788085938
-1.23696289063
-1.2919921875
-1.27524414063
-1.16518554688
-1.16997070313
-1.08862304688
-1.0431640625
-0.96181640625
-0.87568359375
-0.80869140625
-0.696240234375
-0.6029296875
-0.4115234375
-0.37802734375
-0.2201171875
-0.232080078125
-0.21533203125
-0.2201171875
-0.2009765625
