-0.729736328125
-0.720166015625
-0.734521484375
-0.708203125
-0.708203125
-0.68427734375
-0.691455078125
-0.701025390625
-0.739306640625
-0.739306640625
-0.784765625
-0.8708984375
-0.67470703125
-0.6986328125
-0.6794921875
-0.6412109375
-0.6603515625
-0.593359375
-0.547900390625
-0.538330078125
-0.461767578125
-0.385205078125
-0.34453125
-0.27275390625
-0.227294921875
-0.193798828125
-0.189013671875
-0.212939453125
-0.1244140625
-0.059814453125
0.0478515625
0.026318359375
0.016748046875
0.23447265625
0.26796875
0.327783203125
0.696240234375
0.6890625
0.2392578125
0.11484375
0.2201171875
0.30625
0.76083984375
0.82783203125
0.91875
0.925927734375
0.940283203125
0.930712890625
0.91396484375
0.86611328125
0.98095703125
1.08623046875
0.988134765625
1.00249023438
1.11015625
1.11494140625
1.10776367188
1.29916992188
1.33266601563
1.39965820312
1.45947265625
1.95234375
1.63173828125
1.10776367188
1.17236328125
1.16518554688
1.31591796875
1.34702148438
1.48818359375
1.50971679688
1.53842773438
1.48100585938
1.44033203125
1.42358398438
1.4642578125
1.43793945313
1.51689453125
1.61977539063
1.54799804688
1.39008789063
1.36376953125
1.39965820312
1.40444335938
1.40444335938
1.3111328125
1.35180664062
1.37094726563
1.47622070313
1.550390625
1.41401367188
1.37573242188
1.32309570313
1.3876953125
1.43315429688
1.40922851563
1.40444335938
1.4259765625
1.4259765625
1.38291015625
1.34223632813
1.33505859375
1.3111328125
1.29677734375
1.28481445313
1.2537109375
1.26088867188
1.24892578125
1.2728515625
1.12690429688
1.0623046875
1.03120117188
1.04077148438
1.05751953125
0.9953125
1.03598632813
1.02880859375
1.05512695313
1.05991210938
1.05512695313
1.01206054688
0.945068359375
0.9283203125
0.9666015625
0.93310546875
0.940283203125
0.94267578125
0.92353515625
0.940283203125
0.988134765625
1.00966796875
0.868505859375
0.80390625
0.801513671875
0.7751953125
0.7943359375
0.787158203125
0.784765625
0.739306640625
0.729736328125
0.734521484375
0.734521484375
0.72255859375
0.70341796875
0.724951171875
0.68427734375
0.672314453125
0.6794921875
0.648388671875
0.62685546875
0.657958984375
0.66513671875
0.67470703125
0.66513671875
0.681884765625
0.7177734375
0.734521484375
0.758447265625
0.772802734375
0.61728515625
0.801513671875
0.7751953125
0.7560546875
0.768017578125
0.763232421875
0.7369140625
0.691455078125
0.672314453125
0.634033203125
0.63642578125
0.657958984375
0.744091796875
0.638818359375
0.629248046875
0.63642578125
0.629248046875
0.638818359375
0.634033203125
0.6125
0.60771484375
0.631640625
0.653173828125
0.672314453125
0.6794921875
0.6986328125
0.672314453125
0.6603515625
0.66513671875
0.715380859375
0.6986328125
0.667529296875
0.701025390625
0.72255859375
0.739306640625
0.696240234375
0.662744140625
0.669921875
0.6890625
0.677099609375
0.70341796875
0.71298828125
0.66513671875
0.657958984375
0.708203125
0.748876953125
0.619677734375
0.729736328125
0.71298828125
0.73212890625
0.724951171875
0.7943359375
0.777587890625
0.765625
0.624462890625
0.79912109375
0.844580078125
0.844580078125
0.854150390625
0.80869140625
0.839794921875
0.88046875
0.8326171875
0.791943359375
0.8517578125
0.8421875
0.825439453125
0.86611328125
0.74169921875
0.782373046875
0.75126953125
0.772802734375
0.73212890625
0.696240234375
0.739306640625
0.7560546875
0.729736328125
0.739306640625
0.715380859375
0.74169921875
0.73212890625
0.768017578125
0.729736328125
0.7177734375
0.729736328125
0.744091796875
0.681884765625
0.653173828125
0.74169921875
0.763232421875
0.746484375
0.70341796875
0.67470703125
0.72734375
0.748876953125
0.681884765625
0.62685546875
0.6412109375
0.729736328125
0.746484375
0.7751953125
0.796728515625
0.861328125
0.92353515625
0.95224609375
0.997705078125
1.014453125
0.945068359375
0.973779296875
1.00249023438
0.997705078125
0.949853515625
0.921142578125
0.95703125
0.782373046875
0.65556640625
0.74169921875
0.514404296875
0.13876953125
0.00478515625
-0.20576171875
-0.33017578125
-0.62685546875
-0.61728515625
-0.600537109375
-0.74169921875
-0.56943359375
-0.5359375
-0.66513671875
-0.590966796875
-0.428271484375
-0.476123046875
-0.394775390625
-0.303857421875
-0.222509765625
-0.0669921875
0.198583984375
0.356494140625
0.610107421875
0.619677734375
0.69384765625
0.691455078125
0.4880859375
0.485693359375
0.41630859375
0.23447265625
0.24404296875
-0.0669921875
-0.21533203125
-0.179443359375
-0.1244140625
-0.09091796875
-0.0765625
-0.102880859375
-0.153125
-0.232080078125
-0.270361328125
-0.236865234375
-0.284716796875
-0.31103515625
-0.3541015625
-0.39716796875
-0.4306640625
-0.452197265625
-0.49765625
-0.57421875
-0.619677734375
-0.672314453125
-0.708203125
-0.7369140625
-0.763232421875
-0.854150390625
-0.873291015625
-0.8900390625
-0.91875
-0.978564453125
-1.00249023438
-0.973779296875
-1.02880859375
-1.0431640625
-1.05751953125
-1.0623046875
-1.1005859375
-1.1197265625
-1.10776367188
-1.12451171875
-1.14604492188
-1.15322265625
-1.08383789063
-1.19150390625
-1.20346679688
-1.26328125
-1.26567382813
-1.21782226563
-1.20107421875
-1.1962890625
-1.20107421875
-1.15322265625
-1.13168945313
-1.14604492188
-1.10537109375
-1.05991210938
-0.97138671875
-0.9666015625
-0.95224609375
-0.937890625
-0.839794921875
-0.768017578125
-0.7943359375
-0.7369140625
-0.6986328125
-0.648388671875
-0.624462890625
-0.58857421875
-0.555078125
-0.528759765625
-0.50244140625
-0.452197265625
-0.413916015625
-0.40673828125
-0.37802734375
-0.3732421875
-0.363671875
-0.3349609375
-0.26318359375
-0.241650390625
-0.26318359375
-0.256005859375
-0.198583984375
-0.165087890625
-0.14833984375
-0.169873046875
-0.19619140625
-0.19619140625
-0.198583984375
-0.203369140625
-0.227294921875
-0.18662109375
-0.15791015625
-0.13876953125
-0.141162109375
-0.18662109375
-0.165087890625
-0.11962890625
-0.1244140625
-0.12919921875
-0.107666015625
-0.117236328125
-0.126806640625
-0.0861328125
-0.057421875
-0.007177734375
0.08134765625
0.112451171875
0.064599609375
0.0478515625
0.035888671875
0.169873046875
0.3158203125
0.30625
0.279931640625
0.232080078125
0.232080078125
0.26796875
0.0861328125
0.078955078125
0.088525390625
0.09091796875
0.069384765625
0.04306640625
0.019140625
-0.007177734375
-0.248828125
-0.13876953125
0.0669921875
0.11005859375
0.04306640625
0.0765625
0.179443359375
0.102880859375
0.026318359375
-0.0287109375
0.02392578125
0.122021484375
0.179443359375
0.2009765625
0.184228515625
0.133984375
0.133984375
0.011962890625
0.210546875
0.21533203125
0.217724609375
0.33974609375
0.452197265625
0.459375
0.399560546875
0.385205078125
0.3923828125
0.33974609375
0.19140625
0.34453125
0.32060546875
0.39716796875
0.399560546875
0.3541015625
0.31103515625
0.30146484375
0.265576171875
0.246435546875
0.2296875
0.21533203125
0.241650390625
0.248828125
0.212939453125
0.217724609375
0.227294921875
0.2201171875
0.24404296875
0.2392578125
0.251220703125
0.198583984375
0.19619140625
0.203369140625
0.208154296875
0.19140625
0.174658203125
0.14833984375
0.12919921875
0.11005859375
0.107666015625
0.107666015625
0.059814453125
0.069384765625
0.11962890625
0.069384765625
-0.0095703125
-0.093310546875
-0.088525390625
-0.133984375
-0.299072265625
-0.155517578125
