0.983349609375
0.978564453125
0.949853515625
0.902001953125
1.0431640625
0.90439453125
0.806298828125
0.8900390625
0.6890625
0.5359375
0.60771484375
0.346923828125
0.23447265625
0.11962890625
0.06220703125
0.145947265625
-0.03828125
-0.107666015625
-0.112451171875
-0.107666015625
-0.136376953125
-0.169873046875
-0.246435546875
-0.284716796875
-0.33017578125
-0.346923828125
-0.346923828125
-0.413916015625
-0.37802734375
-0.385205078125
-0.533544921875
-0.6412109375
-0.63642578125
-0.631640625
-0.657958984375
-0.65556640625
-0.68427734375
-0.7369140625
-0.69384765625
-0.70341796875
-0.6986328125
-0.631640625
-0.772802734375
-0.62685546875
-0.763232421875
-0.79912109375
-0.74169921875
-0.744091796875
-0.73212890625
-0.811083984375
-0.79912109375
-0.91875
-0.74169921875
-0.64599609375
-0.839794921875
-0.801513671875
-0.823046875
-0.9091796875
-0.873291015625
-0.945068359375
-0.95703125
-0.921142578125
-0.921142578125
-0.80390625
-0.968994140625
-0.930712890625
-0.92353515625
-0.768017578125
-0.768017578125
-0.906787109375
-1.0623046875
-0.90439453125
-0.964208984375
-0.937890625
-0.921142578125
-0.97138671875
-0.949853515625
-0.959423828125
-0.9666015625
-0.95224609375
-0.964208984375
-0.945068359375
-0.935498046875
-0.78955078125
-0.863720703125
-0.86611328125
-0.8134765625
-0.823046875
-0.77998046875
-0.715380859375
-0.6890625
-0.729736328125
-0.71298828125
-0.691455078125
-0.681884765625
-0.6794921875
-0.710595703125
-0.657958984375
-0.64599609375
-0.643603515625
-0.56943359375
-0.51201171875
-0.44501953125
-0.428271484375
-0.375634765625
-0.35888671875
-0.447412109375
-0.236865234375
-0.232080078125
-0.189013671875
-0.232080078125
-0.265576171875
-0.13876953125
-0.064599609375
-0.045458984375
0.04306640625
0.133984375
0.102880859375
0.227294921875
0.19619140625
0.21533203125
0.227294921875
0.265576171875
0.332568359375
0.33017578125
0.318212890625
0.399560546875
0.39716796875
0.361279296875
0.370849609375
0.299072265625
0.3158203125
0.356494140625
0.3158203125
0.308642578125
0.318212890625
0.327783203125
0.31103515625
0.346923828125
0.33017578125
0.437841796875
0.39716796875
0.4115234375
0.42109375
0.466552734375
0.4306640625
0.50244140625
0.4689453125
0.4689453125
0.516796875
0.466552734375
0.478515625
0.504833984375
0.48330078125
0.38759765625
0.433056640625
0.41630859375
0.39716796875
0.380419921875
0.413916015625
0.3732421875
0.442626953125
0.198583984375
0.165087890625
0.1052734375
0.107666015625
0.007177734375
-0.504833984375
-0.533544921875
-0.59814453125
-0.538330078125
-0.653173828125
-0.672314453125
-0.708203125
-0.705810546875
-0.657958984375
-0.543115234375
-0.466552734375
-0.3828125
-0.30146484375
-0.050244140625
0.189013671875
0.504833984375
0.519189453125
0.538330078125
0.6412109375
0.976171875
1.09580078125
1.16279296875
1.06708984375
0.930712890625
1.21782226563
1.36616210938
1.28002929688
1.29438476563
1.1771484375
1.29438476563
1.3494140625
1.04794921875
0.906787109375
0.87568359375
0.6412109375
0.516796875
0.456982421875
0.50244140625
0.3923828125
0.53115234375
0.610107421875
0.4689453125
0.52158203125
0.490478515625
0.6125
0.610107421875
0.5359375
0.600537109375
0.672314453125
0.734521484375
0.78955078125
0.787158203125
0.791943359375
0.796728515625
0.8134765625
0.768017578125
0.978564453125
1.0431640625
1.07666015625
1.6173828125
1.38051757813
1.96669921875
2.02412109375
2.25620117188
2.49067382813
2.72275390625
2.85673828125
2.966796875
2.91655273438
3.14145507813
3.311328125
3.23955078125
3.311328125
3.54340820313
3.6080078125
3.54580078125
3.55776367188
3.61518554688
3.67978515625
3.74916992188
3.79462890625
3.84965820313
3.8951171875
4.00517578125
3.98125
4.24682617188
4.26596679688
4.42626953125
4.48369140625
4.57221679688
4.62724609375
4.6703125
4.83779296875
4.92153320313
4.96938476563
5.00288085938
5.0818359375
5.0818359375
5.10815429688
5.11772460938
5.18232421875
5.05551757813
5.24453125
5.15361328125
5.23974609375
5.25170898438
5.30673828125
5.25170898438
5.31630859375
5.20385742188
5.19907226563
5.1775390625
5.16796875
5.18471679688
5.20146484375
5.21103515625
5.148828125
5.17036132813
5.1583984375
5.187109375
5.14404296875
5.09858398438
5.06987304688
5.0626953125
5.03876953125
5.033984375
5.03876953125
4.93110351563
4.957421875
4.88325195313
4.89760742188
4.95981445313
4.99809570313
4.92153320313
4.87607421875
4.88803710938
4.91674804688
4.91674804688
4.91435546875
4.81625976563
4.82104492188
4.83061523438
4.86171875
4.88803710938
4.83779296875
4.82583007813
4.842578125
5.01484375
4.78994140625
4.68466796875
4.69423828125
4.64638671875
4.70620117188
4.50043945313
4.39038085938
4.2875
4.2779296875
4.18940429688
4.01474609375
3.9046875
3.75634765625
3.675
3.61518554688
3.4166015625
3.39267578125
3.2443359375
3.19887695313
3.15581054688
3.14384765625
3.1103515625
3.09838867188
3.16538085938
3.12709960938
3.09360351563
3.1390625
3.0720703125
3.03618164063
3.03857421875
3.005078125
2.98833007813
2.9955078125
2.96201171875
2.94287109375
2.90698242188
2.8998046875
2.95483398438
2.99790039063
3.05771484375
2.93330078125
2.95961914063
2.909375
2.92373046875
2.95961914063
2.96440429688
2.95961914063
2.93569335938
2.98833007813
2.95244140625
2.88784179688
2.890234375
2.86630859375
2.80649414063
2.79692382813
2.76821289063
2.75625
2.71796875
2.72514648438
2.6701171875
2.64140625
2.74907226563
2.55288085938
2.4978515625
2.5169921875
2.52416992188
2.44282226563
2.4404296875
2.37822265625
2.41411132813
2.39736328125
2.37822265625
2.39018554688
2.49067382813
2.46674804688
2.41889648438
2.48349609375
2.53374023438
2.58159179688
2.603125
2.6701171875
2.67729492188
2.71318359375
2.7466796875
2.73471679688
2.80649414063
2.82084960938
2.851953125
2.87587890625
2.85913085938
2.83759765625
2.87348632813
2.78974609375
2.75625
2.66293945313
2.60551757813
2.65815429688
2.63422851563
2.59833984375
2.5361328125
2.507421875
2.392578125
2.38061523438
2.32797851563
2.1533203125
2.11025390625
2.01215820313
2.00737304688
1.87578125
1.8470703125
1.82075195313
1.69155273438
1.665234375
1.61259765625
1.5791015625
1.56713867188
1.52407226563
1.45947265625
1.28481445313
1.22739257813
1.17954101563
1.20107421875
1.11733398438
1.129296875
1.11254882812
1.17475585938
0.95224609375
0.97138671875
1.02880859375
1.00009765625
0.839794921875
0.720166015625
0.6794921875
0.64599609375
0.696240234375
0.68427734375
0.6603515625
0.56943359375
0.51201171875
0.46416015625
0.466552734375
0.48330078125
0.423486328125
0.4115234375
0.3541015625
0.346923828125
0.26318359375
0.2201171875
0.17705078125
0.08134765625
0.083740234375
0.078955078125
0.040673828125
0.03349609375
-0.040673828125
-0.145947265625
-0.189013671875
-0.169873046875
-0.270361328125
-0.361279296875
-0.428271484375
-0.466552734375
-0.54072265625
-0.440234375
-0.5837890625
-0.657958984375
-0.65556640625
-0.66513671875
-0.677099609375
-0.72255859375
-0.734521484375
-0.6220703125
-0.7177734375
-0.705810546875
-0.74169921875
-0.739306640625
-0.7177734375
-0.662744140625
-0.705810546875
-0.686669921875
-0.724951171875
-0.729736328125
-0.708203125
-0.701025390625
-0.61728515625
