-0.33974609375
-0.318212890625
-0.2775390625
-0.30146484375
-0.322998046875
-0.394775390625
-0.423486328125
-0.4498046875
-0.55029296875
-0.4689453125
-0.648388671875
-0.68427734375
-0.739306640625
-0.84697265625
-0.8900390625
-0.95703125
-0.921142578125
-0.86611328125
-0.801513671875
-0.768017578125
-0.91875
-1.01206054688
-1.05512695313
-0.820654296875
-0.516796875
-0.32060546875
-0.327783203125
-0.440234375
-0.160302734375
-0.03828125
0.040673828125
0.107666015625
0.174658203125
0.29189453125
0.16748046875
0.193798828125
0.172265625
0.198583984375
0.217724609375
0.222509765625
0.23447265625
0.203369140625
0.256005859375
0.25361328125
0.232080078125
0.31103515625
0.3349609375
0.2966796875
0.30625
0.287109375
0.294287109375
0.2966796875
0.31103515625
0.3541015625
0.346923828125
0.287109375
0.284716796875
0.30146484375
0.29189453125
0.30625
0.366064453125
0.375634765625
0.4498046875
0.490478515625
0.495263671875
0.516796875
0.495263671875
0.52158203125
0.595751953125
0.64599609375
0.662744140625
0.691455078125
0.715380859375
0.70341796875
0.734521484375
0.746484375
0.734521484375
0.724951171875
0.739306640625
0.77041015625
0.76083984375
0.7369140625
0.7369140625
0.746484375
0.763232421875
0.6890625
0.65556640625
0.638818359375
0.686669921875
0.744091796875
0.77998046875
0.705810546875
0.729736328125
0.504833984375
0.59814453125
0.720166015625
0.925927734375
0.5263671875
0.236865234375
-0.04306640625
0.208154296875
0.586181640625
0.60771484375
0.500048828125
0.361279296875
0.327783203125
0.370849609375
0.54072265625
0.5359375
0.5359375
0.562255859375
0.64599609375
0.614892578125
0.57421875
0.581396484375
0.662744140625
0.634033203125
0.576611328125
0.648388671875
0.70341796875
0.7943359375
0.84697265625
0.830224609375
0.811083984375
0.801513671875
0.823046875
0.815869140625
0.85654296875
0.85654296875
0.878076171875
0.921142578125
0.916357421875
0.96181640625
0.9857421875
1.0623046875
1.09340820313
1.12690429688
1.14125976563
1.205859375
1.23696289063
1.2728515625
1.24174804688
1.25610351562
1.37573242188
1.17236328125
1.1005859375
1.15083007813
1.129296875
1.02641601563
0.9666015625
0.911572265625
0.83740234375
0.79912109375
0.748876953125
0.662744140625
0.557470703125
0.509619140625
0.428271484375
0.418701171875
0.440234375
0.30146484375
0.303857421875
0.165087890625
0.050244140625
0.0478515625
0.031103515625
-0.026318359375
-0.095703125
-0.145947265625
-0.169873046875
-0.169873046875
-0.00478515625
-0.179443359375
-0.208154296875
-0.2966796875
-0.184228515625
-0.30625
-0.423486328125
-0.38759765625
-0.39716796875
-0.3349609375
-0.327783203125
-0.36845703125
-0.447412109375
-0.447412109375
-0.4306640625
-0.44501953125
-0.440234375
-0.452197265625
-0.466552734375
-0.356494140625
-0.34931640625
-0.3541015625
-0.308642578125
-0.284716796875
-0.15791015625
-0.2775390625
-0.25361328125
-0.236865234375
-0.189013671875
-0.026318359375
-0.2009765625
-0.1626953125
-0.141162109375
-0.11484375
-0.136376953125
-0.1818359375
-0.19140625
-0.12919921875
-0.165087890625
-0.24404296875
-0.361279296875
-0.34931640625
-0.2775390625
-0.2392578125
-0.287109375
-0.3158203125
-0.366064453125
-0.337353515625
-0.299072265625
-0.447412109375
-0.26318359375
-0.275146484375
-0.33974609375
-0.248828125
-0.208154296875
-0.222509765625
-0.236865234375
-0.30625
-0.29189453125
-0.17705078125
-0.193798828125
-0.11005859375
-0.153125
-0.145947265625
-0.07177734375
-0.02392578125
0.133984375
-0.055029296875
0.031103515625
0.019140625
0.035888671875
0.031103515625
0.02392578125
0.078955078125
0.069384765625
0.059814453125
0.074169921875
0.098095703125
0.141162109375
0.11962890625
0.15791015625
0.165087890625
0.165087890625
0.198583984375
0.217724609375
0.2583984375
0.260791015625
0.260791015625
0.313427734375
0.30146484375
0.39716796875
0.36845703125
0.409130859375
0.471337890625
0.50244140625
0.538330078125
0.557470703125
0.4115234375
0.66513671875
0.480908203125
0.5359375
0.638818359375
0.724951171875
0.75126953125
0.72255859375
0.68427734375
-0.21533203125
-0.389990234375
-0.600537109375
-0.686669921875
-0.739306640625
-0.758447265625
-0.241650390625
-0.035888671875
0.0478515625
0.0478515625
0.016748046875
0.06220703125
0.30625
0.401953125
0.327783203125
0.3732421875
0.478515625
1.052734375
0.949853515625
0.69384765625
0.67470703125
0.85654296875
0.820654296875
0.80869140625
0.77041015625
0.705810546875
0.677099609375
0.619677734375
0.614892578125
0.55986328125
0.571826171875
0.5455078125
0.478515625
0.447412109375
0.404345703125
0.413916015625
0.428271484375
0.437841796875
0.452197265625
0.456982421875
0.440234375
0.4880859375
0.461767578125
0.533544921875
0.5646484375
0.543115234375
0.5263671875
0.5646484375
0.361279296875
0.34931640625
0.2583984375
0.287109375
0.2583984375
0.22490234375
0.155517578125
0.0765625
0.016748046875
-0.02392578125
-0.019140625
-0.122021484375
-0.14833984375
-0.265576171875
-0.294287109375
-0.35888671875
-0.370849609375
-0.401953125
-0.404345703125
-0.40673828125
-0.318212890625
-0.514404296875
-0.533544921875
-0.54072265625
-0.56943359375
-0.547900390625
-0.557470703125
-0.478515625
-0.677099609375
-0.691455078125
-0.72734375
-0.7560546875
-0.88046875
-1.05751953125
-1.167578125
-0.78955078125
-1.00249023438
-1.34702148438
-1.32548828125
-1.23217773438
-1.21782226563
-1.09340820313
-1.26328125
-1.34223632813
-1.29438476563
-1.26328125
-1.24174804688
-1.2537109375
-1.20346679688
-1.20346679688
-1.11494140625
-1.08623046875
-1.00966796875
-0.9283203125
-0.911572265625
-0.806298828125
-0.744091796875
-0.705810546875
-0.677099609375
-0.744091796875
-0.519189453125
-0.476123046875
-0.418701171875
-0.366064453125
-0.404345703125
-0.409130859375
-0.332568359375
-0.289501953125
-0.212939453125
-0.16748046875
-0.150732421875
-0.102880859375
-0.102880859375
-0.09091796875
-0.11005859375
-0.078955078125
-0.0861328125
-0.08134765625
-0.064599609375
-0.055029296875
-0.11484375
-0.10048828125
-0.083740234375
-0.098095703125
-0.136376953125
-0.107666015625
-0.150732421875
-0.165087890625
-0.1818359375
-0.21533203125
-0.19619140625
-0.198583984375
-0.246435546875
-0.236865234375
-0.25361328125
-0.232080078125
-0.236865234375
-0.2966796875
-0.303857421875
-0.361279296875
-0.356494140625
-0.3732421875
-0.342138671875
-0.3732421875
-0.3349609375
-0.313427734375
-0.447412109375
-0.31103515625
-0.318212890625
-0.351708984375
-0.342138671875
-0.325390625
-0.308642578125
-0.3541015625
-0.3349609375
-0.337353515625
-0.356494140625
-0.363671875
-0.370849609375
-0.361279296875
-0.399560546875
-0.366064453125
-0.366064453125
-0.2966796875
-0.284716796875
-0.3541015625
-0.332568359375
-0.260791015625
-0.23447265625
-0.23447265625
-0.217724609375
-0.19140625
-0.16748046875
-0.160302734375
-0.28232421875
-0.074169921875
-0.0669921875
0.002392578125
-0.007177734375
0.002392578125
0.007177734375
0.0478515625
0.055029296875
0.11005859375
0.165087890625
0.2009765625
0.222509765625
0.227294921875
0.27275390625
0.279931640625
0.279931640625
0.327783203125
0.33017578125
0.346923828125
0.363671875
0.3923828125
0.418701171875
0.401953125
0.375634765625
0.40673828125
0.418701171875
0.423486328125
0.39716796875
0.33974609375
0.35888671875
0.366064453125
0.308642578125
0.275146484375
0.325390625
0.318212890625
0.29189453125
0.318212890625
0.26796875
0.26318359375
0.248828125
