-0.17705078125
-0.021533203125
0.078955078125
0.12919921875
0.1435546875
0.212939453125
0.275146484375
0.322998046875
0.322998046875
0.346923828125
0.351708984375
0.35888671875
0.36845703125
0.318212890625
0.303857421875
0.256005859375
0.26318359375
0.23447265625
0.236865234375
0.193798828125
0.303857421875
0.12919921875
0.141162109375
0.189013671875
0.1244140625
0.131591796875
0.18662109375
0.150732421875
0.169873046875
0.275146484375
0.12919921875
0.098095703125
0.1052734375
0.098095703125
0.069384765625
0.059814453125
0.14833984375
0.011962890625
-0.021533203125
-0.0861328125
-0.09091796875
-0.102880859375
-0.074169921875
-0.007177734375
-0.083740234375
-0.1818359375
-0.155517578125
-0.165087890625
-0.17705078125
-0.210546875
-0.30146484375
-0.2966796875
-0.33017578125
-0.34453125
-0.3923828125
-0.409130859375
-0.4306640625
-0.4115234375
-0.389990234375
-0.35888671875
-0.342138671875
-0.29189453125
-0.313427734375
-0.42109375
-0.279931640625
-0.165087890625
-0.2775390625
-0.26796875
-0.31103515625
-0.287109375
-0.20576171875
-0.198583984375
-0.22490234375
-0.222509765625
-0.2009765625
-0.227294921875
-0.208154296875
-0.174658203125
-0.145947265625
-0.1435546875
-0.093310546875
-0.078955078125
0.031103515625
0.055029296875
0.133984375
0.179443359375
0.184228515625
0.208154296875
0.24404296875
0.2392578125
0.30625
0.279931640625
0.26318359375
0.30146484375
0.236865234375
0.256005859375
0.25361328125
0.20576171875
0.169873046875
0.1435546875
0.078955078125
0.0765625
0.1244140625
0.07177734375
0.026318359375
0.019140625
0.0287109375
-0.00478515625
0.05263671875
-0.153125
-0.03349609375
-0.14833984375
-0.06220703125
-0.019140625
-0.0669921875
-0.019140625
-0.0287109375
-0.050244140625
-0.074169921875
-0.131591796875
-0.07177734375
-0.10048828125
-0.145947265625
-0.1052734375
-0.11005859375
-0.30146484375
-0.155517578125
-0.112451171875
-0.0861328125
-0.040673828125
0.011962890625
-0.04306640625
-0.0287109375
-0.088525390625
-0.055029296875
-0.069384765625
-0.0478515625
-0.0765625
-0.088525390625
-0.055029296875
-0.03828125
-0.1244140625
-0.131591796875
-0.153125
-0.20576171875
-0.1626953125
-0.389990234375
-0.3923828125
-0.653173828125
-0.80869140625
-1.02880859375
-1.205859375
-1.244140625
-1.31352539063
-1.34223632813
-1.32548828125
-1.3111328125
-1.11254882812
-0.95703125
-0.811083984375
-0.61728515625
-0.440234375
-0.303857421875
-0.026318359375
0.021533203125
0.2966796875
0.500048828125
0.7369140625
0.858935546875
1.1005859375
1.320703125
1.4642578125
1.55517578125
1.73461914063
1.66284179688
1.550390625
1.61020507813
1.44990234375
1.21064453125
1.1771484375
1.42119140625
1.25849609375
1.06469726562
1.05512695313
1.02163085938
1.16040039062
1.23217773438
1.27763671875
1.29677734375
1.36137695313
1.41640625
1.45229492188
1.46904296875
1.4546875
1.49775390625
1.473828125
1.44750976562
1.435546875
1.47622070313
1.61020507813
1.59106445313
1.550390625
1.6078125
1.63173828125
1.6173828125
1.56713867188
1.58149414063
1.55278320313
1.4833984375
1.4546875
1.46665039063
1.55517578125
1.57431640625
1.40922851563
1.82075195313
1.43793945313
1.741796875
1.99301757813
2.0193359375
2.2203125
2.33754882813
2.69643554688
2.84477539063
3.15102539063
3.45727539063
3.64389648438
3.83291015625
3.84965820313
4.13198242188
4.25161132813
4.34252929688
4.35927734375
4.34970703125
4.3353515625
4.32578125
4.31381835938
4.30903320313
4.29228515625
4.16069335938
4.32099609375
4.35927734375
4.40473632813
4.46215820312
4.4884765625
4.57939453125
4.62006835938
4.7947265625
4.90239257813
4.94545898438
4.93828125
5.02919921875
5.110546875
5.1201171875
5.17036132813
5.30434570313
5.18950195313
5.19907226563
5.32109375
5.40961914063
5.5029296875
5.56752929688
5.5603515625
5.56513671875
5.5603515625
5.53403320313
5.5220703125
5.49575195313
5.42397460938
5.41440429688
5.53881835938
5.49575195313
5.187109375
5.2158203125
5.24931640625
5.23735351563
5.1966796875
5.08422851562
5.15361328125
5.15600585938
5.07465820313
4.90239257813
4.7755859375
4.74208984375
4.6703125
4.59853515625
4.56982421875
4.56982421875
4.50043945313
4.3544921875
4.28989257813
4.33295898438
4.29946289063
4.23247070313
4.17026367188
4.230078125
4.21811523438
4.11044921875
4.03388671875
3.9908203125
3.89750976563
3.69653320313
3.68696289063
3.59604492188
3.47163085938
3.4166015625
3.36396484375
3.40703125
3.14384765625
2.96201171875
3.19169921875
2.91176757813
2.6126953125
2.5744140625
2.56723632813
2.47153320313
2.42368164063
2.19638671875
2.08154296875
1.87578125
1.77290039063
1.6173828125
1.56953125
1.67958984375
1.4833984375
1.40205078125
1.30634765625
1.26567382813
1.32309570313
1.29438476563
1.3685546875
1.19868164063
1.19150390625
1.24174804688
1.21064453125
1.15561523438
1.21064453125
1.15561523438
1.2537109375
1.22739257813
1.26088867188
1.24653320313
1.29438476563
1.22260742188
1.2537109375
1.25131835938
1.16997070313
1.09580078125
1.15322265625
1.14604492188
1.19150390625
1.05034179688
0.99052734375
1.05991210938
0.92353515625
1.00966796875
0.92353515625
0.835009765625
0.734521484375
0.60771484375
0.543115234375
0.476123046875
0.370849609375
0.236865234375
0.169873046875
-0.050244140625
-0.1244140625
-0.2966796875
-0.2392578125
-0.404345703125
-0.5646484375
-0.696240234375
-0.63642578125
-0.978564453125
-1.071875
-1.1962890625
-1.28481445313
-1.4546875
-1.588671875
-1.77529296875
-1.74418945313
-1.92841796875
-1.99780273438
-1.933203125
-1.990625
-1.89731445313
-1.87338867188
-2.009765625
-2.00258789063
-1.95952148438
-1.97626953125
-2.01455078125
-2.10546875
-2.13896484375
-2.1341796875
-2.17006835938
-2.2873046875
-2.42368164063
-2.39975585938
-2.44760742188
-2.54091796875
-2.5265625
-2.60791015625
-2.56005859375
-2.64379882812
-2.62465820313
-2.52177734375
-2.5169921875
-2.469140625
-2.38540039063
-2.33994140625
-2.43803710938
-2.28251953125
-2.22749023438
-2.13896484375
-2.08154296875
-2.02172851562
-1.99541015625
-1.99780273438
-1.94755859375
-1.89970703125
-1.88295898438
-1.70112304688
-1.82553710938
-1.7896484375
-1.7705078125
-1.76811523438
-1.73701171875
-1.95712890625
-1.99541015625
-2.201171875
-2.10068359375
-2.28969726563
-2.34711914063
-2.29208984375
-2.39975585938
-2.53852539063
-2.5169921875
-2.48588867188
-2.61508789063
-2.65815429688
-2.66533203125
-2.77778320313
-2.76821289063
-2.83999023438
-2.83999023438
-2.84477539063
-3.03857421875
-2.97397460938
-3.00029296875
-2.95244140625
-2.92373046875
-3.10317382813
-2.966796875
-3.00747070313
-2.95004882813
-3.04096679688
-2.87827148438
-2.82802734375
-2.813671875
-2.8328125
-2.82563476563
-2.78017578125
-2.79213867188
-2.7466796875
-2.72275390625
-2.65815429688
-2.68447265625
-2.603125
-2.61030273438
-2.55766601563
-2.5169921875
-2.469140625
-2.46196289063
-2.58876953125
-2.33515625
-2.43803710938
-2.2490234375
-2.23466796875
-2.19877929688
-2.08393554688
-2.13896484375
-2.1150390625
-2.05522460938
-2.048046875
-2.04326171875
-2.06958007812
-1.95234375
-2.009765625
-1.98583984375
-1.99541015625
-2.13657226563
-2.02890625
-2.0767578125
-2.13657226563
-2.1533203125
-2.124609375
-2.04086914063
-1.87338867188
-1.94516601563
-1.7322265625
