0.0
0.059814453125
0.059814453125
0.11005859375
0.126806640625
0.1435546875
0.1435546875
0.155517578125
0.145947265625
0.03828125
0.19140625
0.23447265625
0.222509765625
0.227294921875
0.227294921875
0.25361328125
0.294287109375
0.15791015625
0.31103515625
0.30625
0.26318359375
0.26318359375
0.26318359375
0.265576171875
0.270361328125
0.2966796875
0.2966796875
0.284716796875
0.289501953125
0.27275390625
0.27275390625
0.2775390625
0.313427734375
0.33974609375
0.33974609375
0.413916015625
0.4498046875
0.4498046875
0.284716796875
0.088525390625
0.045458984375
0.045458984375
0.11005859375
0.189013671875
0.246435546875
0.246435546875
0.25361328125
0.2201171875
0.198583984375
0.198583984375
0.172265625
0.12919921875
0.088525390625
0.095703125
0.095703125
0.145947265625
0.179443359375
0.179443359375
0.1818359375
0.184228515625
0.21533203125
0.21533203125
0.222509765625
0.18662109375
0.16748046875
0.16748046875
0.165087890625
0.17705078125
0.172265625
0.172265625
0.17705078125
0.203369140625
0.19140625
0.19140625
0.169873046875
0.18662109375
0.2009765625
0.2009765625
0.222509765625
0.241650390625
0.2201171875
0.2201171875
0.210546875
0.203369140625
0.16748046875
0.16748046875
0.1818359375
0.203369140625
0.172265625
0.172265625
0.16748046875
0.203369140625
0.198583984375
0.198583984375
0.19619140625
0.2009765625
0.2009765625
0.19140625
0.21533203125
0.208154296875
0.208154296875
0.208154296875
0.17705078125
0.131591796875
0.131591796875
0.131591796875
0.14833984375
0.112451171875
0.112451171875
0.098095703125
0.145947265625
0.153125
0.153125
0.172265625
0.19140625
0.179443359375
0.179443359375
0.17705078125
0.18662109375
0.174658203125
0.174658203125
0.17705078125
0.17705078125
0.18662109375
0.18662109375
0.21533203125
0.227294921875
0.236865234375
0.236865234375
0.246435546875
0.265576171875
0.241650390625
0.241650390625
0.198583984375
0.210546875
0.26318359375
0.26318359375
0.270361328125
0.2392578125
0.22490234375
0.22490234375
0.24404296875
0.26796875
0.260791015625
0.260791015625
0.246435546875
0.227294921875
0.227294921875
0.23447265625
0.251220703125
0.227294921875
0.227294921875
0.2009765625
0.19619140625
0.227294921875
0.227294921875
0.2775390625
0.222509765625
0.15791015625
0.15791015625
0.117236328125
0.035888671875
0.01435546875
0.01435546875
-0.0095703125
-0.019140625
0.0478515625
0.0478515625
0.102880859375
0.136376953125
0.133984375
0.133984375
0.1052734375
0.083740234375
0.035888671875
0.035888671875
-0.00478515625
-0.0095703125
-0.0095703125
-0.0095703125
-0.0287109375
-0.00478515625
-0.11484375
0.03828125
0.0287109375
0.011962890625
0.011962890625
0.011962890625
0.01435546875
0.019140625
0.04306640625
0.04306640625
0.026318359375
0.0095703125
0.0095703125
0.0287109375
0.03828125
0.035888671875
0.035888671875
0.019140625
0.026318359375
0.01435546875
0.01435546875
-0.00478515625
0.002392578125
-0.016748046875
-0.016748046875
-0.007177734375
-0.026318359375
-0.055029296875
-0.055029296875
-0.045458984375
-0.04306640625
-0.04306640625
-0.04306640625
-0.035888671875
-0.06220703125
-0.05263671875
-0.031103515625
-0.031103515625
-0.026318359375
-0.01435546875
-0.0478515625
-0.0478515625
-0.0669921875
-0.057421875
-0.055029296875
-0.055029296875
-0.059814453125
-0.059814453125
-0.06220703125
-0.06220703125
-0.10048828125
-0.133984375
-0.107666015625
-0.107666015625
-0.088525390625
-0.11005859375
-0.10048828125
-0.10048828125
-0.10048828125
-0.133984375
-0.026318359375
-0.179443359375
-0.212939453125
-0.222509765625
-0.2009765625
-0.2009765625
-0.165087890625
-0.155517578125
-0.29189453125
-0.13876953125
-0.11005859375
-0.13876953125
-0.031103515625
-0.184228515625
-0.21533203125
-0.227294921875
-0.227294921875
-0.217724609375
-0.246435546875
-0.2583984375
-0.2583984375
-0.260791015625
-0.27275390625
-0.299072265625
-0.1818359375
-0.3349609375
-0.308642578125
-0.284716796875
-0.284716796875
-0.318212890625
-0.34931640625
-0.37802734375
-0.37802734375
-0.361279296875
-0.30625
-0.279931640625
-0.248828125
-0.248828125
-0.210546875
-0.236865234375
-0.287109375
-0.287109375
-0.33974609375
-0.385205078125
-0.385205078125
-0.389990234375
-0.38759765625
-0.37802734375
-0.3349609375
-0.3349609375
-0.287109375
-0.29189453125
-0.179443359375
-0.332568359375
-0.332568359375
-0.33974609375
-0.380419921875
-0.380419921875
-0.37802734375
-0.399560546875
-0.404345703125
-0.404345703125
-0.39716796875
-0.404345703125
-0.43544921875
-0.43544921875
-0.490478515625
-0.523974609375
-0.547900390625
-0.547900390625
-0.516796875
-0.461767578125
-0.461767578125
-0.409130859375
-0.332568359375
-0.3158203125
-0.3158203125
-0.375634765625
-0.418701171875
-0.45458984375
-0.45458984375
-0.48330078125
-0.480908203125
-0.480908203125
-0.480908203125
-0.49287109375
-0.50244140625
-0.49287109375
-0.49287109375
-0.447412109375
-0.45458984375
-0.4880859375
-0.4880859375
-0.4689453125
-0.471337890625
-0.533544921875
-0.533544921875
-0.6029296875
-0.59814453125
-0.55029296875
-0.55029296875
-0.485693359375
-0.437841796875
-0.39716796875
-0.39716796875
-0.389990234375
-0.437841796875
-0.3349609375
-0.4880859375
-0.533544921875
-0.555078125
-0.547900390625
-0.547900390625
-0.528759765625
-0.52158203125
-0.523974609375
-0.523974609375
-0.528759765625
-0.52158203125
-0.49287109375
-0.49287109375
-0.456982421875
-0.447412109375
-0.442626953125
-0.442626953125
-0.447412109375
-0.437841796875
-0.433056640625
-0.433056640625
-0.442626953125
-0.428271484375
-0.428271484375
-0.428271484375
-0.440234375
-0.4498046875
-0.456982421875
-0.456982421875
-0.461767578125
-0.500048828125
-0.485693359375
-0.485693359375
-0.440234375
-0.433056640625
-0.413916015625
-0.413916015625
-0.4306640625
-0.437841796875
-0.43544921875
-0.43544921875
-0.42587890625
-0.3923828125
-0.3828125
-0.3828125
-0.3732421875
-0.370849609375
-0.332568359375
-0.332568359375
-0.284716796875
-0.31103515625
-0.332568359375
-0.332568359375
-0.31103515625
-0.32060546875
-0.332568359375
-0.332568359375
-0.332568359375
-0.337353515625
-0.413916015625
-0.260791015625
-0.1818359375
-0.14833984375
-0.136376953125
-0.136376953125
-0.150732421875
-0.184228515625
-0.217724609375
-0.217724609375
-0.208154296875
-0.21533203125
-0.248828125
-0.248828125
-0.248828125
-0.227294921875
-0.232080078125
-0.232080078125
-0.24404296875
-0.251220703125
-0.275146484375
-0.275146484375
-0.28232421875
-0.26796875
-0.2775390625
-0.2775390625
-0.318212890625
-0.3349609375
-0.3349609375
-0.380419921875
-0.428271484375
-0.456982421875
-0.370849609375
-0.523974609375
-0.55986328125
-0.55029296875
-0.57900390625
-0.57900390625
-0.538330078125
-0.56943359375
-0.57421875
-0.576611328125
-0.614892578125
-0.648388671875
-0.638818359375
-0.6125
-0.56943359375
-0.557470703125
-0.523974609375
-0.504833984375
0.00478515625
0.06220703125
0.19140625
0.232080078125
0.325390625
0.3158203125
0.456982421875
0.351708984375
0.516796875
0.58857421875
0.56943359375
0.51201171875
0.466552734375
0.528759765625
0.5072265625
0.51201171875
0.51201171875
0.437841796875
0.41630859375
0.356494140625
0.33974609375
0.325390625
0.456982421875
0.246435546875
0.20576171875
0.241650390625
0.270361328125
0.287109375
0.27275390625
0.2201171875
0.153125
0.112451171875
0.102880859375
0.11962890625
0.141162109375
-0.02392578125
0.126806640625
-0.045458984375
-0.102880859375
0.035888671875
0.03828125
