-0.590966796875
-0.571826171875
-0.56943359375
-0.533544921875
-0.51201171875
-0.516796875
-0.60771484375
-0.480908203125
-0.413916015625
-0.39716796875
-0.43544921875
-0.423486328125
-0.399560546875
-0.389990234375
-0.36845703125
-0.313427734375
-0.26318359375
-0.251220703125
-0.19140625
-0.16748046875
-0.122021484375
-0.078955078125
-0.050244140625
-0.0669921875
0.0095703125
0.09091796875
0.150732421875
0.107666015625
0.17705078125
0.2201171875
0.2392578125
0.23447265625
0.26796875
0.33017578125
0.32060546875
0.34453125
0.35888671875
0.413916015625
0.442626953125
0.533544921875
0.55029296875
0.6220703125
0.66513671875
0.677099609375
0.696240234375
0.667529296875
0.720166015625
0.739306640625
0.8134765625
0.823046875
0.858935546875
0.88046875
0.897216796875
0.96181640625
0.97138671875
0.973779296875
1.05751953125
1.1197265625
1.13408203125
1.18193359375
1.07905273438
1.26088867188
1.2537109375
1.29677734375
1.28959960938
1.31831054688
1.37333984375
1.49775390625
1.33505859375
1.37573242188
1.358984375
1.378125
1.3494140625
1.3111328125
1.3685546875
1.32309570313
1.34223632813
1.244140625
1.30874023438
1.35419921875
1.3876953125
1.512109375
1.3015625
1.29916992188
1.39487304688
1.37573242188
1.3876953125
1.34462890625
1.33266601563
1.3876953125
1.35659179688
1.32788085938
1.3302734375
1.31352539063
1.24174804688
1.282421875
1.26567382813
1.23217773438
1.22260742188
1.0814453125
1.282421875
1.320703125
1.3494140625
1.33745117188
1.33984375
1.31352539063
1.31352539063
1.28959960938
1.3302734375
1.358984375
1.41640625
1.4451171875
1.48100585938
1.54560546875
1.61499023438
1.7609375
1.9044921875
1.87817382813
2.24423828125
2.354296875
2.6892578125
2.81127929688
3.16538085938
3.21801757813
3.44291992188
3.55537109375
3.5314453125
3.73002929688
3.77548828125
3.84248046875
3.72045898438
3.62236328125
3.541015625
3.45966796875
3.3783203125
3.29458007813
3.2921875
3.29697265625
3.22998046875
3.42856445313
3.49794921875
3.28500976563
3.32807617188
3.30654296875
3.27783203125
3.3974609375
3.48359375
3.52666015625
3.44052734375
3.6080078125
3.61518554688
3.6080078125
3.58647460938
3.65107421875
3.675
3.6462890625
3.57451171875
3.57211914063
3.61997070313
3.78984375
3.86879882813
3.8759765625
3.9525390625
4.03149414062
4.07934570312
4.134375
4.19658203125
4.26357421875
4.39038085938
4.41430664062
4.55786132812
4.63681640625
4.79233398438
4.76123046875
5.01962890625
5.110546875
5.05791015625
5.10576171875
5.29716796875
5.21342773438
5.19907226563
5.27802734375
5.47182617188
5.12250976563
5.23017578125
5.11293945313
5.16318359375
5.3115234375
5.14643554688
5.1296875
5.072265625
5.10336914063
4.93349609375
5.04833984375
5.14165039063
5.13447265625
5.35219726563
5.17275390625
5.2828125
5.40483398438
5.359375
5.57709960938
5.53881835938
5.69194335938
5.761328125
5.83071289063
5.876171875
6.029296875
6.10825195313
6.10107421875
6.18720703125
6.15610351563
6.24462890625
6.21352539063
6.16567382813
6.09389648438
6.11303710938
5.85942382813
5.78046875
5.58188476563
5.36655273438
5.27084960938
4.83540039063
4.66313476563
4.25639648438
3.89990234375
3.63671875
3.34243164063
2.98115234375
2.77299804688
2.44760742188
2.19877929688
1.91166992188
1.83032226563
1.397265625
1.12451171875
1.04794921875
0.672314453125
0.60771484375
0.193798828125
-0.14833984375
-0.2296875
-0.3158203125
-0.746484375
-0.861328125
-0.80390625
-1.16040039062
-1.0814453125
-1.23935546875
-1.3111328125
-1.3015625
-1.22978515625
-1.14125976563
-1.00727539063
-0.839794921875
-0.710595703125
-0.389990234375
-0.294287109375
-0.057421875
0.0861328125
0.2201171875
0.160302734375
0.351708984375
0.409130859375
0.60771484375
0.500048828125
0.45458984375
0.452197265625
0.466552734375
0.41630859375
0.456982421875
0.459375
0.43544921875
0.44501953125
0.327783203125
0.241650390625
0.112451171875
-0.074169921875
-0.18662109375
-0.28232421875
-0.571826171875
-0.4880859375
-0.782373046875
-0.892431640625
-1.06708984375
-1.14125976563
-1.08383789063
-1.3494140625
-1.44033203125
-1.4068359375
-1.83510742188
-1.75615234375
-1.74658203125
-1.780078125
-1.9140625
-1.89970703125
-1.94516601563
-1.96909179688
-1.96669921875
-2.01455078125
-2.0193359375
-2.06240234375
-2.08872070313
-2.13896484375
-2.12939453125
-2.12700195313
-2.12700195313
-2.17485351563
-2.12939453125
-2.11743164062
-2.05043945313
-2.0384765625
-2.02412109375
-2.04565429688
-2.06958007812
-2.06000976563
-2.124609375
-2.05043945313
-2.03608398438
-2.00498046875
-1.91884765625
-1.86860351563
-1.7609375
-1.80161132813
-1.59584960938
-1.48100585938
-1.43076171875
-1.358984375
-1.34702148438
-1.36616210938
-1.33745117188
-1.33266601563
-1.31831054688
-1.282421875
-1.34223632813
-1.37333984375
-1.378125
-1.41162109375
-1.45947265625
-1.50493164063
-1.53603515625
-1.588671875
-1.6748046875
-1.69155273438
-1.89970703125
-1.93081054688
-2.09111328125
-2.17724609375
-2.26577148438
-2.17724609375
-2.37104492188
-2.35190429688
-2.41650390625
-2.37822265625
-2.430859375
-2.430859375
-2.41650390625
-2.44521484375
-2.43803710938
-2.49545898438
-2.52177734375
-2.52895507813
-2.50502929688
-2.49306640625
-2.49067382813
-2.31123046875
-2.507421875
-2.4595703125
-2.5169921875
-2.50263671875
-2.54091796875
-2.47392578125
-2.56005859375
-2.469140625
-2.30883789062
-2.53374023438
-2.56723632813
-2.47153320313
-2.48110351563
-2.62705078125
-2.65576171875
-2.71318359375
-2.66772460938
-2.6701171875
-2.67250976563
-2.6701171875
-2.66293945313
-2.68447265625
-2.69643554688
-2.65815429688
-2.660546875
-2.6126953125
-2.54091796875
-2.49545898438
-2.47392578125
-2.39497070313
-2.316015625
-2.23466796875
-2.27294921875
-1.91645507813
-1.80161132813
-1.80400390625
-1.49296875
-1.33266601563
-1.31591796875
-1.378125
-1.10776367188
-1.03359375
-0.95224609375
-0.9283203125
-0.930712890625
-0.878076171875
-0.878076171875
-0.9666015625
-0.916357421875
-0.90439453125
-0.949853515625
-0.921142578125
-1.0048828125
-1.05991210938
-0.8900390625
-0.78955078125
-0.643603515625
-0.528759765625
-0.57421875
-0.363671875
-0.265576171875
-0.1626953125
-0.09091796875
-0.0095703125
0.078955078125
0.019140625
0.33974609375
0.313427734375
0.294287109375
0.265576171875
0.248828125
0.23447265625
0.18662109375
0.16748046875
0.241650390625
0.208154296875
0.2009765625
0.160302734375
0.14833984375
0.150732421875
0.145947265625
0.160302734375
0.1435546875
0.150732421875
0.093310546875
0.145947265625
0.10048828125
0.11962890625
0.055029296875
0.126806640625
0.083740234375
0.04306640625
0.021533203125
0.11005859375
0.02392578125
0.035888671875
0.026318359375
0.06220703125
0.08134765625
0.0765625
0.064599609375
0.011962890625
0.035888671875
0.04306640625
0.10048828125
0.126806640625
0.04306640625
0.01435546875
0.007177734375
0.0095703125
-0.026318359375
-0.007177734375
-0.069384765625
-0.02392578125
-0.03828125
-0.107666015625
-0.02392578125
-0.150732421875
-0.184228515625
-0.184228515625
-0.248828125
-0.112451171875
-0.23447265625
-0.29189453125
-0.27275390625
-0.21533203125
-0.227294921875
-0.2296875
-0.370849609375
-0.39716796875
-0.43544921875
-0.495263671875
-0.409130859375
-0.356494140625
