4.01235351563
3.89990234375
3.97885742188
3.8568359375
3.80180664063
3.81616210938
3.80659179688
3.7419921875
3.58408203125
3.45009765625
3.51708984375
3.20844726563
3.12470703125
3.02182617188
2.94526367188
2.82084960938
2.890234375
2.57680664063
2.54331054688
2.430859375
2.19399414063
2.0576171875
1.98583984375
1.87099609375
1.703515625
1.66044921875
1.54799804688
1.45229492188
1.39965820312
1.378125
1.30874023438
1.32548828125
1.23696289063
1.15083007813
1.1388671875
1.10537109375
1.09819335938
1.21303710938
1.01923828125
0.983349609375
0.878076171875
0.863720703125
0.8134765625
0.76083984375
0.784765625
0.81826171875
0.8708984375
0.85654296875
0.849365234375
0.906787109375
0.887646484375
0.858935546875
0.85654296875
0.81826171875
0.787158203125
0.6603515625
0.624462890625
0.523974609375
0.500048828125
0.401953125
0.32060546875
0.251220703125
0.241650390625
0.210546875
0.174658203125
0.03349609375
0.057421875
0.0765625
0.03828125
-0.078955078125
-0.093310546875
-0.088525390625
-0.1244140625
-0.15791015625
-0.150732421875
-0.179443359375
-0.222509765625
-0.265576171875
-0.260791015625
-0.2583984375
-0.169873046875
-0.337353515625
-0.3349609375
-0.325390625
-0.3349609375
-0.318212890625
-0.308642578125
-0.198583984375
-0.3828125
-0.356494140625
-0.399560546875
-0.409130859375
-0.375634765625
-0.418701171875
-0.370849609375
-0.40673828125
-0.452197265625
-0.52158203125
-0.57421875
-0.6603515625
-0.643603515625
-0.65556640625
-0.634033203125
-0.5837890625
-0.6412109375
-0.667529296875
-0.863720703125
-0.878076171875
-0.873291015625
-0.9091796875
-0.7751953125
-1.00249023438
-0.9953125
-0.978564453125
-0.978564453125
-1.00249023438
-1.03598632813
-0.92353515625
-1.06469726562
-1.17236328125
-1.205859375
-1.18911132813
-1.2154296875
-1.28720703125
-1.29438476563
-1.3015625
-1.32309570313
-1.37573242188
-1.43793945313
-1.50493164063
-1.52407226563
-1.61977539063
-1.69873046875
-1.69873046875
-1.89013671875
-1.94755859375
-2.01455078125
-2.03608398438
-2.14375
-2.2298828125
-2.36625976563
-2.42368164063
-2.52895507813
-2.65336914063
-2.75625
-2.88544921875
-2.97875976562
-3.0625
-3.0912109375
-3.12709960938
-3.32568359375
-3.25869140625
-3.06489257813
-3.3783203125
-3.51708984375
-3.48837890625
-3.4357421875
-3.59125976563
-3.65346679688
-3.68935546875
-3.62475585938
-3.6080078125
-3.64868164063
-3.64389648438
-3.68217773438
-3.68935546875
-3.79702148438
-3.64868164063
-3.64868164063
-3.7037109375
-3.73002929688
-3.655859375
-3.63432617188
-3.7611328125
-3.77788085938
-3.76831054688
-3.732421875
-3.71567382813
-3.694140625
-3.63193359375
-3.52666015625
-3.51469726563
-3.464453125
-3.349609375
-3.32568359375
-3.273046875
-3.23955078125
-3.11513671875
-3.03618164063
-2.9859375
-2.89741210938
-2.87109375
-2.83041992188
-2.77060546875
-2.72993164063
-2.67490234375
-2.66293945313
-2.6126953125
-2.5744140625
-2.5552734375
-2.5265625
-2.47392578125
-2.469140625
-2.469140625
-2.49067382813
-2.51459960938
-2.48828125
-2.50502929688
-2.53374023438
-2.5265625
-2.56723632813
-2.59116210938
-2.65336914063
-2.67490234375
-2.6701171875
-2.72036132813
-2.7466796875
-2.78017578125
-2.82563476563
-2.8328125
-2.90219726563
-2.90458984375
-2.95483398438
-2.966796875
-2.95961914063
-3.00986328125
-2.98833007813
-3.01225585938
-3.00986328125
-3.0146484375
-3.043359375
-3.05053710938
-3.08403320313
-3.1103515625
-3.18452148438
-3.0337890625
-3.03139648438
-2.9859375
-2.97158203125
-2.96201171875
-2.94526367188
-2.91416015625
-2.87827148438
-2.8328125
-2.87109375
-2.83999023438
-2.79453125
-2.72036132813
-2.69165039062
-2.67490234375
-2.66293945313
-2.58159179688
-2.56723632813
-2.5552734375
-2.545703125
-2.53374023438
-2.51459960938
-2.49545898438
-2.47153320313
-2.45717773438
-2.45
-2.48349609375
-2.58159179688
-2.48110351563
-2.49306640625
-2.39975585938
-2.40454101562
-2.39736328125
-2.35668945312
-2.316015625
-2.28251953125
-2.2873046875
-2.23466796875
-2.15810546875
-2.20595703125
-2.26337890625
-2.19638671875
-2.11264648438
-2.0384765625
-2.086328125
-2.08872070313
-2.00258789063
-1.97626953125
-1.88774414063
-1.8853515625
-1.87338867188
-1.8375
-1.76572265625
-1.68676757813
-1.67719726563
-1.63413085938
-1.57192382813
-1.52407226563
-1.47143554688
-1.435546875
-1.50732421875
-1.31591796875
-1.26806640625
-1.20346679688
-1.15322265625
-1.07426757813
-1.03598632813
-1.01684570312
-0.9474609375
-0.906787109375
-0.878076171875
-0.839794921875
-0.878076171875
-0.873291015625
-0.823046875
-0.849365234375
-0.835009765625
-0.878076171875
-0.892431640625
-0.90439453125
-0.98095703125
-1.07905273438
-1.129296875
-1.21064453125
-1.26806640625
-1.320703125
-1.35180664062
-1.33505859375
-1.35659179688
-1.27763671875
-1.28720703125
-1.35419921875
-1.22260742188
-1.18911132813
-1.10297851563
-1.01684570312
-1.00249023438
-0.968994140625
-0.983349609375
-0.945068359375
-0.854150390625
-0.85654296875
-0.7943359375
-0.80869140625
-0.772802734375
-0.746484375
-0.744091796875
-0.68427734375
-0.75126953125
-0.593359375
-0.60771484375
-0.519189453125
-0.50244140625
-0.538330078125
-0.514404296875
-0.466552734375
-0.523974609375
-0.60771484375
-0.55029296875
-0.5359375
-0.571826171875
-0.629248046875
-0.669921875
-0.734521484375
-0.7369140625
-0.768017578125
-0.806298828125
-0.8421875
-0.7751953125
-0.973779296875
-0.9953125
-1.06708984375
-1.12211914063
-1.18671875
-1.21303710938
-1.22978515625
-1.3111328125
-1.27524414063
-1.33266601563
-1.33984375
-1.47143554688
-1.45708007813
-1.50971679688
-1.3876953125
-1.58149414063
-1.5982421875
-1.66284179688
-1.64848632813
-1.64130859375
-1.63173828125
-1.61977539063
-1.62934570313
-1.67958984375
-1.76811523438
-1.77768554688
-1.83510742188
-1.60541992188
-1.53842773438
-1.51928710938
-1.54799804688
-1.64370117188
-1.67241210938
-1.74897460938
-1.69873046875
-1.53842773438
-1.68676757813
-1.67958984375
-1.73701171875
-1.741796875
-1.7513671875
-1.74418945313
-1.70112304688
-1.6748046875
-1.63891601563
-1.6556640625
-1.58388671875
-1.56713867188
-1.59106445313
-1.61020507813
-1.61977539063
-1.58388671875
-1.588671875
-1.56235351563
-1.59345703125
-1.68198242188
-1.55517578125
-1.54799804688
-1.56713867188
-1.550390625
-1.60063476563
-1.5599609375
-1.50732421875
-1.48579101563
-1.44272460938
-1.46665039063
-1.4546875
-1.39965820312
-1.39965820312
-1.320703125
-1.2919921875
-1.26328125
-1.24653320313
-1.21064453125
-1.15561523438
-1.13168945313
-1.17954101563
-0.959423828125
-1.06708984375
-0.86611328125
-0.861328125
-0.763232421875
-0.76083984375
-0.67470703125
-0.6220703125
-0.533544921875
-0.48330078125
-0.423486328125
-0.3349609375
-0.303857421875
-0.30146484375
-0.275146484375
-0.2201171875
-0.184228515625
-0.174658203125
-0.1435546875
-0.11484375
-0.011962890625
0.021533203125
0.0478515625
0.0478515625
0.112451171875
0.1626953125
0.17705078125
0.246435546875
0.23447265625
0.287109375
0.189013671875
0.3828125
0.375634765625
0.394775390625
0.428271484375
0.4498046875
0.480908203125
0.461767578125
0.480908203125
0.55986328125
0.538330078125
0.485693359375
0.490478515625
0.538330078125
0.53115234375
0.459375
0.516796875
0.495263671875
0.49287109375
0.50244140625
0.5263671875
0.4880859375
0.471337890625
0.514404296875
0.495263671875
0.50244140625
0.4689453125
0.461767578125
0.48330078125
