-1.1388671875
-1.1388671875
-1.11254882812
-1.12690429688
-1.2154296875
-1.01684570312
-1.01923828125
-1.0431640625
-0.99052734375
-0.98095703125
-0.935498046875
-0.95224609375
-0.9283203125
-0.940283203125
-0.954638671875
-0.92353515625
-0.925927734375
-0.92353515625
-0.88046875
-0.8708984375
-0.7943359375
-0.720166015625
-0.69384765625
-0.701025390625
-0.681884765625
-0.68427734375
-0.71298828125
-0.686669921875
-0.6794921875
-0.667529296875
-0.63642578125
-0.631640625
-0.6412109375
-0.65556640625
-0.59814453125
-0.57421875
-0.552685546875
-0.49765625
-0.48330078125
-0.45458984375
-0.44501953125
-0.43544921875
-0.40673828125
-0.42109375
-0.41630859375
-0.418701171875
-0.40673828125
-0.409130859375
-0.41630859375
-0.385205078125
-0.37802734375
-0.409130859375
-0.404345703125
-0.361279296875
-0.3828125
-0.363671875
-0.37802734375
-0.404345703125
-0.413916015625
-0.4115234375
-0.4498046875
-0.44501953125
-0.433056640625
-0.466552734375
-0.45458984375
-0.351708984375
-0.509619140625
-0.466552734375
-0.3923828125
-0.39716796875
-0.423486328125
-0.41630859375
-0.4115234375
-0.404345703125
-0.3923828125
-0.34931640625
-0.3158203125
-0.313427734375
-0.22490234375
-0.203369140625
-0.1818359375
-0.433056640625
-0.46416015625
-0.42587890625
-0.3923828125
-0.28232421875
-0.145947265625
-0.150732421875
-0.16748046875
-0.198583984375
-0.203369140625
-0.1626953125
-0.141162109375
-0.107666015625
-0.09091796875
-0.088525390625
-0.09091796875
-0.0861328125
-0.026318359375
-0.019140625
-0.016748046875
-0.016748046875
0.00478515625
0.011962890625
-0.04306640625
-0.1052734375
-0.11962890625
-0.093310546875
-0.141162109375
-0.1626953125
-0.150732421875
-0.203369140625
-0.198583984375
-0.23447265625
-0.284716796875
-0.303857421875
-0.30146484375
-0.31103515625
-0.189013671875
-0.36845703125
-0.380419921875
-0.36845703125
-0.279931640625
-0.246435546875
-0.248828125
-0.26796875
-0.232080078125
-0.17705078125
-0.14833984375
-0.093310546875
-0.083740234375
-0.07177734375
-0.026318359375
-0.016748046875
-0.026318359375
0.021533203125
0.04306640625
0.059814453125
0.12919921875
0.12919921875
0.11484375
0.055029296875
0.09091796875
0.1626953125
0.174658203125
0.1818359375
0.174658203125
0.198583984375
0.203369140625
0.20576171875
0.193798828125
0.165087890625
0.16748046875
0.16748046875
0.193798828125
0.28232421875
0.150732421875
0.18662109375
0.19619140625
0.165087890625
0.184228515625
0.19619140625
0.23447265625
0.2296875
0.2201171875
0.284716796875
0.133984375
0.19619140625
0.232080078125
0.275146484375
0.210546875
0.11484375
0.0
-0.055029296875
-0.03828125
0.03349609375
0.102880859375
0.102880859375
0.0861328125
0.0478515625
-0.0095703125
-0.0861328125
-0.1244140625
-0.153125
-0.172265625
-0.172265625
-0.179443359375
-0.198583984375
-0.210546875
-0.203369140625
-0.208154296875
-0.246435546875
-0.25361328125
-0.270361328125
-0.19619140625
-0.222509765625
-0.265576171875
-0.227294921875
-0.26318359375
-0.184228515625
-0.098095703125
-0.203369140625
-0.208154296875
-0.179443359375
-0.29189453125
-0.165087890625
-0.17705078125
-0.30146484375
-0.10048828125
-0.08134765625
-0.050244140625
-0.019140625
-0.04306640625
-0.02392578125
0.03349609375
0.057421875
0.0669921875
0.055029296875
0.136376953125
0.117236328125
0.141162109375
0.153125
0.12919921875
0.145947265625
0.172265625
0.17705078125
0.179443359375
0.1818359375
0.1626953125
0.22490234375
0.24404296875
0.248828125
0.28232421875
0.308642578125
0.318212890625
0.3541015625
0.318212890625
0.356494140625
0.409130859375
0.399560546875
0.43544921875
0.456982421875
0.351708984375
0.26318359375
0.236865234375
0.24404296875
0.322998046875
0.404345703125
0.509619140625
0.49287109375
0.480908203125
0.442626953125
0.3349609375
0.313427734375
0.303857421875
0.27275390625
0.23447265625
0.21533203125
0.2392578125
0.25361328125
0.251220703125
0.210546875
0.246435546875
0.232080078125
0.222509765625
0.256005859375
0.27275390625
0.275146484375
0.2583984375
0.284716796875
0.33017578125
0.308642578125
0.165087890625
0.31103515625
0.284716796875
0.265576171875
0.260791015625
0.31103515625
0.3541015625
0.389990234375
0.401953125
0.418701171875
0.404345703125
0.375634765625
0.337353515625
0.26796875
0.2583984375
0.25361328125
0.222509765625
0.232080078125
0.203369140625
0.169873046875
0.040673828125
0.059814453125
0.0861328125
0.08134765625
0.007177734375
-0.03828125
-0.059814453125
-0.002392578125
-0.16748046875
-0.145947265625
-0.155517578125
-0.1626953125
-0.179443359375
-0.2009765625
-0.227294921875
-0.2392578125
-0.236865234375
-0.23447265625
-0.256005859375
-0.222509765625
-0.179443359375
-0.141162109375
-0.13876953125
-0.122021484375
-0.016748046875
-0.160302734375
-0.184228515625
-0.184228515625
-0.150732421875
-0.13876953125
-0.133984375
-0.093310546875
-0.057421875
-0.069384765625
-0.1052734375
-0.10048828125
-0.131591796875
-0.153125
-0.294287109375
-0.12919921875
-0.150732421875
-0.1244140625
-0.093310546875
-0.098095703125
-0.117236328125
-0.13876953125
-0.13876953125
-0.13876953125
-0.126806640625
-0.112451171875
-0.1052734375
-0.1435546875
-0.169873046875
-0.169873046875
-0.102880859375
-0.1052734375
-0.12919921875
-0.287109375
-0.093310546875
-0.1052734375
-0.131591796875
-0.13876953125
-0.141162109375
-0.136376953125
-0.1052734375
-0.11484375
-0.11962890625
-0.136376953125
-0.155517578125
-0.153125
-0.145947265625
-0.13876953125
-0.133984375
-0.136376953125
-0.1244140625
-0.153125
-0.15791015625
-0.174658203125
-0.172265625
-0.16748046875
-0.169873046875
-0.16748046875
-0.126806640625
-0.117236328125
-0.133984375
-0.136376953125
-0.133984375
-0.126806640625
-0.23447265625
-0.24404296875
-0.24404296875
-0.227294921875
-0.0287109375
0.007177734375
0.117236328125
-0.09091796875
-0.1435546875
-0.155517578125
-0.165087890625
-0.165087890625
-0.169873046875
-0.00478515625
-0.11962890625
-0.1244140625
-0.126806640625
-0.102880859375
-0.1244140625
-0.11962890625
-0.1244140625
-0.117236328125
-0.083740234375
-0.059814453125
-0.06220703125
-0.03828125
-0.14833984375
0.019140625
0.08134765625
0.098095703125
0.102880859375
0.11484375
0.122021484375
0.11005859375
0.1244140625
0.275146484375
0.141162109375
0.08134765625
0.078955078125
0.074169921875
0.074169921875
0.04306640625
0.059814453125
0.026318359375
0.0287109375
0.04306640625
0.019140625
-0.02392578125
-0.026318359375
0.0095703125
-0.007177734375
0.133984375
-0.055029296875
-0.093310546875
-0.172265625
-0.11484375
-0.035888671875
-0.083740234375
-0.17705078125
-0.21533203125
-0.179443359375
-0.150732421875
-0.18662109375
-0.2583984375
-0.25361328125
-0.2009765625
-0.303857421875
-0.1626953125
-0.15791015625
-0.1818359375
-0.241650390625
-0.260791015625
-0.256005859375
-0.2296875
-0.2009765625
-0.1626953125
-0.275146484375
-0.16748046875
-0.145947265625
-0.133984375
-0.0287109375
-0.184228515625
-0.208154296875
-0.241650390625
-0.232080078125
-0.256005859375
-0.33974609375
-0.442626953125
-0.516796875
-0.54072265625
-0.610107421875
-0.7177734375
-0.6603515625
-0.849365234375
-1.071875
-0.911572265625
-0.7751953125
-0.945068359375
-0.906787109375
-0.858935546875
-0.825439453125
-0.7369140625
-0.681884765625
-0.710595703125
-0.519189453125
-0.3349609375
-0.246435546875
-0.251220703125
-0.19619140625
-0.1435546875
-0.05263671875
0.0287109375
0.126806640625
0.2296875
0.23447265625
0.248828125
0.2583984375
0.189013671875
0.241650390625
0.29189453125
