-0.538330078125
-0.720166015625
-0.945068359375
-1.44990234375
-1.58149414063
-1.89013671875
-2.21552734375
-2.33994140625
-2.68208007813
-2.73950195312
-2.78974609375
-2.70122070313
-2.55288085938
-2.26098632812
-2.20595703125
-1.67001953125
-1.26088867188
-0.86611328125
-0.495263671875
-0.002392578125
0.10048828125
0.088525390625
0.236865234375
0.42587890625
0.4306640625
0.401953125
0.442626953125
0.50244140625
0.50244140625
0.57900390625
0.4115234375
0.39716796875
0.39716796875
0.36845703125
0.31103515625
0.11484375
0.057421875
-0.04306640625
-0.112451171875
-0.133984375
-0.03828125
-0.03349609375
-0.131591796875
-0.112451171875
-0.11962890625
-0.30625
-0.35888671875
-0.459375
-0.547900390625
-0.528759765625
-0.5837890625
-0.557470703125
-0.58857421875
-0.734521484375
-0.765625
-0.916357421875
-0.746484375
-0.729736328125
-0.8134765625
-0.83740234375
-0.88525390625
-0.811083984375
-0.9857421875
-0.930712890625
-0.9474609375
-0.96181640625
-0.9953125
-0.9857421875
-1.03598632813
-1.02163085938
-1.014453125
-1.04794921875
-1.05991210938
-1.071875
-1.05751953125
-1.03359375
-1.02641601563
-1.03598632813
-1.00727539063
-1.02163085938
-1.2154296875
-1.04555664063
-1.0431640625
-1.052734375
-1.05991210938
-1.071875
-1.02880859375
-1.0240234375
-0.945068359375
-0.94267578125
-0.91875
-0.820654296875
-0.823046875
-0.8326171875
-0.801513671875
-0.80390625
-0.715380859375
-0.67470703125
-0.643603515625
-0.744091796875
-0.581396484375
-0.552685546875
-0.55029296875
-0.562255859375
-0.543115234375
-0.538330078125
-0.57900390625
-0.59814453125
-0.571826171875
-0.6220703125
-0.638818359375
-0.66513671875
-0.653173828125
-0.662744140625
-0.74169921875
-0.734521484375
-0.7560546875
-0.77041015625
-0.916357421875
-0.758447265625
-0.75126953125
-0.76083984375
-0.768017578125
-0.75126953125
-0.748876953125
-0.72255859375
-0.734521484375
-0.7369140625
-0.6890625
-0.710595703125
-0.667529296875
-0.657958984375
-0.643603515625
-0.62685546875
-0.629248046875
-0.5837890625
-0.57421875
-0.543115234375
-0.555078125
-0.562255859375
-0.53115234375
-0.528759765625
-0.52158203125
-0.480908203125
-0.480908203125
-0.461767578125
-0.423486328125
-0.428271484375
-0.38759765625
-0.389990234375
-0.3732421875
-0.36845703125
-0.361279296875
-0.442626953125
-0.279931640625
-0.23447265625
-0.160302734375
-0.112451171875
-0.09091796875
-0.08134765625
-0.026318359375
0.016748046875
0.03828125
0.11005859375
0.133984375
0.189013671875
0.174658203125
0.232080078125
0.260791015625
0.260791015625
0.342138671875
0.346923828125
0.423486328125
0.442626953125
0.327783203125
0.4689453125
0.433056640625
0.471337890625
0.50244140625
0.504833984375
0.5263671875
0.5455078125
0.523974609375
0.52158203125
0.45458984375
0.476123046875
0.49287109375
0.514404296875
0.610107421875
0.480908203125
0.485693359375
0.4306640625
0.4306640625
0.41630859375
0.41630859375
0.428271484375
0.351708984375
0.363671875
0.413916015625
0.413916015625
0.375634765625
0.37802734375
0.34931640625
0.346923828125
0.34453125
0.34931640625
0.389990234375
0.351708984375
0.366064453125
0.366064453125
0.361279296875
0.3541015625
0.327783203125
0.3349609375
0.33017578125
0.370849609375
0.351708984375
0.327783203125
0.318212890625
0.308642578125
0.325390625
0.342138671875
0.351708984375
0.32060546875
0.33974609375
0.327783203125
0.399560546875
0.39716796875
0.361279296875
0.36845703125
0.3541015625
0.33974609375
0.327783203125
0.433056640625
0.275146484375
0.24404296875
0.26318359375
0.251220703125
0.133984375
0.122021484375
0.1435546875
0.14833984375
0.133984375
0.08134765625
0.0669921875
0.1052734375
0.045458984375
-0.141162109375
0.026318359375
-0.016748046875
-0.093310546875
-0.093310546875
-0.1435546875
-0.172265625
-0.169873046875
-0.19140625
-0.25361328125
-0.275146484375
-0.332568359375
-0.385205078125
-0.399560546875
-0.4498046875
-0.478515625
-0.495263671875
-0.557470703125
-0.5455078125
-0.485693359375
-0.65556640625
-0.696240234375
-0.696240234375
-0.715380859375
-0.782373046875
-0.782373046875
-0.791943359375
-0.811083984375
-0.849365234375
-0.90439453125
-0.91875
-0.902001953125
-0.91396484375
-0.976171875
-1.00009765625
-1.00009765625
-1.01206054688
-1.03359375
-1.01923828125
-1.00727539063
-1.03120117188
-1.03120117188
-1.09580078125
-1.1005859375
-1.10537109375
-1.12690429688
-1.1197265625
-1.14125976563
-1.17236328125
-1.15561523438
-1.14125976563
-1.13408203125
-1.1484375
-1.129296875
-1.17954101563
-1.14365234375
-1.2154296875
-1.22021484375
-1.19868164063
-1.22978515625
-1.22739257813
-1.18432617188
-1.17954101563
-1.22978515625
-1.22260742188
-1.2728515625
-1.25849609375
-1.24174804688
-1.19150390625
-1.19868164063
-1.1962890625
-1.18432617188
-1.1962890625
-1.20825195312
-1.23696289063
-1.12211914063
-1.12211914063
-0.949853515625
-0.940283203125
-0.835009765625
-0.849365234375
-0.784765625
-0.72734375
-0.40673828125
-0.33017578125
-0.29189453125
-0.28232421875
-0.222509765625
-0.287109375
-0.31103515625
-0.366064453125
-0.409130859375
-0.49765625
-0.6125
-0.72255859375
-0.6220703125
-0.8326171875
-0.8517578125
-0.90439453125
-0.935498046875
-0.925927734375
-0.9091796875
-0.82783203125
-0.765625
-0.61728515625
-0.5455078125
-0.404345703125
-0.26318359375
-0.184228515625
-0.17705078125
-0.055029296875
0.0669921875
0.133984375
0.1818359375
0.294287109375
0.34453125
0.461767578125
0.533544921875
0.466552734375
0.3732421875
0.248828125
0.40673828125
0.437841796875
0.423486328125
0.256005859375
0.1626953125
0.251220703125
0.13876953125
0.13876953125
0.031103515625
-0.107666015625
-0.217724609375
-0.313427734375
-0.313427734375
-0.52158203125
-0.557470703125
-0.5837890625
-0.60771484375
-0.60771484375
-0.562255859375
-0.165087890625
-0.791943359375
-1.10537109375
-0.44501953125
-0.19619140625
-0.265576171875
-0.45458984375
-0.459375
-0.485693359375
-0.404345703125
-0.313427734375
-0.346923828125
-0.322998046875
-0.3541015625
-0.4498046875
-0.198583984375
-0.256005859375
-0.28232421875
-0.246435546875
-0.26318359375
-0.203369140625
-0.165087890625
-0.12919921875
-0.016748046875
0.026318359375
0.083740234375
0.174658203125
0.232080078125
0.169873046875
0.17705078125
0.227294921875
0.279931640625
0.174658203125
0.428271484375
0.543115234375
0.624462890625
0.56943359375
0.466552734375
0.787158203125
0.88046875
0.88046875
0.882861328125
0.95703125
1.01684570312
1.09819335938
1.129296875
1.11494140625
1.13168945313
1.12451171875
1.1484375
1.07426757813
1.18911132813
1.18911132813
1.19150390625
1.22260742188
1.18432617188
1.1771484375
1.12451171875
1.07905273438
1.20825195312
1.01923828125
0.959423828125
0.897216796875
0.902001953125
0.791943359375
0.80869140625
0.748876953125
0.710595703125
0.466552734375
0.46416015625
0.504833984375
0.389990234375
0.2775390625
0.22490234375
0.2009765625
0.174658203125
0.10048828125
0.0287109375
-0.03349609375
-0.1052734375
-0.13876953125
-0.203369140625
-0.260791015625
-0.174658203125
-0.3349609375
-0.3828125
-0.42587890625
-0.45458984375
-0.437841796875
-0.418701171875
-0.413916015625
-0.36845703125
-0.385205078125
-0.342138671875
-0.327783203125
-0.303857421875
-0.32060546875
-0.442626953125
-0.251220703125
-0.256005859375
-0.246435546875
-0.23447265625
-0.2201171875
-0.184228515625
-0.193798828125
-0.198583984375
-0.23447265625
-0.246435546875
-0.279931640625
-0.2392578125
-0.270361328125
-0.32060546875
-0.318212890625
