0.016748046875
0.019140625
0.0478515625
0.04306640625
0.03828125
0.03828125
0.05263671875
0.055029296875
0.095703125
0.11962890625
0.11962890625
0.08134765625
0.045458984375
0.059814453125
0.059814453125
0.1052734375
0.095703125
0.083740234375
0.083740234375
0.11005859375
0.13876953125
0.165087890625
0.165087890625
0.19140625
0.203369140625
0.184228515625
0.184228515625
0.174658203125
0.210546875
0.210546875
0.256005859375
0.248828125
0.265576171875
0.265576171875
0.313427734375
0.31103515625
0.289501953125
0.294287109375
0.313427734375
0.332568359375
0.351708984375
0.351708984375
0.33974609375
0.346923828125
0.356494140625
0.356494140625
0.342138671875
0.34453125
0.36845703125
0.36845703125
0.337353515625
0.294287109375
0.160302734375
0.313427734375
0.30625
0.28232421875
0.160302734375
0.313427734375
0.33974609375
0.370849609375
0.39716796875
0.39716796875
0.33974609375
0.3349609375
0.3349609375
0.370849609375
0.33017578125
0.351708984375
0.366064453125
0.366064453125
0.322998046875
0.32060546875
0.322998046875
0.322998046875
0.3349609375
0.356494140625
0.385205078125
0.385205078125
0.42587890625
0.440234375
0.440234375
0.433056640625
0.437841796875
0.43544921875
0.43544921875
0.428271484375
0.42109375
0.43544921875
0.43544921875
0.44501953125
0.43544921875
0.476123046875
0.476123046875
0.495263671875
0.478515625
0.509619140625
0.509619140625
0.509619140625
0.533544921875
0.56943359375
0.56943359375
0.5455078125
0.555078125
0.590966796875
0.590966796875
0.62685546875
0.708203125
0.7560546875
0.7560546875
0.739306640625
0.75126953125
0.78955078125
0.78955078125
0.8517578125
0.858935546875
0.81826171875
0.81826171875
0.85654296875
0.91396484375
0.96181640625
0.96181640625
1.0048828125
0.978564453125
1.00966796875
1.00966796875
1.0814453125
1.091015625
1.11015625
1.11015625
1.12211914063
1.16040039062
1.1771484375
1.1771484375
1.17475585938
1.20107421875
1.20825195312
1.20825195312
1.23217773438
1.2537109375
1.28720703125
1.28720703125
1.32309570313
1.3015625
1.2728515625
1.2728515625
1.28481445313
1.30634765625
1.3015625
1.30874023438
1.32309570313
1.31591796875
1.28481445313
1.28959960938
1.28481445313
1.28481445313
1.28002929688
1.31831054688
1.33745117188
1.30395507812
1.29916992188
1.29677734375
1.26567382813
1.26567382813
1.23696289063
1.205859375
1.1962890625
1.1962890625
1.205859375
1.17475585938
1.16997070313
1.16997070313
1.16518554688
1.1388671875
1.11733398438
1.11733398438
1.091015625
1.09580078125
1.07905273438
1.00727539063
0.959423828125
0.983349609375
0.992919921875
0.9474609375
0.899609375
0.85654296875
0.80390625
0.777587890625
0.77041015625
0.748876953125
0.648388671875
0.60771484375
0.543115234375
0.49287109375
0.514404296875
0.519189453125
0.610107421875
0.401953125
0.33974609375
0.251220703125
0.23447265625
0.256005859375
0.210546875
0.275146484375
0.122021484375
0.11962890625
0.035888671875
0.0
-0.03828125
-0.069384765625
-0.1244140625
-0.1435546875
-0.155517578125
-0.189013671875
-0.24404296875
-0.26318359375
-0.2775390625
-0.363671875
-0.389990234375
-0.42587890625
-0.44501953125
-0.471337890625
-0.480908203125
-0.533544921875
-0.55029296875
-0.56943359375
-0.57900390625
-0.5837890625
-0.6412109375
-0.65078125
-0.68427734375
-0.710595703125
-0.720166015625
-0.61728515625
-0.782373046875
-0.796728515625
-0.83740234375
-0.83740234375
-0.84697265625
-0.861328125
-0.88046875
-0.892431640625
-0.925927734375
-0.911572265625
-0.949853515625
-0.945068359375
-0.95224609375
-0.968994140625
-0.968994140625
-0.992919921875
-0.95703125
-0.940283203125
-0.978564453125
-0.983349609375
-1.06708984375
-1.05991210938
-1.02641601563
-0.997705078125
-0.988134765625
-0.95224609375
-0.94267578125
-1.06708984375
-0.921142578125
-0.892431640625
-0.80869140625
-0.839794921875
-0.82783203125
-0.796728515625
-0.80390625
-0.83740234375
-0.83740234375
-0.84697265625
-0.815869140625
-0.772802734375
-0.772802734375
-0.772802734375
-0.79912109375
-0.78955078125
-0.768017578125
-0.768017578125
-0.777587890625
-0.80869140625
-0.76083984375
-0.75126953125
-0.629248046875
-0.782373046875
-0.772802734375
-0.7560546875
-0.705810546875
-0.705810546875
-0.68427734375
-0.68427734375
-0.6890625
-0.6890625
-0.69384765625
-0.643603515625
-0.60771484375
-0.60771484375
-0.586181640625
-0.5837890625
-0.595751953125
-0.595751953125
-0.557470703125
-0.51201171875
-0.509619140625
-0.509619140625
-0.49765625
-0.49287109375
-0.4880859375
-0.4880859375
-0.471337890625
-0.50244140625
-0.504833984375
-0.504833984375
-0.4689453125
-0.44501953125
-0.325390625
-0.478515625
-0.504833984375
-0.480908203125
-0.60771484375
-0.45458984375
-0.442626953125
-0.44501953125
-0.433056640625
-0.433056640625
-0.447412109375
-0.4880859375
-0.51201171875
-0.51201171875
-0.516796875
-0.519189453125
-0.490478515625
-0.490478515625
-0.437841796875
-0.413916015625
-0.36845703125
-0.36845703125
-0.35888671875
-0.346923828125
-0.452197265625
-0.299072265625
-0.3158203125
-0.327783203125
-0.327783203125
-0.308642578125
-0.308642578125
-0.3158203125
-0.3158203125
-0.2966796875
-0.27275390625
-0.246435546875
-0.217724609375
-0.217724609375
-0.193798828125
-0.2009765625
-0.193798828125
-0.193798828125
-0.15791015625
-0.141162109375
-0.141162109375
-0.141162109375
-0.122021484375
-0.1052734375
-0.083740234375
-0.083740234375
-0.0287109375
-0.0478515625
-0.045458984375
-0.045458984375
-0.016748046875
-0.050244140625
-0.06220703125
-0.06220703125
-0.0478515625
-0.02392578125
-0.1435546875
0.0095703125
0.040673828125
0.06220703125
0.07177734375
0.07177734375
0.078955078125
0.09091796875
0.0861328125
0.0861328125
0.078955078125
0.06220703125
0.06220703125
0.0669921875
0.11005859375
0.11005859375
0.1244140625
0.1244140625
0.145947265625
0.136376953125
0.150732421875
0.16748046875
0.169873046875
0.169873046875
0.15791015625
0.00478515625
0.15791015625
0.1626953125
0.172265625
0.189013671875
0.189013671875
0.17705078125
0.17705078125
0.179443359375
0.179443359375
0.184228515625
0.210546875
0.203369140625
0.203369140625
0.217724609375
0.26318359375
0.265576171875
0.265576171875
0.25361328125
0.256005859375
0.2583984375
0.2583984375
0.2775390625
0.2775390625
0.284716796875
0.284716796875
0.325390625
0.346923828125
0.34453125
0.34453125
0.346923828125
0.34931640625
0.33974609375
0.33974609375
0.32060546875
0.28232421875
0.284716796875
0.284716796875
0.3349609375
0.32060546875
0.440234375
0.287109375
0.308642578125
0.33974609375
0.33974609375
0.3541015625
0.33974609375
0.332568359375
0.332568359375
0.33017578125
0.308642578125
0.30146484375
0.284716796875
0.284716796875
0.248828125
0.270361328125
0.248828125
0.248828125
0.251220703125
0.30146484375
0.284716796875
0.284716796875
0.28232421875
0.289501953125
0.26318359375
0.26318359375
0.27275390625
0.294287109375
0.279931640625
0.279931640625
0.30625
0.322998046875
0.322998046875
0.3349609375
0.3349609375
0.327783203125
0.327783203125
0.322998046875
0.327783203125
0.34453125
0.34453125
0.327783203125
0.32060546875
0.332568359375
0.332568359375
0.34931640625
0.337353515625
0.318212890625
0.318212890625
0.32060546875
0.325390625
0.33017578125
0.33017578125
0.332568359375
0.322998046875
0.327783203125
0.327783203125
0.34453125
0.33017578125
0.325390625
