-1.33266601563
-1.34462890625
-1.33745117188
-1.31352539063
-1.3015625
-1.2728515625
-1.23935546875
-1.31591796875
-1.31352539063
-1.282421875
-1.26328125
-1.14365234375
-1.12211914063
-1.10297851563
-1.07426757813
-1.014453125
-1.01206054688
-1.00727539063
-0.973779296875
-0.959423828125
-0.94267578125
-1.06708984375
-0.892431640625
-0.81826171875
-0.839794921875
-0.830224609375
-0.768017578125
-0.791943359375
-0.701025390625
-0.653173828125
-0.59814453125
-0.595751953125
-0.552685546875
-0.547900390625
-0.401953125
-0.325390625
-0.2583984375
-0.248828125
-0.289501953125
-0.11005859375
-0.074169921875
-0.074169921875
-0.064599609375
-0.057421875
-0.021533203125
0.007177734375
0.00478515625
-0.021533203125
0.031103515625
0.026318359375
0.03828125
0.011962890625
0.00478515625
-0.019140625
-0.040673828125
-0.14833984375
0.007177734375
0.11005859375
0.20576171875
0.2775390625
0.25361328125
0.2201171875
-0.07177734375
-0.17705078125
0.019140625
0.18662109375
0.19140625
0.401953125
0.327783203125
0.284716796875
0.260791015625
0.260791015625
0.172265625
0.3732421875
0.418701171875
0.538330078125
0.571826171875
0.5263671875
0.562255859375
0.581396484375
0.581396484375
0.576611328125
0.55986328125
0.552685546875
0.571826171875
0.590966796875
0.581396484375
0.586181640625
0.562255859375
0.557470703125
0.57900390625
0.595751953125
0.571826171875
0.5646484375
0.533544921875
0.55986328125
0.547900390625
0.55029296875
0.5646484375
0.53115234375
0.52158203125
0.562255859375
0.516796875
0.504833984375
0.52158203125
0.495263671875
0.4689453125
0.49287109375
0.43544921875
0.480908203125
0.37802734375
0.385205078125
0.351708984375
0.30625
0.294287109375
0.318212890625
0.342138671875
0.3349609375
0.437841796875
0.28232421875
0.452197265625
0.270361328125
0.26796875
0.210546875
0.2009765625
0.198583984375
0.19140625
0.179443359375
0.179443359375
0.088525390625
0.059814453125
0.074169921875
0.064599609375
0.050244140625
0.0095703125
0.016748046875
-0.007177734375
0.0
0.126806640625
-0.026318359375
-0.069384765625
-0.069384765625
-0.107666015625
-0.14833984375
-0.14833984375
-0.210546875
-0.265576171875
-0.3349609375
-0.363671875
-0.452197265625
-0.51201171875
-0.50244140625
-0.69384765625
-0.724951171875
-0.8517578125
-0.90439453125
-0.930712890625
-0.976171875
-1.09819335938
-1.09819335938
-1.15561523438
-1.17236328125
-1.08383789063
-1.25610351562
-1.28959960938
-1.244140625
-1.22739257813
-1.20825195312
-1.17954101563
-1.1484375
-1.06948242188
-1.09819335938
-1.06948242188
-1.04555664063
-0.968994140625
-0.930712890625
-0.902001953125
-0.8708984375
-0.839794921875
-0.823046875
-0.849365234375
-0.892431640625
-0.973779296875
-0.844580078125
-0.629248046875
-0.557470703125
-0.5072265625
-0.519189453125
-0.523974609375
-0.461767578125
-0.440234375
-0.3828125
-0.322998046875
-0.270361328125
-0.25361328125
-0.19140625
-0.150732421875
-0.0765625
-0.007177734375
0.064599609375
0.136376953125
0.12919921875
0.08134765625
0.09091796875
0.06220703125
0.05263671875
0.011962890625
-0.00478515625
-0.098095703125
-0.1435546875
-0.17705078125
-0.45458984375
-0.53115234375
-0.58857421875
-0.696240234375
-0.7369140625
-0.782373046875
-0.83740234375
-0.839794921875
-0.8421875
-0.88046875
-0.823046875
-0.88046875
-0.863720703125
-0.86611328125
-0.8326171875
-0.823046875
-0.863720703125
-0.882861328125
-0.906787109375
-0.978564453125
-1.04555664063
-0.930712890625
-1.10297851563
-1.091015625
-1.14604492188
-1.205859375
-1.18671875
-1.24174804688
-1.28002929688
-1.33505859375
-1.38291015625
-1.378125
-1.45708007813
-1.50732421875
-1.53125
-1.588671875
-1.62216796875
-1.68198242188
-1.665234375
-1.5408203125
-1.741796875
-1.82553710938
-1.83989257813
-1.86142578125
-1.94755859375
-1.98344726563
-1.98583984375
-2.02651367188
-2.048046875
-2.03129882813
-2.07197265625
-2.04565429688
-2.07436523438
-2.11982421875
-2.0958984375
-2.11982421875
-2.10546875
-2.03369140625
-2.05043945313
-2.00258789063
-1.9619140625
-1.9619140625
-1.89731445313
-1.8470703125
-1.84467773438
-1.818359375
-1.72026367188
-1.70830078125
-1.61977539063
-1.60063476563
-1.64848632813
-1.46665039063
-1.38530273438
-1.36616210938
-1.31352539063
-1.24892578125
-1.22739257813
-1.20346679688
-1.13408203125
-1.03598632813
-1.02163085938
-1.0048828125
-0.91396484375
-0.863720703125
-0.8326171875
-0.91396484375
-0.753662109375
-0.68427734375
-0.576611328125
-0.53115234375
-0.476123046875
-0.471337890625
-0.423486328125
-0.428271484375
-0.4306640625
-0.399560546875
-0.342138671875
-0.270361328125
-0.26796875
-0.26318359375
-0.2201171875
-0.279931640625
-0.10048828125
-0.01435546875
-0.189013671875
-0.198583984375
-0.198583984375
-0.172265625
-0.133984375
-0.078955078125
-0.093310546875
-0.083740234375
-0.074169921875
-0.0861328125
-0.122021484375
-0.083740234375
-0.074169921875
-0.11962890625
-0.112451171875
-0.074169921875
-0.069384765625
-0.1052734375
-0.05263671875
-0.011962890625
-0.11962890625
-0.165087890625
-0.17705078125
-0.208154296875
-0.1818359375
-0.150732421875
-0.10048828125
-0.11005859375
-0.083740234375
-0.0478515625
-0.09091796875
-0.088525390625
-0.078955078125
-0.040673828125
-0.031103515625
-0.02392578125
0.074169921875
0.14833984375
0.20576171875
0.246435546875
0.289501953125
0.279931640625
0.361279296875
0.437841796875
0.32060546875
0.480908203125
0.519189453125
0.54072265625
0.523974609375
0.576611328125
0.586181640625
0.653173828125
0.590966796875
0.65556640625
0.681884765625
0.672314453125
0.65078125
0.648388671875
0.56943359375
0.57421875
0.552685546875
0.49287109375
0.48330078125
0.3828125
0.346923828125
0.28232421875
0.2392578125
0.184228515625
0.289501953125
0.5455078125
-0.193798828125
-0.02392578125
0.05263671875
0.083740234375
0.04306640625
-0.145947265625
-0.088525390625
-0.13876953125
-0.13876953125
-0.19140625
-0.246435546875
-0.246435546875
-0.325390625
-0.3828125
-0.3732421875
-0.442626953125
-0.485693359375
-0.5072265625
-0.567041015625
-0.629248046875
-0.64599609375
-0.669921875
-0.672314453125
-0.72734375
-0.91396484375
-0.734521484375
-0.6986328125
-0.7560546875
-0.768017578125
-0.78955078125
-0.77998046875
-0.80869140625
-0.796728515625
-0.811083984375
-0.772802734375
-0.916357421875
-0.892431640625
-0.7560546875
-0.7751953125
-0.87568359375
-0.758447265625
-0.782373046875
-0.753662109375
-0.7177734375
-0.696240234375
-0.72255859375
-0.777587890625
-0.64599609375
-0.8134765625
-0.8134765625
-0.95224609375
-0.9283203125
-1.03359375
-1.05034179688
-1.225
-1.06948242188
-1.06469726562
-1.0623046875
-1.13408203125
-1.09580078125
-1.05991210938
-1.19868164063
-1.09580078125
-1.0431640625
-1.02163085938
-1.0431640625
-1.03598632813
-1.02163085938
-1.00966796875
-0.973779296875
-1.04555664063
-1.05991210938
-1.1197265625
-1.09340820313
-1.32548828125
-1.4451171875
-1.52407226563
-1.6365234375
-1.63173828125
-1.63413085938
-1.59584960938
-1.45947265625
-1.32309570313
-1.22739257813
-1.16997070313
-0.902001953125
-0.9091796875
-0.648388671875
-0.461767578125
-0.198583984375
-0.241650390625
0.102880859375
0.11962890625
0.203369140625
0.17705078125
0.3828125
0.476123046875
0.54072265625
0.6125
0.543115234375
0.5359375
0.605322265625
0.614892578125
0.516796875
0.325390625
0.26796875
0.150732421875
0.069384765625
0.0669921875
0.04306640625
0.03349609375
0.050244140625
0.0287109375
0.174658203125
0.217724609375
