0.899609375
0.839794921875
0.765625
0.72734375
0.6603515625
0.629248046875
0.746484375
0.595751953125
0.538330078125
0.552685546875
0.50244140625
0.51201171875
0.49287109375
0.5072265625
0.53115234375
0.58857421875
0.562255859375
0.60771484375
0.748876953125
0.648388671875
0.696240234375
0.72734375
0.791943359375
0.782373046875
0.8134765625
0.897216796875
0.92353515625
0.954638671875
0.96181640625
0.983349609375
0.99052734375
1.0814453125
1.052734375
1.05751953125
1.03120117188
1.05991210938
0.98095703125
0.911572265625
0.787158203125
0.70341796875
0.634033203125
0.586181640625
0.562255859375
0.363671875
0.327783203125
0.279931640625
0.18662109375
0.1818359375
0.12919921875
0.050244140625
-0.133984375
-0.03349609375
-0.06220703125
-0.074169921875
-0.11484375
-0.172265625
-0.184228515625
-0.203369140625
-0.212939453125
-0.241650390625
-0.236865234375
-0.26796875
-0.2966796875
-0.351708984375
-0.380419921875
-0.40673828125
-0.43544921875
-0.440234375
-0.471337890625
-0.437841796875
-0.452197265625
-0.4689453125
-0.409130859375
-0.409130859375
-0.3923828125
-0.36845703125
-0.413916015625
-0.433056640625
-0.40673828125
-0.3828125
-0.428271484375
-0.370849609375
-0.332568359375
-0.32060546875
-0.33017578125
-0.3158203125
-0.4498046875
-0.25361328125
-0.289501953125
-0.26796875
-0.260791015625
-0.2201171875
-0.18662109375
-0.2296875
-0.2009765625
-0.2009765625
-0.14833984375
-0.150732421875
-0.179443359375
-0.095703125
-0.160302734375
-0.1818359375
-0.16748046875
-0.169873046875
-0.203369140625
-0.208154296875
-0.16748046875
-0.141162109375
-0.09091796875
-0.12919921875
0.021533203125
0.019140625
0.165087890625
0.394775390625
0.4689453125
0.47373046875
0.50244140625
0.590966796875
0.624462890625
0.724951171875
0.705810546875
0.861328125
0.86611328125
0.89482421875
0.976171875
0.945068359375
1.014453125
1.04077148438
0.9283203125
1.19150390625
1.11015625
1.15083007813
1.15561523438
1.11494140625
1.12451171875
1.20107421875
1.21303710938
1.17475585938
1.01923828125
1.1197265625
1.09340820313
1.03598632813
1.0240234375
1.01684570312
1.04077148438
0.897216796875
0.63642578125
0.49765625
0.366064453125
0.275146484375
-0.05263671875
-0.19140625
-0.45458984375
-0.763232421875
-0.97138671875
-1.16040039062
-1.30634765625
-1.25131835938
-1.37094726563
-1.08383789063
-1.07666015625
-1.03598632813
-0.772802734375
-0.624462890625
-0.557470703125
-0.27275390625
0.045458984375
0.28232421875
0.289501953125
0.32060546875
0.20576171875
0.088525390625
0.098095703125
-0.236865234375
-0.47373046875
-0.6794921875
-0.708203125
-0.772802734375
-0.92353515625
-0.351708984375
-0.85654296875
-1.50732421875
-1.30874023438
-0.863720703125
-0.99052734375
-1.31831054688
-1.22739257813
-1.2154296875
-1.282421875
-1.3876953125
-1.62456054688
-1.43793945313
-1.50971679688
-1.512109375
-1.43315429688
-1.29438476563
-1.01923828125
-0.964208984375
-0.916357421875
-0.55029296875
-0.595751953125
-0.42587890625
-0.160302734375
-0.0287109375
0.045458984375
0.11005859375
0.00478515625
0.179443359375
0.18662109375
0.30146484375
0.172265625
0.23447265625
0.2392578125
0.169873046875
0.0765625
0.1626953125
0.27275390625
0.078955078125
0.02392578125
0.03349609375
-0.011962890625
0.06220703125
0.0478515625
0.031103515625
0.11484375
0.174658203125
0.24404296875
0.4115234375
0.471337890625
0.485693359375
0.562255859375
0.461767578125
0.56943359375
0.57421875
0.643603515625
0.686669921875
0.595751953125
0.600537109375
0.669921875
0.629248046875
0.648388671875
0.55986328125
0.55986328125
0.523974609375
0.4306640625
0.3349609375
0.413916015625
0.318212890625
0.2201171875
0.169873046875
0.210546875
0.172265625
0.064599609375
0.011962890625
-0.059814453125
-0.083740234375
-0.09091796875
-0.11005859375
-0.026318359375
-0.174658203125
-0.236865234375
-0.26318359375
-0.332568359375
-0.399560546875
-0.452197265625
-0.44501953125
-0.399560546875
-0.409130859375
-0.428271484375
-0.442626953125
-0.50244140625
-0.461767578125
-0.47373046875
-0.447412109375
-0.50244140625
-0.47373046875
-0.51201171875
-0.44501953125
-0.466552734375
-0.42109375
-0.346923828125
-0.318212890625
-0.308642578125
-0.24404296875
-0.17705078125
-0.189013671875
-0.30625
-0.11484375
-0.074169921875
-0.01435546875
-0.145947265625
-0.12919921875
0.045458984375
0.05263671875
0.035888671875
0.088525390625
0.078955078125
0.074169921875
0.002392578125
-0.08134765625
-0.1626953125
-0.26318359375
-0.459375
-0.667529296875
-0.791943359375
-0.84697265625
-1.014453125
-1.08623046875
-1.13408203125
-1.15083007813
-1.14604492188
-1.13647460938
-1.14125976563
-1.11733398438
-1.05512695313
-0.937890625
-0.86611328125
-0.67470703125
-0.57421875
-0.459375
-0.246435546875
-0.102880859375
0.0669921875
0.18662109375
0.28232421875
0.401953125
0.48330078125
0.538330078125
0.516796875
0.51201171875
0.327783203125
0.461767578125
0.3923828125
0.322998046875
0.327783203125
0.23447265625
0.363671875
0.40673828125
0.413916015625
0.308642578125
0.595751953125
0.6986328125
0.772802734375
0.7369140625
0.7177734375
0.701025390625
0.701025390625
0.672314453125
0.567041015625
0.51201171875
0.55029296875
0.61728515625
0.504833984375
0.519189453125
0.380419921875
0.313427734375
0.30625
0.41630859375
0.375634765625
0.325390625
0.34453125
0.3541015625
0.452197265625
0.478515625
0.54072265625
0.528759765625
0.69384765625
0.614892578125
0.823046875
0.90439453125
0.98095703125
1.07426757813
1.11254882812
1.09819335938
1.27763671875
1.33505859375
1.38291015625
1.47861328125
1.4833984375
1.52407226563
1.53125
1.58149414063
1.41640625
1.47622070313
1.30874023438
1.358984375
1.08383789063
0.937890625
0.73212890625
0.753662109375
0.504833984375
0.346923828125
0.289501953125
0.222509765625
0.14833984375
0.10048828125
0.11484375
0.11484375
0.045458984375
0.035888671875
0.031103515625
-0.016748046875
-0.0095703125
-0.0287109375
-0.02392578125
0.00478515625
0.03349609375
-0.02392578125
0.031103515625
0.026318359375
-0.00478515625
0.01435546875
0.040673828125
0.045458984375
0.03828125
0.026318359375
0.069384765625
0.078955078125
0.11962890625
0.11005859375
0.007177734375
0.18662109375
0.1818359375
0.14833984375
0.179443359375
0.222509765625
0.232080078125
0.241650390625
0.27275390625
0.2583984375
0.2583984375
0.256005859375
0.260791015625
0.30625
0.35888671875
0.401953125
0.447412109375
0.46416015625
0.5359375
0.58857421875
0.610107421875
0.466552734375
0.5263671875
0.5359375
0.476123046875
0.55986328125
0.590966796875
0.356494140625
0.3158203125
0.32060546875
0.28232421875
0.2583984375
0.17705078125
0.102880859375
0.107666015625
0.064599609375
0.055029296875
-0.016748046875
-0.03828125
-0.035888671875
-0.07177734375
-0.057421875
-0.088525390625
-0.055029296875
-0.06220703125
-0.0765625
-0.031103515625
-0.0287109375
-0.0478515625
-0.00478515625
0.019140625
0.05263671875
0.093310546875
0.11962890625
0.12919921875
0.1244140625
0.112451171875
0.222509765625
0.26796875
0.227294921875
0.30146484375
0.2775390625
0.327783203125
0.3349609375
0.351708984375
0.3541015625
0.351708984375
0.33974609375
0.34453125
0.33974609375
0.37802734375
0.366064453125
0.3828125
0.363671875
0.3828125
0.337353515625
0.361279296875
0.3732421875
0.375634765625
0.342138671875
