-0.916357421875
-0.763232421875
-0.744091796875
-0.715380859375
-0.78955078125
-0.83740234375
-0.835009765625
-0.858935546875
-0.861328125
-0.88046875
-0.8708984375
-0.87568359375
-0.8900390625
-0.902001953125
-0.91396484375
-0.91396484375
-0.868505859375
-0.91396484375
-0.940283203125
-1.071875
-0.921142578125
-0.90439453125
-0.887646484375
-0.906787109375
-0.7943359375
-0.997705078125
-0.983349609375
-0.9953125
-0.954638671875
-0.935498046875
-0.94267578125
-0.973779296875
-0.9953125
-1.02641601563
-1.00966796875
-1.052734375
-1.12211914063
-1.09580078125
-0.976171875
-1.14604492188
-1.091015625
-1.129296875
-1.1388671875
-1.1005859375
-1.1580078125
-1.07666015625
-1.19150390625
-1.11254882812
-1.1484375
-1.1580078125
-1.16518554688
-1.18911132813
-1.19389648438
-1.22260742188
-1.24174804688
-1.20107421875
-1.16518554688
-1.167578125
-1.19868164063
-1.18193359375
-1.205859375
-1.20107421875
-1.27045898438
-1.3015625
-1.33266601563
-1.35659179688
-1.43076171875
-1.49775390625
-1.49775390625
-1.52407226563
-1.48579101563
-1.49775390625
-1.49775390625
-1.51928710938
-1.61020507813
-1.6556640625
-1.741796875
-1.7513671875
-1.76572265625
-1.8087890625
-1.82075195313
-1.81596679688
-1.7705078125
-1.76333007813
-1.77290039063
-1.83032226563
-1.82553710938
-1.86860351563
-1.89013671875
-1.89013671875
-1.86381835938
-1.86860351563
-1.87578125
-1.81596679688
-1.75854492188
-1.74897460938
-1.78247070313
-1.79682617188
-1.81118164063
-1.82075195313
-1.8087890625
-1.76333007813
-1.80400390625
-1.78486328125
-1.74658203125
-1.70112304688
-1.70112304688
-1.69633789063
-1.7130859375
-1.7130859375
-1.73461914063
-1.74418945313
-1.69873046875
-1.68198242188
-1.71547851563
-1.67001953125
-1.64848632813
-1.65327148438
-1.62934570313
-1.6365234375
-1.61977539063
-1.59584960938
-1.58627929688
-1.55517578125
-1.54321289063
-1.49057617188
-1.50732421875
-1.46186523438
-1.46904296875
-1.43793945313
-1.41879882813
-1.37573242188
-1.42836914063
-1.4068359375
-1.38051757813
-1.44033203125
-1.47622070313
-1.44990234375
-1.43793945313
-1.43315429688
-1.48100585938
-1.45947265625
-1.47622070313
-1.50014648438
-1.5025390625
-1.52646484375
-1.5025390625
-1.5216796875
-1.55278320313
-1.56713867188
-1.626953125
-1.62934570313
-1.54321289063
-1.67719726563
-1.67719726563
-1.70590820313
-1.71547851563
-1.76333007813
-1.7896484375
-1.856640625
-1.87817382813
-1.9044921875
-1.94038085938
-1.9140625
-1.86142578125
-2.01694335938
-2.10068359375
-2.1150390625
-2.17006835938
-2.296875
-2.32319335938
-2.33037109375
-2.28251953125
-2.40932617188
-2.45478515625
-2.44760742188
-2.469140625
-2.52895507813
-2.56723632813
-2.61030273438
-2.59833984375
-2.5744140625
-2.56962890625
-2.63901367188
-2.62944335938
-2.69165039062
-2.66533203125
-2.69404296875
-2.52177734375
-2.507421875
-2.53852539063
-2.51459960938
-2.54331054688
-2.52416992188
-2.50981445313
-2.44760742188
-2.43325195313
-2.36865234375
-2.35908203125
-2.33515625
-2.30166015625
-2.21313476562
-2.162890625
-2.086328125
-1.99301757813
-1.95234375
-1.93798828125
-1.87338867188
-1.82314453125
-1.8087890625
-1.76333007813
-1.7513671875
-1.75375976563
-1.72744140625
-1.67001953125
-1.67241210938
-1.64848632813
-1.65805664063
-1.67241210938
-1.67719726563
-1.6748046875
-1.67001953125
-1.665234375
-1.66044921875
-1.68198242188
-1.68198242188
-1.68676757813
-1.66284179688
-1.67719726563
-1.67719726563
-1.69155273438
-1.6939453125
-1.70830078125
-1.70830078125
-1.74897460938
-1.7896484375
-1.87578125
-1.87578125
-1.92602539063
-1.87578125
-1.75854492188
-1.75854492188
-1.6748046875
-1.66762695313
-1.70112304688
-1.70112304688
-1.77768554688
-1.80161132813
-1.7609375
-1.7609375
-1.72265625
-1.71069335938
-1.72265625
-1.72265625
-1.74658203125
-1.68676757813
-1.65087890625
-1.65087890625
-1.67958984375
-1.6748046875
-1.6748046875
-1.6748046875
-1.63891601563
-1.64848632813
-1.65805664063
-1.65805664063
-1.61020507813
-1.57431640625
-1.5408203125
-1.5408203125
-1.58388671875
-1.66284179688
-1.65087890625
-1.65087890625
-1.6173828125
-1.60541992188
-1.60541992188
-1.60541992188
-1.62456054688
-1.62934570313
-1.62934570313
-1.62934570313
-1.62216796875
-1.63891601563
-1.67241210938
-1.67241210938
-1.66284179688
-1.67001953125
-1.70830078125
-1.70830078125
-1.70112304688
-1.665234375
-1.67001953125
-1.67001953125
-1.67719726563
-1.684375
-1.69873046875
-1.69873046875
-1.70112304688
-1.7130859375
-1.68916015625
-1.68916015625
-1.66044921875
-1.66284179688
-1.68676757813
-1.68676757813
-1.71069335938
-1.72744140625
-1.74897460938
-1.74897460938
-1.74658203125
-1.72026367188
-1.7322265625
-1.7322265625
-1.7609375
-1.74658203125
-1.71547851563
-1.71547851563
-1.68916015625
-1.71787109375
-1.6939453125
-1.6939453125
-1.65087890625
-1.65805664063
-1.62456054688
-1.62456054688
-1.61499023438
-1.63173828125
-1.65087890625
-1.65087890625
-1.63891601563
-1.62216796875
-1.63173828125
-1.63173828125
-1.62934570313
-1.63413085938
-1.63413085938
-1.63413085938
-1.63173828125
-1.65327148438
-1.63891601563
-1.63891601563
-1.63891601563
-1.63413085938
-1.60063476563
-1.60063476563
-1.60302734375
-1.5982421875
-1.59345703125
-1.59345703125
-1.588671875
-1.57192382813
-1.61020507813
-1.61020507813
-1.65327148438
-1.64848632813
-1.684375
-1.684375
-1.703515625
-1.68916015625
-1.68916015625
-1.7130859375
-1.75615234375
-1.80400390625
-1.80400390625
-1.8853515625
-1.933203125
-1.93798828125
-1.93798828125
-1.92124023438
-1.87578125
-1.81596679688
-1.81596679688
-1.78725585938
-1.83032226563
-1.856640625
-1.856640625
-1.894921875
-1.971484375
-2.02412109375
-2.02412109375
-2.05283203125
-2.06958007812
-2.06000976563
-2.02890625
-2.02890625
-2.00498046875
-2.00498046875
-2.00258789063
-2.00258789063
-2.00737304688
-2.02172851562
-2.01215820313
-2.01215820313
-2.02412109375
-2.009765625
-1.990625
-2.02412109375
-2.0193359375
-1.95234375
-1.97626953125
-1.95234375
-1.90927734375
-1.87338867188
-1.86860351563
-1.85903320313
-1.85185546875
-1.68916015625
-1.75854492188
-1.741796875
-1.67958984375
-1.58627929688
-1.54560546875
-1.45947265625
-1.44750976562
-1.39965820312
-1.32548828125
-1.22260742188
-1.17236328125
-1.129296875
-1.10297851563
-1.05512695313
-1.00009765625
-1.04077148438
-1.04077148438
-1.03120117188
-1.0431640625
-1.03359375
-1.03837890625
-1.0048828125
-1.01923828125
-1.03359375
-0.91875
-0.95224609375
-1.071875
-0.906787109375
-0.87568359375
-0.844580078125
-0.854150390625
-0.849365234375
-0.858935546875
-0.863720703125
-0.823046875
-0.768017578125
-0.8900390625
-0.88525390625
-0.882861328125
-0.90439453125
-0.791943359375
-0.937890625
-0.91396484375
-0.940283203125
-0.959423828125
-0.97138671875
-0.930712890625
-1.06948242188
-0.945068359375
-1.03120117188
-0.978564453125
-0.937890625
-0.94267578125
-0.954638671875
-0.95703125
-0.9666015625
-0.925927734375
-1.052734375
-0.8900390625
-0.863720703125
-0.7943359375
-0.90439453125
-0.68427734375
-0.64599609375
-0.667529296875
-0.672314453125
-0.710595703125
-0.65078125
-0.705810546875
-0.74169921875
-0.739306640625
-0.78955078125
-0.748876953125
-0.76083984375
-0.7369140625
-0.643603515625
-0.77998046875
-0.746484375
-0.72255859375
-0.77998046875
-0.8134765625
-0.835009765625
-0.8134765625
-0.85654296875
-0.801513671875
-0.88525390625
-0.902001953125
-0.899609375
-0.873291015625
-0.79912109375
-0.937890625
-1.00009765625
