0.2583984375
0.241650390625
0.212939453125
0.217724609375
0.172265625
0.203369140625
0.172265625
0.145947265625
0.189013671875
0.19619140625
0.423486328125
0.093310546875
0.045458984375
0.2009765625
0.083740234375
0.174658203125
0.12919921875
0.299072265625
0.10048828125
0.0669921875
0.107666015625
0.14833984375
0.131591796875
0.17705078125
0.16748046875
0.189013671875
0.150732421875
0.21533203125
0.01435546875
0.22490234375
0.366064453125
0.0095703125
0.040673828125
0.19619140625
0.236865234375
0.17705078125
0.27275390625
0.32060546875
0.325390625
0.30146484375
0.30625
0.284716796875
0.452197265625
0.375634765625
0.337353515625
0.35888671875
0.375634765625
0.40673828125
0.37802734375
0.40673828125
0.404345703125
0.313427734375
0.294287109375
0.437841796875
0.26796875
0.256005859375
0.294287109375
0.322998046875
0.385205078125
0.351708984375
0.2966796875
0.33017578125
0.394775390625
0.385205078125
0.35888671875
0.294287109375
0.332568359375
0.452197265625
0.299072265625
0.222509765625
0.279931640625
0.169873046875
0.2392578125
0.260791015625
0.313427734375
0.322998046875
0.303857421875
0.313427734375
0.313427734375
0.327783203125
0.327783203125
0.33017578125
0.34453125
0.2392578125
0.248828125
0.33017578125
0.3349609375
0.401953125
0.36845703125
0.36845703125
0.38759765625
0.37802734375
0.318212890625
0.287109375
0.24404296875
0.184228515625
0.15791015625
0.117236328125
0.2009765625
0.332568359375
0.30625
0.265576171875
0.21533203125
0.2009765625
0.10048828125
0.08134765625
0.1244140625
0.165087890625
0.2009765625
0.17705078125
0.0861328125
0.088525390625
0.050244140625
0.0287109375
0.0095703125
0.0478515625
0.088525390625
0.093310546875
0.059814453125
0.07177734375
0.098095703125
0.093310546875
0.078955078125
0.11005859375
0.145947265625
0.160302734375
0.112451171875
0.19140625
0.184228515625
0.256005859375
0.11484375
0.133984375
0.16748046875
0.198583984375
0.17705078125
0.19619140625
0.299072265625
0.155517578125
0.155517578125
0.174658203125
0.19140625
0.184228515625
0.179443359375
0.165087890625
0.136376953125
0.136376953125
0.13876953125
0.112451171875
0.16748046875
0.14833984375
0.19140625
0.193798828125
0.19619140625
0.193798828125
0.13876953125
0.00478515625
0.153125
0.289501953125
0.11962890625
0.11962890625
0.093310546875
0.031103515625
0.00478515625
-0.0478515625
-0.088525390625
-0.131591796875
-0.208154296875
-0.265576171875
-0.4115234375
-0.5072265625
-0.586181640625
-0.705810546875
-0.782373046875
-0.902001953125
-0.954638671875
-0.968994140625
-1.1484375
-1.17954101563
-1.3111328125
-1.36376953125
-1.41879882813
-1.46186523438
-1.45229492188
-1.5216796875
-1.50014648438
-1.51450195313
-1.50732421875
-1.54560546875
-1.55278320313
-1.56235351563
-1.5216796875
-1.512109375
-1.36616210938
-1.13647460938
-1.0814453125
-0.983349609375
-0.777587890625
-0.66513671875
-0.45458984375
-0.28232421875
-0.1435546875
0.059814453125
0.122021484375
0.189013671875
0.25361328125
0.289501953125
0.43544921875
0.49287109375
0.5263671875
0.523974609375
0.600537109375
0.370849609375
0.418701171875
0.2775390625
0.325390625
0.40673828125
0.42587890625
0.394775390625
0.35888671875
0.299072265625
0.25361328125
0.217724609375
0.189013671875
0.284716796875
0.095703125
0.0669921875
0.040673828125
-0.13876953125
0.01435546875
-0.01435546875
0.0
0.0287109375
-0.0095703125
0.016748046875
0.016748046875
-0.021533203125
-0.045458984375
-0.05263671875
-0.035888671875
-0.136376953125
0.04306640625
0.095703125
-0.06220703125
-0.031103515625
-0.05263671875
0.0478515625
0.133984375
0.016748046875
-0.0287109375
-0.088525390625
-0.0765625
-0.03349609375
-0.05263671875
-0.074169921875
-0.07177734375
-0.095703125
-0.098095703125
-0.136376953125
-0.1626953125
-0.19140625
-0.260791015625
-0.256005859375
-0.2583984375
-0.287109375
-0.289501953125
-0.313427734375
-0.351708984375
-0.437841796875
-0.476123046875
-0.5646484375
-0.600537109375
-0.610107421875
-0.672314453125
-0.66513671875
-0.7177734375
-0.746484375
-0.75126953125
-0.782373046875
-0.7943359375
-0.79912109375
-0.8134765625
-0.849365234375
-0.863720703125
-0.88525390625
-0.86611328125
-0.863720703125
-0.892431640625
-0.916357421875
-0.8517578125
-0.81826171875
-0.815869140625
-0.87568359375
-0.8421875
-0.815869140625
-0.801513671875
-0.916357421875
-0.72734375
-0.74169921875
-0.69384765625
-0.6794921875
-0.614892578125
-0.624462890625
-0.6220703125
-0.5646484375
-0.485693359375
-0.476123046875
-0.459375
-0.363671875
-0.246435546875
-0.2583984375
-0.2392578125
-0.217724609375
-0.198583984375
-0.172265625
-0.150732421875
-0.122021484375
-0.1244140625
-0.11005859375
-0.10048828125
-0.08134765625
-0.02392578125
-0.031103515625
-0.019140625
-0.040673828125
-0.02392578125
-0.011962890625
-0.021533203125
-0.035888671875
-0.059814453125
-0.064599609375
-0.007177734375
-0.01435546875
-0.145947265625
0.02392578125
0.064599609375
0.04306640625
0.0095703125
0.03349609375
0.011962890625
-0.0287109375
-0.112451171875
-0.131591796875
-0.0861328125
0.11962890625
0.169873046875
0.17705078125
0.184228515625
0.2583984375
0.279931640625
0.246435546875
0.265576171875
0.256005859375
0.256005859375
0.14833984375
0.409130859375
0.437841796875
0.401953125
0.39716796875
0.404345703125
0.3828125
0.380419921875
0.401953125
0.3923828125
0.3923828125
0.490478515625
0.56943359375
0.543115234375
0.538330078125
0.452197265625
0.4306640625
0.4498046875
0.46416015625
0.440234375
0.380419921875
0.404345703125
0.332568359375
0.5072265625
0.490478515625
0.495263671875
0.509619140625
0.543115234375
0.562255859375
0.595751953125
0.5646484375
0.4880859375
0.466552734375
0.31103515625
0.476123046875
0.45458984375
0.528759765625
0.547900390625
0.5072265625
0.47373046875
0.47373046875
0.459375
0.42587890625
0.385205078125
0.45458984375
0.456982421875
0.440234375
0.44501953125
0.37802734375
0.3828125
0.33017578125
0.303857421875
0.322998046875
0.30625
0.2775390625
0.227294921875
0.217724609375
0.1818359375
0.208154296875
0.1818359375
0.150732421875
0.131591796875
0.095703125
0.031103515625
0.0095703125
0.04306640625
0.045458984375
0.019140625
0.136376953125
-0.04306640625
-0.083740234375
-0.1052734375
-0.217724609375
-0.189013671875
-0.179443359375
-0.2296875
-0.251220703125
-0.270361328125
-0.3828125
-0.34453125
-0.49287109375
-0.543115234375
-0.55029296875
-0.55986328125
-0.562255859375
-0.581396484375
-0.576611328125
-0.724951171875
-0.753662109375
-0.8326171875
-0.9091796875
-0.95703125
-0.992919921875
-1.01206054688
-1.05034179688
-1.09819335938
-1.11494140625
-1.12451171875
-1.14125976563
-1.2154296875
-1.26328125
-1.25131835938
-1.2537109375
-1.28959960938
-1.28481445313
-1.28959960938
-1.32788085938
-1.33266601563
-1.37094726563
-1.378125
-1.378125
-1.37573242188
-1.4451171875
-1.46186523438
-1.45708007813
-1.46665039063
-1.39248046875
-1.43076171875
-1.44272460938
-1.45947265625
-1.47143554688
-1.45708007813
-1.44272460938
-1.4259765625
-1.41640625
-1.41640625
-1.40205078125
-1.40444335938
-1.3685546875
-1.35419921875
-1.41640625
-1.358984375
-1.37573242188
-1.3494140625
-1.23696289063
-1.4259765625
-1.39008789063
-1.37333984375
-1.36376953125
-1.35419921875
-1.3685546875
-1.37094726563
-1.39008789063
-1.378125
-1.35180664062
-1.3876953125
-1.39487304688
