0.016748046875
0.208154296875
0.270361328125
0.370849609375
0.5646484375
0.71298828125
0.52158203125
-0.03828125
0.39716796875
0.504833984375
0.26796875
0.478515625
0.459375
0.4306640625
0.4880859375
0.433056640625
0.404345703125
0.41630859375
0.461767578125
0.380419921875
0.385205078125
0.385205078125
0.322998046875
0.241650390625
0.22490234375
0.198583984375
0.19140625
0.145947265625
0.153125
0.11484375
0.10048828125
0.069384765625
0.133984375
0.098095703125
0.064599609375
0.057421875
0.133984375
-0.011962890625
0.0095703125
-0.055029296875
-0.1052734375
-0.13876953125
-0.212939453125
-0.246435546875
-0.160302734375
-0.380419921875
-0.41630859375
-0.523974609375
-0.516796875
-0.638818359375
-0.6412109375
-0.59814453125
-0.662744140625
-0.701025390625
-0.71298828125
-0.746484375
-0.758447265625
-0.724951171875
-0.7369140625
-0.696240234375
-0.68427734375
-0.6890625
-0.631640625
-0.605322265625
-0.631640625
-0.739306640625
-0.552685546875
-0.57421875
-0.593359375
-0.59814453125
-0.54072265625
-0.52158203125
-0.514404296875
-0.5263671875
-0.4689453125
-0.447412109375
-0.437841796875
-0.43544921875
-0.3732421875
-0.39716796875
-0.33974609375
-0.265576171875
-0.294287109375
-0.19140625
-0.21533203125
-0.222509765625
-0.232080078125
-0.2392578125
-0.270361328125
-0.260791015625
-0.279931640625
-0.28232421875
-0.265576171875
-0.260791015625
-0.2583984375
-0.287109375
-0.248828125
-0.279931640625
-0.28232421875
-0.294287109375
-0.370849609375
-0.325390625
-0.294287109375
-0.322998046875
-0.332568359375
-0.327783203125
-0.34453125
-0.34931640625
-0.4115234375
-0.423486328125
-0.366064453125
-0.389990234375
-0.42109375
-0.4306640625
-0.437841796875
-0.26796875
-0.241650390625
-0.20576171875
-0.227294921875
-0.165087890625
-0.0861328125
-0.057421875
-0.035888671875
-0.095703125
-0.102880859375
-0.13876953125
-0.083740234375
-0.14833984375
-0.0095703125
-0.059814453125
-0.06220703125
-0.0287109375
-0.14833984375
-0.026318359375
-0.064599609375
-0.0765625
-0.02392578125
-0.11005859375
-0.136376953125
-0.12919921875
-0.172265625
-0.131591796875
-0.179443359375
-0.217724609375
-0.25361328125
-0.337353515625
-0.232080078125
-0.2296875
-0.21533203125
-0.155517578125
-0.284716796875
-0.15791015625
-0.313427734375
-0.394775390625
-0.32060546875
-0.2775390625
-0.18662109375
-0.389990234375
-0.409130859375
-0.361279296875
-0.3541015625
-0.3828125
-0.351708984375
-0.366064453125
-0.356494140625
-0.385205078125
-0.389990234375
-0.363671875
-0.4115234375
-0.495263671875
-0.555078125
-0.60771484375
-0.595751953125
-0.643603515625
-0.71298828125
-0.806298828125
-0.85654296875
-0.768017578125
-0.930712890625
-0.945068359375
-0.9953125
-0.937890625
-0.964208984375
-0.973779296875
-1.00966796875
-1.01206054688
-1.04555664063
-1.01923828125
-1.03598632813
-1.00249023438
-0.95703125
-0.930712890625
-0.772802734375
-0.87568359375
-0.868505859375
-0.815869140625
-0.854150390625
-0.839794921875
-0.787158203125
-0.7560546875
-0.691455078125
-0.62685546875
-0.6125
-0.614892578125
-0.5072265625
-0.490478515625
-0.442626953125
-0.428271484375
-0.43544921875
-0.42587890625
-0.442626953125
-0.456982421875
-0.47373046875
-0.51201171875
-0.52158203125
-0.595751953125
-0.552685546875
-0.55029296875
-0.49765625
-0.437841796875
-0.36845703125
-0.327783203125
-0.33974609375
-0.389990234375
-0.399560546875
-0.41630859375
-0.46416015625
-0.461767578125
-0.66513671875
-0.6890625
-0.62685546875
-0.80869140625
-0.992919921875
-1.03359375
-0.9283203125
-1.16279296875
-1.225
-1.33984375
-1.41640625
-1.3876953125
-1.64370117188
-1.62934570313
-1.6748046875
-1.67719726563
-1.72265625
-1.72744140625
-1.684375
-1.71069335938
-1.65327148438
-1.62934570313
-1.57670898438
-1.49536132812
-1.4259765625
-1.52646484375
-1.3015625
-1.358984375
-1.17475585938
-1.11494140625
-1.03837890625
-0.976171875
-0.937890625
-0.892431640625
-0.83740234375
-0.8326171875
-0.67470703125
-0.744091796875
-0.571826171875
-0.547900390625
-0.500048828125
-0.385205078125
-0.3828125
-0.3828125
-0.44501953125
-0.303857421875
-0.303857421875
-0.2296875
-0.232080078125
-0.251220703125
-0.222509765625
-0.2392578125
-0.24404296875
-0.270361328125
-0.155517578125
-0.380419921875
-0.370849609375
-0.409130859375
-0.433056640625
-0.48330078125
-0.519189453125
-0.514404296875
-0.55029296875
-0.5455078125
-0.6029296875
-0.55986328125
-0.519189453125
-0.55986328125
-0.538330078125
-0.500048828125
-0.516796875
-0.418701171875
-0.418701171875
-0.409130859375
-0.31103515625
-0.389990234375
-0.30625
-0.19140625
-0.270361328125
-0.265576171875
-0.294287109375
-0.25361328125
-0.27275390625
-0.30625
-0.356494140625
-0.289501953125
-0.313427734375
-0.34931640625
-0.30625
-0.43544921875
-0.332568359375
-0.442626953125
-0.3349609375
-0.3349609375
-0.370849609375
-0.44501953125
-0.4498046875
-0.47373046875
-0.418701171875
-0.49765625
-0.514404296875
-0.516796875
-0.533544921875
-0.55029296875
-0.567041015625
-0.61728515625
-0.70341796875
-0.70341796875
-0.897216796875
-0.77998046875
-0.80390625
-0.854150390625
-0.8900390625
-0.945068359375
-0.9283203125
-0.95703125
-1.0048828125
-1.11733398438
-1.129296875
-1.20107421875
-1.26328125
-1.244140625
-1.31591796875
-1.5216796875
-1.40922851563
-1.43793945313
-1.4642578125
-1.4642578125
-1.67719726563
-1.56235351563
-1.67719726563
-1.4833984375
-1.42836914063
-1.4259765625
-1.512109375
-1.48818359375
-1.45229492188
-1.46665039063
-1.4259765625
-1.44033203125
-1.40205078125
-1.39487304688
-1.3876953125
-1.36616210938
-1.3302734375
-1.30874023438
-1.282421875
-1.21064453125
-1.244140625
-1.17475585938
-1.19868164063
-1.14604492188
-1.10297851563
-1.1197265625
-1.091015625
-1.06708984375
-1.09340820313
-1.08383789063
-1.03598632813
-1.05991210938
-1.04555664063
-0.93310546875
-1.05991210938
-1.02163085938
-0.959423828125
-0.90439453125
-0.964208984375
-0.9474609375
-0.945068359375
-0.91396484375
-0.88525390625
-0.6986328125
-0.593359375
-0.65556640625
-0.629248046875
-0.619677734375
-0.57900390625
-0.54072265625
-0.5072265625
-0.605322265625
-0.65556640625
-0.739306640625
-0.806298828125
-0.768017578125
-0.91875
-1.00727539063
-1.08383789063
-1.13408203125
-1.19150390625
-1.20825195312
-1.27045898438
-1.3015625
-1.19389648438
-1.16040039062
-1.1005859375
-0.976171875
-0.940283203125
-0.925927734375
-0.823046875
-0.791943359375
-0.547900390625
-0.55986328125
-0.6029296875
-0.58857421875
-0.629248046875
-0.787158203125
-0.7943359375
-0.84697265625
-0.959423828125
-0.8900390625
-0.7751953125
-1.02163085938
-1.05512695313
-1.09580078125
-1.03837890625
-0.94267578125
-0.8900390625
-0.84697265625
-0.83740234375
-0.72734375
-0.73212890625
-0.715380859375
-0.6890625
-0.672314453125
-0.64599609375
-0.686669921875
-0.567041015625
-0.495263671875
-0.42109375
-0.322998046875
-0.189013671875
-0.040673828125
0.10048828125
0.24404296875
0.413916015625
0.528759765625
0.67470703125
0.64599609375
0.844580078125
0.88525390625
0.89482421875
0.849365234375
0.8326171875
0.81826171875
0.911572265625
0.739306640625
0.528759765625
0.478515625
0.3828125
0.289501953125
0.270361328125
0.31103515625
0.222509765625
0.098095703125
0.050244140625
-0.03828125
0.02392578125
0.11005859375
-0.18662109375
-0.21533203125
-0.2775390625
-0.36845703125
-0.53115234375
-0.567041015625
-0.57900390625
-0.62685546875
-0.739306640625
-0.763232421875
-0.614892578125
-0.787158203125
-0.76083984375
-0.76083984375
