-0.935498046875
-1.05034179688
-0.873291015625
-0.906787109375
-0.87568359375
-0.861328125
-0.8326171875
-0.787158203125
-0.78955078125
-0.796728515625
-0.899609375
-0.739306640625
-0.720166015625
-0.653173828125
-0.610107421875
-0.567041015625
-0.55986328125
-0.5646484375
-0.46416015625
-0.452197265625
-0.41630859375
-0.370849609375
-0.428271484375
-0.260791015625
-0.236865234375
-0.21533203125
-0.19140625
-0.212939453125
-0.23447265625
-0.23447265625
-0.251220703125
-0.26796875
-0.2775390625
-0.26796875
-0.2296875
-0.20576171875
-0.24404296875
-0.23447265625
-0.251220703125
-0.265576171875
-0.251220703125
-0.1818359375
-0.189013671875
-0.2201171875
-0.20576171875
-0.1626953125
-0.12919921875
-0.1435546875
-0.1435546875
-0.117236328125
-0.059814453125
-0.078955078125
-0.03828125
-0.00478515625
-0.002392578125
0.045458984375
0.064599609375
0.117236328125
0.15791015625
0.203369140625
0.241650390625
0.275146484375
0.332568359375
0.3732421875
0.43544921875
0.48330078125
0.581396484375
0.6412109375
0.758447265625
0.90439453125
0.973779296875
1.02880859375
1.10297851563
1.18911132813
1.28002929688
1.31831054688
1.39008789063
1.39487304688
1.4546875
1.4546875
1.49536132812
1.473828125
1.45947265625
1.512109375
1.5025390625
1.46186523438
1.44750976562
1.44750976562
1.4068359375
1.39487304688
1.34223632813
1.33984375
1.29438476563
1.28720703125
1.26328125
1.13168945313
1.13408203125
1.15322265625
1.10537109375
1.091015625
1.06469726562
1.03837890625
1.052734375
1.05512695313
1.05991210938
1.03359375
1.00727539063
1.0048828125
0.988134765625
0.978564453125
0.997705078125
1.01923828125
0.997705078125
0.968994140625
0.93310546875
0.92353515625
0.92353515625
0.945068359375
0.8900390625
0.88525390625
0.8900390625
0.868505859375
0.854150390625
0.849365234375
0.839794921875
0.7943359375
0.89482421875
0.701025390625
0.7369140625
0.710595703125
0.677099609375
0.619677734375
0.6029296875
0.55986328125
0.552685546875
0.5072265625
0.461767578125
0.466552734375
0.389990234375
0.327783203125
0.22490234375
0.193798828125
0.150732421875
0.0478515625
0.016748046875
0.03349609375
-0.007177734375
-0.06220703125
-0.088525390625
-0.141162109375
-0.13876953125
-0.15791015625
-0.1626953125
-0.217724609375
-0.248828125
-0.260791015625
-0.241650390625
-0.23447265625
-0.22490234375
-0.1818359375
-0.155517578125
-0.222509765625
-0.246435546875
-0.2009765625
-0.41630859375
-0.409130859375
-0.440234375
-0.401953125
-0.399560546875
-0.366064453125
-0.41630859375
-0.44501953125
-0.418701171875
-0.4115234375
-0.413916015625
-0.39716796875
-0.399560546875
-0.39716796875
-0.385205078125
-0.33974609375
-0.33017578125
-0.34931640625
-0.346923828125
-0.3541015625
-0.342138671875
-0.32060546875
-0.2775390625
-0.265576171875
-0.203369140625
-0.210546875
-0.256005859375
-0.256005859375
-0.217724609375
-0.20576171875
-0.174658203125
-0.1052734375
-0.11005859375
-0.131591796875
-0.117236328125
-0.00478515625
-0.169873046875
-0.14833984375
-0.095703125
-0.112451171875
-0.088525390625
-0.050244140625
-0.026318359375
-0.011962890625
0.00478515625
-0.007177734375
0.03349609375
0.0287109375
0.04306640625
0.057421875
0.0861328125
0.074169921875
0.08134765625
0.088525390625
0.122021484375
0.122021484375
0.117236328125
0.117236328125
0.021533203125
0.210546875
0.227294921875
0.279931640625
0.24404296875
0.265576171875
0.30146484375
0.270361328125
0.2966796875
0.32060546875
0.394775390625
0.409130859375
0.42587890625
0.43544921875
0.555078125
0.605322265625
0.61728515625
0.54072265625
0.547900390625
0.593359375
0.667529296875
0.729736328125
0.76083984375
0.7560546875
0.801513671875
0.849365234375
0.88046875
0.9091796875
0.9857421875
1.03598632813
1.01923828125
0.92353515625
1.08623046875
1.09819335938
1.16279296875
1.20825195312
1.27524414063
1.32548828125
1.3685546875
1.42836914063
1.53125
1.70590820313
1.82553710938
1.9427734375
2.06479492188
2.27534179688
2.33276367188
2.43803710938
2.45
2.72514648438
2.89262695313
3.0337890625
3.15581054688
3.28979492188
3.27065429688
3.4166015625
3.521875
3.58168945313
3.78266601563
3.87358398438
3.92861328125
3.96928710938
4.05063476563
4.22290039062
4.22529296875
4.36884765625
4.35927734375
4.32578125
4.25400390625
4.09370117188
4.12001953125
3.9716796875
3.62475585938
3.541015625
3.426171875
3.3208984375
3.34482421875
3.31611328125
3.27783203125
3.32807617188
3.40703125
3.46684570313
3.67978515625
3.76831054688
3.93818359375
3.88315429688
3.95014648438
4.11762695313
3.85205078125
3.75395507813
3.71806640625
3.76591796875
3.85205078125
3.59365234375
3.82573242188
3.70849609375
3.58168945313
3.60322265625
3.5505859375
3.349609375
3.2443359375
3.22041015625
3.08403320313
2.966796875
2.9189453125
2.851953125
2.83999023438
2.84956054688
2.79931640625
2.50024414062
2.6318359375
2.737109375
2.48588867188
2.43564453125
2.46196289063
2.41411132813
2.33515625
2.65576171875
2.83759765625
2.74907226563
2.98833007813
3.08403320313
3.20366210938
3.29936523438
3.32568359375
3.44770507813
3.82333984375
3.4931640625
3.73481445313
3.85922851563
3.77788085938
3.69892578125
3.94296875
4.0291015625
4.26357421875
4.41909179688
4.49086914063
4.60810546875
4.70859375
4.73012695313
4.9861328125
4.96220703125
5.03637695312
5.06030273438
5.09619140625
5.0626953125
4.99331054688
5.01245117188
4.95502929688
4.92631835938
4.78994140625
4.68706054688
4.61528320313
4.58178710938
4.14155273438
3.83291015625
3.77788085938
3.49077148438
3.25869140625
3.1294921875
2.91176757813
2.83999023438
2.45717773438
2.296875
2.27534179688
2.01694335938
1.9236328125
1.84946289063
1.73940429688
1.65805664063
1.43793945313
1.28481445313
1.19389648438
1.20825195312
0.906787109375
0.772802734375
0.634033203125
0.49287109375
0.22490234375
0.284716796875
-0.05263671875
-0.236865234375
-0.43544921875
-0.552685546875
-0.629248046875
-0.77998046875
-0.878076171875
-1.0431640625
-1.15083007813
-1.22021484375
-1.3111328125
-1.25131835938
-1.44272460938
-1.588671875
-1.61499023438
-1.71069335938
-1.73461914063
-1.81357421875
-1.92124023438
-1.89970703125
-2.02651367188
-2.06000976563
-2.03369140625
-2.11982421875
-2.009765625
-2.17485351563
-2.25380859375
-2.25380859375
-2.41411132813
-2.33754882813
-2.46435546875
-2.54809570312
-2.69643554688
-2.85673828125
-2.76342773438
-2.88305664062
-3.02421875
-3.11274414063
-3.14384765625
-3.07446289063
-3.21083984375
-3.30415039063
-3.35200195313
-3.311328125
-3.40224609375
-3.46923828125
-3.52666015625
-3.52426757813
-3.70131835938
-3.78266601563
-3.86640625
-3.8951171875
-3.92861328125
-4.08173828125
-4.0673828125
-4.11284179688
-4.12958984375
-4.18701171875
-4.20615234375
-4.2109375
-4.20375976563
-4.32578125
-4.30903320313
-4.15112304688
-4.34731445313
-4.3544921875
-4.30903320313
-4.37841796875
-4.41909179688
-4.43583984375
-4.41669921875
-4.4119140625
-4.58657226563
-4.4501953125
-4.39755859375
-4.40234375
-4.3736328125
-4.33295898438
-4.33774414063
-4.28271484375
-4.22768554688
-4.15590820313
-4.0578125
-3.9908203125
-3.91186523438
-3.8951171875
-3.86401367188
-3.78505859375
-3.68696289063
-3.64389648438
-3.52666015625
-3.47163085938
-3.42138671875
-3.51948242188
-3.28022460938
-3.15102539063
-3.10078125
-3.20126953125
