-0.744091796875
-0.67470703125
-0.95703125
-0.937890625
-1.014453125
-1.1197265625
-1.18911132813
-1.22021484375
-1.12690429688
-1.27524414063
-1.3302734375
-1.33984375
-1.43315429688
-1.3685546875
-1.44272460938
-1.5025390625
-1.52885742188
-1.55278320313
-1.65087890625
-1.52646484375
-1.6556640625
-1.54321289063
-1.64130859375
-1.7130859375
-1.72265625
-1.703515625
-1.82075195313
-1.71787109375
-1.82314453125
-1.89252929688
-1.95712890625
-1.9044921875
-1.85903320313
-1.83510742188
-1.9044921875
-1.92602539063
-1.93798828125
-1.91166992188
-1.93559570313
-1.94755859375
-1.88774414063
-1.90688476563
-1.89970703125
-1.8087890625
-1.78725585938
-1.72744140625
-1.74418945313
-1.54321289063
-1.72265625
-1.68676757813
-1.67241210938
-1.7130859375
-1.71069335938
-1.71547851563
-1.83032226563
-1.64848632813
-1.61259765625
-1.61020507813
-1.59345703125
-1.54560546875
-1.56474609375
-1.61259765625
-1.6365234375
-1.64130859375
-1.5791015625
-1.57192382813
-1.54560546875
-1.52407226563
-1.49296875
-1.5025390625
-1.53125
-1.52885742188
-1.49775390625
-1.49536132812
-1.5025390625
-1.49057617188
-1.53364257813
-1.53364257813
-1.53364257813
-1.51928710938
-1.48579101563
-1.49775390625
-1.512109375
-1.49057617188
-1.48100585938
-1.45708007813
-1.45947265625
-1.47622070313
-1.45229492188
-1.45229492188
-1.4259765625
-1.397265625
-1.42119140625
-1.44750976562
-1.4642578125
-1.38051757813
-1.33505859375
-1.31352539063
-1.32548828125
-1.30634765625
-1.30395507812
-1.26806640625
-1.24653320313
-1.205859375
-1.17236328125
-1.22021484375
-1.1962890625
-1.17236328125
-1.10537109375
-1.07666015625
-1.05991210938
-1.03598632813
-0.954638671875
-0.9474609375
-0.937890625
-1.04077148438
-0.854150390625
-0.8708984375
-0.854150390625
-0.83740234375
-0.80869140625
-0.79912109375
-0.768017578125
-0.76083984375
-0.763232421875
-0.72255859375
-0.710595703125
-0.739306640625
-0.68427734375
-0.657958984375
-0.667529296875
-0.677099609375
-0.710595703125
-0.701025390625
-0.7177734375
-0.708203125
-0.708203125
-0.6986328125
-0.691455078125
-0.701025390625
-0.691455078125
-0.686669921875
-0.67470703125
-0.648388671875
-0.631640625
-0.631640625
-0.61728515625
-0.624462890625
-0.62685546875
-0.6029296875
-0.593359375
-0.605322265625
-0.6220703125
-0.70341796875
-0.796728515625
-0.861328125
-0.54072265625
-0.418701171875
-0.375634765625
-0.452197265625
-0.5359375
-0.586181640625
-0.480908203125
-0.6890625
-0.746484375
-0.758447265625
-0.772802734375
-0.6794921875
-0.593359375
-0.500048828125
-0.476123046875
-0.459375
-0.557470703125
-0.729736328125
-0.6794921875
-0.74169921875
-0.8421875
-0.76083984375
-0.715380859375
-0.701025390625
-0.715380859375
-0.7177734375
-0.72734375
-0.765625
-0.77998046875
-0.79912109375
-0.887646484375
-0.937890625
-1.01684570312
-1.11494140625
-1.1580078125
-1.05034179688
-0.92353515625
-0.983349609375
-1.04794921875
-1.1580078125
-1.36376953125
-1.26088867188
-1.31831054688
-1.27045898438
-1.2345703125
-1.2345703125
-1.25131835938
-1.36616210938
-1.45229492188
-1.46665039063
-1.4068359375
-1.57192382813
-1.58149414063
-1.60302734375
-1.67241210938
-1.70590820313
-1.74897460938
-1.82314453125
-1.84228515625
-1.818359375
-1.8375
-1.85185546875
-1.89013671875
-1.9140625
-1.92602539063
-1.90688476563
-1.94516601563
-1.90927734375
-1.89013671875
-1.8853515625
-1.9044921875
-1.90209960938
-1.94995117188
-2.00258789063
-2.05283203125
-2.10546875
-2.12221679688
-2.14614257813
-2.16767578125
-2.1724609375
-2.21313476562
-2.21791992188
-2.23466796875
-2.26098632812
-2.27534179688
-2.25859375
-2.26577148438
-2.3064453125
-2.37822265625
-2.35908203125
-2.3830078125
-2.36625976563
-2.36625976563
-2.38779296875
-2.36865234375
-2.33037109375
-2.3255859375
-2.354296875
-2.392578125
-2.31840820313
-2.30405273438
-2.35908203125
-2.43803710938
-2.41650390625
-2.37583007813
-2.2681640625
-2.0001953125
-1.98583984375
-2.02172851562
-2.13178710938
-2.16528320312
-2.201171875
-2.18442382813
-2.14375
-2.06958007812
-2.0671875
-2.07915039063
-2.0384765625
-1.97866210938
-1.95234375
-1.99301757813
-1.9619140625
-1.84946289063
-1.780078125
-1.73701171875
-1.70112304688
-1.59584960938
-1.59345703125
-1.60302734375
-1.626953125
-1.61020507813
-1.48818359375
-1.24653320313
-1.16518554688
-1.15083007813
-1.16997070313
-1.21303710938
-1.1962890625
-1.1580078125
-1.225
-1.09340820313
-1.11494140625
-1.10537109375
-1.167578125
-0.8900390625
-0.784765625
-0.681884765625
-0.720166015625
-0.72734375
-0.552685546875
-0.251220703125
-0.35888671875
-0.62685546875
-0.8708984375
-0.787158203125
-0.71298828125
-0.7369140625
-0.686669921875
-0.5837890625
-0.5837890625
-0.6029296875
-0.57421875
-0.53115234375
-0.51201171875
-0.555078125
-0.51201171875
-0.50244140625
-0.514404296875
-0.5263671875
-0.5455078125
-0.54072265625
-0.49287109375
-0.485693359375
-0.466552734375
-0.44501953125
-0.4498046875
-0.47373046875
-0.52158203125
-0.478515625
-0.478515625
-0.456982421875
-0.356494140625
-0.32060546875
-0.30625
-0.184228515625
-0.19619140625
-0.217724609375
-0.212939453125
-0.12919921875
-0.13876953125
-0.2009765625
-0.2201171875
-0.241650390625
-0.260791015625
-0.251220703125
-0.21533203125
-0.212939453125
-0.16748046875
-0.117236328125
-0.1435546875
-0.184228515625
-0.172265625
-0.198583984375
-0.14833984375
-0.212939453125
-0.217724609375
-0.3541015625
-0.3349609375
-0.3923828125
-0.52158203125
-0.571826171875
-0.605322265625
-0.648388671875
-0.686669921875
-0.715380859375
-0.744091796875
-0.6412109375
-0.610107421875
-0.6029296875
-0.516796875
-0.485693359375
-0.370849609375
-0.361279296875
-0.287109375
-0.279931640625
-0.28232421875
-0.2775390625
-0.26796875
-0.15791015625
-0.145947265625
-0.13876953125
-0.17705078125
-0.122021484375
-0.01435546875
-0.193798828125
-0.217724609375
-0.203369140625
-0.294287109375
-0.275146484375
-0.33017578125
-0.3828125
-0.38759765625
-0.519189453125
-0.5837890625
-0.552685546875
-0.648388671875
-0.629248046875
-0.76083984375
-0.79912109375
-0.80390625
-0.80390625
-1.02641601563
-0.84697265625
-0.777587890625
-0.98095703125
-0.973779296875
-0.768017578125
-0.976171875
-0.95224609375
-1.00966796875
-0.98095703125
-1.00249023438
-0.921142578125
-0.784765625
-0.9474609375
-1.0623046875
-0.9283203125
-0.92353515625
-0.916357421875
-0.978564453125
-1.00249023438
-0.9666015625
-0.992919921875
-1.01206054688
-1.0431640625
-1.03598632813
-1.091015625
-1.12451171875
-1.17475585938
-1.17475585938
-1.18911132813
-1.17236328125
-1.14604492188
-1.129296875
-1.10297851563
-1.11733398438
-1.225
-1.07426757813
-1.14365234375
-1.10776367188
-1.1005859375
-1.06948242188
-1.1388671875
-1.21782226563
-1.071875
-1.06469726562
-1.11733398438
-1.1484375
-1.04794921875
-1.02641601563
-1.00249023438
-1.02163085938
-0.92353515625
-1.071875
-0.96181640625
-1.11733398438
-1.091015625
-1.071875
-1.071875
-0.92353515625
-1.08862304688
-1.12690429688
-1.02880859375
-0.94267578125
-0.897216796875
-1.0048828125
-0.992919921875
-1.0048828125
-0.978564453125
-0.95703125
-0.992919921875
-0.88525390625
-0.916357421875
-0.7751953125
-0.823046875
-0.746484375
-0.701025390625
-0.763232421875
-0.6412109375
-0.7560546875
-0.57421875
-0.538330078125
-0.552685546875
-0.57421875
-0.590966796875
-0.423486328125
-0.59814453125
-0.459375
-0.471337890625
-0.42109375
-0.327783203125
-0.442626953125
-0.4115234375
-0.394775390625
