-2.5547196457563678e-08
-1.168371273518017e-07
-2.1557891039239126e-07
-1.276556129686278e-07
3.758368997221074e-07
1.4909314669768342e-06
3.4017070601933964e-06
6.3360379705217734e-06
1.058680991948549e-05
1.6466007994150173e-05
2.4270571655444508e-05
3.4316602206255316e-05
4.693274684672945e-05
6.241129048762039e-05
8.103730462356143e-05
0.00010314106391631726
0.00012909565305414388
0.00015927194913493316
0.00019398204319536698
0.0002334857360554126
0.0002780279257099324
0.00032782941325468684
0.00038306895542451004
0.0004438495374824008
0.0005101886040330094
0.0005820660304610153
0.0006594454099802682
0.0007422748555633108
0.0008304773723539599
0.0009239287647460548
0.0010224709367711194
0.0011259586824305023
0.0012342778206893023
0.0013473161086162175
0.0014649684296381053
0.0015871376672222384
0.0017136839704651756
0.0018444260690614368
0.00197916514196423
0.0021176472279568
0.0022595499109742834
0.0024045406992756245
0.002552311249655048
0.0027025819289669428
0.0028551119903779403
0.003009684005772768
0.0031660759353585115
0.0033240674520298593
0.0034834657419726325
0.0036440760039613733
0.0038056588583296313
0.0039679845472814085
0.004130924318396077
0.004294430206346533
0.004458444489166063
0.004622880533727132
0.004787647161441862
0.004952650981153554
0.00511780289545941
0.005283049784025617
0.005448377065435801
0.005613755893527047
0.005779123834326931
0.005944419484463889
0.006109585439135938
0.006274540696186695
0.006439069497172258
0.006602729382088007
0.006765105516272638
0.006926050838559382
0.00708553623800264
0.007243500531209667
0.007399856033856441
0.007554504450195151
0.007707336345783051
0.00785823261635178
0.008007060722393213
0.00815366405165706
0.008297897122350042
0.008439641524821738
0.008578764265746294
0.008715123770682811
0.008848600827307875
0.008979089510080845
0.009106489512283825
0.00923070234080827
0.00935162038885992
0.009469116958492492
0.009583027295760185
0.009693165703289458
0.009799359947340871
0.009901450791881365
0.009999297739982673
0.010092770527067627
0.01018172539339119
0.010266025455537958
0.01034555499171343
0.01042018856304834
0.010489804614806433
0.010554330322975921
0.01061367472506932
0.010667632098958312
0.010715932760459734
0.010758348482779331
0.01079467986183626
0.010824687113514076
0.010848118654500997
0.010864790494141985
0.010874574592882177
0.01087732070802864
0.010872864033466984
0.010861093715048809
0.01084194467577082
0.010815343947909563
0.01078118430003609
0.010739342760155346
0.010689719630433879
0.01063223956474363
0.010566831539233757
0.010493439207968691
0.010412024613857323
0.01032252643741142
0.010224850281191342
0.010118908003670646
0.010004611920035903
0.0098818485246922
0.009750493386167574
0.009610428246215514
0.009461554326204241
0.009303821255682632
0.00913720907049992
0.008961671104819637
0.008777136985628502
0.008583546827459586
0.00838085874354437
0.008169045548248627
0.007948081597284055
0.007717933345838847
0.007478566950542287
0.0072299768121955816
0.006972204155388337
0.006705292749100627
0.0064292638079513605
0.0061441441966702355
0.005849941276280814
0.005546621943866652
0.005234159783333639
0.004912554547218521
0.004581824978828113
0.004242018631171736
0.003893214800608339
0.00353551871898813
0.0031690283181592164
0.002793790206856285
0.0024098378327878545
0.002017248032792301
0.0016161027636157309
0.0012064217826032709
0.00078814620256031
0.00036119603276894423
-7.446963022664543e-05
-0.0005188734086039228
-0.0009720534576006503
-0.0014340423268804055
-0.0019048281113133133
-0.002384368917585566
-0.0028726407981932134
-0.003369623275533243
-0.0038752754625019535
-0.004389572904153815
-0.004912499330993196
-0.005444023186909821
-0.0059841341255681794
-0.006532815821699016
-0.007089992503799469
-0.007655564050687436
-0.008229432996122296
-0.008811497544591273
-0.009401675474205298
-0.009999925853668453
-0.010606242070971196
-0.011220631344532436
-0.011843096598745745
-0.012473623887368194
-0.013112184936588918
-0.013758758245477285
-0.014413335405449371
-0.015075909689235443
-0.01574648494315069
-0.01642507935083954
-0.017111704321103562
-0.017806382215948935
-0.01850914935985502
-0.0192200091361313
-0.01993893730731468
-0.0206659259339294
-0.021400981328645288
-0.022144104435927254
-0.022895300846660915
-0.02365456755806772
-0.02442184922651644
-0.025197054773913197
-0.025980138426448328
-0.026771121192921875
-0.02757004049732216
-0.028376934233195747
-0.029191854631350628
-0.030014861279470277
-0.030845999884931977
-0.031685307231815396
-0.03253282224766057
-0.033388565859287594
-0.034252538590085715
-0.03512474648128813
-0.036005227024304996
-0.0368940366545187
-0.037791215408349614
-0.03869677332576717
-0.03961066669466289
-0.04053281319309815
-0.04146315611382229
-0.04240166512928141
-0.04334829561655294
-0.0443030206733558
-0.045265880391368314
-0.0462369379301213
-0.04721623913536583
-0.04820383393012664
-0.049199767789868315
-0.05020406370437936
-0.051216727299267274
-0.0522377399593741
-0.053267071927353124
-0.054304708305280475
-0.05535062992255392
-0.05640480225077506
-0.057467216366835897
-0.058537915008841264
-0.059616960593181105
-0.06070438571905051
-0.06180019916923836
-0.06290443173603343
-0.06401713827816088
-0.06513837542799732
-0.06626819806899867
-0.06740665711932235
-0.06855379140474516
-0.06970961249252963
-0.07087411486439972
-0.07204729160727369
-0.07322910194126388
-0.07441946217886383
-0.0756182782817407
-0.07682544259108057
-0.0780408286372208
-0.07926431878970648
-0.08049581501953255
-0.08173523383110626
-0.08298249508558735
-0.08423750780800456
-0.08550017908023
-0.08677042475256093
-0.08804816928847901
-0.08933334015417607
-0.09062584668642258
-0.09192557250394115
-0.09323239857291216
-0.09454622832265012
-0.09586697384361886
-0.09719451902680734
-0.09852875854985757
-0.09986966217665326
-0.1012172294535173
-0.10257140804148704
-0.10393208575976172
-0.1052991269378469
-0.10667240511675662
-0.10805181827196057
-0.10943728167310464
-0.1108287054961721
-0.11222597657512905
-0.11362897373467366
-0.11503758680667883
-0.11645170924643955
-0.11787123311852916
-0.1192960446726809
-0.12072602769235878
-0.12216106132464684
-0.12360100282168228
-0.12504570607675974
-0.1264950512244477
-0.12794894689611996
-0.12940733515678332
-0.13087019138327668
-0.13233749214291288
-0.13380918292764277
-0.13528519238196424
-0.13676545941381435
-0.13824992507312142
-0.13973855161706497
-0.14123136031402617
-0.14272838767312637
-0.14422963058289945
-0.14573506143398035
-0.14724465040466175
-0.14875836153549615
-0.1502761389570633
-0.15179789263435692
-0.15332350372986123
-0.15485285665898962
-0.1563858710425362
-0.15792250502885535
-0.1594627332481106
-0.16100653385639926
-0.1625538787975746
-0.1641047222637756
-0.16565901665800248
-0.16721672776291321
-0.16877783226187898
-0.17034231009578282
-0.1719101324974262
-0.1734812681091579
-0.17505567881747583
-0.17663330425720028
-0.17821409150257547
-0.1797980113050712
-0.1813850149924556
-0.18297500780210088
-0.18456787951951603
-0.18616353504363015
-0.18776187105208061
-0.18936275682422712
-0.19096606180898132
-0.19257167771731787
-0.19417950497802447
-0.19578943324414091
-0.1974013639346003
-0.19901522739234348
-0.20063093944547694
-0.2022483637428067
-0.20386731126252025
-0.20548755546540248
-0.2071088099672141
-0.20873066298527845
-0.21035259835418665
-0.21197408388030164
-0.21359461141983255
-0.215213700240227
-0.21683089485769916
-0.21844578672206139
-0.22005802631158397
-0.2216672774487323
-0.2232731801558683
-0.2248753563743031
-0.22647342078869726
-0.22806699789973703
-0.2296557521702741
-0.23123938957429968
-0.2328176055352467
-0.23439004648813183
-0.23595635947526936
-0.23751624255228326
-0.23906935162633325
-0.24061522441956792
-0.24215341620386457
-0.24368359529755376
-0.2452054690903737
-0.2467187536084253
-0.2482231982129901
-0.24971857833255873
-0.25120467294826
-0.25268126829449405
-0.25414817513107346
-0.255605205755695
-0.25705215442191726
-0.25848880664970253
-0.25991494960396877
-0.26133037880679544
-0.26273486801440055
-0.26412815057398237
-0.26550995471070554
-0.2668800250112503
-0.26823810431463346
-0.2695839129653314
-0.2709171458201646
-0.27223747824491806
-0.27354459779790613
-0.27483825888297286
-0.27611829792561055
-0.27738459120428965
-0.2786370092457861
-0.27987542490381556
-0.28109974410536653
-0.282309888643249
-0.28350578722423114
-0.28468741504923145
-0.2858547909770708
-0.28700790404466037
-0.28814667187234677
-0.2892710042796293
-0.29038087141913443
-0.29147626397440585
-0.29255711763676573
-0.29362332085237575
-0.29467492829878184
-0.29571233934208285
-0.2967359919206997
-0.29774604006338024
-0.29874249509591333
-0.29972541533051716
-0.3006949195752443
-0.3016511401088636
-0.3025942023265986
-0.3035242322984919
-0.3044413522809192
-0.3053457040919608
-0.3062374752711347
-0.30711686918351144
-0.30798405236421367
-0.3088391489862564
-0.309682274875959
-0.3105135274891226
-0.3113329569791387
-0.31214059882924305
-0.3129365128228397
-0.31372077266773074
-0.31449344936278045
-0.31525462389522296
-0.31600438853765456
-0.3167428319967325
-0.31747005187512783
-0.31818613490312975
-0.31889110901765405
-0.3195849682753841
-0.3202677275664457
-0.32093942843275014
-0.32160013237142415
-0.3222499078109251
-0.3228888143527057
-0.3235169260014767
-0.3241343509827267
-0.3247412231565831
-0.32533768986692513
-0.3259239032393049
-0.32649999576641214
-0.3270660531283665
-0.32762213068608714
-0.3281682788491055
-0.32870454688787276
-0.32923095145463194
-0.32974747918200514
-0.3302541760492003
-0.3307511537148394
-0.3312385111413255
-0.33171633010993407
-0.3321847194366823
-0.33264380775938424
-0.33309368957794155
-0.3335344308434681
-0.3339661188455603
-0.33438884394779017
-0.3348026811675758
-0.335207724933255
-0.3356040562202718
-0.33599170063011585
-0.33637066043091374
-0.33674091872040424
-0.3371024383059064
-0.3374551943410162
-0.3377991674098555
-0.3381343419481746
-0.3384607371853389
-0.33877836433325437
-0.3390871808556398
-0.33938714183674634
-0.33967823972598515
-0.3399604862867084
-0.3402338700755582
-0.34049833332221857
-0.34075382985916114
-0.3410003747747657
-0.3412380174790305
-0.3414668140260074
-0.3416868155778038
-0.3418980667580244
-0.3421006246236462
-0.34229455594973046
-0.3424799055434451
-0.342656688220468
-0.34282488961755536
-0.34298446897931995
-0.3431354013345736
-0.3432777012721533
-0.3434113907068699
-0.3435364873365755
-0.34365300422886397
-0.3437609414792982
-0.34386032217720536
-0.34395120413287567
-0.3440336576474131
-0.3441077526245577
-0.34417353649800203
-0.3442310234881447
-0.3442801964668241
-0.344321023426581
-0.34435345975529064
-0.34437745245481877
-0.3443929708217389
-0.34439999587416775
-0.34439848045829924
-0.3443883393725197
-0.34436947391096956
-0.3443417322072782
-0.3443047676434163
-0.3442579971651358
-0.3442008285393329
-0.3441330202830495
-0.3440544762442187
-0.3439644918757058
-0.34386181434319
-0.3437455059725932
-0.3436153472961462
-0.3434714089833941
-0.34331352258091613
-0.343141568022041
-0.34295569003125065
-0.342755624970246
-0.34254049471864195
-0.34230927543610606
-0.34206084611421295
-0.3417940240861547
-0.3415081078527392
-0.34120288361443185
-0.3408780397939283
-0.3405332775705358
-0.3401683851202623
-0.33978279703027586
-0.33937561565176516
-0.3389459322307029
-0.3384931301393218
-0.33801689790295086
-0.33751673619500366
-0.3369915301262996
-0.3364397368100339
-0.335860037535317
-0.33525181154356504
-0.3346149368569198
-0.3339490190583158
-0.33325304451605925
-0.33252606580165595
-0.3317677096053314
-0.3309777685132837
-0.33015584353615834
-0.329301663526438
-0.32841543457360356
-0.3274974672215171
-0.3265476288214614
-0.3255653089482636
-0.32454973874279114
-0.32350024429628227
-0.3224160322131585
-0.32129578647956486
-0.32013813064378
-0.3189426176211415
-0.31770957603272276
-0.3164393096835966
-0.31513187700810685
-0.3137872328334215
-0.31240558280508907
-0.3109872760132222
-0.3095322977879328
-0.3080406101265814
-0.30651256389810394
-0.30494869684576903
-0.3033495497143904
-0.3017155178060386
-0.3000469248403386
-0.29834416043199774
-0.2966077058556572
-0.29483821611224903
-0.293036223176674
-0.2912016399342851
-0.28933419715674374
-0.28743435774711995
-0.2855030229872993
-0.28354081658743835
-0.2815480622537354
-0.2795249194752214
-0.27747167132702744
-0.2753888967517656
-0.273277235280874
-0.2711370504769504
-0.26896850995213684
-0.26677197743780506
-0.2645477414562736
-0.26229583786713556
-0.26001655438443333
-0.2577106463455401
-0.255379139613099
-0.2530225996257932
-0.2506407909377005
-0.24823370618643725
-0.24580199367842054
-0.24334616598663233
-0.24086635388809066
-0.23836276416247495
-0.23583579646713967
-0.23328571997270978
-0.23071280549180637
-0.22811754046268404
-0.22550034877857675
-0.2228616655832559
-0.2202021282342986
-0.21752242063753155
-0.21482328368391077
-0.21210548604395896
-0.20936951671516374
-0.20661500854077672
-0.2038405925604565
-0.2010451668022725
-0.19822881120718286
-0.19539207206763004
-0.1925355114970402
-0.18965994714618298
-0.18676638132744866
-0.18385581783112726
-0.18092903478727268
-0.1779864262959797
-0.17502856389169782
-0.17205649499605663
-0.16907104011666596
-0.16607270542789
-0.16306222108485752
-0.16004037173426178
-0.157007701947784
-0.15396440453987106
-0.15091012645398177
-0.14784470898210697
-0.1447688263251327
-0.1416831119908252
-0.1385878950495413
-0.13548392505911502
-0.1323722981124615
-0.12925360489084084
-0.1261276589844422
-0.12299442419601699
-0.11985443786566301
-0.11670822836083813
-0.11355607084573238
-0.11039811399724309
-0.10723458746725308
-0.10406579884668994
-0.10089201335365781
-0.09771360712133277
-0.09453066821497566
-0.0913424848546402
-0.08814845711225448
-0.08494895708905337
-0.08174456834711845
-0.07853546724144696
-0.07532188612971659
-0.07210436032049579
-0.068883531837668
-0.06566003396756157
-0.06243437548263913
-0.059207131878667364
-0.055979259028472166
-0.05275170642434021
-0.049525065422185655
-0.04629978020204879
-0.043076053705109245
-0.039853918077690044
-0.036633572695455946
-0.03341514413459916
-0.030198960093522558
-0.026986083309151948
-0.023777658962257503
-0.020574367512973306
-0.01737675123062095
-0.014185405921921376
-0.011000815872964321
-0.00782294782996145
-0.0046512757934679795
-0.0014857467143418262
0.001672880345936803
0.0048237603758120645
0.00796634242071875
0.011100150392996187
0.014224485615703705
0.01733847749137772
0.020441510758786877
0.023533401160691362
0.0266141699140454
0.02968388585138721
0.03274232423021253
0.03578884378366208
0.03882290134819147
0.04184422301501107
0.0448525461692692
0.047847445962355545
0.05082850510388508
0.05379568684398121
0.056749090767704666
0.05968836364980749
0.06261278140101982
0.06552186008824253
0.06841553285846418
0.07129377136870933
0.07415635863238026
0.07700300346276427
0.07983353241075891
0.08264805180671077
0.08544707547531309
0.08823133648247448
0.0910012910794057
0.09375685270544248
0.09649758470199163
0.09922297605257462
0.10193249595240365
0.10462560197321091
0.10730190483371901
0.10996143622405558
0.11260462631943363
0.11523190587638456
0.11784337826244212
0.1204387466905963
0.12301754572889917
0.12557957835132283
0.12812487873025694
0.13065336341209283
0.13316494614835078
0.13565986388980744
0.13813872181798068
0.14060189531823825
0.14304903369127417
0.14547962639936274
0.14789362995244323
0.1502913071652703
0.15267273576039186
0.1550378259619894
0.15738678672684075
0.1597199356076621
0.1620369399399627
0.1643368861025388
0.16661919858189556
0.16888365312082415
0.17112988630500173
0.17335768694852455
0.17556699578401008
0.17775753854199422
0.17992919562714457
0.18208260148602756
0.18421867033299846
0.18633752747089888
0.18843844613299648
0.19052056174358847
0.1925833077208959
0.1946263671187708
0.19664939247472543
0.1986522944214169
0.2006356183713245
0.2025998805103426
0.20454518382060913
0.20647144381321358
0.20837838784295948
0.2102658444174617
0.21213398095256134
0.21398315084415254
0.21581374881938598
0.2176262656699368
0.21942165074459696
0.2212010554511246
0.2229646211351111
0.2247115812677018
0.22644166454418035
0.22815515117843116
0.2298520338972696
0.2315319707411799
0.23319481026895592
0.2348405456275989
0.2364689854589581
0.23807994490441325
0.23967330456184818
0.24124900160997387
0.2428070491160129
0.24434742524928407
0.24587015679370777
0.2473753180019211
0.24886320531639705
0.25033462610740415
0.25179028504874595
0.25323007481979626
0.25465374163731175
0.2560615073817606
0.2574535306471266
0.2588297365184297
0.26019029990625475
0.26153567757259444
0.2628663386471623
0.2641830111171652
0.26548670564902144
0.266778003254739
0.26805691142816535
0.26932338283085566
0.2705774475430029
0.27181909356002926
0.27304855456275146
0.27426645039690867
0.275473345708727
0.27666955370097834
0.27785527372671176
0.27903068392020297
0.2801960010978965
0.2813514117978594
0.2824970167656227
0.2836327814522438
0.28475834112219484
0.2858731338353241
0.28697672915752
0.28806878312860945
0.2891491141032679
0.290217722332539
0.29127459336077194
0.2923199661860289
0.29335426946351106
0.294377530312476
0.2953897501446329
0.2963915892226813
0.297383773609566
0.2983664762230397
0.2993396096494389
0.30030310460638826
0.3012569503014806
0.302201265775048
0.3031364614113009
0.30406329568933965
0.30498280158853586
0.3058960337525075
0.30680387220813016
0.30770720529863194
0.30860675798662357
0.30950281053720435
0.3103955627000637
0.31128522868831804
0.3121718203422909
0.31305554850265427
0.3139373450856265
0.31481863094090995
0.3157004227381821
0.3165830670052625
0.31746677964612513
0.318351878017992
0.319238770546964
0.32012775156883977
0.3210189205637582
0.3219124876292413
0.32280864562401607
0.323707375005452
0.3246086891312431
0.32551271722702707
0.32641975527647527
0.32733035115199066
0.3282449751394029
0.3291638280846629
0.3300871879250787
0.33101587995227133
0.33195110919038534
0.3328935165231363
0.33384316480253456
0.3348003405964445
0.3357653220140435
0.3367378921715818
0.33771788570242983
0.33870537210503127
0.33969974478540343
0.34069996618773707
0.34170565396197156
0.34271694502419553
0.34373353364052334
0.34475435556545947
0.34577863791855684
0.3468062803089115
0.3478371316836384
0.34887140079698287
0.3499098721839942
0.3509526523841842
0.35199915926459824
0.3530491682758554
0.3541025734064034
0.3551590647767837
0.3562183790411689
0.3572800698777182
0.3583434373204173
0.359407955509814
0.3604732767261858
0.3615392588793542
0.36260608149233603
0.3636736240505919
0.36474141705838675
0.36580946366754463
0.3668780924495813
0.36794794357198213
0.3690202848106155
0.3700956788404421
0.3711735151203939
0.37225327478961334
0.37333479419017906
0.37441778997905584
0.3755018544666389
0.3765874015194332
0.37767566974750144
0.37876682209641105
0.3798601717679627
0.3809558163607509
0.3820540693507204
0.38315483022057195
0.3842580193153004
0.3853634467522479
0.3864705692081841
0.3875789460453521
0.38868882059129783
0.38980107284685234
0.39091611139186366
0.39203328088680806
0.3931517724841477
0.3942710435278515
0.3953904180600346
0.3965091571411823
0.39762682972271673
0.39874329482076937
0.39985857682260584
0.4009726865413339
0.4020852377644395
0.4031957878422587
0.4043043080959261
0.4054108717599045
0.40651559774891716
0.4076187157618573
0.40872021395429103
0.40981989628284854
0.4109180447511377
0.41201517182903874
0.4131108413850836
0.41420403471312084
0.4152941862078928
0.4163810043607224
0.417464400222914
0.4185446820666163
0.4196227178172012
0.4206998475626689
0.4217768451735942
0.4228537141935443
0.4239306154732089
0.42500782104732343
0.42608539725912364
0.4271633636086806
0.4282413969787439
0.42931880559707275
0.4303951104822106
0.4314701834287884
0.4325446038464497
0.43361990190939737
0.4346973328701989
0.4357771482954646
0.43685898879241036
0.4379420008919629
0.43902526981253714
0.4401084591972095
0.4411915875612409
0.44227427161647365
0.4433557239206626
0.44443491607901187
0.44551056159920505
0.44658201806794606
0.44764958924757287
0.44871372085152306
0.4497745989843645
0.4508321641366643
0.4518868278816527
0.45294006945255466
0.45399315331762174
0.45504579831358644
0.45609684870944245
0.4571452630232106
0.45819020037264896
0.4592310883128962
0.4602678423958686
0.46130047188391565
0.4623285489515578
0.4633514602445979
0.46436905459308186
0.46538178719896195
0.46638990808925973
0.46739309187644296
0.4683911127915206
0.4693838808165267
0.4703711834497958
0.47135322799851415
0.4723306480933569
0.47330342635851474
0.47427074312244116
0.47523187205779843
0.4761864556217547
0.477134368765644
0.47807551470805815
0.4790097549809252
0.4799370905565277
0.4808573117577992
0.4817697430420808
0.4826738795918823
0.4835698825167754
0.4844581807086844
0.48533882510849213
0.4862114697176959
0.48707575583701224
0.487931289306564
0.4887776174335229
0.48961480585224465
0.4904435208610723
0.49126393097611015
0.4920751807046518
0.4928763555667117
0.4936669613212159
0.4944463348296445
0.49521360765064804
0.4959684345348444
0.4967114527528355
0.4974436723404515
0.49816550710534624
0.49887712153039265
0.49957891361277507
0.5002710389348306
0.5009534999979954
0.5016265866156159
0.5022908104813305
0.5029467322822878
0.5035949882241743
0.504236322247927
0.5048714854247882
0.5055009360749203
0.506124522469865
0.5067418534044706
0.5073528260880155
0.5079575042073547
0.5085558404899875
0.509147777257889
0.5097335884240124
0.5103137752851932
0.5108883664657915
0.5114567823894973
0.5120188153043783
0.5125749477982583
0.513125557042167
0.5136707071109328
0.5142104566766986
0.5147450498398494
0.5152749634742758
0.5158010590604807
0.5163247343435927
0.5168471905618515
0.5173689195054892
0.5178901787603851
0.5184112515085108
0.5189324137563736
0.5194537947789986
0.5199755986003505
0.5204983275255161
0.5210220554557025
0.5215465693147506
0.5220722718209253
0.522599738094413
0.5231291103642891
0.5236605633946027
0.5241947763435573
0.5247324623817258
0.5252739601658202
0.5258198489414937
0.526371112358533
0.5269281091023982
0.5274903446504929
0.528057583583838
0.5286302949623181
0.529209059434471
0.5297941835908393
0.5303859488368788
0.5309848161858993
0.5315911519685108
0.5322048602119204
0.5328253148897398
0.5334522090130257
0.5340861886414926
0.5347281020361446
0.5353783292686545
0.5360368680279268
0.5367037482688646
0.5373791952981677
0.5380634918950614
0.53875690301984
0.5394593228963297
0.5401702586308648
0.5408893229171743
0.5416163901217677
0.5423514076221224
0.5430941211157915
0.5438441630032372
0.5446017163086987
0.5453676514423873
0.5461424573369893
0.5469259367028166
0.5477180780486405
0.548519142986453
0.5493294393387116
0.5501493913986518
0.5509793226300101
