-0.000808115463779298
-0.00490255301946955
-0.0114363408421764
-0.00743625183939979
0.0272612036574001
0.0987722918336160
0.187414730653399
0.262279639667686
0.306524569684261
0.326838690089311
0.340679311645715
0.359870371262558
0.386285798036794
0.414467053707496
0.435250277118343
0.443613737471288
0.445669869504643
0.454152338034832
0.474632146548751
0.497412757137909
0.505356403285616
0.488786691114142
0.451097015358016
0.401841241803237
0.346698637721336
0.285461737104258
0.218945092605907
0.154020361858378
0.100230112979542
0.0620871326455052
0.0351594440300124
0.0112505343607218
-0.0121108820592367
-0.0294905372874292
-0.0344981303395345
-0.0261478968264574
-0.0107840073120708
-0.000906250700219172
-0.00870288594646210
-0.0389652368881312
-0.0894601021836967
-0.153792455978083
-0.220312592868623
-0.272756420433371
-0.296678966298220
-0.286892710589280
-0.251172102283982
-0.207279178169568
-0.172806664016283
-0.155809893421389
-0.155702049532738
-0.168814124640168
-0.186298517853451
-0.190485889882567
-0.165155618847873
-0.112463666619841
-0.0542496699390247
-0.0155848439137389
-0.00820760850308210
-0.0251668983014115
-0.0464157971181357
-0.0525726020212371
-0.0389838374407669
-0.0170941628708375
-0.00225644413670638
-0.00269470244288198
-0.0218030873757451
-0.0701958944982878
-0.161756429589394
-0.281377802395051
-0.371375234139133
-0.374375787719423
-0.285585212366392
-0.155461789596658
-0.0499175025392552
-0.00973102104713349
-0.0355065533801181
-0.0990776718770318
-0.165452832027230
-0.208739925327903
-0.219408979564612
-0.205152885268718
-0.182749524600274
-0.165598546817332
-0.157779790389187
-0.156481572099772
-0.157482930515410
-0.159426153056013
-0.165244929192441
-0.180076475806988
-0.205640911931015
-0.236024883371416
-0.260230533187656
-0.269150674453901
-0.261710098282605
-0.245493850802261
-0.230241480679771
-0.221462228853202
-0.219892217519509
-0.221899345041324
-0.221185049472255
-0.218331460366153
-0.227156703333760
-0.261527875623942
-0.316624852086027
-0.371693543051904
-0.409287713156253
-0.423883752329521
-0.415654393190731
-0.387931266227182
-0.351444932563599
-0.320267248408610
-0.300094449548258
-0.286230188745512
-0.273856404608733
-0.265448490635680
-0.266290606062548
-0.275713887161647
-0.286072059263589
-0.289193444604604
-0.281486389801846
-0.265647474724225
-0.250724133206023
-0.247213024782232
-0.258938279696121
-0.281457509639027
-0.307602032601913
-0.331575446785077
-0.348960742929849
-0.355242542556580
-0.345942765151179
-0.321464969500932
-0.291782881236517
-0.271474832434283
-0.268355905409920
-0.278229907864301
-0.289995162250298
-0.294931667598806
-0.291880133932336
-0.284575181716764
-0.274831201623027
-0.260515696709098
-0.241287049364743
-0.222413451806997
-0.211288123005937
-0.213659678000817
-0.231271651842229
-0.258428224676782
-0.282669116421048
-0.291526029133293
-0.278911691032417
-0.246974480116025
-0.204902406456816
-0.167284349261132
-0.149483793520851
-0.157161335941948
-0.180330069769283
-0.203532691027754
-0.222209179766224
-0.245013504420740
-0.279341015304528
-0.319049314453283
-0.349619055008845
-0.361603837861278
-0.354992093784515
-0.334249940547228
-0.305647931747529
-0.278072586675987
-0.259688243433087
-0.253316868603012
-0.257143526162447
-0.266881560160502
-0.277537202502659
-0.286052118778434
-0.289834914252549
-0.283846744688976
-0.264558316043023
-0.235529325574988
-0.206712587692867
-0.190103628573529
-0.194997554022954
-0.223163637923823
-0.266432939193974
-0.309503164812800
-0.337157399018037
-0.342243106515809
-0.329533106042600
-0.311878599361739
-0.301720436239309
-0.305200146454377
-0.320860024206765
-0.341864153590998
-0.361207718511438
-0.374575095010510
-0.378584140748501
-0.371574037393659
-0.357552947702264
-0.344998940873825
-0.340706692197144
-0.345710664679430
-0.354106706122006
-0.354835874933809
-0.340647546486625
-0.318698820396608
-0.307644533300562
-0.321470433892468
-0.358478455324236
-0.404790822231262
-0.444207410238425
-0.465749153469196
-0.467452240768114
-0.455378532770963
-0.437942254040842
-0.421395827858188
-0.410514881908918
-0.410159735736386
-0.422327841705943
-0.441647549426978
-0.455619929264099
-0.450743552315567
-0.422520744502267
-0.381918035967117
-0.348439671016597
-0.335989514954841
-0.348106952604795
-0.381887480486146
-0.428872177177067
-0.475349816291415
-0.508313877072483
-0.521305123010134
-0.515112785089916
-0.495300722957931
-0.469098557780070
-0.443970604556456
-0.426694011470576
-0.420236145937234
-0.422786674446917
-0.432606050888456
-0.451309705238890
-0.478914530814296
-0.507918112952751
-0.527419915769962
-0.533455398216811
-0.531960972674133
-0.531969389450046
-0.538213048308556
-0.548965945360643
-0.557960600616588
-0.558264040274438
-0.547012919456103
-0.526853419640135
-0.501731164482895
-0.473653282653355
-0.444289301130702
-0.416222262113835
-0.392409569786788
-0.376435901068880
-0.372000789843237
-0.380232522112159
-0.397219125404649
-0.414996224198848
-0.426425036501632
-0.429727278696039
-0.428427236699963
-0.426957670813157
-0.425915782557623
-0.422077669998216
-0.413716746883477
-0.404387996413449
-0.399152760946020
-0.399084671336001
-0.404217471896622
-0.418776022651372
-0.445240000354030
-0.474208817907655
-0.487494518127991
-0.473426799030801
-0.437868723386350
-0.400582960823921
-0.380911745905106
-0.384637106204007
-0.402130409677442
-0.418278296173796
-0.423978624844343
-0.419587018191134
-0.410813268051849
-0.403155264496789
-0.398964807626238
-0.396902383061444
-0.393318976256692
-0.386503604713616
-0.380311362113870
-0.382525715742022
-0.399712507923727
-0.432235191501570
-0.471370496941144
-0.502131955335724
-0.512860647720287
-0.503433801264265
-0.484637104272519
-0.472384201721723
-0.480293715230499
-0.510042579599266
-0.547600672413633
-0.573077882932099
-0.575125972857376
-0.556033252821932
-0.525766271533858
-0.493284443200560
-0.463427550248224
-0.440222852399837
-0.430027128489374
-0.438780144278297
-0.465972400084942
-0.502477470544484
-0.534495526548892
-0.550723960474230
-0.548792014199465
-0.536307708760192
-0.525077833646713
-0.523027486415923
-0.530131081236838
-0.540517282095547
-0.546915256511128
-0.544710440312579
-0.535577742686532
-0.526176838736764
-0.520301790696663
-0.514378443443812
-0.503102049371600
-0.486494247096792
-0.468606391984215
-0.452600263890347
-0.440472607685481
-0.434822836612197
-0.437071683637518
-0.445212966242642
-0.456142348105468
-0.468065331878514
-0.477451250375112
-0.476074633781500
-0.454952442795207
-0.410680816442522
-0.344626371853424
-0.257417168946276
-0.151421084310480
-0.0397714511232759
0.0535563808231306
0.106286977379482
0.110293683591558
0.0731711160389132
0.0123541614163111
-0.0501293005476706
-0.0930296538578821
-0.103779926257580
-0.0842967214992576
-0.0501721440206427
-0.0233294917606479
-0.0197131072952573
-0.0378867289611267
-0.0603461514750083
-0.0701518335988584
-0.0634106775714234
-0.0417372017322781
-0.00374957118835502
0.0445858854317103
0.0820119776000709
0.0866820892695714
0.0541684715249026
-0.00173272433913309
-0.0597644607634849
-0.102142810312209
-0.121857345831033
-0.123582032589365
-0.116863473056406
-0.108213545200644
-0.0993417147725221
-0.0902574761613574
-0.0810726501730895
-0.0700078913971190
-0.0531263696887984
-0.0293162147773779
-0.00342426214109558
0.0181508101082154
0.0339589311806417
0.0485334911360045
0.0670553708315363
0.0876036748193949
0.0978218613550791
0.0822797779237576
0.0367240819837912
-0.0252276507603308
-0.0815555054182195
-0.117407989620678
-0.131509174208757
-0.133187548359170
-0.136805186995029
-0.152654456316464
-0.176520197879371
-0.191336237918949
-0.184865489453047
-0.163345155038455
-0.142849245912443
-0.130664853789085
-0.126230904428156
-0.145413171808448
-0.222492479288098
-0.361813560820774
-0.503485690631554
-0.566698397289929
-0.521979595936496
-0.410423676407224
-0.303341749619403
-0.251717976804001
-0.263650719386616
-0.313851777364493
-0.369478993815197
-0.410874986868664
-0.433760912828449
-0.439430815607954
-0.429103070757524
-0.405773086573153
-0.374437980848853
-0.339453278397570
-0.305558861351127
-0.280042675804785
-0.269471283118885
-0.274644588532069
-0.290513533548746
-0.309600864377603
-0.325394695375658
-0.334425742736503
-0.334410400659622
-0.321519863183634
-0.294398466184668
-0.260657077533651
-0.234944329675124
-0.229219677607593
-0.244432343518920
-0.270860939726747
-0.296993400738480
-0.317985503226901
-0.336011166674865
-0.354794110716475
-0.374332722605142
-0.388660066856254
-0.388485544905232
-0.368639219279436
-0.333827168882126
-0.295488742713004
-0.262683127393955
-0.239581635744424
-0.231572246542743
-0.244732412859218
-0.276323463397401
-0.313493335349748
-0.343627929208773
-0.360910583537028
-0.363725659657701
-0.353358299783029
-0.336092094811807
-0.320500913978753
-0.312298986269731
-0.312622040400444
-0.316625916200303
-0.314238030468371
-0.297055609797374
-0.264566017711639
-0.224553557316131
-0.189275484781080
-0.168920763404356
-0.167305560236248
-0.181745743281459
-0.202402831869215
-0.214812792908941
-0.210560917136403
-0.195023864029902
-0.180947389232505
-0.174797188754632
-0.172381723553413
-0.168795053157462
-0.167847826146690
-0.177967273217701
-0.201707953082325
-0.231817551160906
-0.256856060962872
-0.269875991312656
-0.271090400475243
-0.263416898780155
-0.248158836509248
-0.224999604592219
-0.195492203738725
-0.167017645353044
-0.150812024627224
-0.153406179912308
-0.170941326874762
-0.191823460781825
-0.204994415623055
-0.208161645123374
-0.208395421407639
-0.214230457041085
-0.227386355798708
-0.240652977164136
-0.242666325902947
-0.225962120554627
-0.192290159833275
-0.151297387028464
-0.115409415629214
-0.0949330838970176
-0.0927195176322271
-0.100667641233100