0.000219681873648741
0.00306208014726474
0.0191046028123269
0.0717171781772199
0.182501923630872
0.332527884978564
0.448374136464871
0.474460303307827
0.464622490208727
0.536517919875546
0.711722603976942
0.858271843122735
0.825711313106763
0.596735323103361
0.277861053066319
0.00501439833857448
-0.0982791515724085
0.0496075744024681
0.431964100898770
0.927340831140820
1.36156341291920
1.56595810402688
1.45677295076221
1.10148391602674
0.677606404088474
0.367989911344242
0.293660805417939
0.477798222886511
0.824359259792865
1.15028527938082
1.29378674824138
1.24082646082722
1.14678159871178
1.19765275033136
1.42428606763128
1.65754017788591
1.68894836064922
1.48511507419008
1.21771544485658
1.07191311461161
1.07431948273590
1.12708468226269
1.13762540650484
1.06395263613583
0.893769053170884
0.662017070324482
0.479749767805906
0.481520251226780
0.714940998529012
1.09616457990571
1.49248338333555
1.82682549375661
2.05734860798687
2.09468070723160
1.84491784887273
1.34680591345059
0.798593569695680
0.420214435795197
0.298720514083681
0.375859270731545
0.545678081501270
0.709885472360260
0.780091764224715
0.706812120814115
0.519330344084016
0.315041326733964
0.192372208380226
0.183934608103171
0.243213068137461
0.292019871534095
0.305211105244574
0.346144651619468
0.469433826276339
0.606221464195997
0.622097404121869
0.477975861133686
0.278011661036337
0.165849878916512
0.194470664893723
0.295065221444302
0.366054171255599
0.375599190724796
0.362239823529761
0.367002633582521
0.407929767092711
0.483658175308496
0.549807290136966
0.520715662011826
0.351692928439339
0.134399568748820
0.0494364661375678
0.173583636989931
0.395480015958873
0.556548997379760
0.599183439380088
0.557620674783699
0.487279823529156
0.433189273816818
0.411936347008750
0.405525825494111
0.389132812712811
0.349359258556391
0.278751941091205
0.178051235734076
0.0612002631183148
-0.0404294861533797
-0.0564778476566777
0.134705883647365
0.619742608151135
1.28267306466942
1.79156534435309
1.84202097356351
1.39149794057624
0.652837444498131
-0.0726249996173130
-0.549952194967947
-0.676535813848649
-0.489692739206215
-0.157980318363059
0.0999160927984438
0.166163902618857
0.0781294144398325
-0.0604792760521514
-0.163515224004418
-0.172764952527342
-0.0430010907291086
0.237367831144391
0.576248597053808
0.788342888623980
0.752260894301261
0.507347458476764
0.171288350914002
-0.144694810146258
-0.320192150970707
-0.248402065551235
0.0467645068010868
0.383619481005787
0.572422474242711
0.563488104498313
0.442260477892419
0.323433839599869
0.270288750581044
0.281282207278278
0.323938285569917
0.403765470093795
0.577165190421321
0.833752192535525
1.02445336907702
0.998899202723258
0.764874491328137
0.454895133472481
0.192341976641049
0.0262264039604718
-0.0492671046327802
-0.0595956227100641
-0.0486805678717583
-0.0769567557035819
-0.168092303996216
-0.269541829395489
-0.292185239674015
-0.177493857817782
0.0576064446995540
0.324158915576959
0.516174747292744
0.544660452517388
0.353552832159766
-0.0159964486268461
-0.400919517326977
-0.621629174822679
-0.605931541014232
-0.394500712634633
-0.0575186844803571
0.333887074966051
0.651693819629463
0.729060983871288
0.502823100987279
0.0949230370612717
-0.285627219668704
-0.503573806133919
-0.550682838386520
-0.474615411536938
-0.307035681025491
-0.0676767297796906
0.193276475830388
0.376634905917591
0.385807014620898
0.219881842861724
-0.00947445014360674
-0.172574343613533
-0.216226257819748
-0.159040633262356
-0.0319805738086222
0.125619545530925
0.231646434827324
0.202194125653938
0.0500326567988470
-0.105526921427515
-0.149984452116509
-0.0715646550743689
0.0556927276578052
0.161406601161975
0.245770474656521
0.370101466142152
0.576158367598634
0.805573001958276
0.914278343722953
0.786065139958203
0.433602524126576
-0.00812084263724500
-0.369226779669419
-0.522545532300663
-0.413594273340438
-0.0747507930652065
0.363841838410316
0.706990566329055
0.789220447834844
0.583273949160788
0.230916446959682
-0.0582426882284683
-0.154550309954393
-0.0562053815045969
0.174027965435110
0.461863911261328
0.701103108526860
0.757969587129296
0.579449753324646
0.278651369988661
0.0516102018332116
0.0104452202884866
0.128692537859300
0.318015005737813
0.481826261235505
0.506550754877366
0.314972241483065
-0.0316257792028348
-0.357080409152874
-0.509978994429976
-0.448713655704393
-0.240022858278361
-0.00867363137589980
0.167459792664457
0.325443291263592
0.523864106477741
0.693326028213193
0.661762411449871
0.344372912479450
-0.139725973282534
-0.554418784667052
-0.718064148378888
-0.577005674038804
-0.186718544399255
0.300277357751368
0.675422298081488
0.780343780561184
0.597818108344121
0.263953874447939
-0.00931999180305389
-0.0641279330993662
0.118619735932344
0.450484782803944
0.828813038083676
1.15075579424038
1.26146115124583
1.03403239680298
0.545520094429138
0.0574053127506106
-0.213012386894678
-0.235011740499851
-0.106079468033236
0.0532293822021094
0.152128080185624
0.157212192835590
0.0969432775556335
0.0321529549101132
0.0127133404001831
0.0499042743364017
0.122607385324095
0.207156016618694
0.313026268706144
0.476292029047082
0.675149365621229
0.789661573757657
0.720698326916763
0.508756005827907
0.280479713082914
0.137136043450302
0.126092859728064
0.249531761323500
0.469352989456752
0.735790269300539
0.997150123619952
1.16686032468125
1.14484287086300
0.910464153487601
0.560182595543666
0.248686463923073
0.113915434746805
0.216216254087968
0.493074045021855
0.785050075046510
0.939297467895127
0.903180825456360
0.735520021675788
0.543007495124283
0.403193117423301
0.321942566597800
0.242879911085296
0.110461881569594
-0.0676224109629748
-0.223040326775998
-0.277605265177608
-0.197167622752649
-0.00958996354491726
0.228759107664281
0.454463840283923
0.595108453331476
0.625111421601908
0.615570000067360
0.650194873801686
0.713649416151652
0.717990528858042
0.611328322883729
0.431898149484725
0.282277756162643
0.270746510075747
0.456295051943973
0.813613081144767
1.23177969138169
1.56589790026011
1.71610967990375
1.65778221469739
1.42435306832262
1.09716294410654
0.779249398767880
0.551591466444973
0.476627298570194
0.618901843903241
0.986290657981508
1.44026737748905
1.74064735185740
1.72584335534850
1.43451664314016
1.05268405329941
0.761338078316819
0.635537313604701
0.651058044432449
0.729774572940504
0.785141841512132
0.774013996644646
0.721288199217949
0.697377138594877
0.762682520273144
0.907529241792045
1.05364854025457
1.14305223830279
1.21324721830296
1.33600332386350
1.48624769199140
1.54885913308079
1.45533040970841
1.23381752873018
0.953055345216840
0.693544705716921
0.513760578284254
0.384783111768471
0.236744957181062
0.0903379953611994
0.0423887975482974
0.104699998978448
0.162033790506622
0.130073428485897
0.0602520693511200
0.0665843613501690
0.236800618406238
0.569943009637736
0.917135066360777
1.06802322864902
0.944834547732721
0.650217300446157
0.351711463381782
0.164630870107033
0.0981240643725644
0.0850873894776928
0.0696234875947961
0.0571392502977659
0.0983280909639233
0.228502325240611
0.401369938267807
0.522245046444066
0.562521100218252
0.594469575873305
0.732304028376748
1.02797036148252
1.35387033346753
1.45712011087531
1.20691001430634
0.722480459403964
0.246222529081226
-0.0156405827058459
0.0673646816873020
0.488333404444091
1.00789074616906
1.29741428246411
1.23552858583630
0.956001973218530
0.660995697360366
0.476213649065417
0.409040223618353
0.384305967159317
0.353590126316757
0.378042651028737
0.553660377911656
0.834003768550567
1.00433511501208
0.885644876938590
0.503203984899053
0.0374133121960759
-0.314682772884917
-0.425990326020233
-0.273250890254956
0.0625125820177768
0.424201646940601
0.643263754870306
0.645799214548665
0.507703226861714
0.380273646174288
0.374190346221050
0.497728461722923
0.661579602845973
0.764687210964693
0.795522003847258
0.793749035402999
0.727535615321124
0.523664190698481
0.210150288696361
-0.0654603336107159
-0.144215833027670
0.0568884046042695
0.526030936886389
1.14650589749992
1.68602803890170
1.90114490174107
1.72287697152088
1.29838605084718
0.856374329789208
0.554135205347837
0.403315504566241
0.316753012221568
0.233224074597620
0.195834878675277
0.336825439970880
0.760155447082824
1.37079346969080
1.85748406735782
1.90200561504851
1.41104203128395
0.595583138388667
-0.142837979889370
-0.476047938390706
-0.370953553309907
-0.0706002267848027
0.114642603137753
0.0298282875982172
-0.210292087442132
-0.322938359857890
-0.119361207891077
0.332630576432562
0.803098483537943
1.14362179121880
1.39187070234280
1.59325045135864
1.62049881207820
1.29265357450453
0.621245965924562
-0.141342347098590
-0.662966146062342
-0.732377861316097
-0.388168464596285
0.105728254821791
0.459039657230182
0.572935803994562
0.556882457183496
0.543549613555510
0.553729824755573
0.544609369801498
0.495028895866835
0.430872834930376
0.425422180712746
0.533646033809554
0.681563553687327
0.696878763135034
0.492460221224677
0.168345533052895
-0.0793394486352320
-0.119691380187790
0.0392331418533978
0.286150153538525
0.469132556127257
0.471204598123400
0.309048357743695
0.145819805500875
0.145622064664976
0.312351825956473
0.498355150799667
0.551571943946647
0.427316313210992
0.206904490409248
0.0613563497202394
0.132305867211501
0.368905026474748
0.535531077677709
0.442534920762777
0.115357989607889
-0.278144645344147
-0.567727073146947
-0.617013622632096
-0.334225569921041
0.238013073558046
0.872111605256439
1.29404652530768
1.37281629502812
1.15864917303340
0.814340109294364
0.535224654533403
0.460352438348295
0.608841265426701
0.894107558461972
1.19291820870697
1.40019485553508
1.43683004769688
1.25476106921046
0.886833847781250
0.474656558380110
0.189598358473331
0.115614835052787
0.224928473253373
0.443334686192960
0.686253168259026
0.838058491466227
0.796345606733270
0.594535790363230
0.406332011721390
0.377636780097121
0.502913101777961
0.675649139680878
0.809009917302848
0.902198090347381
1.03175820789228
1.27459893052753
1.59491024882597
1.82856900347180
1.82131970439380
1.56425241874140
1.18622780765209
0.850536421101782
0.675404694120485
0.689413883759623
0.805737522916309
0.899336180983451
0.934331283530641
0.953179180131573
0.978788155643543
1.01128054475046
1.07433367193267
1.18262274069895
1.30268051341911
1.40441488612325
1.48623454919289
1.50102428094540
1.35876738008692
1.06924002986183
0.796899734980451
0.713986311796792
0.846337243184729
1.08672653835399
1.30414599596006
1.40355350574358
1.32174421473144
1.05090037591006
0.711871052057128
0.533178322386383
0.663741241230611
1.01955592446991
1.35673600326374
1.48269950074849
1.38441341115826
1.18729533332483
1.02245362458845
0.921441668694050
0.828776143466607
0.704888158444473
0.583848888858786
0.524152822138168
0.534683058743184
0.586639249829193
0.693592998288510
0.903481510651634
1.17824937748678
1.37448762861466
1.38983030521100
1.26269183856635
1.12091414179396
1.07335637374294