-0.34453125
-0.399560546875
-0.375634765625
-0.361279296875
-0.385205078125
-0.366064453125
-0.437841796875
-0.33974609375
-0.275146484375
-0.433056640625
-0.389990234375
-0.485693359375
-0.495263671875
-0.547900390625
-0.60771484375
-0.662744140625
-0.708203125
-0.765625
-0.806298828125
-0.925927734375
-1.00727539063
-1.04555664063
-1.091015625
-1.18193359375
-1.2728515625
-1.25610351562
-1.27524414063
-1.27045898438
-1.26088867188
-1.24892578125
-1.2537109375
-1.34702148438
-1.1197265625
-1.06708984375
-1.0431640625
-0.9857421875
-0.854150390625
-0.772802734375
-0.686669921875
-0.557470703125
-0.440234375
-0.433056640625
-0.327783203125
-0.227294921875
-0.122021484375
-0.093310546875
-0.026318359375
-0.035888671875
-0.093310546875
-0.057421875
-0.040673828125
0.102880859375
0.1435546875
0.222509765625
0.22490234375
0.22490234375
0.284716796875
0.299072265625
0.260791015625
0.2775390625
0.2583984375
0.275146484375
0.265576171875
0.2201171875
0.2009765625
0.19140625
0.1818359375
0.179443359375
0.18662109375
0.184228515625
0.15791015625
0.126806640625
0.14833984375
0.18662109375
0.287109375
0.2583984375
0.16748046875
0.375634765625
0.318212890625
0.547900390625
0.586181640625
0.758447265625
0.471337890625
0.600537109375
0.72255859375
0.5072265625
0.332568359375
0.54072265625
0.456982421875
0.380419921875
0.60771484375
0.459375
0.0095703125
0.45458984375
0.165087890625
-0.088525390625
0.287109375
0.45458984375
0.48330078125
0.437841796875
0.2296875
0.203369140625
0.28232421875
0.325390625
0.33017578125
0.389990234375
0.418701171875
0.41630859375
0.38759765625
0.332568359375
0.327783203125
0.318212890625
0.399560546875
0.39716796875
0.389990234375
0.332568359375
0.346923828125
0.33017578125
0.35888671875
0.33974609375
0.366064453125
0.34453125
0.3158203125
0.322998046875
0.332568359375
0.346923828125
0.299072265625
0.294287109375
0.337353515625
0.3732421875
0.34453125
0.3349609375
0.33974609375
0.342138671875
0.337353515625
0.361279296875
0.3541015625
0.342138671875
0.370849609375
0.356494140625
0.370849609375
0.3732421875
0.370849609375
0.361279296875
0.363671875
0.363671875
0.363671875
0.413916015625
0.447412109375
0.459375
0.47373046875
0.4689453125
0.480908203125
0.500048828125
0.504833984375
0.533544921875
0.528759765625
0.5646484375
0.57421875
0.5263671875
0.590966796875
0.58857421875
0.59814453125
0.56943359375
0.557470703125
0.5263671875
0.54072265625
0.5646484375
0.5455078125
0.485693359375
0.49765625
0.480908203125
0.500048828125
0.49765625
0.4689453125
0.49287109375
0.4689453125
0.4115234375
0.399560546875
0.43544921875
0.4115234375
0.37802734375
0.39716796875
0.404345703125
0.433056640625
0.452197265625
0.44501953125
0.44501953125
0.375634765625
0.437841796875
0.514404296875
0.5263671875
0.437841796875
0.461767578125
0.586181640625
0.3923828125
0.3923828125
0.399560546875
0.375634765625
0.33017578125
0.33974609375
0.29189453125
0.23447265625
0.2201171875
0.236865234375
0.20576171875
0.179443359375
0.30146484375
0.12919921875
0.107666015625
0.057421875
0.03349609375
0.016748046875
-0.002392578125
-0.007177734375
-0.050244140625
-0.0478515625
-0.136376953125
-0.160302734375
-0.12919921875
-0.155517578125
-0.203369140625
-0.275146484375
-0.308642578125
-0.284716796875
-0.275146484375
-0.2775390625
-0.284716796875
-0.279931640625
-0.270361328125
-0.275146484375
-0.260791015625
-0.289501953125
-0.279931640625
-0.236865234375
-0.2201171875
-0.241650390625
-0.212939453125
-0.2775390625
-0.251220703125
-0.1626953125
-0.179443359375
-0.212939453125
-0.153125
-0.11962890625
-0.0861328125
-0.08134765625
-0.093310546875
-0.05263671875
-0.08134765625
-0.057421875
-0.0669921875
-0.095703125
-0.088525390625
-0.09091796875
-0.141162109375
-0.198583984375
-0.19140625
-0.184228515625
-0.2009765625
-0.236865234375
-0.24404296875
-0.212939453125
-0.289501953125
-0.289501953125
-0.169873046875
-0.308642578125
-0.284716796875
-0.27275390625
-0.26796875
-0.284716796875
-0.303857421875
-0.2966796875
-0.217724609375
-0.212939453125
-0.193798828125
-0.198583984375
-0.193798828125
-0.155517578125
-0.136376953125
-0.133984375
-0.12919921875
-0.10048828125
-0.03828125
-0.05263671875
-0.055029296875
0.01435546875
0.021533203125
0.057421875
0.069384765625
0.055029296875
0.12919921875
0.1244140625
0.136376953125
0.193798828125
0.236865234375
0.212939453125
0.212939453125
0.210546875
0.270361328125
0.33017578125
0.409130859375
0.447412109375
0.543115234375
0.68427734375
0.677099609375
0.753662109375
0.811083984375
0.830224609375
0.839794921875
0.849365234375
0.782373046875
0.964208984375
0.9666015625
0.983349609375
0.98095703125
0.9283203125
0.940283203125
0.921142578125
0.887646484375
0.858935546875
0.81826171875
0.791943359375
0.772802734375
0.69384765625
0.614892578125
0.576611328125
0.433056640625
0.370849609375
0.294287109375
0.27275390625
0.1818359375
0.10048828125
0.083740234375
0.126806640625
-0.074169921875
-0.08134765625
-0.050244140625
-0.246435546875
-0.303857421875
-0.35888671875
-0.418701171875
-0.380419921875
-0.6029296875
-0.6603515625
-0.696240234375
-0.73212890625
-0.80390625
-0.806298828125
-0.873291015625
-0.9666015625
-1.01684570312
-0.97138671875
-1.12690429688
-1.205859375
-1.1962890625
-1.28720703125
-1.22260742188
-1.167578125
-1.16518554688
-1.15083007813
-1.14365234375
-1.17954101563
-1.07666015625
-1.03837890625
-0.949853515625
-1.00249023438
-0.777587890625
-0.681884765625
-0.66513671875
-0.4880859375
-0.385205078125
-0.17705078125
0.050244140625
-0.351708984375
-0.236865234375
-0.299072265625
-0.40673828125
-0.437841796875
-0.43544921875
-0.318212890625
-0.42109375
-0.413916015625
-0.48330078125
-0.495263671875
-0.478515625
-0.413916015625
-0.428271484375
-0.437841796875
-0.49765625
-0.57900390625
-0.605322265625
-0.710595703125
-0.791943359375
-0.823046875
-0.911572265625
-0.9474609375
-1.00009765625
-0.906787109375
-0.935498046875
-0.930712890625
-0.878076171875
-0.78955078125
-0.705810546875
-0.629248046875
-0.528759765625
-0.581396484375
-0.30146484375
-0.2392578125
-0.18662109375
-0.0669921875
0.011962890625
0.059814453125
0.131591796875
0.016748046875
0.23447265625
0.208154296875
0.122021484375
0.12919921875
0.0478515625
0.026318359375
-0.03349609375
-0.260791015625
-0.308642578125
-0.413916015625
-0.6029296875
-0.456982421875
-1.30395507812
-1.2345703125
-1.20346679688
-1.18671875
-1.6365234375
-1.60541992188
-1.58388671875
-1.78486328125
-1.46186523438
-1.76333007813
-1.70830078125
-1.5791015625
-1.33984375
-1.79204101563
-1.66284179688
-1.16997070313
-0.9857421875
-0.873291015625
-0.787158203125
-0.74169921875
-0.30146484375
-0.007177734375
-0.172265625
-0.04306640625
0.098095703125
-0.150732421875
0.0861328125
0.37802734375
0.4689453125
0.3349609375
0.389990234375
0.27275390625
0.3158203125
0.643603515625
0.629248046875
0.52158203125
0.4306640625
0.41630859375
0.413916015625
0.34453125
0.33017578125
0.25361328125
0.24404296875
0.227294921875
0.179443359375
0.299072265625
0.1052734375
0.0287109375
-0.074169921875
-0.145947265625
-0.1818359375
-0.30146484375
-0.346923828125
-0.42109375
-0.440234375
-0.557470703125
-0.614892578125
-0.669921875
-0.7560546875
-0.787158203125
-0.74169921875
-0.765625
-0.854150390625
-0.744091796875
-0.80390625
-0.81826171875
-0.854150390625
-0.897216796875
-0.935498046875
-0.8900390625
-0.873291015625
-0.878076171875
-0.823046875
-0.835009765625
-0.863720703125
-0.782373046875
-0.97138671875
-1.01206054688
-0.976171875
-1.05034179688
-1.06948242188
-1.00249023438
-0.93310546875
-0.93310546875
-1.0623046875
-0.844580078125
-0.78955078125
-0.724951171875
-0.701025390625
-0.74169921875
-0.504833984375
-0.440234375
-0.42109375
-0.126806640625
-0.011962890625
0.0478515625
0.241650390625
0.303857421875
0.363671875
0.471337890625
0.5455078125
0.586181640625
0.56943359375
0.54072265625
0.55986328125
0.516796875
0.480908203125
0.466552734375
0.40673828125
0.380419921875
0.337353515625
0.325390625
0.279931640625
0.248828125
0.28232421875
0.20576171875
0.29189453125
0.279931640625
0.12919921875
0.035888671875
0.02392578125
0.145947265625
-0.064599609375
-0.09091796875
-0.098095703125
-0.13876953125
-0.2009765625
-0.256005859375
-0.32060546875
-0.394775390625
-0.452197265625
-0.50244140625
-0.471337890625
-0.528759765625
-0.543115234375
-0.5072265625
-0.476123046875
-0.456982421875
-0.46416015625
-0.35888671875
-0.363671875
-0.346923828125
-0.346923828125
-0.370849609375
-0.3732421875
-0.332568359375
-0.375634765625
-0.4115234375
-0.4689453125
-0.49765625
-0.57421875
-0.791943359375
-0.815869140625
-0.86611328125
-0.863720703125
-0.791943359375
-0.7369140625
-0.758447265625
-0.91396484375
-0.720166015625
-0.6029296875
-0.46416015625
-0.361279296875
-0.179443359375
-0.11962890625
0.236865234375
0.404345703125
0.772802734375
0.9283203125
1.25131835938
1.54560546875
1.75375976563
1.894921875
2.009765625
2.0767578125
2.0384765625
1.92841796875
1.94755859375
1.62456054688
1.47143554688
1.3111328125
0.89482421875
0.55029296875
0.07177734375
-0.095703125
-0.45458984375
-0.509619140625
-0.748876953125
-0.77998046875
-0.79912109375
-0.77998046875
-0.66513671875
-0.547900390625
-0.485693359375
-0.43544921875
-0.36845703125
-0.308642578125
-0.26796875
-0.23447265625
-0.150732421875
-0.11962890625
-0.040673828125
-0.057421875
-0.021533203125
0.05263671875
0.0765625
0.12919921875
0.126806640625
0.21533203125
0.29189453125
0.313427734375
0.308642578125
0.557470703125
0.753662109375
0.782373046875
0.78955078125
0.964208984375
0.930712890625
1.08623046875
1.30395507812
1.32548828125
1.32309570313
1.2728515625
1.25610351562
1.14125976563
0.830224609375
0.42109375
0.117236328125
0.777587890625
1.358984375
1.05751953125
0.79912109375
0.547900390625
0.389990234375
0.133984375
0.074169921875
-0.011962890625
-0.074169921875
-0.122021484375
-0.00478515625
-0.002392578125
-0.165087890625
-0.2201171875
-0.198583984375
-0.210546875
-0.246435546875
-0.275146484375
-0.16748046875
-0.299072265625
-0.366064453125
-0.361279296875
-0.4306640625
-0.35888671875
-0.440234375
-0.248828125
-0.172265625
-0.136376953125
-0.15791015625
-0.1435546875
-0.09091796875
-0.057421875
-0.02392578125
-0.126806640625
0.0765625
0.078955078125
0.09091796875
0.083740234375
0.117236328125
0.12919921875
0.1435546875
0.1626953125
0.212939453125
0.246435546875
