0.256005859375
0.4115234375
0.325390625
0.29189453125
0.313427734375
0.16748046875
0.22490234375
0.289501953125
0.279931640625
0.26796875
0.279931640625
0.287109375
0.26318359375
0.289501953125
0.342138671875
0.299072265625
0.165087890625
0.361279296875
0.39716796875
0.52158203125
0.490478515625
0.466552734375
0.64599609375
0.576611328125
0.53115234375
0.71298828125
0.782373046875
0.744091796875
0.854150390625
0.744091796875
0.868505859375
0.89482421875
0.935498046875
0.9857421875
0.84697265625
0.8900390625
1.05512695313
1.02163085938
0.99052734375
1.04555664063
0.820654296875
1.01206054688
0.93310546875
0.861328125
0.882861328125
0.835009765625
0.815869140625
0.78955078125
0.744091796875
0.643603515625
0.629248046875
0.63642578125
0.68427734375
0.593359375
0.5837890625
0.5263671875
0.53115234375
0.555078125
0.49765625
0.547900390625
0.571826171875
0.586181640625
0.629248046875
0.648388671875
0.643603515625
0.6029296875
0.60771484375
0.5837890625
0.461767578125
0.638818359375
0.638818359375
0.648388671875
0.6603515625
0.629248046875
0.6794921875
0.667529296875
0.6603515625
0.6029296875
0.61728515625
0.57421875
0.523974609375
0.571826171875
0.562255859375
0.533544921875
0.557470703125
0.5837890625
0.5359375
0.58857421875
0.562255859375
0.581396484375
0.50244140625
0.47373046875
0.442626953125
0.39716796875
0.361279296875
0.29189453125
0.29189453125
0.27275390625
0.275146484375
0.22490234375
0.174658203125
0.217724609375
0.172265625
0.136376953125
0.169873046875
0.179443359375
0.126806640625
0.155517578125
0.15791015625
0.184228515625
0.248828125
0.246435546875
0.222509765625
0.16748046875
0.480908203125
0.4689453125
0.586181640625
0.614892578125
0.65556640625
0.69384765625
0.715380859375
0.782373046875
0.78955078125
0.815869140625
0.777587890625
0.916357421875
0.720166015625
0.6890625
0.6986328125
0.600537109375
0.555078125
0.533544921875
0.49765625
0.437841796875
0.480908203125
0.39716796875
0.366064453125
0.325390625
0.155517578125
0.102880859375
-0.0287109375
0.03349609375
0.11005859375
0.1435546875
0.193798828125
0.14833984375
0.222509765625
0.2583984375
0.241650390625
0.287109375
0.256005859375
0.20576171875
0.198583984375
0.007177734375
0.1626953125
0.0765625
0.059814453125
0.102880859375
0.03349609375
0.016748046875
0.145947265625
-0.07177734375
-0.02392578125
0.02392578125
0.0095703125
0.057421875
0.055029296875
0.04306640625
0.12919921875
0.20576171875
0.18662109375
0.236865234375
0.198583984375
0.198583984375
0.18662109375
0.198583984375
0.232080078125
0.169873046875
0.153125
0.380419921875
0.31103515625
0.456982421875
0.6029296875
0.45458984375
0.485693359375
0.43544921875
0.459375
0.456982421875
0.461767578125
0.4880859375
0.5359375
0.509619140625
0.480908203125
0.60771484375
0.490478515625
0.519189453125
0.51201171875
0.490478515625
0.519189453125
0.509619140625
0.41630859375
0.423486328125
0.39716796875
0.256005859375
0.26796875
0.098095703125
0.088525390625
0.12919921875
-0.1052734375
-0.2009765625
-0.19619140625
-0.160302734375
-0.394775390625
-0.375634765625
-0.42109375
-0.385205078125
-0.380419921875
-0.308642578125
-0.193798828125
-0.44501953125
-0.179443359375
-0.246435546875
-0.30146484375
-0.327783203125
-0.246435546875
-0.16748046875
-0.00478515625
-0.141162109375
-0.016748046875
-0.248828125
-0.112451171875
-0.088525390625
-0.150732421875
-0.095703125
-0.198583984375
-0.0478515625
-0.210546875
-0.256005859375
-0.30625
-0.33974609375
-0.401953125
-0.423486328125
-0.59814453125
-0.466552734375
-0.52158203125
-0.514404296875
-0.40673828125
-0.478515625
-0.50244140625
-0.478515625
-0.4498046875
-0.447412109375
-0.42587890625
-0.4115234375
-0.437841796875
-0.476123046875
-0.5072265625
-0.461767578125
-0.500048828125
-0.55986328125
-0.519189453125
-0.327783203125
-0.318212890625
-0.49765625
-0.5359375
-0.519189453125
-0.555078125
-0.543115234375
-0.57900390625
-0.6220703125
-0.624462890625
-0.60771484375
-0.662744140625
-0.624462890625
-0.55029296875
-0.595751953125
-0.60771484375
-0.555078125
-0.57421875
-0.562255859375
-0.5455078125
-0.533544921875
-0.45458984375
-0.404345703125
-0.380419921875
-0.428271484375
-0.37802734375
-0.35888671875
-0.325390625
-0.351708984375
-0.337353515625
-0.33017578125
-0.459375
-0.325390625
-0.346923828125
-0.36845703125
-0.356494140625
-0.394775390625
-0.363671875
-0.380419921875
-0.440234375
-0.442626953125
-0.52158203125
-0.42587890625
-0.478515625
-0.59814453125
-0.394775390625
-0.351708984375
-0.325390625
-0.318212890625
-0.313427734375
-0.28232421875
-0.289501953125
-0.3349609375
-0.351708984375
-0.3158203125
-0.327783203125
-0.174658203125
-0.287109375
-0.2392578125
-0.246435546875
-0.212939453125
-0.203369140625
-0.210546875
-0.18662109375
-0.11005859375
-0.21533203125
-0.189013671875
-0.459375
-0.3158203125
-0.370849609375
-0.3541015625
-0.356494140625
-0.299072265625
-0.32060546875
-0.27275390625
-0.327783203125
-0.322998046875
-0.3158203125
-0.459375
-0.303857421875
-0.332568359375
-0.34453125
-0.404345703125
-0.3923828125
-0.447412109375
-0.461767578125
-0.433056640625
-0.452197265625
-0.478515625
-0.485693359375
-0.480908203125
-0.52158203125
-0.538330078125
-0.547900390625
-0.543115234375
-0.631640625
-0.586181640625
-0.63642578125
-0.5646484375
-0.590966796875
-0.593359375
-0.562255859375
-0.567041015625
-0.562255859375
-0.50244140625
-0.543115234375
-0.523974609375
-0.519189453125
-0.490478515625
-0.514404296875
-0.55986328125
-0.523974609375
-0.516796875
-0.495263671875
-0.478515625
-0.4689453125
-0.437841796875
-0.456982421875
-0.351708984375
-0.480908203125
-0.43544921875
-0.42587890625
-0.442626953125
-0.423486328125
-0.34931640625
-0.322998046875
-0.34931640625
-0.165087890625
-0.3349609375
-0.29189453125
-0.30146484375
-0.308642578125
-0.44501953125
-0.325390625
-0.15791015625
-0.327783203125
-0.45458984375
-0.325390625
-0.34931640625
-0.313427734375
-0.294287109375
-0.284716796875
-0.160302734375
-0.35888671875
-0.332568359375
-0.4115234375
-0.42109375
-0.59814453125
-0.40673828125
-0.409130859375
-0.3923828125
-0.38759765625
-0.322998046875
-0.45458984375
-0.25361328125
-0.256005859375
-0.236865234375
-0.275146484375
-0.289501953125
-0.34931640625
-0.33017578125
-0.299072265625
-0.32060546875
-0.44501953125
-0.265576171875
-0.265576171875
-0.248828125
-0.21533203125
-0.222509765625
-0.236865234375
-0.251220703125
-0.2392578125
-0.203369140625
-0.203369140625
-0.172265625
-0.210546875
-0.2009765625
-0.24404296875
-0.232080078125
-0.217724609375
-0.29189453125
-0.25361328125
-0.24404296875
-0.208154296875
-0.212939453125
-0.227294921875
-0.2296875
-0.22490234375
-0.256005859375
-0.236865234375
-0.212939453125
-0.198583984375
-0.184228515625
-0.208154296875
-0.265576171875
-0.22490234375
-0.174658203125
-0.17705078125
-0.20576171875
-0.193798828125
-0.232080078125
-0.212939453125
-0.236865234375
-0.25361328125
-0.30146484375
-0.31103515625
-0.318212890625
-0.363671875
-0.404345703125
-0.35888671875
-0.41630859375
-0.394775390625
-0.356494140625
-0.363671875
-0.399560546875
-0.385205078125
-0.361279296875
-0.375634765625
-0.3923828125
-0.327783203125
-0.442626953125
-0.337353515625
-0.155517578125
-0.313427734375
-0.4498046875
-0.279931640625
-0.232080078125
-0.222509765625
-0.189013671875
-0.284716796875
-0.14833984375
-0.145947265625
-0.122021484375
-0.093310546875
-0.117236328125
-0.1052734375
-0.0669921875
-0.05263671875
-0.059814453125
-0.06220703125
-0.021533203125
-0.0669921875
-0.055029296875
-0.088525390625
-0.078955078125
-0.11484375
-0.08134765625
-0.08134765625
-0.102880859375
-0.133984375
-0.169873046875
-0.002392578125
-0.117236328125
-0.1818359375
-0.2583984375
-0.20576171875
-0.26796875
-0.270361328125
-0.265576171875
-0.260791015625
-0.165087890625
-0.322998046875
-0.174658203125
-0.35888671875
-0.36845703125
-0.38759765625
-0.4115234375
-0.38759765625
-0.394775390625
-0.40673828125
-0.3158203125
-0.303857421875
-0.232080078125
-0.23447265625
-0.279931640625
-0.174658203125
-0.299072265625
-0.361279296875
-0.3732421875
-0.1626953125
-0.27275390625
-0.29189453125
-0.2775390625
-0.30625
-0.26796875
-0.246435546875
-0.232080078125
-0.270361328125
-0.23447265625
-0.251220703125
-0.20576171875
-0.2583984375
-0.203369140625
-0.27275390625
-0.23447265625
-0.169873046875
-0.203369140625
-0.20576171875
-0.20576171875
-0.208154296875
-0.227294921875
-0.270361328125
-0.22490234375
-0.3158203125
-0.2966796875
-0.26318359375
-0.27275390625
-0.2583984375
-0.270361328125
-0.287109375
-0.2392578125
-0.26796875
-0.24404296875
-0.2392578125
-0.287109375
-0.459375
-0.33017578125
-0.313427734375
-0.356494140625
-0.308642578125
-0.342138671875
-0.322998046875
-0.284716796875
-0.30625
-0.26796875
-0.256005859375
-0.179443359375
-0.21533203125
-0.2201171875
-0.2201171875
-0.25361328125
-0.251220703125
-0.313427734375
-0.28232421875
-0.30146484375
-0.26318359375
-0.26796875
-0.3349609375
-0.28232421875
-0.44501953125
-0.28232421875
-0.21533203125
-0.287109375
-0.25361328125
-0.217724609375
-0.24404296875
-0.198583984375
-0.256005859375
-0.375634765625
-0.3349609375
-0.2775390625
-0.2775390625
-0.24404296875
-0.2201171875
-0.203369140625
-0.193798828125
-0.241650390625
-0.20576171875
-0.22490234375
-0.24404296875
-0.179443359375
-0.2296875
-0.2583984375
-0.248828125
-0.251220703125
-0.23447265625
-0.227294921875
-0.30146484375
-0.169873046875
-0.34931640625
-0.32060546875
-0.322998046875
-0.30625
-0.270361328125
-0.260791015625
-0.222509765625
-0.23447265625
-0.2583984375
-0.2009765625
-0.23447265625
-0.20576171875
-0.22490234375
-0.275146484375
-0.270361328125
-0.275146484375
-0.251220703125
-0.236865234375
-0.25361328125
-0.270361328125
-0.25361328125
-0.26318359375
-0.24404296875
-0.22490234375
-0.26796875
-0.284716796875
-0.30146484375
-0.29189453125
-0.322998046875
-0.275146484375
-0.337353515625
-0.342138671875
-0.16748046875
-0.404345703125
-0.327783203125
-0.299072265625
-0.3158203125
-0.27275390625
-0.313427734375
-0.2775390625
-0.308642578125
-0.299072265625
-0.308642578125
-0.346923828125
-0.35888671875
-0.346923828125
-0.337353515625
-0.284716796875
-0.299072265625
-0.318212890625
-0.452197265625
-0.246435546875
-0.2201171875
-0.2392578125
-0.2392578125
-0.212939453125
-0.22490234375
-0.222509765625
-0.275146484375
-0.217724609375
-0.217724609375
-0.248828125
-0.325390625
-0.29189453125
-0.24404296875
-0.284716796875
-0.26796875
-0.198583984375
-0.198583984375
-0.1435546875
