-0.413916015625
-0.39716796875
-0.38759765625
-0.394775390625
-0.375634765625
-0.394775390625
-0.3828125
-0.3828125
-0.399560546875
-0.409130859375
-0.394775390625
-0.37802734375
-0.3541015625
-0.356494140625
-0.370849609375
-0.3541015625
-0.34931640625
-0.351708984375
-0.34453125
-0.332568359375
-0.34453125
-0.30146484375
-0.303857421875
-0.327783203125
-0.322998046875
-0.2392578125
-0.217724609375
-0.217724609375
-0.217724609375
-0.210546875
-0.15791015625
-0.112451171875
-0.083740234375
-0.0669921875
-0.00478515625
-0.011962890625
0.069384765625
0.078955078125
0.10048828125
0.11962890625
0.14833984375
0.155517578125
0.184228515625
0.174658203125
0.184228515625
0.222509765625
0.246435546875
0.246435546875
0.227294921875
0.222509765625
0.2583984375
0.145947265625
0.06220703125
0.19619140625
0.189013671875
0.06220703125
0.050244140625
0.03828125
-0.02392578125
-0.057421875
-0.122021484375
-0.11005859375
-0.12919921875
-0.10048828125
-0.16748046875
-0.246435546875
-0.13876953125
-0.189013671875
-0.212939453125
-0.217724609375
-0.227294921875
-0.212939453125
-0.203369140625
-0.155517578125
-0.1435546875
-0.055029296875
0.002392578125
0.069384765625
0.13876953125
0.0669921875
0.25361328125
0.313427734375
0.327783203125
0.428271484375
0.466552734375
0.5455078125
0.56943359375
0.57900390625
0.595751953125
0.60771484375
0.667529296875
0.6890625
0.715380859375
0.74169921875
0.7177734375
0.7177734375
0.71298828125
0.720166015625
0.744091796875
0.729736328125
0.71298828125
0.720166015625
0.710595703125
0.586181640625
0.4306640625
0.459375
0.447412109375
0.37802734375
0.251220703125
0.1052734375
0.03349609375
-0.01435546875
-0.069384765625
-0.131591796875
-0.11484375
-0.141162109375
-0.27275390625
-0.30146484375
-0.318212890625
-0.241650390625
-0.18662109375
-0.375634765625
-0.452197265625
-0.294287109375
-0.002392578125
-0.16748046875
-0.3732421875
-0.160302734375
0.05263671875
0.179443359375
0.251220703125
0.284716796875
-0.1435546875
0.069384765625
0.476123046875
0.562255859375
0.729736328125
0.5072265625
0.495263671875
0.557470703125
0.610107421875
0.72255859375
0.768017578125
0.79912109375
0.8326171875
0.823046875
0.82783203125
0.854150390625
0.88046875
0.9857421875
1.014453125
1.05512695313
1.03837890625
1.01684570312
1.04077148438
1.04794921875
1.0814453125
1.15322265625
1.16279296875
1.19868164063
1.1962890625
1.23696289063
1.24174804688
1.26328125
1.29916992188
1.34702148438
1.41401367188
1.435546875
1.33505859375
1.44750976562
1.40444335938
1.29438476563
1.36137695313
1.3494140625
1.244140625
1.34702148438
1.29916992188
1.26567382813
1.26806640625
1.26088867188
1.2728515625
1.37573242188
1.1580078125
1.225
1.37573242188
1.23696289063
1.26328125
1.16279296875
1.1771484375
1.16997070313
1.26567382813
1.21064453125
0.7751953125
0.97138671875
1.16518554688
1.26806640625
1.16040039062
1.05991210938
1.13408203125
1.13647460938
1.05991210938
0.9953125
0.949853515625
0.97138671875
1.0623046875
0.92353515625
0.902001953125
0.906787109375
0.925927734375
0.911572265625
0.86611328125
0.80390625
0.782373046875
0.791943359375
0.73212890625
0.715380859375
0.7177734375
0.62685546875
0.6029296875
0.60771484375
0.60771484375
0.57421875
0.57900390625
0.557470703125
0.5072265625
0.53115234375
0.375634765625
0.375634765625
0.3923828125
0.36845703125
0.3828125
0.313427734375
0.299072265625
0.29189453125
0.241650390625
0.189013671875
0.095703125
0.078955078125
0.03828125
0.021533203125
-0.002392578125
-0.05263671875
-0.088525390625
-0.09091796875
-0.07177734375
-0.17705078125
-0.174658203125
-0.153125
-0.160302734375
-0.174658203125
-0.172265625
-0.2966796875
-0.0765625
-0.02392578125
-0.145947265625
-0.222509765625
-0.2296875
-0.236865234375
-0.193798828125
-0.16748046875
-0.150732421875
-0.20576171875
-0.210546875
-0.24404296875
-0.248828125
-0.246435546875
-0.275146484375
-0.30146484375
-0.28232421875
-0.34931640625
-0.34931640625
-0.366064453125
-0.401953125
-0.413916015625
-0.380419921875
-0.332568359375
-0.37802734375
-0.404345703125
-0.380419921875
-0.404345703125
-0.375634765625
-0.40673828125
-0.33017578125
-0.366064453125
-0.356494140625
-0.36845703125
-0.363671875
-0.327783203125
-0.172265625
-0.35888671875
-0.3349609375
-0.2966796875
-0.26796875
-0.232080078125
-0.232080078125
-0.23447265625
-0.174658203125
-0.179443359375
-0.212939453125
-0.222509765625
-0.24404296875
-0.19140625
-0.18662109375
-0.21533203125
-0.232080078125
-0.2009765625
-0.299072265625
-0.1244140625
-0.1052734375
-0.064599609375
-0.0287109375
-0.031103515625
0.002392578125
0.007177734375
0.031103515625
0.088525390625
0.11484375
0.11962890625
0.189013671875
0.19619140625
0.212939453125
0.275146484375
0.26796875
0.2966796875
0.33017578125
0.31103515625
0.19140625
0.38759765625
0.351708984375
0.3732421875
0.40673828125
0.452197265625
0.514404296875
0.514404296875
0.523974609375
0.519189453125
0.557470703125
0.557470703125
0.5359375
0.555078125
0.5455078125
0.567041015625
0.555078125
0.4880859375
0.63642578125
0.619677734375
0.653173828125
0.68427734375
0.746484375
0.4115234375
0.461767578125
0.7560546875
0.825439453125
0.85654296875
0.72734375
0.6890625
0.68427734375
0.71298828125
0.74169921875
0.772802734375
0.820654296875
0.863720703125
0.83740234375
0.772802734375
0.861328125
0.8517578125
0.815869140625
0.71298828125
0.6220703125
0.600537109375
0.478515625
0.370849609375
0.210546875
0.074169921875
0.0
-0.133984375
-0.389990234375
-0.677099609375
-0.88525390625
-0.861328125
-0.823046875
-0.6412109375
-1.071875
-1.13408203125
-1.23217773438
-1.49296875
-1.588671875
-1.79921875
-2.00737304688
-1.94995117188
-1.473828125
-1.40922851563
-1.39248046875
-1.44033203125
-1.36616210938
-1.3015625
-1.3015625
-1.30395507812
-1.28002929688
-1.18911132813
-1.07426757813
-1.03120117188
-0.77041015625
-0.53115234375
-0.356494140625
-0.19619140625
-0.133984375
0.12919921875
0.179443359375
0.275146484375
0.380419921875
0.409130859375
0.452197265625
0.46416015625
0.456982421875
0.36845703125
0.3158203125
0.212939453125
0.069384765625
-0.117236328125
-0.251220703125
-0.33974609375
-0.3828125
-0.538330078125
-0.66513671875
-0.765625
-0.85654296875
-0.906787109375
-0.935498046875
-0.94267578125
-0.9091796875
-0.8421875
-0.7751953125
-0.753662109375
-0.638818359375
-0.466552734375
-0.538330078125
-0.38759765625
-0.098095703125
-0.1435546875
0.09091796875
0.19140625
0.19619140625
0.232080078125
0.318212890625
0.456982421875
0.3349609375
0.37802734375
0.322998046875
0.3158203125
0.389990234375
0.287109375
0.294287109375
0.313427734375
0.356494140625
0.440234375
0.26796875
0.241650390625
0.30146484375
0.074169921875
-0.01435546875
-0.131591796875
-0.045458984375
-0.2966796875
-0.40673828125
-0.516796875
-0.78955078125
-0.873291015625
-0.945068359375
-1.22739257813
-1.32309570313
-1.4068359375
-1.44750976562
-1.39965820312
-1.60541992188
-1.6365234375
-1.65805664063
-1.65805664063
-1.6078125
-1.51689453125
-1.51928710938
-1.51928710938
-1.30395507812
-1.34462890625
-1.1771484375
-1.10776367188
-1.091015625
-0.983349609375
-0.91396484375
-0.825439453125
-0.669921875
-0.5646484375
-0.552685546875
-0.440234375
-0.40673828125
-0.332568359375
-0.222509765625
-0.265576171875
-0.03349609375
-0.107666015625
-0.248828125
0.04306640625
0.0287109375
-0.624462890625
0.172265625
0.031103515625
-0.44501953125
-0.13876953125
-0.160302734375
-0.3349609375
-0.370849609375
-0.567041015625
-0.63642578125
-0.648388671875
-0.729736328125
-0.77041015625
-0.715380859375
-0.638818359375
-0.80869140625
-0.72734375
-0.705810546875
-0.6890625
-0.64599609375
-0.56943359375
-0.533544921875
-0.57900390625
-0.538330078125
-0.49287109375
-0.461767578125
-0.4115234375
-0.37802734375
