-0.133984375
-0.145947265625
-0.16748046875
-0.30146484375
-0.169873046875
-0.179443359375
-0.2009765625
-0.1818359375
-0.20576171875
-0.17705078125
-0.002392578125
-0.165087890625
-0.169873046875
-0.126806640625
-0.150732421875
-0.13876953125
-0.14833984375
-0.141162109375
-0.141162109375
-0.2966796875
-0.198583984375
-0.18662109375
-0.153125
-0.160302734375
-0.19140625
-0.193798828125
-0.20576171875
-0.17705078125
-0.1626953125
-0.11962890625
-0.131591796875
-0.1244140625
-0.08134765625
-0.09091796875
-0.11962890625
-0.05263671875
-0.1052734375
-0.088525390625
-0.133984375
-0.00478515625
-0.11484375
-0.179443359375
-0.136376953125
-0.15791015625
-0.18662109375
-0.30146484375
-0.160302734375
-0.20576171875
-0.165087890625
-0.2009765625
-0.165087890625
-0.174658203125
-0.153125
-0.11005859375
-0.088525390625
-0.064599609375
-0.12919921875
-0.13876953125
-0.165087890625
-0.093310546875
-0.1244140625
-0.13876953125
-0.122021484375
-0.08134765625
-0.09091796875
-0.0861328125
-0.12919921875
-0.117236328125
-0.265576171875
-0.112451171875
-0.1052734375
-0.074169921875
-0.06220703125
-0.07177734375
-0.059814453125
-0.03828125
-0.03828125
-0.078955078125
-0.050244140625
-0.0765625
-0.133984375
-0.155517578125
-0.145947265625
-0.00478515625
-0.30625
-0.093310546875
-0.102880859375
-0.088525390625
-0.112451171875
-0.093310546875
-0.11005859375
-0.0669921875
-0.11962890625
-0.12919921875
-0.1435546875
-0.141162109375
-0.11005859375
-0.09091796875
-0.126806640625
-0.1244140625
-0.122021484375
-0.122021484375
-0.1244140625
-0.09091796875
-0.141162109375
-0.17705078125
-0.217724609375
-0.210546875
-0.30625
-0.193798828125
-0.189013671875
-0.179443359375
-0.22490234375
-0.222509765625
-0.2296875
-0.2392578125
-0.198583984375
-0.236865234375
-0.299072265625
-0.287109375
-0.30625
-0.256005859375
-0.275146484375
-0.2966796875
-0.30625
-0.30146484375
-0.174658203125
-0.25361328125
-0.246435546875
-0.2009765625
-0.19619140625
-0.198583984375
-0.193798828125
-0.021533203125
-0.19140625
-0.1626953125
-0.145947265625
-0.1818359375
-0.2009765625
-0.184228515625
-0.203369140625
-0.193798828125
-0.222509765625
-0.222509765625
-0.246435546875
-0.2966796875
-0.287109375
-0.332568359375
-0.30146484375
-0.30625
-0.29189453125
-0.16748046875
-0.313427734375
-0.318212890625
-0.30146484375
-0.36845703125
-0.33974609375
-0.308642578125
-0.294287109375
-0.303857421875
-0.437841796875
-0.28232421875
-0.28232421875
-0.289501953125
-0.34453125
-0.3541015625
-0.375634765625
-0.3828125
-0.39716796875
-0.40673828125
-0.440234375
-0.49287109375
-0.46416015625
-0.3349609375
-0.466552734375
-0.437841796875
-0.4115234375
-0.480908203125
-0.533544921875
-0.49765625
-0.48330078125
-0.48330078125
-0.543115234375
-0.514404296875
-0.466552734375
-0.478515625
-0.509619140625
-0.504833984375
-0.490478515625
-0.533544921875
-0.528759765625
-0.53115234375
-0.57421875
-0.55986328125
-0.56943359375
-0.55029296875
-0.552685546875
-0.52158203125
-0.509619140625
-0.528759765625
-0.5263671875
-0.5359375
-0.5072265625
-0.523974609375
-0.49765625
-0.471337890625
-0.4880859375
-0.45458984375
-0.437841796875
-0.4306640625
-0.4306640625
-0.447412109375
-0.452197265625
-0.44501953125
-0.42109375
-0.40673828125
-0.428271484375
-0.3923828125
-0.42109375
-0.423486328125
-0.3923828125
-0.3828125
-0.3923828125
-0.44501953125
-0.42587890625
-0.418701171875
-0.447412109375
-0.433056640625
-0.3732421875
-0.39716796875
-0.380419921875
-0.35888671875
-0.385205078125
-0.33017578125
-0.342138671875
-0.3349609375
-0.31103515625
-0.287109375
-0.287109375
-0.23447265625
-0.19140625
-0.15791015625
-0.1818359375
-0.17705078125
-0.165087890625
-0.14833984375
-0.107666015625
-0.0861328125
-0.150732421875
-0.0095703125
-0.11005859375
-0.19140625
-0.2392578125
-0.241650390625
-0.145947265625
-0.112451171875
-0.0861328125
-0.06220703125
-0.035888671875
-0.055029296875
-0.098095703125
-0.0095703125
-0.22490234375
-0.19140625
-0.210546875
-0.19140625
-0.18662109375
-0.18662109375
-0.18662109375
-0.2009765625
-0.232080078125
-0.2775390625
-0.2583984375
-0.265576171875
-0.299072265625
-0.3158203125
-0.251220703125
-0.25361328125
-0.248828125
-0.165087890625
-0.346923828125
-0.33974609375
-0.325390625
-0.3158203125
-0.37802734375
-0.37802734375
-0.366064453125
-0.38759765625
-0.399560546875
-0.375634765625
-0.366064453125
-0.380419921875
-0.4115234375
-0.433056640625
-0.42587890625
-0.4115234375
-0.433056640625
-0.418701171875
-0.423486328125
-0.409130859375
-0.380419921875
-0.337353515625
-0.394775390625
-0.38759765625
-0.3923828125
-0.40673828125
-0.42587890625
-0.380419921875
-0.3732421875
-0.3828125
-0.366064453125
-0.409130859375
-0.399560546875
-0.34931640625
-0.380419921875
-0.33017578125
-0.346923828125
-0.404345703125
-0.3923828125
-0.413916015625
-0.40673828125
-0.433056640625
-0.41630859375
-0.399560546875
-0.399560546875
-0.3923828125
-0.38759765625
-0.37802734375
-0.363671875
-0.366064453125
-0.36845703125
-0.366064453125
-0.3541015625
-0.356494140625
-0.342138671875
-0.318212890625
-0.337353515625
-0.3349609375
-0.30146484375
-0.2966796875
-0.287109375
-0.284716796875
-0.2775390625
-0.26796875
-0.26796875
-0.251220703125
-0.246435546875
-0.236865234375
-0.232080078125
-0.212939453125
-0.212939453125
-0.19140625
-0.14833984375
-0.11484375
-0.179443359375
-0.145947265625
-0.126806640625
-0.117236328125
-0.11005859375
-0.117236328125
-0.133984375
-0.153125
-0.11962890625
-0.11484375
-0.11962890625
-0.107666015625
-0.093310546875
-0.11484375
-0.083740234375
-0.095703125
-0.11484375
-0.145947265625
-0.133984375
-0.126806640625
-0.095703125
-0.08134765625
-0.122021484375
-0.11962890625
-0.095703125
-0.13876953125
-0.289501953125
-0.122021484375
-0.11962890625
-0.069384765625
-0.1435546875
-0.17705078125
-0.141162109375
-0.11484375
-0.01435546875
-0.1818359375
-0.1818359375
-0.133984375
-0.19140625
-0.1818359375
-0.131591796875
-0.246435546875
-0.21533203125
-0.193798828125
-0.2201171875
-0.160302734375
-0.011962890625
-0.17705078125
-0.16748046875
-0.19140625
-0.155517578125
-0.153125
-0.169873046875
-0.11484375
-0.14833984375
-0.102880859375
-0.057421875
-0.102880859375
-0.11005859375
-0.0861328125
-0.117236328125
-0.0765625
-0.098095703125
-0.1244140625
-0.136376953125
-0.165087890625
-0.210546875
-0.193798828125
-0.184228515625
-0.251220703125
-0.24404296875
-0.248828125
-0.25361328125
-0.21533203125
-0.198583984375
-0.227294921875
-0.227294921875
-0.2392578125
-0.222509765625
-0.256005859375
-0.30625
-0.189013671875
-0.2201171875
-0.189013671875
-0.2201171875
-0.18662109375
-0.1435546875
-0.169873046875
-0.093310546875
-0.098095703125
-0.059814453125
-0.074169921875
-0.069384765625
-0.0478515625
0.007177734375
0.064599609375
0.09091796875
0.11484375
0.136376953125
0.13876953125
0.184228515625
0.193798828125
0.179443359375
0.227294921875
0.248828125
0.2966796875
0.22490234375
0.222509765625
0.19140625
0.179443359375
0.172265625
0.193798828125
0.155517578125
0.133984375
0.05263671875
0.016748046875
0.12919921875
-0.09091796875
-0.03828125
-0.11484375
-0.13876953125
-0.2009765625
-0.22490234375
-0.265576171875
-0.256005859375
-0.327783203125
-0.389990234375
-0.363671875
-0.4115234375
-0.46416015625
-0.471337890625
-0.437841796875
-0.514404296875
-0.516796875
-0.55986328125
-0.614892578125
-0.59814453125
-0.471337890625
-0.61728515625
-0.624462890625
-0.619677734375
-0.638818359375
-0.662744140625
-0.66513671875
-0.657958984375
-0.638818359375
-0.581396484375
-0.55986328125
-0.595751953125
-0.593359375
-0.57900390625
-0.52158203125
-0.547900390625
-0.552685546875
-0.519189453125
-0.5263671875
-0.519189453125
-0.533544921875
-0.528759765625
-0.543115234375
-0.567041015625
-0.547900390625
-0.555078125
-0.54072265625
-0.4880859375
-0.519189453125
-0.547900390625
-0.480908203125
-0.456982421875
-0.440234375
-0.385205078125
-0.37802734375
-0.418701171875
-0.35888671875
-0.322998046875
-0.184228515625
-0.45458984375
-0.24404296875
-0.2201171875
-0.184228515625
-0.17705078125
-0.1626953125
-0.122021484375
-0.112451171875
-0.0861328125
-0.107666015625
-0.0861328125
-0.12919921875
-0.107666015625
-0.126806640625
-0.122021484375
-0.208154296875
-0.2775390625
-0.303857421875
-0.284716796875
-0.19140625
-0.36845703125
-0.41630859375
-0.43544921875
-0.39716796875
-0.31103515625
-0.3158203125
-0.495263671875
-0.49765625
-0.547900390625
-0.555078125
-0.6029296875
-0.643603515625
-0.72734375
-0.791943359375
-1.06469726562
-0.983349609375
-0.992919921875
-1.00009765625
-1.02163085938
-1.04077148438
-1.05991210938
-0.973779296875
-0.968994140625
-0.925927734375
-0.940283203125
-0.9857421875
-0.95703125
-1.00009765625
-0.9857421875
-1.0623046875
-1.0623046875
-1.01684570312
-1.04077148438
-1.03359375
-0.9474609375
-0.925927734375
-0.868505859375
-0.657958984375
-0.6412109375
-0.557470703125
-0.58857421875
-0.6603515625
-0.7560546875
-0.84697265625
-0.9474609375
-1.09340820313
-1.17475585938
-1.28002929688
-1.32788085938
-1.33984375
-1.36137695313
-1.25849609375
-1.31591796875
-1.14125976563
-1.03359375
-0.744091796875
-0.897216796875
-0.5263671875
-0.669921875
-0.4498046875
-0.44501953125
-0.363671875
-0.389990234375
-0.327783203125
-0.256005859375
-0.22490234375
-0.174658203125
-0.212939453125
-0.217724609375
-0.093310546875
-0.13876953125
-0.141162109375
-0.0287109375
-0.275146484375
-0.275146484375
-0.26796875
-0.356494140625
-0.3541015625
-0.404345703125
-0.3349609375
-0.4306640625
-0.3732421875
-0.26318359375
-0.217724609375
-0.088525390625
-0.08134765625
-0.021533203125
-0.01435546875
-0.069384765625
-0.122021484375
-0.189013671875
-0.23447265625
-0.32060546875
-0.3158203125
-0.409130859375
-0.380419921875
-0.342138671875
-0.34453125
-0.423486328125
-0.44501953125
-0.4880859375
-0.59814453125
-0.571826171875
-0.58857421875
-0.686669921875
-0.653173828125
-0.696240234375
-0.765625
-0.815869140625
-0.887646484375
-0.825439453125
-0.648388671875
-0.705810546875
-0.765625
-0.801513671875
-0.782373046875
-0.9091796875
-0.758447265625
-0.691455078125
-0.653173828125
-0.590966796875
-0.523974609375
-0.456982421875
-0.3923828125
-0.433056640625
-0.363671875
-0.351708984375
-0.29189453125
-0.227294921875
-0.145947265625
-0.04306640625
0.035888671875
0.11962890625
0.20576171875
0.29189453125
0.193798828125
0.332568359375
0.308642578125
0.3541015625
0.3158203125
0.19619140625
0.17705078125
0.0287109375
-0.002392578125
-0.11962890625
-0.17705078125
-0.30146484375
-0.2966796875
-0.40673828125
-0.380419921875
