-0.59814453125
-0.56943359375
-0.56943359375
-0.519189453125
-0.49287109375
-0.48330078125
-0.461767578125
-0.43544921875
-0.361279296875
-0.44501953125
-0.260791015625
-0.251220703125
-0.303857421875
-0.279931640625
-0.294287109375
-0.30146484375
-0.303857421875
-0.299072265625
-0.4498046875
-0.284716796875
-0.251220703125
-0.3158203125
-0.26796875
-0.222509765625
-0.184228515625
-0.198583984375
-0.17705078125
-0.15791015625
-0.15791015625
-0.20576171875
-0.2296875
-0.30625
-0.33017578125
-0.380419921875
-0.418701171875
-0.4498046875
-0.490478515625
-0.519189453125
-0.5072265625
-0.504833984375
-0.5263671875
-0.528759765625
-0.614892578125
-0.662744140625
-0.6890625
-0.6890625
-0.6890625
-0.7177734375
-0.72734375
-0.72255859375
-0.69384765625
-0.696240234375
-0.744091796875
-0.78955078125
-0.81826171875
-0.777587890625
-0.820654296875
-0.8517578125
-0.844580078125
-0.81826171875
-0.873291015625
-0.88046875
-0.897216796875
-0.916357421875
-0.91396484375
-0.949853515625
-0.940283203125
-0.945068359375
-0.99052734375
-1.03359375
-1.02641601563
-1.05512695313
-1.05034179688
-1.02641601563
-1.014453125
-0.992919921875
-1.00727539063
-1.01684570312
-1.01923828125
-1.0240234375
-1.00966796875
-1.01206054688
-0.9857421875
-0.945068359375
-0.9666015625
-0.99052734375
-0.988134765625
-0.95224609375
-1.052734375
-0.861328125
-0.8421875
-0.80869140625
-0.77998046875
-0.724951171875
-0.69384765625
-0.567041015625
-0.4115234375
-0.375634765625
-0.413916015625
-0.212939453125
-0.172265625
-0.212939453125
-0.212939453125
-0.287109375
-0.102880859375
-0.11005859375
-0.088525390625
-0.08134765625
-0.1244140625
-0.122021484375
-0.098095703125
-0.0765625
-0.05263671875
-0.07177734375
-0.08134765625
-0.088525390625
-0.1052734375
-0.117236328125
-0.095703125
-0.16748046875
-0.133984375
-0.02392578125
-0.236865234375
-0.284716796875
-0.37802734375
-0.385205078125
-0.4306640625
-0.41630859375
-0.461767578125
-0.480908203125
-0.50244140625
-0.5646484375
-0.593359375
-0.605322265625
-0.605322265625
-0.567041015625
-0.523974609375
-0.56943359375
-0.605322265625
-0.5646484375
-0.5359375
-0.571826171875
-0.389990234375
-0.33974609375
-0.198583984375
-0.16748046875
-0.0669921875
-0.002392578125
0.02392578125
0.136376953125
0.241650390625
0.222509765625
0.4306640625
0.476123046875
0.49287109375
0.696240234375
0.8708984375
0.925927734375
0.95224609375
0.9857421875
1.03359375
1.071875
1.11254882812
1.14604492188
1.19868164063
1.18193359375
1.24653320313
1.47143554688
1.41879882813
1.28720703125
1.24174804688
1.22739257813
1.28720703125
1.28481445313
1.3685546875
1.15083007813
1.09340820313
0.99052734375
0.964208984375
1.06708984375
0.873291015625
0.801513671875
0.672314453125
0.6220703125
0.47373046875
0.39716796875
0.332568359375
0.141162109375
0.057421875
-0.11962890625
-0.198583984375
-0.313427734375
-0.46416015625
-0.5072265625
-0.590966796875
-0.65078125
-0.734521484375
-0.806298828125
-0.937890625
-1.00249023438
-1.435546875
-1.50014648438
-1.50732421875
-1.52885742188
-1.58627929688
-1.68916015625
-1.72026367188
-1.81357421875
-1.66762695313
-1.66044921875
-1.65087890625
-1.66284179688
-1.82553710938
-1.65327148438
-1.59584960938
-1.57670898438
-1.52885742188
-1.46665039063
-1.40922851563
-1.3876953125
-1.41640625
-1.39008789063
-1.31831054688
-1.30395507812
-1.25131835938
-1.18911132813
-1.11015625
-1.22021484375
-0.983349609375
-0.9091796875
-0.88046875
-0.863720703125
-0.88046875
-0.686669921875
-0.63642578125
-0.59814453125
-0.5072265625
-0.586181640625
-0.332568359375
-0.28232421875
-0.172265625
-0.098095703125
-0.055029296875
0.0095703125
0.0669921875
0.150732421875
0.189013671875
0.232080078125
0.189013671875
0.401953125
0.35888671875
0.54072265625
0.547900390625
0.55986328125
0.662744140625
0.614892578125
0.7560546875
0.748876953125
0.631640625
0.796728515625
0.787158203125
0.839794921875
0.858935546875
0.916357421875
0.88525390625
0.784765625
0.94267578125
0.978564453125
0.97138671875
0.976171875
0.988134765625
0.973779296875
0.983349609375
0.992919921875
0.949853515625
0.9283203125
0.9953125
1.05034179688
1.03120117188
1.10297851563
1.12451171875
1.18432617188
1.16997070313
1.21303710938
1.225
1.18911132813
1.22260742188
1.21782226563
1.22260742188
1.22978515625
1.20825195312
1.091015625
1.14604492188
1.167578125
1.12451171875
1.03837890625
1.014453125
1.03837890625
0.997705078125
0.997705078125
0.973779296875
0.940283203125
0.854150390625
0.85654296875
0.83740234375
0.806298828125
0.74169921875
0.701025390625
0.65078125
0.631640625
0.555078125
0.5263671875
0.4689453125
0.452197265625
0.42587890625
0.44501953125
0.41630859375
0.399560546875
0.3923828125
0.34931640625
0.308642578125
0.279931640625
0.351708984375
0.32060546875
0.007177734375
0.00478515625
0.21533203125
0.275146484375
0.4498046875
0.246435546875
0.189013671875
0.19619140625
0.222509765625
0.24404296875
0.27275390625
0.236865234375
0.236865234375
0.222509765625
0.222509765625
0.18662109375
0.198583984375
0.160302734375
0.153125
0.112451171875
0.09091796875
0.03828125
0.002392578125
0.0287109375
0.141162109375
-0.04306640625
-0.0669921875
-0.112451171875
-0.031103515625
-0.031103515625
-0.145947265625
-0.153125
-0.145947265625
-0.131591796875
-0.03828125
-0.21533203125
-0.2201171875
-0.241650390625
-0.270361328125
-0.284716796875
-0.2966796875
-0.294287109375
-0.3158203125
-0.248828125
-0.279931640625
-0.30146484375
-0.32060546875
-0.294287109375
-0.31103515625
-0.287109375
-0.246435546875
-0.155517578125
-0.332568359375
-0.361279296875
-0.327783203125
-0.363671875
-0.356494140625
-0.332568359375
-0.32060546875
-0.313427734375
-0.313427734375
-0.322998046875
-0.29189453125
-0.2775390625
-0.256005859375
-0.256005859375
-0.208154296875
-0.172265625
-0.28232421875
-0.055029296875
-0.021533203125
0.03349609375
0.0765625
0.05263671875
0.24404296875
0.241650390625
0.308642578125
0.375634765625
0.42109375
0.442626953125
0.480908203125
0.53115234375
0.543115234375
0.48330078125
0.66513671875
0.68427734375
0.849365234375
0.8517578125
0.830224609375
0.83740234375
0.882861328125
0.825439453125
0.7751953125
0.784765625
0.7560546875
0.73212890625
0.686669921875
0.653173828125
0.581396484375
0.576611328125
0.571826171875
0.5072265625
0.500048828125
0.495263671875
0.423486328125
0.3923828125
0.351708984375
0.370849609375
0.327783203125
0.2296875
0.165087890625
0.031103515625
0.165087890625
0.0861328125
0.131591796875
-0.06220703125
-0.069384765625
-0.083740234375
-0.169873046875
-0.2583984375
-0.275146484375
-0.174658203125
-0.332568359375
-0.332568359375
-0.327783203125
-0.337353515625
-0.409130859375
-0.41630859375
-0.42109375
-0.40673828125
-0.409130859375
-0.308642578125
-0.471337890625
-0.433056640625
-0.456982421875
-0.471337890625
-0.6125
-0.466552734375
-0.485693359375
-0.57900390625
-0.39716796875
-0.423486328125
-0.42587890625
-0.413916015625
-0.3828125
-0.418701171875
-0.389990234375
-0.356494140625
-0.3541015625
-0.356494140625
-0.375634765625
-0.34453125
-0.30146484375
-0.3158203125
-0.37802734375
-0.39716796875
-0.363671875
-0.380419921875
-0.38759765625
-0.42587890625
-0.394775390625
-0.404345703125
-0.41630859375
-0.401953125
-0.37802734375
-0.401953125
-0.440234375
-0.452197265625
-0.471337890625
-0.533544921875
-0.547900390625
-0.56943359375
-0.653173828125
-0.667529296875
-0.70341796875
-0.720166015625
-0.739306640625
-0.796728515625
-0.77998046875
-0.758447265625
-0.77998046875
-0.777587890625
-0.75126953125
-0.72734375
-0.758447265625
-0.748876953125
-0.696240234375
-0.66513671875
-0.6125
-0.59814453125
-0.593359375
-0.59814453125
-0.56943359375
-0.538330078125
-0.509619140625
-0.50244140625
-0.4880859375
-0.476123046875
-0.48330078125
-0.495263671875
-0.523974609375
-0.55986328125
-0.648388671875
-0.701025390625
-0.83740234375
-0.940283203125
-0.9857421875
-1.23217773438
-1.34462890625
-1.52646484375
-1.57192382813
-1.65805664063
-1.56235351563
-1.8375
-1.6365234375
-1.66044921875
-1.96669921875
-1.69633789063
-1.53603515625
-1.75615234375
-1.6365234375
-1.5408203125
-1.36616210938
-1.14365234375
-1.03359375
-0.868505859375
-0.701025390625
-0.3349609375
-0.174658203125
0.03349609375
0.337353515625
0.4689453125
0.80869140625
0.899609375
0.91875
1.15561523438
1.19150390625
1.167578125
1.13168945313
1.05512695313
0.7943359375
0.64599609375
0.43544921875
0.2296875
-0.160302734375
-0.18662109375
-0.308642578125
-0.746484375
-0.63642578125
-0.634033203125
-0.7369140625
-0.868505859375
-0.935498046875
-0.80390625
-0.839794921875
-0.945068359375
-0.937890625
-1.071875
-0.902001953125
-1.0431640625
-1.1005859375
-1.13647460938
-1.17475585938
-1.26328125
-1.29916992188
-1.34702148438
-1.40205078125
-1.33745117188
-1.3685546875
-1.33266601563
-1.2537109375
-1.36376953125
-1.15322265625
-1.18671875
-0.978564453125
-0.906787109375
-0.811083984375
-0.681884765625
-0.600537109375
-0.52158203125
-0.447412109375
-0.456982421875
-0.19619140625
-0.0287109375
0.016748046875
0.059814453125
0.284716796875
0.294287109375
0.24404296875
0.232080078125
0.1244140625
0.035888671875
-0.0287109375
-0.09091796875
-0.11484375
-0.112451171875
-0.083740234375
-0.122021484375
-0.1818359375
-0.22490234375
-0.222509765625
-0.2201171875
-0.165087890625
-0.208154296875
-0.2009765625
-0.1244140625
-0.098095703125
-0.15791015625
-0.13876953125
-0.11962890625
-0.098095703125
-0.019140625
0.019140625
0.0095703125
0.040673828125
0.01435546875
0.0669921875
0.08134765625
0.098095703125
0.035888671875
0.09091796875
0.112451171875
0.13876953125
0.11962890625
0.2775390625
0.212939453125
0.198583984375
0.289501953125
0.44501953125
0.189013671875
0.356494140625
0.413916015625
0.42109375
0.459375
0.42587890625
0.42109375
0.43544921875
0.418701171875
0.346923828125
0.36845703125
0.308642578125
0.33017578125
0.251220703125
0.248828125
0.174658203125
0.20576171875
0.13876953125
0.117236328125
0.057421875
0.04306640625
0.002392578125
-0.016748046875
-0.0095703125
-0.064599609375
-0.102880859375
-0.150732421875
-0.1626953125
-0.18662109375
-0.2296875
-0.217724609375
-0.2201171875
-0.256005859375
-0.256005859375
-0.2392578125
-0.30146484375
-0.356494140625
-0.337353515625
-0.342138671875
-0.34931640625
-0.363671875
-0.39716796875
-0.404345703125
-0.423486328125
-0.404345703125
-0.4115234375
-0.437841796875
