-0.210546875
-0.1818359375
-0.133984375
-0.102880859375
-0.021533203125
-0.12919921875
-0.0287109375
0.0095703125
0.021533203125
0.095703125
0.057421875
0.03828125
0.03828125
0.064599609375
-0.02392578125
-0.088525390625
-0.016748046875
-0.1626953125
-0.25361328125
-0.337353515625
-0.198583984375
-0.308642578125
-0.49765625
-0.58857421875
-0.62685546875
-0.710595703125
-0.6220703125
-0.777587890625
-0.81826171875
-0.86611328125
-0.892431640625
-0.90439453125
-0.93310546875
-0.93310546875
-0.959423828125
-0.92353515625
-0.930712890625
-0.954638671875
-0.892431640625
-0.849365234375
-0.82783203125
-0.7369140625
-0.691455078125
-0.631640625
-0.605322265625
-0.555078125
-0.45458984375
-0.409130859375
-0.322998046875
-0.418701171875
-0.2392578125
-0.236865234375
-0.179443359375
-0.1244140625
-0.093310546875
-0.0669921875
-0.069384765625
-0.0478515625
0.0
0.019140625
0.057421875
0.08134765625
0.069384765625
0.0669921875
0.126806640625
0.136376953125
0.12919921875
0.007177734375
0.184228515625
0.22490234375
0.203369140625
0.18662109375
0.2201171875
0.21533203125
0.2296875
0.19619140625
0.1818359375
0.222509765625
0.19140625
0.174658203125
0.184228515625
0.189013671875
0.15791015625
0.1435546875
0.17705078125
0.198583984375
0.13876953125
0.169873046875
0.210546875
0.1818359375
0.145947265625
0.189013671875
0.17705078125
0.12919921875
0.133984375
0.102880859375
0.107666015625
0.0669921875
0.03349609375
0.031103515625
-0.00478515625
-0.14833984375
-0.00478515625
-0.055029296875
-0.095703125
-0.117236328125
-0.19140625
-0.210546875
-0.246435546875
-0.260791015625
-0.287109375
-0.15791015625
-0.33017578125
-0.3349609375
-0.375634765625
-0.42587890625
-0.44501953125
-0.495263671875
-0.519189453125
-0.500048828125
-0.495263671875
-0.576611328125
-0.6125
-0.600537109375
-0.509619140625
-0.667529296875
-0.677099609375
-0.710595703125
-0.701025390625
-0.708203125
-0.763232421875
-0.796728515625
-0.777587890625
-0.806298828125
-0.801513671875
-0.806298828125
-0.8134765625
-0.796728515625
-0.825439453125
-0.777587890625
-0.78955078125
-0.844580078125
-0.8326171875
-0.81826171875
-0.78955078125
-0.782373046875
-0.85654296875
-0.830224609375
-0.796728515625
-0.7751953125
-0.77041015625
-0.787158203125
-0.765625
-0.916357421875
-0.744091796875
-0.7560546875
-0.739306640625
-0.729736328125
-0.748876953125
-0.744091796875
-0.763232421875
-0.7560546875
-0.70341796875
-0.68427734375
-0.6794921875
-0.672314453125
-0.62685546875
-0.590966796875
-0.576611328125
-0.533544921875
-0.5455078125
-0.523974609375
-0.514404296875
-0.495263671875
-0.40673828125
-0.433056640625
-0.399560546875
-0.401953125
-0.37802734375
-0.35888671875
-0.35888671875
-0.318212890625
-0.3349609375
-0.337353515625
-0.31103515625
-0.327783203125
-0.332568359375
-0.30625
-0.318212890625
-0.28232421875
-0.251220703125
-0.270361328125
-0.256005859375
-0.2775390625
-0.265576171875
-0.28232421875
-0.308642578125
-0.248828125
-0.25361328125
-0.155517578125
-0.28232421875
-0.260791015625
-0.246435546875
-0.289501953125
-0.26318359375
-0.294287109375
-0.294287109375
-0.351708984375
-0.363671875
-0.366064453125
-0.3828125
-0.363671875
-0.409130859375
-0.3828125
-0.41630859375
-0.48330078125
-0.500048828125
-0.50244140625
-0.53115234375
-0.51201171875
-0.50244140625
-0.490478515625
-0.504833984375
-0.4880859375
-0.485693359375
-0.5359375
-0.5263671875
-0.516796875
-0.500048828125
-0.47373046875
-0.49765625
-0.461767578125
-0.456982421875
-0.4498046875
-0.418701171875
-0.42587890625
-0.41630859375
-0.399560546875
-0.389990234375
-0.35888671875
-0.356494140625
-0.34931640625
-0.2966796875
-0.308642578125
-0.3349609375
-0.31103515625
-0.30625
-0.287109375
-0.270361328125
-0.241650390625
-0.23447265625
-0.217724609375
-0.2296875
-0.212939453125
-0.165087890625
-0.133984375
-0.131591796875
-0.0765625
-0.0669921875
-0.021533203125
-0.007177734375
0.011962890625
0.050244140625
0.09091796875
0.141162109375
0.150732421875
0.136376953125
0.141162109375
0.165087890625
0.210546875
0.25361328125
0.256005859375
0.275146484375
0.26318359375
0.25361328125
0.29189453125
0.2775390625
0.26796875
0.270361328125
0.24404296875
0.19619140625
0.174658203125
0.1244140625
0.12919921875
0.09091796875
-0.00478515625
-0.064599609375
-0.126806640625
-0.155517578125
-0.11962890625
-0.2583984375
-0.27275390625
-0.318212890625
-0.409130859375
-0.42587890625
-0.3349609375
-0.533544921875
-0.5837890625
-0.624462890625
-0.614892578125
-0.686669921875
-0.729736328125
-0.7751953125
-0.782373046875
-0.8421875
-0.86611328125
-0.906787109375
-0.949853515625
-0.954638671875
-0.978564453125
-1.04077148438
-1.05751953125
-1.08623046875
-1.10537109375
-1.09819335938
-1.1388671875
-1.13647460938
-1.12690429688
-1.15561523438
-1.1580078125
-1.11015625
-1.08623046875
-1.21782226563
-1.071875
-1.04077148438
-1.04555664063
-1.05512695313
-0.997705078125
-0.954638671875
-0.9857421875
-0.968994140625
-0.8517578125
-0.8517578125
-0.8134765625
-0.7943359375
-0.8900390625
-0.71298828125
-0.686669921875
-0.65556640625
-0.57421875
-0.557470703125
-0.504833984375
-0.471337890625
-0.423486328125
-0.37802734375
-0.351708984375
-0.33017578125
-0.2583984375
-0.227294921875
-0.193798828125
-0.160302734375
-0.088525390625
-0.055029296875
0.016748046875
0.05263671875
0.0669921875
0.093310546875
0.145947265625
0.107666015625
0.251220703125
0.2583984375
0.2775390625
0.30625
0.313427734375
0.31103515625
0.322998046875
0.337353515625
0.33017578125
0.29189453125
0.287109375
0.25361328125
0.246435546875
0.16748046875
0.1435546875
0.12919921875
0.122021484375
0.0287109375
0.016748046875
-0.031103515625
-0.122021484375
-0.212939453125
-0.251220703125
-0.337353515625
-0.342138671875
-0.523974609375
-0.461767578125
-0.6412109375
-0.667529296875
-0.753662109375
-0.89482421875
-0.91396484375
-1.00249023438
-1.06469726562
-1.05751953125
-1.18432617188
-1.25610351562
-1.3302734375
-1.3685546875
-1.41401367188
-1.46186523438
-1.54799804688
-1.66762695313
-1.56474609375
-1.62934570313
-1.67958984375
-1.67001953125
-1.72026367188
-1.68198242188
-1.6556640625
-1.61499023438
-1.5791015625
-1.55278320313
-1.5216796875
-1.44272460938
-1.31831054688
-1.28720703125
-1.22021484375
-1.10297851563
-1.04794921875
-0.954638671875
-0.868505859375
-0.784765625
-0.67470703125
-0.65078125
-0.57421875
-0.399560546875
-0.325390625
-0.303857421875
-0.1052734375
-0.026318359375
0.160302734375
0.232080078125
0.2009765625
0.389990234375
0.44501953125
0.461767578125
0.653173828125
0.667529296875
0.75126953125
0.823046875
0.9091796875
0.882861328125
0.784765625
0.964208984375
1.02163085938
1.05034179688
1.03837890625
1.0623046875
1.071875
1.05991210938
1.052734375
1.04555664063
1.0623046875
1.07426757813
1.0431640625
1.05991210938
1.04077148438
0.95703125
0.97138671875
0.97138671875
0.854150390625
0.823046875
0.897216796875
0.6890625
0.6412109375
0.69384765625
0.509619140625
0.440234375
0.322998046875
0.236865234375
0.11005859375
0.0861328125
0.01435546875
-0.16748046875
-0.19140625
-0.198583984375
-0.428271484375
-0.447412109375
-0.60771484375
-0.669921875
-0.648388671875
-0.873291015625
-0.945068359375
-1.09340820313
-1.14125976563
-1.10776367188
-1.35419921875
-1.4068359375
-1.48818359375
-1.55517578125
-1.64609375
-1.69633789063
-1.71547851563
-1.79204101563
-1.79921875
-1.856640625
-1.85424804688
-1.86381835938
-1.8279296875
-1.81357421875
-1.79921875
-1.7609375
-1.7130859375
-1.66762695313
-1.5982421875
-1.62456054688
-1.39965820312
-1.32548828125
-1.16040039062
-1.071875
-1.01206054688
-0.782373046875
-0.681884765625
-0.5837890625
-0.3541015625
-0.198583984375
0.0861328125
0.172265625
0.25361328125
0.543115234375
0.708203125
0.9474609375
1.10537109375
1.37573242188
1.50014648438
1.59584960938
1.7896484375
1.93081054688
2.009765625
2.28491210938
2.37104492188
2.5169921875
2.61987304688
2.737109375
2.80170898438
2.84477539063
2.88784179688
2.91416015625
3.005078125
3.02182617188
3.06489257813
3.08642578125
3.0625
2.97397460938
2.96440429688
2.95961914063
3.00986328125
2.70361328125
2.49306640625
2.35668945312
2.17485351563
1.96669921875
1.61259765625
1.35419921875
1.05751953125
0.681884765625
0.39716796875
0.126806640625
-0.322998046875
-0.61728515625
-0.88046875
-1.33984375
-1.64130859375
-1.91884765625
-2.20834960938
-2.35908203125
-2.71796875
-2.96918945313
-3.19409179688
-3.3783203125
-3.61518554688
-3.65346679688
-3.79702148438
-3.86401367188
-3.95493164063
-3.98603515625
-4.03388671875
-4.01235351563
-3.95971679688
-3.8759765625
-3.81616210938
-3.7515625
-3.54819335938
-3.36635742188
-3.3017578125
-2.97397460938
-2.87348632813
-2.47631835938
-2.17485351563
-1.9427734375
-1.8087890625
-1.4451171875
-1.21064453125
-1.00966796875
-0.567041015625
-0.30146484375
-0.0669921875
0.318212890625
0.567041015625
0.796728515625
1.19150390625
1.40444335938
1.53603515625
1.90209960938
2.02651367188
2.26337890625
2.34711914063
2.48588867188
2.48349609375
2.65336914063
2.737109375
2.75385742188
2.82563476563
2.82084960938
2.79213867188
2.737109375
2.603125
2.4787109375
2.45478515625
2.21791992188
2.08154296875
1.83989257813
1.63173828125
1.50971679688
0.968994140625
0.619677734375
0.346923828125
0.1244140625
-0.246435546875
-0.552685546875
-0.83740234375
-1.01206054688
-1.16040039062
-1.26806640625
-1.28959960938
-1.205859375
-1.1771484375
-1.0048828125
-0.80869140625
-0.72734375
-0.332568359375
-0.241650390625
-0.122021484375
0.260791015625
0.30625
0.59814453125
0.614892578125
0.67470703125
0.715380859375
0.6890625
0.73212890625
0.509619140625
0.46416015625
0.44501953125
0.433056640625
0.227294921875
0.165087890625
0.11962890625
0.09091796875
0.002392578125
-0.064599609375
-0.11005859375
-0.13876953125
-0.21533203125
-0.232080078125
-0.246435546875
-0.26318359375
-0.3541015625
-0.3349609375
-0.389990234375
-0.44501953125
-0.44501953125
-0.43544921875
-0.516796875
-0.478515625
-0.528759765625
-0.5646484375
-0.624462890625
-0.715380859375
-0.81826171875
-0.8134765625
-0.882861328125
-0.937890625
-1.014453125
-1.07666015625
-1.15322265625
-1.225
-1.28481445313
-1.36616210938
-1.44033203125
-1.51689453125
-1.40205078125
-1.5982421875
-1.6556640625
-1.72026367188
-1.8087890625
-1.83989257813
-1.8853515625
-1.95234375
-1.90927734375
