-1.89970703125
-1.90927734375
-1.89252929688
-1.87578125
-1.85185546875
-1.71787109375
-1.65087890625
-1.59106445313
-1.4833984375
-1.42119140625
-1.3494140625
-1.11733398438
-1.04077148438
-0.906787109375
-0.801513671875
-0.753662109375
-0.495263671875
-0.366064453125
-0.122021484375
-0.002392578125
0.0765625
0.385205078125
0.500048828125
0.6412109375
0.91396484375
0.997705078125
1.23696289063
1.36137695313
1.41640625
1.68916015625
1.78247070313
1.99780273438
2.10786132813
2.24184570313
2.25620117188
2.31362304688
2.39497070313
2.41650390625
2.50502929688
2.49306640625
2.47392578125
2.49067382813
2.45717773438
2.50024414062
2.49306640625
2.4595703125
2.34951171875
2.35668945312
2.30883789062
2.27294921875
2.21791992188
2.28251953125
2.10786132813
2.0671875
2.0384765625
1.9619140625
1.92841796875
1.87338867188
1.88056640625
1.87099609375
1.8470703125
1.96430664063
1.7705078125
1.75854492188
1.76811523438
1.76811523438
1.72983398438
1.73940429688
1.7130859375
1.71547851563
1.6556640625
1.66044921875
1.665234375
1.61259765625
1.588671875
1.55756835938
1.40205078125
1.5408203125
1.47622070313
1.42119140625
1.39008789063
1.50014648438
1.33745117188
1.32309570313
1.29677734375
1.23935546875
1.2154296875
1.20825195312
1.20107421875
1.1484375
1.071875
1.06469726562
1.05512695313
0.992919921875
1.04077148438
0.811083984375
0.796728515625
0.6603515625
0.614892578125
0.54072265625
0.46416015625
0.361279296875
0.22490234375
0.15791015625
0.09091796875
-0.01435546875
-0.074169921875
-0.222509765625
-0.28232421875
-0.33974609375
-0.543115234375
-0.595751953125
-0.7369140625
-0.81826171875
-0.861328125
-1.08623046875
-1.16040039062
-1.44272460938
-1.49296875
-1.64130859375
-1.76333007813
-1.84467773438
-1.8853515625
-2.11264648438
-2.18203125
-2.33037109375
-2.38779296875
-2.603125
-2.6796875
-2.69643554688
-2.8328125
-2.89741210938
-2.99790039063
-3.04575195313
-3.09360351563
-3.23715820313
-3.29936523438
-3.33764648438
-3.39506835938
-3.42377929688
-3.53623046875
-3.60322265625
-3.62475585938
-3.6654296875
-3.72045898438
-3.80659179688
-3.84248046875
-3.8951171875
-3.92622070313
-3.93100585938
-3.87358398438
-4.0291015625
-4.03149414062
-4.0482421875
-4.06020507813
-4.09848632813
-4.08413085938
-4.05541992188
-4.0291015625
-4.02670898438
-4.05302734375
-4.03388671875
-3.98603515625
-3.93818359375
-3.88793945313
-3.97885742188
-3.76831054688
-3.71328125
-3.50751953125
-3.45966796875
-3.29936523438
-3.21323242188
-3.10317382813
-3.06010742188
-2.775390625
-2.66293945313
-2.41650390625
-2.28012695313
-2.17724609375
-1.91884765625
-1.78247070313
-1.53842773438
-1.36616210938
-1.08862304688
-0.93310546875
-0.78955078125
-0.562255859375
-0.4115234375
-0.189013671875
-0.026318359375
0.107666015625
0.3732421875
0.490478515625
0.681884765625
1.02880859375
1.15322265625
1.49296875
1.71787109375
1.8470703125
2.07197265625
2.15571289063
2.28491210938
2.3638671875
2.42368164063
2.43325195313
2.39497070313
2.29926757813
2.2681640625
2.162890625
2.0958984375
1.91884765625
1.54799804688
1.40205078125
0.99052734375
0.80390625
0.543115234375
0.322998046875
0.0287109375
-0.0287109375
-0.303857421875
-0.418701171875
-0.7177734375
-0.882861328125
-1.13647460938
-1.4068359375
-1.49057617188
-1.73701171875
-1.8375
-2.07915039063
-2.22270507813
-2.430859375
-2.53134765625
-2.75625
-2.8232421875
-3.0912109375
-3.09360351563
-3.32568359375
-3.51948242188
-3.55776367188
-3.655859375
-3.732421875
-3.78984375
-3.88076171875
-3.98603515625
-4.02670898438
-4.10805664063
-4.09370117188
-4.16069335938
-4.2587890625
-4.11284179688
-4.03388671875
-4.03149414062
-4.11044921875
-3.87358398438
-3.82573242188
-3.70610351563
-3.66064453125
-3.52426757813
-3.4740234375
-3.37114257813
-3.18452148438
-3.09838867188
-3.04575195313
-2.81127929688
-2.7275390625
-2.53374023438
-2.40932617188
-2.27294921875
-1.990625
-1.87338867188
-1.82314453125
-1.56474609375
-1.435546875
-1.13408203125
-1.01206054688
-0.77998046875
-0.653173828125
-0.5455078125
-0.375634765625
-0.270361328125
-0.145947265625
0.026318359375
0.1244140625
0.289501953125
0.38759765625
0.4689453125
0.6890625
0.724951171875
0.861328125
0.921142578125
1.01923828125
1.12211914063
1.1771484375
1.29677734375
1.32788085938
1.38530273438
1.48579101563
1.47861328125
1.49057617188
1.49296875
1.53364257813
1.5216796875
1.53842773438
1.67001953125
1.5216796875
1.5025390625
1.43793945313
1.42836914063
1.4833984375
1.3111328125
1.26567382813
1.16997070313
1.12690429688
1.16518554688
0.9666015625
0.916357421875
0.782373046875
0.708203125
0.744091796875
0.528759765625
0.4306640625
0.35888671875
0.26318359375
0.279931640625
0.0765625
0.019140625
-0.133984375
-0.246435546875
-0.399560546875
-0.47373046875
-0.567041015625
-0.619677734375
-0.911572265625
-0.964208984375
-1.1388671875
-1.26806640625
-1.25849609375
-1.49536132812
-1.6078125
-1.80161132813
-1.90688476563
-1.99301757813
-2.06958007812
-2.2681640625
-2.33754882813
-2.49545898438
-2.55766601563
-2.68686523438
-2.71796875
-2.83520507812
-2.86870117188
-2.9380859375
-2.93090820312
-3.16059570313
-3.196484375
-3.16059570313
-3.21801757813
-3.2921875
-3.29936523438
-3.24672851563
-3.19169921875
-3.18930664063
-3.17255859375
-3.10795898438
-3.04814453125
-2.98354492188
-2.91655273438
-2.84716796875
-2.7658203125
-2.69643554688
-2.72275390625
-2.49306640625
-2.41650390625
-2.24663085938
-2.15810546875
-2.01694335938
-1.89252929688
-1.77768554688
-1.74897460938
-1.49296875
-1.41401367188
-1.21303710938
-1.06948242188
-1.05034179688
-0.78955078125
-0.66513671875
-0.476123046875
-0.399560546875
-0.198583984375
-0.0861328125
0.0095703125
0.23447265625
0.325390625
0.38759765625
0.614892578125
0.696240234375
0.839794921875
0.935498046875
1.00966796875
1.13408203125
1.19868164063
1.33505859375
1.378125
1.44272460938
1.58149414063
1.6748046875
1.79443359375
1.7322265625
1.94755859375
1.85424804688
2.086328125
2.048046875
2.048046875
2.02412109375
1.98344726563
1.87578125
1.79204101563
1.75375976563
1.7896484375
1.58149414063
1.50493164063
1.39965820312
1.34462890625
1.22260742188
1.07426757813
0.949853515625
0.7751953125
0.576611328125
0.41630859375
0.2296875
-0.12919921875
-0.37802734375
-0.605322265625
-1.0048828125
-1.225
-1.4833984375
-1.87099609375
-2.14853515625
-2.33994140625
-2.71796875
-2.9763671875
-2.9380859375
-3.273046875
-3.29458007813
-3.33286132813
-3.22758789063
-3.09360351563
-2.9763671875
-2.77299804688
-2.62705078125
-2.29926757813
-2.11025390625
-1.9044921875
-1.50493164063
-1.29677734375
-1.02880859375
-0.63642578125
-0.375634765625
-0.2296875
0.122021484375
0.34453125
0.533544921875
0.681884765625
0.858935546875
0.86611328125
0.90439453125
0.9666015625
0.976171875
1.00249023438
0.9666015625
0.9666015625
0.887646484375
0.825439453125
0.811083984375
0.902001953125
0.720166015625
0.696240234375
0.64599609375
0.576611328125
0.571826171875
0.547900390625
0.56943359375
0.567041015625
0.65078125
0.8900390625
1.01684570312
1.1962890625
1.26088867188
1.52646484375
1.36137695313
1.08383789063
0.89482421875
0.423486328125
0.10048828125
-0.22490234375
-0.5359375
-0.791943359375
-0.978564453125
-1.14125976563
-1.10537109375
-1.282421875
-1.30395507812
-1.29916992188
-1.24892578125
-1.34223632813
-1.15561523438
-1.08383789063
-0.983349609375
-0.940283203125
-0.906787109375
-0.899609375
-0.80390625
-0.76083984375
-0.705810546875
-0.65078125
-0.610107421875
-0.5359375
-0.543115234375
-0.514404296875
-0.49765625
-0.394775390625
-0.363671875
-0.4115234375
-0.21533203125
-0.107666015625
-0.040673828125
0.0669921875
0.136376953125
0.153125
0.1818359375
0.356494140625
0.447412109375
0.50244140625
0.543115234375
0.624462890625
0.696240234375
0.72734375
0.76083984375
0.844580078125
0.85654296875
0.9953125
1.03359375
0.930712890625
1.09580078125
1.15083007813
1.12690429688
1.26088867188
1.320703125
1.35659179688
1.37573242188
1.33745117188
1.36376953125
1.40444335938
1.45947265625
1.45708007813
1.435546875
1.47143554688
1.46665039063
1.48818359375
1.44272460938
1.44990234375
1.41879882813
1.34702148438
1.26328125
1.22021484375
1.17954101563
1.16518554688
1.0048828125
0.973779296875
1.0048828125
0.85654296875
0.796728515625
0.74169921875
0.6794921875
0.57900390625
0.516796875
0.37802734375
0.40673828125
0.27275390625
0.069384765625
-0.016748046875
-0.136376953125
-0.222509765625
-0.26318359375
-0.3541015625
-0.325390625
-0.593359375
-0.643603515625
-0.734521484375
-0.82783203125
-0.925927734375
-1.01206054688
-1.19868164063
-1.29916992188
-1.27045898438
-1.51689453125
-1.66762695313
-1.77529296875
-1.91166992188
-2.05043945313
-2.21791992188
-2.14853515625
-2.43325195313
-2.55288085938
-2.6318359375
-2.65815429688
-2.78017578125
-2.77299804688
-2.84956054688
-2.84956054688
-2.83041992188
-2.83520507812
-2.87587890625
-2.83759765625
-2.87587890625
-2.8615234375
-2.7466796875
-2.54809570312
-2.42368164063
-2.33037109375
-2.1724609375
-2.0193359375
-1.86860351563
-1.81118164063
-1.55756835938
-1.63173828125
-1.42836914063
-1.4451171875
-1.4068359375
-1.37094726563
-1.29916992188
-1.20825195312
-1.07426757813
-0.95703125
-0.87568359375
-0.691455078125
-0.516796875
-0.3349609375
-0.055029296875
0.217724609375
0.605322265625
0.89482421875
1.12690429688
1.41162109375
1.69633789063
1.91166992188
2.1341796875
2.36865234375
2.6318359375
2.8998046875
3.09838867188
3.23237304688
3.37114257813
3.40942382813
3.59125976563
3.55776367188
3.65825195313
3.39267578125
3.28979492188
3.20126953125
3.02182617188
2.83759765625
2.67250976563
2.31362304688
2.2107421875
1.77529296875
1.47622070313
1.19389648438
0.861328125
0.629248046875
0.34453125
0.07177734375
-0.232080078125
-0.380419921875
-0.57900390625
-0.801513671875
-0.93310546875
-1.05512695313
-1.09819335938
-1.31352539063
-1.41162109375
-1.48579101563
-1.50971679688
-1.59106445313
-1.56235351563
-1.55278320313
-1.51450195313
-1.44272460938
-1.35659179688
-1.244140625
-1.1962890625
-1.13647460938
-1.08623046875
-1.014453125
-0.988134765625
-0.98095703125
-0.954638671875
-0.94267578125
-1.00966796875
-1.0431640625
