0.858935546875
0.882861328125
0.8517578125
0.7943359375
0.734521484375
0.648388671875
0.562255859375
0.504833984375
-0.581396484375
-0.87568359375
-0.964208984375
-1.28002929688
-1.5599609375
-1.78725585938
-1.93559570313
-2.15092773438
-2.16528320312
-2.4021484375
-2.47392578125
-2.545703125
-2.58637695313
-2.49545898438
-2.40693359375
-2.31362304688
-2.25859375
-1.89252929688
-1.70112304688
-1.45708007813
-1.01684570312
-0.724951171875
-0.279931640625
0.0095703125
0.49765625
0.784765625
1.1962890625
1.46665039063
1.85185546875
2.11264648438
2.24184570313
2.43564453125
2.51220703125
2.583984375
2.55288085938
2.507421875
2.3638671875
2.2490234375
2.1150390625
1.75375976563
1.50971679688
1.11733398438
0.82783203125
0.322998046875
-0.06220703125
-0.576611328125
-0.945068359375
-1.31831054688
-1.84228515625
-2.27534179688
-2.75146484375
-3.22041015625
-3.52905273438
-3.94296875
-4.2013671875
-4.31142578125
-4.6703125
-4.87607421875
-4.995703125
-5.01005859375
-5.187109375
-5.033984375
-5.0435546875
-4.95981445313
-4.93110351563
-4.75883789063
-4.72294921875
-4.65834960938
-4.48369140625
-4.32578125
-4.2875
-4.03388671875
-3.9046875
-3.62475585938
-3.47641601563
-3.28979492188
-2.9763671875
-2.80170898438
-2.45478515625
-2.26098632812
-2.09829101563
-1.76333007813
-1.54799804688
-1.2154296875
-1.01684570312
-0.85654296875
-0.538330078125
-0.322998046875
-0.098095703125
0.193798828125
0.394775390625
0.724951171875
0.878076171875
0.9666015625
1.29677734375
1.44990234375
1.73461914063
1.86860351563
2.0001953125
2.26577148438
2.392578125
2.62944335938
2.775390625
2.78974609375
3.03139648438
3.119921875
3.2921875
3.3400390625
3.464453125
3.5123046875
3.58408203125
3.62236328125
3.6462890625
3.64150390625
3.64389648438
3.6654296875
3.69174804688
3.6271484375
3.62236328125
3.60561523438
3.59604492188
3.655859375
3.44770507813
3.4357421875
3.33764648438
3.2826171875
3.29697265625
3.10795898438
2.94765625
2.86391601563
2.78256835938
2.737109375
2.4787109375
2.37822265625
2.17006835938
2.05522460938
1.85424804688
1.85424804688
1.62934570313
1.48100585938
1.36137695313
1.071875
0.98095703125
0.724951171875
0.586181640625
0.452197265625
0.1435546875
0.064599609375
-0.222509765625
-0.366064453125
-0.64599609375
-0.77041015625
-0.902001953125
-1.20825195312
-1.3494140625
-1.42836914063
-1.6748046875
-1.703515625
-2.009765625
-2.16528320312
-2.16528320312
-2.4212890625
-2.51938476563
-2.62944335938
-2.71796875
-2.84716796875
-2.88784179688
-2.95961914063
-2.95004882813
-2.9859375
-3.043359375
-3.04096679688
-3.1103515625
-3.10795898438
-3.0912109375
-3.06967773438
-3.02900390625
-3.0146484375
-2.99072265625
-2.95483398438
-3.04814453125
-2.85434570313
-2.83041992188
-2.68208007813
-2.660546875
-2.72036132813
-2.52177734375
-2.4595703125
-2.35190429688
-2.296875
-2.16049804688
-2.05283203125
-1.93081054688
-1.81357421875
-1.70112304688
-1.6556640625
-1.39008789063
-1.3111328125
-1.06948242188
-0.9666015625
-0.9091796875
-0.653173828125
-0.547900390625
-0.3158203125
-0.23447265625
-0.00478515625
0.0861328125
0.184228515625
0.380419921875
0.45458984375
0.495263671875
0.720166015625
0.80869140625
0.8326171875
1.05991210938
1.13408203125
1.27524414063
1.35419921875
1.48579101563
1.56953125
1.61499023438
1.72026367188
1.79921875
1.90688476563
1.97387695313
2.01455078125
2.06479492188
2.11264648438
2.162890625
2.2107421875
2.27534179688
2.30166015625
2.32080078125
2.33037109375
2.34711914063
2.3638671875
2.34711914063
2.33037109375
2.354296875
2.32797851563
2.30405273438
2.27294921875
2.239453125
2.16528320312
2.12221679688
2.07915039063
1.990625
1.9140625
1.84467773438
1.78725585938
1.73461914063
1.6078125
1.51450195313
1.397265625
1.33984375
1.23217773438
1.22260742188
0.964208984375
0.7943359375
0.705810546875
0.6220703125
0.593359375
0.38759765625
0.303857421875
0.088525390625
0.002392578125
-0.14833984375
-0.2009765625
-0.260791015625
-0.4115234375
-0.476123046875
-0.586181640625
-0.6412109375
-0.701025390625
-0.81826171875
-0.85654296875
-0.823046875
-1.04555664063
-1.071875
-1.1197265625
-1.129296875
-1.19389648438
-1.22260742188
-1.25610351562
-1.25849609375
-1.29438476563
-1.3015625
-1.30634765625
-1.320703125
-1.34223632813
-1.38051757813
-1.23217773438
-1.43793945313
-1.435546875
-1.42358398438
-1.41879882813
-1.43793945313
-1.48579101563
-1.51928710938
-1.53603515625
-1.54799804688
-1.55278320313
-1.5599609375
-1.50971679688
-1.53125
-1.51450195313
-1.50971679688
-1.4833984375
-1.44750976562
-1.42836914063
-1.40922851563
-1.41640625
-1.24892578125
-1.43076171875
-1.43076171875
-1.4259765625
-1.42836914063
-1.473828125
-1.47143554688
-1.39248046875
-1.40922851563
-1.378125
-1.36376953125
-1.397265625
-1.3685546875
-1.35180664062
-1.2537109375
-1.40922851563
-1.45947265625
-1.4451171875
-1.45947265625
-1.47622070313
-1.48100585938
-1.49296875
-1.46665039063
-1.53842773438
-1.51928710938
-1.50971679688
-1.54560546875
-1.49057617188
-1.45708007813
-1.41879882813
-1.378125
-1.20346679688
-1.1580078125
-1.129296875
-1.11254882812
-0.9666015625
-0.8421875
-0.739306640625
-0.593359375
-0.528759765625
-0.4689453125
-0.413916015625
-0.3828125
-0.2296875
-0.198583984375
-0.07177734375
-0.016748046875
0.1052734375
0.14833984375
0.246435546875
0.456982421875
0.55029296875
0.746484375
0.835009765625
0.84697265625
1.11254882812
1.25131835938
1.43315429688
1.5216796875
1.64370117188
1.72265625
1.83032226563
1.98823242188
2.06479492188
2.02172851562
2.22270507813
2.26337890625
2.296875
2.33037109375
2.41411132813
2.42368164063
2.316015625
2.48828125
2.46196289063
2.45717773438
2.4212890625
2.36147460938
2.32080078125
2.27294921875
2.19877929688
2.11743164062
1.97866210938
1.94038085938
1.92841796875
1.71069335938
1.6939453125
1.50014648438
1.39008789063
1.244140625
1.13408203125
1.0431640625
0.854150390625
0.72734375
0.538330078125
0.4498046875
0.428271484375
0.172265625
0.045458984375
-0.131591796875
-0.198583984375
-0.198583984375
-0.440234375
-0.5455078125
-0.64599609375
-0.73212890625
-0.844580078125
-0.90439453125
-1.02880859375
-1.08383789063
-1.12690429688
-1.15561523438
-1.19150390625
-1.25610351562
-1.2728515625
-1.282421875
-1.282421875
-1.23935546875
-1.2154296875
-1.15322265625
-1.11733398438
-1.07666015625
-1.04555664063
-0.9283203125
-0.844580078125
-0.88525390625
-0.6603515625
-0.581396484375
-0.423486328125
-0.35888671875
-0.260791015625
-0.193798828125
-0.045458984375
0.026318359375
0.11484375
0.2296875
0.32060546875
0.43544921875
0.519189453125
0.586181640625
0.686669921875
0.768017578125
0.765625
0.978564453125
0.925927734375
1.11494140625
1.15083007813
1.25849609375
1.28959960938
1.23696289063
1.39008789063
1.3494140625
1.47622070313
1.44750976562
1.50014648438
1.52407226563
1.50732421875
1.49296875
1.48100585938
1.46665039063
1.45708007813
1.4546875
1.41879882813
1.4068359375
1.4068359375
1.36137695313
1.35419921875
1.33984375
1.29916992188
1.27763671875
1.23935546875
1.18911132813
1.16040039062
1.10297851563
1.0431640625
0.964208984375
0.96181640625
0.935498046875
0.83740234375
0.825439453125
0.887646484375
0.720166015625
0.657958984375
0.60771484375
0.555078125
0.471337890625
0.42109375
0.346923828125
0.2775390625
0.193798828125
0.095703125
0.074169921875
0.1052734375
-0.09091796875
-0.222509765625
-0.251220703125
-0.3158203125
-0.39716796875
-0.440234375
-0.495263671875
-0.523974609375
-0.576611328125
-0.471337890625
-0.672314453125
-0.657958984375
-0.68427734375
-0.729736328125
-0.739306640625
-0.7177734375
-0.801513671875
-0.815869140625
-0.878076171875
-0.9283203125
-1.03120117188
-1.03837890625
-1.04555664063
-1.1388671875
-1.18432617188
-1.091015625
-1.26567382813
-1.3111328125
-1.3302734375
-1.39248046875
-1.43076171875
-1.42836914063
-1.4451171875
-1.46186523438
-1.48579101563
-1.49536132812
-1.50493164063
-1.5216796875
-1.50971679688
-1.53603515625
-1.52407226563
-1.588671875
-1.58388671875
-1.57670898438
-1.6365234375
-1.62456054688
-1.70112304688
-1.6748046875
-1.684375
-1.65805664063
-1.6173828125
-1.54560546875
-1.5216796875
-1.38051757813
-1.36376953125
-1.15322265625
-1.09580078125
-1.00727539063
-0.9666015625
-0.899609375
-0.868505859375
-0.8134765625
-0.7751953125
-0.68427734375
-0.614892578125
-0.567041015625
-0.509619140625
-0.385205078125
-0.2009765625
-0.11005859375
-0.04306640625
0.08134765625
0.198583984375
0.16748046875
0.4115234375
0.461767578125
0.72734375
0.8517578125
0.7751953125
1.03598632813
1.16518554688
1.25131835938
1.28720703125
1.28720703125
1.24892578125
1.3015625
1.27045898438
1.21782226563
1.129296875
1.01206054688
0.806298828125
0.62685546875
0.246435546875
-0.026318359375
-0.2392578125
-0.370849609375
-0.337353515625
-0.672314453125
-0.825439453125
-0.96181640625
-1.01684570312
-1.16040039062
-1.11015625
-1.07426757813
-0.9666015625
-0.91396484375
-0.916357421875
-0.576611328125
-0.480908203125
-0.399560546875
-0.016748046875
0.064599609375
0.4498046875
0.734521484375
1.02163085938
1.28959960938
1.48818359375
1.83271484375
1.8662109375
2.11743164062
2.0001953125
2.20356445313
