-1.10776367188
-1.08862304688
-1.11254882812
-1.11254882812
-1.12690429688
-1.13168945313
-1.12451171875
-1.1197265625
-1.11494140625
-1.09580078125
-1.11494140625
-1.091015625
-1.08623046875
-1.07426757813
-1.05751953125
-1.0048828125
-0.9474609375
-0.925927734375
-0.83740234375
-0.823046875
-0.873291015625
-0.686669921875
-0.720166015625
-0.516796875
-0.50244140625
-0.442626953125
-0.40673828125
-0.3158203125
-0.289501953125
-0.248828125
-0.141162109375
-0.112451171875
-0.007177734375
0.00478515625
0.107666015625
0.16748046875
0.203369140625
0.246435546875
0.265576171875
0.38759765625
0.3923828125
0.42587890625
0.49287109375
0.562255859375
0.590966796875
0.634033203125
0.672314453125
0.71298828125
0.708203125
0.7560546875
0.739306640625
0.7369140625
0.7177734375
0.614892578125
0.739306640625
0.715380859375
0.708203125
0.662744140625
0.65078125
0.61728515625
0.590966796875
0.543115234375
0.50244140625
0.478515625
0.447412109375
0.375634765625
0.3541015625
0.2966796875
0.227294921875
0.165087890625
0.069384765625
0.007177734375
-0.03828125
-0.11005859375
-0.11962890625
-0.275146484375
-0.3349609375
-0.43544921875
-0.471337890625
-0.48330078125
-0.571826171875
-0.619677734375
-0.677099609375
-0.708203125
-0.715380859375
-0.734521484375
-0.753662109375
-0.839794921875
-0.84697265625
-0.892431640625
-0.854150390625
-0.878076171875
-0.85654296875
-0.8421875
-0.882861328125
-0.935498046875
-1.05512695313
-1.0431640625
-0.9857421875
-1.03598632813
-1.04555664063
-1.05751953125
-1.05751953125
-1.07666015625
-1.1388671875
-1.1005859375
-1.0431640625
-1.02880859375
-1.02641601563
-1.05512695313
-1.07905273438
-1.02880859375
-1.00249023438
-0.983349609375
-0.9474609375
-0.9283203125
-0.873291015625
-0.854150390625
-0.830224609375
-0.806298828125
-0.88046875
-0.724951171875
-0.73212890625
-0.66513671875
-0.6125
-0.533544921875
-0.53115234375
-0.50244140625
-0.456982421875
-0.428271484375
-0.3349609375
-0.32060546875
-0.21533203125
-0.153125
-0.11962890625
-0.04306640625
0.007177734375
0.133984375
0.1626953125
0.2009765625
0.289501953125
0.33974609375
0.418701171875
0.46416015625
0.552685546875
0.5646484375
0.610107421875
0.6890625
0.681884765625
0.73212890625
0.746484375
0.765625
0.782373046875
0.78955078125
0.81826171875
0.796728515625
0.772802734375
0.768017578125
0.744091796875
0.66513671875
0.624462890625
0.5646484375
0.5263671875
0.46416015625
0.3732421875
0.303857421875
0.1818359375
0.0861328125
0.088525390625
-0.13876953125
-0.217724609375
-0.36845703125
-0.4880859375
-0.495263671875
-0.768017578125
-0.854150390625
-1.01206054688
-1.10537109375
-1.10776367188
-1.3111328125
-1.48818359375
-1.56953125
-1.66284179688
-1.83510742188
-1.91166992188
-1.8470703125
-2.07436523438
-2.12939453125
-2.277734375
-2.34233398438
-2.41171875
-2.44760742188
-2.47153320313
-2.49306640625
-2.51220703125
-2.48828125
-2.52416992188
-2.56245117188
-2.56245117188
-2.54091796875
-2.47631835938
-2.44760742188
-2.43803710938
-2.34951171875
-2.30405273438
-2.20834960938
-2.26337890625
-1.98583984375
-1.8853515625
-1.75375976563
-1.62456054688
-1.5025390625
-1.46186523438
-1.18671875
-1.00727539063
-0.78955078125
-0.629248046875
-0.44501953125
-0.203369140625
0.021533203125
0.20576171875
0.318212890625
0.708203125
0.9283203125
1.21064453125
1.37573242188
1.53603515625
1.59584960938
1.8662109375
1.98823242188
2.08154296875
2.14135742188
2.17963867188
2.18920898438
2.10546875
1.94755859375
1.77529296875
1.63891601563
1.41401367188
1.28959960938
1.19868164063
0.8517578125
0.705810546875
0.60771484375
0.279931640625
0.10048828125
-0.0287109375
-0.437841796875
-0.62685546875
-0.91875
-1.17954101563
-1.29677734375
-1.62216796875
-1.84228515625
-2.0958984375
-2.25620117188
-2.41171875
-2.50263671875
-2.8615234375
-2.97158203125
-3.1677734375
-3.26108398438
-3.35200195313
-3.40224609375
-3.32568359375
-3.2634765625
-3.12231445313
-3.005078125
-2.88784179688
-2.49545898438
-2.2107421875
-1.90209960938
-1.38291015625
-1.02641601563
-0.5455078125
-0.03349609375
0.35888671875
0.77998046875
1.26088867188
1.55278320313
2.00498046875
2.2873046875
2.6796875
2.79453125
3.05053710938
3.1677734375
3.17255859375
3.06728515625
2.89501953125
2.54809570312
2.3255859375
1.15083007813
0.500048828125
0.0478515625
-0.38759765625
-0.782373046875
-1.19150390625
-1.48579101563
-1.74418945313
-2.0671875
-2.18681640625
-2.27534179688
-2.33037109375
-2.354296875
-2.25620117188
-2.23466796875
-2.16767578125
-2.1150390625
-2.0384765625
-2.14135742188
-1.9044921875
-1.8279296875
-1.76333007813
-1.72265625
-1.54560546875
-1.65805664063
-1.5982421875
-1.56235351563
-1.46665039063
-1.39008789063
-1.31831054688
-1.1484375
-1.10537109375
-1.01206054688
-0.91396484375
-0.765625
-0.6029296875
-0.562255859375
-0.322998046875
-0.189013671875
-0.11005859375
0.045458984375
0.11484375
0.337353515625
0.370849609375
0.547900390625
0.6603515625
0.753662109375
0.85654296875
0.9474609375
0.9857421875
1.05512695313
1.11733398438
1.1771484375
1.21064453125
1.2154296875
1.22739257813
1.27763671875
1.244140625
1.28002929688
1.29677734375
1.36616210938
1.20107421875
1.244140625
1.21064453125
1.14604492188
1.17954101563
0.9953125
0.988134765625
0.82783203125
0.734521484375
0.634033203125
0.55986328125
0.509619140625
0.389990234375
0.32060546875
0.155517578125
0.0861328125
0.107666015625
-0.12919921875
-0.18662109375
-0.337353515625
-0.399560546875
-0.5072265625
-0.5837890625
-0.720166015625
-0.806298828125
-0.839794921875
-0.9666015625
-1.03120117188
-1.12211914063
-1.18432617188
-1.26088867188
-1.28959960938
-1.3111328125
-1.36137695313
-1.37094726563
-1.36616210938
-1.37573242188
-1.39008789063
-1.44033203125
-1.40205078125
-1.378125
-1.35180664062
-1.29916992188
-1.2728515625
-1.20825195312
-1.1484375
-1.10297851563
-1.02880859375
-0.973779296875
-0.79912109375
-0.765625
-0.715380859375
-0.5455078125
-0.51201171875
-0.555078125
-0.346923828125
-0.19619140625
-0.112451171875
-0.1052734375
0.069384765625
0.0861328125
0.026318359375
0.2392578125
0.24404296875
0.327783203125
0.385205078125
0.4306640625
0.47373046875
0.490478515625
0.538330078125
0.593359375
0.67470703125
0.70341796875
0.720166015625
0.7177734375
0.73212890625
0.768017578125
0.791943359375
0.83740234375
0.861328125
0.77041015625
0.940283203125
0.9474609375
0.945068359375
0.9283203125
1.00966796875
0.99052734375
0.983349609375
0.992919921875
1.01923828125
0.997705078125
1.01206054688
1.02163085938
0.99052734375
1.00727539063
1.014453125
1.03837890625
1.04077148438
1.0623046875
1.11015625
1.07666015625
1.08862304688
1.1197265625
1.14125976563
1.1580078125
1.15561523438
1.167578125
1.15561523438
1.14604492188
1.11254882812
1.14125976563
1.16279296875
1.12211914063
1.129296875
1.1005859375
1.091015625
1.02880859375
0.992919921875
0.968994140625
0.897216796875
0.88046875
0.863720703125
0.791943359375
0.70341796875
0.60771484375
0.547900390625
0.490478515625
0.42109375
0.30625
0.217724609375
0.1626953125
0.05263671875
-0.040673828125
-0.03828125
-0.26318359375
-0.456982421875
-0.552685546875
-0.624462890625
-0.791943359375
-0.88046875
-0.937890625
-1.15561523438
-1.23696289063
-1.36616210938
-1.45229492188
-1.40444335938
-1.63173828125
-1.55517578125
-1.7705078125
-1.8375
-1.87338867188
-1.91645507813
-1.86860351563
-2.04326171875
-2.11025390625
-2.15810546875
-2.201171875
-2.28012695313
-2.296875
-2.1533203125
-2.32319335938
-2.34951171875
-2.37583007813
-2.37822265625
-2.3734375
-2.33994140625
-2.31123046875
-2.32080078125
-2.27294921875
-2.26337890625
-2.22749023438
-2.16049804688
-2.1533203125
-2.10546875
-1.95952148438
-1.86381835938
-1.76572265625
-1.66762695313
-1.58627929688
-1.3876953125
-1.29438476563
-1.205859375
-0.95224609375
-0.892431640625
-0.600537109375
-0.46416015625
-0.2201171875
-0.1244140625
-0.0095703125
0.246435546875
0.361279296875
0.65078125
0.74169921875
0.80869140625
1.08383789063
1.10776367188
1.40922851563
1.51450195313
1.65327148438
1.7322265625
1.9236328125
2.02172851562
2.07197265625
2.09829101563
2.16767578125
2.21791992188
2.2681640625
2.28251953125
2.28491210938
2.23706054688
2.2298828125
2.21791992188
2.15092773438
2.14853515625
2.11264648438
2.06000976563
1.99541015625
1.94995117188
1.90209960938
1.77290039063
1.7322265625
1.67958984375
1.6556640625
1.60302734375
1.47861328125
1.44272460938
1.39487304688
1.28959960938
1.23217773438
1.17475585938
1.1197265625
1.21064453125
0.988134765625
0.906787109375
0.878076171875
0.8326171875
0.892431640625
0.69384765625
0.677099609375
0.6125
0.60771484375
0.54072265625
0.547900390625
0.53115234375
0.53115234375
0.5455078125
0.6029296875
0.65556640625
0.634033203125
0.69384765625
0.720166015625
0.77998046875
0.844580078125
0.8134765625
0.7943359375
0.653173828125
0.590966796875
0.466552734375
0.3541015625
0.00478515625
-0.1818359375
-0.404345703125
-0.815869140625
-1.04794921875
-1.473828125
-1.7705078125
-2.22509765625
-2.50263671875
-2.90458984375
-3.23715820313
-3.39985351563
-3.59365234375
-3.69892578125
-3.96689453125
-4.07456054688
-4.17744140625
-4.17504882812
-4.14633789063
-4.076953125
-3.9333984375
-3.74438476563
-3.55776367188
-3.36157226563
-2.92373046875
-2.67490234375
-2.38779296875
-2.07436523438
-1.5791015625
-1.3111328125
-0.9953125
-0.65556640625
-0.35888671875
-0.074169921875
0.212939453125
0.59814453125
0.708203125
1.05034179688
1.29916992188
1.4833984375
1.684375
1.7705078125
1.96430664063
2.0958984375
2.16767578125
2.25859375
2.32080078125
2.28969726563
2.316015625
2.25141601563
2.27055664063
2.16528320312
2.11025390625
2.00498046875
1.89252929688
1.780078125
1.69873046875
1.5408203125
1.4068359375
1.2537109375
1.08862304688
0.992919921875
0.825439453125
0.86611328125
0.586181640625
0.480908203125
0.4498046875
0.36845703125
0.25361328125
0.174658203125
0.083740234375
-0.007177734375
-0.112451171875
-0.2201171875
-0.299072265625
-0.40673828125
-0.519189453125
-0.62685546875
-0.784765625
-0.84697265625
-0.945068359375
-1.05751953125
-1.16040039062
-1.27524414063
-1.42119140625
-1.43315429688
-1.53603515625
-1.71069335938
-1.85424804688
