-25046
-24674
-24250
-23781
-22966
-22583
-22212
-21939
-21321
-20438
-20474
-19399
-19520
-18791
-18428
-18126
-17880
-17743
-17668
-17709
-17760
-17840
-17754
-17724
-17649
-17684
-17709
-17665
-17754
-17764
-17695
-17474
-17281
-17193
-16938
-16800
-16710
-16533
-16392
-16607
-15829
-15563
-15283
-14938
-14680
-14296
-14144
-13777
-13357
-12980
-12583
-12260
-11917
-11560
-11302
-11041
-10983
-11014
-11205
-11520
-11901
-12388
-12974
-13621
-13773
-14957
-15191
-16132
-17405
-18105
-19304
-19579
-20750
-21323
-21842
-22092
-22205
-22334
-22233
-22008
-21709
-21292
-20688
-20241
-19831
-19376
-19165
-18838
-18655
-18502
-18403
-18287
-17997
-18018
-18241
-18434
-18367
-18186
-17894
-17598
-17233
-16634
-16147
-15542
-14949
-14560
-14105
-13938
-13794
-13758
-13825
-13955
-14334
-14779
-15493
-16371
-17245
-17665
-18968
-19768
-20289
-20892
-21367
-21791
-21525
-22230
-22178
-21909
-21598
-21459
-20980
-19926
-19974
-18922
-18417
-17953
-17493
-17167
-16976
-16854
-16836
-16815
-16827
-16907
-17006
-17226
-17409
-17544
-17661
-17756
-17802
-17781
-17953
-17903
-17960
-17827
-17710
-17497
-17586
-16766
-16506
-16363
-16302
-16125
-16052
-15857
-15731
-15521
-15392
-15302
-15252
-15266
-15367
-15512
-15730
-15800
-15949
-16207
-16443
-16899
-17237
-17121
-17651
-18728
-19296
-19688
-20029
-20310
-20783
-21252
-21579
-21560
-22306
-22520
-22670
-23048
-22901
-22663
-22563
-22331
-22197
-21829
-21978
-21178
-20815
-20951
-20065
-19735
-19369
-18978
-18724
-18510
-18298
-17802
-17655
-17453
-17312
-17231
-17104
-17094
-16899
-16720
-16481
-16266
-15943
-15752
-15697
-15590
-15684
-15716
-15846
-15978
-15667
-16296
-16155
-17090
-17176
-18252
-18821
-19474
-20376
-21268
-21588
-22506
-23502
-24878
-25424
-27098
-27930
-29770
-30817
-32712
-34172
-35413
-36474
-37447
-37756
-38800
-39052
-39107
-38943
-39000
-37749
-36783
-36096
-34235
-33134
-30875
-29254
-26960
-24974
-22989
-21336
-19056
-18063
-16289
-15279
-14281
-13552
-13029
-12598
-12230
-12462
-12800
-13439
-13758
-14674
-15703
-16968
-17518
-18073
-18794
-19438
-19550
-20514
-20590
-20707
-20638
-20521
-20203
-20077
-19709
-19500
-19359
-19523
-18951
-19115
-19281
-19317
-19487
-19609
-19838
-20012
-20466
-20854
-21323
-21745
-22176
-22562
-22821
-23144
-23342
-23495
-23542
-23560
-23628
-23586
-23468
-23403
-23388
-23598
-23674
-23581
-23665
-23705
-23791
-23924
-24147
-24506
-24584
-24668
-24804
-24829
-24854
-25405
-24993
-25107
-25134
-25397
-24909
-25050
-25165
-25573
-25743
-25987
-25989
-26102
-26144
-26296
-26218
-26153
-26042
-25707
-25771
-26126
-26016
-26180
-26083
-25550
-24699
-24159
-23880
-23703
-23897
-23371
-22065
-21228
-20556
-20042
-19775
-19758
-19607
-19361
-18783
-17873
-17495
-16184
-15396
-14939
-14396
-14031
-14117
-13294
-13128
-13113
-13247
-13245
-14495
-15464
-16352
-17644
-19281
-20359
-20558
-21688
-22132
-22651
-22941
-22999
-22869
-22321
-21520
-20567
-19859
-19252
-18731
-18241
-17834
-17291
-16930
-16693
-16718
-16987
-17415
-18308
-18581
-19142
-20405
-20758
-20959
-20970
-19441
-18565
-17289
-16932
-17060
-16338
-16273
-16172
-16010
-15764
-15441
-15625
-14850
-14794
-14844
-14962
-15069
-15249
-15359
-15334
-15287
-15153
-14955
-14886
-14878
-14999
-15270
-15623
-16571
-17191
-18441
-18876
-19245
-19340
-18810
-17939
-17518
-16428
-16184
-16117
-16384
-17016
-17823
-18205
-19810
-19869
-22218
-22745
-23147
-23060
-22491
-21987
-21909
-20270
-19352
-18646
-17350
-16245
-15292
-15113
-14247
-13905
-13573
-13359
-13201
-12712
-13260
-13499
-13214
