-17000
-16613
-17191
-17271
-17306
-17321
-17312
-17302
-17355
-17415
-17445
-17476
-17493
-17497
-17500
-17502
-17489
-17508
-17514
-17550
-17539
-17487
-17480
-17506
-17518
-17474
-17418
-17417
-17422
-17415
-17392
-17334
-17313
-17268
-17216
-17113
-17020
-16924
-16789
-17096
-16438
-16396
-16226
-16006
-15899
-15844
-15775
-15688
-15588
-15529
-15466
-15304
-15230
-15186
-15155
-15083
-15037
-14938
-14876
-14823
-14785
-14747
-14682
-14630
-14575
-14493
-14443
-14386
-14348
-14283
-14226
-14149
-14056
-13997
-13974
-13926
-13829
-13741
-13653
-13563
-13455
-13344
-13275
-13220
-13149
-13067
-12989
-12932
-12896
-12890
-12938
-12960
-12999
-12959
-12964
-13039
-13008
-12924
-12896
-12911
-12957
-12911
-13000
-13000
-13023
-13062
-13096
-13167
-13207
-13273
-13313
-13369
-13455
-13443
-13405
-13369
-13392
-13394
-13399
-13422
-13432
-13411
-13346
-13277
-13670
-13119
-13054
-12962
-12869
-12775
-12668
-12541
-12371
-12180
-11983
-11760
-11558
-11334
-11189
-11088
-11075
-11073
-10960
-10716
-10334
-10037
-9808
-9613
-9355
-8968
-8565
-8787
-8035
-7752
-7476
-7210
-6983
-6752
-6508
-6249
-5985
-5749
-5583
-5390
-5174
-5016
-4854
-4745
-4663
-4584
-4424
-4155
-4354
-3596
-3376
-3277
-3182
-3086
-2934
-2806
-2730
-2621
-2462
-2283
-2132
-2046
-2023
-2081
-2056
-3140
-3233
-2762
-2231
-1957
-1918
-1947
-1962
-1989
-2052
-2117
-2086
-2125
-2209
-2344
-2504
-2712
-2459
-3159
-3252
-3350
-3520
-3756
-3972
-4195
-4464
-4781
-5096
-5365
-5632
-5926
-6250
-6483
-6775
-7071
-7439
-7333
-8147
-8470
-8375
-8806
-9636
-9825
-10031
-9783
-10569
-10792
-10892
-11042
-10764
-11455
-11613
-11812
-12098
-12430
-12634
-12821
-13033
-13315
-13605
-13827
-14094
-14355
-14594
-14840
-15065
-15226
-15371
-15544
-15686
-15800
-15880
-16008
-15636
-16197
-16270
-16325
-16273
-16178
-16046
-15899
-15663
-15485
-15426
-15415
-15325
-15170
-14995
-14766
-14521
-14329
-14172
-14102
-14069
-13978
-13865
-13749
-13617
-13447
-13304
-13157
-12941
-13174
-12432
-12155
-11918
-12209
-11497
-11720
-10989
-11224
-10506
-10312
-10096
-9886
-9724
-9659
-9550
-9369
-9163
-9023
-8897
-8796
-8760
-8703
-8644
-8657
-8699
-8730
-8310
-8861
-8920
-8987
-9142
-8808
-9445
-9560
-9821
-9855
-9785
-9730
-9504
-9439
-9336
-9138
-8924
-8720
-8529
-8352
-8186
-7754
-7607
-7485
-7361
-7050
-6848
-6640
-6449
-6235
-5897
-5621
-5340
-5073
-4833
-4464
-4079
-3752
-3462
-3302
-3325
-3394
-3319
-2006
-2787
-2836
-2189
-1726
-1594
-1584
-1544
-1655
-1831
-1938
-2123
-2413
-2617
-2768
-3625
-4155
-4493
-5525
-6058
-6762
-7628
-8291
-8989
-9602
-10224
-11165
-11880
-12657
-12817
-13844
-14523
-15016
-15443
-15918
-16417
-16991
-17371
-17375
-17487
-17957
-18067
-17882
-17999
-17911
-18071
-18159
-18777
-18686
-18659
-18659
-19054
-18500
-18510
-18203
-17983
-17857
-18065
-17350
-17548
-16749
-16563
-16422
-16207
-15939
-15709
-15546
-15373
-14951
-14468
-13831
-13100
-12459
-11768
-11123
-10611
-10105
-9495
-8884
-8392
-7899
-7453
-7041
-6735
-6371
-5917
-5502
-5069
-4701
-4357
-4086
-3678
-3886
-3224
-3018
-2857
-2787
-2682
-2689
-2730
-2712
-2701
-2737
-2813
-3025
-3176
-3344
-3541
-3831
-4130
-4333
-4701
-4970
-5270
-5626
-5991
-6277
-6531
-6932
-7254
-7476
-7357
-8209
-8506
-8735
-9041
-9375
-9710
-10058
-10420
-10306
-11044
-11626
-11886
-12018
-12207
-12417
-12520
-12672
