-5565
-5384
-6189
-6542
-6794
-7128
-7291
-7552
-7361
-8241
-8598
-9075
-9752
-9852
-11004
-11577
-11995
-12428
-12678
-12997
-12770
-13216
-14006
-14378
-14531
-14878
-14663
-15411
-15857
-16340
-17010
-17502
-17628
-18699
-19277
-19798
-20302
-21004
-21602
-22222
-22506
-23657
-24327
-24432
-24951
-25787
-26167
-26443
-26733
-26865
-27138
-27342
-27636
-27777
-27989
-28228
-28243
-28432
-28609
-28863
-29119
-29310
-29577
-29718
-29812
-29897
-29865
-29730
-29678
-29581
-29735
-29273
-28201
-27042
-26165
-25264
-24594
-24537
-24836
-25235
-25455
-26577
-27510
-28569
-29626
-30363
-31756
-32510
-32974
-33140
-33401
-33478
-33396
-33268
-32964
-32527
-32054
-31707
-31451
-31457
-31688
-32092
-32281
-33420
-34155
-35023
-35273
-36586
-37355
-38010
-38327
-38592
-38785
-38936
-39371
-39821
-40275
-40722
-41262
-41815
-42336
-42802
-43201
-43436
-43000
-43271
-43205
-43084
-42771
-42556
-42247
-41850
-41558
-41224
-40819
-40497
-40212
-40010
-39941
-39804
-39794
-39766
-39689
-39596
-39625
-39583
-39567
-39497
-39273
-39002
-38480
-37945
-37432
-36815
-36262
-35726
-35560
-34760
-34481
-34672
-34041
-33918
-33907
-34157
-33489
-33134
-32808
-32533
-32170
-31949
-31508
-30962
-30325
-29653
-28999
-28432
-28117
-27701
-27432
-27096
-27306
-26548
-26281
-25964
-25798
-25548
-25846
-25029
-24594
-24327
-23867
-23197
-22638
-22411
-21312
-20810
-20100
-19985
-18855
-18090
-17365
-16338
-15296
-14256
-13577
-12544
-11573
-10733
-9777
-9417
-9262
-9094
-9075
-9105
-9216
-9338
-9397
-9499
-9525
-9636
-9480
-9512
-9333
-9178
-9000
-8609
-8153
-8228
-7815
-7296
-6829
-5789
-5279
-4752
-4233
-4344
-3466
-3073
-2773
-2361
-2054
-1863
-1712
-1812
-1901
-2100
-2000
-2855
-3275
-3709
-4142
-4653
-5186
-5699
-6195
-6710
-7159
-7369
-7611
-7709
-7581
-7527
-7277
-6922
-6617
-6168
-5657
-5115
-4420
-3783
-3060
-2167
-1266
-844
125
1433
2276
2515
3652
4209
4658
4971
5337
5383
5410
5385
5351
5217
5000
4755
4396
3979
3484
2946
2893
2370
1896
1442
505
240
458
-182
-304
-331
-230
-77
89
330
652
879
1068
1437
1677
1877
2068
2257
2507
2673
2814
2986
3076
3057
2977
2875
2572
2326
1845
1559
1154
801
505
171
-146
-447
-621
-779
-892
-962
-951
-844
-712
-688
-520
-338
-243
-147
-144
-23
356
620
917
1177
1339
990
1711
1845
2043
2280
2419
2479
2522
2480
2290
2124
1975
1782
1540
1364
1057
759
314
-151
-48
-493
-1403
-1707
-2023
-2292
-2548
-2724
-2750
-2741
-2623
-2464
-2243
-2090
-2023
-2056
-2220
-2350
-2617
-3060
-3382
-3792
-4132
-4508
-4644
-4720
-4750
-4514
-4184
-3705
-2981
-2109
-1210
-107
700
2015
3742
4410
6082
7685
7845
8643
8353
7916
7463
6994
6467
5393
4181
3643
3526
3211
2833
2601
2448
2038
1645
1272
1133
1463
631
267
-243
-598
-960
-1136
-1304
-1443
-1630
-1936
-2308
-2630
-2661
-2659
-2922
-2197
-2405
-1647
-1447
-1281
-911
-548
-188
173
450
627
700
583
916
301
-88
-29
-1222
-2239
-3163
-3691
-4073
-4256
-4344
-4371
-4720
-4792
-4876
-4888
-4831
-4663
-4480
-4226
-4096
-3897
-3563
-2936
-2237
-1527
-1168
-754
-943
-212
-241
-602
-535
-1634
-2319
-3107
-2983
-4281
-5050
-6512
-6974
-6894
-6586
-6128
-5930
-5628
-5268
-4953
-4562
-4233
-3974
-3806
-3756
-3981
-4245
-4617
-5069
-5634
-6140
-6531
-6983
-7138
-7407
-7625
-7897
-8090
-8136
-8203
-8096
-9275
-9523
-9771
-8974
-9104
-9438
-9842
-10199
-10533
-10930
-11350
-11892
-12661
-13378
-14121
-14237
-15266
-15754
-16310
-16146
-16989
-17493
-17808
-17941
-17640
-18247
-18438
-18344
-18312
-18388
-18733
-19157
-19693
-20273
-20791
-21186
-21369
-21634
-21720
-21647
-21533
-21273
-21018
-20888
-20634
-20270
-19783
-19384
-19083
-18917
-18981
-18571
-19298
-19067
-20018
-20649
-21462
-22397
-23000
-24747
-25512
-27167
-27894
-28888
-30285
-30978
-31647
-32096
-32537
-32819
-32939
-32857
-32447
-31779
-32102
-32125
-32199
-32344
-32657
-33042
-33464
-33250
-33899
-34000
-34077
-33720
-34149
-34042
-33955
-33750
-33718
-33623
-33642
-33812
-34090
-34447
-34819
-35125
-35529
-36077
-36535
-36710
-37619
-38102
-38521
-38735
-38966
-39136
-39014
-38913
-38869
-38812
-38907
-38989
-39315
-39762
-40216
-40855
-41321
-41703
-41970
-42104
-42128
-41955
-41670
-41334
-40785
-40193
-39657
-39155
-38516
-38590
-37674
-37472
-37363
-37481
-37810
-38189
-38668
-38688
-39489
-39659
-39924
-40134
-39855
-40054
-38730
-37838
-36949
-36558
-35291
-34709
-33989
-33317
-32798
-32016
-31623
-31365
-31401
-31432
-31292
-31773
-32273
-33663
-34283
-34558
-34556
-34283
-33745
-32960
-32623
