-11857
-10745
-8962
-8277
-5987
-5396
-5012
-4733
-4573
-4812
-5266
-5409
-6741
-8527
-9355
-11002
-11701
-12352
-12836
-13123
-13333
-13399
-13310
-13027
-12846
-12502
-12151
-11796
-11613
-11346
-11195
-11315
-11604
-11823
-12205
-12481
-12844
-13147
-13560
-13768
-13980
-14149
-14308
-14541
-14924
-15231
-15596
-16077
-16546
-16953
-17563
-18210
-18821
-19449
-19846
-20271
-20495
-20699
-20657
-20533
-20334
-19901
-19997
-19480
-18401
-17783
-17563
-16359
-15663
-14959
-14210
-13354
-13126
-11951
-11535
-11142
-10867
-10619
-10445
-10310
-10231
-10218
-10228
-10481
-10644
-11031
-11222
-11548
-11938
-12161
-12449
-12684
-12953
-13191
-13449
-13743
-14123
-14472
-14932
-15384
-15896
-16357
-16867
-17495
-18077
-18096
-19256
-19691
-20254
-20796
-21262
-21668
-21779
-22021
-22262
-22409
-22472
-22560
-22598
-22567
-22617
-22489
-22548
-22573
-22604
-22672
-22857
-22985
-23014
-23144
-23203
-23252
-23237
-23264
-23140
-22972
-22695
-22308
-21991
-21598
-21239
-20833
-20441
-20476
-19571
-19136
-18735
-18375
-18163
-17833
-17686
-17497
-17443
-17392
-17464
-17552
-17720
-17957
-18042
-18283
-18491
-19027
-19062
-19987
-20344
-20617
-20890
-21140
-21901
-22731
-23046
-23224
-23172
-23300
-23191
-23302
-23361
-23520
-23596
-23506
-23602
-23628
-23756
-23834
-23911
-24104
-24220
-24523
-24668
-24880
-24972
-25107
-25224
-24932
-25688
-25441
-26298
-26632
-26926
-27258
-27590
-27382
-28073
-28201
-28178
-28033
-27684
-27271
-27306
-26241
-25688
-25369
-24027
-22968
-22451
-21113
-20355
-19581
-19065
-19682
-20018
-20464
-20703
-21567
-22478
-24151
-24936
-26308
-27256
-27752
-28176
-28560
-28632
-28762
-29018
-29243
-29199
-29018
-28701
-28562
-28481
-28438
-28300
-28283
-28167
-27970
-28021
-28033
-28105
-28128
-28119
-28075
-28155
-28222
-28394
-28556
-28607
-28689
-28659
-28623
-28674
-28546
-28542
-28464
-28432
-28226
-28180
-27995
-27855
-27810
-27682
-27611
-27476
-27386
-27401
-27342
-27270
-27250
-27151
-27357
-27424
-27552
-27829
-28025
-28218
-28493
-28768
-28915
-29054
-29264
-29367
-29621
-29670
-29787
-29863
-29892
-29787
-29689
-29495
-29426
-29123
-28991
-28754
-28525
-28224
-28312
-27842
-26924
-26617
-26415
-26054
-25771
-25520
-25136
-24777
-24239
-23768
-23275
-22834
-22342
-21819
-21378
-20848
-20430
-19857
-19397
-18758
-18184
-17747
-17178
-17054
-16548
-15533
-15529
-14575
-14176
-13844
-13401
-13329
-13468
-13623
-14037
-14508
-14857
-15264
-15804
-15689
-16569
-16886
-17178
-17214
-17352
-15890
-15220
-14678
-13869
-13008
-12649
-11409
-10764
-10359
-9880
-9342
-8976
-8569
-8312
-8020
-7689
-7808
-6852
-6804
-6344
-5579
-5334
-5107
-5105
-5035
-5357
-4661
-4592
-4552
-4500
-4500
-4569
-4701
-4875
-5191
-5502
-5955
-6445
-6418
-6922
-7945
-8485
-9136
-9346
-10409
-11060
-11323
-12550
-13384
-14132
-14915
-15625
-16348
-17048
-17718
-18466
-18649
-19735
-20241
-20699
-21121
-21075
-21859
-22081
-22313
-22464
-22525
-22562
-22550
-22500
-22523
-22485
-22405
-22384
-22294
-22176
-22138
-22121
-22081
-22035
-22096
-22111
-22140
-22220
-22321
-22531
-22621
-22854
-23105
-23411
-24361
-24678
-25046
-25392
-25745
-26125
-26363
-26661
-26945
-27193
-27350
-27487
-27594
-27686
-27741
-27779
-27596
-27815
-27037
-26707
-26125
-25495
-25048
-24573
-24189
-23796
-22491
-22365
-22014
-21749
-21955
-22065
-22105
-22233
-22033
-21815
-21712
-21546
-21420
-21357
-21210
-21058
-20890
-20670
-20441
-20254
-20163
-19980
-19794
-19583
-19323
-19163
-18791
-18422
-18510
-17651
-17291
-16888
