-27481
-28892
-30436
-32644
-34109
-35628
-37069
-38449
-39321
-40586
-42344
-43096
-44678
-45712
-46331
-46709
-46441
-47037
-47233
-47825
-48804
-49459
-48981
-48407
-48527
-48363
-47787
-47563
-47844
-47712
-48044
-48149
-48424
-49260
-49768
-49880
-50682
-50529
-50521
-50556
-50907
-51521
-52130
-52726
-53151
-53567
-53728
-54228
-53373
-52834
-52348
-51428
-50665
-50029
-49189
-48485
-47604
-46619
-45672
-44709
-44394
-43249
-42815
-42525
-42491
-42640
-42905
-43165
-43039
-43485
-44346
-44754
-45161
-45579
-45981
-46271
-46499
-46726
-46852
-46842
-46756
-46567
-46308
-46357
-45913
-45420
-44514
-44050
-43739
-43354
-43230
-43008
-43050
-43306
-43680
-44098
-44682
-44960
-46023
-46766
-46917
-47999
-48334
-48682
-48796
-48802
-48712
-48506
-48130
-47743
-47151
-46609
-45939
-45180
-44913
-43815
-43216
-42701
-42216
-41920
-41859
-41789
-42092
-42245
-42287
-42275
-42268
-42292
-42346
-42052
-41817
-41567
-41323
-41521
-40161
-39846
-38750
-37825
-35951
-34188
-32260
-31037
-30002
-29062
-28224
-26485
-25771
-24880
-23966
-23890
-24256
-24749
-25567
-25968
-27417
-28737
-28886
-29617
-30012
-30033
-29815
-29548
-29071
-28699
-27936
-27077
-25970
-25281
-23634
-22546
-21558
-21004
-19913
-18588
-17844
-17250
-16852
-16630
-16581
-16693
-16980
-16642
-17296
-17352
-17443
-17281
-17115
-16834
-16684
-16247
-15999
-15636
-15252
-14678
-14655
-13546
-12844
-12619
-11432
-11151
-9974
-9771
-8672
-8184
-7695
-7340
-6959
-6909
-6689
-6453
-6315
-6235
-6147
-6197
-6304
-6418
-6605
-6836
-7094
-7407
-7355
-8058
-8304
-8424
-8483
-8413
-8516
-8436
-8350
-8084
-7960
-7831
-7655
-7485
-7220
-6922
-6548
-6216
-6041
-5781
-5460
-5323
-5178
-5115
-5098
-5073
-5073
-5153
-5207
-5273
-5354
-5357
-5857
-5417
-5327
-4896
-5338
-4896
-5588
-5735
-6130
-6443
-6424
-7319
-7718
-8035
-8264
-8422
-8481
-8344
-7995
-7527
-7077
-6575
-6067
-5749
-5563
-5382
-4905
-4890
-5418
-5453
-5562
-5678
-5731
-5756
-5691
-5609
-5833
-5063
-4808
-4569
-4869
-4218
-4218
-4472
-4871
-4462
-4512
-4500
-4514
-4266
-3737
-3266
-2689
-2480
-2573
-2867
-3010
-3180
-3535
-4023
-4607
-5249
-5544
-5382
-5020
-4508
-4014
-3718
-3592
-3882
-2995
-2884
-1939
-888
679
1669
2404
2524
2938
3877
4108
3709
3038
2116
1301
-283
-1189
-2128
-2468
-3752
-4172
-4235
-4378
-3109
-2178
-1115
-224
721
1015
2080
2349
2362
2152
1988
1881
1641
1889
1284
1095
1087
1152
1303
1442
1742
1486
2137
2131
2064
1820
1950
998
948
41
-264
-10
-499
-271
204
637
543
379
652
1196
1904
2293
2429
2198
1708
1103
646
139
429
-310
-241
-138
93
15
1175
1828
2114
1963
2795
3229
3879
3963
4868
4839
4788
4677
4750
4812
4748
4631
4515
4454
4299
4221
4049
3793
3301
2755
2040
1742
2419
1505
1295
1181
1280
1425
1488
1490
1127
631
465
-693
-1405
-2105
-2693
-2972
-4117
-4613
-5033
-5306
-5548
-5411
-6167
-6388
-6695
-6970
-7291
-7800
-8298
-8747
-9508
-9863
-10081
-10567
-11117
-11514
-12060
-12882
-13321
-14630
-15409
-15657
-16764
-17130
-17502
-17125
-17813
-17714
-17569
-16210
-16037
-14852
-14621
-15021
-14978
-14546
-14063
-13930
-13754
-14960
-15854
-16359
-16884
-17268
-17716
-18243
-18147
-17373
-16716
-16386
-16394
-16418
-16418
-16537
-16787
-17230
-17880
-18821
-19985
-21231
-22422
-22974
-23943
-25329
-26176
-27002
-27518
-27787
-27930
-27810
-27609
-27300
-27121
-27149
-26586
-26859
-26354
-26466
-26802
-27279
-28113
-28367
-29004
-30260
-31100
-32018
-32918
-33254
-34312
-34562
-34697
-34859
-34907
-35138
-35789
-36396
-36892
-37602
-38063
-38502
-38810
-39292
-39722
-40205
-40716
-41275
-41962
-42399
-42313
-42176
-42197
-42384
-42422
-42644
-42760
-42510
-43086
-44142
-45375
-45794
-46069
-46086
-46380
-45470
-45023
-44468
-44411
-43516
-43397
-43668
-44308
-45378
-46781
-47920
-50149
-51584
-52739
-53663
-54376
-55117
-55292
-55829
-55941
-55705
-56371
-56558
-57042
-57352
-57768
-57737
-57705
-57588
-57323
-56909
-56382
-55813
-54947
-53949
-53207
-51640
-49815
-47512
-45214
-42655
-39703
-37006
-35037
-33817
-34172
-34876
-36323
-38159
-39827
-42023
-43443
-43625
-43428
-42102
-41191
-40075
-39205
-37459
-35235
-33941
-32636
-30926
-29848
-28363
-27197
-25653
-23680
-22804
-21188
-20350
-19649
-19459
-18609
-18117
-18836
-18630
-19310
-19397
-19258
-19188
-18945
-18644
-18136
-17397
-17062
-15896
-15563
-14562
-14210
-14159
-14161
-14157
-14365
-14892
-15489
-16016
-16319
-16333
-16563
-15638
-15147
-15071
-13993
-13418
-12959
-12649
-12375
-12289
-12260
-12321
-12443
-12516
-12497
-12655
-12737
-13138
-13363
-13260
-13165
-13115
-12882
-12825
-12436
-12212
-11079
-10583
-10411
-10598
-10926
-10764
-11428
