-38951
-39346
-39709
-39584
-40460
-40800
-41250
-41739
-42191
-42478
-42754
-43056
-43159
-43327
-43592
-43859
-43500
-44193
-44197
-44359
-44418
-43987
-44609
-44703
-44844
-44884
-45004
-45069
-45136
-45209
-45176
-45058
-45111
-44991
-44857
-44388
-44004
-43768
-43388
-43186
-42928
-42766
-42613
-42556
-42556
-42590
-42655
-42789
-42964
-43138
-43317
-43375
-43413
-43470
-43401
-43149
-42884
-42594
-42180
-41609
-41092
-40376
-40008
-38810
-38176
-37663
-37554
-37632
-37285
-36962
-36348
-35762
-35583
-34521
-33924
-33653
-33661
-33739
-34046
-34296
-34592
-34920
-35035
-35090
-34936
-34617
-34676
-33514
-33102
-31586
-29325
-25941
-23857
-21647
-19210
-16741
-15417
-14002
-13535
-13403
-13897
-14460
-14508
-14605
-15430
-16287
-16216
-15296
-14195
-13203
-12825
-12848
-13092
-13359
-13510
-13792
-13926
-13970
-13859
-14136
-13090
-12663
-11558
-10212
-8714
-7165
-5756
-4029
-3397
-1981
-1207
-764
-497
-394
-434
-474
-640
-966
-1020
-1065
-760
-407
-16
368
937
1425
1687
2122
2559
2812
3120
3290
3255
3009
2562
2425
1467
998
274
-447
-523
-1441
-918
-959
-1149
-1138
-1008
-1041
-1041
-1317
-1604
-1852
-2081
-2394
-2710
-3123
-3075
-2728
-2823
-3245
-3894
-3041
-2855
-1252
-962
-401
-480
-659
-712
-621
-354
-239
-474
-1304
-2350
-2865
-2657
-2296
-640
723
1791
2055
2912
3104
3274
3761
4062
4272
3946
3236
2492
1959
1797
1715
1755
1702
1612
1461
1417
1013
1551
1841
2171
2343
2221
2139
1883
1780
1624
1477
864
1599
1683
1036
198
-480
-354
-481
-302
-344
-54
-155
-552
-642
-510
-92
209
666
971
1282
1604
1759
1751
1536
1255
866
423
471
-65
-1084
-1670
-2100
-2630
-3071
-3338
-3535
-3621
-3554
-3241
-2762
-2031
-1111
-228
82
1425
2276
3091
3450
4732
5698
6625
6946
7826
9072
9583
9975
10080
9969
9597
9020
8742
7402
6503
5461
4433
3437
2461
1624
1280
479
-23
-949
-1146
-1205
-1233
-1083
-705
-235
353
561
1719
1996
3112
3706
4389
4425
5290
5545
5540
5305
5034
4536
4076
3633
3003
2914
2349
1215
650
129
-209
-563
-825
-1134
-1252
-1224
-1189
-1012
-918
-768
-607
-426
-399
-270
-214
-170
-90
-170
-270
-346
-678
-938
-1228
-1464
-1731
-1974
-2180
-2382
-2632
-2737
-3063
-3212
-2957
-3678
-3716
-3731
-3705
-3630
-3378
-3207
-2972
-2785
-2663
-2472
-2468
-1957
-2378
-2474
-2600
-2747
-2899
-3075
-3298
-2966
-3720
-3880
-4146
-3936
-4716
-5000
-5306
-5508
-5588
-5581
-5552
-5443
-5264
-5138
-4972
-4917
-4827
-4831
-4833
-4934
-5041
-5142
-4888
-5516
-5661
-5771
-5922
-6075
-6086
-6104
-6111
-6056
-6102
-6088
-6052
-6054
-6071
-6029
-6151
-6252
-6275
-6466
-6621
-7096
-7459
-7922
-8300
-8348
-9237
-9661
-9993
-10521
-11033
-11609
-12090
-12497
-13008
-13584
-14033
-14445
-14852
-15264
-15529
-15707
-15993
-16237
-16375
-16405
-16449
-16523
-16556
-16762
-16823
-16890
-16878
-16985
-17163
-17428
-17798
-18294
-18848
-19252
-19594
-19756
-19873
-19955
-20161
-20292
-20209
-20743
-21264
-21371
-21642
-22230
-23292
-23873
-24407
-24590
-24478
-24384
-24500
-25699
-25936
-26980
-27605
-28271
-28384
-29468
-30121
-30646
-31195
-31550
-31943
-32312
-32699
-33430
-34125
-34876
-35609
-36409
-37113
-37836
-38871
-39693
-41182
-42004
-42500
-42815
-43172
-43218
-43323
-43094
-42661
-42119
-41941
-41149
-41191
-41480
-42836
-43653
-45063
-46762
-47852
-48728
-49086
-49126
-48617
-47695
-46571
-45502
-44747
-44086
-43355
-42760
-42558
-42594
-42966
-43098
-44157
-44689
-44886
-44819
-44710
-44607
-44928
-44157
-44039
-43794
-43838
-43718
-43382
-43151
-42724
-42296
-41842
-41371
-41489
-40716
-40344
-39730
-39424
-37884
-36968
-35535
-33489
-32489
-30752
-29310
-27960
-27445
-27355
-27598
-28081
-28478
-30088
-31254
-31779
-33016
-33212
-33707
-32766
-31905
-31235
-29628
-27438
-25415
-23632
-21096
-19081
-17128
-15882
-14292
-14094
-13384
-13455
-14115
-14296
-15302
-16951
-18044
-18917
-19287
-19550
-19493
-19184
-18745
-18438
-17235
-16331
-15438
-14334
-13621
-12680
-11480
-11521
-11911
-12006
-12006
-11955
-12934
-14121
-15605
-16993
-17621
-18764
-18983
-18798
-19042
-18132
-17455
-16997
-15388
-14571
-12749
-10487
-8917
-7617
-6609
-6350
-5615
-5712
-5932
-6279
-6756
-6884
-8027
-8779
-8813
-9667
-9764
-9647
-9758
-8875
-8731
-7459
-6413
-5405
-4081
-2999
-1983
-1268
-1020
-924
-1067
-1317
-1632
-1932
-2098
-3111
-3705
-4359
-5018
-5459
-5415
-5197
-4688
-4098
-3436
-2945
-2911
-2428
-1474
-775
-336
43
187
301
106
-107
-371
-16
-657
-966
-1140
-1021
-600
