-11476
-11378
-11306
-11214
-11176
-11102
-10932
-11233
-10441
-10092
-9657
-9346
-8960
-8640
-8313
-7997
-8285
-7167
-6743
-6829
-6518
-6817
-7163
-7464
-7754
-7380
-7924
-7861
-7968
-7926
-7718
-7428
-7031
-6705
-6812
-7088
-7466
-7621
-7544
-7352
-6896
-5955
-5241
-3794
-2268
-775
864
1335
1730
1688
1566
1259
998
587
93
-409
-903
-1235
-1657
-1949
-2390
-2815
-2989
-3138
-3258
-3296
-3214
-2953
-2838
-2592
-2331
-2050
-1726
-1512
-1216
-867
-586
-315
-6
122
152
307
326
479
11
625
673
824
898
908
944
868
799
633
564
450
257
150
458
-172
-415
-749
-1000
-1252
-1613
-1502
-2279
-2504
-2670
-2747
-2932
-3046
-3088
-3136
-3178
-3237
-3142
-3123
-3142
-3128
-3083
-3071
-2833
-2714
-2928
-2188
-2426
-1730
-1420
-1247
-1178
-1125
-1205
-1285
-1338
-1464
-1657
-1792
-1999
-2231
-1991
-2829
-3094
-3392
-3636
-3768
-3750
-3720
-3703
-3628
-3636
-3636
-3611
-3575
-3625
-3663
-3743
-3796
-3781
-3785
-3846
-3896
-3852
-3852
-3842
-3728
-3705
-3728
-3680
-3657
-3661
-3647
-3586
-3550
-3462
-3428
-3313
-3310
-3275
-3201
-3094
-2953
-2855
-2831
-2773
-2709
-2628
-2554
-2525
-2563
-2583
-2525
-2529
-2516
-2487
-2502
-2516
-2457
-2350
-2376
-2317
-2369
-2439
-2531
-2626
-2781
-2460
-3109
-3262
-3466
-3663
-3432
-4214
-4499
-4859
-5077
-5466
-5752
-6016
-5865
-6760
-7102
-6873
-7705
-8063
-8399
-8743
-8974
-9241
-9548
-9304
-10012
-10188
-10409
-10579
-10792
-11016
-11151
-11378
-11628
-11825
-11999
-12167
-12279
-12441
-12401
-12417
-12468
-12409
-12401
-12378
-12336
-12340
-12327
-12281
-12264
-12163
-12105
-12035
-11964
-11941
-11823
-11722
-11735
-11697
-11252
-11796
-11838
-12121
-12331
-12230
-13029
-13779
-13714
-14581
-14985
-15420
-15896
-15716
-17073
-17987
-18224
-19315
-20014
-20113
-21203
-21054
-21810
-22039
-22273
-22382
-22504
-22667
-22600
-22651
-22638
-22959
-22289
-22050
-21833
-21558
-21266
-20964
-20752
-20604
-20333
-20281
-20075
-20094
-20065
-20153
-20340
-20035
-20731
-20552
-21329
-21615
-21500
-22430
-22861
-23205
-23491
-23722
-23915
-23989
-24020
-24075
-24094
-24042
-24079
-24012
-23918
-23771
-23691
-23554
-23336
-23226
-22995
-22844
-22600
-22487
-22226
-22159
-21938
-21863
-21825
-21712
-21754
-21783
-21848
-21500
-22134
-22262
-22380
-22457
-22674
-22894
-23096
-23168
-23333
-23142
-23083
-22905
-22699
-22420
-22304
-22302
-22283
-22020
-22917
-23325
-23754
-23459
-24216
-24302
-24506
-24615
-24464
-25203
-25810
-26333
-27054
-27417
-28527
-29270
-29390
-30472
-31125
-31703
-32178
-32730
-32783
-33985
-34514
-35039
-35369
-35630
-35844
-35962
-36109
-36115
-36092
-35995
-35783
-35546
-35285
-34974
-35151
-34279
-34004
-34186
-33386
-33180
-32995
-32890
-32813
-32875
-32964
-32945
-33117
-33424
-33243
-34105
-34521
-34829
-35046
-35294
-35438
-35607
-35646
-35655
-35468
-35411
-35313
-35317
-35323
-35378
-35476
-35222
-36121
-36386
-36873
-37350
-37197
-38071
-38380
-38649
-38896
-39084
-39203
-39336
-39401
-39396
-39493
-39474
-39439
-39291
-39060
-38636
-38390
-38012
-37804
-37663
-37067
-36703
-36699
-37010
-37125
-37117
-37604
-36987
-37048
-35972
-35634
-34668
-33678
-31844
-31132
-29850
-29552
-29605
-30063
-30449
-30768
-31033
-31285
-31186
-31962
-32739
-34663
-35417
-35527
-35216
-35146
-34596
-34115
-32987
-33014
-33829
-35590
-36157
-37262
-37197
-36476
-35665
-33817
-31481
-28497
-25476
-23892
-22390
-20974
-19388
-17646
-17090
-17579
-18596
-20674
-23896
-26428
-29189
-32197
-33315
-33495
-33903
-35016
-36125
-36779
-37004
-36918
-35726
-33951
-31632
-29008
-26004
-22539
-19812
-16378
-12831
-9735
-7090
-5329
-4050
-4172
-4493
-6199
-7733
-8823
-10449
-12394
-13439
-14586
-14703
-14481
-13674
-12533
-11119
-10315
-9955
-9880
-9896
-10010
-10453
-10842
-11396
-12069
-12455
-12250
-12747
-12636
-12321
-11892
-11623
-11407
-11438
-11502
-11647
-11821
-12077
-12186
-12422
-12626
-12737
-12682
-12607
-12392
-12147
-11752
-11352
-10936
-10499
-10023
-9720
-9334
-9167
-9004
-9065
-8993
-8886
-9270
-8594
-8132
-7760
-7409
-7233
-6987
-6697
-6378
-6048
-5634
-5119
-5327
-4434
-4865
-4189
-4098
-4071
-3951
-4466
-5724
-6674
-7619
-8298
-8731
-8863
-8745
-7027
-5478
-3542
-2308
-598
326
545
1202
868
219
-770
-1852
-3138
-4289
-4445
-5583
-5808
-5834
-5691
-5569
-5819
-4983
-4724
-4434
-4182
-3873
-3436
-2970
-2554
-2432
-1621
-1306
-1100
-1447
-1084
-1125
-1195
-1268
-1403
-1676
-2092
-2682
-3212
-3794
-4239
-4544
-4609
-4527
-4252
-3974
-3579
-3142
-3346
-2403
-2142
-2023
-2065
-2434
-2457
-3323
-3569
-3899
-3239
-2959
-2523
-1800
-1067
-905
-100
314
795
1074
1083
872
