-18149
-19029
-19312
-19613
-19896
-20157
-20340
-20508
-20718
-20787
-20846
-20884
-20989
-20920
-20913
-20930
-20922
-20863
-20823
-20941
-21054
-21428
-21529
-21518
-21317
-21065
-20684
-20342
-20250
-20178
-20056
-20060
-20056
-20098
-20062
-20159
-20100
-20035
-19901
-19819
-19731
-19636
-19632
-19638
-19651
-19726
-19875
-19970
-20000
-20090
-20367
-20584
-20743
-20800
-20800
-20779
-20743
-20787
-20707
-20678
-20663
-20707
-20791
-20939
-21119
-21273
-21464
-21730
-21959
-22205
-21995
-22812
-23077
-23329
-23634
-24012
-24342
-24617
-25083
-25405
-25695
-26069
-26195
-25917
-26581
-26672
-26730
-26722
-26678
-26680
-26632
-26527
-26392
-26119
-25819
-25541
-25210
-24739
-24319
-23812
-23291
-22758
-22291
-21762
-21193
-20741
-20277
-19779
-19285
-18794
-18346
-17978
-17632
-17281
-16930
-16739
-16523
-16271
-16147
-15970
-15854
-15697
-15718
-15770
-15859
-15903
-16084
-16235
-16375
-16684
-16859
-17023
-17294
-17550
-17888
-18243
-18548
-18970
-19323
-19636
-19586
-20077
-20861
-21231
-21584
-21913
-22250
-22579
-22842
-23178
-22989
-23756
-23932
-24115
-24264
-24394
-24415
-24302
-24233
-24178
-24073
-23953
-23829
-23684
-23563
-23470
-23350
-23159
-22989
-22747
-22560
-22331
-22100
-21834
-21619
-21384
-21218
-21115
-21056
-20964
-20846
-20810
-20714
-20623
-20558
-20455
-20378
-20306
-20220
-20115
-20069
-19920
-19876
-19747
-19642
-20008
-19317
-19207
-19020
-18810
-18581
-18319
-18126
-17985
-17825
-17646
-17531
-17331
-17209
-17201
-17560
-16987
-16863
-16863
-16812
-16810
-16791
-16846
-16871
-16939
-17052
-17188
-17300
-17430
-17531
-17636
-17783
-17882
-18033
-18140
-18245
-18313
-18409
-18537
-18663
-18716
-18783
-18932
-19073
-19138
-19224
-19289
-19359
-19436
-19476
-19539
-19575
-19674
-19691
-19733
-19924
-20021
-20126
-20197
-20252
-20331
-20369
-20041
-20539
-20541
-20621
-20747
-20876
-20846
-20957
-21023
-21073
-21058
-21123
-21214
-21279
-21348
-21434
-21533
-21680
-21806
-21894
-22062
-22241
-22254
-22021
-22808
-23052
-23355
-23720
-23485
-24292
-24836
-25333
-25815
-26188
-26516
-26844
-27096
-27291
-27550
-27375
-28212
-28411
-28625
-28880
-29094
-29115
-29176
-29197
-29071
-28894
-28607
-28188
-27749
-27170
-26518
-26352
-25033
-24791
-23476
-22584
-21657
-20724
-19783
-18779
-17718
-16865
-15821
-14947
-13978
-13556
-12354
-11508
-10810
-10676
-10197
-9716
-8812
-8604
-8460
-8310
-8363
-8333
-8499
-8718
-8953
-9258
-9632
-9932
-9817
-10741
-11113
-11310
-12245
-13655
-14294
-15918
-17088
-18010
-18768
-19308
-19791
-20096
-20369
-20063
-20962
-21369
-21289
-21562
-21613
-21674
-21962
-22348
-22812
-23222
-23514
-23647
-23825
-23842
-24304
-24292
-23472
-23123
-23031
-22873
-22697
-22483
-21800
-21876
-21953
-21955
-22016
-21938
-21783
-21623
-21252
-21182
-20812
-20588
-20252
-19917
-19592
-19403
-19212
-18964
-18705
-18716
-18388
-18105
-17964
-17491
-17035
-16997
-16775
-16815
-16953
-17974
-19380
-20092
-21472
-21962
-22615
-23060
-23539
-23470
-25228
-25186
-25046
-24516
-24417
-23844
-22783
-22222
-21714
-21111
-20985
-20245
-20640
-19838
-18562
-17655
-16913
-16220
-15354
-14583
-13598
-12691
-11722
-10563
-9917
-9436
-9079
-8722
-8445
-8191
-7943
-7674
-7220
-7157
-7176
-7399
-7615
-7976
-7842
-8783
-8802
-9367
-10407
-10968
-11621
-12056
-12663
-12819
-13888
-14426
-14913
-15424
-15842
-16319
-16562
-16789
-16980
-17178
-17382
-17573
-17770
-17962
-18159
-18331
-18550
-18779
-18953
-19121
-19245
-19384
-19523
-19672
-19833
-19974
-20142
-20279
-20401
-20493
-20598
