-16760
-16361
-17804
-18329
-18941
-19094
-20168
-20684
-21178
-21689
-21960
-22296
-22012
-22562
-22636
-22731
-22626
-22428
-22203
-22443
-21628
-21300
-20936
-20525
-20241
-19913
-19611
-19413
-19178
-18993
-18779
-19054
-18420
-18399
-18373
-18336
-18279
-18298
-18315
-18319
-18411
-18550
-18607
-18642
-18762
-18819
-18884
-18569
-19189
-19275
-19478
-19628
-19810
-19552
-20228
-20460
-20722
-20861
-21083
-21186
-21224
-21422
-21493
-21588
-21693
-21628
-21903
-22334
-22394
-22512
-22554
-22422
-22222
-21997
-22268
-22565
-22663
-22657
-22621
-22607
-22634
-22787
-22962
-23052
-23170
-23209
-23428
-23542
-23722
-23823
-23959
-24121
-24277
-24327
-24373
-24468
-24537
-24646
-24775
-24850
-24836
-24850
-24905
-24855
-24798
-24726
-24542
-24336
-24117
-23838
-23535
-23375
-23193
-22974
-22745
-22558
-22373
-22315
-22228
-22033
-21817
-21500
-21147
-21497
-20796
-20644
-20285
-20035
-19873
-19733
-20029
-19460
-19254
-19125
-19048
-19031
-19035
-19098
-19130
-19138
-19021
-18869
-18739
-18567
-18462
-18340
-18096
-17867
-17678
-17464
-17233
-17054
-16920
-16768
-16640
-16623
-16563
-16516
-16468
-16441
-16476
-16531
-16609
-16697
-16804
-16947
-17228
-17418
-17575
-17890
-18224
-18497
-18892
-19254
-19680
-20153
-20605
-21111
-21067
-21542
-22054
-22926
-23313
-23758
-24201
-24516
-24756
-25096
-25397
-25626
-25462
-26220
-26365
-26493
-26707
-26768
-26871
-26850
-26777
-26657
-26537
-26867
-26159
-26333
-25558
-25212
-25399
-24563
-24086
-23626
-23186
-22758
-22222
-21791
-21915
-21418
-20941
-20195
-19991
-19781
-19577
-19500
-19438
-19504
-19596
-19701
-19897
-20201
-20046
-20871
-21176
-21300
-21052
-22439
-23239
-23764
-24373
-24546
-25684
-25936
-27163
-27840
-28523
-29201
-29934
-30661
-31016
-31346
-31565
-31850
-32138
-32125
-32056
-32069
-31890
-31638
-31459
-30842
-30144
-29472
-29247
-27981
-27218
-26758
-25241
-24865
-23861
-22854
-21361
-20260
-19209
-18123
-17584
-16126
-15205
-14411
-14052
-12972
-12407
-12002
-11646
-11382
-11300
-11224
-11279
-11418
-11689
-12027
-12432
-12865
-13390
-13924
-14523
-15130
-15250
-16363
-16938
-17485
-18193
-18791
-19197
-19119
-19997
-20304
-20516
-20716
-20859
-20941
-21044
-21178
-21260
-21283
-21480
-20899
-21144
-22147
-22245
-22147
-22004
-21812
-21764
-21567
-21438
-21268
-21121
-20989
-20831
-20613
-20521
-20418
-20228
-20504
-19846
-19995
-19287
-19512
-18676
-18266
-17802
-17438
-16684
-16413
-16126
-15829
-15554
-15296
-15054
-14789
-14607
-14413
-14342
-14292
-14126
-13938
-13941
-13863
-13792
-13796
-13764
-13869
-14016
-14209
-14376
-14548
-14726
-14947
-15331
-15174
-15970
-16359
-16739
-17176
-17722
-17646
-18743
-19214
-19714
-20203
-20863
-21405
-21951
-22457
-22546
-23033
-24012
-24634
-25266
-25850
-26273
-26800
-26878
-27827
-27899
-28375
-29191
-29628
-30088
-30401
-30699
-31044
-31313
-31584
-31804
-32073
-32226
-32367
-32497
-32569
-32584
-32644
-32663
-32514
-32363
-32319
-32126
-31854
-31710
-31520
-31161
-30911
-30493
-29859
-29773
-28644
-28033
-27390
-27258
-26111
-25464
-24724
-24189
-23745
-23073
-22926
-22397
-21363
-20775
-20109
-19995
-18840
-18329
-17762
-17327
-16878
-16500
-16188
-15798
-15506
-15247
-14930
-14689
-14430
-14247
-14113
-13989
-13846
-13781
-13701
-13628
-13714
-13747
-13785
-13878
-14035
-14216
-14289
-14407
-14495
-14556
-14575
-14611
-14563
-14455
-14321
-14226
-14060
-13813
-13581
-13325
-13077
-12840
-12556
-12312
-12073
-11829
-11611
-11323
-11138
-11021
-10947
-10838
-10754
-10710
-10659
-10581
-10510
-10497
-10462
-10382
-10365
