-741
-1149
-1464
-1758
-1987
-2027
-1974
-1764
-1943
-1027
-556
-126
425
975
1435
1940
2356
2645
2696
2809
2633
2467
2345
2160
1820
1492
1068
715
452
345
339
614
769
1141
1463
1814
2267
2772
3179
3583
3977
4274
3946
4599
4696
4591
4398
4152
4374
3475
3066
2587
2061
1889
1408
414
458
-401
-609
-712
-741
-699
-592
-443
-315
-60
181
7
1395
2112
2606
2998
3400
3557
3738
3801
3835
3444
3938
3917
3824
3761
3658
3896
3278
3083
2961
2759
2692
2547
2545
2513
2494
2603
2664
2761
2925
3093
3208
3221
3150
3108
2986
2820
2589
2459
2192
1971
1816
1612
1505
1387
1133
1116
912
761
723
610
656
662
736
797
595
427
223
-88
-413
-733
-875
-922
-1004
-957
-1018
-1044
-1056
-1172
-1230
-1365
-1542
-1710
-1787
-1899
-1951
-2023
-2165
-2193
-2094
-2102
-2031
-1917
-1903
-1831
-1800
-1749
-1739
-1718
-1752
-1775
-1831
-1829
-1472
-2006
-2012
-2159
-2218
-2363
-2546
-2726
-2462
-3146
-3298
-3546
-3808
-4086
-4323
-4481
-4770
-4960
-5073
-5163
-5228
-5205
-5083
-4962
-4764
-4531
-4243
-3941
-3625
-3317
-3350
-2476
-2176
-1691
-1300
-1415
-539
-197
143
416
576
709
811
881
904
769
658
578
438
143
-71
-163
-462
-722
-970
-1300
-1642
-1894
-2142
-1983
-2831
-3117
-2938
-3709
-3976
-4277
-4611
-4426
-5191
-5502
-5718
-5966
-6241
-6428
-6632
-6838
-6932
-6962
-7065
-7100
-7037
-6876
-6697
-6516
-6224
-6321
-5424
-4981
-4455
-4012
-3533
-3046
-2655
-2224
-1892
-1604
-1367
-1107
-917
-915
-901
-497
-1193
-1422
-1810
-2319
-2913
-3361
-3489
-4699
-5336
-5411
-6481
-7146
-7731
-8296
-8792
-9277
-9315
-10149
-10497
-10827
-11065
-11186
-11279
-11361
-11691
-11067
-10974
-10930
-11212
-10548
-10397
-10195
-9897
-9621
-9354
-8955
-8583
-8310
-7949
-7596
-7359
-7155
-6995
-6857
-6728
-6693
-6699
-6779
-6930
-7136
-7405
-7674
-8031
-8394
-8771
-8802
-9298
-10216
-10712
-11170
-11668
-12060
-12468
-12924
-13258
-13546
-13831
-13976
-14159
-14357
-14422
-14401
-14396
-14417
-14422
-14312
-14214
-14140
-13854
-14157
-13445
-13243
-13117
-13172
-13333
-13602
-13821
-14258
-14212
-15722
-16499
-17298
-17642
-19018
-19886
-20813
-21102
-22390
-23084
-23743
-24315
-24768
-25212
-25611
-25987
-26321
-26661
-26426
-27348
-27609
-27980
-27871
-28737
-29457
-29686
-30100
-30334
-30590
-30859
-31138
-31476
-31920
-32357
-32264
-33201
-33682
-34189
-34239
-34750
-35260
-36449
-37056
-37205
-38447
-39245
-40027
-40375
-40588
-41615
-42567
-42794
-42987
-42426
-41315
-40691
-40453
-39250
-38420
-37689
-37531
-36411
-36050
-35920
-35980
-36125
-36634
-37228
-38084
-38991
-39903
-40909
-41804
-42075
-43436
-44193
-44804
-44989
-46060
-46348
-46634
-46697
-46672
-46878
-46094
-45806
-45312
-45396
-44626
-44222
-44018
-43825
-43821
-43913
-43953
-44111
-44403
-44539
-44743
-45016
-45250
-45569
-45758
-45970
-46048
-46159
-46075
-46048
-45838
-45539
-45359
-45006
-44878
-44621
-44468
-44292
-44065
-43905
-43709
-43588
-43350
-43098
-42892
-42749
-42365
-42224
-42161
-42258
-42453
-42789
-43126
-43481
-43768
-43546
-44413
-44720
-45008
-45380
-45638
-45829
-46004
-46115
-46147
-46128
-46086
-46413
-45621
-45266
-44785
-44275
-43865
-43424
-43459
-42646
-42348
-42079
-41804
-41974
-41128
-40743
-40327
-39909
-39434
-39573
-38691
-38411
-38579
-37880
-37745
-37773
-37922
-38048
-38590
-39539
-40516
-41378
-41588
-42464
-42957
-42191
-42000
-40997
-39871
-38537
-36739
-35993
-34369
-33283
-32338
-31567
-30962
-30417
-30016
-29672
-29415
-29023
-28651
-28817
-27928
-27495
-27292
-26189
-25691
-25163
-24674
-24033
-23115
-22252
-21296
-20928
-20008
-18934
-17256
-15678
-14598
-12701
-11042
-9728
-8063
-7073
-6569
-6615
-7100
-7464
-9042
-9815
-11476
-12394
-12924
-12915
-12460
-11483
-10325
-8983
-8205
-6537
-5518
-5289
-4352
-4355
-3203
-2647
-2027
-1884
-594
-415
736
1062
2229
2811
3494
3826
4036
4072
4389
3736
3624
3326
3209
3148
3177
2973
3786
4223
4755
5301
5730
6177
6568
6700
6624
6568
6391
6122
6312
5421
5135
4933
5045
5188
5291
5604
5811
6034
6106
6196
6171
6311
6419
6538
6589
6648
6664
6620
6624
6606
6641
6515
6421
6412
6311
6234
6299
6330
6286
6335
6507
6671
6730
6874
6912
6996
7072
7032
7104
7137
7125
7108
6889
6755
6465
6286
6089
5961
5942
5912
5973
6057
6152
6129
6215
6272
6209
6194
6101
6015
5961
5933
5889
5755
5685
5587
5490
5322
5213
4950
4713
4427
4070
