-457
383
776
1450
580
-75
830
2150
2541
2253
2314
2316
2416
1591
1122
977
667
402
101
49
-207
-611
-821
-1159
-1380
-1667
-1701
-1659
-1604
-1535
-1407
-1167
-892
-554
-186
152
469
816
1045
1242
1290
1377
1515
1582
1736
1940
2164
2280
2561
2574
2694
2675
2780
2770
2683
2536
2374
2208
1917
1778
1505
1345
1177
1129
1167
1196
1131
1223
1318
1419
1532
1740
1809
1500
2011
1963
1751
1944
1459
895
-331
-613
-1920
-2783
-3703
-4554
-4970
-5882
-7207
-7968
-8636
-9172
-9499
-9592
-9500
-9203
-9273
-8321
-7724
-7155
-6504
-5875
-5777
-4699
-4178
-3665
-3336
-3163
-3136
-3178
-3002
-3117
-3161
-3105
-2911
-2896
-3598
-3930
-3512
-3266
-2088
-1323
-1069
-1039
-1277
-1481
-3663
-7899
-2500
-2884
-1325
377
1662
2927
2952
2727
2870
1730
681
-71
-1871
-3237
-4365
-5056
-5481
-5430
-6067
-6231
-5621
-5615
-5497
-5462
-5855
-5352
-5241
-5105
-5100
-5123
-5277
-5367
-5695
-6020
-6413
-6731
-6968
-7292
-7441
-7405
-7268
-7063
-6855
-6834
-5915
-5167
-4569
-3947
-3556
-3340
-3125
-3409
-2747
-2518
-2165
-2430
-1678
-1409
-1159
-983
-733
-508
-321
-161
135
196
276
406
442
395
356
297
150
24
-111
-180
-375
-483
-581
-791
-855
-1002
-1159
-1420
-1825
-2422
-2460
-3250
-3590
-4096
-4497
-4854
-4981
-5201
-5733
-6665
-6800
-6363
-6854
-6896
-6871
-6720
-6737
-6445
-6333
-6287
-6188
-6067
-5771
-5497
-5226
-5025
-4827
-4401
-4199
-4394
-3678
-3560
-3634
-3770
-3829
-3907
-4031
-4081
-4218
-3932
-4628
-4455
-5317
-5594
-5840
-6079
-6283
-6380
-6476
-6550
-6590
-6544
-6508
-6525
-6453
-6485
-6462
-6369
-6411
-6485
-6686
-7050
-7411
-7346
-8216
-8903
-8867
-9333
-10415
-10993
-11617
-11750
-12842
-13474
-13709
-14792
-15386
-15813
-16222
-16535
-16831
-17073
-17415
-17659
-17730
-17926
-18048
-18031
-18008
-17878
-17773
-17607
-17378
-17298
-17233
-17285
-17394
-17644
-18037
-18531
-18670
-19689
-20294
-20541
-21640
-22233
-22794
-23273
-23579
-23922
-24147
-24235
-24397
-24424
-24502
-24544
-24701
-24497
-25308
-25296
-25256
-25058
-24936
-24800
-24640
-24554
-24640
-24672
-24876
-25071
-24941
-25789
-26231
-26766
-27594
-28298
-29077
-29791
-30396
-30922
-31472
-31964
-32342
-32285
-33113
-33512
-33892
-34130
-34357
-34539
-34653
-34833
-34829
-34939
-34999
-35062
-35125
-35260
-35334
-35396
-35439
-35363
-35449
-35275
-35298
-35270
-35371
-35334
-35373
-35283
-35634
-34947
-34697
-34485
-34212
-33989
-34182
-33428
-33701
-33008
-32676
-32430
-31882
-31594
-31563
-31960
-32594
-32794
-34062
-34754
-36079
-36634
-36939
-36932
-36836
-36661
-36176
-35936
-35815
-35749
-35741
-35565
-35617
-35632
-35747
-35897
-36002
-35672
-36336
-36544
-36728
-36918
-36840
-36646
-36422
-36245
-36468
-36527
-36640
-36521
-36523
-36739
-37062
-37405
-37157
-37983
-38107
-38083
-38147
-38189
-38424
-38508
-38317
-37861
-37439
-36899
-36271
-35754
-35231
-34945
-34873
-35176
-35758
-36397
-36682
-37941
-38308
-38147
-37901
-37464
-37230
-36980
-36875
-36514
-35882
-34991
-33974
-32934
-31813
-30489
-28892
-27615
-25542
-23302
-20922
-18317
-16002
-13920
-13319
-12878
-12575
-12678
-12894
-14934
-16197
-18126
-19625
-21331
-22117
-22535
-22945
-22455
-21468
-19596
-18875
-17336
-16191
-14688
-13974
-12541
-11394
-10632
-8829
-7791
-5403
-3493
-1985
-1147
-968
87
654
900
1137
730
179
-46
-506
-1291
-1600
-1854
-2050
-2302
-2542
-2802
-2500
-3376
-3462
-4331
-4720
-5275
-5848
-6422
-6997
-7401
-7709
-7886
-7976
-8081
-8285
-8474
-8640
-8644
-8655
-8502
-8121
-7403
-6812
-5046
-3537
-2386
-918
887
1904
2494
2637
2240
1595
1362
156
-371
-714
-939
-896
-628
-149
36
1194
1633
1925
2015
2114
1933
1587
996
877
-296
-514
-1632
-2441
-3159
-3896
-3924
-4771
-5100
-5357
-5852
-5048
-4268
-3193
-2115
-209
723
1085
2183
2675
3162
3379
3429
3248
3297
2221
1900
881
-794
-1842
-2752
-2985
-4100
-3918
-4531
-4271
-3558
-2897
-1180
253
1708
2534
4078
4864
5080
4927
4480
3923
3209
2853
1524
616
-262
-749
-1140
-1249
-1205
-1142
-941
-712
-638
-682
-869
-1119
-1289
-1361
-1642
-1819
-2050
-2140
-2325
-2607
-2920
-3354
-3472
-4697
-5350
-5791
-5888
-6600
-6785
-7323
-6535
-6802
-5995
-5560
-5016
-4497
-4027
-3800
-3674
-3787
-4033
-4153
-4497
-4840
-5268
-5611
-5909
-7067
-7071
-6667
-6506
-6716
-7216
-7334
-8184
-8296
-8424
-8266
-8073
-7953
-8109
-8411
-8667
-8844
-8869
-8714
-8737
-7913
-7548
