3494
3133
2788
2511
2322
2089
1877
1816
1667
1566
1536
1788
1194
1188
1246
1391
1562
1748
1912
1977
1929
1822
1666
1358
870
374
-218
-586
-2004
-3161
-3424
-4615
-5325
-5394
-6459
-6376
-7125
-7142
-6957
-6731
-6439
-6163
-5884
-5485
-4896
-4836
-4100
-3846
-3838
-4002
-4155
-3918
-4638
-4413
-5201
-5520
-5840
-6247
-6546
-6810
-6993
-7136
-7312
-6857
-7413
-7367
-7329
-7808
-7144
-7157
-7012
-6878
-6743
-6634
-6590
-6695
-6766
-6899
-7018
-7174
-7317
-7468
-7604
-7749
-7890
-8132
-8205
-8291
-8459
-8605
-8710
-8915
-9142
-9417
-9644
-9313
-10109
-10338
-10472
-10703
-10880
-11023
-11088
-11212
-11252
-11273
-11361
-11392
-11399
-11369
-11277
-11252
-11243
-11237
-11323
-11411
-11550
-11575
-11672
-11775
-11907
-12039
-12180
-12294
-12424
-12531
-12672
-12792
-12962
-13081
-13254
-13436
-13653
-13840
-14012
-14312
-14558
-14773
-14997
-15252
-15468
-15705
-15964
-16252
-16565
-16789
-17065
-17334
-17544
-17758
-17976
-18140
-18354
-18092
-18813
-18905
-18567
-19317
-19058
-19787
-20025
-20292
-20075
-20928
-21218
-21039
-21920
-22260
-22588
-22483
-23250
-23539
-23867
-24191
-24510
-24747
-24993
-25386
-25634
-25846
-26205
-26428
-26586
-26812
-26957
-27155
-27323
-27542
-27684
-27384
-28212
-28506
-28819
-29209
-29594
-30035
-30434
-30348
-31254
-31313
-32186
-32642
-33069
-33436
-33836
-34180
-34542
-34869
-35081
-35422
-35638
-35827
-36008
-35668
-36275
-36432
-36563
-36605
-36712
-36819
-36936
-37123
-37298
-37451
-37495
-37607
-37758
-37960
-37638
-38212
-38313
-38560
-38697
-38791
-38962
-38623
-39317
-39422
-39539
-39743
-40027
-40294
-40531
-40815
-41149
-41453
-41750
-41924
-42058
-42132
-42023
-41981
-41941
-41785
-41584
-41399
-41258
-41126
-40936
-40840
-40766
-40710
-40678
-40726
-40888
-41033
-41193
-41436
-41720
-42048
-42352
-42709
-43063
-43375
-43754
-44161
-44424
-44682
-44470
-45184
-45405
-45630
-45813
-45894
-46136
-46237
-46306
-46399
-46401
-46252
-46392
-45813
-45688
-45544
-45905
-45157
-45325
-45625
-45449
-46184
-46476
-46600
-46796
-46960
-47010
-47115
-47220
-47334
-47417
-47468
-47495
-47493
-47455
-47493
-47445
-47457
-47472
-47550
-47638
-47808
-48016
-48302
-48556
-48722
-48905
-48943
-48913
-48867
-48653
-48457
-48193
-48334
-47438
-47096
-46556
-46212
-45749
-45300
-45422
-44653
-44100
-43863
-43745
-43630
-43563
-43602
-43609
-43754
-43493
-44050
-44105
-44188
-44271
-44355
-44407
-44426
-44508
-44583
-44562
-44562
-44539
-44596
-44468
-44333
-44209
-43981
-43758
-43390
-43096
-42771
-42432
-42128
-41829
-41976
-41167
-40854
-40571
-40291
-39959
-39710
-39470
-39325
-39201
-39042
-38981
-39117
-39147
-39264
-39399
-39504
-39407
-39396
-39266
-39535
-38873
-38693
-38491
-38300
-38060
-37917
-37655
-37529
-37415
-37060
-36880
-36909
-36380
-35834
-35441
-35298
-34981
-34951
-34833
-34514
-34210
-33802
-33300
-32798
-32365
-31978
-31766
-31607
-31560
-31520
-31451
-31317
-31292
-31235
-31155
-31002
-30846
-30602
-30212
-29922
-29487
-29062
-28653
-28239
-27980
-27724
-27586
-27529
-27289
-27140
-26989
-27354
-26789
-26586
-26239
-25833
-25827
-24533
-23647
-22941
-21174
-19787
-18172
-16901
-15107
-13396
-11699
-10073
-8626
-6924
-6279
-5031
-4459
-4210
-4144
-4764
-5567
-7405
-9722
-10833
-12546
-13180
-13308
-12821
-11987
-10911
-9298
-7882
-6804
-4936
-4283
-3409
-2317
-2394
-1752
-1672
-1686
-1609
-1604
-1541
-1525
-1493
-1361
-1140
-804
-506
-413
593
1047
1005
1496
2540
2511
2938
3570
3700
3595
3904
3131
2858
2624
2761
3270
3498
4769
4935
5444
5973
5719
5074
4864
3589
3353
2227
1706
1242
1089
937
975
1080
1393
1688
1465
2070
2133
2062
1940
1791
1580
1410
1295
1253
1118
1131
1104
1160
1463
2091
2587
2467
3230
3372
3295
3148
2843
2318
1662
1211
799
616
374
179
129
179
467
721
488
1181
1255
1375
1330
1188
992
658
366
-60
-415
-733
-1071
-1355
-1646
-1743
-1533
-1163
-731
-201
209
612
969
1221
1452
1555
1620
1347
1005
519
143
-256
-613
-861
-1012
-1464
-960
-779
-676
-405
-159
169
408
591
698
515
291
427
-56
-1149
-1730
-2426
-3161
-3649
-4102
-4249
-4292
-4207
-4027
-3834
-3562
-3138
-2703
-2321
-2436
-1491
-1228
-867
-939
-96
270
467
629
730
641
509
290
-75
-441
-510
-1453
-1531
-2025
-3250
-3506
-4705
-5508
-6178
-6959
-7554
-8104
-8600
-9020
-9409
-9682
-9888
-10086
-10352
-10535
-10289
-10970
-11203
-11313
-11518
-11476
-11609
-11617
-11724
-11840
-11995
-12191
-12472
-12926
-13340
-13926
-14500
-14688
-15909
-16205
-17500
-18367
-19250
-19896
-20130
-21325
-21859
-22470
-22537
-22989
-23844
