-8737
-7913
-7707
-7756
-8023
-8159
-8300
-8315
-8291
-8277
-8178
-8050
-7861
-7699
-7558
-7363
-7153
-7291
-6602
-6277
-5894
-5529
-5226
-4924
-4594
-4464
-4283
-4168
-4138
-4023
-3817
-3697
-3472
-3167
-2825
-2462
-2109
-1733
-1405
-1159
-1439
-785
-573
-380
-233
-75
34
169
244
360
301
343
259
270
270
259
200
248
360
395
398
417
341
438
358
354
326
259
255
297
204
145
59
-79
-96
-241
-403
-655
-957
-1312
-1705
-2168
-2615
-2491
-3270
-3611
-3714
-3680
-3500
-3296
-3132
-2733
-2287
-1741
-1157
-850
385
1169
1919
2639
3152
3700
4148
4486
4708
4664
4549
4114
3608
3366
2066
1160
881
-2
-1327
-2121
-2812
-3592
-4153
-4661
-4867
-5031
-4823
-4634
-4258
-3710
-3378
-1983
-1155
-260
87
1347
1914
2433
2750
3051
3312
3433
3162
2515
2364
1673
624
463
-459
-699
-688
-310
192
637
820
839
770
379
47
-386
-817
-1333
-1787
-2107
-2226
-2319
-2323
-2268
-2231
-2130
-1922
-1474
-1008
-924
-483
349
547
830
1215
1326
1383
1309
1240
1114
1005
742
387
402
-25
-695
-493
-1136
-1464
-1605
-1686
-1697
-1592
-1487
-1481
-1495
-1401
-1544
-1478
-1521
-1630
-1676
-1834
-1926
-2050
-2186
-2359
-2340
-2439
-2531
-2581
-2531
-2531
-2470
-2388
-2188
-2050
-1796
-1762
-1821
-1943
-1489
-2249
-1966
-2670
-2917
-3304
-3502
-3794
-3970
-4121
-4060
-4016
-3945
-3762
-3798
-3766
-3678
-3445
-3321
-3210
-3134
-3205
-3359
-3447
-3825
-4161
-4571
-5046
-5523
-6021
-6459
-6960
-7508
-7894
-8254
-8607
-8319
-9025
-9012
-8928
-9273
-8644
-8527
-8401
-8174
-7949
-7773
-6470
-8865
-8903
-8537
-8271
-6918
-6741
-6344
-5806
-5905
-6088
-5897
-6583
-6720
-6873
-7069
-7417
-7569
-7747
-7787
-7953
-8193
-8470
-8871
-9220
-9539
-9869
-10088
-10170
-10199
-10168
-10287
-10365
-10520
-10292
-11006
-10783
-11605
-11985
-12499
-12985
-13604
-13724
-14720
-16405
-17189
-19075
-20747
-21609
-21980
-22384
-22579
-22731
-22928
-22014
-21920
-21464
-20063
-20548
-21287
-21493
-20579
-20859
-21981
-22878
-23886
-23989
-24899
-25325
-25548
-25521
-25556
-25542
-25609
-25632
-25825
-26060
-26680
-27157
-27831
-28228
-28340
-29323
-30304
-31657
-32470
-32918
-33176
-33291
-33334
-33405
-33542
-33640
-33577
-33380
-33037
-32915
-33067
-33298
-33665
-33733
-34775
-34689
-35567
-35676
-36199
-37270
-37999
-38730
-39302
-39579
-40718
-41573
-42714
-43021
-44371
-44552
-45743
-46392
-47136
-47583
-47857
-48044
-48207
-48312
-48439
-48373
-48033
-47615
-47039
-46447
-45989
-45668
-45418
-45302
-45306
-45230
-45312
-45373
-45544
-45924
-45350
-45138
-45417
-44464
-44279
-43020
-42226
-42016
-41409
-40117
-39277
-38674
-38581
-37413
-36892
-36355
-35857
-35302
-34415
-33333
-31989
-30485
-28193
-26092
-23523
-22415
-20806
-20090
-20075
-20716
-21634
-23539
-26331
-28275
-30407
-32670
-33684
-34230
-33972
-32861
-31571
-29689
-27775
-25583
-23016
-21100
-19602
-18668
-18228
-18291
-18762
-19144
-20220
-21094
-22376
-22838
-22831
-22670
-22041
-21138
-20350
-18934
-17579
-16115
-14247
-13657
-12550
-11691
-10596
-10140
-9884
-9802
-9833
-10000
-10081
-9775
-10176
-10039
-10159
-9346
-9023
-9271
-8569
-8220
-8256
-8579
-8749
-8959
-9230
-9373
-9640
-10075
-9792
-10289
-10037
-9510
-8829
-8216
-7672
-7138
-6621
-6209
-6020
-5911
-5680
-5186
-4703
-4823
-4002
-3661
-2993
-2260
-1502
-842
-331
68
248
227
0
-111
-144
-260
-445
-525
-626
-894
-531
-260
-273
-247
-142
-119
-123
-245
-386
-334
-2
-560
-1306
-2107
-2334
-3220
-3863
-4420
-5480
-5978
-5771
-6321
-7329
-4661
-4132
-3176
-1819
1370
736
-665
-2581
-3396
-4176
-4770
-5203
-5581
-5478
-4457
-3340
-1111
360
1517
1893
1498
1536
1293
1593
1351
1347
1108
750
505
545
877
1345
1738
2167
2471
2780
3150
3576
3442
4150
4129
4156
3998
3606
2958
2112
1120
30
-1159
-1632
-2552
-2936
-3613
-3424
-3310
-3121
-3063
-2840
-2924
-2375
-1909
-1384
-521
-966
-718
-1109
-1037
-1928
-2319
-2670
-2758
-2779
-2985
-3313
-3926
-10004
-3985
-2342
2622
7061
8656
8494
6022
1877
494
-1947
-3802
-4464
-5621
-5955
-6197
-6405
-6125
-5464
-4518
-3182
-2210
-907
713
998
2116
1958
2601
2690
2774
2578
1969
1517
604
91
-350
-678
-855
-783
-779
-714
-514
-354
-104
95
80
1
-138
-289
-8
-764
-1090
-1048
-2146
-2550
-3875
-4657
-5287
-5663
-6056
-6542
-7039
-7537
-7678
-7401
-6930
-7035
