-51985
-51567
-51270
-50848
-50489
-50054
-49684
-49382
-49008
-48642
-48796
-48004
-47646
-47825
-47071
-46724
-46346
-46035
-45659
-45329
-45039
-44619
-44289
-44048
-43827
-43546
-43409
-43302
-43144
-42953
-42842
-42762
-42659
-42974
-42411
-42287
-42119
-42018
-41812
-41697
-41579
-41373
-41218
-41102
-40932
-40773
-40682
-41029
-40539
-40434
-40296
-40245
-40180
-40086
-40107
-40128
-40058
-40039
-40048
-40041
-40048
-39957
-39869
-39871
-39873
-39796
-39789
-39800
-39752
-39768
-39720
-40046
-39443
-39346
-39113
-38911
-38701
-38455
-38146
-37833
-37542
-37144
-36709
-36321
-35905
-35319
-34451
-34123
-33189
-32237
-30770
-29653
-28670
-27063
-25945
-25289
-23619
-21558
-20121
-19439
-17758
-17081
-15867
-15628
-15136
-14289
-14142
-14209
-14487
-15073
-15579
-15720
-16863
-17686
-18396
-18625
-19737
-20291
-20838
-21050
-21214
-21226
-20966
-20768
-20233
-19569
-18924
-18115
-17292
-16352
-16056
-14817
-14039
-13161
-12027
-11499
-11027
-10567
-10315
-10086
-9974
-9875
-9747
-9743
-9628
-9600
-9493
-9445
-9344
-9342
-9304
-9396
-9386
-9480
-9539
-9544
-9653
-9665
-9730
-9672
-10031
-9871
-9417
-9195
-8989
-8886
-8827
-8653
-8386
-8052
-7495
-7312
-5987
-5392
-4741
-4146
-3684
-3205
-2800
-2521
-2304
-2042
-1880
-1768
-1806
-1737
-1584
-1636
-1684
-1710
-1804
-1955
-2222
-1966
-2634
-2917
-2922
-2800
-2806
-2810
-2447
-3002
-3132
-3104
-2953
-2764
-2525
-2271
-2025
-1621
-1340
-1457
-737
-960
-239
-84
-90
-77
-153
-233
-346
-369
-378
-363
-346
-140
-140
-77
64
263
328
17
582
717
725
713
830
729
690
667
599
975
452
377
219
269
311
293
364
15
555
580
698
866
910
1032
1097
1208
1187
1250
1206
1093
1049
931
807
740
698
637
625
666
748
830
963
1082
1209
1429
1534
1624
1740
1805
1854
1902
1816
1604
1381
1164
917
877
904
488
1061
1146
1272
1421
1526
1622
1545
1522
1944
1276
1314
1370
1360
1343
1303
1261
1137
906
543
122
-533
-1420
-1743
-1842
-1922
-1796
-1623
-1615
-1573
-1672
-1796
-1752
-1873
-2012
-2041
-2136
-2126
-2109
-2100
-2016
-2094
-2125
-1974
-1850
-1854
-2060
-2252
-2422
-2392
-2313
-2258
-2287
-2527
-2886
-3291
-3684
-4086
-4388
-4539
-4596
-4623
-4626
-4535
-4514
-4600
-4758
-4985
-5142
-4930
-5583
-5758
-5840
-5938
-6016
-6144
-6195
-6157
-6283
-6214
-6342
-6424
-6491
-6623
-6762
-6857
-6997
-7201
-7289
-7504
-7808
-8105
-8388
-8712
-9155
-9428
-9730
-10701
-11357
-11852
-12319
-12680
-13092
-13493
-13938
-14407
-14846
-14733
-15466
-15697
-15836
-16048
-16178
-16294
-16516
-16619
-16596
-16491
-16378
-16296
-16151
-16062
-16210
-16506
-16918
-17338
-17831
-18312
-18750
-19153
-19684
-19632
-20092
-20562
-21481
-21523
-22016
-22917
-23247
-22974
-23541
-23554
-23676
-23644
-23796
-23457
-24079
-24258
-24386
-24602
-24892
-25201
-25464
-25821
-26088
-25941
-26783
-27121
-27453
-27917
-28302
-28802
-29285
-29682
-30073
-30466
-30344
-31167
-31487
-31338
-32237
-32617
-32771
-33850
-34455
-35107
-35586
-35680
-36493
-36607
-36634
-36575
-36451
-36605
-35724
-35231
-34705
-34201
-33542
-32968
-32527
-32142
-31930
-31821
-31899
-32128
-32537
-33023
-33554
-33730
-34894
-35447
-36056
-36245
-37268
-37838
-38245
-38640
-38823
-38985
-38930
-38709
-38239
-37951
-37644
-37516
-38077
-37750
-37897
-38317
-38407
-38731
-39006
-39373
-39521
-40048
-39411
-39336
-39287
-39235
-39258
-39319
-39107
-39985
-40170
-40342
-40644
-40876
-41100
-41392
-41518
-41527
-41277
-40886
-40291
-39796
-39262
-38976
-38741
-38563
-38544
-38588
-38791
-39220
-39462
-39846
-40149
-40468
-40590
-40670
-40607
-40535
-40451
-40123
-39869
-39588
-39100
-38667
-38556
-37516
-36873
-36205
-35594
-34960
-34346
-33875
-33394
-32955
-32647
-32428
-32142
-32008
-31789
-31584
-31281
-31029
-30957
-30907
-30974
-30981
-30880
-30563
-30201
-29850
-29380
-29250
-28499
-28315
-28039
-27709
-27441
-27107
-26766
-26544
-26373
-26218
-26231
-26214
-25913
-26407
-26457
-26453
-26459
-26340
-26235
-25968
-25819
-25500
-25178
-24781
-24296
-23812
-23224
-22705
-22207
-21579
-21151
-20596
-20071
-19733
-19384
-19209
-18947
-18930
-18886
-18955
-19126
-19207
-19199
-19266
-19224
-19065
-18964
-18787
-18676
-18401
-18147
-17836
-17415
-16955
-16348
-15846
-15312
-14741
-14210
-14062
-12871
-12271
-11833
-11302
-10823
-10476
-9991
-10245
-9508
-9315
-9113
-9033
-8913
-8871
-8815
-8882
-8705
-8621
-8632
-8480
-8350
-8119
-8302
-7619
-7775
-6993
-6623
-6231
-6352
-5571
-5096
-4819
-4480
-4081
-3869
-3209
-3063
-3384
-2722
-2556
-2354
-2168
-2048
-1918
-1899
-1939
-2077
-2170
-2313
-2510
-2781
-2852
-3092
-3304
-3411
