-25365
-24770
-24672
-24506
-24380
-24252
-24086
-23810
-23676
-23592
-23485
-23390
-23355
-23333
-23237
-23247
-23256
-23256
-23188
-23231
-23344
-23443
-23600
-23760
-23459
-24184
-24365
-24550
-24701
-24901
-25092
-25195
-25302
-25262
-25140
-25014
-24760
-24573
-24892
-24214
-24407
-23670
-23331
-23004
-22653
-22163
-21636
-21218
-20771
-20249
-19596
-18943
-18980
-17980
-17590
-17107
-16680
-16346
-15995
-15670
-15392
-15619
-14857
-14665
-14470
-14604
-14111
-13651
-13741
-13657
-13863
-13932
-13861
-13848
-13829
-13800
-13768
-13880
-13938
-14094
-14193
-14218
-14317
-14418
-14449
-14531
-14579
-14575
-14483
-14546
-14638
-14628
-14577
-14567
-14439
-14279
-14207
-14088
-13932
-13812
-13605
-13411
-13626
-12918
-13172
-12375
-12050
-11743
-11499
-11722
-11046
-11226
-10594
-10497
-10390
-10270
-10142
-10012
-9892
-10231
-9579
-9420
-9770
-9199
-9153
-9100
-9018
-8930
-8878
-8852
-8819
-8735
-8720
-8756
-8821
-8930
-8978
-9025
-9144
-9327
-9476
-9542
-9621
-9308
-9989
-10186
-10287
-10355
-10514
-10271
-10941
-11002
-11042
-11092
-10752
-11514
-11270
-11978
-11730
-12428
-12560
-12611
-12684
-12846
-13065
-13237
-13321
-13441
-13598
-13817
-14023
-13682
-14292
-14422
-14546
-14686
-14781
-14884
-14976
-15073
-15128
-15189
-15271
-15369
-15439
-15480
-15504
-15552
-15609
-15638
-15625
-15550
-15449
-15357
-15283
-15149
-15014
-14926
-14880
-14867
-14848
-14771
-15130
-14533
-14415
-14333
-14266
-14216
-14205
-14250
-14271
-14271
-14243
-14239
-14256
-14268
-14245
-14260
-14243
-14222
-14186
-14657
-14128
-14092
-14042
-14065
-14104
-14125
-14121
-14105
-14100
-14128
-14149
-14153
-14168
-14214
-14327
-14468
-14560
-14598
-14657
-14798
-14899
-14989
-15060
-15176
-15371
-15569
-15796
-15995
-16155
-16334
-16531
-16722
-16871
-17000
-17090
-17180
-17210
-17222
-17209
-17155
-17084
-17004
-16897
-16794
-16737
-16731
-16691
-16674
-16634
-16615
-16613
-16544
-16476
-16413
-16340
-16241
-16125
-15955
-15754
-15558
-15352
-15178
-15023
-14825
-14604
-14376
-14657
-13943
-13796
-14149
-13579
-13516
-13481
-13441
-13420
-13424
-13474
-13600
-13703
-13733
-13810
-13876
-13949
-13960
-13983
-14050
-14123
-14205
-14338
-14426
-14535
-14575
-14695
-14875
-15083
-15291
-15499
-15773
-16033
-16346
-16693
-17062
-17405
-17709
-18018
-18357
-18733
-19054
-19382
-19722
-19550
-20277
-20445
-20630
-20855
-21067
-21237
-21348
-21418
-21489
-21605
-21716
-21762
-21821
-21876
-21928
-21506
-22107
-22090
-22000
-21943
-21896
-21747
-21550
-21304
-21021
-20680
-20441
-20176
-19875
-20027
-19201
-18836
-18476
-18548
-17770
-17537
-17312
-17046
-16974
-16876
-16846
-16829
-16846
-16865
-16865
-16834
-16875
-16876
-16842
-16764
-16838
-16964
-17062
-17149
-17312
-17546
-17773
-18052
-18273
-18523
-18714
-18884
-18959
-19102
-19241
-19386
-19083
-19802
-20010
-20111
-20281
-20476
-20667
-20850
-21079
-21331
-21584
-21861
-22130
-22300
-22590
-22485
-23184
-23352
-23607
-23867
-24052
-24184
-24298
-24424
-24565
-24611
-24750
-24911
-24949
-24993
-25134
-25197
-25277
-25361
-25329
-25380
-25334
-25199
-25060
-24943
-24745
-24518
-24344
-24262
-24209
-24004
-23840
-23741
-23670
-23541
-23289
-23157
-23111
-23006
-22873
-22634
-22438
-22268
-22455
-21632
-21365
-21048
-20709
-20424
-20161
-19997
-19867
-19638
-20029
-19523
-19319
-19188
-19083
-19020
-18886
-18802
-18661
-18527
-18397
-18264
-18237
-18268
-18188
-18247
-18304
-18289
-18394
-18487
-18563
-18668
-18798
-19033
-19241
-19411
-19495
-19703
-20027
-20250
-20495
-20871
-21439
