-19846
-19167
-18598
-18142
-17466
-16960
-16304
-16025
-14823
-14651
-13512
-12962
-12388
-11775
-11300
-10834
-10388
-9938
-9394
-8966
-8823
-8651
-8529
-8445
-8445
-8520
-8712
-8873
-9021
-9222
-9426
-9651
-9794
-9901
-9999
-10073
-10094
-10056
-10165
-10107
-10199
-10230
-10304
-10342
-10319
-10296
-10281
-10394
-10418
-10462
-10577
-10747
-10880
-10995
-10760
-11514
-11245
-11943
-12174
-12352
-12514
-12649
-12886
-13155
-13525
-13850
-14165
-14478
-14844
-14678
-15399
-15182
-15840
-15985
-15649
-16209
-16268
-16365
-16363
-16214
-16014
-15897
-15710
-15502
-15382
-15220
-15195
-14966
-14794
-14628
-14462
-14294
-13980
-13495
-12075
-11508
-11327
-11172
-10945
-10661
-10499
-10525
-10541
-10537
-10705
-10762
-10802
-10880
-11077
-10783
-11541
-11833
-12163
-12459
-12252
-13105
-13548
-14050
-14462
-14936
-15392
-15867
-16262
-16703
-16653
-17443
-17588
-17825
-17964
-17905
-17974
-17892
-17752
-17609
-17504
-17449
-17380
-17271
-17065
-16884
-16781
-17094
-16434
-16159
-15905
-15657
-15355
-15100
-14981
-14806
-14670
-14569
-14470
-14428
-14417
-14415
-14518
-14199
-14802
-15023
-15235
-15438
-15157
-15976
-16308
-16535
-16705
-16619
-17781
-17598
-18126
-18592
-19397
-19949
-20249
-20485
-21218
-21869
-22149
-22688
-23168
-23613
-23991
-24119
-24327
-24600
-24699
-24747
-24844
-24770
-24810
-24787
-24625
-24541
-24331
-24010
-23739
-23487
-23126
-22728
-22396
-21771
-21165
-20947
-19804
-19113
-19008
-18182
-17747
-17521
-17409
-17581
-17052
-16945
-16760
-16787
-16817
-16903
-16613
-17239
-17552
-17857
-18125
-18485
-18779
-19203
-19661
-20004
-20390
-20691
-20941
-21189
-21439
-21012
-21579
-21535
-21432
-21277
-21485
-20649
-20157
-19871
-19613
-19292
-19136
-18949
-18880
-18709
-18663
-18380
-18294
-18249
-18319
-18302
-18317
-18231
-18107
-18115
-17966
-17966
-18031
-17873
-17773
-18025
-17218
-16716
-16191
-16063
-14926
-14611
-13367
-12472
-11417
-10466
-9449
-8396
-7722
-6084
-5787
-4699
-4357
-4441
-4575
-4451
-5552
-6352
-6945
-8361
-9913
-11756
-14096
-15308
-17306
-19848
-21539
-23010
-24701
-25852
-26481
-26810
-26560
-26130
-25758
-24115
-22611
-20728
-18613
-15840
-13775
-12661
-11004
-9978
-9701
-8649
-8481
-8625
-9107
-9302
-10722
-11668
-12277
-13218
-14214
-16016
-16924
-17861
-18722
-19378
-19552
-20646
-21273
-21407
-21697
-21936
-22243
-22359
-22497
-22493
-22491
-22462
-22331
-22165
-22449
-21750
-21934
-21079
-20107
-19567
-19415
-19247
-19361
-19359
-19075
-18825
-18646
-18436
-18191
-18113
-18021
-18117
-18241
-18417
-18079
-18762
-18947
-18991
-18934
-18955
-18926
-19029
-19021
-18978
-18863
-18848
-18871
-18716
-18600
-18382
-18174
-17936
-17707
-17518
-17493
-17483
-17590
-17121
-17682
-17792
-17989
-18205
-18428
-18701
-19155
-19439
-19947
-20359
-20739
-21186
-21436
-21878
-21951
-22128
-22205
-22216
-22245
-22176
-21686
-21894
-21021
-20928
-20472
-19317
-18999
-17638
-16747
-15831
-14962
-14506
-13252
-12472
-11621
-10863
-10613
-9487
-8949
-8535
-8105
-8258
-7533
-7258
-7058
-7018
-7002
-6951
-7090
-7222
-6848
-7520
-7644
-7783
-7850
-8042
-8189
-8279
-8451
-8544
-8480
-8531
-8581
-8623
-8894
-9100
-9470
-9667
-9907
-10136
-10201
-10123
-9789
-10331
-10197
-9951
-9684
-9520
-9760
-9258
-9123
-9130
-9063
-9115
-9245
-9562
-9546
-9487
-9457
-9371
-9086
-8907
-8676
-8510
-8275
-8067
-8292
-7602
-7464
-7310
-7088
-6917
-6689
-6550
-6424
-6241
-6224
-6092
-5938
-5873
-5903
-5838
-6352
-5840
