-27640
-28084
-28296
-28584
-28695
-28724
-28480
-28201
-27647
-27117
-26451
-25556
-24497
-23842
-22092
-20621
-19466
-18048
-16191
-14857
-14010
-12371
-11403
-10476
-10191
-9182
-8981
-9094
-9686
-9869
-11378
-13123
-14163
-15094
-15949
-17052
-22569
-29571
-24798
-25111
-22342
-17569
-11938
-6703
-1432
2601
4919
6093
5269
4488
2511
1265
-674
-2319
-3731
-4228
-5812
-6605
-7228
-8231
-9226
-10508
-11277
-12995
-14230
-18340
-19771
-20546
-21665
-21548
-21033
-19831
-18924
-17367
-15176
-13230
-11667
-9462
-7445
-5432
-4084
-3403
-4023
-4487
-6768
-8300
-9537
-10247
-10495
-10308
-9846
-9720
-8625
-8052
-7739
-7812
-8146
-8573
-9075
-9539
-9840
-10081
-10252
-10203
-9936
-9691
-9195
-9191
-8000
-7375
-7245
-6447
-6834
-6451
-6346
-6403
-6390
-6302
-6428
-6709
-7191
-7575
-7888
-7980
-7659
-7033
-6092
-5092
-3932
-2504
-1104
-462
877
1339
1425
1003
215
-928
-1657
-2943
-4625
-5850
-6354
-6848
-7523
-7010
-6651
-5125
-4361
-2754
-1539
-544
326
734
1030
879
526
368
-936
-1792
-2915
-3191
-3195
-3481
-3571
-3525
-3451
-2991
-2218
-1493
-840
-266
320
652
958
883
-172
-621
-2220
-2705
-2567
-2268
-1655
-1376
-917
-4
116
1049
1238
990
625
120
-418
-581
-1306
-1920
-2214
-2264
-2439
-2605
-2741
-2836
-3271
-3796
-4550
-4936
-6006
-7281
-7894
-8220
-8359
-8459
-8562
-8785
-8804
-8367
-7960
-7134
-6191
-5747
-4768
-3590
-3304
-2399
-1012
-294
188
748
1036
1438
1727
2396
1679
1250
984
358
482
-312
-1159
-1336
-1413
-447
1801
2635
2608
2333
2425
1372
906
-79
-1062
-2291
-2508
-3705
-4340
-5077
-5659
-5896
-6939
-7525
-7792
-7863
-8291
-7720
-7476
-7180
-6928
-6915
-6827
-7008
-7134
-7680
-8296
-8903
-9163
-9111
-9216
-9676
-10396
-11134
-11291
-11802
-12659
-13021
-13336
-13583
-13888
-14084
-14023
-13970
-13928
-14012
-14291
-14466
-14978
-15439
-15999
-15636
-16480
-16428
-16214
-15617
-15291
-15779
-16285
-17230
-18214
-18495
-18649
-18945
-19466
-20023
-20842
-21668
-22434
-22579
-23615
-24052
-24354
-24668
-24430
-25363
-25688
-25865
-25985
-26163
-26474
-27075
-27741
-28481
-29052
-29674
-30212
-30657
-30957
-31604
-32016
-32283
-33943
-34441
-34039
-34966
-35928
-36239
-37552
-37743
-38355
-38842
-39537
-40487
-41500
-42382
-42983
-43436
-43680
-43731
-43556
-43457
-43926
-43426
-43319
-43205
-43054
-42913
-42926
-42985
-43050
-43130
-43205
-43222
-43180
-43231
-43230
-43180
-43132
-42991
-42762
-42981
-42363
-42415
-42653
-43191
-43796
-44016
-45098
-45380
-45632
-45771
-45857
-45917
-45764
-45453
-45390
-44260
-43813
-42294
-41117
-40348
-39073
-37909
-36256
-35646
-34237
-33541
-33031
-33193
-32531
-32607
-33090
-33312
-34439
-34855
-34953
-34787
-34474
-33749
-32817
-32153
-30409
-29062
-28178
-26548
-25518
-24825
-22968
-21959
-20226
-19529
-18186
-17418
-16770
-16445
-16325
-16134
-17092
-17144
-18321
-19029
-19741
-20365
-20976
-21401
-21651
-21880
-22474
-21758
-21443
-19716
-18924
-17504
-16062
-14438
-12644
-10562
-8701
-7188
-5493
-4873
-4325
-3663
-4062
-4688
-5676
-6735
-7350
-8397
-9291
-10594
-10834
-11724
-11789
-11644
-11338
-10981
-10630
-10161
-9554
-9004
-8586
-8791
-8226
-8048
-7892
-7875
-8027
-8228
-8483
-9209
-9361
-10212
-9957
-9890
-10029
-10096
-10254
-9313
-8983
-9245
-8510
-8031
-7476
-6947
-6457
-6048
-5848
-5737
-5691
-5571
-5193
-4655
-4203
-4348
-3581
-3430
-3491
-3642
-3989
-4617
-5371
-6058
-6535
-6771
-6993
-7023
-6924
-6775
-6459
-5962
-5390
-4918
-4571
-4384
-3926
-4815
-5348
-6151
-7172
-8279
-9258
-9680
-9550
-8863
-8094
-5899
-4657
-2922
-1384
358
1129
1442
1238
538
-472
-1359
-2065
-2997
-4365
-5167
-5459
-5897
-6598
-6792
-6312
-5222
-4483
-3586
-2768
-1989
-1342
-869
-836
-962
-1060
-2174
-3527
-5119
-6041
-6394
-7497
-7514
-7132
-6525
-5659
-4512
-3523
-2712
-2119
-1915
-1447
-1083
-1075
-1329
-1605
-2878
-3403
-3565
-3665
-3846
-4386
-4006
-3922
-3712
-3357
-3249
-3260
-3586
-3957
-4247
-3188
-3182
-3266
-3420
-1968
-1592
-1025
-544
137
146
-480
-1151
-2600
-2855
-2733
-2926
-2304
-2359
-2569
-2750
-3052
-3027
-2880
-2758
-2771
-2869
-3088
-3390
-3500
-3480
-3436
-3434
-3710
-3533
-4674
-4995
-6333
-6686
-6871
-6399
-7090
-7590
-8117
-8615
-8871
-8905
-8752
-8613
-8480
-8733
-7850
-7770
-6844
-6436
-6090
-6146
-6678
-7283
-7390
-8449
-9170
-9878
-11506
-14071
-15689
-17684
-19552
-21464
-22682
-23388
-23686
-23730
-23701
-23426
-22978
-22598
-22418
-22354
-22646
-22504
-22985
-23897
-24216
-24260
-24207
-24189
-24021
-24428
-23894
-24140
-24733
-25121
