-19117
-21445
-22378
-23138
-23630
-23466
-23970
-23884
-23911
-22842
-21989
-21107
-20376
-18712
-17915
-16556
-15270
-15136
-14170
-13813
-13567
-13493
-13436
-13552
-13840
-13701
-14621
-14716
-15726
-16350
-17029
-17737
-18130
-19262
-19584
-20810
-21149
-22042
-23069
-23533
-24136
-24533
-24737
-25033
-25214
-25155
-25067
-24741
-24434
-24394
-23489
-23016
-22630
-22392
-22058
-21686
-21464
-20695
-20741
-20617
-20613
-20642
-20619
-20695
-20812
-20917
-21104
-21422
-21747
-21537
-23455
-24821
-25911
-27035
-27623
-28209
-28661
-29065
-29432
-29542
-29514
-29552
-29352
-29325
-29128
-28913
-28680
-28800
-27972
-27521
-27285
-26970
-26712
-26480
-26207
-25825
-25531
-25857
-25071
-24997
-24981
-24785
-24716
-24569
-24434
-24231
-24142
-24092
-24016
-23884
-23640
-23930
-23165
-22926
-22638
-22537
-22459
-22445
-21542
-21306
-21069
-20716
-20569
-20367
-20304
-20315
-20367
-20483
-20646
-20848
-21083
-21396
-21575
-21905
-22010
-22109
-21993
-22010
-21852
-21596
-21264
-20800
-20411
-19833
-19365
-18913
-18594
-18226
-18006
-17750
-17514
-17617
-17651
-17949
-18266
-18703
-19041
-19058
-20256
-21249
-21088
-21394
-21033
-21623
-21682
-21754
-21852
-22031
-22027
-22222
-22394
-22647
-22487
-23144
-23352
-23504
-23705
-23504
-24128
-24327
-24264
-24111
-23722
-23151
-22918
-22409
-22439
-21981
-20752
-20312
-19896
-19195
-18712
-18348
-18260
-18539
-18951
-19111
-20434
-21306
-21638
-23355
-24787
-26231
-27775
-29271
-30584
-33600
-34928
-35842
-37042
-37668
-39758
-40146
-40962
-41260
-41220
-41210
-41296
-40905
-41037
-40495
-39201
-38735
-38130
-38056
-36947
-36394
-36128
-34787
-34688
-34029
-33600
-33688
-33084
-32794
-32710
-32842
-32691
-32693
-32630
-32544
-32537
-32438
-32500
-32741
-32541
-32062
-32600
-32626
-32502
-32073
-31863
-31649
-31506
-31292
-30882
-30518
-30056
-29565
-29021
-28523
-27943
-27617
-27100
-26644
-26264
-25802
-25483
-25291
-25157
-25025
-24951
-24821
-24728
-24594
-24609
-24462
-24079
-23743
-23520
-23304
-23039
-22876
-22735
-22938
-22329
-22119
-21896
-21562
-21195
-20974
-21168
-21125
-21031
-20611
-20409
-20151
-19766
-19222
-19014
-18991
-18216
-17791
-17457
-17153
-17126
-17142
-17312
-17355
-17147
-17983
-18453
-18882
-19281
-19771
-20096
-20397
-20348
-20233
-20209
-20100
-19930
-19972
-19151
-18722
-18182
-17495
-16804
-16577
-15302
-14499
-14130
-12825
-12065
-11334
-10783
-10291
-9947
-9724
-9352
-9369
-9375
-9607
-9583
-9621
-11130
-11281
-12230
-13928
-14980
-15781
-17401
-18464
-19054
-19808
-20230
-20378
-20500
-20275
-20035
-19581
-19537
-19014
-17926
-17306
-17041
-15976
-15432
-14907
-14875
-14550
-14270
-14352
-14590
-14884
-15325
-15178
-16002
-16258
-16407
-16680
-16983
-17409
-17888
-18499
-18605
-19770
-20075
-21273
-21867
-22010
-23113
-23779
-24352
-24468
-25386
-25663
-25684
-25817
-25710
-25596
-25302
-24951
-24621
-24144
-23730
-23262
-23033
-23388
-22554
-22243
-21815
-21972
-21270
-21161
-21054
-21058
-20972
-21031
-22058
-22441
-22918
-23594
-23819
-24119
-24306
-24544
-24749
-24432
-24728
-24451
-24161
-23852
-23573
-23365
-23086
-22691
-22584
-22659
-22836
-23157
-23367
-23737
-24283
-25021
-25292
-25321
-25126
-24829
-24743
-24346
-23752
-23086
-22905
-22369
-21317
-21468
-20771
-20812
-20644
-20424
-20254
-20081
-19911
-19834
-19917
-19214
-19002
-18344
-18367
-18424
-18556
-17443
-17163
-17306
-17203
-18037
-18542
-18638
-19884
-20686
-21638
-21997
-23168
-23836
-24712
-25340
-25563
-25863
-26132
-26292
-26476
-26617
-26710
-26726
-26752
-26852
-26880
-27359
