-7541
-7363
-7815
-6852
-7544
-7455
-7827
-7913
-7569
-7294
-7317
-7354
-8422
-8735
-8949
-8976
-9031
-9006
-9086
-9134
-9155
-9252
-9262
-9342
-9449
-9542
-9741
-10025
-10294
-10466
-10672
-10766
-10899
-11063
-11142
-11300
-11541
-11804
-11999
-11728
-12363
-12459
-12457
-12388
-12313
-12447
-12266
-13096
-13520
-13842
-14016
-13947
-13890
-13777
-13718
-13581
-13499
-13628
-13749
-13825
-13943
-14048
-14140
-14250
-14338
-14306
-14392
-14483
-14735
-15012
-15401
-15728
-16119
-16334
-17100
-17409
-17651
-17966
-18245
-18455
-18701
-18955
-19230
-19493
-19808
-20205
-20084
-20899
-21151
-21312
-21352
-21415
-21434
-21453
-21031
-21554
-21707
-21506
-22323
-22642
-23081
-23428
-23775
-24069
-24361
-24676
-24665
-24565
-24527
-24607
-24897
-25302
-25642
-25819
-25800
-25705
-25506
-25417
-25520
-25686
-25481
-25157
-24842
-24688
-24453
-24390
-23911
-23415
-23804
-23983
-25197
-25791
-25934
-27050
-27510
-28119
-28346
-28850
-29378
-30271
-30459
-30583
-30611
-30396
-30100
-29812
-29254
-29147
-29012
-29794
-29359
-29438
-29445
-29493
-29684
-29915
-30289
-30352
-31462
-32088
-32315
-33422
-33773
-34836
-35354
-35491
-35531
-35474
-35262
-34852
-34346
-33741
-33004
-32424
-31939
-31613
-31355
-31159
-31155
-31300
-31283
-32480
-32836
-34012
-34602
-34964
-34689
-35415
-35520
-35352
-34989
-34367
-34092
-33167
-31865
-31747
-30701
-30132
-29878
-29529
-29420
-29466
-29554
-29777
-30140
-30510
-30897
-31241
-31892
-32357
-32659
-32833
-32827
-32859
-32934
-32848
-32714
-32401
-31884
-31665
-30420
-29359
-28489
-27846
-26865
-25291
-24823
-24873
-24096
-24415
-23682
-23571
-23508
-23457
-23521
-23823
-24197
-24573
-24981
-25621
-26207
-27134
-27506
-28691
-29235
-29785
-30197
-30657
-30896
-31159
-31239
-31209
-31195
-31100
-30915
-30607
-30121
-29464
-29151
-27600
-26422
-25270
-23668
-21922
-19560
-18067
-16037
-14008
-12092
-9863
-8390
-7670
-6365
-6333
-5688
-5846
-5928
-7189
-8298
-9670
-10806
-12441
-14256
-15829
-17691
-19281
-20617
-22226
-22573
-23747
-24176
-24241
-24020
-23499
-22644
-21563
-20850
-19065
-17688
-16357
-15149
-13815
-12584
-10147
-7420
-4483
-3766
-2214
-1794
-667
-98
276
5
295
-438
-1193
-2575
-4691
-6350
-7453
-9270
-9854
-11161
-11611
-11661
-11279
-10592
-9518
-8323
-7667
-5964
-4489
-3775
-2560
-2210
-2271
-2382
-2628
-3062
-3745
-4562
-5014
-5378
-6088
-6235
-5869
-6128
-6296
-5508
-4920
-4115
-3226
-2623
-2069
-1474
-1436
-527
-951
-548
-1119
-1850
-2747
-3382
-3892
-4334
-4476
-4833
-4004
-3625
-3132
-2659
-2289
-2287
-2430
-2840
-3283
-3844
-4563
-5313
-6130
-6382
-7577
-7949
-8048
-7605
-6584
-5741
-3504
-2209
-140
1267
2000
3265
3568
3505
3139
2557
2391
1282
784
358
1
-233
-464
-726
-817
-691
-445
-157
-29
118
230
137
110
219
78
-71
-117
-201
-300
-399
-663
-836
-968
-1010
-1230
-1016
-1745
-2042
-2063
-2090
-1884
-1731
-1667
-1542
-1628
-1817
-2056
-2313
-2596
-2802
-3077
-3298
-3514
-3716
-3812
-3909
-3974
-4037
-3966
-3878
-3743
-3625
-3506
-3292
-3084
-2743
-2922
-2161
-2042
-1907
-1890
-1983
-2222
-1978
-2890
-3296
-3829
-4252
-4491
-4621
-4527
-4447
-4172
-4340
-3478
-3004
-2600
-2224
-2008
-1884
-1836
-1920
-2142
-2025
-3121
-3632
-4273
-5044
-5697
-6474
-7130
-7636
-8159
-8647
-8985
-9256
-9428
-9539
-9310
-10102
-10424
-10292
-11067
-11340
-11565
-11836
-11752
-12596
-13630
-14092
-14361
-14207
-15107
-15487
-16119
-16197
-16659
-17478
-17812
-17981
-18222
-18313
-18506
-18697
-18960
-19289
-19535
-19865
-19972
-20058
-20044
-20071
-20063
-20075
-20008
-20018
-20115
-20363
-20042
-20844
-21071
-21462
-21750
-22128
-22521
-22875
-23256
-23502
-23667
-23730
-23634
-23535
-23424
-23315
-23256
-23178
-23277
-22968
-23680
-23495
-24226
-24542
-24483
-25338
-25445
-26008
-27088
-27537
-27384
-28121
-27852
-28504
-28798
-29008
-29292
-29342
-29462
-29523
-29663
-29754
-29371
-30119
-29836
-30773
-31161
-31754
-32188
-32707
-33084
-33375
-33655
-33846
-33985
-34010
-34138
-34390
-34875
-35502
-35667
-36873
-37325
-37222
-37943
-38086
-38002
-37855
-37474
-37581
-36747
-36228
-36077
-34903
-34686
-33577
-33029
-33186
-32504
-32296
-32149
-32023
-31962
-31962
-32052
-32188
-32542
-32300
-33111
-33426
-33867
-34231
-34397
-34514
-34672
-34579
-34447
-34313
-34271
-34275
-34686
-34107
-34222
-34525
-34745
-34932
-35054
-34936
-34739
-34533
-34657
-33957
-33644
-33630
-33594
-33750
-33999
-34245
-34514
-34760
-34882
-34899
-34598
-34605
-34046
-33573
-32712
-31567
-31149
-30840
-30625
-30369
-30235
-29953
-29565
-29065
-28428
-27646
-27317
-26079
-25218
-24800
-23506
-22777
-22111
-21542
-21405
-20926
-20411
-19968
-18949
-18403
-17894
-17315
-16638
-15884
-15625
-14378
-14159
-13241
-13117
