-1901
-2146
-2401
-2703
-2659
-2577
-2457
-3407
-3480
-4653
-5048
-5441
-5449
-5539
-5848
-5903
-7044
-6844
-7697
-7518
-7602
-7586
-7762
-8004
-8063
-8531
-8651
-9231
-9065
-9149
-9859
-9886
-9810
-11060
-11296
-11590
-11115
-11109
-10640
-10712
-9602
-9321
-8640
-7897
-7813
-6678
-5945
-5489
-5838
-4972
-4619
-4250
-3214
-1794
-252
1408
2232
2515
2452
2351
2005
1717
1387
1236
1051
977
938
1022
1078
1127
1272
1312
1524
1650
1803
2061
2248
2595
2879
3227
3400
3624
3744
3828
3717
3606
3362
3131
3408
2057
1526
1019
2137
2265
1967
1765
1393
799
938
244
169
480
-33
-86
-60
5
34
-6
475
-157
-231
-384
-474
-663
-930
-945
-1107
-1170
-1289
-1384
-1577
-1762
-1497
-2195
-2417
-2573
-2802
-2907
-3027
-3044
-2957
-2974
-2743
-2688
-2617
-2512
-2485
-2415
-2499
-2521
-2590
-2873
-2928
-2854
-2754
-2850
-3039
-2978
-4008
-4146
-4336
-4516
-4726
-4447
-4981
-5067
-4928
-4712
-4502
-5680
-6060
-5878
-6441
-6392
-6392
-6516
-6483
-6273
-5980
-5556
-4974
-4533
-4453
-3913
-4487
-4567
-4733
-4829
-4403
-5012
-5333
-5689
-6646
-7075
-6909
-7737
-8054
-8472
-8730
-8699
-8619
-8468
-8346
-8226
-8119
-8170
-8111
-8096
-8157
-8245
-8392
-8573
-8596
-8728
-8813
-8815
-8838
-8876
-8663
-8623
-9117
-9623
-9907
-9325
-8640
-8048
-7745
-7813
-8197
-8716
-9355
-10342
-10663
-10657
-10407
-10277
-10191
-10348
-10638
-11180
-11323
-12529
-12775
-14008
-14590
-14705
-15247
-16235
-16836
-17399
-17613
-18153
-19331
-19985
-20520
-20569
-21077
-21917
-22313
-22581
-22798
-23144
-23562
-24170
-24600
-24775
-24750
-24617
-24512
-24625
-24997
-25016
-26214
-26812
-27291
-27548
-28039
-28781
-28865
-29510
-29172
-29151
-29552
-29941
-30121
-30310
-31491
-32096
-32504
-32827
-33037
-32770
-33464
-33848
-34073
-34298
-34495
-34766
-35041
-35378
-35565
-35833
-35722
-36157
-37315
-38020
-38785
-39489
-40355
-41172
-41964
-42806
-43102
-44310
-45100
-45785
-46241
-46638
-46554
-48157
-48682
-48640
-48457
-48031
-47754
-47710
-47443
-46607
-45899
-44432
-43056
-42292
-42104
-41981
-42083
-42222
-42060
-43113
-43938
-45147
-46144
-47210
-48266
-49252
-50090
-50689
-50959
-50695
-50090
-49800
-48464
-48296
-47176
-46571
-46306
-44959
-44373
-44180
-44039
-45275
-45981
-47754
-48493
-50094
-50438
-51382
-52930
-54333
-55495
-56250
-57743
-59119
-61590
-62535
-62535
-62535
-62535
-62535
-62535
-62535
-62535
-62535
-62535
-62535
-62535
-62535
-62535
-62535
-62535
-62535
-62535
-62535
-58754
-53825
-49239
-44886
-40499
-36411
-32283
-29243
-26855
-25260
-23995
-23978
-25271
-25516
-26359
-26331
-26167
-26365
-25871
-25073
-24901
-24924
-25586
-25510
-25134
-24562
-24067
-24067
-24233
-24346
-24277
-24287
-23930
-22306
-20216
-18699
-18065
-16838
-16254
-16006
-14819
-14550
-14195
-15138
-15926
-16584
-16212
-17176
-18562
-18712
-19420
-19136
-19384
-19157
-14804
-13550
-13279
-12863
-12373
-11376
-10586
-9432
-8680
-7146
-6480
-6146
-5903
-5644
-5079
-4413
-3628
-3023
-2663
-2619
-2878
-3315
-3880
-4352
-4499
-4369
-4163
-3966
-3722
-3369
-3159
-2959
-2745
-2871
-2033
-1917
-2226
-2598
-3210
-3731
-4115
-4354
-4609
-4462
-5277
-4915
-5861
-5308
-5165
-5063
-5014
-4920
-4821
-4556
-4291
-4126
-3936
-3739
-3201
-2779
-2913
-2354
-2500
-2873
-3180
-2934
-3371
-3083
-2821
-2193
-1193
-44
566
1822
2034
3118
3633
3940
3839
2425
727
-140
-2432
-4459
-5697
-6117
-6382
-6619
-6483
-6228
-4584
-3743
-1554
-20
1332
2230
2167
2175
1765
1000
345
-1014
-2852
-3529
-4571
-5380
-6189
-5924
-6413
-5649
-4880
-3306
-1857
-113
557
1986
3667
4828
5610
5944
5788
5082
4078
2984
2269
790
366
-859
-1241
-1516
-1468
-1086
-542
-466
746
1057
2221
2885
3122
3116
2843
2875
2406
1284
713
135
-352
-741
-1008
-1111
-1012
-930
-825
-573
-254
148
38
965
1591
1921
2041
2045
2057
2108
2154
2347
2309
2251
2127
2051
1505
1908
2017
1885
1667
1519
1549
1480
1368
1122
916
580
337
156
225
372
549
778
1286
1874
2431
3049
3479
3477
3683
4080
4490
4969
5320
5694
6145
6284
6624
6406
7110
7351
7345
7343
7158
6896
6412
5971
5774
5335
4396
3553
3295
2009
1150
303
-86
-1224
-1775
-2155
-2436
-2600
-2771
-3136
-3541
-4521
-5722
-6331
-6506
-7623
-8531
-8825
-10077
-10688
-11184
-11531
-11600
-11792
-11897
-12077
-12168
-12271
-12487
-12779
-12750
-13270
-14525
-14741
-15846
-16434
-16783
-17056
-17228
-17321
-17321
-17210
-16741
-16394
-16134
-15821
