-44957
-45680
-45882
-46117
-46357
-46611
-46510
-46447
-46281
-46037
-43852
-43422
-42875
-42317
-41752
-41312
-40915
-40991
-39823
-39583
-40155
-40271
-40136
-39989
-39689
-39342
-38863
-38420
-37863
-37325
-36762
-36167
-35548
-34922
-34344
-34188
-32863
-32329
-30626
-30102
-29607
-29111
-28689
-28203
-27907
-27647
-27396
-27188
-26913
-26605
-26243
-25733
-25123
-24474
-23726
-22848
-22035
-21250
-20323
-19203
-18163
-17491
-15829
-14999
-13228
-12661
-11647
-10703
-9453
-9102
-8850
-8701
-8663
-8634
-8657
-8756
-8905
-9067
-8836
-9674
-10056
-10441
-10352
-11375
-11854
-12376
-12909
-13300
-13209
-14042
-14306
-14441
-14512
-14542
-14441
-14386
-14195
-13920
-13609
-13668
-12716
-12665
-11621
-10991
-10355
-10252
-9042
-8386
-8287
-7014
-6838
-5741
-5151
-4588
-4063
-3520
-3098
-2737
-2901
-2046
-1810
-1571
-1430
-1287
-1189
-1088
-993
-974
-1014
-993
-1033
-1041
-1020
-1063
-1199
-1283
-1333
-1384
-1352
-1382
-1327
-1239
-1197
-1035
-907
-829
-626
-962
-394
-275
-172
-157
-35
32
-31
-29
34
40
20
-12
-48
-21
-41
-41
-480
36
66
108
162
171
278
406
568
643
835
1045
1345
1580
1887
2114
2362
2646
2921
3185
2938
3687
3954
4162
4337
4473
4629
4711
4730
4833
4940
4975
4986
5032
5091
5061
5045
5043
5026
4992
4956
5372
4828
4784
4765
4715
4603
4480
4435
4879
4250
4152
4055
3919
3811
3761
3650
3547
3536
3509
3446
3444
3351
3372
3301
3229
3146
3061
2969
2982
3410
2812
2757
2738
2624
2543
2484
2396
2322
2314
2253
2272
2236
2146
2179
2198
2200
2246
2278
2372
2505
2587
2664
2750
2904
2948
2959
2996
3061
3041
3059
3110
3087
3085
3074
3068
3104
3080
3091
3076
3120
3085
3101
3097
3057
2973
2950
2887
2782
2593
2362
2171
2290
1582
1353
1158
1099
988
503
1019
1101
1173
1427
1568
1681
1866
2009
2080
1492
1171
980
788
654
557
419
366
337
192
55
-20
-125
-151
-212
-186
-231
-170
-184
-291
-298
-31
-720
-970
-1403
-1802
-1468
-2107
-2159
-2239
-2285
-2436
-2567
-2796
-3002
-3172
-2938
-3756
-3959
-4195
-4449
-4567
-4596
-4615
-4644
-4544
-4426
-4277
-4102
-3966
-3726
-3556
-3455
-3386
-3220
-3105
-2997
-2792
-2688
-2546
-2445
-2298
-2283
-2189
-2104
-2109
-2159
-2088
-2184
-2241
-2296
-2378
-2516
-2670
-2808
-3048
-3113
-3182
-3294
-3384
-3329
-3296
-3264
-3226
-3081
-3027
-3031
-2947
-2892
-2869
-2884
-2838
-2750
-2714
-2626
-2493
-2918
-2226
-1995
-1825
-1640
-1939
-1230
-1094
-932
-791
-659
-579
-516
-462
-426
-363
-344
-249
-224
-176
-209
-134
-92
-69
11
-41
-10
-31
-44
-90
-149
-205
-342
-367
-546
-667
-840
-1084
-1289
-980
-1596
-1796
-2014
-2243
-2420
-2583
-2752
-2459
-3029
-3119
-3214
-3283
-3334
-3407
-3525
-3592
-3625
-3636
-3621
-3542
-3455
-3907
-3315
-3191
-3042
-2972
-2934
-2848
-2848
-2901
-2917
-3012
-2991
-3098
-3228
-3411
-3516
-3649
-3760
-3857
-3949
-4132
-4256
-4310
-4394
-4476
-4499
-4542
-4605
-4607
-4573
-4531
-4472
-4418
-4313
-4275
-4212
-4084
-3997
-3873
-3783
-3794
-3695
-3615
-3565
-3546
-3575
-3569
-3544
-3607
-3632
-3665
-3693
-3798
-3876
-3930
-4050
-4245
-4315
-4476
-4602
-4699
-4810
-5067
-5146
-5195
-5220
-5275
-5424
-5464
-5457
-5638
-5825
-5880
-5991
-6041
-6044
-6157
-6340
-6623
-6976
-6867
-7728
-8186
-8644
-9090
-9548
-9960
-9806
-10619
-10831
-11107
-11298
-11476
-11560
-11810
-11972
-12287
-12607
-12941
-13310
-13655
-14033
-14636
-15065
-15188
-15756
-17029
-17174
-18323
-18661
-20289
-20571
-22235
-22760
-23176
-23918
-24626
-24928
-25468
-26542
-27104
-28044
-28571
-29138
-29699
-29894
-31203
-32044
-32892
-33565
-34170
-34625
-34802
-34997
-35063
-35048
-35220
-35275
-35468
-35212
-36023
-36323
-36638
-37008
-37191
-37315
-37373
-37487
-37180
-37865
-38073
-38418
-38684
-38997
-39250
-39470
-39720
-40006
-40102
-40270
-40331
-40382
-40413
-40428
-40529
-40069
-40688
-40747
-40897
-40913
-40573
-41220
-41313
-41451
-41607
-41758
-41842
-41894
-41535
-42056
-42195
-42315
-42476
-42533
-42760
-42888
-43021
-43275
-43584
-43918
-44346
-44840
-45249
-45684
-46140
-46588
-47063
-47497
-47834
-48287
-48691
-48974
-49296
-49478
-49573
-49703
-49749
-49825
-49848
-49779
-49680
-49474
-49333
-49105
-48810
-48598
-48210
-47993
-47796
-47518
-47390
-47247
-47184
-47352
-47521
-47741
-48144
-48542
-49077
-49497
-50073
-50571
-51126
-51560
-51943
-51792
-52665
-52796
-52867
-52695
-52508
