3763
3085
2562
2440
1194
612
408
-796
-1067
-2260
-2626
-2527
-2361
-2525
-2905
-3415
-3424
-4563
-5132
-5752
-6102
-6489
-6686
-6773
-6676
-6491
-6174
-5602
-3709
-1894
-682
1118
4912
7198
9812
12793
15530
18570
21761
23958
26835
29299
31183
32654
33381
35030
35187
35881
35475
35061
34057
32480
31639
30135
27958
26734
24845
22931
21311
19832
21307
62532
62532
46211
50206
49631
36881
28883
24005
23391
20572
21064
20120
21078
18971
12385
2847
-8117
-20999
-33357
-42586
-41941
-44445
-49117
-57249
-62535
-60993
-56997
-58464
-61819
-62535
-62535
-62535
-62535
-62535
-61949
-57310
-53155
-50157
-47821
-45105
-41567
-38105
-36092
-35107
-34214
-33764
-33300
-33260
-33323
-33376
-34146
-35466
-36672
-38294
-38195
-28161
-3938
11477
-1056
-27602
-54735
-58573
-45399
-29086
-23203
-35955
-47646
-48966
-44743
-40170
-47854
-51731
-51058
-38915
30543
27047
8433
-2096
-62535
-62535
-62535
-62535
-62535
-62535
-62535
-62535
-62535
-62535
-62535
-62535
-62535
-62535
-62397
-56205
-47636
-38424
9314
47429
33164
29412
35398
27465
22744
20080
14685
8830
4459
4091
429
-7535
-14707
-20485
-29621
-40707
-51651
-59167
-62535
-62535
-62535
-62535
-61264
-60308
-54462
-42842
-24730
-11340
-6054
-7273
-6644
-7189
-3619
3097
9085
10467
7885
3011
-4300
-1600
-2544
-71
9173
26830
48404
57585
51473
37019
23045
14171
12261
13874
17032
17381
16059
12570
9324
8643
8618
8980
8950
8696
7992
7620
6545
6152
6259
6864
6751
7240
7517
9358
11223
12982
15322
18725
22816
27683
32095
36030
39795
42832
46429
51374
54902
56391
55822
54725
53916
54139
53765
51475
48274
43612
39166
35660
30864
26801
21904
16854
11431
6473
1877
-3119
-7004
-11243
-16487
-19285
-22747
-26222
-30092
-32875
-34699
-35785
-37575
-39415
-43934
-48871
-48554
-33245
-24796
-31901
-59604
-62535
-62535
-62535
-62535
-62535
-62535
-62535
-62535
-62535
-62535
-62535
-62535
-62535
-62535
-62535
-60016
-56096
-50100
-42567
-35287
-26920
-23256
-26325
-30514
-29434
-24031
-16021
-7970
-3646
-2123
-1844
1162
5431
11167
16942
20868
22507
27816
33011
37230
39601
41368
42925
45627
49427
50944
52688
53125
53889
54698
55524
55950
55425
55312
56246
58765
60145
60627
60389
60958
61767
61633
61866
62532
62532
62458
59639
56916
57188
58019
56646
54631
50622
46177
43265
41204
40250
39001
36601
34511
31952
29511
27162
25188
24765
24734
23036
20104
18389
16648
16307
17030
17662
17019
23561
46637
49114
30759
17671
14343
11452
6419
-888
-8728
-11953
-12882
-16451
-22850
-25997
-24489
-24855
-26563
-29002
-29027
-27941
-26499
-25159
-25321
-26186
-25890
-23930
-21983
-21407
-22180
-22823
-22373
-22718
-23250
-23021
-22934
-22035
-22476
-23428
-23750
-23546
-23523
-23533
-23310
-23134
-22661
-22413
-21209
-19642
-19050
-16800
-13812
-12382
-10520
-9638
-8693
-5928
-4817
-6195
-7472
-9941
-11686
-12985
-13855
-14340
-15611
-15636
-15861
-14354
-13359
-10762
-7529
-4770
-911
1267
3959
5704
6501
7215
6482
6383
4658
4137
1916
32
-1067
-2834
-4155
-5949
-7924
-10142
-12044
-13535
-14485
-15403
-16279
-16262
-15646
-15474
-13995
-12222
-7476
1272
278
-1333
-3991
-6459
-8470
-11417
-14275
-16363
-17647
-17930
-17615
-16491
-13848
-10882
-7710
-5060
-2924
-1270
263
1133
1713
2255
2494
2526
3437
3847
4225
4751
5213
5458
5765
5437
5131
5364
4797
3610
3003
2898
1992
1843
1906
2040
1904
1645
1013
299
-783
-1842
-2451
-4153
-4980
-6432
-7855
-9413
-10869
-12699
-14046
-14907
-15308
-15023
-14256
-13397
-11069
-8607
-6090
-2670
47
3473
6841
10372
13192
15637
17324
18881
19286
18660
17696
16146
14248
12480
10484
8131
5389
3778
1774
-376
-1682
-3590
-5394
-7812
-9054
-11151
-11754
-13155
-12710
-11405
-10212
-8649
-7014
-4670
-1521
1946
5471
8007
10041
10585
10347
9477
8631
6650
3469
805
-2342
-5798
-7367
-9231
-9487
-9035
-7346
-5350
-2508
631
3730
6137
7986
8246
7458
6122
3879
1003
-655
-2667
-4688
-4978
-5773
-5615
-5254
-4928
-4819
-3602
-3367
-2071
-1176
-231
146
158
114
61
-167
-23
-1249
-1581
-3105
-3460
-4674
-5083
-5012
-4754
-4178
-3554
-2804
-2340
-1201
-1457
-813
-749
-560
-951
-1611
-2201
-2499
-2390
-2046
-1583
-726
38
1746
2469
4311
5200
5843
6095
5799
5236
4811
2994
2208
616
-277
-712
-976
-1029
-936
-705
-592
-380
85
746
992
1507
2416
2690
2874
2984
2954
2979
2864
2797
2763
2912
3093
3320
3730
4164
4601
5101
4898
5822
5982
6162
6452
