-11693
-11825
-11966
-12107
-12298
-12468
-12771
-12941
-13088
-13231
-13392
-13623
-13810
-13960
-14111
-14296
-14512
-14197
-14867
-15041
-15250
-15422
-15615
-15802
-15943
-16084
-16310
-16699
-16993
-17231
-17403
-17672
-18027
-18319
-18512
-18758
-18573
-19327
-19502
-19661
-19842
-19562
-20235
-20466
-20617
-20833
-20981
-21161
-21346
-21460
-21567
-21682
-21836
-21980
-22073
-22130
-22186
-22243
-22333
-22438
-22500
-22581
-22682
-22743
-22817
-22829
-22834
-22865
-22930
-22976
-22955
-22968
-22960
-22983
-22966
-22932
-22930
-22918
-22884
-22848
-22777
-22710
-22647
-22575
-22571
-22563
-22512
-22443
-22336
-22249
-22189
-22075
-21997
-21962
-21899
-21804
-21691
-21594
-21542
-21520
-21480
-21397
-21331
-21266
-21180
-21130
-21140
-21123
-21132
-21081
-21489
-20915
-20852
-20764
-20773
-20821
-20846
-20882
-20850
-20758
-20661
-20600
-20573
-20521
-20390
-20222
-20079
-19966
-19947
-19941
-19941
-19905
-19846
-19766
-19703
-19691
-19691
-19644
-20012
-19439
-19333
-19277
-19224
-19149
-19121
-19063
-19004
-18959
-18896
-18798
-18691
-18607
-18552
-18457
-18367
-18273
-18157
-17985
-17854
-17737
-17644
-17563
-17470
-17331
-17203
-17573
-16943
-16867
-16779
-16695
-17098
-16531
-16428
-16312
-16170
-16092
-16077
-16088
-16081
-16025
-15968
-15917
-15876
-15825
-15808
-15810
-15796
-15770
-15775
-15836
-15905
-15953
-16006
-16096
-16147
-16216
-16254
-16298
-16331
-16382
-16420
-16432
-16443
-16495
-16128
-16798
-16918
-16960
-17052
-17188
-17333
-17432
-17514
-17584
-17655
-17684
-17737
-17796
-17913
-18018
-18098
-18188
-18285
-18352
-18426
-18514
-18560
-18575
-18607
-18718
-18938
-19102
-19149
-19197
-19245
-19298
-19355
-19445
-19596
-19749
-19876
-19882
-19798
-19789
-19960
-19563
-20210
-20252
-20300
-20390
-20352
-20342
-20350
-20233
-20167
-20132
-20128
-20157
-20188
-20270
-20399
-20491
-20554
-20598
-20718
-20771
-20714
-20730
-20707
-20628
-20584
-20460
-20329
-20168
-19964
-19771
-19581
-19401
-19191
-19512
-18766
-18499
-18327
-18125
-17932
-17787
-17636
-17359
-17102
-16855
-16735
-17041
-16126
-16088
-15615
-14703
-14405
-14327
-14264
-14188
-14220
-14245
-14348
-14560
-14917
-15197
-15170
-15718
-16189
-17233
-17865
-18090
-19312
-20250
-21321
-22388
-23046
-24464
-26302
-27707
-28918
-31149
-32647
-33758
-35289
-36752
-38392
-39823
-41676
-42884
-43508
-44569
-45867
-45978
-46441
-47235
-47462
-47487
-47336
-47296
-47138
-46743
-46105
-45834
-44924
-43852
-42233
-41497
-39764
-38233
-36718
-35228
-33396
-31896
-30695
-29113
-27533
-25460
-23970
-22909
-21342
-19964
-18195
-17497
-15897
-14726
-13754
-12815
-12567
-11354
-10844
-10350
-9871
-9554
-9306
-9083
-8999
-8991
-8981
-9075
-9388
-9852
-10321
-10334
-11359
-11966
-12457
-12949
-13794
-14924
-16050
-17035
-17754
-18464
-19256
-19838
-20050
-21111
-21684
-22287
-22884
-23376
-23932
-24023
-25041
-25590
-26042
-26518
-26806
-27012
-27239
-27396
-27460
-27497
-27508
-27449
-27413
-27422
-27541
-27594
-27533
-27605
-27688
-27695
-27749
-27779
-27857
-27789
-27619
-27468
-27296
-27069
-26972
-26917
-26888
-26798
-26730
-26794
-26836
-26852
-26985
-27273
-27491
-27600
-27415
-28105
-28264
-28441
-28615
-28720
-28813
-28953
-29067
-29250
-29390
-29474
-29502
-29682
-29884
-29878
-29850
-29750
-29563
-29397
-29789
-29216
-29153
-29065
-28892
-28724
-28420
-28104
-28294
-27508
-27172
-26783
-26838
-26336
-25838
-24962
-24544
-24155
-23760
-23321
-22865
-22493
-22252
-21834
-21499
-21296
-21056
-20852
-20728
-20636
-20460
-20378
-20279
-20167
-20062
-19825
