-2012
-2871
-3086
-3193
-2972
-2794
-2264
-1678
-1418
-239
633
1387
2187
2572
3767
4618
5230
5824
6070
6085
5746
5116
4515
4290
2950
2017
1019
465
-529
-1514
-2899
-3644
-4205
-4701
-5020
-5186
-5134
-5365
-4409
-4260
-3329
-1997
-1084
-871
232
818
1270
1650
1925
2013
2120
1969
1717
1471
1171
788
891
-144
-640
-1302
-1901
-2405
-2718
-2682
-2567
-2197
-1686
-1039
-424
536
675
948
133
-205
-598
-768
-1077
-1388
-1775
-2268
-2567
-2789
-2854
-2976
-3394
-2760
-2588
-2375
-2449
-2382
-2424
-2426
-2197
-1978
-1674
-1285
-804
-281
169
656
1062
1101
1104
1041
830
-649
-2640
-4544
-6638
-7338
-9033
-10209
-10800
-12084
-12583
-13008
-12968
-12739
-12333
-11796
-11403
-10951
-10607
-10146
-9712
-9218
-8813
-8527
-8250
-7827
-8529
-8871
-9474
-9735
-9978
-10369
-11054
-11384
-11857
-12174
-12371
-12439
-12544
-12794
-13105
-13296
-13626
-13896
-13691
-14571
-14947
-15413
-15823
-16321
-16953
-17172
-18128
-18405
-18100
-18821
-19044
-19313
-19445
-19670
-19756
-19661
-19436
-19231
-19119
-19035
-19134
-19338
-19459
-19468
-19630
-19987
-20184
-20472
-20758
-20997
-21399
-21968
-22010
-23170
-23842
-24405
-25109
-25619
-26163
-26747
-27283
-27743
-28315
-28617
-28983
-29119
-29134
-29084
-29002
-28852
-28420
-28092
-27661
-27289
-26413
-25949
-25838
-24613
-24090
-23773
-23544
-23768
-24046
-24457
-25615
-26245
-27048
-29268
-29619
-29611
-29777
-29077
-28689
-28252
-27854
-27640
-27483
-27367
-27411
-27394
-27565
-27747
-27972
-28189
-28459
-28644
-28361
-29189
-29743
-30121
-30270
-30405
-30426
-30401
-30779
-30176
-30020
-29850
-29527
-29197
-28869
-28871
-29264
-29403
-30323
-31563
-32214
-32880
-33296
-33848
-34014
-34294
-34411
-34338
-34333
-34468
-34520
-34231
-33743
-33300
-33006
-32882
-32604
-32514
-32336
-32520
-32724
-32989
-33195
-33325
-33411
-33701
-32972
-32667
-32281
-32027
-31758
-31350
-31069
-30672
-30453
-30460
-30539
-30415
-30523
-30325
-31396
-32039
-32611
-33151
-33667
-33604
-33388
-32815
-32691
-31468
-30815
-30552
-30342
-30012
-29560
-29252
-28155
-27686
-27516
-27583
-27909
-28548
-29224
-29913
-30523
-31039
-31365
-31542
-31747
-31195
-29815
-29199
-27565
-26770
-24976
-23493
-22147
-20722
-20008
-18779
-18329
-18352
-18523
-18964
-19438
-20186
-20892
-21083
-21962
-22306
-22388
-22266
-22105
-21632
-21487
-20205
-19373
-18638
-17834
-17125
-16422
-15762
-15369
-14978
-14792
-14705
-14758
-15033
-15315
-15617
-15827
-15764
-15693
-15363
-14993
-14472
-13959
-13558
-13218
-13046
-13119
-13338
-13491
-13584
-13552
-13266
-13146
-12668
-12161
-11243
-10852
-10378
-9936
-9646
-9600
-9834
-10313
-10315
-11056
-11146
-10989
-10579
-10100
-9533
-8943
-8327
-7905
-7459
-7075
-6758
-6413
-5888
-6313
-6344
-6441
-6485
-6626
-6785
-7159
-7483
-7354
-7875
-7504
-7155
-5674
-3888
-1636
-60
1353
2263
2641
2265
1893
872
-752
-1663
-3638
-6228
-7283
-7529
-7459
-6981
-6771
-5787
-4672
-3176
-1397
816
1580
2870
3164
2963
3555
3505
2979
2305
1505
1417
585
459
402
278
40
-63
-220
-119
133
398
408
549
595
509
291
148
30
-107
-355
-594
-819
-516
-1104
-1233
-1333
-1396
-1413
-1485
-1390
-1241
-1041
-743
-338
-146
-453
270
656
1244
1927
1475
1730
1622
1488
2690
3194
3528
3534
3437
3303
3282
2950
2513
2377
1755
1906
2000
1807
1919
994
667
360
427
-668
-1081
-1720
-2678
-3829
-4598
-6193
-6674
-7739
-8605
-9239
-9445
-9430
-9291
-9029
-8529
-7840
-7100
-7285
-6394
-6111
-5913
-5613
-5531
-5518
-5478
-5480
-5521
-5413
-5111
-4607
-4357
-4083
-3905
-4104
-3968
-5138
-5418
-6712
-6865
-8086
-8329
-9500
-9930
-10165
-10409
-10270
-10959
-11178
-11896
-12638
-13231
-14575
-15407
-15667
-16894
-17567
-18333
-19037
-19749
-20226
-20323
-20453
-19575
-19313
-19243
-19542
-18989
-19203
-19779
-20096
-21436
-22397
-22972
-24693
-25756
-27107
-27747
-27752
-26808
-25920
-26188
-26611
-27199
-27604
-27873
-28228
-28651
-28964
-30541
-31695
-32334
-33239
-34457
-34750
-34999
-35327
-35212
-36453
-37063
-37491
-37569
-37649
-37701
-38619
-39705
-40678
-41981
-42042
-42535
-43304
-43451
-43594
-43712
-43670
-43630
-43670
-43714
-43670
-43613
-43319
-42812
-42273
-41911
-42109
-42334
-42146
-41936
-40684
-40273
-40109
-40025
-40371
-40640
-41953
-42743
-43434
-43953
-44630
-45258
-46046
-46268
-46583
-46493
-46390
-46411
-46319
-46302
-46224
-46369
-46586
-46686
-46556
-46159
-45808
-44852
-43182
-42086
-41107
-40472
-39882
-39369
-38840
-38409
-38565
-38088
-36934
-36172
-35193
-33359
-32514
-31724
-30014
-29346
-27067
-26247
-25806
-25819
-25609
-25329
-25308
-25661
-26010
-26592
