-39731
-40056
-40193
-40508
-40863
-41210
-41480
-41827
-42104
-42411
-42686
-42909
-43174
-43411
-43008
-43577
-43550
-43615
-43428
-43359
-43317
-44243
-44439
-44495
-44176
-43882
-43575
-43250
-43056
-43050
-42907
-42918
-42993
-43016
-43102
-43027
-43004
-42951
-42976
-42867
-42813
-42752
-42558
-42422
-42243
-41947
-41598
-41243
-40966
-40581
-40390
-40121
-39947
-39775
-39747
-39754
-39878
-40046
-40310
-40478
-40789
-40922
-41088
-41063
-40987
-40680
-40331
-39810
-39174
-38999
-37630
-36777
-35771
-34861
-33876
-33090
-32367
-31573
-31031
-30651
-30193
-30243
-29493
-29262
-29050
-29300
-28649
-28544
-28497
-28394
-28271
-28058
-28298
-27525
-27146
-26741
-26863
-25945
-25499
-25146
-24693
-24886
-24123
-23819
-23544
-23245
-23409
-22552
-22000
-21876
-19737
-18245
-16743
-15004
-13151
-11466
-11188
-10584
-10941
-11432
-12086
-12661
-13163
-13521
-13785
-13953
-13997
-14016
-14111
-13972
-13590
-13605
-13168
-12054
-11491
-10834
-10130
-9756
-8562
-7907
-7815
-6844
-6432
-6125
-5959
-5920
-6050
-6212
-6308
-6289
-6308
-6109
-6025
-5747
-5590
-5441
-5331
-5224
-5065
-5117
-5128
-5060
-4794
-4417
-4029
-3489
-3222
-3081
-2951
-3071
-3147
-2945
-3857
-4323
-4819
-5327
-5709
-5964
-6230
-6388
-6357
-6167
-5909
-5451
-4987
-4418
-4050
-3838
-3779
-3777
-3695
-3710
-3854
-3938
-3829
-3890
-3922
-3981
-3928
-3000
-2329
-2424
-1928
-642
-854
776
1152
805
59
-464
-520
-970
-563
-842
-1426
-2270
-2489
-3520
-3647
-3621
-3550
-3478
-3539
-3495
-3863
-3157
-2980
-2693
-2243
-1653
-1210
-699
-321
-12
335
509
635
580
971
312
11
-8
-556
-1027
-1909
-2189
-2222
-2060
-1756
-1214
-684
-6
818
1009
2099
2614
2889
3038
2803
2902
2683
2160
1946
826
917
62
-302
-663
-913
-500
-491
-1056
-1121
-1126
-1220
-993
-1663
-2044
-2167
-2313
-2418
-2531
-2619
-2562
-2605
-2609
-2571
-2632
-2613
-2668
-2674
-2712
-2728
-2749
-2758
-2819
-2810
-2863
-2974
-2997
-2985
-3002
-3014
-2974
-3014
-2987
-3084
-3147
-3117
-3203
-3359
-3373
-2941
-3491
-3466
-3472
-3485
-3539
-3630
-3750
-3439
-4042
-4117
-4285
-4504
-4651
-4806
-5069
-5275
-5611
-5922
-6155
-6485
-6615
-7041
-6880
-7630
-7928
-8102
-8411
-8667
-8878
-9048
-9388
-9565
-9739
-10042
-10174
-10350
-10563
-10726
-10691
-10781
-10945
-11224
-11602
-11886
-11731
-12302
-12310
-12296
-12464
-12628
-12802
-12972
-13163
-13308
-13661
-13838
-14142
-14397
-14649
-14943
-15264
-15180
-16031
-16508
-16806
-17258
-17157
-18073
-18449
-18848
-19254
-19709
-20073
-20285
-20663
-20901
-21115
-21428
-21670
-21869
-22071
-22205
-22235
-22292
-22449
-22497
-22495
-22586
-22630
-22657
-22747
-22949
-23063
-23136
-23270
-23441
-23657
-23896
-24056
-24144
-24382
-24562
-24897
-25201
-25565
-25840
-26031
-26333
-26453
-26750
-26978
-27214
-26918
-27676
-27932
-27852
-28760
-29094
-28855
-29604
-29917
-30178
-30668
-31308
-31478
-31447
-31434
-31292
-31216
-31371
-31521
-31850
-32155
-32583
-32913
-33020
-33128
-33115
-33088
-33245
-33600
-34147
-34212
-35083
-35802
-35770
-36230
-36653
-37499
-37947
-38405
-39041
-39670
-40365
-40659
-41854
-42071
-43155
-43651
-44037
-44071
-43846
-43613
-43126
-42743
-42235
-41701
-41279
-40983
-40682
-40605
-40487
-40562
-40667
-40617
-41000
-40405
-40098
-39661
-39249
-38750
-38396
-37918
-37480
-37041
-37119
-36226
-35842
-35224
-34709
-34201
-33726
-33382
-33077
-32789
-32476
-32714
-31999
-31764
-31504
-31071
-30909
-30659
-30333
-30060
-29502
-28987
-28375
-27728
-26949
-26146
-25457
-25292
-24084
-23899
-22665
-22367
-21497
-20046
-19434
-18384
-16810
-15932
-15230
-14838
-15140
-14430
-15094
-15170
-16306
-16132
-16880
-17310
-17730
-17938
-17920
-17886
-17667
-17355
-16764
-16136
-15478
-14966
-14340
-13810
-13000
-12661
-11319
-10502
-9615
-9168
-8201
-6670
-6256
-5090
-4508
-4176
-4048
-4039
-4220
-4558
-4436
-5329
-5607
-5754
-6321
-5525
-5271
-5111
-4976
-4649
-4134
-3781
-3405
-3123
-2890
-2649
-2709
-2827
-3197
-3512
-3443
-4306
-4749
-5193
-5607
-5854
-6046
-6155
-6090
-5917
-5747
-5541
-5260
-5300
-4399
-4397
-3569
-3233
-2878
-2573
-2302
-2090
-1936
-1781
-1686
-1678
-1796
-1890
-1966
-1911
-2111
-1985
-1819
-1390
-1100
-911
-632
-415
-228
-279
-376
-770
-500
-1063
-1256
-1388
-1560
-1701
-1771
-1655
-1378
-1203
-1115
-1104
-1252
-1014
-1707
-1808
-1867
-1754
-1480
-1094
-907
406
1162
1874
2354
2639
2776
2559
2198
2339
1158
854
-357
-953
-1027
-1714
-1762
-1605
-1077
-256
725
1849
2715
3374
3845
3450
3708
3305
2679
1961
1145
349
-336
-771
-739
-653
-371
72
417
753
818
797
671
965
