-6069
-5926
-5760
-5917
-6027
-6285
-6478
-6363
-7197
-7686
-8010
-8426
-8329
-9184
-9459
-9728
-9938
-10205
-10312
-10357
-10363
-10308
-10279
-10159
-9968
-10249
-9596
-9434
-9128
-8917
-8815
-8710
-8668
-8615
-8689
-8863
-9002
-9188
-9491
-9712
-10092
-10319
-10607
-11104
-11407
-11806
-12075
-12338
-12787
-12571
-12667
-12626
-12850
-13033
-13249
-13121
-12758
-12273
-12035
-11466
-10768
-11378
-11619
-11970
-12092
-11762
-10966
-9800
-9222
-8252
-6995
-6831
-5632
-4592
-3686
-3355
-2153
-1550
-1453
-281
377
494
1022
1751
1900
2001
1719
1204
551
-262
-1338
-2062
-3821
-5115
-5867
-7592
-8313
-9386
-10939
-12123
-13804
-14718
-16023
-16165
-17235
-17737
-18000
-17630
-18436
-18279
-18010
-17630
-17256
-16884
-16306
-16109
-15531
-14529
-13928
-13348
-12972
-12670
-11670
-11468
-11201
-11184
-11401
-11569
-11953
-12069
-12371
-12231
-13184
-13943
-14176
-15384
-15703
-16714
-16672
-17556
-17899
-18212
-18510
-18781
-18915
-18844
-18882
-19000
-18846
-18485
-18518
-17592
-17560
-16659
-16365
-16233
-16264
-16319
-16439
-16659
-16823
-16959
-17075
-17157
-17300
-17500
-17716
-17817
-17907
-18058
-18048
-18146
-18149
-18123
-18075
-18016
-17915
-17905
-17626
-18563
-18647
-19972
-21018
-22184
-23855
-24527
-26340
-27359
-28193
-28787
-29130
-29365
-29342
-29770
-29193
-29455
-29764
-29852
-29903
-30025
-30281
-30588
-31035
-31680
-31758
-32548
-32834
-33159
-33495
-33947
-34302
-34867
-35348
-35808
-36138
-36275
-36363
-36346
-36508
-36686
-36861
-36941
-37044
-37216
-37434
-37981
-38420
-38655
-39833
-40084
-41268
-41548
-42060
-42836
-43104
-43220
-43270
-43144
-42846
-42516
-42071
-41628
-41346
-41125
-40855
-40800
-40846
-40930
-40926
-40920
-40981
-41021
-40962
-40886
-40794
-40611
-40424
-40218
-39978
-39703
-39388
-39554
-38766
-38390
-38046
-37825
-37478
-37604
-36834
-36571
-36523
-36604
-36609
-36941
-37296
-37735
-37693
-38134
-39014
-39460
-39861
-40149
-40415
-40417
-40472
-40216
-39773
-39363
-38913
-38667
-38327
-37869
-37520
-37607
-37125
-36607
-35569
-33901
-32390
-31281
-30336
-29693
-29172
-29302
-28535
-28558
-28065
-26464
-24957
-23981
-23119
-22615
-22203
-21697
-20846
-19712
-18791
-16892
-16481
-15016
-13462
-12838
-12754
-12915
-13277
-13422
-13418
-13323
-13088
-12960
-12739
-12752
-12768
-13346
-13428
-13852
-13985
-14262
-14562
-14298
-13980
-13346
-12460
-12147
-12394
-12470
-12447
-12438
-12130
-12352
-12506
-12518
-12396
-12336
-12111
-11777
-11415
-10970
-10535
-9903
-9718
-8382
-7420
-6596
-5464
-4634
-3537
-2060
-1420
-228
253
828
1643
2589
3145
3337
3454
3248
3318
3127
3028
2690
2213
1536
1362
188
-54
-586
-1726
-1978
-3083
-3376
-3556
-3520
-3438
-3340
-3376
-2546
-1964
-1283
-529
272
828
1223
1452
1564
1435
1230
917
536
307
103
45
-123
-144
-136
-35
429
520
1003
1465
2332
2688
2469
3269
3219
2841
2593
2146
1770
1301
822
408
421
-426
-672
-642
-802
-928
-936
-802
-773
-997
-1256
-1554
-1512
-2018
-3029
-3602
-3428
-4044
-3773
-3125
-2132
-1002
246
1402
2414
3217
3820
4009
3935
3610
2975
2072
1372
-466
-1151
-2487
-4184
-4464
-5739
-6182
-6420
-6163
-5611
-5235
-3619
-2796
-995
312
1022
2204
2791
3416
2935
2496
2416
1108
152
-815
-1562
-2214
-2649
-3006
-3153
-2968
-2605
-2050
-1577
-1222
-1048
-1081
-1291
-1781
-2062
-3224
-4121
-4476
-5434
-6768
-7569
-7829
-9008
-9514
-9292
-9920
-9936
-9825
-9773
-9443
-9403
-9424
-9646
-9939
-10212
-10508
-10632
-10644
-10995
-10428
-8968
-7735
-6220
-5092
-4899
-4972
-5226
-5500
-5840
-6176
-7287
-7901
-9113
-8590
-7876
-7184
-6966
-7056
-7308
-7214
-6750
-6191
-5504
-5237
-5312
-5264
-4680
-3735
-3084
-2634
-2525
-2712
-3123
-3560
-4006
-4319
-4714
-5149
-5813
-6476
-7035
-7581
-7939
-8189
-8128
-8266
-8462
-8756
-8987
-9037
-9193
-9262
-9462
-9655
-9760
-9859
-9911
-9985
-10008
-10153
-10025
-9981
-9886
-9684
-9542
-9317
-9041
-8855
-9256
-8890
-9542
-10237
-10865
-11455
-11939
-12294
-13260
-14989
-15728
-17480
-18728
-19144
-20020
-20065
-19766
-19203
-18357
-17306
-16256
-15512
-13892
-12951
-12361
-11934
-11936
-12188
-12520
-12997
-13506
-13705
-14172
-15111
-15529
-15844
-16107
-16352
-16525
-16691
-16745
-16705
-16668
-17077
-16497
-16510
-16632
-16957
-16615
-17317
-17487
-17716
-18056
-18430
-18834
-19279
-19909
-20277
-20361
-20250
-20048
-20149
-20094
-20634
-21588
-21781
-21514
-22325
-22760
-23271
-23768
-24178
-24749
-25829
-26676
-26907
-27205
-27306
-27510
-28065
-28718
-29567
-30661
-31313
-32275
-33625
-34390
-35088
-35266
-36329
-36730
-36670
-37554
-37730
-37867
-38067
-38191
-38199
-38184
-38239
-38369
