-7983
-9571
-10279
-12023
-13420
-14579
-15611
-15730
-16520
-16607
-16422
-16142
-15707
-15623
-14405
-13220
-11812
-10584
-8621
-6714
-4562
-3121
-2153
-1617
-1539
-1863
-2535
-2554
-3728
-4249
-5207
-6552
-8415
-8735
-9438
-9724
-8989
-7682
-7859
-9791
-12121
-14619
-17449
-17634
-19210
-19157
-18525
-17220
-17098
-17579
-18287
-19323
-20304
-21491
-22840
-24315
-25105
-26598
-27273
-27523
-27514
-27132
-26771
-26306
-25960
-25718
-25563
-25558
-25628
-25827
-26184
-26722
-26966
-28264
-29178
-29989
-30376
-31409
-31951
-32569
-33155
-33626
-33833
-34042
-34394
-34968
-35304
-36283
-38065
-39102
-40691
-42180
-43632
-45209
-45495
-46189
-45951
-45354
-44485
-43523
-42560
-41647
-40762
-40155
-39733
-39615
-39102
-39806
-40159
-40735
-41214
-42834
-43817
-44623
-45258
-45792
-46113
-46285
-46199
-45825
-45136
-44871
-43634
-43084
-42754
-43218
-42611
-41798
-40153
-39739
-39846
-40378
-40636
-41997
-42422
-43220
-43771
-44287
-44861
-45231
-45600
-45752
-45871
-45947
-47186
-47499
-47565
-47707
-48084
-48144
-47836
-47401
-46653
-45716
-43529
-41840
-39771
-37132
-35292
-33827
-33052
-32352
-31901
-31571
-31308
-31485
-32025
-32262
-33607
-33726
-34453
-34287
-34186
-32957
-31980
-30915
-29974
-28888
-27884
-27098
-26436
-26373
-25556
-25428
-25348
-25464
-25560
-25516
-25472
-25256
-25029
-24871
-24695
-24438
-24060
-23825
-23611
-23396
-23161
-22865
-22563
-22107
-21573
-21155
-20521
-19945
-19474
-19474
-18441
-17949
-17342
-16731
-15959
-15252
-14510
-13926
-12495
-11357
-10665
-9021
-8167
-7754
-6382
-5855
-4670
-4216
-4165
-4151
-3922
-4875
-4968
-5943
-6541
-6991
-7546
-7808
-8115
-8491
-8672
-8831
-8848
-8310
-8642
-8445
-8210
-7897
-7466
-7062
-6688
-6785
-6115
-5970
-5661
-5413
-5203
-4968
-4781
-4537
-4327
-4195
-4172
-4359
-3688
-3354
-3199
-3069
-3063
-3029
-2911
-2617
-2396
-2147
-2012
-1896
-1733
-1602
-1474
-1336
-1222
-1306
-1306
-1296
-1271
-1373
-1289
-1159
-1443
-663
-212
229
822
1398
1479
2087
3112
3549
3458
4270
4561
4734
5076
5396
5719
5980
6024
6181
6118
6167
6049
5887
5671
5244
4654
4269
4343
3444
3175
2843
2599
2593
2559
2721
2914
3055
3368
3528
3719
3658
3648
3593
3349
3005
2543
2082
1900
1408
425
93
-212
-464
-468
-510
-329
-216
219
709
1299
1509
2643
3173
3606
3879
3824
3805
3578
3087
2847
2664
2736
2927
3307
3694
4223
4561
4803
4870
4719
4780
4570
4175
3870
2078
696
-523
-2258
-3048
-3338
-3249
-2300
-1333
822
2398
3837
4435
5627
5917
5881
5608
4988
4856
3721
3078
2505
2312
2202
2290
2658
3091
3729
3927
5026
5358
5603
5511
5320
5358
4847
3757
3318
3389
2541
2242
2116
2097
2083
2160
2259
2580
3312
4261
4492
5566
5715
5700
5593
5648
5734
5904
5950
5765
5400
4677
4395
3062
2683
2553
2811
3085
2942
3570
3477
3282
3362
2301
1923
969
-132
-1815
-2502
-4250
-4976
-5913
-6991
-7237
-7046
-6813
-4995
-3773
-1626
-938
322
658
522
459
-773
-1046
-2319
-3249
-3550
-4875
-5529
-6062
-6336
-6617
-6823
-6899
-6962
-7025
-7083
-7352
-7373
-8230
-8432
-8537
-8520
-8670
-8987
-9470
-9312
-10088
-10445
-10310
-11413
-12065
-12846
-14100
-15384
-16128
-17571
-17651
-18749
-19470
-20352
-20640
-21441
-21573
-21441
-21438
-21680
-21785
-22121
-22165
-29146
-24415
-21695
-18123
-13957
-12703
-12985
-16352
-23915
-26882
-30094
-32756
-35565
-38256
-40884
-42569
-43649
-43344
-42623
-41771
-40737
-39749
-38766
-38235
-38334
-38913
-39126
-40231
-40907
-41512
-41586
-42718
-43338
-43291
-42859
-42132
-41260
-40481
-38865
-38109
-37132
-36165
-35350
-35115
-35602
-36174
-38023
-39222
-40808
-42897
-44831
-44955
-44600
-44539
-44646
-44800
-45018
-45157
-45094
-44758
-44481
-44266
-44638
-44951
-44888
-43857
-42756
-42619
-42699
-42802
-42882
-42636
-42258
-41800
-41252
-40886
-41029
-40394
-40250
-40268
-40350
-40077
-40827
-41039
-41237
-41266
-41107
-40817
-40386
-40548
-39611
-39197
-38924
-38876
-38844
-38875
-39018
-39165
-39344
-39478
-39493
-39319
-39560
-39069
-38472
-37401
-36750
-36247
-35842
-35901
-35938
-35852
-35516
-34934
-34420
-34144
-32766
-32142
-31573
-30892
-29831
-28426
-26903
-25588
-24554
-23781
-23308
-23090
-23010
-23016
-22903
-22934
-22357
-21073
-20197
-19105
-18506
-17520
-16445
-14989
-14621
-13350
-13042
-13081
-13464
-13917
-14562
-14733
-15899
-16277
-16472
-16247
-15857
-15539
-14577
-12915
-12035
-9840
-8565
-6657
-4413
-3209
-1857
-873
209
343
-712
-1754
-2842
-3876
-4438
-5789
-6552
-7069
-7558
-7399
-7907
-8457
-8382
-8170
-7684
-7449
-7231
-7197
-7134
-7138
-7147
-7256
