-30605
-30268
-29098
-28420
-27621
-26928
-26424
-26060
-25873
-25930
-25936
-25947
-26157
-26266
-26424
-26615
-26655
-26792
-26682
-26665
-26462
-25907
-25861
-24500
-23455
-22147
-20730
-19123
-17854
-15932
-13882
-12000
-9321
-7672
-5705
-3483
-2417
-735
238
843
1072
1444
839
-436
-1134
-2926
-4378
-5531
-7705
-9186
-10342
-11737
-13506
-14537
-15583
-16092
-16575
-16842
-16768
-16430
-15949
-15218
-14289
-13245
-12609
-10901
-9539
-8695
-7010
-6241
-4644
-3733
-2693
-2100
-1758
-1302
-901
-970
-73
158
286
311
387
727
1188
1851
2580
2938
4179
4832
4891
5992
6635
6847
7952
8530
8982
9250
9398
9314
9074
8811
8402
7862
7402
7293
6486
6040
5564
5173
4778
4458
4017
3958
3612
3572
3423
3345
3135
3030
2908
2740
2656
2467
2416
2284
2051
1734
1255
763
332
-126
-609
-1252
-1791
-1993
-3235
-3825
-3930
-4468
-5348
-5773
-6107
-6434
-6796
-6981
-7125
-7230
-7245
-7130
-6985
-6705
-6373
-6042
-5468
-5002
-4468
-3932
-3462
-3390
-2854
-1850
-1254
-741
-333
104
377
568
618
729
583
532
356
320
145
-48
-105
-21
74
-44
-65
-172
-306
-386
-375
-378
-355
-401
-27
-571
-710
-756
-970
-1050
-1123
-1546
-1922
-2132
-2344
-2480
-2392
-2810
-3010
-3054
-3121
-3562
-3907
-3913
-3838
-2499
-1653
-376
362
549
1618
2164
2587
2528
3541
3891
4024
4097
3742
3419
3332
2082
1248
274
-752
-1844
-2859
-3800
-4535
-5167
-5739
-5894
-6113
-6006
-5625
-5199
-4699
-3960
-3096
-2212
-1256
103
1631
2809
3564
4322
4406
5314
5423
5551
5438
5227
4734
4183
3469
2673
1786
1427
61
-710
-1008
-2184
-2775
-3273
-3668
-3959
-4077
-4149
-4094
-3943
-3636
-3237
-2905
-1796
-1264
-750
-380
-149
57
179
169
101
13
-65
-273
-12
-699
-894
-1105
-1430
-1611
-1792
-1878
-2069
-2119
-2167
-2151
-2140
-2125
-2004
-2441
-1747
-1563
-1327
-1077
-880
-661
-424
-378
-222
-209
-189
-296
-432
-512
-590
-588
-655
-737
-833
-945
-1052
-1167
-1174
-1237
-1329
-1354
-1354
-1216
-1119
-903
-777
-626
-957
-315
-226
-144
-115
15
43
106
219
234
219
400
484
463
0
580
648
721
652
656
667
820
889
1122
1284
1459
1627
1736
1837
2015
2066
2196
2322
2297
2400
2431
2452
2377
2354
2290
2076
1898
1547
1160
870
263
-146
-726
-1285
-2029
-2674
-3021
-3149
-3167
-3090
-2918
-2590
-2191
-1785
-1394
-1281
-1397
-1594
-2088
-2006
-2445
-3514
-3430
-4329
-4714
-4907
-6020
-6499
-6909
-7220
-7770
-8306
-8962
-9663
-9819
-11008
-11611
-12037
-12230
-12359
-12417
-12470
-12529
-12565
-12407
-12357
-12182
-12100
-12096
-12493
-13443
-13270
-12653
-12006
-12285
-12684
-12718
-13493
-14279
-14712
-15951
-16544
-17355
-18409
-19130
-20668
-22420
-23810
-25182
-26680
-27460
-28544
-29844
-30296
-30762
-30292
-31209
-31880
-32441
-32859
-33086
-33304
-33579
-33743
-33668
-33581
-33497
-33846
-34334
-34756
-36521
-37928
-38691
-40733
-42357
-43184
-44487
-45523
-46829
-47375
-47558
-47405
-46489
-47905
-47588
-46846
-45875
-45182
-44962
-46165
-46859
-47749
-48583
-49521
-50714
-51411
-53104
-53890
-55483
-56260
-56632
-56720
-56770
-56670
-56470
-56197
-55806
-55401
-54915
-54646
-54340
-53999
-53823
-53539
-53504
-53447
-53313
-52928
-52399
-52002
-51688
-51642
-51974
-52436
-53239
-54016
-54997
-55918
-56296
-57499
-58039
-58500
-58876
-59021
-59029
-58737
-58235
-58117
-56815
-55697
-54363
-52886
-51315
-50084
-48304
-46682
-44468
-43020
-41823
-41188
-40815
-40428
-40096
-39903
-39630
-39527
-39644
-39920
-40193
-40355
-40298
-39968
-39428
-38672
-37296
-35899
-34974
-33646
-32226
-30699
-28531
-26997
-24819
-22813
-20928
-19325
-17312
-16071
-14575
-13008
-13134
-12813
-13426
-14334
-14731
-16302
-16766
-17661
-18684
-19554
-20651
-20796
-20302
-19955
-18302
-17371
-15252
-14063
-12430
-10338
-8476
-5472
-2834
-50
1874
3017
4803
5534
6767
7072
7038
6467
5530
4782
2984
1694
778
-949
-1634
-2445
-3600
-4167
-4382
-4167
-3909
-2468
-1258
-197
53
1311
1498
2612
2975
3049
2793
2229
1952
795
101
-37
-556
-1443
-1707
-1840
-1676
-1926
-1130
-653
-348
958
1881
2595
3282
3589
3923
3770
3442
3141
2835
2624
2477
2179
2431
1914
1370
272
-279
-850
-1312
-1630
-2000
-2428
-2750
-3216
-3371
-3252
-3128
-3405
-2810
-2569
-1959
-1291
-539
715
1564
2601
2860
2070
2120
2435
2492
3603
3148
2122
1423
15
-709
-1388
