-17340
-17056
-16590
-15344
-15730
-15857
-15584
-15363
-15044
-14745
-14632
-14588
-14640
-15138
-14556
-14445
-14321
-14210
-14132
-13705
-14327
-14483
-14884
-15252
-15512
-15987
-15653
-16434
-17039
-17249
-17134
-18233
-18899
-19363
-19709
-19854
-19897
-19873
-19806
-19758
-19962
-20273
-20512
-20806
-20533
-21042
-21126
-21029
-22407
-22760
-23647
-24359
-24539
-24787
-25067
-25275
-24947
-25840
-26006
-26207
-26021
-25483
-25021
-24487
-24354
-23275
-22794
-22207
-21714
-21174
-20718
-20312
-20489
-19968
-19146
-18792
-18083
-17852
-18029
-17586
-17088
-17260
-17699
-18186
-18539
-18854
-19104
-19468
-19789
-20113
-21363
-22474
-23674
-24764
-25747
-25899
-27090
-27649
-27947
-29111
-29777
-30077
-30403
-30550
-30577
-30594
-30447
-30292
-30039
-29567
-29230
-28157
-27588
-27046
-26499
-26016
-25499
-25254
-25157
-24938
-24854
-24619
-24523
-24495
-24789
-25113
-25438
-26355
-26634
-26945
-27153
-27544
-27403
-28119
-28539
-29069
-29304
-29518
-29997
-30275
-30623
-30312
-30901
-31147
-31338
-31476
-31405
-30957
-31413
-31209
-30840
-30544
-30760
-29840
-29394
-28989
-28758
-28785
-27756
-27159
-26646
-26258
-26308
-25436
-25046
-24651
-24317
-24399
-23497
-23083
-22659
-22298
-21855
-21367
-21046
-20649
-20369
-20319
-20249
-20121
-20048
-19995
-20071
-20100
-20136
-20115
-20054
-20010
-20014
-20021
-20037
-20092
-20086
-20063
-20077
-20506
-19976
-20136
-20254
-20327
-20405
-20508
-20476
-20478
-20516
-20512
-20506
-20487
-20308
-20188
-20094
-19995
-19928
-19817
-19651
-19499
-19327
-19083
-18863
-18588
-18338
-18170
-17922
-17745
-18075
-17445
-17323
-17155
-17060
-17115
-17071
-17151
-17247
-17291
-17329
-17493
-17537
-17712
-17970
-18254
-18502
-18876
-19123
-19535
-19957
-20222
-20081
-20880
-21168
-21481
-21945
-22195
-22394
-22590
-22777
-22911
-22993
-23056
-23048
-23142
-23096
-22980
-22848
-22707
-22510
-22308
-22186
-22012
-21651
-21363
-21031
-20331
-19968
-19985
-19512
-18689
-18334
-17836
-17376
-16922
-16441
-16044
-15684
-15390
-15044
-15132
-14413
-14632
-13911
-13743
-13443
-12966
-12819
-12878
-12789
-12817
-12844
-12915
-13000
-13275
-13535
-13735
-13941
-14065
-14220
-14289
-14394
-14405
-14348
-14281
-14134
-14107
-14176
-14275
-14520
-14701
-14827
-14892
-15025
-15117
-14661
-15155
-14661
-15308
-15378
-15472
-15733
-15907
-15640
-16432
-16796
-17180
-17407
-17521
-17854
-17636
-18302
-18094
-18802
-19023
-19111
-19273
-19455
-19476
-19478
-19439
-19439
-19397
-19231
-18981
-18861
-18621
-18304
-18016
-17739
-17397
-17063
-17098
-16260
-15852
-15560
-15567
-14672
-14340
-13991
-13502
-13642
-12846
-12665
-12544
-12386
-12149
-12023
-12071
-12044
-12083
-12153
-12277
-12407
-12495
-12752
-13000
-13258
-13466
-13735
-14042
-14378
-14172
-14974
-15249
-15628
-16021
-16422
-16136
-16966
-17273
-17583
-17922
-18144
-18346
-18556
-18821
-18903
-18999
-19111
-19079
-19062
-19541
-18989
-18966
-18875
-18688
-18604
-18523
-18352
-18159
-17989
-17865
-17655
-17428
-17237
-17567
-16741
-16581
-16422
-16247
-16046
-15789
-15649
-15453
-15296
-15249
-15632
-15056
-14922
-14838
-14722
-14754
-14825
-14817
-14869
-15134
-15300
-15439
-15726
-15928
-16071
-16249
-16499
-16688
-16842
-16995
-17157
-17365
-17481
-17586
-17720
-17533
-17644
-17899
-17972
-18041
-18104
-18136
-18165
-18174
-18174
-18279
-18346
-18369
-18396
-18426
-18493
-18598
-18701
-18750
-18775
-18792
-18834
-18888
-18892
-18890
-18920
-18909
-18911
-18943
-18978
-19021
-19048
-19077
-19094
-19086
-19021
-18980
-19002
-19031
-19039
-18569
-19541
-19035
