-3512
-3495
-3533
-3558
-3588
-3613
-3588
-3571
-3480
-3405
-3317
-3168
-3042
-2901
-2804
-2653
-2523
-2932
-2388
-2207
-2054
-1957
-1880
-1716
-1646
-1500
-1390
-1283
-1132
-1046
-1058
-930
-794
-750
-730
-760
-802
-781
-758
-819
-947
-932
-939
-493
-1115
-1134
-1138
-1224
-1212
-1270
-1205
-1203
-1186
-1142
-1105
-1016
-993
-869
-762
-716
-554
-968
-382
-306
-294
-243
-98
-489
53
51
145
263
238
238
311
261
280
238
267
272
282
215
145
118
95
-69
-201
-281
-321
-445
-611
-718
-731
-840
-894
-1002
-1033
-1063
-1083
-999
-976
-983
-995
-892
-739
-749
-804
-714
-594
-453
-277
-153
45
177
364
19
627
667
709
677
633
648
511
387
332
234
82
7
-163
-365
-415
-10
-701
-934
-1044
-1220
-1417
-1632
-1852
-2073
-2321
-1960
-2588
-2771
-2861
-2911
-2894
-2930
-2936
-2880
-2808
-2762
-2695
-2554
-2521
-2392
-2270
-2104
-1894
-1720
-1480
-1195
-932
-733
-936
-239
-455
250
374
22
620
669
671
595
459
274
179
38
-245
-2
-688
-941
-1230
-1014
-1754
-2052
-2348
-2630
-2865
-3088
-3386
-3563
-3707
-3468
-4100
-4285
-4397
-4413
-4520
-4464
-4415
-4361
-4113
-3989
-3720
-3457
-3186
-3405
-2586
-2256
-1831
-1907
-1434
-970
-23
332
807
1248
1536
1818
2116
2404
2597
2696
2879
2969
3030
3129
3162
3185
3208
3175
3080
3068
3015
2790
2660
2475
2305
2101
1912
1683
1507
1381
1139
929
723
562
417
341
196
76
-10
-62
-134
-235
-235
-268
-252
-262
-210
-199
-163
-23
68
179
332
465
688
744
784
786
597
488
206
64
-203
-46
-876
-1205
-1491
-1815
-2094
-2298
-2432
-2554
-2691
-2688
-2640
-2558
-2457
-2373
-2375
-2258
-2140
-1995
-1894
-1838
-1787
-1756
-1762
-1743
-1808
-1922
-2044
-2144
-2231
-2424
-2609
-2754
-2474
-3098
-3155
-3300
-3493
-3646
-3457
-4168
-4707
-5485
-6088
-6489
-7567
-9073
-11184
-12130
-13006
-13802
-15292
-15695
-16936
-17126
-18056
-18428
-18686
-18941
-19252
-19541
-20012
-20228
-20472
-20689
-20882
-20523
-21321
-21583
-21531
-22014
-22533
-22989
-24121
-24649
-25130
-25619
-26062
-26430
-26758
-27021
-27182
-27300
-27342
-27329
-27281
-27144
-27029
-26875
-26647
-26468
-26315
-26188
-26252
-26317
-26539
-26836
-27231
-27628
-28062
-28480
-28359
-29165
-29449
-29728
-29848
-29959
-30041
-29968
-29863
-29806
-29617
-29493
-29441
-29407
-29380
-29396
-29428
-29495
-29579
-29659
-29718
-29863
-29970
-29968
-30174
-30266
-30375
-30493
-30541
-30600
-30680
-30768
-30903
-30911
-30918
-30972
-30999
-31041
-31052
-31075
-31105
-31086
-31041
-31048
-31063
-31018
-31054
-31031
-31031
-31029
-31035
-31090
-31161
-31266
-31241
-31394
-31541
-31688
-31821
-31936
-32102
-32308
-32544
-32726
-32934
-33092
-32743
-33499
-33739
-33962
-33712
-34369
-34518
-34615
-34758
-34815
-34983
-35023
-35119
-34689
-35243
-35296
-35292
-35336
-35340
-35191
-35111
-35027
-34913
-34806
-34739
-34649
-34623
-34663
-34684
-34590
-34621
-34201
-34798
-34766
-34855
-34953
-35035
-35140
-35302
-35418
-35596
-35739
-35859
-36020
-36119
-36323
-36518
-36542
-36604
-36749
-36888
-36968
-37102
-37193
-37313
-37438
-37521
-37613
-37674
-37701
-37703
-38083
-37491
-37493
-37333
-37237
-37205
-37063
-37050
-37041
-36920
-36859
-36810
-36787
-36798
-36773
-36768
-36802
-36806
-36909
-36943
-36922
-36941
-36970
-36993
-36934
-36813
-36745
-36712
-36632
-36581
-36491
-36426
-36409
-36361
-36325
-36405
-36457
-36506
-36533
-36535
-36455
-36491
-36541
-36562
-36544
-36615
-36642
-36680
-36745
-36821
-36823
-36821
-36863
-36936
-36957
-36936
-37012
-37004
-37054
-37054
-37117
-37119
-37195
-37224
-37273
-37365
-37392
-37483
-37478
-37514
-37594
-37602
-37617
-37626
-37672
-37688
-37728
-37834
-37903
-37995
-38029
-38090
-38230
-38220
-38262
-38319
-38334
-38363
-38396
-38392
-38394
-38436
-38384
-38447
-38489
-38495
-38533
-38453
-38537
-38548
-38493
-38453
-38497
-38449
-38371
-38216
-38140
-37955
-37674
-37565
-37525
-37445
-37386
-37415
-37472
-37558
-37657
-37754
-37812
-37775
-37730
-37707
-38102
-37403
-37182
-36922
-36667
-36348
-36632
-35823
-35598
-35439
-35657
-34924
-34628
-34262
-33918
-33468
-33069
-33191
-32667
-31605
-31073
-30613
-30102
-29544
-29146
-28630
-28796
-27936
-27571
-27222
-27291
-26567
-26312
-26008
-25783
-25541
-25348
-25136
-24974
-24833
-24794
-24670
-24590
-24602
-24697
-24756
-24768
-24764
-24718
-24693
-24676
-24567
-24500
-24375
-24266
-24041
-23834
-23483
-23199
-22764
-22357
-21829
-21287
-20670
-20073
-19989
-18943
-18462
-18502
-17481
-17052
-16686
-16271
