-23331
-23457
-23949
-24462
-25691
-26281
-26449
-27502
-27447
-28430
-28380
-28834
-29688
-30073
-30357
-30630
-30775
-30831
-30924
-30871
-30886
-30852
-30838
-30878
-30980
-31039
-31170
-31250
-31088
-31226
-31413
-31575
-31634
-31691
-31607
-31487
-31737
-31241
-30086
-29422
-28623
-28243
-26896
-26758
-25502
-24806
-24300
-23701
-23105
-22159
-21653
-21420
-20046
-19354
-18674
-18542
-18054
-17567
-16294
-15752
-15625
-14842
-14554
-14352
-14405
-14525
-14615
-14980
-15205
-15560
-15920
-16035
-16350
-16499
-16527
-16445
-16281
-16086
-16067
-16052
-16153
-16401
-16569
-16667
-16966
-17199
-17243
-17453
-17102
-17699
-17716
-17823
-17896
-17922
-17980
-18044
-18025
-17955
-17905
-17806
-17745
-17611
-17573
-17386
-17245
-17134
-17155
-17312
-17346
-17399
-17483
-17483
-17449
-17447
-17396
-17313
-17216
-17588
-17058
-16628
-17201
-17216
-17298
-17376
-17413
-17447
-17460
-17493
-17445
-17287
-17184
-17562
-16808
-16628
-16480
-16302
-16205
-15989
-15682
-15775
-15905
-15812
-16111
-15552
-15598
-15558
-15149
-16012
-16390
-16722
-16894
-16945
-17319
-17405
-17168
-16939
-16691
-16441
-16205
-16327
-16560
-17012
-17308
-17451
-17302
-17203
-17035
-16833
-16535
-16142
-15791
-15342
-15048
-14792
-14796
-14709
-14613
-14222
-13842
-13487
-13459
-13613
-14000
-14747
-15050
-15189
-15216
-15262
-15336
-15462
-15588
-15770
-15970
-16077
-16193
-16277
-16239
-16174
-16069
-15936
-15781
-15726
-15691
-15642
-15676
-16117
-15590
-15537
-15556
-15634
-15695
-15785
-15829
-15951
-16104
-16312
-16487
-16777
-17004
-16625
-17329
-17462
-17535
-17581
-17571
-17542
-17436
-17346
-17302
-17193
-17069
-16947
-16808
-16699
-16518
-16350
-16180
-15960
-15693
-15432
-15170
-14880
-15104
-14434
-14235
-14071
-13945
-13834
-13863
-13913
-13995
-14021
-14115
-14313
-14558
-14188
-14901
-15104
-15317
-15722
-16021
-16342
-16714
-17010
-17376
-17750
-18042
-18371
-18604
-18771
-18968
-19207
-19396
-19502
-19514
-19476
-19424
-19292
-19205
-19067
-18806
-18630
-18445
-18348
-18361
-18258
-18209
-18258
-18235
-18312
-18411
-18546
-18560
-18686
-18762
-18976
-19193
-19439
-19796
-20233
-20678
-21079
-21079
-21980
-22027
-22558
-23008
-23859
-24249
-24646
-24441
-25167
-25499
-25720
-25428
-26054
-26203
-26254
-26226
-26252
-26126
-26052
-25943
-25750
-25502
-25294
-25081
-24792
-24436
-24180
-23827
-23506
-23271
-23027
-22533
-22062
-21678
-21384
-21472
-20710
-20399
-20086
-19867
-19634
-19460
-19460
-19523
-19684
-19758
-19859
-19978
-20121
-20310
-20476
-20663
-20867
-20560
-21205
-21289
-21397
-21405
-21424
-21417
-21396
-21384
-21373
-21260
-21186
-21151
-21487
-20775
-20594
-20354
-20039
-19678
-19420
-19529
-18676
-18331
-17997
-18044
-17144
-16783
-16268
-15892
-15397
-14943
-14562
-14209
-13728
-13417
-13100
-13189
-12342
-11962
-11453
-11086
-10905
-10539
-10125
-9373
-8707
-8907
-8936
-9275
-8321
-9063
-9203
-9340
-9531
-9304
-10033
-10199
-10434
-10264
-11031
-11382
-11655
-12027
-12376
-12634
-12932
-13359
-13794
-14268
-14247
-15174
-15628
-15646
-16476
-16884
-17197
-17497
-17730
-17930
-18172
-18317
-18472
-18741
-18985
-19271
-19100
-19558
-20457
-20901
-21371
-21749
-22136
-22567
-22890
-23209
-22976
-23665
-23798
-24020
-24271
-23949
-24565
-24806
-25027
-25205
-24932
-25548
-25710
-25861
-25861
-25905
-25840
-25762
-25619
-25514
-25359
-25092
-24709
-24371
-24033
-23630
-23270
-22896
-22369
-21869
-21313
-20813
-20189
-19636
-19088
-19021
-17932
-17483
-17510
-16489
-16159
-15848
-15571
-15302
-15184
-15084
-15014
-15077
-15277
