-10716
-10844
-10989
-11178
-11189
-11439
-11917
-12130
-12308
-12216
-12951
-13052
-13094
-13449
-13882
-14075
-14468
-14743
-14897
-15399
-15153
-15850
-15980
-16083
-16207
-16569
-16955
-17065
-17042
-17298
-17466
-17600
-17514
-17495
-17726
-17907
-17978
-17962
-17930
-17949
-18025
-18289
-18357
-18397
-18399
-18384
-18300
-18346
-18518
-18531
-18386
-18163
-18083
-18092
-18000
-17855
-17756
-17481
-17373
-17203
-17050
-16939
-16789
-16626
-16378
-16249
-16146
-16084
-16100
-16067
-16134
-16281
-16474
-16147
-16783
-16922
-17083
-17271
-17525
-17752
-18008
-18283
-18527
-18838
-19144
-19319
-19094
-19882
-20233
-20062
-20529
-21310
-21588
-21834
-22075
-22329
-22472
-22604
-22707
-22777
-22752
-22806
-22766
-22598
-22520
-22407
-22203
-22172
-22176
-22231
-22111
-22081
-22226
-22397
-22678
-22928
-23020
-23197
-23256
-23271
-23378
-23407
-23271
-23203
-23210
-23430
-22613
-22384
-22197
-21899
-21630
-21342
-21165
-21050
-20936
-20880
-20936
-21063
-21285
-21485
-21651
-21905
-22241
-22508
-22770
-22882
-23012
-23042
-23094
-23199
-23342
-23365
-23084
-22672
-22417
-22449
-21235
-20812
-20167
-19615
-19168
-18733
-18365
-18092
-17703
-17447
-17245
-16997
-16859
-16720
-16621
-16590
-16571
-16779
-16764
-16789
-16880
-16939
-17230
-17413
-17550
-17844
-17983
-17922
-18039
-18048
-17947
-18083
-18485
-18142
-18081
-17758
-17499
-17357
-16875
-16915
-16773
-16562
-16592
-16035
-15878
-15733
-15562
-15596
-15598
-15485
-15373
-15300
-15117
-14896
-14873
-14894
-14834
-14707
-14554
-14438
-14197
-14046
-13867
-14167
-13407
-13264
-13109
-12989
-12955
-12957
-12737
-12659
-12527
-12541
-12352
-12155
-11966
-11911
-11981
-11968
-12014
-12354
-12493
-12663
-12821
-13012
-12741
-13397
-13626
-13838
-14050
-14289
-14483
-14625
-14722
-14892
-15102
-15123
-15130
-15167
-14659
-15264
-15292
-15296
-15436
-15550
-15668
-15779
-15917
-16090
-16266
-16354
-16462
-16560
-16728
-16897
-16997
-17193
-17342
-17542
-17680
-17728
-18254
-18438
-18100
-18888
-19155
-19361
-19781
-20201
-20054
-22279
-22947
-23651
-24188
-24583
-25025
-25331
-25380
-24556
-24083
-23506
-23420
-22247
-21609
-20861
-20178
-19995
-18833
-18167
-17949
-16695
-15888
-15275
-15033
-13886
-13243
-12535
-11943
-11352
-10750
-10701
-9783
-9466
-9235
-8951
-8733
-8632
-8520
-8764
-8073
-8142
-7867
-8615
-8726
-8989
-8844
-9535
-9936
-10539
-11151
-11848
-12397
-12909
-13396
-13825
-13731
-14644
-15077
-15241
-16287
-16647
-17008
-17262
-17541
-17808
-17959
-18155
-18327
-18457
-18537
-18554
-18487
-18451
-18298
-18128
-17911
-17758
-17533
-17323
-17113
-16731
-16474
-16157
-15804
-15495
-15189
-14779
-14424
-14031
-13707
-13426
-13149
-12890
-12621
-12447
-12264
-12119
-12107
-12083
-12115
-12266
-12384
-12598
-12852
-13136
-13460
-13783
-14132
-14453
-14897
-15319
-15844
-16329
-16890
-17428
-18075
-18682
-19184
-19731
-20195
-20716
-21130
-21460
-21773
-22052
-22249
-22357
-22430
-22457
-22390
-22449
-22396
-22199
-22094
-22021
-21876
-21768
-21565
-21363
-21195
-21075
-20886
-20726
-20464
-20409
-20449
-20235
-19621
-18863
-18340
-18144
-18044
-17953
-17890
-17876
-17777
-17502
-17350
-17212
-17168
-16932
-17090
-16323
-16010
-15739
-15605
-15354
-15168
-15044
-14995
-14999
-14981
-14983
-15071
-15216
-15354
-15514
-15686
-15873
-15970
-15646
-16420
-16583
-16838
-17067
-17300
-17151
-17959
-18209
-18079
-18913
-19275
-19060
-19880
-20201
-20079
-20911
-21167
-21432
-21806
-22107
-22273
-22418
-22499
-22590
-22735
-22880
-22993
-23083
-23126
-23165
-23266
-23371
