-2132
-2323
-2388
-2525
-2600
-2806
-2468
-3105
-3346
-2934
-2945
-3457
-3445
-3409
-3291
-3184
-3094
-3042
-3041
-3088
-3168
-3329
-3516
-3659
-3821
-4063
-4157
-4363
-4443
-4617
-4649
-4655
-4747
-4714
-4699
-4691
-4766
-4750
-4695
-4712
-4661
-4699
-4649
-4665
-4588
-4695
-4739
-4775
-4777
-4846
-4920
-4913
-4939
-5102
-5088
-5184
-5165
-5199
-5025
-4899
-4665
-4420
-4146
-3741
-3857
-3002
-2491
-2126
-1514
-1126
-577
-207
169
32
708
948
520
1068
923
942
772
641
952
158
454
-354
-724
-955
-1308
-1512
-1728
-2063
-2216
-2384
-2617
-2771
-2466
-3123
-3216
-3319
-3346
-3363
-3262
-3245
-3104
-2981
-2882
-2802
-2726
-2636
-2688
-2730
-2865
-3159
-3361
-3674
-4000
-4226
-4539
-4411
-5157
-5546
-5798
-6115
-6396
-6626
-6829
-6959
-7100
-7168
-7218
-7235
-7313
-7333
-7367
-7405
-7359
-7220
-7193
-7168
-7126
-7163
-7207
-7245
-7132
-7201
-7226
-7367
-6842
-7447
-7579
-7638
-7743
-7892
-7959
-8075
-8077
-8088
-8163
-8277
-7833
-8428
-8609
-8678
-8657
-8317
-8791
-8760
-8668
-8623
-8464
-8327
-8155
-8063
-7855
-7768
-7640
-7552
-7584
-7544
-7661
-7817
-7955
-8132
-8415
-8716
-9050
-9329
-9546
-9911
-10128
-10365
-10499
-10283
-10878
-11010
-11107
-11231
-11273
-11405
-11470
-11588
-11273
-11896
-12056
-11783
-12510
-12224
-12705
-13228
-14373
-15125
-16646
-18336
-19073
-20745
-21615
-23008
-24016
-24941
-26083
-26600
-27113
-27663
-28230
-28676
-29111
-29411
-29726
-29964
-30422
-30918
-30834
-31661
-32035
-32346
-32672
-33098
-33560
-34134
-34590
-34934
-35472
-36075
-36573
-36684
-37613
-38088
-38401
-38747
-38630
-39258
-39342
-39397
-39312
-39323
-39172
-39105
-38991
-38768
-38731
-38709
-38691
-38861
-38926
-39134
-39333
-39113
-39848
-40216
-40123
-40903
-41313
-41678
-42136
-42451
-42726
-42951
-43186
-43378
-43346
-43327
-43239
-43029
-42785
-42584
-42273
-41894
-41590
-41317
-41518
-40617
-40287
-39957
-39720
-39493
-39361
-39233
-39119
-39115
-39058
-39006
-39004
-38983
-38955
-38827
-38733
-38617
-38647
-38636
-38688
-38762
-38779
-38907
-38960
-39188
-39294
-39329
-39495
-39596
-39722
-39787
-39915
-40006
-40136
-40237
-40306
-40397
-40586
-40644
-40667
-40764
-40989
-40560
-41155
-41226
-41233
-41294
-41216
-41142
-41077
-40938
-40798
-40445
-40146
-39762
-39344
-39544
-38691
-38235
-37926
-37678
-37476
-37294
-37386
-36892
-36789
-36802
-36909
-36957
-37012
-37098
-37117
-37113
-37159
-37069
-37029
-36808
-36730
-36478
-36155
-35697
-35212
-34695
-34649
-33497
-32485
-31535
-30252
-28625
-26520
-25516
-24714
-23939
-22968
-23710
-24220
-24724
-25340
-25804
-25955
-26682
-26548
-26002
-25041
-24342
-22642
-21857
-20109
-19105
-18720
-18562
-17275
-16327
-15815
-15592
-15611
-15808
-15945
-15684
-15399
-15012
-14705
-14344
-13733
-13609
-12434
-11834
-11249
-10768
-10563
-10275
-10333
-10571
-11086
-11315
-12375
-12976
-13271
-14558
-15512
-16273
-17016
-17710
-18264
-18829
-19199
-19495
-19640
-19642
-19678
-19834
-19119
-18506
-16722
-15203
-13863
-12424
-11575
-10249
-8342
-7720
-6764
-5558
-5058
-4716
-4626
-4663
-4693
-4846
-5020
-5273
-5571
-5813
-6115
-6455
-6474
-6510
-6436
-6817
-6188
-6016
-5882
-5653
-5525
-5317
-5256
-5088
-5355
-4695
-4857
-3989
-3460
-3125
-3413
-2888
-3020
-3275
-3737
-4334
-4861
-5373
-5676
-5411
-5978
-6014
-5943
-5773
-5854
-5949
-6134
-6462
-6810
-7250
-7270
-7371
-7380
-7287
-7048
-7271
-6371
-5920
-5434
-4928
-4525
-4062
-3626
-3275
-2962
-2508
-2193
-1855
-1646
-1386
-1067
-804
-640
-701
-861
-1111
-1281
-1462
-1621
-1563
-1327
-1451
-312
437
1234
1536
2591
2988
3360
3501
3522
3547
3324
2994
2658
2185
1486
791
227
-401
-865
-1104
-1041
-888
-600
-117
34
1280
1906
2341
2648
2820
2807
2923
1971
1272
662
24
-619
-1041
-1583
-1938
-2241
-2304
-2350
-2292
-2287
-2174
-2071
-2073
-2052
-2050
-2163
-2170
-2291
-2426
-2712
-2445
-3271
-3409
-3541
-3535
-3474
-3250
-3062
-2674
-2331
-1974
-1833
-1758
-1724
-1882
-2107
-2586
-2552
-3665
-4031
-5098
-5420
-5766
-5945
-6016
-6044
-5930
-5794
-5552
-5226
-4983
-4867
-4623
-4472
-4424
-4506
-4670
-4405
-5039
-5268
-5651
-6136
-6678
-7310
-7401
-8653
-8911
-10178
-10957
-11688
-12565
-13573
-14533
-15396
-16109
-16869
-17199
-18319
-18770
-18913
-18976
-19021
-18836
-18791
-18880
-19205
-19758
-20426
-21151
-21934
-22619
-23399
-24252
-25193
-25422
-25932
-26741
-26930
-26884
-27357
-26842
-26791
-27336
-26756
-26563
-26392
-26149
-26081
-26348
-26619
-27113
-27747
-28462
-29107
-29676
-29865
-30907
-31485
-31918
-31821
-32523
-32672
-32388
-32031
-31668
-31361
-30955
-30512
-30092
