-15833
-15678
-15537
-15432
-15386
-15275
-15174
-15125
-14978
-14911
-14764
-14709
-14644
-14468
-14344
-14334
-14224
-14197
-14146
-14075
-14004
-14018
-14050
-14008
-14021
-14035
-14016
-14018
-13983
-14016
-13980
-13823
-13728
-13688
-13560
-13397
-13294
-13132
-13010
-12791
-12554
-12315
-12027
-11758
-11520
-11686
-10888
-10586
-10312
-9974
-9779
-9542
-9292
-9115
-9004
-8878
-8670
-8459
-8310
-8216
-7983
-7791
-7714
-7588
-7497
-7491
-7481
-7453
-7447
-7445
-7525
-7483
-7537
-7596
-7588
-7684
-7709
-7682
-7672
-7626
-7529
-7439
-7249
-7037
-6913
-6804
-6672
-6514
-6443
-6296
-6241
-6117
-5959
-5714
-5420
-5220
-5023
-4834
-4659
-4439
-4222
-4098
-3993
-3888
-3823
-3749
-3663
-3592
-3491
-3426
-3380
-3380
-3373
-3420
-3411
-3434
-3432
-3470
-3487
-3573
-3720
-3827
-3966
-4058
-4147
-4216
-4367
-4476
-4544
-4573
-4640
-4722
-4792
-4750
-4812
-4861
-4779
-4825
-4907
-4928
-4991
-5079
-5062
-5014
-4936
-4817
-4588
-4296
-4048
-3842
-3563
-3357
-3138
-2957
-2716
-2464
-2199
-2392
-1516
-1090
-710
-409
-71
91
301
551
530
549
347
97
-207
-668
-1115
-1535
-1945
-2287
-2573
-2806
-2459
-2987
-3031
-3010
-2701
-2911
-2205
-1817
-1888
-903
-1117
-2552
-3989
-5647
-6304
-7004
-7665
-8107
-8063
-7117
-6230
-4659
-2604
-1346
-300
112
1425
2347
3305
4208
5259
5479
6282
6347
6446
6599
6618
6492
6322
6276
6505
6404
7494
7925
7847
8555
8956
9255
9414
9562
9486
9519
9406
9219
8937
8562
8204
7696
7721
6723
6776
6265
5385
4980
4064
3814
3820
3782
3381
3297
3270
2933
2593
2362
2265
2251
2383
2297
2209
2097
1784
1511
1297
977
660
437
108
-266
-609
-1083
-1399
-1791
-2079
-2363
-2619
-2718
-2932
-3109
-3325
-3346
-2586
-2266
-1651
-1319
-993
-1354
-1262
-1249
-1180
-1195
-1170
-1209
-939
-1109
-1115
-1291
-1417
-1623
-1934
-2199
-2533
-2850
-3062
-2938
-3663
-3441
-4218
-4359
-3928
-4598
-4848
-4920
-5012
-5065
-5205
-5224
-5292
-5354
-5441
-5459
-5449
-5474
-5506
-5521
-5586
-5609
-5638
-5623
-5722
-5823
-5997
-6121
-6243
-6304
-6407
-6558
-6680
-6787
-6959
-7304
-7480
-7686
-8018
-8306
-8575
-8739
-9021
-9327
-9646
-9821
-10065
-9781
-10457
-10670
-10739
-10836
-10976
-11104
-11313
-11531
-11779
-11976
-12182
-12523
-12844
-13058
-13296
-13655
-13867
-14249
-14560
-14783
-15075
-15424
-15705
-15913
-16205
-16457
-16668
-17002
-17327
-17655
-17915
-18199
-18546
-18787
-18605
-19409
-19625
-19836
-19571
-20273
-20491
-20705
-20894
-21123
-21315
-21432
-21625
-21752
-21840
-22021
-22052
-22021
-22203
-22315
-22357
-22535
-22720
-22945
-23294
-23527
-24123
-24560
-25004
-24918
-25703
-26042
-27254
-26873
-27480
-27697
-27768
-27716
-27781
-27701
-27709
-27762
-27930
-28155
-28308
-28500
-28689
-28802
-28812
-28892
-28991
-29071
-29182
-29228
-29520
-30052
-30577
-31004
-31163
-31397
-31500
-31567
-31275
-31970
-32222
-32474
-32730
-32884
-33073
-33283
-33495
-33775
-33978
-33728
-34459
-34749
-34976
-35117
-35369
-35617
-35821
-35995
-36153
-36367
-36594
-36817
-37096
-37499
-37907
-38254
-38806
-39250
-39791
-40380
-40917
-41470
-42159
-42810
-43445
-44130
-44752
-45430
-46058
-46485
-46865
-47184
-47527
-47754
-47396
-48084
-48228
-48249
-48397
-48417
-48436
-48373
-48338
-48317
-48207
-48140
-48071
-48117
-48119
-48201
-48415
-48668
-48896
-49149
-49478
-49789
-50041
-49852
-50459
-50626
-50726
-50682
-50577
-50804
-50088
-50247
-49235
-48670
-48100
-47876
-46716
-46060
-45506
-45058
-44375
-44382
-43970
-43117
-43459
-42802
-42783
-42724
-42758
-42750
-42800
-42972
-43161
-43023
-43907
-44291
-44689
-44980
-45264
-45573
-45731
-45913
-46010
-46300
-46388
-46495
-46529
-46491
-46571
-46315
-46262
-46104
-46392
-45760
-45642
-45460
-45363
-45042
-44588
-44346
-44084
-43939
-42766
-41310
-40226
-39857
-39709
-40062
-39481
-38315
-37863
-37336
-36386
-34894
-33565
-31735
-30209
-28018
-26457
-25756
-24132
-23058
-22270
-21649
-21481
-20418
-20098
-20010
-20157
-20088
-20628
-21602
-21888
-22020
-21876
-21905
-21397
-20418
-18905
-19188
-18983
-18340
-16397
-14197
-13271
-13016
-12840
-12821
-13188
-13531
-14029
-14434
-14539
-14535
-14525
-14369
-13859
-13651
-12644
-11004
-10222
-8506
-7123
-6054
-5203
-3684
-2737
-1999
-1584
-1344
-1451
-1352
-1663
-2285
-2783
-3203
-3521
-3493
-4375
-4604
-4768
-5044
-5285
-5628
-6098
-6466
-6354
-7186
-7283
-7439
-7541
-7535
-7584
-7468
-7098
-6474
-5842
-4823
-3193
-2090
-1163
-499
-449
171
133
-270
-1151
-2176
-2567
-3831
-3968
-4804
-4821
-4407
-3731
-2733
-2277
-741
211
1200
1948
2627
2958
3374
2501
1833
986
156
