-29668
-29594
-29583
-29756
-29789
-29865
-30062
-29812
-30567
-30766
-31102
-31527
-32056
-32382
-32781
-33119
-33476
-33863
-34302
-34569
-34913
-35121
-35355
-35531
-35840
-36023
-36292
-36508
-36749
-36855
-36970
-36657
-37331
-37168
-38098
-38504
-38915
-39195
-39472
-39712
-39892
-40146
-40302
-40415
-40462
-40529
-40537
-40478
-40439
-40438
-40214
-40000
-39741
-39396
-38892
-38411
-37924
-37499
-37140
-36726
-36397
-36109
-35897
-35678
-35396
-35125
-34821
-34600
-34468
-34478
-34476
-34214
-35123
-35665
-36266
-37023
-37787
-38146
-39521
-40443
-41420
-42333
-43273
-43571
-44760
-45565
-45567
-47426
-48722
-50306
-50613
-50941
-50163
-49962
-52201
-52094
-53365
-53651
-53941
-54382
-54508
-54911
-55525
-54104
-53315
-52086
-51878
-51228
-50222
-48481
-47817
-46247
-44674
-42796
-40575
-39430
-37539
-35317
-34109
-32647
-31203
-29537
-28554
-27449
-26525
-25647
-24743
-23775
-23014
-22281
-21539
-21397
-20132
-19928
-17663
-16737
-15938
-14978
-15050
-15245
-15474
-15147
-15609
-15338
-14974
-14344
-14052
-12758
-11741
-10798
-10703
-9663
-9401
-9258
-9119
-9327
-9399
-9417
-9417
-9462
-9313
-9132
-9268
-8321
-7957
-7628
-7804
-6768
-6453
-6291
-6199
-6109
-5924
-5777
-5575
-5371
-5819
-5535
-6155
-7197
-7968
-8995
-9067
-8894
-8815
-8922
-9121
-9147
-8880
-8193
-7378
-6485
-5896
-5556
-5764
-6126
-6676
-7191
-7588
-7947
-8159
-8071
-7972
-8270
-7600
-7812
-7146
-7048
-7041
-7092
-7210
-7296
-7382
-7128
-6920
-6544
-6230
-6352
-5802
-4516
-3890
-2899
-1649
-1008
-521
-300
-804
-1254
-1472
-2021
-3256
-3869
-4176
-4216
-4172
-3865
-3546
-3153
-2661
-2201
-2048
-2235
-2619
-3273
-4090
-4455
-5655
-6207
-6336
-6096
-5527
-4665
-3562
-2871
-1027
-172
624
1343
1935
2022
2914
3343
3656
3858
3900
3759
3599
3053
2496
2383
1183
631
267
0
41
76
305
589
942
1194
1244
1171
881
543
64
-682
-1625
-2378
-3172
-3892
-4302
-4697
-4405
-4836
-4733
-4485
-4067
-3747
-3514
-3384
-3617
-3903
-3959
-4886
-4964
-6031
-6579
-7031
-6846
-7649
-7771
-7649
-7443
-7205
-7044
-6842
-6609
-6443
-6462
-6817
-6083
-6105
-6684
-7462
-7970
-8147
-8060
-8002
-7985
-8142
-8359
-8504
-8478
-8319
-8287
-8237
-8560
-9018
-9571
-10174
-10672
-11205
-11722
-12182
-12598
-12995
-13430
-13787
-14002
-14174
-14315
-14689
-14846
-15025
-15865
-16014
-16151
-16157
-16273
-16216
-16901
-17409
-18033
-18779
-19388
-19888
-20346
-20934
-21365
-21865
-21972
-22058
-22063
-22044
-22000
-22098
-22142
-22285
-22409
-22699
-23081
-22987
-23502
-24571
-24506
-24981
-25880
-26321
-26823
-27231
-27556
-27363
-28071
-28121
-28233
-28449
-28667
-28346
-29149
-28844
-29583
-29985
-30621
-31035
-31376
-31518
-31544
-31380
-31743
-31151
-30962
-30899
-30978
-31180
-31413
-31294
-32367
-32313
-32825
-33254
-34147
-34380
-34563
-34621
-34525
-34420
-34130
-33875
-33668
-33310
-32915
-32623
-32260
-31938
-32220
-31688
-31806
-31924
-32090
-32281
-32573
-32899
-33174
-33619
-34033
-34500
-34739
-34922
-35105
-35197
-35252
-35331
-35218
-35230
-35188
-34903
-34607
-34346
-33980
-34195
-33586
-33346
-33146
-33115
-32880
-32735
-32804
-32838
-32750
-32529
-32281
-32138
-32147
-32100
-32050
-32042
-31918
-31810
-31684
-31438
-31397
-31739
-31062
-30876
-30792
-30689
-30951
-30693
-30583
-30499
-30002
-28949
-28184
-26018
-23781
-22943
-21323
-19037
-16649
-14815
-13728
-13457
-13317
-13214
-12728
-13256
-14273
-15682
-17184
-18808
-20188
-21600
-22939
-22699
-22002
-20959
-18665
-15644
-12661
-8596
-5375
-1079
2391
5774
8666
10263
11322
10967
9801
8005
6290
3673
805
-2422
-4434
-7197
-8415
-10060
-10487
-10680
-9483
-8771
-6905
-5596
-3787
-2153
-201
868
1561
1488
2078
1982
1690
1261
803
127
-6
-1146
-1651
-2111
-2415
-2668
-2848
-2875
-2794
-2735
-2665
-2661
-2716
-2754
-2768
-2695
-2605
-2392
-2329
-2432
-2596
-2779
-2495
-3287
-3680
-3932
-4289
-4550
-4399
-5275
-5810
-6186
-6569
-6812
-7109
-7485
-7905
-8109
-8170
-8203
-8067
-7750
-7111
-6403
-5552
-4890
-4193
-3678
-3088
-2634
-2262
-1844
-1709
-1441
-1105
-796
-531
-354
-174
-245
-407
-552
-867
-1283
-1665
-1947
-2199
-1974
-2609
-2766
-2852
-2882
-2815
-2546
-2409
-2147
-2209
-2094
-2050
-2054
-2226
-2491
-2766
-3155
-3749
-4495
-4695
-4403
-5243
-5968
-5876
-6701
-6647
-6472
-5733
-5319
-3579
-2867
-1130
-92
606
1269
988
1377
1190
551
-249
-1214
-2230
-3188
-4104
-4813
-4953
-6020
-6527
-6672
-6579
-6136
-5558
-4995
-4445
-3968
-3709
-3510
-3375
-2941
-3291
-3535
-3619
-3903
-3922
-5025
-5659
-6308
-6354
-7256
-7468
-7615
-7670
-7646
-7504
-7157
-7310
-6560
