-18674
-18359
-18155
-17913
-17750
-17499
-17226
-16819
-16621
-16396
-16161
-16029
-15896
-15792
-15754
-15583
-15386
-15090
-14812
-14455
-14039
-13850
-13552
-13375
-13365
-13195
-13132
-13058
-12968
-12884
-12886
-12819
-12861
-12825
-12869
-12968
-12966
-13134
-12705
-13291
-13344
-13346
-13399
-13447
-13460
-13417
-13384
-13348
-13319
-13367
-13384
-13411
-13470
-13552
-13548
-13548
-13552
-13584
-13630
-13199
-13760
-13808
-13863
-13892
-13913
-13947
-14016
-14083
-14119
-14168
-14205
-14212
-14279
-14357
-14420
-14369
-14331
-14472
-14806
-15132
-15369
-15462
-15592
-15743
-15876
-16014
-16186
-16449
-16602
-16850
-17163
-17445
-17707
-17949
-18184
-18462
-18760
-18586
-19376
-19684
-19976
-20176
-20432
-20716
-20991
-21212
-21495
-21800
-22098
-22344
-22600
-22819
-23050
-23321
-23598
-23813
-24014
-24189
-24369
-24504
-24602
-24712
-24825
-24959
-25035
-25073
-25125
-25191
-25239
-25319
-25399
-25481
-25583
-25628
-25598
-25455
-25304
-25012
-24689
-24434
-24191
-23981
-23749
-23453
-23094
-22735
-22355
-22428
-21955
-21054
-20653
-20252
-19798
-19268
-19044
-17968
-17455
-16951
-16451
-15934
-15411
-14899
-14417
-13922
-13371
-12859
-12371
-11915
-11481
-11050
-10583
-10008
-9514
-9151
-8915
-8634
-8224
-7686
-7075
-6459
-5926
-5472
-5037
-4653
-4323
-4092
-3985
-3995
-4060
-4062
-3993
-3873
-3726
-3674
-3710
-3747
-3823
-3438
-4029
-4151
-4323
-4474
-4609
-4775
-4959
-5147
-5323
-5537
-5783
-5997
-6239
-6516
-6831
-7172
-7502
-7384
-8218
-8521
-8884
-8800
-9735
-10105
-10478
-10873
-10810
-11273
-12144
-12495
-12869
-13174
-13583
-13920
-14230
-14636
-14995
-15271
-15607
-15934
-16247
-16577
-16863
-16638
-17390
-17647
-17907
-18140
-18338
-18550
-18771
-18886
-19016
-19191
-19344
-19506
-19646
-19649
-19646
-19873
-20235
-20518
-20676
-20754
-20833
-20920
-20981
-20976
-20964
-20981
-21086
-21249
-21365
-21418
-21451
-21481
-21472
-21407
-21413
-21529
-21665
-21724
-21749
-21854
-22039
-22151
-22201
-22212
-22230
-22277
-22367
-22457
-22504
-22579
-22695
-22798
-22844
-22876
-22917
-22976
-23075
-23180
-23292
-23401
-23521
-23621
-23707
-23800
-23905
-24018
-24111
-24184
-24292
-24399
-24464
-24546
-24640
-24710
-24745
-24754
-24779
-24792
-24777
-24794
-24810
-24789
-24808
-24838
-24850
-24896
-24930
-24987
-24987
-24926
-24884
-24859
-24859
-24865
-24846
-24771
-24560
-24455
-23466
-23153
-22861
-22768
-22583
-22319
-22098
-21903
-21682
-21422
-21245
-21077
-20896
-20758
-20638
-20531
-20422
-20287
-20079
-20046
-20086
-20041
-19951
-19819
-19777
-19932
-20178
-20424
-20550
-20720
-20785
-20924
-21167
-21384
-21689
-21894
-22031
-22090
-22281
-21991
-22634
-22760
-22945
-23079
-23237
-22970
-23661
-23770
-23886
-24004
-24207
-23943
-24596
-24705
-24787
-24899
-24981
-25065
-25130
-25233
-25334
-25355
-25346
-25426
-25411
-25434
-25422
-25510
-25478
-25521
-25560
-25581
-25529
-25500
-25447
-25331
-25294
-25262
-25084
-24890
-24775
-24661
-24462
-24323
-24178
-23951
-23758
-23615
-23508
-23262
-23037
-23447
-22821
-22686
-22548
-22409
-22230
-22474
-21819
-21598
-21445
-21306
-21018
-20827
-20604
-20392
-20134
-19955
-19771
-19983
-19254
-19056
-18792
-19042
-18344
-18562
-17770
-17466
-17218
-17000
-16705
-16418
-16604
-15871
-16096
-15266
-14943
-14709
-14359
-13960
-13689
-13476
-13142
-12730
-12449
-12132
-11903
-11661
-11451
-11289
-11136
-11027
-10886
-10802
-10813
-10796
-10792
-10817
-10783
-10821
-10886
-10976
-11037
-11132
-11256
-11363
-11567
-11770
-12004
-12355
