-21626
-21121
-20714
-20291
-20107
-19945
-19775
-19695
-19756
-19938
-19569
-20512
-20857
-20896
-20541
-21168
-21218
-21264
-21271
-21102
-20815
-20613
-20250
-19863
-19985
-19111
-18815
-18508
-18279
-18138
-18002
-17966
-17955
-18002
-18048
-18104
-18174
-18231
-18302
-18285
-18329
-18155
-18558
-17915
-17787
-17682
-18025
-18121
-18243
-18123
-18775
-18771
-19386
-19760
-20002
-20457
-20802
-21111
-21470
-21768
-22270
-22804
-23193
-23510
-23712
-23720
-23682
-23619
-23481
-23340
-23130
-22810
-22348
-21636
-20829
-20394
-19468
-18146
-17281
-17069
-15863
-15159
-14531
-14071
-13735
-13466
-13480
-13495
-13791
-14109
-14529
-15041
-15214
-16405
-16653
-17983
-18096
-19703
-20247
-20876
-21478
-22188
-22712
-23159
-23537
-23922
-24063
-24205
-24224
-24014
-24065
-24180
-24098
-24035
-24012
-23728
-23464
-23210
-23067
-22953
-22884
-22823
-22646
-22497
-22390
-22214
-22065
-21974
-21955
-21844
-21791
-21815
-21701
-21731
-21709
-21649
-21546
-21520
-21334
-21283
-21237
-21285
-21262
-21065
-21794
-21876
-21913
-22109
-22420
-22661
-22850
-23266
-23695
-24209
-24718
-25151
-25688
-26006
-26380
-26789
-27048
-26873
-27527
-27735
-27693
-27623
-27396
-27065
-26642
-26281
-26382
-25825
-24726
-24081
-23521
-23346
-22369
-22436
-21560
-21207
-20865
-20533
-20201
-19981
-19802
-19594
-19470
-19422
-19188
-19031
-18897
-19048
-18331
-18000
-17651
-17397
-17170
-16926
-17100
-16216
-16056
-15861
-15562
-15634
-15638
-15657
-15504
-15441
-15394
-15521
-15896
-16086
-16407
-16474
-16577
-16144
-17088
-16544
-16531
-16195
-15941
-15703
-15384
-14939
-14197
-14121
-13048
-12405
-11884
-11474
-11056
-10825
-10464
-10336
-10403
-10636
-10857
-10792
-11632
-11920
-12396
-12634
-12926
-13151
-13239
-13373
-13390
-13441
-13453
-13413
-13415
-13294
-13199
-13283
-13199
-13209
-13132
-13262
-13306
-13506
-13764
-13918
-14071
-14394
-14189
-14855
-14682
-15462
-15806
-15659
-16516
-16842
-17186
-17336
-17577
-17859
-18105
-18369
-18436
-18491
-18493
-18344
-18170
-17972
-17773
-17413
-17010
-17058
-16146
-15701
-15264
-14964
-14464
-13960
-13628
-13287
-13117
-12867
-12722
-13176
-12655
-12760
-12831
-12730
-12747
-12821
-13020
-13394
-13613
-13710
-13855
-14029
-14134
-14260
-14367
-14563
-14558
-14630
-14703
-14812
-15002
-15105
-15277
-15460
-15168
-15962
-16277
-16172
-17098
-17470
-17978
-18113
-18636
-19804
-20394
-20600
-21709
-22230
-22829
-23357
-23863
-24230
-24896
-25063
-25002
-24943
-24756
-24464
-24212
-23859
-23495
-23151
-22760
-22600
-22376
-22157
-21947
-21884
-21852
-21750
-21741
-21699
-21806
-21739
-21640
-21646
-21632
-21617
-21611
-21611
-21373
-21247
-20947
-20815
-20575
-20407
-20113
-19938
-19680
-19533
-19432
-19323
-19144
-18993
-18890
-18699
-18428
-18237
-18199
-17978
-17819
-17500
-17579
-16668
-16157
-16119
-15157
-15119
-14411
-14644
-13268
-12600
-12428
-12067
-11623
-11365
-11167
-10985
-11134
-10781
-11714
-12210
-12785
-17470
-18779
-19632
-21300
-22033
-23663
-24581
-25065
-26709
-27571
-28067
-27678
-27298
-25480
-24798
-23000
-21779
-20733
-20294
-20159
-21317
-24917
-24939
-25962
-26533
-26959
-27434
-27779
-28168
-28319
-28592
-28819
-28945
-28983
-28831
-28573
-28184
-27651
-27126
-26453
-26306
-25063
-24831
-23634
-23359
-22125
-21378
-20876
-20997
-20230
-20518
-19938
-19993
-20044
-20067
-20010
-20191
-20224
-20273
-20405
-20504
-20630
-20800
-20750
-20586
-20506
-20500
-20039
-20573
-20552
-20573
-20481
-20588
-20747
-20813
-21088
-21420
-21630
-21962
-22176
-22426
-22770
-23014
-23315
-23581
-23876
-24115
