-17735
-17611
-18325
-18562
-18806
-18600
-19277
-19500
-19634
-19859
-20254
-20962
-21714
-22245
-22733
-23239
-23880
-24287
-24754
-25334
-25413
-26756
-27504
-28168
-28712
-29186
-29718
-29882
-30281
-29516
-29113
-28918
-28932
-28928
-30109
-31167
-32460
-33367
-35006
-35911
-36422
-36781
-36920
-36846
-37096
-36237
-35810
-35521
-35478
-35695
-35951
-35684
-36600
-36896
-37260
-37800
-38334
-39000
-39571
-40029
-40409
-40709
-40863
-40903
-40686
-40642
-40319
-40493
-39999
-39104
-38863
-38800
-38829
-38823
-38792
-38709
-38756
-38659
-38810
-38871
-38771
-39063
-38317
-38434
-38718
-39048
-39136
-39069
-38625
-39058
-39203
-39384
-39149
-39136
-38962
-38659
-39081
-38472
-38357
-38165
-38008
-37903
-37896
-37957
-38365
-38499
-38617
-39083
-38397
-38594
-37800
-37688
-37233
-36903
-36367
-35709
-35579
-34518
-33991
-33760
-33464
-33228
-33046
-32789
-33044
-33334
-33247
-32812
-32680
-31676
-31346
-31096
-30659
-30430
-30333
-30537
-31048
-30808
-31455
-31300
-31789
-32262
-32737
-32279
-31548
-30222
-28541
-27701
-26264
-24296
-22424
-20079
-18959
-17562
-16514
-15457
-15010
-15338
-15562
-15716
-15968
-16600
-17298
-18688
-20165
-20079
-20401
-20464
-19938
-18819
-18474
-17199
-16428
-16027
-14798
-14016
-13334
-13094
-12067
-11069
-11142
-10697
-10245
-9451
-9107
-8894
-8733
-8497
-8283
-7945
-7695
-7506
-7247
-7025
-6959
-6792
-6493
-6823
-6119
-5917
-5827
-5636
-5850
-5086
-4892
-4613
-4596
-4525
-4588
-4710
-4785
-5054
-5197
-4903
-5514
-5733
-6010
-6161
-6415
-6516
-6728
-6369
-6901
-7029
-7092
-7119
-7039
-6913
-6762
-6495
-6275
-6075
-5991
-5817
-5785
-5560
-5386
-5146
-4747
-4481
-4113
-3770
-3459
-3279
-3369
-2934
-3481
-3699
-3623
-3834
-3943
-3951
-4092
-4044
-4104
-3941
-3817
-3672
-3508
-3426
-3193
-2951
-2836
-2533
-2302
-2002
-1644
-1428
-1102
-907
-876
-1054
-1226
-1355
-1552
-1787
-2046
-2396
-2834
-3361
-3901
-4502
-4995
-5470
-5802
-5949
-6342
-5468
-5298
-4382
-3310
-1552
-207
656
2353
2963
4316
4992
5341
5446
5431
5341
5007
4687
4091
3463
2694
1757
1059
276
-422
-1195
-1571
-2541
-3808
-4718
-4987
-6149
-6647
-7178
-7407
-7434
-7268
-6959
-6478
-5917
-5189
-4838
-3212
-756
276
3
503
-361
-960
-1048
-1886
-2115
-2012
-1808
-1665
-1428
-1222
-920
-539
-92
219
364
566
614
538
471
540
461
410
347
435
541
561
618
700
635
629
729
902
1175
1416
1530
1696
1646
1660
1622
1780
1828
1769
1683
1377
1019
734
956
246
423
-403
-747
-1062
-1270
-1184
-999
-760
-527
-430
-392
-197
-327
-313
-382
-16
-821
-970
-1317
-1520
-1836
-1472
-1745
-1758
-1762
-1861
-1943
-2275
-2516
-2451
-3346
-3647
-4023
-4390
-4838
-5313
-5737
-6105
-6567
-7104
-7686
-8277
-8369
-9249
-9899
-10537
-10833
-11987
-12254
-13611
-14174
-15527
-16247
-16777
-16991
-17239
-17367
-17579
-17707
-17804
-17966
-18224
-18663
-19333
-19689
-21199
-22405
-23676
-24869
-25867
-26787
-27573
-28104
-28531
-28638
-28718
-28750
-28697
-28569
-28447
-28354
-28233
-28556
-28380
-28840
-29787
-30168
-30947
-31430
-32745
-34254
-35709
-37516
-38426
-38848
-38897
-38714
-38550
-38371
-38304
-38348
-38466
-38109
-38957
-39331
-39878
-40394
-40861
-41067
-41397
-41869
-42369
-42521
-41821
-40737
-40159
-39897
-39592
-39422
-39201
-39453
-39960
-40731
-40632
-40548
-40670
-40271
-39974
-39432
-38983
-38672
-38186
-37686
-37579
-37083
-36258
-35968
-35867
-35901
-36126
-36262
-36382
-36354
-36294
-36212
-36125
-36020
-35779
-35523
-35294
-35037
-35155
-34230
-33844
-33646
-33598
-33848
-33760
-34489
-34787
-34974
-35126
-35254
-35344
-35441
-35378
-35178
-34703
-34054
-33302
-33115
-31924
-31399
-31090
-30619
-30203
-30184
-30355
-30913
-31558
-31819
-32689
-32962
-33149
-33329
-33247
-32798
-32264
-31783
-31304
-31201
-29920
-29289
-27430
-25993
-24588
-23831
-22167
-21111
-20367
-19819
-19836
-20283
-21184
-22250
-23571
-25020
-26735
-27493
-28073
-28170
-27686
-27042
-26659
-26184
-25995
-26323
-25483
-26000
-26560
-27218
-28149
-28489
-29378
-30813
-31926
-33180
-33376
-32829
-32850
-31947
-31924
-30802
-29226
-26691
-23104
-19875
-15651
-11936
-8600
-5752
-3088
-997
-262
-373
-863
-1733
-2546
-4357
-5600
-6714
-7579
-8119
-8396
-8579
-8521
-8512
-8382
-8252
-8050
-7649
-7197
-6567
-6000
-5731
-5663
-5957
-5993
-5924
-5854
-6296
-6697
-7220
-7478
-7512
-7449
-7144
-6678
-5470
-4417
-3611
-3119
-2493
-1619
-911
80
1089
1263
1364
1769
2393
3001
3318
3078
2658
2110
1662
1343
826
975
93
-289
-417
-548
-560
-186
312
738
1316
1769
2236
2417
2498
2135
1517
851
137
-659
-1378
