-1.30634765625
-1.29438476563
-1.30634765625
-1.25849609375
-1.28959960938
-1.29438476563
-1.282421875
-1.24892578125
-1.22260742188
-1.21303710938
-1.22739257813
-1.1771484375
-1.1962890625
-1.20346679688
-1.19389648438
-1.18911132813
-1.21303710938
-1.19150390625
-1.22739257813
-1.41879882813
-1.5025390625
-1.51928710938
-1.20107421875
-1.244140625
-1.46186523438
-1.49296875
-1.48100585938
-1.397265625
-1.2919921875
-1.20107421875
-1.21064453125
-1.18671875
-1.15083007813
-1.13408203125
-1.09340820313
-1.03359375
-0.935498046875
-0.897216796875
-0.839794921875
-0.806298828125
-0.72255859375
-0.66513671875
-0.605322265625
-0.547900390625
-0.471337890625
-0.3732421875
-0.193798828125
-0.107666015625
-0.0287109375
0.133984375
0.23447265625
0.437841796875
0.509619140625
0.547900390625
0.70341796875
0.787158203125
0.8517578125
0.8900390625
0.9474609375
1.05512695313
1.08383789063
1.16279296875
1.167578125
1.17475585938
1.244140625
1.28002929688
1.31591796875
1.34462890625
1.33984375
1.34223632813
1.36137695313
1.3494140625
1.32309570313
1.28002929688
1.37094726563
1.20107421875
1.09580078125
1.35659179688
1.43315429688
1.49296875
1.5408203125
1.6365234375
1.67719726563
1.72265625
1.74897460938
1.80400390625
1.84946289063
1.83032226563
1.79682617188
1.75375976563
1.71787109375
1.73461914063
1.71069335938
1.67719726563
1.63173828125
1.6078125
1.6078125
1.61020507813
1.61259765625
1.60063476563
1.588671875
1.56953125
1.57670898438
1.55756835938
1.63173828125
1.66762695313
1.66284179688
1.67719726563
1.7130859375
1.79682617188
1.780078125
1.818359375
1.82314453125
1.84946289063
1.92602539063
1.92124023438
1.971484375
1.95234375
1.93081054688
1.94995117188
2.0001953125
2.0384765625
2.02651367188
2.00498046875
2.00498046875
1.971484375
1.96430664063
1.97626953125
1.99541015625
1.96909179688
1.98344726563
1.96909179688
1.9236328125
1.95234375
1.98344726563
2.009765625
2.00498046875
1.99301757813
1.99301757813
1.9236328125
1.91166992188
1.92841796875
1.88056640625
1.85903320313
1.83989257813
1.80639648438
1.77290039063
1.72744140625
1.73940429688
1.69633789063
1.71547851563
1.71787109375
1.64848632813
1.6365234375
1.67719726563
1.70590820313
1.62934570313
1.60302734375
1.61499023438
1.6078125
1.61259765625
1.64609375
1.61977539063
1.60063476563
1.56235351563
1.5791015625
1.5791015625
1.58149414063
1.58149414063
1.54321289063
1.52407226563
1.50732421875
1.51450195313
1.50014648438
1.43793945313
1.40444335938
1.40922851563
1.35419921875
1.33266601563
1.34462890625
1.28002929688
1.26328125
1.2537109375
1.24174804688
1.225
1.26567382813
1.15083007813
1.205859375
1.15561523438
1.11015625
1.12690429688
1.11494140625
1.08862304688
1.01923828125
0.9666015625
0.959423828125
0.937890625
0.911572265625
0.906787109375
0.87568359375
0.83740234375
0.784765625
0.724951171875
0.701025390625
0.667529296875
0.62685546875
0.610107421875
0.5837890625
0.55029296875
0.519189453125
0.47373046875
0.440234375
0.43544921875
0.370849609375
0.35888671875
0.3349609375
0.303857421875
0.25361328125
0.2296875
0.17705078125
0.15791015625
0.11484375
0.14833984375
0.069384765625
0.007177734375
0.0287109375
-0.040673828125
-0.045458984375
-0.095703125
-0.145947265625
-0.18662109375
-0.241650390625
-0.325390625
-0.3828125
-0.3923828125
-0.413916015625
-0.514404296875
-0.54072265625
-0.57900390625
-0.648388671875
-0.696240234375
-0.715380859375
-0.768017578125
-0.758447265625
-0.7943359375
-0.844580078125
-0.91396484375
-0.9474609375
-0.978564453125
-0.96181640625
-0.95703125
-1.0431640625
-1.05991210938
-1.06469726562
-1.12690429688
-1.17475585938
-1.15322265625
-0.978564453125
-1.1005859375
-1.205859375
-1.24653320313
-1.36376953125
-1.22739257813
-1.21064453125
-1.13408203125
-1.1484375
-1.1197265625
-1.071875
-1.01684570312
-0.8134765625
-0.629248046875
-0.32060546875
-0.906787109375
-1.22260742188
-1.10297851563
-0.835009765625
-0.902001953125
-0.605322265625
-0.509619140625
-0.433056640625
-0.33017578125
-0.09091796875
-0.76083984375
-0.03349609375
-0.366064453125
-0.25361328125
0.011962890625
0.150732421875
0.126806640625
0.122021484375
0.07177734375
0.18662109375
0.165087890625
0.016748046875
0.153125
0.26318359375
0.28232421875
0.294287109375
0.332568359375
0.366064453125
0.389990234375
0.3541015625
0.294287109375
0.289501953125
0.351708984375
0.303857421875
0.18662109375
0.193798828125
0.165087890625
0.0861328125
0.117236328125
0.069384765625
0.035888671875
0.08134765625
0.0861328125
0.035888671875
-0.0287109375
-0.0478515625
-0.03828125
-0.07177734375
-0.0478515625
-0.06220703125
-0.078955078125
-0.126806640625
-0.1244140625
-0.122021484375
-0.117236328125
-0.160302734375
-0.30146484375
-0.22490234375
-0.153125
-0.179443359375
-0.222509765625
-0.24404296875
-0.1626953125
-0.322998046875
-0.322998046875
-0.31103515625
-0.313427734375
-0.3732421875
-0.356494140625
-0.346923828125
-0.3923828125
-0.212939453125
-0.174658203125
-0.059814453125
0.00478515625
0.021533203125
0.1435546875
0.169873046875
0.088525390625
0.04306640625
0.016748046875
-0.0478515625
-0.184228515625
-0.2009765625
-0.287109375
-0.327783203125
-0.47373046875
-0.55029296875
-0.667529296875
-0.758447265625
-0.801513671875
-0.8900390625
-0.897216796875
-0.873291015625
-0.7943359375
-0.65078125
-0.53115234375
-0.41630859375
-0.172265625
0.007177734375
0.011962890625
0.217724609375
0.51201171875
0.667529296875
0.906787109375
1.15083007813
0.95224609375
1.74418945313
1.72504882813
1.87099609375
2.16767578125
2.05522460938
2.35908203125
2.35190429688
2.23466796875
2.25141601563
2.48110351563
2.392578125
2.3447265625
2.3638671875
2.30405273438
2.25620117188
2.27055664063
2.17724609375
2.07436523438
1.99780273438
1.95473632813
1.7130859375
1.70590820313
1.65805664063
1.67001953125
1.53603515625
1.52407226563
1.4546875
1.512109375
1.29438476563
1.27045898438
1.30395507812
0.9474609375
1.00249023438
0.64599609375
0.729736328125
0.9091796875
0.70341796875
0.62685546875
0.746484375
0.54072265625
0.567041015625
0.734521484375
0.763232421875
0.806298828125
0.835009765625
0.823046875
0.63642578125
0.86611328125
0.88046875
0.91875
0.964208984375
1.1484375
1.167578125
1.24892578125
1.35659179688
1.46186523438
1.53842773438
1.6173828125
1.6173828125
1.63173828125
1.64130859375
1.588671875
1.58149414063
1.66284179688
1.51450195313
1.46665039063
1.435546875
1.4068359375
1.51928710938
1.31591796875
1.28959960938
1.29438476563
1.22978515625
1.11733398438
1.09580078125
1.05034179688
1.00009765625
1.01923828125
0.988134765625
0.9474609375
0.959423828125
0.925927734375
0.87568359375
0.8708984375
0.86611328125
0.897216796875
0.902001953125
0.87568359375
0.88046875
0.87568359375
0.839794921875
0.854150390625
0.825439453125
0.839794921875
0.882861328125
0.849365234375
0.830224609375
0.815869140625
0.80390625
0.815869140625
0.81826171875
0.80869140625
0.86611328125
0.89482421875
0.887646484375
0.935498046875
0.99052734375
0.983349609375
0.997705078125
1.06469726562
1.0814453125
1.12690429688
1.11733398438
1.17236328125
1.2154296875
1.30874023438
1.33505859375
1.43315429688
1.4642578125
1.50732421875
1.54321289063
1.57192382813
1.54321289063
1.71547851563
1.76572265625
1.80161132813
1.76572265625
1.82314453125
1.86381835938
1.85903320313
1.9140625
1.93798828125
1.85185546875
2.048046875
2.05522460938
2.05283203125
2.08393554688
2.00498046875
2.16767578125
2.1533203125
2.201171875
2.19638671875
2.239453125
2.2203125
2.22270507813
2.25859375
2.2298828125
2.25141601563
2.21791992188
2.19877929688
2.2107421875
2.21552734375
2.23466796875
2.2203125
2.26337890625
2.3255859375
2.31840820313
2.38779296875
2.44521484375
2.44521484375
2.47392578125
2.507421875
2.56484375
2.6509765625
2.68208007813
2.622265625
2.8232421875
2.89262695313
2.97875976562
3.06010742188
3.15581054688
3.21323242188
3.3017578125
3.36635742188
3.43334960938
3.3783203125
3.59365234375
3.63432617188
3.7037109375
3.79223632813
3.88793945313
3.91904296875
3.93818359375
4.0482421875
4.0482421875
4.00756835938
4.24204101563
4.29228515625
4.40712890625
4.43823242188
4.33056640625
4.56025390625
4.61049804688
4.66313476563
4.70380859375
4.6224609375
4.81625976563
4.83061523438
4.88564453125
4.86650390625
4.77797851563
4.98134765625
4.96220703125
4.9287109375
4.91435546875
4.93828125
4.90717773438
4.95024414063
4.9478515625
4.91674804688
4.96459960938
4.9478515625
4.91435546875
4.957421875
4.9287109375
4.90717773438
4.89521484375
4.87846679688
4.84975585938
4.8330078125
4.842578125
4.8712890625
4.86650390625
4.78515625
4.73251953125
4.59853515625
4.57939453125
4.58657226563
4.53872070313
4.50522460938
4.55546875
4.52197265625
4.49086914063
4.43583984375
4.39755859375
4.3927734375
4.3353515625
4.31381835938
4.3162109375
4.32578125
4.42387695313
4.22529296875
4.2205078125
4.17504882812
4.115234375
4.21572265625
4.11044921875
4.07934570312
4.076953125
4.07934570312
4.01713867188
4.0291015625
4.06977539063
4.0291015625
4.09848632813
4.153515625
3.9142578125
4.18940429688
4.61767578125
4.55546875
4.51479492188
4.574609375
4.58657226563
4.63442382813
4.63681640625
5.033984375
5.06508789063
5.10576171875
5.18471679688
5.23974609375
5.2732421875
5.39765625
5.48618164063
5.51967773438
5.55795898438
5.5125
5.665625
5.84985351562
5.81875
5.8857421875
6.2302734375
6.27333984375
6.06997070313
6.16328125
6.1728515625
6.24223632813
6.40493164063
6.23505859375
6.23505859375
6.220703125
6.18002929688
6.144140625
6.0771484375
6.067578125
6.06997070313
6.10346679688
6.13217773438
6.25659179688
6.06040039063
6.11064453125
6.11064453125
6.1154296875
6.08911132812
6.07475585938
6.0197265625
5.94794921875
5.952734375
5.914453125
5.91684570313
5.88334960938
5.8857421875
5.89291992188
5.90727539063
5.79482421875
5.78764648438
5.8091796875
5.76372070313
5.7708984375
5.80678710938
5.63452148438
5.63930664063
