-0.471337890625
-0.46416015625
-0.538330078125
-0.270361328125
-0.308642578125
-0.287109375
-0.1244140625
0.145947265625
0.11484375
0.23447265625
0.593359375
0.69384765625
0.784765625
0.78955078125
1.00249023438
1.12451171875
1.10537109375
1.13647460938
1.20825195312
1.22260742188
1.14125976563
0.954638671875
0.6603515625
0.705810546875
0.7177734375
0.38759765625
0.887646484375
1.15083007813
0.69384765625
0.5263671875
0.4880859375
-0.031103515625
0.232080078125
0.189013671875
0.18662109375
0.227294921875
0.136376953125
-0.10048828125
0.04306640625
0.15791015625
0.0861328125
-0.09091796875
-0.031103515625
-0.184228515625
-0.25361328125
-0.318212890625
-0.389990234375
-0.308642578125
-0.555078125
-0.595751953125
-0.480908203125
-0.696240234375
-0.739306640625
-0.72255859375
-0.734521484375
-0.823046875
-0.8326171875
-0.667529296875
-0.86611328125
-0.614892578125
-0.480908203125
-0.322998046875
-0.227294921875
-0.14833984375
-0.064599609375
-0.021533203125
-0.026318359375
0.112451171875
0.112451171875
0.059814453125
0.13876953125
0.16748046875
0.2296875
0.198583984375
0.19619140625
0.2296875
0.227294921875
0.208154296875
0.279931640625
0.20576171875
0.222509765625
0.198583984375
0.227294921875
0.059814453125
0.069384765625
0.026318359375
0.0478515625
-0.0095703125
-0.064599609375
-0.10048828125
-0.06220703125
-0.069384765625
-0.0765625
-0.007177734375
-0.136376953125
-0.1626953125
-0.20576171875
-0.150732421875
-0.20576171875
-0.145947265625
-0.160302734375
-0.203369140625
-0.232080078125
-0.246435546875
-0.227294921875
-0.275146484375
-0.232080078125
-0.256005859375
-0.27275390625
-0.308642578125
-0.3541015625
-0.3732421875
-0.389990234375
-0.413916015625
-0.4115234375
-0.35888671875
-0.404345703125
-0.399560546875
-0.44501953125
-0.45458984375
-0.471337890625
-0.452197265625
-0.504833984375
-0.485693359375
-0.519189453125
-0.509619140625
-0.490478515625
-0.48330078125
-0.34453125
-0.423486328125
-0.44501953125
-0.260791015625
-0.210546875
-0.16748046875
-0.11484375
-0.059814453125
-0.13876953125
0.0669921875
0.126806640625
0.20576171875
0.2009765625
0.42587890625
0.313427734375
0.57421875
0.543115234375
0.6029296875
0.643603515625
0.720166015625
0.701025390625
0.768017578125
0.825439453125
0.906787109375
0.88525390625
0.916357421875
0.768017578125
0.94267578125
0.949853515625
0.954638671875
0.921142578125
0.940283203125
1.00009765625
0.93310546875
0.911572265625
0.868505859375
0.930712890625
0.8708984375
0.823046875
0.6412109375
0.763232421875
0.68427734375
0.667529296875
0.6220703125
0.619677734375
0.5455078125
0.5263671875
0.490478515625
0.4689453125
0.385205078125
0.370849609375
0.2966796875
0.313427734375
0.248828125
0.2296875
0.189013671875
0.184228515625
0.112451171875
0.141162109375
0.117236328125
0.083740234375
0.064599609375
0.141162109375
0.11962890625
0.0765625
0.08134765625
0.131591796875
0.107666015625
0.102880859375
0.00478515625
0.131591796875
0.131591796875
0.117236328125
0.126806640625
0.10048828125
0.03349609375
0.064599609375
-0.01435546875
-0.095703125
-0.05263671875
-0.093310546875
-0.1244140625
-0.19140625
-0.184228515625
-0.1818359375
-0.241650390625
-0.19140625
-0.193798828125
-0.160302734375
-0.1818359375
-0.131591796875
-0.095703125
-0.074169921875
-0.057421875
-0.093310546875
-0.040673828125
-0.088525390625
-0.22490234375
-0.0287109375
-0.02392578125
-0.174658203125
-0.0765625
-0.117236328125
-0.30625
-0.299072265625
-0.19619140625
-0.456982421875
-0.547900390625
-0.610107421875
-0.65078125
-0.7177734375
-0.629248046875
-0.925927734375
-0.921142578125
-0.9474609375
-0.988134765625
-0.964208984375
-0.949853515625
-0.882861328125
-0.79912109375
-0.715380859375
-0.701025390625
-0.54072265625
-0.50244140625
-0.442626953125
-0.418701171875
-0.380419921875
-0.478515625
-0.5072265625
-0.509619140625
-0.57900390625
-0.614892578125
-0.657958984375
-0.69384765625
-0.691455078125
-0.71298828125
-0.653173828125
-0.614892578125
-0.65556640625
-0.576611328125
-0.466552734375
-0.456982421875
-0.389990234375
-0.459375
-0.30625
-0.26318359375
-0.279931640625
-0.122021484375
-0.10048828125
-0.102880859375
0.0
0.035888671875
0.0861328125
0.0669921875
0.10048828125
0.1818359375
0.14833984375
0.16748046875
0.133984375
0.165087890625
0.241650390625
0.208154296875
0.2392578125
0.275146484375
0.28232421875
0.351708984375
0.36845703125
0.37802734375
0.4115234375
0.490478515625
0.5646484375
0.54072265625
0.600537109375
0.528759765625
0.5455078125
0.557470703125
0.590966796875
0.567041015625
0.576611328125
0.55986328125
0.56943359375
0.562255859375
0.57421875
0.58857421875
0.595751953125
0.600537109375
0.66513671875
0.696240234375
0.744091796875
0.787158203125
0.82783203125
0.899609375
0.91875
1.0240234375
1.12211914063
1.19389648438
1.22978515625
1.27763671875
1.30874023438
1.36137695313
1.435546875
1.65327148438
1.71787109375
1.79682617188
1.8470703125
1.91884765625
1.95234375
1.93559570313
1.91166992188
1.88774414063
1.89970703125
1.83032226563
1.6939453125
1.74658203125
1.72504882813
1.55517578125
1.49296875
1.435546875
1.36616210938
1.30874023438
1.129296875
1.071875
1.0623046875
0.825439453125
0.6986328125
0.533544921875
0.418701171875
0.356494140625
0.1818359375
0.074169921875
0.07177734375
-0.03828125
-0.0861328125
-0.14833984375
-0.03828125
-0.20576171875
-0.27275390625
-0.27275390625
-0.294287109375
-0.308642578125
-0.303857421875
-0.318212890625
-0.27275390625
-0.325390625
-0.337353515625
-0.34931640625
-0.38759765625
-0.399560546875
-0.4306640625
-0.440234375
-0.423486328125
-0.4306640625
-0.42109375
-0.47373046875
-0.32060546875
-0.447412109375
-0.471337890625
-0.423486328125
-0.399560546875
-0.389990234375
-0.366064453125
-0.3923828125
-0.361279296875
-0.370849609375
-0.375634765625
-0.35888671875
-0.41630859375
-0.38759765625
-0.385205078125
-0.3349609375
-0.35888671875
-0.3158203125
-0.325390625
-0.380419921875
-0.363671875
-0.380419921875
-0.366064453125
-0.375634765625
-0.370849609375
-0.370849609375
-0.380419921875
-0.337353515625
-0.36845703125
-0.375634765625
-0.389990234375
-0.389990234375
-0.3732421875
-0.409130859375
-0.49287109375
-0.6125
-0.43544921875
-0.47373046875
-0.49287109375
-0.47373046875
-0.478515625
-0.5359375
-0.5072265625
-0.5072265625
-0.516796875
-0.49765625
-0.55029296875
-0.500048828125
-0.504833984375
-0.37802734375
-0.37802734375
-0.447412109375
-0.2966796875
-0.23447265625
-0.16748046875
-0.284716796875
-0.13876953125
-0.11484375
-0.064599609375
-0.02392578125
-0.055029296875
0.002392578125
-0.02392578125
-0.016748046875
0.0095703125
0.007177734375
0.04306640625
0.064599609375
0.093310546875
0.035888671875
0.24404296875
0.313427734375
0.36845703125
0.428271484375
0.516796875
0.5455078125
0.605322265625
0.6412109375
0.67470703125
0.71298828125
0.724951171875
0.75126953125
0.77041015625
0.65078125
0.77998046875
0.76083984375
0.7369140625
0.744091796875
0.69384765625
0.63642578125
0.638818359375
0.57421875
0.523974609375
0.44501953125
0.356494140625
0.26318359375
0.19140625
0.03349609375
0.0
-0.122021484375
-0.217724609375
-0.325390625
-0.389990234375
-0.332568359375
-0.44501953125
-0.485693359375
-0.5263671875
-0.5359375
-0.59814453125
-0.4306640625
-0.3732421875
-0.437841796875
-0.241650390625
-0.15791015625
-0.019140625
0.011962890625
0.040673828125
0.040673828125
-0.07177734375
-0.22490234375
-0.102880859375
-0.14833984375
-0.12919921875
-0.126806640625
0.00478515625
0.05263671875
0.03828125
0.08134765625
0.136376953125
-0.0861328125
-0.193798828125
-0.34453125
-0.595751953125
-0.361279296875
-0.619677734375
-0.5646484375
-0.600537109375
-0.595751953125
-0.33017578125
-0.322998046875
-0.332568359375
-0.34453125
-0.366064453125
-0.581396484375
-0.681884765625
-0.744091796875
-0.9953125
-1.14604492188
-1.31352539063
-1.42836914063
-1.42836914063
-1.41401367188
-1.34223632813
-1.17236328125
-0.964208984375
-0.830224609375
-0.72255859375
-0.648388671875
-0.538330078125
-0.2966796875
-0.227294921875
-0.1052734375
-0.098095703125
-0.0669921875
-0.150732421875
-0.122021484375
0.0478515625
0.057421875
0.095703125
0.107666015625
0.18662109375
0.16748046875
0.169873046875
0.236865234375
0.210546875
0.222509765625
0.210546875
0.227294921875
0.19140625
0.287109375
0.126806640625
0.112451171875
0.095703125
0.035888671875
0.002392578125
-0.01435546875
-0.088525390625
-0.10048828125
-0.06220703125
-0.19140625
-0.203369140625
-0.2775390625
-0.299072265625
-0.275146484375
-0.2296875
-0.248828125
-0.284716796875
-0.325390625
-0.318212890625
-0.346923828125
-0.299072265625
-0.399560546875
-0.48330078125
-0.4498046875
-0.346923828125
-0.552685546875
-0.4306640625
-0.36845703125
-0.38759765625
-0.53115234375
-0.552685546875
-0.509619140625
-0.523974609375
-0.590966796875
-0.567041015625
-0.629248046875
-0.557470703125
-0.55986328125
-0.59814453125
-0.557470703125
-0.51201171875
-0.586181640625
-0.43544921875
-0.37802734375
-0.318212890625
-0.2296875
-0.198583984375
-0.08134765625
-0.133984375
0.035888671875
0.095703125
0.217724609375
0.287109375
0.401953125
0.4498046875
0.48330078125
0.581396484375
0.648388671875
0.715380859375
0.777587890625
0.9091796875
0.825439453125
1.00966796875
1.0814453125
1.12690429688
1.19150390625
1.24653320313
1.225
1.27763671875
1.33984375
1.33505859375
1.32309570313
1.31352539063
1.29677734375
1.24892578125
1.21782226563
1.19150390625
1.14125976563
1.0814453125
1.03598632813
0.964208984375
0.86611328125
0.80869140625
0.80390625
0.744091796875
0.696240234375
0.6890625
0.61728515625
0.593359375
0.543115234375
0.490478515625
0.440234375
0.428271484375
0.318212890625
0.35888671875
0.303857421875
0.2201171875
0.208154296875
0.208154296875
0.165087890625
0.088525390625
0.059814453125
0.021533203125
-0.14833984375
-0.016748046875
-0.0287109375
-0.102880859375
-0.150732421875
-0.198583984375
-0.184228515625
-0.222509765625
-0.251220703125
-0.275146484375
-0.3541015625
-0.39716796875
-0.442626953125
-0.47373046875
-0.49765625
-0.555078125
-0.538330078125
-0.65078125
-0.672314453125
-0.720166015625
-0.64599609375
-0.83740234375
-0.902001953125
-0.88525390625
-0.9666015625
-0.95703125
-1.01684570312
-1.091015625
-1.10297851563
-1.08623046875
-1.11015625
-1.18432617188
-1.20107421875
-1.18193359375
-1.1484375
