2.77299804688
2.77299804688
2.72993164063
2.73471679688
2.7466796875
2.77299804688
2.78017578125
2.82084960938
2.8041015625
2.79453125
2.79692382813
2.82084960938
2.77299804688
2.78256835938
2.89501953125
2.77778320313
2.813671875
2.70600585938
2.72993164063
2.6701171875
2.64858398438
2.62944335938
2.75146484375
2.56962890625
2.55048828125
2.49545898438
2.46674804688
2.57202148438
2.3830078125
2.33994140625
2.29448242188
2.22509765625
2.24423828125
2.25859375
2.23466796875
2.277734375
2.296875
2.14853515625
2.31840820313
2.30883789062
2.4021484375
2.35668945312
2.41889648438
2.48828125
2.507421875
2.54331054688
2.53852539063
2.46674804688
2.64619140625
2.64619140625
2.70122070313
2.68686523438
2.698828125
2.75146484375
2.79692382813
2.7849609375
2.79692382813
2.77060546875
2.82563476563
2.86391601563
3.04096679688
2.97397460938
3.10317382813
2.64140625
2.79213867188
3.1486328125
3.1486328125
3.17495117188
3.119921875
3.08881835938
3.06967773438
3.07924804688
3.14384765625
3.15581054688
3.196484375
3.15341796875
3.17255859375
3.19887695313
3.22280273438
3.22041015625
3.25151367188
3.2634765625
3.31850585938
3.3400390625
3.37592773438
3.40224609375
3.3974609375
3.3974609375
3.51708984375
3.40463867188
3.46923828125
3.464453125
3.48120117188
3.47641601563
3.47880859375
3.50034179688
3.47880859375
3.48598632813
3.49077148438
3.5123046875
3.55776367188
3.57690429688
3.60083007813
3.52666015625
3.4931640625
3.49077148438
3.49794921875
3.56015625
3.63432617188
3.58647460938
3.61040039063
3.5697265625
3.58168945313
3.617578125
3.64389648438
3.63193359375
3.62236328125
3.62236328125
3.57211914063
3.58408203125
3.56494140625
3.61997070313
3.6080078125
3.60083007813
3.60561523438
3.59604492188
3.58168945313
3.58647460938
3.53383789063
3.502734375
3.50034179688
3.56254882813
3.56254882813
3.54819335938
3.5505859375
3.5123046875
3.50512695313
3.56254882813
3.579296875
3.55297851563
3.61040039063
3.66303710938
3.71328125
3.77548828125
3.82333984375
3.89272460938
3.9525390625
4.0291015625
4.15830078125
4.21333007813
4.230078125
4.344921875
4.37602539063
4.31142578125
4.51000976562
4.52436523438
4.65834960938
4.71577148438
4.75883789063
4.8234375
4.90239257813
4.93828125
4.97895507813
5.033984375
5.1009765625
5.19907226563
5.16079101563
5.26606445313
5.2732421875
5.28759765625
5.35219726563
5.32109375
5.3498046875
5.416796875
5.3880859375
5.37612304688
5.38090820313
5.3498046875
5.3306640625
5.301953125
5.29477539063
5.263671875
5.30673828125
5.28999023438
5.28041992188
5.3498046875
5.15361328125
5.13686523438
5.08901367188
5.05791015625
5.01005859375
4.94306640625
4.87607421875
4.88564453125
4.7947265625
4.71577148438
4.6798828125
4.65356445312
4.574609375
4.54829101563
4.51000976562
4.44780273438
4.2970703125
4.31381835938
4.15590820313
4.01953125
3.97646484375
3.94057617188
3.85205078125
3.7611328125
3.56015625
3.50751953125
3.3783203125
3.30415039063
3.3017578125
3.24912109375
2.98833007813
3.02900390625
2.88305664062
2.60551757813
2.48828125
2.3064453125
2.41650390625
2.1150390625
1.94038085938
1.90927734375
1.78725585938
1.665234375
1.51450195313
1.27763671875
1.14125976563
0.849365234375
0.53115234375
0.4115234375
0.3923828125
0.03349609375
-0.01435546875
-0.34931640625
-0.490478515625
-0.77998046875
-0.79912109375
-1.0623046875
-1.05034179688
-1.14604492188
-1.2345703125
-1.44990234375
-1.49057617188
-1.64848632813
-1.7130859375
-1.78486328125
-1.8087890625
-1.44272460938
-1.77529296875
-3.02182617188
-2.53852539063
-2.31362304688
-2.39497070313
-2.15810546875
-2.11025390625
-2.04326171875
-1.79921875
-1.39965820312
-1.67958984375
-1.98823242188
-1.80161132813
-1.78247070313
-1.55278320313
-1.43076171875
-1.42836914063
-1.5216796875
-1.320703125
-1.22978515625
-1.44990234375
-1.41162109375
-1.2728515625
-1.80639648438
-1.22739257813
-1.27045898438
-1.65805664063
-1.61259765625
-1.60063476563
-1.61020507813
-1.61977539063
-1.55517578125
-1.77768554688
-1.79682617188
-1.68916015625
-1.86142578125
-1.91884765625
-1.95473632813
-1.94995117188
-2.11982421875
-2.01694335938
-2.0384765625
-2.06958007812
-2.07915039063
-2.05283203125
-2.08154296875
-2.10307617188
-2.15092773438
-2.00258789063
-2.1916015625
-2.201171875
-2.18442382813
-2.15810546875
-2.14135742188
-2.07436523438
-2.0767578125
-2.09350585938
-2.05283203125
-2.01215820313
-1.98344726563
-1.9810546875
-2.00258789063
-1.856640625
-2.01215820313
-1.9810546875
-2.02651367188
-1.99301757813
-2.00258789063
-1.9619140625
-1.990625
-1.92124023438
-1.90927734375
-1.92124023438
-1.86860351563
-1.86142578125
-1.84228515625
-1.77290039063
-1.72744140625
-1.57431640625
-1.56474609375
-1.49057617188
-1.39965820312
-1.3494140625
-1.25131835938
-1.1580078125
-1.2154296875
-0.997705078125
-0.925927734375
-0.861328125
-0.82783203125
-0.8900390625
-0.6794921875
-0.6125
-0.55986328125
-0.523974609375
-0.459375
-0.327783203125
-0.34931640625
-0.26796875
-0.24404296875
-0.21533203125
-0.160302734375
-0.184228515625
-0.122021484375
-0.05263671875
-0.00478515625
0.0
0.074169921875
0.11005859375
0.18662109375
0.222509765625
0.270361328125
0.337353515625
0.3732421875
0.3923828125
0.423486328125
0.4115234375
0.471337890625
0.595751953125
0.45458984375
0.459375
0.423486328125
0.418701171875
0.495263671875
0.490478515625
0.5263671875
0.500048828125
0.437841796875
0.4498046875
0.49287109375
0.375634765625
0.284716796875
0.3158203125
0.248828125
0.2009765625
0.19140625
0.15791015625
0.141162109375
0.155517578125
0.30146484375
0.0861328125
0.016748046875
0.040673828125
-0.019140625
-0.03349609375
-0.107666015625
-0.15791015625
-0.208154296875
-0.299072265625
-0.299072265625
-0.16748046875
-0.33017578125
-0.35888671875
-0.35888671875
-0.39716796875
-0.440234375
-0.461767578125
-0.440234375
-0.322998046875
-0.459375
-0.2775390625
-0.22490234375
-0.165087890625
-0.11484375
-0.07177734375
-0.117236328125
0.078955078125
0.011962890625
0.078955078125
0.04306640625
0.102880859375
0.00478515625
-0.1244140625
-0.019140625
-0.08134765625
-0.179443359375
-0.370849609375
-0.50244140625
-0.59814453125
-0.746484375
-0.80869140625
-0.91396484375
-0.988134765625
-1.1388671875
-1.35659179688
-1.07426757813
-1.28481445313
-1.32788085938
-1.36616210938
-1.40205078125
-1.43315429688
-1.50493164063
-1.51450195313
-1.5791015625
-1.73701171875
-1.79443359375
-1.83989257813
-1.87817382813
-1.8662109375
-1.9044921875
-1.96669921875
-1.8279296875
-1.83271484375
-1.79682617188
-1.75375976563
-1.79443359375
-1.83510742188
-1.57670898438
-1.55278320313
-1.4546875
-1.512109375
-1.27524414063
-1.10776367188
-0.93310546875
-1.09580078125
-1.06948242188
-0.89482421875
-0.897216796875
-0.830224609375
-0.820654296875
-0.753662109375
-0.7369140625
-0.691455078125
-0.7560546875
-0.686669921875
-0.6412109375
-0.58857421875
-0.46416015625
-0.3349609375
-0.2392578125
-0.169873046875
-0.026318359375
0.045458984375
0.112451171875
0.165087890625
0.23447265625
0.366064453125
0.22490234375
0.480908203125
0.528759765625
0.593359375
0.590966796875
0.6603515625
0.66513671875
0.667529296875
0.657958984375
0.7560546875
0.538330078125
0.58857421875
0.313427734375
0.193798828125
0.064599609375
-0.026318359375
-0.133984375
-0.16748046875
-0.208154296875
-0.265576171875
-0.2583984375
-0.29189453125
-0.256005859375
-0.456982421875
-0.22490234375
-0.222509765625
-0.13876953125
-0.031103515625
0.04306640625
0.095703125
0.122021484375
0.0765625
0.08134765625
0.09091796875
0.0
-0.057421875
-0.016748046875
0.04306640625
-0.0861328125
-0.01435546875
-0.069384765625
-0.078955078125
-0.212939453125
0.107666015625
-0.095703125
-0.098095703125
-0.174658203125
-0.160302734375
-0.270361328125
-0.074169921875
0.03828125
0.031103515625
0.031103515625
0.409130859375
0.342138671875
0.404345703125
0.40673828125
0.3923828125
0.42587890625
0.48330078125
0.44501953125
0.504833984375
0.68427734375
0.624462890625
0.892431640625
0.73212890625
1.052734375
0.677099609375
0.823046875
0.724951171875
0.76083984375
0.653173828125
0.90439453125
0.861328125
0.63642578125
0.4880859375
0.552685546875
0.610107421875
0.428271484375
0.222509765625
0.19140625
0.246435546875
0.19140625
0.189013671875
0.12919921875
0.035888671875
-0.069384765625
-0.09091796875
-0.184228515625
-0.217724609375
-0.241650390625
-0.251220703125
-0.25361328125
-0.260791015625
-0.212939453125
-0.227294921875
-0.212939453125
-0.212939453125
-0.179443359375
-0.122021484375
-0.1818359375
-0.153125
-0.136376953125
-0.083740234375
-0.0861328125
-0.1052734375
-0.074169921875
-0.0765625
-0.03828125
0.00478515625
0.05263671875
0.01435546875
0.050244140625
0.07177734375
0.078955078125
0.074169921875
0.045458984375
0.06220703125
0.0765625
0.098095703125
0.11962890625
0.179443359375
0.1818359375
0.19140625
0.27275390625
0.265576171875
0.179443359375
0.20576171875
0.184228515625
0.1626953125
0.153125
0.26796875
0.09091796875
0.1052734375
0.10048828125
0.035888671875
0.074169921875
0.03828125
0.06220703125
0.07177734375
0.019140625
0.11484375
0.007177734375
0.0765625
0.117236328125
0.1052734375
0.1052734375
0.05263671875
0.074169921875
0.0478515625
0.093310546875
0.095703125
0.10048828125
0.088525390625
0.0765625
0.06220703125
0.078955078125
0.0669921875
-0.095703125
-0.126806640625
-0.16748046875
-0.208154296875
-0.28232421875
-0.37802734375
-0.428271484375
-0.52158203125
-0.610107421875
-0.691455078125
-0.648388671875
-0.863720703125
-0.9666015625
-1.1962890625
-1.12690429688
-0.806298828125
-0.91396484375
-0.8134765625
-0.69384765625
-0.34453125
-0.133984375
0.19140625
0.533544921875
0.729736328125
0.854150390625
1.23935546875
1.16040039062
1.20107421875
1.0240234375
1.22260742188
1.00249023438
1.0240234375
1.17475585938
1.18671875
1.32548828125
1.4451171875
1.76811523438
1.69873046875
1.80639648438
1.83271484375
1.84946289063
1.83989257813
1.95234375
1.8375
1.8470703125
1.91884765625
1.93798828125
1.92841796875
2.04086914063
2.01694335938
1.9427734375
1.95712890625
1.90688476563
