-0.09091796875
-0.10048828125
-0.133984375
-0.153125
-0.126806640625
-0.0669921875
-0.11962890625
-0.0861328125
-0.11005859375
-0.07177734375
-0.083740234375
-0.057421875
-0.12919921875
-0.088525390625
-0.069384765625
-0.0669921875
-0.035888671875
-0.133984375
-0.016748046875
-0.050244140625
-0.031103515625
-0.083740234375
-0.098095703125
-0.11005859375
-0.088525390625
-0.126806640625
-0.098095703125
-0.095703125
-0.1244140625
-0.11484375
-0.03349609375
-0.133984375
-0.031103515625
-0.122021484375
-0.13876953125
-0.0861328125
-0.035888671875
0.0
0.01435546875
0.019140625
0.040673828125
0.05263671875
0.02392578125
0.08134765625
0.055029296875
0.0478515625
0.02392578125
-0.01435546875
-0.03828125
-0.02392578125
-0.09091796875
-0.12919921875
-0.12919921875
-0.184228515625
-0.22490234375
-0.279931640625
-0.16748046875
-0.389990234375
-0.4115234375
-0.437841796875
-0.49765625
-0.555078125
-0.643603515625
-0.710595703125
-0.734521484375
-0.8134765625
-0.873291015625
-0.844580078125
-0.949853515625
-1.0048828125
-1.00727539063
-1.00249023438
-1.01684570312
-1.03837890625
-1.06708984375
-1.09340820313
-1.15083007813
-1.18671875
-1.18193359375
-1.19150390625
-1.24653320313
-1.25131835938
-1.225
-1.225
-1.25610351562
-1.282421875
-1.28002929688
-1.30634765625
-1.358984375
-1.37094726563
-1.34223632813
-1.30395507812
-1.31591796875
-1.33745117188
-1.28002929688
-1.26806640625
-1.25610351562
-1.24174804688
-1.24174804688
-1.20825195312
-1.20107421875
-1.18671875
-1.205859375
-1.16997070313
-1.19868164063
-1.13408203125
-1.11494140625
-1.14125976563
-1.11494140625
-1.071875
-1.091015625
-1.052734375
-0.93310546875
-1.09580078125
-1.19868164063
-0.997705078125
-1.00966796875
-1.0240234375
-0.976171875
-0.9953125
-1.00966796875
-0.96181640625
-0.968994140625
-0.935498046875
-0.91875
-0.940283203125
-0.86611328125
-0.8708984375
-0.861328125
-0.87568359375
-0.858935546875
-0.80390625
-0.77998046875
-0.76083984375
-0.777587890625
-0.892431640625
-0.73212890625
-0.724951171875
-0.64599609375
-0.629248046875
-0.758447265625
-0.562255859375
-0.55986328125
-0.509619140625
-0.516796875
-0.5359375
-0.533544921875
-0.5263671875
-0.533544921875
-0.5646484375
-0.58857421875
-0.5837890625
-0.6125
-0.653173828125
-0.720166015625
-0.753662109375
-0.746484375
-0.80390625
-0.854150390625
-0.892431640625
-0.9091796875
-0.930712890625
-0.9474609375
-0.988134765625
-1.00249023438
-1.014453125
-0.921142578125
-1.08383789063
-1.071875
-1.05512695313
-1.0623046875
-1.02880859375
-1.01206054688
-0.983349609375
-0.978564453125
-0.973779296875
-0.916357421875
-0.93310546875
-0.902001953125
-0.8900390625
-0.8134765625
-0.815869140625
-0.79912109375
-0.768017578125
-0.753662109375
-0.71298828125
-0.72255859375
-0.729736328125
-0.715380859375
-0.708203125
-0.65556640625
-0.648388671875
-0.66513671875
-0.6220703125
-0.631640625
-0.605322265625
-0.567041015625
-0.519189453125
-0.519189453125
-0.471337890625
-0.456982421875
-0.46416015625
-0.478515625
-0.4689453125
-0.418701171875
-0.385205078125
-0.361279296875
-0.401953125
-0.346923828125
-0.30625
-0.299072265625
-0.44501953125
-0.256005859375
-0.265576171875
-0.24404296875
-0.236865234375
-0.19619140625
-0.14833984375
-0.035888671875
0.019140625
0.05263671875
0.083740234375
0.102880859375
0.2296875
0.210546875
0.193798828125
0.394775390625
0.456982421875
0.514404296875
0.5263671875
0.586181640625
0.631640625
0.662744140625
0.6794921875
0.681884765625
0.763232421875
0.77041015625
0.784765625
0.84697265625
0.787158203125
0.959423828125
0.978564453125
0.96181640625
0.9474609375
0.968994140625
0.906787109375
0.765625
0.911572265625
0.878076171875
0.830224609375
0.8134765625
0.899609375
0.724951171875
0.720166015625
0.662744140625
0.64599609375
0.595751953125
0.586181640625
0.516796875
0.490478515625
0.490478515625
0.447412109375
0.413916015625
0.3158203125
0.275146484375
0.251220703125
0.21533203125
0.19140625
0.1435546875
0.126806640625
0.08134765625
0.055029296875
0.03349609375
0.04306640625
0.021533203125
0.057421875
-0.016748046875
0.0478515625
0.011962890625
0.00478515625
0.03828125
0.04306640625
0.10048828125
0.095703125
0.14833984375
0.203369140625
0.212939453125
0.270361328125
0.287109375
0.385205078125
0.42109375
0.327783203125
0.52158203125
0.461767578125
0.662744140625
0.729736328125
0.768017578125
0.8900390625
0.925927734375
1.00727539063
0.997705078125
1.04555664063
1.0431640625
1.052734375
1.052734375
1.04555664063
1.07666015625
1.05751953125
1.04077148438
1.04794921875
1.03837890625
1.01684570312
1.00727539063
0.921142578125
0.830224609375
0.77041015625
0.710595703125
0.7177734375
0.66513671875
0.590966796875
0.442626953125
0.370849609375
0.440234375
0.21533203125
0.136376953125
0.08134765625
-0.03349609375
-0.117236328125
-0.14833984375
-0.222509765625
-0.27275390625
-0.363671875
-0.4498046875
-0.471337890625
-0.528759765625
-0.46416015625
-0.708203125
-0.74169921875
-0.7560546875
-0.806298828125
-0.92353515625
-0.997705078125
-1.05034179688
-1.03359375
-1.0814453125
-1.0240234375
-1.03359375
-1.10776367188
-0.9857421875
-0.940283203125
-0.9283203125
-0.973779296875
-0.9953125
-0.863720703125
-0.897216796875
-0.777587890625
-1.30634765625
-0.701025390625
-0.593359375
-0.669921875
-0.729736328125
-0.619677734375
-0.490478515625
-0.52158203125
-0.466552734375
-0.418701171875
-0.38759765625
-0.366064453125
-0.332568359375
-0.325390625
-0.327783203125
-0.3158203125
-0.27275390625
-0.21533203125
-0.236865234375
-0.2392578125
-0.18662109375
-0.29189453125
-0.11962890625
-0.10048828125
-0.0478515625
-0.019140625
0.011962890625
0.03349609375
0.064599609375
0.117236328125
0.14833984375
0.189013671875
0.189013671875
0.2009765625
0.2201171875
0.21533203125
0.265576171875
0.2009765625
0.342138671875
0.40673828125
0.495263671875
0.543115234375
0.638818359375
0.64599609375
0.65078125
0.69384765625
0.72734375
0.72734375
0.68427734375
0.6412109375
0.595751953125
0.547900390625
0.514404296875
0.4498046875
0.394775390625
0.332568359375
0.4115234375
0.241650390625
0.217724609375
0.193798828125
0.1244140625
0.126806640625
0.0095703125
0.16748046875
0.112451171875
0.1626953125
0.131591796875
0.11484375
0.107666015625
0.078955078125
0.131591796875
0.0669921875
0.0861328125
0.095703125
0.11005859375
0.09091796875
0.1244140625
0.09091796875
0.095703125
0.141162109375
0.1626953125
0.174658203125
0.179443359375
0.2296875
0.265576171875
0.265576171875
0.30625
0.279931640625
0.26796875
0.361279296875
0.3923828125
0.418701171875
0.401953125
0.461767578125
0.452197265625
0.471337890625
0.466552734375
0.610107421875
0.605322265625
0.5455078125
0.485693359375
0.428271484375
0.361279296875
0.34453125
0.2296875
0.179443359375
0.059814453125
0.112451171875
-0.23447265625
-0.480908203125
-0.471337890625
-0.854150390625
-0.937890625
-1.091015625
-1.47622070313
-1.58388671875
-1.56474609375
-1.52407226563
-1.4546875
-1.30634765625
-1.43793945313
-1.08623046875
-0.973779296875
-1.2919921875
-1.36376953125
-1.24892578125
-1.37094726563
-1.40444335938
-1.3111328125
-1.13647460938
-0.99052734375
-0.892431640625
-0.708203125
-0.447412109375
-0.00478515625
0.169873046875
0.4498046875
0.6412109375
0.7560546875
0.83740234375
0.97138671875
1.08623046875
0.937890625
1.20825195312
1.16518554688
1.071875
1.00009765625
0.78955078125
0.729736328125
0.4498046875
0.21533203125
0.05263671875
-0.045458984375
-0.236865234375
-0.394775390625
-0.543115234375
-0.56943359375
-0.590966796875
-0.724951171875
-0.696240234375
-0.61728515625
-0.67470703125
-0.710595703125
-0.72255859375
-0.768017578125
-0.724951171875
-0.74169921875
-0.753662109375
-0.516796875
-0.404345703125
-0.3541015625
-0.30146484375
-0.25361328125
-0.2583984375
-0.279931640625
-0.380419921875
-0.437841796875
-0.514404296875
-0.500048828125
-0.5837890625
-0.619677734375
-0.68427734375
-0.729736328125
-0.77998046875
-0.844580078125
-0.88525390625
-0.782373046875
-0.9474609375
-0.949853515625
-0.940283203125
-0.976171875
-1.06469726562
-1.0240234375
-0.82783203125
-0.796728515625
-0.75126953125
-0.619677734375
-0.55986328125
-0.4306640625
-0.380419921875
-0.30625
-0.2201171875
-0.095703125
-0.14833984375
0.045458984375
0.13876953125
0.246435546875
0.2201171875
0.34453125
0.43544921875
0.514404296875
0.504833984375
0.631640625
0.657958984375
0.66513671875
0.57900390625
0.6220703125
0.5837890625
0.519189453125
0.466552734375
0.318212890625
0.404345703125
0.375634765625
0.399560546875
0.346923828125
0.442626953125
0.15791015625
0.179443359375
0.1052734375
-0.057421875
-0.13876953125
-0.217724609375
-0.303857421875
-0.179443359375
-0.2775390625
-0.23447265625
-0.289501953125
-0.251220703125
-0.21533203125
-0.189013671875
-0.150732421875
-0.141162109375
-0.095703125
-0.12919921875
-0.102880859375
-0.09091796875
-0.031103515625
0.00478515625
-0.03349609375
-0.05263671875
-0.095703125
-0.1244140625
-0.10048828125
-0.040673828125
-0.2201171875
-0.174658203125
-0.45458984375
0.09091796875
-0.016748046875
-0.208154296875
-0.32060546875
-0.193798828125
0.294287109375
-0.122021484375
-0.17705078125
-0.289501953125
-0.10048828125
-0.153125
-0.153125
-0.1244140625
-0.064599609375
-0.083740234375
-0.098095703125
-0.1052734375
-0.093310546875
-0.102880859375
-0.12919921875
-0.055029296875
-0.126806640625
-0.088525390625
-0.074169921875
-0.074169921875
-0.011962890625
-0.09091796875
-0.0287109375
-0.016748046875
-0.02392578125
0.00478515625
-0.02392578125
-0.0861328125
-0.27275390625
-0.3923828125
-0.46416015625
-1.0431640625
-1.13647460938
-1.13408203125
-1.04555664063
-1.01923828125
-0.916357421875
-0.6986328125
-0.595751953125
-0.22490234375
-0.059814453125
0.0287109375
0.021533203125
0.260791015625
0.26796875
0.380419921875
0.399560546875
0.370849609375
0.452197265625
0.442626953125
0.523974609375
0.538330078125
0.576611328125
0.476123046875
0.902001953125
0.73212890625
1.05034179688
0.954638671875
0.911572265625
0.600537109375
0.5359375
0.504833984375
0.308642578125
0.179443359375
0.03828125
-0.117236328125
-0.198583984375
-0.24404296875
-0.3828125
-0.160302734375
-0.404345703125
-0.385205078125
-0.42587890625
-0.332568359375
-0.294287109375
-0.270361328125
-0.01435546875
-0.026318359375
0.050244140625
0.093310546875
0.275146484375
0.34453125
