-0.346923828125
-0.31103515625
-0.284716796875
-0.294287109375
-0.294287109375
-0.287109375
-0.308642578125
-0.28232421875
-0.318212890625
-0.456982421875
-0.303857421875
-0.318212890625
-0.29189453125
-0.28232421875
-0.30146484375
-0.26796875
-0.1818359375
-0.327783203125
-0.28232421875
-0.313427734375
-0.33017578125
-0.3349609375
-0.3923828125
-0.366064453125
-0.385205078125
-0.39716796875
-0.375634765625
-0.3732421875
-0.399560546875
-0.418701171875
-0.44501953125
-0.45458984375
-0.478515625
-0.490478515625
-0.50244140625
-0.538330078125
-0.543115234375
-0.5455078125
-0.638818359375
-0.595751953125
-0.638818359375
-0.619677734375
-0.677099609375
-0.638818359375
-0.610107421875
-0.782373046875
-0.825439453125
-0.825439453125
-0.78955078125
-0.7560546875
-0.772802734375
-0.78955078125
-0.7943359375
-0.772802734375
-0.782373046875
-0.787158203125
-0.849365234375
-0.825439453125
-0.823046875
-0.7943359375
-0.77998046875
-0.784765625
-0.80869140625
-0.90439453125
-0.7560546875
-0.801513671875
-0.72734375
-0.715380859375
-0.672314453125
-0.667529296875
-0.65078125
-0.62685546875
-0.56943359375
-0.593359375
-0.586181640625
-0.504833984375
-0.49287109375
-0.452197265625
-0.437841796875
-0.437841796875
-0.42587890625
-0.413916015625
-0.433056640625
-0.595751953125
-0.332568359375
-0.476123046875
-0.4880859375
-0.504833984375
-0.55029296875
-0.557470703125
-0.562255859375
-0.528759765625
-0.523974609375
-0.610107421875
-0.4880859375
-0.447412109375
-0.4306640625
-0.40673828125
-0.318212890625
-0.26318359375
-0.210546875
-0.19140625
-0.1435546875
-0.098095703125
-0.055029296875
-0.050244140625
-0.016748046875
0.05263671875
0.095703125
0.10048828125
0.1244140625
0.11484375
0.131591796875
0.193798828125
0.212939453125
0.2392578125
0.19140625
0.232080078125
0.24404296875
0.2392578125
0.11962890625
0.1435546875
0.27275390625
0.325390625
0.322998046875
0.246435546875
0.236865234375
0.30146484375
0.2966796875
0.327783203125
0.370849609375
0.394775390625
0.404345703125
0.433056640625
0.456982421875
0.51201171875
0.55986328125
0.57900390625
0.509619140625
0.4306640625
0.325390625
0.2392578125
0.1052734375
0.03828125
-0.064599609375
-0.016748046875
-0.21533203125
-0.342138671875
-0.40673828125
-0.452197265625
-0.48330078125
-0.495263671875
-0.49765625
-0.523974609375
-0.6125
-0.4689453125
-0.60771484375
-0.409130859375
-0.33017578125
-0.3541015625
-0.346923828125
-0.356494140625
-0.246435546875
-0.279931640625
-0.366064453125
-0.32060546875
-0.270361328125
-0.232080078125
-0.25361328125
-0.212939453125
-0.102880859375
-0.19619140625
-0.1626953125
-0.083740234375
-0.145947265625
-0.1244140625
-0.16748046875
-0.212939453125
-0.227294921875
-0.19140625
-0.251220703125
-0.303857421875
-0.356494140625
-0.351708984375
-0.4115234375
-0.28232421875
-0.65556640625
-0.440234375
-0.303857421875
-0.514404296875
-0.418701171875
-0.32060546875
-0.287109375
-0.2775390625
-0.210546875
-0.189013671875
-0.184228515625
-0.184228515625
-0.193798828125
-0.22490234375
-0.19619140625
-0.208154296875
-0.2009765625
-0.222509765625
-0.2009765625
-0.2009765625
-0.2296875
-0.2201171875
-0.248828125
-0.21533203125
-0.18662109375
-0.17705078125
-0.19140625
-0.153125
-0.1052734375
-0.102880859375
-0.069384765625
-0.00478515625
-0.04306640625
0.059814453125
0.09091796875
0.045458984375
0.08134765625
0.06220703125
0.06220703125
0.035888671875
0.040673828125
0.016748046875
-0.055029296875
-0.050244140625
-0.01435546875
-0.0861328125
-0.2009765625
-0.002392578125
-0.222509765625
-0.2583984375
-0.29189453125
-0.35888671875
-0.3732421875
-0.389990234375
-0.423486328125
-0.409130859375
-0.418701171875
-0.440234375
-0.4498046875
-0.442626953125
-0.428271484375
-0.394775390625
-0.363671875
-0.327783203125
-0.32060546875
-0.25361328125
-0.20576171875
-0.1626953125
-0.174658203125
-0.11962890625
-0.1435546875
-0.141162109375
-0.083740234375
-0.13876953125
-0.088525390625
-0.153125
-0.131591796875
-0.007177734375
-0.241650390625
-0.29189453125
-0.32060546875
-0.380419921875
-0.447412109375
-0.500048828125
-0.55986328125
-0.593359375
-0.461767578125
-0.631640625
-0.57421875
-0.5837890625
-0.485693359375
-0.62685546875
-0.480908203125
-0.44501953125
-0.361279296875
-0.1626953125
-0.2966796875
-0.265576171875
-0.1818359375
-0.133984375
-0.064599609375
-0.040673828125
0.0669921875
0.078955078125
0.145947265625
0.22490234375
0.287109375
0.44501953125
0.4880859375
0.586181640625
0.691455078125
0.777587890625
0.88525390625
0.937890625
0.9474609375
0.9283203125
0.89482421875
0.80390625
0.653173828125
0.4689453125
0.2966796875
0.098095703125
0.02392578125
-0.112451171875
-0.203369140625
-0.303857421875
-0.37802734375
-0.37802734375
-0.45458984375
-0.533544921875
-0.53115234375
-0.562255859375
-0.57421875
-0.6220703125
-0.69384765625
-0.744091796875
-0.77998046875
-0.815869140625
-0.806298828125
-0.858935546875
-0.849365234375
-0.78955078125
-0.825439453125
-0.629248046875
-0.74169921875
-0.73212890625
-0.746484375
-0.5646484375
-0.631640625
-0.758447265625
-0.619677734375
-0.6603515625
-0.66513671875
-0.6794921875
-0.6603515625
-0.677099609375
-0.662744140625
-0.643603515625
-0.69384765625
-0.71298828125
-0.619677734375
-0.6603515625
-0.705810546875
-0.696240234375
-0.634033203125
-0.62685546875
-0.76083984375
-0.753662109375
-0.49765625
-0.3732421875
-0.284716796875
-0.193798828125
-0.09091796875
0.040673828125
0.1244140625
0.23447265625
0.287109375
0.153125
0.404345703125
0.389990234375
0.184228515625
0.24404296875
0.217724609375
0.093310546875
0.019140625
0.002392578125
0.01435546875
0.227294921875
0.04306640625
-0.131591796875
0.1052734375
0.155517578125
0.2201171875
0.418701171875
0.514404296875
0.6412109375
0.772802734375
0.882861328125
1.01923828125
1.05751953125
0.921142578125
1.22260742188
1.26806640625
1.37573242188
1.32788085938
1.26567382813
1.2154296875
1.13408203125
1.11254882812
1.091015625
1.1388671875
1.13647460938
1.02641601563
1.03120117188
1.26806640625
1.02163085938
0.9953125
1.06948242188
1.03598632813
1.04794921875
1.0048828125
1.0814453125
1.05034179688
1.03837890625
1.05512695313
1.03120117188
1.014453125
0.9857421875
0.96181640625
0.959423828125
0.93310546875
0.92353515625
0.79912109375
0.8900390625
0.87568359375
0.79912109375
0.80869140625
0.6412109375
0.629248046875
0.5455078125
0.466552734375
0.356494140625
0.3158203125
0.284716796875
0.265576171875
0.241650390625
0.172265625
0.150732421875
0.088525390625
0.016748046875
-0.088525390625
-0.174658203125
-0.203369140625
-0.251220703125
-0.35888671875
-0.4498046875
-0.500048828125
-0.476123046875
-0.6890625
-0.729736328125
-0.79912109375
-0.811083984375
-0.79912109375
-0.77041015625
-0.796728515625
-0.753662109375
-0.68427734375
-0.74169921875
-0.600537109375
-0.490478515625
-0.6125
-0.442626953125
-0.39716796875
-0.346923828125
-0.3158203125
-0.2392578125
-0.18662109375
-0.088525390625
-0.01435546875
0.064599609375
0.069384765625
0.098095703125
0.222509765625
0.122021484375
0.203369140625
0.136376953125
0.12919921875
0.107666015625
0.050244140625
0.064599609375
0.026318359375
0.0095703125
0.019140625
0.01435546875
-0.02392578125
0.136376953125
-0.021533203125
-0.021533203125
-0.026318359375
-0.064599609375
-0.059814453125
-0.078955078125
-0.11484375
-0.08134765625
-0.0765625
-0.0765625
-0.016748046875
0.126806640625
0.174658203125
0.25361328125
0.452197265625
0.30625
0.33974609375
0.3732421875
0.394775390625
0.43544921875
0.40673828125
0.433056640625
0.413916015625
0.45458984375
0.4689453125
0.442626953125
0.43544921875
0.3828125
0.19140625
0.026318359375
-0.0765625
-0.270361328125
-0.361279296875
-0.471337890625
-0.6603515625
-0.844580078125
-0.801513671875
-0.9474609375
-0.806298828125
-0.710595703125
-0.51201171875
-0.342138671875
-0.28232421875
-0.026318359375
0.145947265625
0.232080078125
0.2583984375
0.3349609375
0.375634765625
0.39716796875
0.6029296875
0.394775390625
0.227294921875
0.404345703125
0.370849609375
0.34453125
0.45458984375
0.495263671875
0.605322265625
0.32060546875
0.4689453125
0.217724609375
0.610107421875
0.289501953125
0.30146484375
0.308642578125
0.126806640625
0.112451171875
0.059814453125
-0.212939453125
-0.284716796875
-0.34931640625
-0.4306640625
-0.53115234375
-0.610107421875
-0.75126953125
-0.77041015625
-0.835009765625
-0.954638671875
-0.9666015625
-0.96181640625
-0.768017578125
-0.863720703125
-0.8421875
-0.916357421875
-0.768017578125
-0.696240234375
-0.681884765625
-0.765625
-0.4689453125
-0.5072265625
-0.433056640625
-0.363671875
-0.370849609375
-0.31103515625
-0.294287109375
-0.327783203125
-0.28232421875
-0.325390625
-0.351708984375
-0.363671875
-0.33974609375
-0.363671875
-0.35888671875
-0.380419921875
-0.322998046875
-0.5455078125
-0.57421875
-0.461767578125
-0.753662109375
-0.590966796875
-0.590966796875
-0.5646484375
-0.555078125
-0.4880859375
-0.318212890625
-0.399560546875
-0.299072265625
-0.184228515625
-0.33017578125
-0.021533203125
-0.031103515625
0.05263671875
0.136376953125
0.13876953125
0.1244140625
0.145947265625
0.09091796875
0.366064453125
0.318212890625
0.294287109375
0.169873046875
0.327783203125
0.284716796875
0.346923828125
0.337353515625
0.308642578125
0.26796875
0.284716796875
0.30625
0.7560546875
-0.275146484375
0.002392578125
0.078955078125
0.2966796875
-0.011962890625
-0.10048828125
-0.232080078125
-0.16748046875
-0.251220703125
-0.2966796875
-0.4115234375
-0.337353515625
-0.58857421875
-0.6125
-0.69384765625
-0.71298828125
-0.76083984375
-0.81826171875
-0.825439453125
-0.9474609375
-1.04555664063
-1.13647460938
-1.20825195312
-1.282421875
-1.36376953125
-1.4068359375
-1.43076171875
-1.40444335938
-1.42358398438
-1.35659179688
-1.37573242188
-1.35659179688
-1.22978515625
-1.32309570313
-1.32788085938
-1.3302734375
-1.33745117188
-1.17236328125
-1.24892578125
-1.11015625
-1.10537109375
-1.04077148438
-1.00966796875
-0.99052734375
-0.983349609375
-0.93310546875
-0.899609375
-1.06469726562
-0.911572265625
-1.01684570312
-1.0240234375
-1.13168945313
-1.225
-1.25610351562
-1.20346679688
-1.3302734375
-1.00966796875
-1.12211914063
-1.091015625
-1.10776367188
-1.0623046875
-0.9474609375
-0.784765625
-0.600537109375
-0.514404296875
-0.40673828125
-0.2966796875
-0.17705078125
-0.069384765625
-0.026318359375
0.08134765625
0.117236328125
0.184228515625
0.102880859375
0.423486328125
0.33017578125
0.42587890625
