-0.64599609375
-0.6220703125
-0.4880859375
-0.590966796875
-0.593359375
-0.586181640625
-0.57900390625
-0.5455078125
-0.55029296875
-0.543115234375
-0.5072265625
-0.55986328125
-0.4880859375
-0.418701171875
-0.32060546875
-0.251220703125
-0.24404296875
-0.294287109375
-0.30625
-0.007177734375
0.031103515625
0.074169921875
0.217724609375
0.260791015625
0.318212890625
0.35888671875
0.452197265625
0.5455078125
0.5263671875
0.523974609375
0.4498046875
0.586181640625
0.37802734375
0.409130859375
0.351708984375
0.27275390625
0.236865234375
0.193798828125
0.1244140625
0.11962890625
0.093310546875
0.03828125
0.02392578125
0.069384765625
0.01435546875
-0.040673828125
-0.074169921875
-0.088525390625
-0.14833984375
-0.165087890625
-0.232080078125
-0.356494140625
-0.308642578125
-0.375634765625
-0.49765625
-0.55029296875
-0.495263671875
-0.49765625
-0.552685546875
-0.686669921875
-0.7177734375
-0.7369140625
-0.744091796875
-0.7369140625
-0.74169921875
-0.65078125
-0.8421875
-0.820654296875
-0.858935546875
-0.839794921875
-0.8421875
-0.858935546875
-0.91875
-0.902001953125
-0.976171875
-1.00249023438
-0.97138671875
-1.00009765625
-1.01684570312
-1.0048828125
-0.954638671875
-0.9953125
-0.935498046875
-1.10776367188
-1.09580078125
-1.07666015625
-1.08862304688
-1.09580078125
-1.10537109375
-1.11494140625
-1.1197265625
-1.129296875
-1.09340820313
-1.07426757813
-1.11254882812
-1.08862304688
-1.08623046875
-1.08862304688
-1.05034179688
-1.07666015625
-1.05991210938
-1.03598632813
-1.03837890625
-1.03837890625
-1.01206054688
-1.02641601563
-0.976171875
-0.964208984375
-0.945068359375
-0.954638671875
-0.9953125
-0.95703125
-0.949853515625
-0.94267578125
-0.94267578125
-0.9091796875
-0.940283203125
-1.05991210938
-0.882861328125
-0.892431640625
-0.968994140625
-0.9474609375
-1.04794921875
-0.8708984375
-0.8708984375
-0.88525390625
-0.906787109375
-0.892431640625
-0.925927734375
-0.892431640625
-0.87568359375
-0.830224609375
-0.839794921875
-0.868505859375
-0.861328125
-0.868505859375
-0.839794921875
-0.849365234375
-0.878076171875
-0.863720703125
-0.86611328125
-0.858935546875
-0.86611328125
-0.861328125
-0.8421875
-0.8517578125
-0.8517578125
-0.85654296875
-0.8708984375
-0.899609375
-0.906787109375
-0.899609375
-0.858935546875
-0.89482421875
-0.94267578125
-0.758447265625
-0.815869140625
-0.916357421875
-0.89482421875
-0.79912109375
-0.669921875
-0.6220703125
-0.55986328125
-0.533544921875
-0.4306640625
-0.440234375
-0.375634765625
-0.227294921875
-0.184228515625
-0.236865234375
-0.02392578125
0.045458984375
0.11962890625
0.16748046875
0.2392578125
0.251220703125
0.25361328125
0.24404296875
0.30146484375
0.279931640625
0.251220703125
0.29189453125
0.270361328125
0.24404296875
0.2296875
0.26318359375
0.23447265625
0.179443359375
0.184228515625
0.203369140625
0.193798828125
0.203369140625
0.1435546875
0.11484375
0.06220703125
0.03828125
0.040673828125
-0.002392578125
0.002392578125
0.007177734375
0.016748046875
-0.03828125
-0.05263671875
-0.050244140625
-0.01435546875
0.0
-0.03349609375
-0.01435546875
-0.011962890625
-0.02392578125
0.01435546875
0.016748046875
0.02392578125
0.064599609375
0.088525390625
0.083740234375
0.174658203125
0.150732421875
0.04306640625
0.212939453125
0.251220703125
0.289501953125
0.313427734375
0.361279296875
0.3732421875
0.4115234375
0.461767578125
0.514404296875
0.5359375
0.57421875
0.581396484375
0.57421875
0.610107421875
0.619677734375
0.466552734375
0.64599609375
0.65078125
0.581396484375
0.56943359375
0.54072265625
0.533544921875
0.5072265625
0.4498046875
0.418701171875
0.41630859375
0.413916015625
0.3158203125
0.332568359375
0.389990234375
0.342138671875
0.33974609375
0.356494140625
0.346923828125
0.32060546875
0.26318359375
0.246435546875
0.294287109375
0.28232421875
0.32060546875
0.287109375
0.289501953125
0.3158203125
0.34453125
0.294287109375
0.32060546875
0.346923828125
0.363671875
0.3732421875
0.346923828125
0.3732421875
0.35888671875
0.366064453125
0.418701171875
0.437841796875
0.409130859375
0.409130859375
0.433056640625
0.485693359375
0.51201171875
0.57421875
0.619677734375
0.595751953125
0.729736328125
0.70341796875
0.595751953125
0.662744140625
0.624462890625
0.748876953125
0.74169921875
0.729736328125
0.710595703125
0.74169921875
0.7560546875
0.796728515625
0.80869140625
0.79912109375
0.80390625
0.777587890625
0.83740234375
0.835009765625
0.8517578125
0.823046875
0.863720703125
0.820654296875
0.80869140625
0.839794921875
0.7943359375
0.899609375
0.724951171875
0.662744140625
0.657958984375
0.653173828125
0.629248046875
0.58857421875
0.593359375
0.401953125
0.318212890625
0.256005859375
0.12919921875
0.050244140625
0.031103515625
-0.021533203125
-0.150732421875
-0.217724609375
-0.251220703125
-0.303857421875
-0.3923828125
-0.409130859375
-0.495263671875
-0.504833984375
-0.56943359375
-0.624462890625
-0.657958984375
-0.70341796875
-0.744091796875
-0.784765625
-0.830224609375
-0.815869140625
-0.899609375
-0.906787109375
-0.95703125
-0.973779296875
-1.01684570312
-1.03120117188
-1.04077148438
-0.937890625
-1.091015625
-1.0814453125
-1.09580078125
-1.13408203125
-1.17954101563
-1.1580078125
-1.225
-1.20346679688
-1.20346679688
-1.21782226563
-1.22978515625
-1.225
-1.20346679688
-1.17475585938
-1.14604492188
-1.1388671875
-1.16997070313
-1.13647460938
-1.14125976563
-1.14365234375
-1.09340820313
-1.06948242188
-1.0431640625
-1.00249023438
-0.99052734375
-1.06948242188
-0.89482421875
-0.815869140625
-0.78955078125
-0.78955078125
-0.765625
-0.753662109375
-0.72255859375
-0.746484375
-0.72734375
-0.72734375
-0.734521484375
-0.77998046875
-0.75126953125
-0.6986328125
-0.71298828125
-0.753662109375
-0.729736328125
-0.7560546875
-0.734521484375
-0.71298828125
-0.782373046875
-0.7751953125
-0.796728515625
-0.78955078125
-0.777587890625
-0.748876953125
-0.7751953125
-0.7943359375
-0.76083984375
-0.62685546875
-0.758447265625
-0.74169921875
-0.739306640625
-0.7369140625
-0.753662109375
-0.75126953125
-0.701025390625
-0.701025390625
-0.710595703125
-0.715380859375
-0.72734375
-0.62685546875
-0.80390625
-0.84697265625
-0.8517578125
-0.825439453125
-0.80390625
-0.820654296875
-0.86611328125
-0.854150390625
-0.87568359375
-0.892431640625
-0.91875
-0.830224609375
-0.854150390625
-0.854150390625
-0.8708984375
-0.882861328125
-0.925927734375
-0.906787109375
-0.8708984375
-0.858935546875
-0.861328125
-0.86611328125
-0.8900390625
-0.882861328125
-0.887646484375
-0.844580078125
-0.858935546875
-0.839794921875
-0.830224609375
-0.839794921875
-0.815869140625
-0.811083984375
-0.77998046875
-0.80869140625
-0.787158203125
-0.758447265625
-0.734521484375
-0.696240234375
-0.6794921875
-0.643603515625
-0.624462890625
-0.6412109375
-0.610107421875
-0.581396484375
-0.557470703125
-0.5646484375
-0.4880859375
-0.52158203125
-0.53115234375
-0.519189453125
-0.500048828125
-0.490478515625
-0.466552734375
-0.47373046875
-0.49765625
-0.590966796875
-0.43544921875
-0.452197265625
-0.48330078125
-0.452197265625
-0.452197265625
-0.43544921875
-0.39716796875
-0.394775390625
-0.37802734375
-0.34931640625
-0.38759765625
-0.42109375
-0.4306640625
-0.409130859375
-0.40673828125
-0.4498046875
-0.31103515625
-0.471337890625
-0.476123046875
-0.600537109375
-0.49765625
-0.5263671875
-0.49765625
-0.495263671875
-0.4689453125
-0.447412109375
-0.480908203125
-0.42109375
-0.452197265625
-0.4306640625
-0.404345703125
-0.394775390625
-0.3923828125
-0.31103515625
-0.287109375
-0.2583984375
-0.23447265625
-0.208154296875
-0.1626953125
-0.107666015625
-0.00478515625
-0.002392578125
0.0
0.057421875
0.078955078125
0.074169921875
0.107666015625
0.14833984375
0.18662109375
0.19140625
0.145947265625
0.126806640625
0.145947265625
0.11962890625
0.160302734375
0.112451171875
0.131591796875
0.078955078125
0.064599609375
-0.122021484375
-0.050244140625
-0.078955078125
-0.102880859375
-0.1435546875
-0.212939453125
-0.25361328125
-0.28232421875
-0.37802734375
-0.418701171875
-0.547900390625
-0.65078125
-0.8134765625
-0.9283203125
-1.02641601563
-1.0814453125
-1.15083007813
-1.205859375
-1.19868164063
-1.27045898438
-1.28002929688
-1.33745117188
-1.282421875
-1.25131835938
-1.20346679688
-1.17236328125
-1.08862304688
-0.95703125
-0.858935546875
-0.78955078125
-0.75126953125
-0.744091796875
-0.67470703125
-0.677099609375
-0.75126953125
-0.7751953125
-0.7369140625
-0.758447265625
-0.71298828125
-0.669921875
-0.634033203125
-0.7560546875
-0.806298828125
-0.746484375
-0.6603515625
-0.7560546875
-0.882861328125
-0.940283203125
-0.88046875
-0.820654296875
-0.84697265625
-0.878076171875
-0.825439453125
-0.78955078125
-0.73212890625
-0.610107421875
-0.555078125
-0.5359375
-0.662744140625
-0.7560546875
-0.815869140625
-0.878076171875
-0.93310546875
-0.7751953125
-0.9857421875
-0.959423828125
-1.37573242188
-1.22978515625
-1.39008789063
-1.50493164063
-1.39248046875
-1.48100585938
-1.32788085938
-1.26567382813
-1.11015625
-0.84697265625
-0.677099609375
-0.504833984375
-0.33017578125
-0.198583984375
-0.08134765625
-0.057421875
0.05263671875
0.131591796875
0.1626953125
0.2201171875
0.222509765625
0.217724609375
0.246435546875
0.246435546875
0.227294921875
0.21533203125
0.232080078125
0.232080078125
0.248828125
0.241650390625
0.217724609375
0.279931640625
0.256005859375
0.24404296875
0.25361328125
0.23447265625
0.2583984375
0.172265625
0.160302734375
0.050244140625
0.021533203125
0.007177734375
0.093310546875
-0.021533203125
0.11962890625
-0.0095703125
-0.236865234375
-0.236865234375
-0.145947265625
-0.174658203125
-0.1818359375
-0.102880859375
-0.356494140625
-0.2009765625
-0.363671875
-0.313427734375
-0.279931640625
-0.342138671875
-0.332568359375
-0.423486328125
-0.404345703125
-0.500048828125
-0.4306640625
-0.610107421875
-0.5263671875
-0.55029296875
-0.447412109375
-0.5455078125
-0.480908203125
-0.442626953125
-0.22490234375
-0.078955078125
-0.401953125
-0.241650390625
-0.153125
-0.222509765625
-0.13876953125
0.05263671875
0.150732421875
-0.05263671875
0.050244140625
0.112451171875
0.193798828125
0.246435546875
0.346923828125
0.516796875
0.571826171875
0.4880859375
0.739306640625
0.7751953125
0.806298828125
0.8326171875
0.858935546875
0.878076171875
0.887646484375
0.854150390625
0.835009765625
0.8134765625
0.765625
0.7369140625
0.6890625
0.72255859375
0.7177734375
0.715380859375
0.734521484375
