-0.031103515625
-0.03828125
-0.069384765625
-0.078955078125
-0.0861328125
-0.09091796875
-0.069384765625
-0.078955078125
-0.107666015625
-0.0669921875
-0.045458984375
-0.040673828125
-0.040673828125
-0.01435546875
-0.021533203125
-0.026318359375
-0.019140625
0.069384765625
0.069384765625
0.0861328125
0.11005859375
0.122021484375
0.13876953125
0.11962890625
0.18662109375
0.15791015625
0.203369140625
0.17705078125
0.19619140625
0.2201171875
0.22490234375
0.246435546875
0.265576171875
0.260791015625
0.25361328125
0.236865234375
0.2583984375
0.322998046875
0.325390625
0.1626953125
0.3349609375
0.322998046875
0.380419921875
0.418701171875
0.45458984375
0.456982421875
0.4689453125
0.52158203125
0.54072265625
0.52158203125
0.533544921875
0.55986328125
0.53115234375
0.552685546875
0.51201171875
0.528759765625
0.516796875
0.528759765625
0.5359375
0.50244140625
0.480908203125
0.48330078125
0.4498046875
0.423486328125
0.41630859375
0.39716796875
0.3732421875
0.351708984375
0.342138671875
0.30625
0.294287109375
0.26796875
0.217724609375
0.227294921875
0.227294921875
0.222509765625
0.222509765625
0.198583984375
0.174658203125
0.19140625
0.165087890625
0.133984375
0.083740234375
0.055029296875
0.112451171875
0.112451171875
0.0861328125
0.040673828125
0.045458984375
0.045458984375
0.0287109375
0.0
0.03349609375
0.14833984375
0.01435546875
-0.0095703125
-0.069384765625
-0.016748046875
-0.007177734375
0.0
0.04306640625
0.0287109375
0.07177734375
0.0669921875
0.0765625
0.155517578125
0.093310546875
0.0
0.136376953125
0.16748046875
-0.057421875
0.212939453125
0.289501953125
0.2009765625
0.241650390625
0.2583984375
0.33974609375
0.3541015625
0.41630859375
0.409130859375
0.52158203125
0.557470703125
0.55029296875
0.619677734375
0.657958984375
0.729736328125
0.7560546875
0.801513671875
0.80869140625
0.80390625
0.830224609375
0.873291015625
0.902001953125
0.8900390625
0.935498046875
0.916357421875
0.9474609375
0.973779296875
0.95703125
1.03120117188
0.95703125
0.98095703125
1.01684570312
1.01206054688
0.97138671875
0.988134765625
1.01684570312
1.0431640625
1.08862304688
1.07666015625
1.1005859375
1.1388671875
1.17954101563
1.24653320313
1.18432617188
1.19868164063
1.20825195312
1.11254882812
1.21782226563
1.0623046875
0.983349609375
0.9283203125
0.868505859375
0.823046875
0.787158203125
0.777587890625
0.72255859375
0.6603515625
0.638818359375
0.57421875
0.500048828125
0.361279296875
0.322998046875
0.155517578125
0.11005859375
-0.102880859375
-0.2009765625
-0.26318359375
-0.327783203125
-0.4498046875
-0.504833984375
-0.638818359375
-0.648388671875
-0.825439453125
-0.82783203125
-0.80390625
-0.624462890625
-0.538330078125
-0.389990234375
-0.399560546875
-0.380419921875
-0.210546875
-0.232080078125
-0.179443359375
-0.13876953125
-0.169873046875
-0.0765625
-0.050244140625
-0.06220703125
-0.00478515625
-0.031103515625
-0.08134765625
-0.133984375
-0.198583984375
-0.265576171875
-0.567041015625
-0.394775390625
-0.567041015625
-0.36845703125
-0.366064453125
-0.28232421875
-0.33974609375
-0.27275390625
-0.3349609375
-0.59814453125
-0.6029296875
-0.5837890625
-0.55986328125
-0.59814453125
-0.605322265625
-0.480908203125
-0.710595703125
-0.69384765625
-0.586181640625
-0.6794921875
-0.567041015625
-0.562255859375
-0.41630859375
-0.49765625
-0.2966796875
-0.459375
-0.3349609375
-0.42587890625
-0.363671875
-0.401953125
-0.389990234375
-0.30146484375
-0.275146484375
-0.184228515625
-0.150732421875
-0.1052734375
-0.011962890625
0.0861328125
0.174658203125
0.19140625
0.2966796875
0.3541015625
0.442626953125
0.466552734375
0.49287109375
0.696240234375
0.77041015625
0.765625
0.79912109375
0.830224609375
0.815869140625
0.8517578125
0.8326171875
0.82783203125
0.83740234375
0.823046875
0.784765625
0.90439453125
0.720166015625
0.73212890625
0.746484375
0.6794921875
0.63642578125
0.64599609375
0.65078125
0.65556640625
0.631640625
0.595751953125
0.480908203125
0.404345703125
0.351708984375
0.2775390625
0.208154296875
0.117236328125
0.03828125
0.007177734375
-0.04306640625
-0.0861328125
-0.117236328125
-0.21533203125
-0.2966796875
-0.37802734375
-0.440234375
-0.447412109375
-0.4880859375
-0.5646484375
-0.59814453125
-0.65556640625
-0.638818359375
-0.657958984375
-0.67470703125
-0.705810546875
-0.75126953125
-0.74169921875
-0.73212890625
-0.7369140625
-0.748876953125
-0.7943359375
-0.911572265625
-0.614892578125
-0.758447265625
-0.67470703125
-0.65078125
-0.576611328125
-0.543115234375
-0.48330078125
-0.471337890625
-0.4115234375
-0.36845703125
-0.318212890625
-0.23447265625
-0.19140625
-0.095703125
-0.035888671875
-0.011962890625
0.11484375
0.22490234375
0.2583984375
0.318212890625
0.3349609375
0.389990234375
0.42109375
0.485693359375
0.547900390625
0.562255859375
0.5455078125
0.543115234375
0.54072265625
0.538330078125
0.51201171875
0.48330078125
0.528759765625
0.49287109375
0.523974609375
0.504833984375
0.519189453125
0.52158203125
0.466552734375
0.52158203125
0.5072265625
0.375634765625
0.356494140625
0.363671875
0.404345703125
0.227294921875
0.16748046875
0.19619140625
0.26796875
0.15791015625
0.11005859375
0.09091796875
0.11005859375
0.1244140625
0.102880859375
0.09091796875
0.07177734375
0.0765625
0.02392578125
-0.02392578125
-0.002392578125
-0.031103515625
-0.093310546875
-0.074169921875
-0.11484375
-0.15791015625
-0.2392578125
-0.212939453125
-0.198583984375
-0.275146484375
-0.26796875
-0.270361328125
-0.232080078125
-0.289501953125
-0.299072265625
-0.299072265625
-0.265576171875
-0.2966796875
-0.289501953125
-0.294287109375
-0.342138671875
-0.351708984375
-0.325390625
-0.375634765625
-0.35888671875
-0.342138671875
-0.2966796875
-0.275146484375
-0.34931640625
-0.33017578125
-0.327783203125
-0.275146484375
-0.275146484375
-0.29189453125
-0.308642578125
-0.30146484375
-0.308642578125
-0.33017578125
-0.342138671875
-0.332568359375
-0.332568359375
-0.332568359375
-0.31103515625
-0.256005859375
-0.25361328125
-0.25361328125
-0.18662109375
-0.145947265625
-0.117236328125
-0.11484375
-0.098095703125
-0.083740234375
-0.069384765625
-0.040673828125
-0.00478515625
0.00478515625
-0.031103515625
-0.03349609375
0.01435546875
-0.00478515625
-0.074169921875
-0.074169921875
-0.093310546875
-0.14833984375
-0.122021484375
-0.122021484375
-0.1626953125
-0.150732421875
-0.256005859375
-0.265576171875
-0.165087890625
-0.3349609375
-0.3828125
-0.380419921875
-0.375634765625
-0.3828125
-0.44501953125
-0.49765625
-0.478515625
-0.5359375
-0.562255859375
-0.552685546875
-0.61728515625
-0.734521484375
-0.56943359375
-0.57421875
-0.60771484375
-0.576611328125
-0.552685546875
-0.54072265625
-0.51201171875
-0.557470703125
-0.547900390625
-0.5072265625
-0.49287109375
-0.461767578125
-0.428271484375
-0.49287109375
-0.500048828125
-0.437841796875
-0.4306640625
-0.437841796875
-0.433056640625
-0.40673828125
-0.30625
-0.31103515625
-0.437841796875
-0.2966796875
-0.32060546875
-0.327783203125
-0.32060546875
-0.26318359375
-0.251220703125
-0.26318359375
-0.212939453125
-0.210546875
-0.18662109375
-0.122021484375
-0.04306640625
-0.198583984375
-0.246435546875
-0.19140625
-0.126806640625
-0.03828125
-0.021533203125
0.0095703125
0.1052734375
0.059814453125
0.040673828125
0.07177734375
0.10048828125
0.141162109375
0.248828125
0.3158203125
0.322998046875
0.394775390625
0.394775390625
0.459375
0.495263671875
0.519189453125
0.55029296875
0.514404296875
0.46416015625
0.433056640625
0.514404296875
0.533544921875
0.701025390625
0.681884765625
0.7369140625
0.332568359375
0.24404296875
0.5837890625
0.80869140625
0.784765625
0.753662109375
0.70341796875
0.65556640625
0.67470703125
0.7560546875
0.8421875
0.882861328125
0.91396484375
0.8900390625
0.882861328125
0.873291015625
0.873291015625
0.897216796875
0.86611328125
0.768017578125
0.93310546875
0.930712890625
0.940283203125
0.945068359375
1.04794921875
0.887646484375
0.9283203125
1.0431640625
1.05991210938
1.11015625
1.09819335938
1.052734375
1.03837890625
1.04555664063
1.06708984375
1.07426757813
1.08862304688
1.03120117188
1.071875
1.03837890625
1.1005859375
1.1484375
1.0431640625
0.9953125
0.9953125
1.014453125
1.03359375
1.06948242188
1.0048828125
1.00009765625
1.00966796875
0.99052734375
1.0431640625
1.08862304688
1.09340820313
1.06948242188
1.11015625
1.15322265625
1.16040039062
1.07666015625
1.23217773438
1.24892578125
1.19868164063
1.19389648438
1.07905273438
1.24174804688
1.23696289063
1.22978515625
1.19389648438
1.26328125
1.473828125
1.41401367188
1.36376953125
1.3685546875
1.44272460938
1.48579101563
1.50732421875
1.473828125
1.51689453125
1.48818359375
1.51450195313
1.50014648438
1.55517578125
1.56235351563
1.57192382813
1.60063476563
1.64130859375
1.626953125
1.66762695313
1.78486328125
1.7609375
1.75615234375
1.74418945313
1.78725585938
1.78725585938
1.79204101563
1.81357421875
1.76333007813
1.74897460938
1.6939453125
1.67001953125
1.62216796875
1.57192382813
1.56713867188
1.54321289063
1.4546875
1.42358398438
1.34462890625
1.32548828125
1.26328125
1.20346679688
1.1197265625
1.11733398438
1.03837890625
0.935498046875
0.88525390625
0.782373046875
0.686669921875
0.6125
0.5359375
0.600537109375
0.366064453125
0.299072265625
0.24404296875
0.172265625
0.13876953125
0.08134765625
-0.107666015625
-0.222509765625
-0.332568359375
-0.440234375
-0.4880859375
-0.538330078125
-0.49287109375
-0.701025390625
-0.8421875
-0.777587890625
-1.03120117188
-1.1484375
-1.22260742188
-1.24892578125
-1.31591796875
-1.38051757813
-1.37094726563
-1.38291015625
-1.358984375
-1.3494140625
-1.27524414063
-1.1005859375
-1.21303710938
-1.26328125
-1.13408203125
-1.18193359375
-0.949853515625
-0.945068359375
-0.868505859375
-0.844580078125
-0.7751953125
-0.77041015625
-0.748876953125
-0.69384765625
-0.6794921875
-0.681884765625
-0.64599609375
-0.63642578125
-0.571826171875
-0.55986328125
-0.581396484375
-0.418701171875
-0.413916015625
-0.36845703125
-0.31103515625
-0.287109375
-0.222509765625
-0.107666015625
-0.1052734375
-0.11484375
-0.0287109375
-0.021533203125
-0.0095703125
-0.00478515625
0.01435546875
0.040673828125
0.002392578125
0.064599609375
0.0478515625
0.083740234375
