0.772802734375
0.734521484375
0.806298828125
0.70341796875
0.691455078125
0.67470703125
0.72734375
0.744091796875
0.720166015625
0.729736328125
0.6890625
0.825439453125
0.772802734375
0.75126953125
0.787158203125
0.854150390625
0.801513671875
0.839794921875
0.858935546875
0.82783203125
0.801513671875
0.75126953125
0.701025390625
0.705810546875
0.729736328125
0.708203125
0.6220703125
0.6794921875
0.724951171875
0.6220703125
0.634033203125
0.643603515625
0.720166015625
0.734521484375
0.715380859375
0.681884765625
0.6890625
0.7177734375
0.746484375
0.79912109375
0.811083984375
0.861328125
0.92353515625
0.964208984375
0.93310546875
0.9474609375
0.930712890625
0.9091796875
0.902001953125
0.86611328125
0.906787109375
0.887646484375
0.8900390625
0.863720703125
0.8326171875
0.811083984375
0.79912109375
0.8134765625
0.765625
0.7943359375
0.75126953125
0.748876953125
0.787158203125
0.7943359375
0.787158203125
0.7943359375
0.7369140625
0.708203125
0.6603515625
0.5837890625
0.5072265625
0.428271484375
0.41630859375
0.203369140625
0.11484375
0.11005859375
-0.16748046875
-0.26796875
-0.363671875
-0.404345703125
-0.476123046875
-0.51201171875
-0.52158203125
-0.538330078125
-0.404345703125
-0.478515625
-0.3923828125
-0.337353515625
-0.322998046875
-0.217724609375
-0.23447265625
-0.136376953125
-0.102880859375
0.169873046875
0.2392578125
0.279931640625
0.303857421875
0.3541015625
0.37802734375
0.404345703125
0.459375
0.423486328125
0.423486328125
0.34931640625
0.34931640625
0.30146484375
0.20576171875
0.189013671875
0.141162109375
0.093310546875
0.0287109375
-0.03828125
-0.078955078125
-0.12919921875
-0.212939453125
-0.217724609375
-0.189013671875
-0.248828125
-0.2583984375
-0.189013671875
-0.210546875
-0.212939453125
-0.2392578125
-0.18662109375
-0.198583984375
-0.15791015625
-0.03828125
0.011962890625
0.0669921875
0.03828125
0.021533203125
0.069384765625
0.01435546875
-0.050244140625
-0.093310546875
-0.141162109375
-0.19140625
-0.2775390625
-0.287109375
-0.313427734375
-0.366064453125
-0.3828125
-0.394775390625
-0.418701171875
-0.480908203125
-0.495263671875
-0.476123046875
-0.447412109375
-0.466552734375
-0.399560546875
-0.40673828125
-0.36845703125
-0.4115234375
-0.418701171875
-0.41630859375
-0.3732421875
-0.42587890625
-0.428271484375
-0.456982421875
-0.440234375
-0.41630859375
-0.37802734375
-0.385205078125
-0.370849609375
-0.380419921875
-0.366064453125
-0.30625
-0.27275390625
-0.251220703125
-0.21533203125
-0.21533203125
-0.172265625
-0.131591796875
-0.16748046875
-0.165087890625
-0.179443359375
-0.19619140625
-0.227294921875
-0.2392578125
-0.2583984375
-0.260791015625
-0.169873046875
-0.246435546875
-0.248828125
-0.248828125
-0.452197265625
-0.318212890625
-0.25361328125
-0.241650390625
-0.122021484375
-0.04306640625
-0.01435546875
0.016748046875
-0.074169921875
-0.126806640625
-0.12919921875
-0.174658203125
-0.15791015625
-0.153125
-0.07177734375
-0.045458984375
-0.0669921875
-0.0287109375
0.01435546875
0.050244140625
0.035888671875
0.011962890625
0.069384765625
0.102880859375
0.0669921875
0.13876953125
0.18662109375
0.260791015625
0.25361328125
0.270361328125
0.23447265625
0.241650390625
0.34931640625
0.394775390625
0.40673828125
0.366064453125
0.452197265625
0.437841796875
0.471337890625
0.51201171875
0.509619140625
0.533544921875
0.478515625
0.509619140625
0.495263671875
0.490478515625
0.478515625
0.49287109375
0.456982421875
0.471337890625
0.44501953125
0.466552734375
0.461767578125
0.4498046875
0.466552734375
0.53115234375
0.5263671875
0.538330078125
0.533544921875
0.485693359375
0.5455078125
0.567041015625
0.519189453125
0.58857421875
0.303857421875
0.155517578125
0.456982421875
0.447412109375
0.370849609375
0.31103515625
0.2583984375
0.15791015625
0.1435546875
0.11962890625
0.150732421875
0.150732421875
0.093310546875
0.055029296875
0.11484375
-0.059814453125
-0.04306640625
-0.083740234375
-0.064599609375
-0.095703125
-0.12919921875
-0.169873046875
-0.21533203125
-0.23447265625
-0.236865234375
-0.246435546875
-0.236865234375
-0.27275390625
-0.28232421875
-0.270361328125
-0.279931640625
-0.327783203125
-0.351708984375
-0.351708984375
-0.380419921875
-0.363671875
-0.44501953125
-0.447412109375
-0.504833984375
-0.523974609375
-0.500048828125
-0.516796875
-0.538330078125
-0.552685546875
-0.57421875
-0.624462890625
-0.643603515625
-0.662744140625
-0.65556640625
-0.638818359375
-0.648388671875
-0.66513671875
-0.705810546875
-0.6986328125
-0.715380859375
-0.634033203125
-0.77041015625
-0.75126953125
-0.77998046875
-0.77998046875
-0.911572265625
-0.753662109375
-0.77041015625
-0.748876953125
-0.76083984375
-0.76083984375
-0.758447265625
-0.758447265625
-0.791943359375
-0.782373046875
-0.744091796875
-0.744091796875
-0.73212890625
-0.80869140625
-0.796728515625
-0.8134765625
-0.796728515625
-0.801513671875
-0.78955078125
-0.77041015625
-0.768017578125
-0.724951171875
-0.686669921875
-0.6986328125
-0.677099609375
-0.62685546875
-0.57900390625
-0.576611328125
-0.567041015625
-0.50244140625
-0.476123046875
-0.49287109375
-0.47373046875
-0.480908203125
-0.39716796875
-0.361279296875
-0.36845703125
-0.351708984375
-0.313427734375
-0.337353515625
-0.3158203125
-0.299072265625
-0.279931640625
-0.27275390625
-0.210546875
-0.210546875
-0.1626953125
-0.1435546875
-0.1244140625
-0.160302734375
-0.155517578125
-0.01435546875
-0.184228515625
-0.145947265625
-0.17705078125
-0.203369140625
-0.189013671875
-0.2009765625
-0.227294921875
-0.23447265625
-0.22490234375
-0.232080078125
-0.217724609375
-0.208154296875
-0.174658203125
-0.210546875
-0.2392578125
-0.256005859375
-0.2296875
-0.30625
-0.11962890625
-0.11484375
-0.1052734375
-0.12919921875
-0.031103515625
-0.016748046875
0.03349609375
0.184228515625
0.20576171875
0.232080078125
0.26318359375
0.270361328125
0.30625
0.32060546875
0.385205078125
0.404345703125
0.437841796875
0.46416015625
0.480908203125
0.509619140625
0.543115234375
0.528759765625
0.5072265625
0.5072265625
0.523974609375
0.543115234375
0.533544921875
0.557470703125
0.55029296875
0.516796875
0.519189453125
0.6029296875
0.40673828125
0.3923828125
0.394775390625
0.34931640625
0.363671875
0.3349609375
0.30625
0.26318359375
0.275146484375
0.28232421875
0.28232421875
0.279931640625
0.165087890625
0.332568359375
0.36845703125
0.380419921875
0.41630859375
0.3349609375
0.61728515625
0.643603515625
0.667529296875
0.787158203125
0.514404296875
0.41630859375
0.80390625
0.787158203125
0.77041015625
0.7177734375
0.73212890625
0.75126953125
0.858935546875
0.8421875
0.6890625
0.782373046875
0.906787109375
0.949853515625
0.940283203125
0.887646484375
0.873291015625
0.849365234375
0.8134765625
0.863720703125
1.014453125
0.839794921875
0.9091796875
0.940283203125
0.935498046875
0.94267578125
0.949853515625
0.93310546875
0.94267578125
0.930712890625
0.9666015625
0.98095703125
0.968994140625
0.93310546875
0.940283203125
0.892431640625
0.921142578125
0.91875
1.04077148438
0.839794921875
0.84697265625
0.854150390625
0.849365234375
0.844580078125
0.85654296875
0.88525390625
0.81826171875
0.82783203125
0.8421875
0.825439453125
0.791943359375
0.84697265625
0.8708984375
0.830224609375
0.653173828125
0.916357421875
0.784765625
0.954638671875
0.81826171875
0.835009765625
1.01206054688
1.091015625
1.00966796875
0.968994140625
0.9953125
0.940283203125
0.973779296875
1.0048828125
1.00966796875
1.06948242188
1.15083007813
1.129296875
1.18432617188
1.2154296875
1.18193359375
1.20346679688
1.26567382813
1.225
1.2154296875
1.16518554688
1.167578125
1.14365234375
1.10537109375
1.20346679688
1.02163085938
0.95703125
0.949853515625
0.937890625
0.83740234375
0.887646484375
0.701025390625
0.629248046875
0.590966796875
0.54072265625
0.43544921875
0.38759765625
0.370849609375
0.248828125
0.299072265625
0.2296875
0.160302734375
0.155517578125
0.12919921875
0.095703125
0.064599609375
0.126806640625
-0.00478515625
-0.055029296875
-0.11005859375
-0.169873046875
-0.227294921875
-0.294287109375
-0.3923828125
-0.418701171875
-0.476123046875
-0.5072265625
-0.51201171875
-0.5359375
-0.528759765625
-0.60771484375
-0.600537109375
-0.65078125
-0.653173828125
-0.653173828125
-0.710595703125
-0.715380859375
-0.746484375
-0.772802734375
-0.7560546875
-0.65078125
-0.8421875
-0.849365234375
-0.9091796875
-0.91396484375
-0.91396484375
-0.945068359375
-0.983349609375
-0.945068359375
-0.976171875
-0.9666015625
-0.99052734375
-0.954638671875
-0.9283203125
-0.88525390625
-0.892431640625
-0.8517578125
-0.868505859375
-0.820654296875
-0.7943359375
-0.873291015625
-0.71298828125
-0.662744140625
-0.63642578125
-0.629248046875
-0.555078125
-0.547900390625
-0.399560546875
-0.42587890625
-0.35888671875
-0.3349609375
-0.437841796875
-0.289501953125
-0.045458984375
-0.246435546875
-0.227294921875
-0.1818359375
-0.153125
-0.098095703125
-0.09091796875
-0.059814453125
-0.083740234375
-0.045458984375
-0.09091796875
-0.098095703125
-0.069384765625
-0.0478515625
-0.095703125
-0.0669921875
-0.102880859375
-0.08134765625
-0.057421875
-0.09091796875
-0.102880859375
-0.1052734375
-0.083740234375
-0.1052734375
-0.1052734375
-0.11484375
-0.08134765625
-0.06220703125
-0.102880859375
-0.117236328125
-0.11005859375
-0.107666015625
-0.10048828125
-0.06220703125
-0.15791015625
-0.133984375
-0.11005859375
-0.083740234375
-0.093310546875
-0.0861328125
-0.059814453125
-0.03828125
-0.059814453125
-0.0287109375
-0.08134765625
-0.06220703125
-0.0287109375
-0.035888671875
-0.02392578125
-0.021533203125
-0.04306640625
-0.03349609375
-0.026318359375
-0.007177734375
0.08134765625
0.10048828125
0.155517578125
0.24404296875
0.327783203125
0.380419921875
0.41630859375
0.4306640625
0.42587890625
0.57900390625
0.44501953125
0.50244140625
0.37802734375
0.447412109375
0.174658203125
0.09091796875
-0.031103515625
-0.165087890625
-0.203369140625
-0.4880859375
-0.71298828125
-0.772802734375
-0.95703125
-1.0814453125
-1.10537109375
-1.282421875
-1.28002929688
-1.1388671875
-0.94267578125
-0.863720703125
-0.54072265625
-0.36845703125
-0.07177734375
-0.153125
0.06220703125
0.279931640625
0.423486328125
0.30625
0.581396484375
0.567041015625
0.60771484375
0.198583984375
0.593359375
0.3158203125
0.26318359375
0.069384765625
0.251220703125
-0.150732421875
0.11005859375
0.0669921875
0.10048828125
