0.09091796875
0.141162109375
0.17705078125
0.19619140625
0.172265625
0.172265625
0.222509765625
0.22490234375
0.19619140625
0.21533203125
0.155517578125
0.126806640625
0.11484375
0.0861328125
0.095703125
0.136376953125
0.040673828125
0.107666015625
0.102880859375
0.088525390625
0.083740234375
0.093310546875
0.11484375
0.11962890625
0.141162109375
0.16748046875
0.160302734375
0.155517578125
0.203369140625
0.189013671875
0.248828125
0.289501953125
0.401953125
0.011962890625
0.279931640625
0.6029296875
0.54072265625
0.409130859375
0.49287109375
0.634033203125
0.593359375
0.748876953125
0.858935546875
0.8326171875
0.849365234375
0.96181640625
1.01923828125
1.02163085938
1.11733398438
1.11254882812
1.20825195312
1.20825195312
1.22739257813
1.1771484375
1.19868164063
1.1197265625
1.11494140625
1.04794921875
1.06948242188
1.03120117188
0.976171875
0.92353515625
0.82783203125
0.7560546875
0.67470703125
0.634033203125
0.600537109375
0.476123046875
0.39716796875
0.25361328125
0.303857421875
0.098095703125
0.11005859375
-0.06220703125
-0.15791015625
-0.172265625
-0.217724609375
-0.26796875
-0.26318359375
-0.2392578125
-0.19619140625
-0.184228515625
-0.10048828125
-0.035888671875
-0.00478515625
0.0478515625
0.10048828125
0.227294921875
0.222509765625
0.251220703125
0.303857421875
0.287109375
0.227294921875
0.1818359375
0.1435546875
0.095703125
0.064599609375
0.050244140625
0.021533203125
-0.002392578125
-0.0478515625
-0.133984375
-0.184228515625
-0.217724609375
-0.217724609375
-0.418701171875
-0.5072265625
-0.581396484375
-0.662744140625
-0.691455078125
-0.811083984375
-0.83740234375
-0.631640625
-1.08623046875
-0.65556640625
-0.5072265625
-0.784765625
-0.729736328125
-0.504833984375
-0.4880859375
-0.440234375
-0.394775390625
-0.327783203125
-0.313427734375
-0.361279296875
-0.3349609375
-0.366064453125
-0.36845703125
-0.363671875
-0.361279296875
-0.36845703125
-0.447412109375
-0.46416015625
-0.504833984375
-0.538330078125
-0.557470703125
-0.614892578125
-0.60771484375
-0.4880859375
-0.873291015625
-0.801513671875
-0.62685546875
-0.624462890625
-0.70341796875
-0.90439453125
-0.744091796875
-0.720166015625
-0.593359375
-0.55029296875
-0.4498046875
-0.40673828125
-0.394775390625
-0.2966796875
-0.27275390625
-0.031103515625
0.057421875
0.019140625
0.370849609375
0.555078125
0.75126953125
0.8326171875
0.921142578125
1.05512695313
1.11733398438
1.14125976563
1.1962890625
1.23935546875
1.26088867188
1.27524414063
1.22978515625
1.205859375
1.20346679688
1.17236328125
1.20346679688
1.26567382813
1.02880859375
0.82783203125
0.77041015625
0.669921875
0.6412109375
0.631640625
0.54072265625
0.433056640625
0.433056640625
0.401953125
0.370849609375
0.284716796875
0.2201171875
0.160302734375
0.12919921875
0.141162109375
-0.102880859375
-0.174658203125
-0.30625
-0.370849609375
-0.351708984375
-0.442626953125
-0.509619140625
-0.461767578125
-0.5072265625
-0.514404296875
-0.514404296875
-0.57900390625
-0.571826171875
-0.5455078125
-0.562255859375
-0.52158203125
-0.41630859375
-0.476123046875
-0.471337890625
-0.440234375
-0.485693359375
-0.4115234375
-0.363671875
-0.337353515625
-0.23447265625
-0.18662109375
-0.150732421875
-0.093310546875
-0.074169921875
0.040673828125
0.22490234375
0.308642578125
0.332568359375
0.41630859375
0.38759765625
0.413916015625
0.442626953125
0.456982421875
0.50244140625
0.543115234375
0.6029296875
0.619677734375
0.638818359375
0.63642578125
0.696240234375
0.7369140625
0.643603515625
0.811083984375
0.8421875
0.873291015625
0.86611328125
0.887646484375
0.820654296875
0.8326171875
0.79912109375
0.7943359375
0.74169921875
0.73212890625
0.708203125
0.643603515625
0.72734375
0.54072265625
0.49287109375
0.40673828125
0.3541015625
0.265576171875
0.19619140625
0.153125
0.064599609375
0.040673828125
-0.074169921875
-0.05263671875
-0.107666015625
-0.11962890625
-0.098095703125
-0.074169921875
-0.102880859375
-0.222509765625
-0.303857421875
-0.332568359375
-0.28232421875
-0.313427734375
-0.3828125
-0.40673828125
-0.495263671875
-0.480908203125
-0.51201171875
-0.590966796875
-0.590966796875
-0.5837890625
-0.586181640625
-0.6220703125
-0.61728515625
-0.60771484375
-0.593359375
-0.62685546875
-0.631640625
-0.681884765625
-0.672314453125
-0.63642578125
-0.56943359375
-0.586181640625
-0.60771484375
-0.57900390625
-0.547900390625
-0.55986328125
-0.547900390625
-0.557470703125
-0.576611328125
-0.58857421875
-0.581396484375
-0.605322265625
-0.648388671875
-0.657958984375
-0.638818359375
-0.64599609375
-0.6794921875
-0.691455078125
-0.672314453125
-0.67470703125
-0.634033203125
-0.667529296875
-0.67470703125
-0.67470703125
-0.638818359375
-0.634033203125
-0.638818359375
-0.63642578125
-0.5837890625
-0.5837890625
-0.59814453125
-0.6029296875
-0.6125
-0.605322265625
-0.57900390625
-0.60771484375
-0.590966796875
-0.60771484375
-0.571826171875
-0.567041015625
-0.57900390625
-0.555078125
-0.54072265625
-0.519189453125
-0.552685546875
-0.610107421875
-0.60771484375
-0.593359375
-0.593359375
-0.590966796875
-0.605322265625
-0.629248046875
-0.653173828125
-0.6220703125
-0.64599609375
-0.691455078125
-0.729736328125
-0.763232421875
-0.739306640625
-0.72734375
-0.7177734375
-0.815869140625
-0.825439453125
-0.868505859375
-0.863720703125
-0.863720703125
-0.91396484375
-0.91875
-1.0048828125
-0.791943359375
-0.619677734375
-0.899609375
-0.9283203125
-0.8326171875
-0.784765625
-0.672314453125
-0.516796875
-0.404345703125
-0.241650390625
-0.15791015625
-0.083740234375
-0.019140625
0.045458984375
0.12919921875
0.2009765625
0.284716796875
0.394775390625
0.44501953125
0.4689453125
0.519189453125
0.533544921875
0.58857421875
0.590966796875
0.657958984375
0.708203125
0.765625
0.861328125
0.6986328125
0.69384765625
0.629248046875
0.6890625
0.681884765625
0.820654296875
0.69384765625
0.452197265625
0.4306640625
0.485693359375
0.471337890625
0.42109375
0.303857421875
0.248828125
0.155517578125
0.08134765625
0.02392578125
-0.145947265625
-0.19619140625
-0.27275390625
-0.447412109375
-0.42587890625
-0.401953125
-0.346923828125
-0.325390625
-0.294287109375
-0.246435546875
-0.270361328125
-0.222509765625
-0.16748046875
-0.12919921875
-0.133984375
-0.026318359375
-0.00478515625
0.002392578125
0.03349609375
0.050244140625
0.133984375
0.145947265625
0.155517578125
0.184228515625
0.2201171875
0.270361328125
0.265576171875
0.169873046875
0.35888671875
0.35888671875
0.375634765625
0.375634765625
0.495263671875
0.52158203125
0.5455078125
0.56943359375
0.586181640625
0.624462890625
0.63642578125
0.71298828125
0.7751953125
0.823046875
0.863720703125
0.86611328125
0.844580078125
0.87568359375
0.892431640625
0.97138671875
1.02641601563
0.983349609375
1.0048828125
1.04077148438
0.978564453125
0.959423828125
0.935498046875
0.873291015625
0.86611328125
0.8326171875
0.820654296875
0.787158203125
0.65556640625
0.6412109375
0.6125
0.6029296875
0.605322265625
0.586181640625
0.5837890625
0.5837890625
0.562255859375
0.552685546875
0.56943359375
0.614892578125
0.643603515625
0.705810546875
0.720166015625
0.744091796875
0.815869140625
0.820654296875
0.85654296875
0.882861328125
0.89482421875
0.9283203125
0.959423828125
0.9857421875
1.01684570312
1.06948242188
1.12211914063
1.129296875
1.14365234375
1.17236328125
1.21782226563
1.2728515625
1.28002929688
1.31831054688
1.2919921875
1.3111328125
1.37573242188
1.37573242188
1.44033203125
1.44272460938
1.46186523438
1.50971679688
1.54560546875
1.57192382813
1.59584960938
1.56953125
1.60302734375
1.60302734375
1.5791015625
1.60302734375
1.63413085938
1.66044921875
1.66762695313
1.61259765625
1.71547851563
1.63891601563
1.31831054688
1.54560546875
1.67719726563
1.56713867188
1.52646484375
1.61020507813
1.41401367188
1.39008789063
1.33505859375
1.28959960938
1.23696289063
1.23217773438
1.24653320313
1.1580078125
1.13408203125
1.20107421875
0.9953125
0.935498046875
0.916357421875
0.791943359375
0.6603515625
0.854150390625
0.81826171875
0.70341796875
0.653173828125
0.739306640625
0.557470703125
0.54072265625
0.4880859375
0.51201171875
0.519189453125
0.49765625
0.509619140625
0.471337890625
0.4115234375
0.380419921875
0.34931640625
0.3541015625
0.346923828125
0.346923828125
0.342138671875
0.30625
0.2775390625
0.275146484375
0.289501953125
0.30146484375
0.2583984375
0.208154296875
0.141162109375
0.074169921875
0.098095703125
-0.035888671875
-0.153125
-0.169873046875
-0.236865234375
-0.29189453125
-0.322998046875
-0.447412109375
-0.4689453125
-0.49287109375
-0.514404296875
-0.509619140625
-0.5837890625
-0.55986328125
-0.528759765625
-0.571826171875
-0.57900390625
-0.54072265625
-0.576611328125
-0.5646484375
-0.509619140625
-0.49287109375
-0.500048828125
-0.452197265625
-0.433056640625
-0.4306640625
-0.389990234375
-0.456982421875
-0.172265625
-0.4115234375
-0.23447265625
-0.2392578125
-0.325390625
-0.064599609375
-0.24404296875
-0.179443359375
-0.136376953125
-0.1818359375
-0.30625
-0.1435546875
-0.00478515625
-0.098095703125
-0.09091796875
-0.04306640625
-0.016748046875
-0.011962890625
0.007177734375
-0.016748046875
-0.00478515625
0.141162109375
0.031103515625
0.069384765625
0.0861328125
0.126806640625
0.122021484375
0.122021484375
0.10048828125
0.088525390625
0.1435546875
0.1244140625
0.078955078125
0.0287109375
0.03349609375
-0.019140625
-0.03349609375
-0.055029296875
-0.078955078125
-0.10048828125
-0.095703125
-0.122021484375
-0.145947265625
-0.165087890625
-0.150732421875
-0.13876953125
-0.10048828125
-0.14833984375
-0.131591796875
-0.210546875
0.026318359375
0.016748046875
-0.145947265625
-0.050244140625
0.08134765625
0.055029296875
0.035888671875
0.093310546875
0.184228515625
0.150732421875
0.14833984375
0.442626953125
0.284716796875
0.1818359375
0.30146484375
0.34453125
0.22490234375
0.1052734375
0.236865234375
0.5072265625
0.18662109375
0.289501953125
0.509619140625
0.555078125
0.4498046875
0.447412109375
0.476123046875
0.519189453125
0.538330078125
0.543115234375
0.557470703125
0.6794921875
0.614892578125
0.610107421875
0.52158203125
0.586181640625
0.6029296875
0.57421875
0.7751953125
0.624462890625
0.58857421875
0.739306640625
0.50244140625
0.37802734375
0.318212890625
0.351708984375
0.31103515625
0.294287109375
0.095703125
-0.2201171875
-0.409130859375
