1.46665039063
1.46186523438
1.46665039063
1.4451171875
1.44272460938
1.46665039063
1.4451171875
1.39965820312
1.3876953125
1.3494140625
1.30634765625
1.25610351562
1.225
1.13168945313
1.07905273438
0.976171875
0.9953125
0.746484375
0.672314453125
0.61728515625
0.514404296875
0.49765625
0.401953125
0.363671875
0.287109375
0.248828125
0.222509765625
0.150732421875
0.299072265625
0.122021484375
0.057421875
0.057421875
-0.021533203125
0.002392578125
-0.01435546875
0.0287109375
-0.09091796875
-0.126806640625
-0.11962890625
-0.021533203125
-0.2392578125
-0.248828125
-0.284716796875
-0.346923828125
-0.385205078125
-0.399560546875
-0.4115234375
-0.461767578125
-0.495263671875
-0.480908203125
-0.51201171875
-0.514404296875
-0.500048828125
-0.49765625
-0.516796875
-0.504833984375
-0.5072265625
-0.466552734375
-0.509619140625
-0.4689453125
-0.4689453125
-0.456982421875
-0.437841796875
-0.370849609375
-0.33974609375
-0.34453125
-0.256005859375
-0.26796875
-0.2392578125
-0.16748046875
-0.14833984375
-0.08134765625
0.0
-0.0095703125
0.055029296875
0.04306640625
0.019140625
0.13876953125
-0.016748046875
-0.055029296875
-0.29189453125
-0.117236328125
-0.172265625
-0.22490234375
-0.227294921875
-0.27275390625
-0.23447265625
-0.241650390625
-0.289501953125
-0.270361328125
-0.313427734375
-0.456982421875
-0.287109375
-0.287109375
-0.25361328125
-0.251220703125
-0.248828125
-0.15791015625
-0.155517578125
-0.1052734375
-0.069384765625
-0.0287109375
-0.019140625
0.040673828125
0.059814453125
0.1435546875
0.136376953125
0.2009765625
0.246435546875
0.27275390625
0.30146484375
0.33017578125
0.399560546875
0.361279296875
0.418701171875
0.471337890625
0.466552734375
0.442626953125
0.4689453125
0.447412109375
0.478515625
0.456982421875
0.43544921875
0.30625
0.42587890625
0.452197265625
0.41630859375
0.4498046875
0.423486328125
0.5837890625
0.452197265625
0.4880859375
0.4689453125
0.4880859375
0.562255859375
0.57421875
0.605322265625
0.605322265625
0.60771484375
0.691455078125
0.54072265625
0.351708984375
0.61728515625
0.696240234375
0.5837890625
0.437841796875
0.34931640625
0.3158203125
0.160302734375
0.198583984375
0.189013671875
-0.04306640625
-0.133984375
-0.193798828125
-0.303857421875
-0.172265625
-0.409130859375
-0.49287109375
-0.555078125
-0.631640625
-0.681884765625
-0.710595703125
-0.705810546875
-0.739306640625
-0.6986328125
-0.581396484375
-0.59814453125
-0.543115234375
-0.461767578125
-0.318212890625
-0.189013671875
-0.11005859375
-0.069384765625
-0.131591796875
0.00478515625
-0.078955078125
-0.0095703125
0.059814453125
0.136376953125
-0.2201171875
-0.289501953125
0.002392578125
0.332568359375
0.33974609375
0.500048828125
0.73212890625
0.72255859375
0.677099609375
0.672314453125
0.643603515625
0.576611328125
0.49765625
0.203369140625
0.325390625
0.18662109375
0.217724609375
0.055029296875
0.12919921875
-0.0287109375
-0.026318359375
0.0478515625
-0.026318359375
-0.16748046875
-0.25361328125
-0.361279296875
-0.409130859375
-0.4498046875
-0.48330078125
-0.6125
-0.634033203125
-0.765625
-0.825439453125
-0.95224609375
-1.06708984375
-0.87568359375
-0.839794921875
-0.863720703125
-0.9091796875
-0.988134765625
-0.988134765625
-1.06708984375
-1.08862304688
-1.16040039062
-1.10297851563
-1.07426757813
-1.08623046875
-1.07666015625
-1.06708984375
-0.97138671875
-0.945068359375
-0.79912109375
-0.72734375
-0.6412109375
-0.614892578125
-0.351708984375
-0.48330078125
-0.3828125
-0.2392578125
-0.2296875
-0.13876953125
-0.08134765625
-0.131591796875
0.09091796875
0.122021484375
0.189013671875
0.227294921875
0.356494140625
0.44501953125
0.514404296875
0.567041015625
0.471337890625
0.62685546875
0.638818359375
0.65078125
0.6412109375
0.69384765625
0.710595703125
0.710595703125
0.715380859375
0.708203125
0.686669921875
0.68427734375
0.68427734375
0.681884765625
0.6890625
0.69384765625
0.681884765625
0.662744140625
0.65078125
0.6412109375
0.6986328125
0.657958984375
0.62685546875
0.586181640625
0.509619140625
0.53115234375
0.562255859375
0.5455078125
0.543115234375
0.519189453125
0.59814453125
0.4306640625
0.385205078125
0.366064453125
0.337353515625
0.227294921875
0.18662109375
0.179443359375
0.1244140625
0.095703125
0.03828125
0.0095703125
-0.102880859375
-0.10048828125
-0.107666015625
-0.160302734375
-0.19619140625
-0.265576171875
-0.30146484375
-0.299072265625
-0.279931640625
-0.30146484375
-0.2966796875
-0.327783203125
-0.322998046875
-0.325390625
-0.3541015625
-0.35888671875
-0.363671875
-0.37802734375
-0.363671875
-0.37802734375
-0.37802734375
-0.3732421875
-0.404345703125
-0.385205078125
-0.39716796875
-0.346923828125
-0.533544921875
-0.52158203125
-0.49765625
-0.47373046875
-0.471337890625
-0.49287109375
-0.523974609375
-0.337353515625
-0.418701171875
-0.63642578125
-0.40673828125
-0.270361328125
-0.313427734375
-0.287109375
-0.1818359375
-0.322998046875
-0.260791015625
-0.2009765625
-0.126806640625
-0.083740234375
-0.08134765625
-0.06220703125
-0.04306640625
-0.01435546875
0.0478515625
0.09091796875
0.011962890625
0.169873046875
0.189013671875
0.241650390625
0.260791015625
0.15791015625
0.294287109375
0.29189453125
0.31103515625
0.33017578125
0.375634765625
0.389990234375
0.38759765625
0.36845703125
0.380419921875
0.356494140625
0.375634765625
0.389990234375
0.3923828125
0.351708984375
0.34931640625
0.26796875
0.25361328125
0.236865234375
0.21533203125
0.2009765625
0.16748046875
0.12919921875
0.098095703125
0.069384765625
0.021533203125
-0.093310546875
-0.11962890625
-0.007177734375
-0.24404296875
-0.26796875
-0.303857421875
-0.325390625
-0.361279296875
-0.423486328125
-0.440234375
-0.485693359375
-0.49765625
-0.49287109375
-0.519189453125
-0.528759765625
-0.57421875
-0.59814453125
-0.65078125
-0.710595703125
-0.739306640625
-0.80869140625
-0.861328125
-0.98095703125
-0.983349609375
-1.01206054688
-1.03120117188
-1.06708984375
-1.1484375
-1.20825195312
-1.29438476563
-1.32309570313
-1.34702148438
-1.37573242188
-1.4259765625
-1.473828125
-1.5408203125
-1.60541992188
-1.665234375
-1.6748046875
-1.69873046875
-1.7513671875
-1.77768554688
-1.68916015625
-1.83989257813
-1.89252929688
-1.91166992188
-1.9044921875
-1.95952148438
-2.02890625
-2.086328125
-2.09829101563
-2.0958984375
-2.10546875
-2.11743164062
-2.10546875
-2.10786132813
-2.13178710938
-2.296875
-2.09111328125
-2.0576171875
-2.05522460938
-2.07915039063
-2.10307617188
-2.05522460938
-2.02412109375
-2.03369140625
-2.01455078125
-2.02651367188
-2.01215820313
-1.86381835938
-1.990625
-1.98583984375
-1.94995117188
-1.94995117188
-1.9236328125
-1.91166992188
-1.90688476563
-1.81118164063
-1.78725585938
-1.81118164063
-1.79682617188
-1.76333007813
-1.7513671875
-1.76333007813
-1.703515625
-1.64848632813
-1.63891601563
-1.60302734375
-1.58388671875
-1.5025390625
-1.45229492188
-1.38291015625
-1.34462890625
-1.3111328125
-1.23935546875
-1.19389648438
-1.16518554688
-1.11254882812
-1.11015625
-1.21064453125
-1.03120117188
-0.992919921875
-0.95224609375
-0.937890625
-0.921142578125
-0.90439453125
-0.897216796875
-0.906787109375
-0.902001953125
-0.91875
-0.930712890625
-0.91396484375
-0.964208984375
-0.9091796875
-0.899609375
-0.902001953125
-0.9091796875
-0.935498046875
-0.93310546875
-0.976171875
-0.949853515625
-0.949853515625
-0.93310546875
-0.935498046875
-0.96181640625
-1.06948242188
-0.93310546875
-0.930712890625
-0.868505859375
-0.820654296875
-0.902001953125
-0.701025390625
-0.54072265625
-0.456982421875
-0.366064453125
-0.279931640625
-0.179443359375
-0.150732421875
-0.102880859375
-0.055029296875
0.00478515625
0.0861328125
0.03349609375
0.210546875
0.246435546875
0.31103515625
0.30625
0.279931640625
0.337353515625
0.38759765625
0.42587890625
0.456982421875
0.45458984375
0.605322265625
0.634033203125
0.629248046875
0.413916015625
0.60771484375
0.5359375
0.342138671875
0.49287109375
0.43544921875
0.401953125
0.5359375
1.16518554688
1.20825195312
1.27763671875
1.24174804688
1.21782226563
1.2154296875
1.20107421875
1.14604492188
1.16040039062
1.19868164063
1.20825195312
1.15561523438
1.08383789063
1.1197265625
1.12211914063
1.12211914063
1.10776367188
1.11494140625
1.09819335938
1.18193359375
1.15322265625
1.20107421875
1.24174804688
1.3015625
1.33745117188
1.34223632813
1.358984375
1.36376953125
1.34702148438
1.32788085938
1.34223632813
1.41879882813
1.397265625
1.40922851563
1.39965820312
1.50971679688
1.45708007813
1.47143554688
1.44750976562
1.46904296875
1.44990234375
1.41162109375
1.43076171875
1.4546875
1.41640625
1.41640625
1.39487304688
1.42836914063
1.27045898438
1.24653320313
1.49296875
1.25131835938
1.20825195312
1.21064453125
1.08862304688
1.05034179688
0.937890625
1.03120117188
0.777587890625
0.748876953125
0.662744140625
0.53115234375
0.375634765625
0.332568359375
0.30146484375
0.232080078125
0.169873046875
0.050244140625
-0.08134765625
-0.00478515625
-0.241650390625
-0.275146484375
-0.356494140625
-0.404345703125
-0.47373046875
-0.509619140625
-0.5455078125
-0.600537109375
-0.63642578125
-0.6794921875
-0.614892578125
-0.758447265625
-0.7943359375
-0.835009765625
-0.82783203125
-0.89482421875
-0.902001953125
-0.887646484375
-1.06469726562
-0.911572265625
-0.9283203125
-0.94267578125
-0.94267578125
-1.02880859375
-1.0623046875
-1.10297851563
-1.06948242188
-1.08383789063
-1.11733398438
-1.091015625
-0.93310546875
-1.07666015625
-1.05034179688
-1.02163085938
-1.02163085938
-0.99052734375
-1.06948242188
-0.873291015625
-0.9474609375
-0.96181640625
-0.959423828125
-0.949853515625
-0.899609375
-0.906787109375
-0.91396484375
-0.945068359375
-1.01206054688
-0.973779296875
-0.99052734375
-0.9666015625
-0.9857421875
-0.978564453125
-1.02880859375
-1.04794921875
-1.05991210938
-0.973779296875
-1.02880859375
-0.992919921875
-0.983349609375
-0.949853515625
-0.9857421875
-0.937890625
-0.949853515625
-0.8900390625
-0.823046875
-0.8421875
-0.78955078125
-0.806298828125
-0.784765625
-0.768017578125
-0.777587890625
-0.72734375
-0.667529296875
-0.653173828125
-0.63642578125
-0.590966796875
-0.5263671875
-0.480908203125
-0.332568359375
-0.246435546875
-0.248828125
-0.1626953125
-0.30625
-0.555078125
-0.074169921875
-0.11005859375
-0.02392578125
0.126806640625
0.184228515625
0.375634765625
0.4880859375
