-0.51201171875
-0.485693359375
-0.394775390625
-0.3158203125
-0.29189453125
-0.1818359375
-0.2392578125
-0.22490234375
-0.217724609375
-0.236865234375
0.0
0.059814453125
0.078955078125
0.07177734375
0.011962890625
0.232080078125
0.160302734375
0.380419921875
0.3923828125
0.461767578125
0.48330078125
0.461767578125
0.66513671875
0.696240234375
0.729736328125
0.76083984375
0.8134765625
0.863720703125
0.8708984375
0.916357421875
0.8421875
0.80390625
0.763232421875
0.68427734375
0.681884765625
0.65078125
0.6603515625
0.586181640625
0.452197265625
0.42587890625
0.370849609375
0.413916015625
0.42109375
0.385205078125
0.41630859375
0.19619140625
0.179443359375
0.23447265625
0.29189453125
0.248828125
0.270361328125
0.256005859375
0.3349609375
0.380419921875
0.208154296875
0.095703125
0.241650390625
0.42109375
0.440234375
0.308642578125
0.380419921875
0.42587890625
0.4306640625
0.605322265625
0.471337890625
0.547900390625
0.53115234375
0.53115234375
0.533544921875
0.528759765625
0.48330078125
0.4689453125
0.55029296875
0.586181640625
0.58857421875
0.65078125
0.669921875
0.567041015625
0.595751953125
0.605322265625
0.61728515625
0.6986328125
0.686669921875
0.64599609375
0.64599609375
0.65078125
0.6029296875
0.638818359375
0.62685546875
0.552685546875
0.57421875
0.60771484375
0.624462890625
0.629248046875
0.605322265625
0.605322265625
0.49287109375
0.69384765625
0.66513671875
0.631640625
0.59814453125
0.653173828125
0.6220703125
0.593359375
0.57421875
0.5837890625
0.60771484375
0.6029296875
0.555078125
0.528759765625
0.4880859375
0.509619140625
0.54072265625
0.5072265625
0.480908203125
0.452197265625
0.504833984375
0.547900390625
0.557470703125
0.6029296875
0.634033203125
0.696240234375
0.763232421875
0.7560546875
0.763232421875
0.839794921875
0.863720703125
0.973779296875
0.992919921875
1.06948242188
1.03837890625
1.02163085938
1.07666015625
1.10776367188
1.21303710938
1.05751953125
1.03598632813
1.052734375
1.10537109375
1.1197265625
1.14365234375
1.16279296875
0.937890625
1.04555664063
1.12451171875
1.20107421875
1.16279296875
1.02880859375
0.835009765625
0.8326171875
0.91396484375
0.978564453125
1.0240234375
0.954638671875
0.892431640625
0.78955078125
0.97138671875
0.988134765625
0.983349609375
0.988134765625
0.93310546875
0.916357421875
0.916357421875
0.897216796875
0.89482421875
0.91396484375
0.911572265625
0.902001953125
0.940283203125
0.940283203125
0.911572265625
0.95224609375
0.899609375
0.89482421875
0.873291015625
0.854150390625
0.861328125
0.815869140625
0.79912109375
0.806298828125
0.782373046875
0.74169921875
0.758447265625
0.72734375
0.677099609375
0.669921875
0.669921875
0.638818359375
0.57900390625
0.55986328125
0.500048828125
0.480908203125
0.593359375
0.41630859375
0.39716796875
0.37802734375
0.342138671875
0.366064453125
0.385205078125
0.3349609375
0.299072265625
0.246435546875
0.222509765625
0.24404296875
0.236865234375
0.2201171875
0.165087890625
0.098095703125
0.112451171875
0.11484375
0.088525390625
0.03349609375
0.016748046875
0.011962890625
-0.02392578125
-0.03349609375
-0.01435546875
-0.031103515625
-0.064599609375
-0.095703125
-0.098095703125
-0.10048828125
-0.074169921875
-0.112451171875
-0.131591796875
-0.131591796875
-0.13876953125
-0.117236328125
-0.117236328125
-0.141162109375
-0.179443359375
-0.172265625
-0.2775390625
-0.122021484375
-0.155517578125
-0.17705078125
-0.2201171875
-0.210546875
-0.208154296875
-0.217724609375
-0.2583984375
-0.232080078125
-0.28232421875
-0.275146484375
-0.24404296875
-0.2201171875
-0.2009765625
-0.210546875
-0.198583984375
-0.17705078125
-0.15791015625
-0.153125
-0.131591796875
-0.122021484375
-0.11484375
-0.05263671875
-0.08134765625
-0.074169921875
-0.002392578125
-0.00478515625
-0.093310546875
-0.095703125
-0.098095703125
-0.06220703125
-0.0669921875
-0.019140625
-0.016748046875
-0.01435546875
-0.069384765625
-0.09091796875
-0.074169921875
-0.093310546875
-0.05263671875
-0.04306640625
-0.007177734375
0.040673828125
0.07177734375
0.0861328125
0.1052734375
0.093310546875
0.131591796875
0.174658203125
0.203369140625
0.22490234375
0.260791015625
0.318212890625
0.37802734375
0.433056640625
0.433056640625
0.47373046875
0.53115234375
0.514404296875
0.52158203125
0.595751953125
0.614892578125
0.62685546875
0.653173828125
0.662744140625
0.715380859375
0.701025390625
0.72734375
0.739306640625
0.7560546875
0.746484375
0.710595703125
0.73212890625
0.729736328125
0.669921875
0.667529296875
0.65078125
0.629248046875
0.593359375
0.57900390625
0.58857421875
0.543115234375
0.5455078125
0.5455078125
0.514404296875
0.48330078125
0.471337890625
0.4689453125
0.313427734375
0.466552734375
0.440234375
0.437841796875
0.433056640625
0.428271484375
0.44501953125
0.401953125
0.418701171875
0.433056640625
0.366064453125
0.375634765625
0.380419921875
0.380419921875
0.375634765625
0.3541015625
0.3158203125
0.29189453125
0.26796875
0.2966796875
0.322998046875
0.3541015625
0.327783203125
0.2775390625
0.260791015625
0.256005859375
0.241650390625
0.210546875
0.169873046875
0.14833984375
0.198583984375
0.212939453125
0.179443359375
0.2392578125
0.356494140625
0.4115234375
0.18662109375
0.44501953125
0.567041015625
0.5072265625
0.547900390625
0.471337890625
0.614892578125
0.471337890625
0.64599609375
0.72255859375
0.72734375
0.705810546875
0.619677734375
0.701025390625
0.68427734375
0.708203125
0.71298828125
0.772802734375
0.746484375
0.772802734375
0.7751953125
0.8421875
0.849365234375
0.85654296875
0.78955078125
0.954638671875
0.9091796875
0.9857421875
0.97138671875
1.01206054688
0.988134765625
0.97138671875
1.04794921875
0.868505859375
0.7943359375
0.73212890625
0.624462890625
0.5646484375
0.476123046875
0.385205078125
0.325390625
0.246435546875
0.172265625
0.0765625
-0.0861328125
-0.03828125
-0.19619140625
-0.452197265625
-0.504833984375
-0.878076171875
-0.916357421875
-0.91875
-1.20107421875
-1.30634765625
-1.320703125
-1.512109375
-1.473828125
-1.48818359375
-1.48579101563
-1.48100585938
-1.40444335938
-1.26567382813
-1.17954101563
-1.02163085938
-0.887646484375
-0.634033203125
-0.8134765625
-0.868505859375
-0.447412109375
-0.413916015625
-0.5646484375
-0.471337890625
-0.34453125
-0.370849609375
-0.34453125
-0.456982421875
-0.70341796875
-0.459375
-0.050244140625
-0.461767578125
-0.363671875
-0.366064453125
-0.5263671875
-0.459375
-0.4306640625
-0.555078125
-0.490478515625
-0.394775390625
-0.25361328125
-0.2966796875
-0.275146484375
-0.284716796875
-0.366064453125
-0.401953125
-0.485693359375
-0.480908203125
-0.552685546875
-0.629248046875
-0.753662109375
-0.748876953125
-0.746484375
-0.863720703125
-0.88046875
-0.897216796875
-0.91396484375
-0.935498046875
-0.959423828125
-0.949853515625
-0.96181640625
-1.07426757813
-1.13647460938
-1.11733398438
-1.0623046875
-0.9666015625
-1.15322265625
-1.16040039062
-1.22978515625
-1.25131835938
-1.36376953125
-1.20346679688
-1.21064453125
-1.21782226563
-1.1580078125
-0.988134765625
-0.89482421875
-0.8708984375
-0.97138671875
-0.95703125
-0.861328125
-0.777587890625
-0.68427734375
-0.48330078125
-0.45458984375
-0.868505859375
-0.968994140625
-1.167578125
-1.09819335938
-1.06708984375
-0.91396484375
-0.91396484375
-0.937890625
-0.911572265625
-0.820654296875
-0.80390625
-0.882861328125
-0.935498046875
-0.78955078125
-0.705810546875
-0.624462890625
-0.47373046875
-0.47373046875
-0.6125
-0.70341796875
-0.638818359375
-0.44501953125
-0.203369140625
-0.193798828125
-0.39716796875
-0.461767578125
-0.308642578125
-0.11962890625
-0.07177734375
-0.122021484375
-0.112451171875
-0.045458984375
0.107666015625
0.064599609375
0.031103515625
0.0765625
0.150732421875
0.2296875
0.241650390625
0.2966796875
0.1052734375
0.093310546875
0.248828125
0.313427734375
0.342138671875
0.284716796875
0.256005859375
0.260791015625
0.299072265625
0.3828125
0.3828125
0.33017578125
0.31103515625
0.265576171875
0.2009765625
0.232080078125
0.265576171875
0.256005859375
0.30146484375
0.102880859375
0.10048828125
0.095703125
0.098095703125
0.0287109375
0.03828125
-0.02392578125
-0.00478515625
-0.093310546875
-0.222509765625
-0.222509765625
-0.2583984375
-0.074169921875
-0.07177734375
-0.26318359375
-0.256005859375
-0.179443359375
-0.17705078125
-0.299072265625
-0.141162109375
-0.174658203125
-0.2296875
-0.20576171875
-0.153125
-0.145947265625
-0.150732421875
-0.179443359375
-0.069384765625
-0.0669921875
-0.088525390625
-0.045458984375
0.0095703125
-0.026318359375
-0.040673828125
-0.14833984375
-0.019140625
-0.0478515625
-0.045458984375
-0.064599609375
-0.098095703125
-0.2201171875
-0.4306640625
-0.2392578125
-0.122021484375
-0.18662109375
-0.21533203125
-0.294287109375
-0.3923828125
-0.413916015625
-0.308642578125
-0.308642578125
-0.31103515625
-0.308642578125
-0.366064453125
-0.351708984375
-0.332568359375
-0.500048828125
-0.476123046875
-0.356494140625
-0.1626953125
-0.22490234375
-0.246435546875
-0.31103515625
-0.294287109375
-0.251220703125
-0.289501953125
-0.122021484375
-0.13876953125
-0.098095703125
-0.08134765625
-0.057421875
-0.007177734375
0.095703125
0.107666015625
0.112451171875
0.20576171875
0.2392578125
0.289501953125
0.325390625
0.404345703125
0.43544921875
0.4880859375
0.58857421875
0.638818359375
0.729736328125
0.73212890625
0.73212890625
0.878076171875
0.82783203125
0.715380859375
0.6603515625
0.63642578125
0.830224609375
0.823046875
0.80390625
0.791943359375
0.85654296875
0.8421875
0.835009765625
0.820654296875
0.796728515625
0.782373046875
0.82783203125
0.772802734375
0.787158203125
0.76083984375
0.720166015625
0.657958984375
0.7369140625
0.5837890625
0.49765625
0.461767578125
0.325390625
0.3158203125
0.265576171875
0.145947265625
0.03828125
-0.0095703125
-0.126806640625
-0.241650390625
-0.33017578125
-0.327783203125
-0.401953125
-0.547900390625
-0.610107421875
-0.686669921875
-0.691455078125
-0.708203125
-0.80390625
-0.81826171875
-0.863720703125
-0.77041015625
-0.93310546875
-0.97138671875
-0.968994140625
-1.03837890625
-0.906787109375
-0.73212890625
-0.96181640625
-1.20825195312
-0.844580078125
-1.00249023438
-1.03598632813
-0.85654296875
-0.899609375
-0.9857421875
-0.892431640625
-0.839794921875
-0.763232421875
-0.830224609375
-0.79912109375
