-0.265576171875
-0.33017578125
-0.260791015625
-0.27275390625
-0.294287109375
-0.275146484375
-0.232080078125
-0.179443359375
-0.126806640625
-0.284716796875
-0.0861328125
-0.145947265625
0.035888671875
0.026318359375
0.0861328125
0.150732421875
0.1818359375
0.203369140625
0.30625
0.179443359375
0.064599609375
0.098095703125
0.04306640625
-0.0861328125
0.007177734375
-0.019140625
-0.026318359375
-0.08134765625
-0.093310546875
-0.19619140625
-0.208154296875
-0.212939453125
-0.2583984375
-0.308642578125
-0.39716796875
-0.36845703125
-0.394775390625
-0.4115234375
-0.318212890625
-0.478515625
-0.485693359375
-0.514404296875
-0.43544921875
-0.42587890625
-0.52158203125
-0.58857421875
-0.6890625
-0.576611328125
-0.56943359375
-0.562255859375
-0.516796875
-0.50244140625
-0.57421875
-0.519189453125
-0.5263671875
-0.55986328125
-0.557470703125
-0.60771484375
-0.571826171875
-0.543115234375
-0.485693359375
-0.69384765625
-0.696240234375
-0.815869140625
-0.8326171875
-0.86611328125
-0.7943359375
-0.94267578125
-0.9857421875
-1.0048828125
-1.06948242188
-1.13408203125
-1.13408203125
-1.13168945313
-1.17236328125
-1.17236328125
-1.13168945313
-1.10776367188
-1.08383789063
-1.00249023438
-0.964208984375
-0.849365234375
-0.74169921875
-0.68427734375
-0.538330078125
-0.495263671875
-0.34931640625
-0.265576171875
-0.17705078125
-0.050244140625
0.057421875
0.0861328125
0.11484375
0.153125
0.19619140625
0.16748046875
0.203369140625
0.203369140625
0.184228515625
0.1818359375
0.126806640625
0.098095703125
0.088525390625
0.021533203125
-0.03349609375
-0.064599609375
-0.09091796875
-0.15791015625
-0.1626953125
-0.26318359375
-0.2296875
-0.275146484375
-0.2296875
-0.2009765625
-0.08134765625
-0.057421875
0.050244140625
0.208154296875
0.404345703125
0.44501953125
0.5359375
0.595751953125
0.59814453125
0.619677734375
0.6220703125
0.64599609375
0.478515625
0.440234375
0.447412109375
0.42109375
0.404345703125
0.34931640625
0.401953125
0.41630859375
0.466552734375
0.49287109375
0.50244140625
0.519189453125
0.547900390625
0.63642578125
0.610107421875
0.6890625
0.667529296875
0.70341796875
0.734521484375
0.734521484375
0.801513671875
0.87568359375
0.835009765625
0.882861328125
0.99052734375
0.968994140625
1.02880859375
1.10776367188
1.15083007813
1.07666015625
1.37573242188
1.28481445313
1.36376953125
1.435546875
1.46186523438
1.52646484375
1.38051757813
1.39487304688
1.33266601563
1.30874023438
1.28959960938
1.31352539063
1.24892578125
1.16279296875
1.14125976563
1.11015625
1.11254882812
1.19868164063
1.052734375
1.00009765625
0.99052734375
0.964208984375
0.9666015625
0.98095703125
0.954638671875
0.988134765625
1.05751953125
0.983349609375
1.00727539063
1.00009765625
1.03837890625
0.983349609375
1.04794921875
1.04555664063
0.98095703125
1.16997070313
1.16040039062
1.29916992188
1.33505859375
1.38530273438
1.48579101563
1.54560546875
1.63413085938
1.61259765625
1.69873046875
1.73940429688
1.79204101563
1.76333007813
1.7896484375
1.75854492188
1.67719726563
1.67241210938
1.57192382813
1.44272460938
1.397265625
1.26806640625
1.1771484375
1.21303710938
1.01206054688
0.95224609375
0.820654296875
0.7751953125
0.6890625
0.57900390625
0.51201171875
0.428271484375
0.308642578125
0.45458984375
0.208154296875
0.275146484375
0.031103515625
-0.016748046875
-0.122021484375
-0.133984375
-0.0861328125
-0.4498046875
-0.19619140625
-0.4306640625
-0.466552734375
-0.49765625
-0.562255859375
-0.51201171875
-0.500048828125
-0.466552734375
-0.440234375
-0.610107421875
-0.47373046875
-0.433056640625
-0.45458984375
-0.456982421875
-0.404345703125
-0.394775390625
-0.356494140625
-0.332568359375
-0.289501953125
-0.279931640625
-0.222509765625
-0.174658203125
-0.160302734375
-0.095703125
-0.0669921875
-0.019140625
0.0
0.07177734375
0.11962890625
0.1818359375
0.17705078125
0.126806640625
0.165087890625
0.287109375
0.136376953125
0.019140625
0.0861328125
0.093310546875
0.011962890625
0.0095703125
0.03828125
0.03828125
-0.011962890625
-0.011962890625
-0.0669921875
-0.064599609375
-0.0478515625
-0.11484375
-0.11005859375
0.09091796875
0.007177734375
-0.122021484375
-0.064599609375
-0.050244140625
-0.0669921875
-0.059814453125
-0.074169921875
-0.045458984375
-0.040673828125
-0.093310546875
-0.133984375
-0.1244140625
-0.117236328125
-0.141162109375
-0.155517578125
-0.141162109375
-0.12919921875
-0.150732421875
-0.20576171875
-0.189013671875
-0.198583984375
-0.198583984375
-0.1435546875
-0.13876953125
-0.145947265625
-0.14833984375
-0.1435546875
-0.1626953125
-0.117236328125
-0.1244140625
-0.11005859375
-0.107666015625
-0.09091796875
-0.064599609375
-0.0669921875
-0.031103515625
-0.011962890625
-0.13876953125
0.00478515625
0.0287109375
0.035888671875
0.078955078125
0.03828125
0.03349609375
0.0765625
0.098095703125
0.107666015625
0.126806640625
0.10048828125
0.083740234375
0.13876953125
0.172265625
0.15791015625
0.208154296875
0.212939453125
0.23447265625
0.246435546875
0.2583984375
0.294287109375
0.308642578125
0.325390625
0.318212890625
0.351708984375
0.33017578125
0.30625
0.31103515625
0.299072265625
0.289501953125
0.35888671875
0.322998046875
0.361279296875
0.322998046875
0.30146484375
0.342138671875
0.33974609375
0.380419921875
0.404345703125
0.4306640625
0.4498046875
0.495263671875
0.4880859375
0.509619140625
0.5646484375
0.555078125
0.57421875
0.6029296875
0.62685546875
0.662744140625
0.667529296875
0.696240234375
0.6986328125
0.6986328125
0.715380859375
0.73212890625
0.7369140625
0.765625
0.777587890625
0.763232421875
0.796728515625
0.823046875
0.80869140625
0.80869140625
0.787158203125
0.624462890625
0.777587890625
0.758447265625
0.7751953125
0.71298828125
0.691455078125
0.669921875
0.648388671875
0.73212890625
0.5359375
0.504833984375
0.459375
0.442626953125
0.318212890625
0.279931640625
0.279931640625
0.22490234375
0.198583984375
0.29189453125
0.095703125
0.09091796875
0.0095703125
-0.04306640625
-0.078955078125
-0.0669921875
-0.1244140625
-0.193798828125
-0.24404296875
-0.248828125
-0.232080078125
-0.2296875
-0.246435546875
-0.279931640625
-0.342138671875
-0.428271484375
-0.442626953125
-0.5646484375
-0.60771484375
-0.595751953125
-0.50244140625
-0.519189453125
-0.528759765625
-0.5359375
-0.55029296875
-0.533544921875
-0.504833984375
-0.49287109375
-0.5263671875
-0.480908203125
-0.40673828125
-0.3732421875
-0.270361328125
-0.21533203125
-0.184228515625
-0.172265625
-0.21533203125
-0.21533203125
-0.193798828125
-0.217724609375
-0.18662109375
-0.2296875
-0.045458984375
-0.1052734375
-0.227294921875
-0.09091796875
-0.0669921875
-0.509619140625
-0.26796875
0.122021484375
-0.21533203125
-0.160302734375
-0.299072265625
-0.2775390625
-0.557470703125
-0.586181640625
-0.555078125
-0.351708984375
-0.52158203125
-0.6890625
-0.5837890625
-0.49765625
-0.7177734375
-0.6220703125
-0.478515625
-0.701025390625
-0.677099609375
-0.6603515625
-0.68427734375
-0.67470703125
-0.638818359375
-0.63642578125
-0.6125
-0.576611328125
-0.5263671875
-0.47373046875
-0.459375
-0.562255859375
-0.5263671875
-0.361279296875
-0.294287109375
-0.322998046875
-0.30625
-0.33974609375
-0.3923828125
-0.42109375
-0.4689453125
-0.440234375
-0.43544921875
-0.490478515625
-0.49765625
-0.51201171875
-0.516796875
-0.54072265625
-0.55986328125
-0.547900390625
-0.562255859375
-0.543115234375
-0.53115234375
-0.514404296875
-0.4498046875
-0.4306640625
-0.44501953125
-0.287109375
-0.313427734375
-0.172265625
-0.145947265625
-0.069384765625
-0.045458984375
0.002392578125
0.098095703125
0.13876953125
0.20576171875
0.21533203125
0.279931640625
0.38759765625
0.428271484375
0.49765625
0.5263671875
0.571826171875
0.49765625
0.710595703125
0.729736328125
0.772802734375
0.791943359375
0.91396484375
0.9666015625
0.978564453125
1.03120117188
1.05034179688
1.05512695313
1.052734375
1.03837890625
1.05751953125
1.04555664063
1.06708984375
1.0431640625
1.014453125
1.014453125
0.954638671875
0.83740234375
0.765625
0.71298828125
0.696240234375
0.67470703125
0.65078125
0.562255859375
0.519189453125
0.452197265625
0.40673828125
0.3732421875
0.456982421875
0.241650390625
0.1818359375
0.13876953125
0.0478515625
-0.00478515625
-0.10048828125
-0.193798828125
-0.172265625
-0.375634765625
-0.337353515625
-0.6029296875
-0.6794921875
-0.701025390625
-0.753662109375
-0.7943359375
-0.84697265625
-0.868505859375
-0.887646484375
-0.835009765625
-0.830224609375
-0.777587890625
-0.739306640625
-0.73212890625
-0.72734375
-0.720166015625
-0.68427734375
-0.653173828125
-0.643603515625
-0.65556640625
-0.576611328125
-0.58857421875
-0.555078125
-0.528759765625
-0.552685546875
-0.52158203125
-0.547900390625
-0.555078125
-0.56943359375
-0.56943359375
-0.610107421875
-0.6029296875
-0.576611328125
-0.605322265625
-0.600537109375
-0.64599609375
-0.614892578125
-0.519189453125
-0.480908203125
-0.708203125
-0.686669921875
-0.63642578125
-0.595751953125
-0.610107421875
-0.648388671875
-0.600537109375
-0.686669921875
-0.555078125
-0.50244140625
-0.461767578125
-0.33017578125
-0.25361328125
-0.265576171875
-0.155517578125
-0.064599609375
0.002392578125
0.057421875
0.303857421875
0.2583984375
0.26796875
0.172265625
0.39716796875
0.452197265625
0.409130859375
0.461767578125
0.495263671875
0.5455078125
0.567041015625
0.581396484375
0.634033203125
0.657958984375
0.67470703125
0.667529296875
0.68427734375
0.667529296875
0.6220703125
0.6029296875
0.547900390625
0.557470703125
0.631640625
0.39716796875
0.370849609375
0.337353515625
0.356494140625
0.21533203125
0.30146484375
0.088525390625
0.11962890625
-0.007177734375
-0.07177734375
-0.145947265625
-0.2201171875
-0.24404296875
-0.356494140625
-0.442626953125
-0.509619140625
-0.5837890625
-0.662744140625
-0.6890625
-0.638818359375
-0.696240234375
-0.772802734375
-0.768017578125
-0.782373046875
-0.79912109375
-0.84697265625
-0.868505859375
-0.882861328125
-0.89482421875
-0.88525390625
-0.878076171875
-0.911572265625
-0.940283203125
-1.00009765625
-0.997705078125
-1.01923828125
-1.00009765625
-1.02641601563
-1.03359375
-0.976171875
-1.00727539063
-1.02880859375
-0.988134765625
-0.983349609375
-1.00249023438
-1.00249023438
-0.897216796875
-0.87568359375
-0.8517578125
-0.81826171875
-0.7560546875
-0.65078125
-0.77041015625
-0.66513671875
-0.705810546875
