-0.657958984375
-0.65556640625
-0.715380859375
-0.75126953125
-0.543115234375
-0.55986328125
-0.552685546875
-0.509619140625
-0.480908203125
-0.50244140625
-0.4306640625
-0.385205078125
-0.366064453125
-0.3541015625
-0.385205078125
-0.29189453125
-0.29189453125
-0.270361328125
-0.3158203125
-0.30146484375
-0.3158203125
-0.33974609375
-0.394775390625
-0.40673828125
-0.440234375
-0.478515625
-0.461767578125
-0.452197265625
-0.437841796875
-0.38759765625
-0.3349609375
-0.318212890625
-0.30625
-0.287109375
-0.198583984375
-0.203369140625
-0.126806640625
-0.11962890625
-0.040673828125
-0.021533203125
-0.11005859375
0.083740234375
0.107666015625
0.011962890625
0.222509765625
0.251220703125
0.294287109375
0.2966796875
0.27275390625
0.153125
0.380419921875
0.4306640625
0.433056640625
0.452197265625
0.528759765625
0.533544921875
0.53115234375
0.60771484375
0.634033203125
0.631640625
0.708203125
0.54072265625
0.801513671875
0.720166015625
0.849365234375
0.945068359375
0.997705078125
1.00249023438
0.964208984375
1.05512695313
1.03837890625
1.04794921875
1.05034179688
1.21064453125
1.12451171875
1.129296875
1.18193359375
1.167578125
1.17954101563
1.3015625
1.26328125
1.27045898438
1.3111328125
1.32548828125
1.28720703125
1.38530273438
1.2345703125
1.36137695313
1.43076171875
1.45708007813
1.42836914063
1.45229492188
1.4451171875
1.43076171875
1.43315429688
1.46665039063
1.37094726563
1.40444335938
1.33984375
1.28002929688
1.22739257813
1.28959960938
1.19150390625
1.10297851563
0.92353515625
0.902001953125
0.86611328125
0.8421875
0.748876953125
0.696240234375
0.653173828125
0.581396484375
0.48330078125
0.3732421875
0.351708984375
0.10048828125
0.337353515625
0.184228515625
0.208154296875
0.21533203125
0.217724609375
0.208154296875
0.2583984375
0.270361328125
0.256005859375
0.232080078125
0.21533203125
0.24404296875
0.212939453125
0.16748046875
0.11962890625
0.02392578125
0.0861328125
0.279931640625
0.126806640625
0.117236328125
0.1435546875
0.136376953125
0.1626953125
0.14833984375
0.1435546875
0.07177734375
-0.136376953125
-0.045458984375
-0.093310546875
-0.057421875
-0.035888671875
-0.011962890625
-0.021533203125
-0.035888671875
-0.019140625
-0.074169921875
-0.06220703125
-0.107666015625
-0.078955078125
-0.102880859375
-0.11484375
-0.122021484375
-0.102880859375
-0.126806640625
-0.102880859375
-0.112451171875
-0.145947265625
-0.18662109375
-0.251220703125
-0.256005859375
-0.25361328125
-0.26796875
-0.165087890625
-0.165087890625
-0.088525390625
-0.04306640625
-0.09091796875
-0.035888671875
-0.05263671875
-0.02392578125
0.019140625
0.064599609375
0.088525390625
0.18662109375
0.265576171875
0.370849609375
0.46416015625
0.4880859375
0.691455078125
0.696240234375
0.784765625
0.925927734375
0.9666015625
0.97138671875
1.05991210938
1.08623046875
1.12211914063
1.12690429688
1.14125976563
1.14365234375
1.1197265625
1.10776367188
1.02641601563
1.11015625
1.17236328125
1.08862304688
1.21303710938
1.02163085938
1.0240234375
0.9474609375
0.959423828125
0.823046875
0.753662109375
0.657958984375
0.490478515625
0.332568359375
0.256005859375
0.045458984375
-0.098095703125
-0.208154296875
-0.404345703125
-0.5455078125
-0.6220703125
-0.653173828125
-0.65078125
-0.73212890625
-0.681884765625
-0.629248046875
-0.55029296875
-0.516796875
-0.471337890625
-0.346923828125
-0.43544921875
-0.23447265625
-0.133984375
-0.03828125
0.093310546875
0.0287109375
0.241650390625
0.155517578125
0.133984375
0.078955078125
0.155517578125
0.385205078125
0.308642578125
0.2583984375
0.3541015625
0.533544921875
0.064599609375
0.442626953125
0.423486328125
0.270361328125
0.141162109375
0.050244140625
0.059814453125
0.1052734375
-0.055029296875
-0.160302734375
-0.232080078125
-0.126806640625
-0.09091796875
-0.155517578125
-0.24404296875
-0.117236328125
-0.074169921875
-0.021533203125
0.141162109375
0.23447265625
0.275146484375
0.19619140625
0.2966796875
0.2392578125
0.212939453125
0.287109375
0.112451171875
0.11962890625
0.02392578125
-0.1052734375
-0.193798828125
-0.236865234375
-0.34453125
-0.363671875
-0.6603515625
-0.861328125
-0.8421875
-1.17236328125
-1.29677734375
-1.45708007813
-1.57670898438
-1.68916015625
-1.81357421875
-1.65087890625
-1.8279296875
-1.82314453125
-1.7609375
-1.82075195313
-1.62456054688
-1.6173828125
-1.61020507813
-1.51689453125
-1.473828125
-1.42836914063
-1.40205078125
-1.28959960938
-1.244140625
-1.15561523438
-1.06469726562
-1.04077148438
-0.925927734375
-0.949853515625
-0.8421875
-0.73212890625
-0.6986328125
-0.765625
-0.547900390625
-0.538330078125
-0.40673828125
-0.385205078125
-0.34931640625
-0.2775390625
-0.270361328125
-0.287109375
-0.1626953125
-0.318212890625
-0.361279296875
-0.337353515625
-0.370849609375
-0.409130859375
-0.409130859375
-0.44501953125
-0.44501953125
-0.3828125
-0.342138671875
-0.370849609375
-0.308642578125
-0.29189453125
-0.260791015625
-0.2392578125
-0.174658203125
-0.246435546875
-0.18662109375
-0.198583984375
-0.20576171875
-0.20576171875
-0.21533203125
-0.19140625
-0.193798828125
-0.1818359375
-0.20576171875
-0.210546875
-0.303857421875
-0.093310546875
0.074169921875
-0.04306640625
-0.2296875
0.040673828125
0.13876953125
-0.050244140625
-0.1435546875
-0.074169921875
-0.1435546875
-0.1435546875
-0.11005859375
-0.095703125
-0.040673828125
-0.02392578125
0.050244140625
0.12919921875
0.035888671875
0.26796875
0.35888671875
0.385205078125
0.394775390625
0.593359375
0.715380859375
0.82783203125
0.892431640625
0.968994140625
1.11254882812
1.16518554688
1.22739257813
1.30634765625
1.37333984375
1.4451171875
1.45229492188
1.48100585938
1.5216796875
1.51450195313
1.46904296875
1.53842773438
1.48100585938
1.46665039063
1.47143554688
1.39965820312
1.435546875
1.35659179688
1.30874023438
1.28002929688
1.225
1.23696289063
1.21064453125
1.14604492188
1.03359375
1.03120117188
0.96181640625
0.945068359375
0.863720703125
0.75126953125
0.753662109375
0.562255859375
0.51201171875
0.361279296875
0.2775390625
0.203369140625
0.045458984375
-0.083740234375
-0.165087890625
-0.37802734375
-0.466552734375
-0.593359375
-0.705810546875
-0.78955078125
-0.91875
-0.99052734375
-1.12211914063
-1.21064453125
-1.3111328125
-1.42119140625
-1.435546875
-1.46904296875
-1.51928710938
-1.588671875
-1.6173828125
-1.71787109375
-1.75375976563
-1.72504882813
-1.72744140625
-1.550390625
-1.65327148438
-1.60302734375
-1.56713867188
-1.63891601563
-1.50014648438
-1.48579101563
-1.45229492188
-1.43315429688
-1.38291015625
-1.473828125
-1.58388671875
-1.48818359375
-1.47861328125
-1.44750976562
-1.42119140625
-1.33745117188
-1.24653320313
-1.167578125
-1.12211914063
-0.92353515625
-0.80869140625
-0.691455078125
-0.5646484375
-0.519189453125
-0.370849609375
-0.246435546875
-0.078955078125
0.112451171875
0.232080078125
0.361279296875
0.49765625
0.610107421875
0.70341796875
0.75126953125
0.820654296875
0.815869140625
0.765625
0.77998046875
1.02880859375
0.902001953125
1.10776367188
1.2154296875
1.35180664062
1.37333984375
1.3876953125
1.59584960938
1.6365234375
1.61499023438
1.65805664063
1.78486328125
1.7130859375
1.69873046875
1.684375
1.74418945313
1.74897460938
1.741796875
1.76333007813
1.75854492188
1.74897460938
1.7609375
1.78725585938
1.79921875
1.79682617188
1.88056640625
1.87338867188
1.84946289063
1.89013671875
1.88774414063
1.89731445313
1.88774414063
1.89970703125
1.92841796875
1.88295898438
1.93559570313
1.85185546875
1.80161132813
1.78486328125
1.81118164063
1.72983398438
1.69873046875
1.69155273438
1.68198242188
1.67001953125
1.6939453125
1.72504882813
1.62456054688
1.65805664063
1.82553710938
1.73701171875
1.69873046875
1.72504882813
1.71787109375
1.73940429688
1.69633789063
1.71547851563
1.83510742188
1.65327148438
1.64130859375
1.60063476563
1.51928710938
1.48579101563
1.44750976562
1.36137695313
1.282421875
1.17954101563
1.16997070313
1.10537109375
1.09340820313
0.997705078125
0.99052734375
0.94267578125
0.902001953125
0.863720703125
0.791943359375
0.75126953125
0.67470703125
0.657958984375
0.75126953125
0.557470703125
0.516796875
0.4498046875
0.4498046875
0.39716796875
0.380419921875
0.325390625
0.2201171875
0.2296875
0.18662109375
0.112451171875
0.045458984375
0.0287109375
-0.03828125
-0.06220703125
-0.08134765625
-0.15791015625
-0.2009765625
-0.198583984375
-0.241650390625
-0.23447265625
-0.26796875
-0.318212890625
-0.256005859375
-0.222509765625
-0.22490234375
-0.193798828125
-0.193798828125
-0.16748046875
-0.169873046875
-0.11005859375
-0.12919921875
-0.133984375
-0.136376953125
-0.0669921875
-0.0765625
-0.06220703125
-0.011962890625
-0.150732421875
0.031103515625
0.08134765625
0.165087890625
0.189013671875
0.246435546875
0.356494140625
0.418701171875
0.4115234375
0.509619140625
0.57421875
0.478515625
0.681884765625
0.772802734375
0.83740234375
0.887646484375
0.95703125
1.03359375
1.08862304688
1.1388671875
1.22260742188
1.25849609375
1.36137695313
1.41879882813
1.46186523438
1.56713867188
1.6078125
1.5408203125
1.71547851563
1.74897460938
1.79443359375
1.83271484375
1.93081054688
1.92124023438
1.92841796875
1.93081054688
1.94755859375
1.93081054688
1.93081054688
1.91884765625
1.92602539063
1.89731445313
1.9140625
1.89252929688
1.89970703125
1.85185546875
1.82553710938
1.85424804688
1.85903320313
1.81118164063
1.8279296875
1.971484375
1.7513671875
1.71069335938
1.6939453125
1.67958984375
1.6365234375
1.6748046875
1.6173828125
1.56953125
1.5599609375
1.56235351563
1.56953125
1.54321289063
1.56474609375
1.56953125
1.61259765625
1.61259765625
1.62934570313
1.7130859375
1.70830078125
1.7130859375
1.77529296875
1.8087890625
1.84228515625
1.85185546875
1.90927734375
1.9236328125
1.990625
1.98823242188
2.0193359375
2.048046875
2.07915039063
2.09829101563
2.08154296875
2.07915039063
2.08393554688
2.08154296875
2.08393554688
2.11743164062
2.06958007812
2.0576171875
2.04565429688
2.086328125
2.09829101563
2.124609375
2.14853515625
2.20595703125
2.29448242188
2.31840820313
2.33754882813
2.55048828125
2.51938476563
2.54809570312
2.60791015625
2.68208007813
2.67490234375
2.66772460938
2.69643554688
2.698828125
