-2.0671875
-2.14853515625
-2.14614257813
-2.18203125
-2.20834960938
-2.25859375
-2.31123046875
-2.30883789062
-2.35190429688
-2.35668945312
-2.33994140625
-2.39497070313
-2.40932617188
-2.392578125
-2.41171875
-2.37583007813
-2.37822265625
-2.392578125
-2.38779296875
-2.35190429688
-2.34233398438
-2.34233398438
-2.3255859375
-2.34951171875
-2.354296875
-2.35908203125
-2.31840820313
-2.32319335938
-2.33994140625
-2.3064453125
-2.31123046875
-2.43564453125
-2.28251953125
-2.2490234375
-2.2298828125
-2.201171875
-2.201171875
-2.17963867188
-2.17963867188
-2.18442382813
-2.18442382813
-2.14135742188
-2.08393554688
-2.07197265625
-2.07197265625
-2.0767578125
-2.048046875
-1.99301757813
-1.99301757813
-1.9619140625
-1.91645507813
-1.86142578125
-1.86142578125
-1.818359375
-1.78486328125
-1.75375976563
-1.75375976563
-1.72744140625
-1.72265625
-1.72504882813
-1.72504882813
-1.67958984375
-1.63891601563
-1.63891601563
-1.60302734375
-1.58627929688
-1.6173828125
-1.60541992188
-1.60541992188
-1.55517578125
-1.52885742188
-1.52646484375
-1.52646484375
-1.52407226563
-1.4833984375
-1.4833984375
-1.45947265625
-1.49057617188
-1.44990234375
-1.44990234375
-1.40922851563
-1.43315429688
-1.45708007813
-1.45708007813
-1.44750976562
-1.4642578125
-1.4642578125
-1.4642578125
-1.41162109375
-1.42836914063
-1.45947265625
-1.45947265625
-1.45947265625
-1.45229492188
-1.4451171875
-1.4451171875
-1.44990234375
-1.47861328125
-1.48818359375
-1.48818359375
-1.46904296875
-1.49296875
-1.49296875
-1.52646484375
-1.52885742188
-1.50014648438
-1.50014648438
-1.5025390625
-1.51689453125
-1.50732421875
-1.50732421875
-1.51450195313
-1.51928710938
-1.512109375
-1.512109375
-1.52885742188
-1.55278320313
-1.54799804688
-1.54799804688
-1.57192382813
-1.5599609375
-1.5599609375
-1.5599609375
-1.56713867188
-1.55278320313
-1.5791015625
-1.5791015625
-1.6078125
-1.62216796875
-1.62216796875
-1.59584960938
-1.5982421875
-1.6078125
-1.6078125
-1.59584960938
-1.58627929688
-1.5982421875
-1.61259765625
-1.61259765625
-1.57670898438
-1.58149414063
-1.58149414063
-1.626953125
-1.6173828125
-1.60302734375
-1.60302734375
-1.626953125
-1.62456054688
-1.60302734375
-1.63413085938
-1.63413085938
-1.66284179688
-1.66044921875
-1.665234375
-1.68676757813
-1.68676757813
-1.67001953125
-1.66044921875
-1.70830078125
-1.73461914063
-1.72504882813
-1.78247070313
-1.80161132813
-1.83510742188
-1.818359375
-1.81357421875
-1.84467773438
-1.8662109375
-1.85903320313
-1.87338867188
-1.93081054688
-1.94038085938
-1.91884765625
-1.91884765625
-1.8853515625
-1.90927734375
-1.89013671875
-1.89731445313
-1.90688476563
-1.85903320313
-1.84228515625
-1.78486328125
-1.81118164063
-1.818359375
-1.77290039063
-1.74418945313
-1.70590820313
-1.7322265625
-1.72744140625
-1.72983398438
-1.71069335938
-1.71069335938
-1.68676757813
-1.71069335938
-1.71069335938
-1.7130859375
-1.7130859375
-1.68676757813
-1.67958984375
-1.684375
-1.65805664063
-1.67001953125
-1.63173828125
-1.63173828125
-1.65327148438
-1.67001953125
-1.65087890625
-1.626953125
-1.59345703125
-1.5982421875
-1.57670898438
-1.61020507813
-1.62934570313
-1.56953125
-1.56235351563
-1.50014648438
-1.50732421875
-1.48818359375
-1.53364257813
-1.40922851563
-1.44990234375
-1.70830078125
-1.48579101563
-1.3111328125
-1.30634765625
-1.37094726563
-1.39487304688
-1.37333984375
-1.30634765625
-1.2728515625
-1.21303710938
-1.20107421875
-1.20825195312
-1.3302734375
-1.23217773438
-1.12690429688
-1.13647460938
-1.10297851563
-1.07905273438
-1.014453125
-1.03837890625
-0.964208984375
-0.964208984375
-0.954638671875
-0.95703125
-0.945068359375
-0.902001953125
-0.91396484375
-0.8900390625
-0.899609375
-0.921142578125
-0.878076171875
-0.873291015625
-0.806298828125
-0.823046875
-0.8421875
-0.806298828125
-0.791943359375
-0.75126953125
-0.7751953125
-0.8134765625
-0.79912109375
-0.8326171875
-0.81826171875
-0.811083984375
-0.806298828125
-0.7751953125
-0.79912109375
-0.746484375
-0.72255859375
-0.68427734375
-0.629248046875
-0.6125
-0.6029296875
-0.552685546875
-0.504833984375
-0.49765625
-0.500048828125
-0.49287109375
-0.471337890625
-0.471337890625
-0.49287109375
-0.308642578125
-0.6029296875
-0.500048828125
-0.45458984375
-0.509619140625
-0.516796875
-0.480908203125
-0.42587890625
-0.34931640625
-0.332568359375
-0.28232421875
-0.275146484375
-0.179443359375
-0.160302734375
-0.2009765625
-0.14833984375
-0.00478515625
-0.083740234375
-0.031103515625
-0.007177734375
0.141162109375
0.107666015625
0.08134765625
0.10048828125
0.133984375
0.117236328125
0.141162109375
0.189013671875
0.20576171875
0.15791015625
0.172265625
0.179443359375
0.212939453125
0.294287109375
0.26796875
0.265576171875
0.2966796875
0.30625
0.3158203125
0.327783203125
0.361279296875
0.428271484375
0.413916015625
0.3828125
0.389990234375
0.41630859375
0.385205078125
0.38759765625
0.404345703125
0.42109375
0.4115234375
0.394775390625
0.385205078125
0.275146484375
0.275146484375
0.342138671875
0.318212890625
0.265576171875
0.303857421875
0.27275390625
0.22490234375
0.212939453125
0.236865234375
0.2392578125
0.2201171875
0.227294921875
0.25361328125
0.26796875
0.256005859375
0.1818359375
0.31103515625
0.36845703125
0.34931640625
0.351708984375
0.413916015625
0.41630859375
0.538330078125
0.528759765625
0.538330078125
0.543115234375
0.538330078125
0.57900390625
0.6125
0.69384765625
0.67470703125
0.69384765625
0.7369140625
0.746484375
0.784765625
0.77998046875
0.7751953125
0.830224609375
0.7751953125
0.935498046875
0.94267578125
0.98095703125
1.00727539063
1.0240234375
1.02163085938
1.06948242188
1.10776367188
1.14125976563
1.1197265625
1.18671875
1.26328125
1.21782226563
1.20346679688
1.19389648438
1.20825195312
1.21303710938
1.24174804688
1.18193359375
1.05751953125
1.01923828125
1.01206054688
1.02880859375
1.07905273438
1.06469726562
0.94267578125
0.892431640625
0.782373046875
0.72734375
0.7560546875
0.763232421875
0.765625
0.715380859375
0.7177734375
0.634033203125
0.624462890625
0.57421875
0.5359375
0.500048828125
0.46416015625
0.495263671875
0.3828125
0.4498046875
0.459375
0.401953125
0.3732421875
0.332568359375
0.322998046875
0.32060546875
0.270361328125
0.217724609375
0.20576171875
0.189013671875
0.208154296875
0.18662109375
0.0669921875
0.0861328125
0.133984375
0.09091796875
0.064599609375
0.0861328125
0.083740234375
0.117236328125
0.122021484375
0.019140625
0.155517578125
0.011962890625
0.189013671875
0.193798828125
0.19140625
0.20576171875
0.208154296875
0.169873046875
0.2392578125
0.2296875
0.287109375
0.172265625
0.246435546875
0.227294921875
0.13876953125
0.141162109375
0.217724609375
0.19140625
0.17705078125
0.126806640625
0.15791015625
0.169873046875
0.21533203125
0.217724609375
0.179443359375
0.193798828125
0.20576171875
0.198583984375
0.24404296875
0.2583984375
0.28232421875
0.222509765625
0.265576171875
0.251220703125
0.222509765625
0.203369140625
0.2583984375
0.236865234375
0.241650390625
0.22490234375
0.217724609375
0.241650390625
0.2296875
0.21533203125
0.2296875
0.24404296875
0.23447265625
0.24404296875
0.30146484375
0.15791015625
0.32060546875
0.32060546875
0.303857421875
0.337353515625
0.366064453125
0.265576171875
0.514404296875
0.174658203125
0.332568359375
0.366064453125
0.342138671875
0.428271484375
0.480908203125
0.433056640625
0.49287109375
0.4689453125
0.528759765625
0.538330078125
0.5263671875
0.53115234375
0.547900390625
0.471337890625
0.49765625
0.478515625
0.452197265625
0.442626953125
0.471337890625
0.42109375
0.42109375
0.394775390625
0.375634765625
0.34931640625
0.34453125
0.299072265625
0.28232421875
0.256005859375
0.21533203125
0.1818359375
0.193798828125
0.150732421875
0.1244140625
0.153125
0.174658203125
0.169873046875
0.165087890625
0.21533203125
0.2201171875
0.222509765625
0.236865234375
0.2583984375
0.256005859375
0.22490234375
0.2583984375
0.2392578125
0.26796875
0.294287109375
0.327783203125
0.313427734375
0.35888671875
0.34453125
0.38759765625
0.413916015625
0.37802734375
0.5359375
0.32060546875
0.476123046875
0.47373046875
0.51201171875
0.514404296875
0.5263671875
0.54072265625
0.5072265625
0.5359375
0.567041015625
0.567041015625
0.56943359375
0.65078125
0.710595703125
0.73212890625
0.758447265625
0.76083984375
0.823046875
0.777587890625
0.811083984375
0.7751953125
0.815869140625
0.768017578125
0.758447265625
0.715380859375
0.696240234375
0.65078125
0.614892578125
0.590966796875
0.52158203125
0.478515625
0.380419921875
0.38759765625
0.29189453125
0.232080078125
0.29189453125
0.045458984375
0.126806640625
-0.040673828125
-0.1052734375
-0.210546875
-0.29189453125
-0.38759765625
-0.418701171875
-0.356494140625
-0.55029296875
-0.63642578125
-0.68427734375
-0.734521484375
-0.765625
-0.78955078125
-0.8708984375
-0.91396484375
-0.90439453125
-0.858935546875
-0.90439453125
-0.937890625
-0.954638671875
-0.96181640625
-0.8421875
-0.77998046875
-0.7560546875
-0.69384765625
-0.595751953125
-0.55986328125
-0.4880859375
-0.459375
-0.46416015625
-0.380419921875
-0.356494140625
-0.294287109375
-0.284716796875
-0.287109375
-0.227294921875
-0.203369140625
-0.198583984375
-0.236865234375
-0.394775390625
-0.366064453125
-0.36845703125
-0.447412109375
-0.49287109375
-0.41630859375
-0.361279296875
-0.619677734375
-0.72734375
-0.720166015625
-0.849365234375
-0.978564453125
-1.1005859375
-1.39248046875
-1.17475585938
-1.05751953125
-1.16279296875
-1.12211914063
-1.05751953125
-0.976171875
-0.849365234375
-0.858935546875
-0.78955078125
-0.70341796875
-0.72734375
-0.6220703125
-0.60771484375
-0.586181640625
-0.60771484375
-0.643603515625
-0.576611328125
-0.610107421875
-0.6412109375
-0.62685546875
-0.8326171875
-0.921142578125
-0.992919921875
-1.05034179688
-1.12451171875
-1.09819335938
-1.27524414063
-1.34223632813
-1.3685546875
-1.358984375
-1.27524414063
-1.28481445313
-1.32548828125
-1.26567382813
-1.3302734375
-1.13168945313
-1.11015625
-0.997705078125
-0.98095703125
-0.873291015625
-0.765625
-0.677099609375
-0.68427734375
-0.56943359375
-0.614892578125
-0.538330078125
-0.442626953125
-0.42109375
-0.409130859375
-0.404345703125
-0.327783203125
-0.32060546875
-0.260791015625
-0.165087890625
-0.150732421875
