-0.03828125
-0.10048828125
-0.1818359375
-0.165087890625
-0.198583984375
-0.275146484375
-0.212939453125
-0.174658203125
-0.155517578125
-0.11005859375
-0.11962890625
-0.117236328125
-0.09091796875
-0.3158203125
0.11962890625
-0.03828125
-0.117236328125
-0.074169921875
-0.03349609375
-0.141162109375
-0.050244140625
-0.01435546875
-0.0861328125
-0.078955078125
-0.0669921875
0.019140625
0.06220703125
0.021533203125
0.06220703125
0.107666015625
0.2966796875
0.184228515625
0.241650390625
0.294287109375
0.337353515625
0.327783203125
0.346923828125
0.39716796875
0.3732421875
0.42109375
0.3158203125
0.4115234375
0.356494140625
0.385205078125
0.413916015625
0.3828125
0.380419921875
0.322998046875
0.294287109375
0.351708984375
0.433056640625
0.248828125
0.2009765625
0.1435546875
0.0669921875
0.059814453125
0.07177734375
-0.040673828125
-0.1244140625
-0.131591796875
-0.279931640625
-0.284716796875
-0.342138671875
-0.389990234375
-0.43544921875
-0.50244140625
-0.538330078125
-0.56943359375
-0.57900390625
-0.523974609375
-0.873291015625
-0.629248046875
-0.66513671875
-0.729736328125
-0.701025390625
-0.696240234375
-0.8134765625
-0.710595703125
-0.753662109375
-0.629248046875
-0.744091796875
-0.715380859375
-0.72734375
-0.657958984375
-0.839794921875
-0.772802734375
-0.811083984375
-0.861328125
-0.80390625
-0.784765625
-0.768017578125
-0.75126953125
-0.614892578125
-0.715380859375
-0.72734375
-0.667529296875
-0.63642578125
-0.5646484375
-0.55986328125
-0.509619140625
-0.461767578125
-0.543115234375
-0.52158203125
-0.423486328125
-0.34931640625
-0.3349609375
-0.459375
-0.232080078125
-0.2583984375
-0.2583984375
-0.155517578125
0.035888671875
-0.083740234375
-0.141162109375
0.057421875
0.078955078125
0.03349609375
0.007177734375
0.01435546875
0.002392578125
0.02392578125
0.019140625
0.055029296875
0.031103515625
0.0287109375
0.02392578125
0.055029296875
0.0669921875
0.088525390625
0.117236328125
0.00478515625
0.174658203125
0.22490234375
0.26318359375
0.361279296875
0.32060546875
0.29189453125
0.4498046875
0.279931640625
0.1818359375
0.1435546875
0.074169921875
0.05263671875
0.131591796875
0.102880859375
0.102880859375
0.1435546875
0.30625
0.313427734375
0.25361328125
0.322998046875
0.34453125
0.313427734375
0.45458984375
0.327783203125
0.270361328125
0.25361328125
0.248828125
0.25361328125
0.2775390625
0.313427734375
0.442626953125
0.24404296875
0.523974609375
0.595751953125
0.60771484375
0.653173828125
0.500048828125
0.65556640625
0.509619140625
0.681884765625
0.672314453125
0.662744140625
0.777587890625
0.753662109375
0.638818359375
0.653173828125
0.56943359375
0.485693359375
0.4498046875
0.461767578125
0.409130859375
0.452197265625
0.437841796875
0.399560546875
0.399560546875
0.356494140625
0.38759765625
0.401953125
0.3349609375
0.351708984375
0.32060546875
0.337353515625
0.375634765625
0.361279296875
0.43544921875
0.47373046875
0.552685546875
0.6986328125
0.746484375
0.65078125
0.825439453125
0.89482421875
0.854150390625
0.772802734375
1.10776367188
1.091015625
1.06469726562
1.02880859375
0.954638671875
1.09819335938
1.0240234375
1.0048828125
1.01684570312
0.91875
0.801513671875
0.710595703125
0.739306640625
0.53115234375
0.576611328125
0.3158203125
0.251220703125
0.208154296875
0.00478515625
0.09091796875
0.06220703125
-0.145947265625
-0.031103515625
-0.08134765625
-0.045458984375
-0.11484375
-0.064599609375
-0.098095703125
-0.117236328125
-0.150732421875
-0.141162109375
-0.19619140625
-0.208154296875
-0.2392578125
-0.210546875
-0.2009765625
-0.2775390625
-0.28232421875
-0.236865234375
-0.2296875
-0.30625
-0.442626953125
-0.2966796875
-0.332568359375
-0.270361328125
-0.26796875
-0.174658203125
-0.2201171875
-0.241650390625
-0.232080078125
-0.189013671875
-0.150732421875
-0.265576171875
-0.133984375
-0.289501953125
-0.09091796875
-0.078955078125
-0.057421875
-0.019140625
0.045458984375
0.074169921875
0.059814453125
0.145947265625
0.303857421875
0.172265625
0.2296875
0.208154296875
0.2775390625
0.222509765625
0.246435546875
0.260791015625
0.313427734375
0.275146484375
0.153125
0.270361328125
0.299072265625
0.2966796875
0.26318359375
0.2775390625
0.21533203125
0.299072265625
0.256005859375
0.28232421875
0.270361328125
0.29189453125
0.275146484375
0.29189453125
0.279931640625
0.265576171875
0.248828125
0.212939453125
0.1818359375
0.189013671875
0.160302734375
0.107666015625
0.06220703125
0.098095703125
0.0669921875
0.04306640625
0.00478515625
0.03349609375
-0.016748046875
-0.002392578125
0.0478515625
0.083740234375
0.0765625
0.10048828125
0.141162109375
0.22490234375
0.208154296875
0.19619140625
0.2009765625
0.270361328125
0.25361328125
0.153125
0.299072265625
0.3828125
0.37802734375
0.42587890625
0.428271484375
0.52158203125
0.586181640625
0.586181640625
0.6986328125
0.73212890625
0.784765625
0.79912109375
0.86611328125
0.887646484375
0.887646484375
0.878076171875
0.873291015625
0.89482421875
0.858935546875
0.88525390625
0.79912109375
0.73212890625
0.73212890625
0.662744140625
0.5072265625
0.409130859375
0.351708984375
0.284716796875
0.0287109375
-0.0478515625
-0.28232421875
-0.332568359375
-0.614892578125
-0.80869140625
-0.916357421875
-0.988134765625
-0.930712890625
-1.15083007813
-1.2154296875
-1.225
-1.28959960938
-1.4451171875
-1.358984375
-1.4451171875
-1.12690429688
-1.32548828125
-1.15322265625
-1.02880859375
-0.77041015625
-0.5263671875
-0.55986328125
-0.547900390625
-0.734521484375
-0.672314453125
-0.509619140625
-0.8421875
-0.6986328125
-0.60771484375
-0.37802734375
-0.256005859375
-0.409130859375
-0.172265625
-0.011962890625
-0.169873046875
-0.19140625
-0.217724609375
-0.155517578125
-0.078955078125
-0.12919921875
-0.15791015625
0.523974609375
0.459375
0.67470703125
0.739306640625
0.830224609375
0.729736328125
0.71298828125
0.5359375
0.34931640625
0.22490234375
0.16748046875
-0.040673828125
-0.0669921875
-0.11005859375
-0.141162109375
-0.10048828125
-0.035888671875
-0.08134765625
0.0287109375
-0.0287109375
-0.040673828125
-0.093310546875
-0.050244140625
-0.026318359375
-0.03349609375
-0.02392578125
-0.057421875
0.02392578125
0.03349609375
0.07177734375
0.126806640625
0.0
0.160302734375
0.04306640625
0.021533203125
-0.02392578125
0.03828125
-0.117236328125
-0.0765625
-0.160302734375
-0.112451171875
-0.217724609375
-0.193798828125
-0.2201171875
-0.52158203125
-0.208154296875
-0.236865234375
-0.342138671875
-0.32060546875
-0.30146484375
-0.459375
-0.284716796875
-0.251220703125
-0.222509765625
-0.19619140625
-0.169873046875
-0.299072265625
-0.150732421875
-0.016748046875
0.064599609375
0.126806640625
0.241650390625
0.299072265625
0.203369140625
0.363671875
0.442626953125
0.610107421875
0.701025390625
0.631640625
0.823046875
0.80869140625
0.80390625
0.734521484375
0.73212890625
0.696240234375
0.65078125
0.57900390625
0.480908203125
0.447412109375
0.370849609375
0.29189453125
0.21533203125
0.179443359375
0.083740234375
0.0
-0.06220703125
-0.019140625
-0.01435546875
-0.246435546875
-0.294287109375
-0.270361328125
-0.356494140625
-0.3923828125
-0.399560546875
-0.423486328125
-0.459375
-0.4115234375
-0.466552734375
-0.404345703125
-0.428271484375
-0.461767578125
-0.447412109375
-0.3158203125
-0.478515625
-0.504833984375
-0.595751953125
-0.634033203125
-0.65078125
-0.6794921875
-0.748876953125
-0.8134765625
-1.26806640625
-1.09340820313
-0.887646484375
-0.959423828125
-1.05512695313
-0.992919921875
-0.99052734375
-0.95703125
-0.97138671875
-1.00249023438
-1.02163085938
-1.01923828125
-1.03359375
-1.05512695313
-1.09340820313
-1.10537109375
-1.0431640625
-1.0431640625
-1.02163085938
-1.03120117188
-0.997705078125
-0.940283203125
-0.949853515625
-0.925927734375
-0.92353515625
-1.0431640625
-1.19389648438
-1.20107421875
-0.62685546875
-0.7560546875
-0.78955078125
-0.81826171875
-0.849365234375
-0.830224609375
-0.83740234375
-0.854150390625
-0.8708984375
-0.911572265625
-0.90439453125
-0.925927734375
-1.071875
-0.940283203125
-0.95703125
-1.00249023438
-0.97138671875
-1.01206054688
-0.988134765625
-0.992919921875
-1.06469726562
-0.861328125
-0.863720703125
-0.823046875
-0.777587890625
-0.7369140625
-0.73212890625
-0.667529296875
-0.595751953125
-0.586181640625
-0.567041015625
-0.595751953125
-0.576611328125
-0.5455078125
-0.6603515625
-0.758447265625
-0.6890625
-0.43544921875
-0.983349609375
-0.504833984375
-0.631640625
-0.57421875
-0.538330078125
-0.62685546875
-0.504833984375
-0.48330078125
-0.44501953125
-0.363671875
-0.279931640625
-0.222509765625
-0.07177734375
-0.04306640625
0.088525390625
0.112451171875
0.1818359375
0.011962890625
0.1818359375
0.11005859375
0.131591796875
0.322998046875
0.375634765625
0.409130859375
0.389990234375
0.389990234375
0.5646484375
0.631640625
0.662744140625
0.8134765625
0.91875
0.973779296875
0.930712890625
1.00009765625
1.0623046875
1.19868164063
1.18671875
1.07905273438
1.08383789063
1.01923828125
1.00966796875
0.959423828125
0.9474609375
0.91875
0.92353515625
0.839794921875
0.86611328125
0.8134765625
0.777587890625
0.76083984375
0.782373046875
0.820654296875
0.772802734375
0.638818359375
0.911572265625
0.8134765625
0.768017578125
0.815869140625
0.784765625
0.79912109375
0.79912109375
0.772802734375
0.815869140625
0.849365234375
0.887646484375
1.05991210938
0.911572265625
0.937890625
0.945068359375
1.00249023438
1.05034179688
1.03837890625
1.03359375
1.10776367188
1.11733398438
1.12451171875
1.21782226563
1.03120117188
1.1197265625
1.13408203125
1.0048828125
1.07666015625
1.0814453125
1.1005859375
1.09580078125
1.24892578125
1.35659179688
1.52646484375
1.37333984375
1.48579101563
1.65805664063
1.65327148438
1.6365234375
1.73701171875
1.77290039063
1.856640625
1.85185546875
1.90209960938
1.9427734375
1.85903320313
1.80161132813
1.9236328125
1.97626953125
1.85903320313
1.6078125
1.35419921875
1.50493164063
1.4451171875
1.13168945313
0.858935546875
0.79912109375
0.90439453125
0.555078125
0.4306640625
0.322998046875
0.17705078125
0.1052734375
0.136376953125
-0.06220703125
-0.09091796875
-0.117236328125
-0.153125
-0.19619140625
-0.169873046875
-0.26318359375
-0.284716796875
-0.27275390625
-0.30625
-0.3349609375
-0.3158203125
-0.31103515625
-0.322998046875
-0.33017578125
