1.83989257813
1.7896484375
1.73701171875
1.70830078125
1.69873046875
1.6173828125
1.54560546875
1.48100585938
1.39965820312
1.29677734375
1.28002929688
1.14604492188
1.08623046875
1.08862304688
1.0240234375
0.899609375
0.839794921875
0.81826171875
0.80869140625
0.768017578125
0.6603515625
0.595751953125
0.557470703125
0.56943359375
0.514404296875
0.52158203125
0.409130859375
0.409130859375
0.366064453125
0.35888671875
0.342138671875
0.3349609375
0.342138671875
0.325390625
0.327783203125
0.325390625
0.232080078125
0.210546875
0.2201171875
0.169873046875
0.275146484375
0.019140625
0.040673828125
-0.045458984375
-0.093310546875
-0.155517578125
-0.217724609375
-0.284716796875
-0.327783203125
-0.327783203125
-0.38759765625
-0.363671875
-0.418701171875
-0.413916015625
-0.49765625
-0.5455078125
-0.629248046875
-0.677099609375
-0.69384765625
-0.748876953125
-0.83740234375
-0.830224609375
-0.835009765625
-0.897216796875
-0.97138671875
-0.9474609375
-0.94267578125
-1.01923828125
-1.0048828125
-0.959423828125
-1.0814453125
-0.89482421875
-0.91396484375
-0.899609375
-0.882861328125
-0.77998046875
-0.765625
-0.729736328125
-0.66513671875
-0.55029296875
-0.56943359375
-0.552685546875
-0.519189453125
-0.504833984375
-0.49287109375
-0.447412109375
-0.3732421875
-0.30625
-0.30146484375
-0.28232421875
-0.27275390625
-0.217724609375
-0.265576171875
-0.13876953125
-0.093310546875
-0.0095703125
0.09091796875
0.0287109375
0.026318359375
0.136376953125
0.14833984375
0.179443359375
0.260791015625
0.17705078125
0.279931640625
0.208154296875
0.150732421875
0.02392578125
0.172265625
0.32060546875
0.29189453125
0.294287109375
0.20576171875
0.270361328125
0.26318359375
0.26318359375
0.2296875
0.24404296875
0.184228515625
0.208154296875
0.153125
0.153125
0.172265625
0.179443359375
0.1626953125
0.1626953125
0.1818359375
0.22490234375
0.217724609375
0.160302734375
0.193798828125
0.210546875
0.2583984375
0.1818359375
0.16748046875
0.126806640625
0.112451171875
0.141162109375
0.153125
0.122021484375
0.14833984375
0.1626953125
0.184228515625
0.2201171875
0.155517578125
0.279931640625
0.370849609375
0.38759765625
0.418701171875
0.4306640625
0.538330078125
0.504833984375
0.51201171875
0.4880859375
0.605322265625
0.667529296875
0.590966796875
0.60771484375
0.55986328125
0.58857421875
0.58857421875
0.6029296875
0.543115234375
0.50244140625
0.4498046875
0.394775390625
0.370849609375
0.294287109375
-0.456982421875
-0.133984375
0.653173828125
0.17705078125
-0.12919921875
-0.327783203125
-0.442626953125
-0.57900390625
-0.6412109375
-0.796728515625
-0.85654296875
-0.459375
-0.657958984375
-0.686669921875
-0.691455078125
-0.33974609375
-0.4498046875
-0.193798828125
-0.265576171875
-0.184228515625
0.011962890625
0.093310546875
0.10048828125
0.1626953125
0.294287109375
0.423486328125
0.490478515625
0.557470703125
0.504833984375
0.710595703125
0.744091796875
0.820654296875
0.84697265625
0.97138671875
1.16279296875
0.586181640625
0.595751953125
1.06708984375
0.552685546875
0.586181640625
0.57900390625
0.363671875
0.26796875
0.01435546875
-0.021533203125
-0.174658203125
-0.169873046875
-0.452197265625
-0.562255859375
-0.5263671875
-0.514404296875
-0.619677734375
-0.753662109375
-0.70341796875
-0.7369140625
-0.787158203125
-0.8421875
-0.79912109375
-0.8708984375
-0.988134765625
-0.959423828125
-1.0623046875
-0.902001953125
-0.868505859375
-0.868505859375
-0.8708984375
-0.7943359375
-0.748876953125
-0.672314453125
-0.4689453125
-0.42587890625
-0.35888671875
-0.351708984375
-0.366064453125
-0.11962890625
-0.093310546875
-0.117236328125
0.055029296875
0.102880859375
0.248828125
0.28232421875
0.3923828125
0.461767578125
0.442626953125
0.50244140625
0.514404296875
0.4880859375
0.667529296875
0.73212890625
0.72734375
0.5837890625
0.600537109375
0.6603515625
0.705810546875
0.686669921875
0.65078125
0.653173828125
0.686669921875
0.653173828125
0.64599609375
0.672314453125
0.657958984375
0.677099609375
0.6794921875
0.681884765625
0.677099609375
0.66513671875
0.681884765625
0.667529296875
0.653173828125
0.6603515625
0.686669921875
0.691455078125
0.701025390625
0.70341796875
0.729736328125
0.696240234375
0.7177734375
0.7177734375
0.71298828125
0.72255859375
0.7177734375
0.7369140625
0.77041015625
0.768017578125
0.7943359375
0.83740234375
0.86611328125
0.92353515625
0.954638671875
0.8134765625
0.748876953125
0.744091796875
0.76083984375
0.796728515625
0.801513671875
0.79912109375
0.89482421875
0.71298828125
0.70341796875
0.6890625
0.686669921875
0.643603515625
0.614892578125
0.55986328125
0.447412109375
0.485693359375
0.605322265625
0.46416015625
0.480908203125
0.5646484375
0.356494140625
0.327783203125
0.2966796875
0.2775390625
0.2296875
0.227294921875
0.22490234375
0.133984375
0.131591796875
0.1052734375
0.074169921875
0.035888671875
0.016748046875
-0.03349609375
-0.069384765625
-0.0861328125
-0.1052734375
-0.088525390625
-0.107666015625
-0.122021484375
-0.13876953125
-0.098095703125
-0.13876953125
-0.172265625
-0.169873046875
-0.133984375
-0.160302734375
-0.1626953125
-0.193798828125
-0.22490234375
-0.25361328125
-0.275146484375
-0.236865234375
-0.22490234375
-0.212939453125
-0.179443359375
-0.160302734375
-0.20576171875
-0.19140625
-0.17705078125
-0.22490234375
-0.174658203125
-0.165087890625
-0.13876953125
-0.13876953125
-0.11962890625
-0.1052734375
-0.035888671875
-0.019140625
0.019140625
0.07177734375
0.10048828125
0.11484375
0.179443359375
0.22490234375
0.2966796875
0.33017578125
0.33017578125
0.409130859375
0.44501953125
0.54072265625
0.49287109375
0.4880859375
0.552685546875
0.57421875
0.47373046875
0.65078125
0.672314453125
0.62685546875
0.82783203125
0.878076171875
0.949853515625
0.97138671875
1.0048828125
1.01923828125
1.04077148438
1.1197265625
1.14365234375
1.13647460938
1.12690429688
1.15083007813
1.24892578125
1.2919921875
1.282421875
1.282421875
1.2919921875
1.33266601563
1.32788085938
1.22739257813
1.378125
1.40444335938
1.40205078125
1.36616210938
1.2345703125
1.39965820312
1.39008789063
1.3876953125
1.36616210938
1.33984375
1.35659179688
1.34702148438
1.24892578125
1.24174804688
1.2345703125
1.19389648438
1.17954101563
1.17475585938
1.13647460938
1.12690429688
1.04077148438
1.0240234375
1.0240234375
1.00009765625
0.95703125
0.96181640625
0.930712890625
0.93310546875
0.9283203125
0.902001953125
0.916357421875
0.90439453125
0.849365234375
0.861328125
0.820654296875
0.8134765625
0.777587890625
0.75126953125
0.744091796875
0.72734375
0.715380859375
0.638818359375
0.653173828125
0.634033203125
0.624462890625
0.605322265625
0.6029296875
0.567041015625
0.533544921875
0.504833984375
0.50244140625
0.543115234375
0.523974609375
0.576611328125
0.399560546875
0.380419921875
0.401953125
0.394775390625
0.346923828125
0.332568359375
0.332568359375
0.363671875
0.351708984375
0.327783203125
0.327783203125
0.308642578125
0.33017578125
0.327783203125
0.332568359375
0.33017578125
0.313427734375
0.24404296875
0.203369140625
0.212939453125
0.299072265625
0.33017578125
0.456982421875
0.490478515625
0.480908203125
0.401953125
0.3732421875
0.322998046875
0.325390625
0.3349609375
0.248828125
0.22490234375
0.155517578125
0.088525390625
0.06220703125
-0.021533203125
-0.083740234375
-0.0287109375
0.00478515625
-0.011962890625
-0.059814453125
-0.021533203125
-0.00478515625
0.00478515625
0.03349609375
0.057421875
0.05263671875
0.02392578125
0.026318359375
0.078955078125
0.01435546875
0.198583984375
0.208154296875
0.19619140625
0.153125
0.153125
0.155517578125
0.17705078125
0.107666015625
0.0478515625
-0.035888671875
-0.11962890625
-0.29189453125
-0.318212890625
0.0861328125
0.303857421875
0.035888671875
-0.069384765625
-0.031103515625
-0.27275390625
-0.102880859375
0.026318359375
-0.0765625
-0.045458984375
-0.133984375
0.01435546875
-0.01435546875
-0.040673828125
-0.03349609375
-0.09091796875
-0.136376953125
-0.153125
-0.19140625
-0.179443359375
-0.31103515625
-0.248828125
-0.476123046875
-0.519189453125
-0.459375
-0.51201171875
-0.5455078125
-0.5359375
-0.600537109375
-0.6890625
-0.65078125
-0.61728515625
-0.624462890625
-0.5837890625
-0.57421875
-0.4689453125
-0.433056640625
-0.3923828125
-0.325390625
-0.447412109375
-0.23447265625
-0.169873046875
-0.198583984375
-0.174658203125
-0.122021484375
-0.07177734375
-0.0095703125
0.01435546875
0.02392578125
0.069384765625
0.184228515625
0.2775390625
0.20576171875
0.423486328125
0.3923828125
0.624462890625
0.523974609375
0.65078125
0.887646484375
0.77041015625
1.00727539063
0.954638671875
1.09340820313
1.0814453125
1.15322265625
1.09580078125
1.29438476563
1.34462890625
1.3111328125
1.33984375
1.36616210938
1.378125
1.37094726563
1.33745117188
1.26567382813
1.23696289063
1.282421875
1.23935546875
1.33745117188
1.20346679688
1.167578125
1.19150390625
1.20107421875
1.17954101563
1.1388671875
1.17954101563
1.21064453125
1.1771484375
1.1580078125
1.19868164063
1.2154296875
1.20107421875
1.17475585938
1.08623046875
1.25849609375
1.27763671875
1.26806640625
1.33745117188
1.40444335938
1.43076171875
1.4451171875
1.50732421875
1.56474609375
1.67958984375
1.67958984375
1.684375
1.72265625
1.73701171875
1.77529296875
1.8087890625
1.82075195313
1.856640625
1.84467773438
1.87338867188
1.90688476563
1.933203125
1.85903320313
2.048046875
2.08393554688
2.086328125
2.08393554688
2.07436523438
2.11743164062
2.03608398438
2.01694335938
1.98344726563
1.92841796875
1.90209960938
1.87578125
1.72265625
1.72983398438
1.4833984375
1.4642578125
1.33266601563
1.28481445313
1.00249023438
1.17954101563
1.03120117188
0.79912109375
0.72734375
0.55986328125
0.51201171875
0.39716796875
0.30625
0.256005859375
0.126806640625
0.1052734375
0.031103515625
0.03828125
-0.03349609375
0.055029296875
0.040673828125
0.0095703125
0.136376953125
-0.05263671875
-0.0478515625
-0.08134765625
-0.09091796875
-0.193798828125
-0.208154296875
-0.241650390625
-0.2775390625
-0.248828125
-0.2583984375
-0.24404296875
-0.045458984375
-0.2775390625
-0.117236328125
-0.21533203125
-0.141162109375
-0.117236328125
-0.07177734375
-0.045458984375
0.04306640625
