0.232080078125
0.23447265625
0.2201171875
0.270361328125
0.33974609375
0.34931640625
0.375634765625
0.39716796875
0.433056640625
0.495263671875
0.5646484375
0.634033203125
0.7177734375
0.744091796875
0.78955078125
0.844580078125
0.89482421875
0.945068359375
0.978564453125
1.03837890625
1.1388671875
1.16279296875
1.15083007813
1.15322265625
1.18193359375
1.16997070313
1.20825195312
1.1962890625
1.10297851563
0.92353515625
0.811083984375
1.29677734375
1.61020507813
1.58149414063
1.38291015625
1.2345703125
1.36376953125
1.29438476563
1.244140625
1.20825195312
1.12451171875
1.07905273438
1.0623046875
1.00727539063
0.973779296875
0.930712890625
0.88046875
0.868505859375
0.787158203125
0.734521484375
0.67470703125
0.62685546875
0.57900390625
0.590966796875
0.45458984375
0.184228515625
0.074169921875
0.1244140625
-0.055029296875
-0.083740234375
-0.11005859375
-0.10048828125
-0.074169921875
-0.0669921875
-0.050244140625
-0.069384765625
-0.021533203125
-0.002392578125
0.019140625
0.050244140625
0.131591796875
0.019140625
0.145947265625
0.059814453125
0.11484375
0.06220703125
0.10048828125
0.2775390625
0.363671875
0.098095703125
0.088525390625
0.461767578125
0.4306640625
0.366064453125
0.37802734375
0.401953125
0.490478515625
0.614892578125
0.595751953125
0.715380859375
0.8421875
0.906787109375
1.01684570312
0.954638671875
1.05991210938
1.44750976562
1.52646484375
1.46665039063
1.42836914063
1.39248046875
1.47861328125
1.57670898438
1.49296875
1.40922851563
1.34462890625
1.31831054688
1.18911132813
1.25131835938
1.15561523438
1.03837890625
0.976171875
0.72255859375
0.543115234375
1.15561523438
0.861328125
0.739306640625
0.629248046875
0.5263671875
0.53115234375
0.28232421875
0.1626953125
0.03828125
0.40673828125
0.078955078125
-0.279931640625
-0.256005859375
-0.399560546875
-0.516796875
-0.555078125
-0.4689453125
-0.691455078125
-0.710595703125
-0.791943359375
-0.8517578125
-0.88046875
-0.77041015625
-0.9666015625
-0.964208984375
-0.983349609375
-1.00249023438
-1.05034179688
-1.03359375
-1.014453125
-0.925927734375
-0.7560546875
-0.863720703125
-0.925927734375
-0.748876953125
-0.59814453125
-0.614892578125
-0.590966796875
-0.547900390625
-0.519189453125
-0.5837890625
-0.567041015625
-0.57900390625
-0.461767578125
-0.533544921875
-0.3349609375
-0.459375
-0.42587890625
-0.385205078125
-0.394775390625
-0.399560546875
-0.35888671875
-0.30146484375
-0.33974609375
-0.2966796875
-0.26796875
-0.2583984375
-0.222509765625
-0.256005859375
-0.232080078125
-0.21533203125
-0.1818359375
-0.24404296875
-0.153125
-0.15791015625
-0.203369140625
-0.1244140625
-0.0287109375
0.01435546875
0.05263671875
0.083740234375
0.112451171875
0.179443359375
0.12919921875
0.210546875
0.21533203125
0.246435546875
0.23447265625
0.198583984375
0.179443359375
0.172265625
0.11962890625
0.0765625
0.09091796875
0.0861328125
0.06220703125
-0.002392578125
0.026318359375
-0.03349609375
-0.14833984375
-0.03828125
-0.08134765625
-0.131591796875
-0.1626953125
-0.15791015625
-0.210546875
-0.19619140625
-0.2009765625
-0.289501953125
-0.287109375
-0.275146484375
-0.308642578125
-0.31103515625
-0.42587890625
-0.284716796875
-0.24404296875
-0.212939453125
-0.303857421875
-0.160302734375
-0.074169921875
-0.112451171875
-0.06220703125
0.07177734375
0.050244140625
0.15791015625
0.193798828125
0.2296875
0.232080078125
0.299072265625
0.342138671875
0.39716796875
0.45458984375
0.500048828125
0.5072265625
0.590966796875
0.610107421875
0.62685546875
0.624462890625
0.543115234375
0.52158203125
0.51201171875
0.480908203125
0.43544921875
0.4498046875
0.375634765625
0.256005859375
0.141162109375
0.19619140625
0.095703125
0.035888671875
0.00478515625
0.117236328125
-0.074169921875
-0.04306640625
-0.045458984375
-0.02392578125
-0.035888671875
-0.01435546875
0.011962890625
0.055029296875
0.0669921875
0.112451171875
0.031103515625
-0.093310546875
-0.026318359375
0.00478515625
-0.11005859375
-0.064599609375
0.016748046875
-0.11962890625
-0.093310546875
-0.05263671875
-0.026318359375
-0.069384765625
-0.246435546875
-0.260791015625
-0.3828125
-0.356494140625
-0.28232421875
-0.763232421875
-0.552685546875
-0.600537109375
-0.62685546875
-0.7751953125
-0.724951171875
-0.576611328125
-0.509619140625
-0.428271484375
-0.452197265625
-0.337353515625
-0.203369140625
-0.279931640625
-0.32060546875
-0.42587890625
-0.21533203125
-0.251220703125
-0.203369140625
-0.232080078125
-0.22490234375
-0.284716796875
-0.232080078125
-0.287109375
-0.165087890625
-0.33974609375
-0.361279296875
-0.4115234375
-0.485693359375
-0.500048828125
-0.523974609375
-0.590966796875
-0.5837890625
-0.66513671875
-0.68427734375
-0.69384765625
-0.624462890625
-0.648388671875
-0.643603515625
-0.595751953125
-0.7369140625
-0.744091796875
-0.3732421875
-0.471337890625
-0.52158203125
-0.552685546875
-0.52158203125
-0.5359375
-0.476123046875
-0.452197265625
-0.361279296875
-0.322998046875
-0.313427734375
-0.20576171875
-0.2009765625
-0.112451171875
-0.093310546875
-0.095703125
-0.08134765625
-0.083740234375
-0.09091796875
-0.150732421875
-0.133984375
-0.117236328125
-0.00478515625
-0.17705078125
-0.227294921875
-0.246435546875
-0.217724609375
-0.26796875
-0.32060546875
-0.299072265625
-0.361279296875
-0.3828125
-0.401953125
-0.423486328125
-0.476123046875
-0.480908203125
-0.538330078125
-0.593359375
-0.52158203125
-0.543115234375
-0.53115234375
-0.5646484375
-0.567041015625
-0.552685546875
-0.562255859375
-0.562255859375
-0.50244140625
-0.53115234375
-0.490478515625
-0.48330078125
-0.480908203125
-0.3828125
-0.43544921875
-0.4306640625
-0.248828125
-0.34931640625
-0.363671875
-0.332568359375
-0.25361328125
-0.155517578125
-0.189013671875
-0.1244140625
0.0669921875
0.050244140625
0.093310546875
0.136376953125
0.184228515625
0.169873046875
0.172265625
0.203369140625
0.256005859375
0.289501953125
0.28232421875
0.361279296875
0.33974609375
0.227294921875
0.246435546875
0.2966796875
0.437841796875
0.4880859375
0.4689453125
0.459375
0.4498046875
0.5359375
0.516796875
0.533544921875
0.586181640625
0.571826171875
0.60771484375
0.5837890625
0.555078125
0.6029296875
0.631640625
0.748876953125
0.5837890625
0.57900390625
0.605322265625
0.590966796875
0.55986328125
0.54072265625
0.562255859375
0.528759765625
0.51201171875
0.47373046875
0.45458984375
0.45458984375
0.4880859375
0.46416015625
0.48330078125
0.471337890625
0.47373046875
0.595751953125
0.447412109375
0.456982421875
0.440234375
0.437841796875
0.399560546875
0.380419921875
0.366064453125
0.33974609375
0.34453125
0.442626953125
0.308642578125
0.279931640625
0.210546875
0.145947265625
0.078955078125
0.059814453125
0.06220703125
0.059814453125
0.002392578125
-0.06220703125
-0.069384765625
-0.07177734375
-0.107666015625
-0.0765625
-0.117236328125
-0.184228515625
-0.184228515625
-0.24404296875
-0.265576171875
-0.279931640625
-0.2583984375
-0.26318359375
-0.16748046875
-0.34931640625
-0.33974609375
-0.351708984375
-0.34931640625
-0.366064453125
-0.44501953125
-0.51201171875
-0.590966796875
-0.452197265625
-0.42587890625
-0.516796875
-0.514404296875
-0.514404296875
-0.533544921875
-0.5359375
-0.58857421875
-0.59814453125
-0.610107421875
-0.63642578125
-0.619677734375
-0.595751953125
-0.581396484375
-0.595751953125
-0.59814453125
-0.631640625
-0.567041015625
-0.57421875
-0.595751953125
-0.595751953125
-0.593359375
-0.6603515625
-0.648388671875
-0.65078125
-0.634033203125
-0.6412109375
-0.734521484375
-0.590966796875
-0.595751953125
-0.5646484375
-0.538330078125
-0.514404296875
-0.519189453125
-0.552685546875
-0.51201171875
-0.50244140625
-0.6125
-0.50244140625
-0.516796875
-0.480908203125
-0.4689453125
-0.32060546875
-0.478515625
-0.459375
-0.447412109375
-0.46416015625
-0.480908203125
-0.4880859375
-0.5072265625
-0.523974609375
-0.509619140625
-0.5072265625
-0.54072265625
-0.495263671875
-0.538330078125
-0.523974609375
-0.49765625
-0.50244140625
-0.495263671875
-0.4306640625
-0.380419921875
-0.394775390625
-0.394775390625
-0.418701171875
-0.44501953125
-0.490478515625
-0.5263671875
-0.590966796875
-0.67470703125
-0.708203125
-0.739306640625
-0.7177734375
-0.70341796875
-0.6794921875
-0.667529296875
-0.485693359375
-0.5359375
-0.45458984375
-0.35888671875
-0.313427734375
-0.203369140625
-0.1626953125
-0.133984375
-0.303857421875
-0.093310546875
-0.1052734375
-0.07177734375
-0.074169921875
-0.07177734375
-0.1052734375
-0.150732421875
-0.133984375
-0.122021484375
-0.287109375
-0.1244140625
-0.0861328125
-0.040673828125
0.03828125
0.03828125
0.057421875
0.165087890625
0.203369140625
0.217724609375
0.169873046875
0.43544921875
0.380419921875
0.459375
0.533544921875
0.643603515625
0.6603515625
0.600537109375
0.708203125
0.796728515625
0.89482421875
0.897216796875
0.930712890625
0.85654296875
1.23696289063
1.0431640625
1.20107421875
1.2728515625
1.33505859375
1.29916992188
1.1771484375
1.44033203125
1.44272460938
1.49775390625
1.35180664062
1.46904296875
1.53364257813
1.50732421875
1.512109375
1.512109375
1.51689453125
1.5599609375
1.64370117188
1.50014648438
1.47861328125
1.39487304688
1.397265625
1.32548828125
1.33505859375
1.358984375
1.26328125
1.30634765625
1.26328125
1.37333984375
1.205859375
1.20346679688
1.15561523438
1.10537109375
1.08383789063
1.03598632813
1.01684570312
0.9474609375
0.964208984375
1.02880859375
0.796728515625
0.8421875
0.81826171875
0.811083984375
0.85654296875
0.887646484375
0.863720703125
0.858935546875
0.88046875
0.854150390625
0.81826171875
0.863720703125
0.88046875
0.9474609375
0.949853515625
0.954638671875
0.949853515625
1.00249023438
1.0048828125
0.988134765625
0.964208984375
0.882861328125
0.878076171875
0.849365234375
0.82783203125
0.80869140625
0.734521484375
0.667529296875
0.710595703125
0.516796875
0.466552734375
0.389990234375
0.3541015625
0.270361328125
0.21533203125
0.17705078125
0.10048828125
0.01435546875
-0.04306640625
-0.10048828125
-0.007177734375
-0.248828125
-0.275146484375
-0.34453125
-0.3732421875
-0.43544921875
-0.47373046875
-0.528759765625
-0.610107421875
-0.739306640625
-0.4880859375
-0.70341796875
-0.748876953125
-0.75126953125
-0.753662109375
-0.796728515625
-0.820654296875
-0.753662109375
-0.906787109375
-0.787158203125
-0.782373046875
-0.796728515625
-0.784765625
-0.782373046875
-0.77998046875
-0.7943359375
