-0.437841796875
-0.57421875
-0.69384765625
-0.861328125
-0.93310546875
-0.9283203125
-1.23696289063
-1.32548828125
-1.473828125
-1.56953125
-1.64370117188
-1.5408203125
-1.71547851563
-1.7322265625
-1.79443359375
-1.88295898438
-1.91645507813
-1.91166992188
-2.04565429688
-2.11025390625
-2.0767578125
-2.09111328125
-2.10307617188
-2.42368164063
-2.239453125
-2.30166015625
-2.34711914063
-2.3447265625
-2.37104492188
-2.32319335938
-2.20834960938
-1.97866210938
-2.94047851563
-2.82084960938
-2.7466796875
-2.63662109375
-2.46674804688
-2.71557617188
-2.86391601563
-2.9955078125
-3.02182617188
-3.04814453125
-3.08403320313
-3.0625
-3.09599609375
-2.9955078125
-2.95004882813
-3.02900390625
-3.01225585938
-2.95961914063
-2.95961914063
-2.97397460938
-2.95483398438
-2.99311523438
-2.99311523438
-3.00747070313
-2.97875976562
-2.966796875
-2.9763671875
-3.00747070313
-3.0337890625
-3.05532226563
-3.06967773438
-3.215625
-3.0625
-3.15102539063
-3.29936523438
-3.25151367188
-3.25151367188
-3.28500976563
-3.49794921875
-3.24672851563
-3.273046875
-3.35678710938
-3.40703125
-3.42138671875
-3.40224609375
-3.26586914063
-3.42138671875
-3.53862304688
-3.61997070313
-3.4357421875
-3.57451171875
-3.91665039063
-3.61279296875
-3.64389648438
-3.86401367188
-3.72045898438
-3.7419921875
-3.847265625
-3.86640625
-3.7515625
-3.87358398438
-3.82094726563
-3.97885742188
-3.7994140625
-3.66064453125
-3.82573242188
-3.6654296875
-3.50751953125
-3.43095703125
-3.43095703125
-3.39985351563
-3.36875
-3.18452148438
-3.18452148438
-3.11274414063
-3.08403320313
-2.9859375
-2.91176757813
-2.81127929688
-2.71079101563
-2.6892578125
-2.660546875
-2.56245117188
-2.52416992188
-2.52895507813
-2.5169921875
-2.4787109375
-2.43803710938
-2.45478515625
-2.33994140625
-2.316015625
-2.28012695313
-2.201171875
-2.1150390625
-2.07915039063
-2.01215820313
-1.9427734375
-1.87099609375
-1.741796875
-1.71547851563
-1.64130859375
-1.55278320313
-1.51450195313
-1.50014648438
-1.44750976562
-1.22260742188
-1.3302734375
-1.25849609375
-1.1580078125
-1.1580078125
-1.167578125
-1.20107421875
-1.205859375
-1.23217773438
-1.26328125
-1.28002929688
-1.30395507812
-1.30634765625
-1.34462890625
-1.34462890625
-1.37333984375
-1.31831054688
-1.3302734375
-1.33266601563
-1.30634765625
-1.29916992188
-1.30634765625
-1.3111328125
-1.3111328125
-1.2537109375
-1.2728515625
-1.2919921875
-1.34702148438
-1.30634765625
-1.33505859375
-1.32788085938
-1.320703125
-1.3302734375
-1.30634765625
-1.3015625
-1.32548828125
-1.33266601563
-1.31352539063
-1.34223632813
-1.33505859375
-1.4259765625
-1.42358398438
-1.4259765625
-1.44990234375
-1.48579101563
-1.48100585938
-1.4642578125
-1.4546875
-1.50732421875
-1.512109375
-1.57192382813
-1.54799804688
-1.58627929688
-1.63173828125
-1.5408203125
-1.72983398438
-1.68198242188
-1.73701171875
-1.77529296875
-1.79921875
-1.81357421875
-1.80639648438
-1.81596679688
-1.79443359375
-1.7705078125
-1.74658203125
-1.6078125
-1.55756835938
-1.59345703125
-1.5025390625
-1.50493164063
-1.4642578125
-1.41879882813
-1.39008789063
-1.32548828125
-1.25610351562
-1.18911132813
-1.1388671875
-0.992919921875
-0.90439453125
-0.83740234375
-0.765625
-0.643603515625
-0.363671875
-0.289501953125
-0.279931640625
-0.1052734375
-0.145947265625
0.0287109375
0.02392578125
0.102880859375
0.10048828125
0.19140625
0.2392578125
0.23447265625
0.2775390625
0.2009765625
0.189013671875
0.10048828125
0.11484375
0.102880859375
0.0861328125
0.145947265625
0.189013671875
0.203369140625
0.2392578125
0.3541015625
0.41630859375
0.495263671875
0.478515625
0.571826171875
0.631640625
0.614892578125
0.7943359375
0.81826171875
0.964208984375
1.08383789063
1.22260742188
1.21303710938
1.34702148438
1.49775390625
1.51928710938
1.5791015625
1.6173828125
1.82553710938
1.71069335938
1.741796875
1.67241210938
1.62456054688
1.626953125
1.58627929688
1.58149414063
1.48818359375
1.49775390625
1.52885742188
1.6748046875
1.51450195313
1.52885742188
1.52407226563
1.5025390625
1.4451171875
1.43315429688
1.37333984375
1.39008789063
1.28481445313
1.32309570313
1.24174804688
1.20346679688
1.20825195312
1.1580078125
1.14365234375
1.1197265625
1.091015625
1.05034179688
1.12690429688
1.21303710938
1.244140625
1.48100585938
1.4642578125
1.55278320313
1.54560546875
1.80400390625
1.90209960938
2.03369140625
2.05522460938
2.00258789063
2.2107421875
2.16049804688
2.44521484375
2.50502929688
2.48588867188
2.5265625
2.57202148438
2.55288085938
2.48828125
2.47153320313
2.45717773438
2.45
2.40454101562
2.33037109375
2.41650390625
2.27534179688
2.20595703125
2.26098632812
2.05522460938
2.01694335938
2.01694335938
1.94755859375
1.82314453125
1.74897460938
1.69633789063
1.665234375
1.57670898438
1.49296875
1.48579101563
1.44033203125
1.39965820312
1.512109375
1.3111328125
1.33505859375
1.29677734375
1.225
1.2345703125
1.23696289063
1.21064453125
1.17236328125
1.205859375
1.18432617188
1.08862304688
1.0623046875
0.9474609375
1.12690429688
1.21782226563
1.03837890625
1.07426757813
1.05512695313
1.03598632813
1.1580078125
0.88046875
0.973779296875
1.11494140625
1.06469726562
0.97138671875
0.976171875
1.16279296875
1.1580078125
1.13168945313
1.13647460938
1.1388671875
1.12211914063
1.13408203125
1.13647460938
1.12211914063
1.08383789063
1.11494140625
1.11015625
1.11494140625
1.17236328125
1.15561523438
1.20346679688
1.17236328125
1.2345703125
1.2345703125
1.2345703125
1.22021484375
1.25610351562
1.23935546875
1.24892578125
1.21303710938
1.205859375
1.09340820313
1.21064453125
1.17236328125
1.16040039062
1.129296875
1.21064453125
1.014453125
0.93310546875
0.921142578125
0.820654296875
0.74169921875
0.672314453125
0.538330078125
0.490478515625
0.404345703125
0.363671875
0.303857421875
0.27275390625
0.3158203125
0.189013671875
0.23447265625
0.150732421875
0.126806640625
0.0765625
0.057421875
0.27275390625
0.172265625
0.241650390625
0.246435546875
0.064599609375
-0.016748046875
0.02392578125
0.102880859375
0.212939453125
0.3158203125
0.35888671875
0.3828125
0.3732421875
0.36845703125
0.33974609375
0.33974609375
0.318212890625
0.2583984375
0.155517578125
0.44501953125
0.26796875
0.210546875
0.236865234375
0.222509765625
0.078955078125
0.165087890625
0.059814453125
0.11005859375
0.117236328125
0.040673828125
0.03828125
-0.0095703125
0.126806640625
-0.093310546875
-0.1052734375
-0.136376953125
-0.13876953125
-0.00478515625
-0.203369140625
-0.153125
-0.16748046875
-0.150732421875
-0.165087890625
-0.19140625
-0.20576171875
-0.2583984375
-0.210546875
-0.212939453125
-0.227294921875
-0.208154296875
-0.248828125
-0.189013671875
-0.0287109375
-0.20576171875
-0.232080078125
-0.31103515625
-0.433056640625
-0.500048828125
-0.60771484375
-0.6986328125
-0.746484375
-0.748876953125
-0.772802734375
-0.823046875
-0.63642578125
-0.777587890625
-0.835009765625
-0.7751953125
-0.88525390625
-0.863720703125
-0.811083984375
-0.34931640625
-0.480908203125
-0.409130859375
-0.514404296875
-0.557470703125
-0.53115234375
-0.246435546875
-0.241650390625
-0.026318359375
0.23447265625
0.346923828125
0.538330078125
0.6029296875
0.346923828125
0.172265625
0.098095703125
-0.20576171875
-0.318212890625
-0.593359375
-0.576611328125
-0.619677734375
-0.715380859375
-0.63642578125
-0.55029296875
-0.533544921875
-0.447412109375
-0.36845703125
-0.409130859375
-0.447412109375
-0.337353515625
-0.480908203125
-0.6220703125
-0.648388671875
-0.504833984375
-0.48330078125
-0.47373046875
-0.4498046875
-0.332568359375
-0.337353515625
-0.2009765625
-0.160302734375
-0.007177734375
0.07177734375
0.055029296875
0.227294921875
0.203369140625
0.153125
0.126806640625
0.026318359375
-0.007177734375
-0.088525390625
-0.275146484375
-0.342138671875
-0.36845703125
-0.38759765625
-0.55986328125
-0.46416015625
-0.43544921875
-0.459375
-0.399560546875
-0.442626953125
-0.3349609375
-0.21533203125
-0.11962890625
-0.112451171875
-0.059814453125
-0.16748046875
-0.203369140625
-0.1818359375
-0.248828125
-0.361279296875
-0.31103515625
-0.562255859375
-0.672314453125
-0.861328125
-0.997705078125
-1.0814453125
-1.1388671875
-1.129296875
-1.1580078125
-1.129296875
-1.05512695313
-1.12211914063
-0.921142578125
-1.091015625
-1.05991210938
-1.205859375
-1.05512695313
-1.16997070313
-1.00966796875
-0.940283203125
-0.897216796875
-0.916357421875
-0.624462890625
-0.49287109375
-0.337353515625
-0.19140625
-0.11005859375
0.095703125
0.287109375
0.153125
0.3541015625
0.4115234375
0.31103515625
0.54072265625
0.610107421875
0.63642578125
0.696240234375
0.696240234375
0.71298828125
0.73212890625
0.708203125
0.614892578125
0.57421875
0.523974609375
0.490478515625
0.5263671875
0.437841796875
0.227294921875
0.227294921875
0.1818359375
0.136376953125
0.04306640625
-0.016748046875
-0.03349609375
-0.26318359375
-0.380419921875
-0.318212890625
-0.555078125
-0.5837890625
-0.648388671875
-0.643603515625
-0.67470703125
-0.653173828125
-0.648388671875
-0.576611328125
-0.576611328125
-0.533544921875
-0.543115234375
-0.567041015625
-0.595751953125
-0.590966796875
-0.595751953125
-0.62685546875
-0.58857421875
-0.593359375
-0.765625
-0.691455078125
-0.65078125
-0.765625
-0.746484375
-0.614892578125
-0.734521484375
-0.624462890625
-0.662744140625
-0.835009765625
-0.6890625
-0.681884765625
-0.72734375
-0.547900390625
-0.605322265625
-0.413916015625
-0.325390625
-0.25361328125
-0.198583984375
-0.198583984375
-0.265576171875
-0.236865234375
-0.24404296875
-0.236865234375
-0.4115234375
-0.227294921875
-0.04306640625
-0.260791015625
-0.294287109375
-0.0287109375
-0.098095703125
-0.06220703125
0.126806640625
0.155517578125
0.212939453125
0.275146484375
0.160302734375
0.440234375
0.55029296875
0.485693359375
0.6794921875
0.71298828125
0.80869140625
0.854150390625
0.89482421875
0.77041015625
1.014453125
0.91875
1.09819335938
1.17236328125
1.21303710938
1.37573242188
1.29677734375
1.32548828125
1.25131835938
1.47622070313
1.49057617188
1.5408203125
1.50493164063
1.512109375
1.665234375
1.53125
1.50014648438
1.6556640625
1.50493164063
1.52885742188
1.45229492188
1.43076171875
1.4259765625
1.4451171875
1.44990234375
