-0.67470703125
-0.669921875
-0.691455078125
-0.696240234375
-0.672314453125
-0.686669921875
-0.710595703125
-0.710595703125
-0.691455078125
-0.70341796875
-0.734521484375
-0.74169921875
-0.720166015625
-0.73212890625
-0.758447265625
-0.77998046875
-0.753662109375
-0.7369140625
-0.772802734375
-0.791943359375
-0.80390625
-0.734521484375
-0.75126953125
-0.720166015625
-0.734521484375
-0.765625
-0.74169921875
-0.784765625
-0.73212890625
-0.765625
-0.91875
-0.772802734375
-0.734521484375
-0.72255859375
-0.720166015625
-0.72255859375
-0.7560546875
-0.74169921875
-0.911572265625
-0.758447265625
-0.72255859375
-0.806298828125
-0.765625
-0.72734375
-0.753662109375
-0.729736328125
-0.720166015625
-0.729736328125
-0.708203125
-0.720166015625
-0.729736328125
-0.72255859375
-0.724951171875
-0.667529296875
-0.72734375
-0.74169921875
-0.70341796875
-0.686669921875
-0.708203125
-0.681884765625
-0.67470703125
-0.691455078125
-0.648388671875
-0.6794921875
-0.71298828125
-0.686669921875
-0.7177734375
-0.72734375
-0.708203125
-0.734521484375
-0.73212890625
-0.70341796875
-0.720166015625
-0.715380859375
-0.715380859375
-0.7177734375
-0.70341796875
-0.753662109375
-0.748876953125
-0.72734375
-0.643603515625
-0.7560546875
-0.73212890625
-0.806298828125
-0.777587890625
-0.75126953125
-0.7751953125
-0.782373046875
-0.897216796875
-0.765625
-0.734521484375
-0.715380859375
-0.7177734375
-0.6986328125
-0.696240234375
-0.669921875
-0.6794921875
-0.724951171875
-0.705810546875
-0.734521484375
-0.6794921875
-0.73212890625
-0.724951171875
-0.746484375
-0.758447265625
-0.787158203125
-0.753662109375
-0.777587890625
-0.7751953125
-0.796728515625
-0.806298828125
-0.796728515625
-0.82783203125
-0.796728515625
-0.80390625
-0.7943359375
-0.830224609375
-0.796728515625
-0.801513671875
-0.768017578125
-0.772802734375
-0.638818359375
-0.782373046875
-0.899609375
-0.720166015625
-0.7560546875
-0.653173828125
-0.7177734375
-0.672314453125
-0.629248046875
-0.63642578125
-0.6412109375
-0.62685546875
-0.61728515625
-0.614892578125
-0.614892578125
-0.631640625
-0.538330078125
-0.57900390625
-0.562255859375
-0.533544921875
-0.514404296875
-0.51201171875
-0.500048828125
-0.48330078125
-0.5359375
-0.555078125
-0.6220703125
-0.619677734375
-0.624462890625
-0.65078125
-0.701025390625
-0.72734375
-0.715380859375
-0.708203125
-0.708203125
-0.70341796875
-0.729736328125
-0.7177734375
-0.782373046875
-0.784765625
-0.835009765625
-0.858935546875
-0.820654296875
-0.868505859375
-0.8326171875
-0.861328125
-0.84697265625
-0.8421875
-0.858935546875
-0.839794921875
-0.82783203125
-0.80390625
-0.839794921875
-0.858935546875
-0.81826171875
-0.801513671875
-0.81826171875
-0.830224609375
-0.815869140625
-0.8326171875
-0.8134765625
-0.80390625
-0.7751953125
-0.7560546875
-0.75126953125
-0.619677734375
-0.8134765625
-0.81826171875
-0.811083984375
-0.7751953125
-0.748876953125
-0.739306640625
-0.74169921875
-0.7560546875
-0.7369140625
-0.696240234375
-0.6890625
-0.686669921875
-0.708203125
-0.686669921875
-0.724951171875
-0.69384765625
-0.6794921875
-0.681884765625
-0.681884765625
-0.672314453125
-0.657958984375
-0.6412109375
-0.667529296875
-0.6794921875
-0.677099609375
-0.6603515625
-0.677099609375
-0.734521484375
-0.724951171875
-0.74169921875
-0.753662109375
-0.768017578125
-0.72734375
-0.71298828125
-0.6986328125
-0.705810546875
-0.746484375
-0.724951171875
-0.744091796875
-0.6986328125
-0.662744140625
-0.681884765625
-0.68427734375
-0.68427734375
-0.71298828125
-0.705810546875
-0.71298828125
-0.715380859375
-0.724951171875
-0.734521484375
-0.734521484375
-0.75126953125
-0.7177734375
-0.734521484375
-0.75126953125
-0.777587890625
-0.8134765625
-0.79912109375
-0.796728515625
-0.744091796875
-0.758447265625
-0.76083984375
-0.772802734375
-0.763232421875
-0.782373046875
-0.801513671875
-0.796728515625
-0.80390625
-0.787158203125
-0.806298828125
-0.815869140625
-0.77998046875
-0.772802734375
-0.791943359375
-0.77041015625
-0.77998046875
-0.739306640625
-0.753662109375
-0.753662109375
-0.80869140625
-0.784765625
-0.787158203125
-0.77041015625
-0.76083984375
-0.710595703125
-0.710595703125
-0.7369140625
-0.71298828125
-0.705810546875
-0.6890625
-0.68427734375
-0.6603515625
-0.631640625
-0.614892578125
-0.6125
-0.624462890625
-0.765625
-0.600537109375
-0.590966796875
-0.57900390625
-0.590966796875
-0.629248046875
-0.60771484375
-0.567041015625
-0.586181640625
-0.595751953125
-0.595751953125
-0.605322265625
-0.586181640625
-0.61728515625
-0.593359375
-0.593359375
-0.62685546875
-0.634033203125
-0.66513671875
-0.662744140625
-0.696240234375
-0.69384765625
-0.6986328125
-0.65556640625
-0.6603515625
-0.662744140625
-0.715380859375
-0.6603515625
-0.638818359375
-0.65556640625
-0.6220703125
-0.643603515625
-0.62685546875
-0.619677734375
-0.624462890625
-0.624462890625
-0.62685546875
-0.631640625
-0.614892578125
-0.624462890625
-0.653173828125
-0.68427734375
-0.619677734375
-0.648388671875
-0.64599609375
-0.672314453125
-0.669921875
-0.701025390625
-0.6794921875
-0.708203125
-0.691455078125
-0.6986328125
-0.6603515625
-0.65556640625
-0.677099609375
-0.681884765625
-0.653173828125
-0.667529296875
-0.667529296875
-0.631640625
-0.643603515625
-0.648388671875
-0.66513671875
-0.67470703125
-0.662744140625
-0.61728515625
-0.6412109375
-0.65078125
-0.653173828125
-0.672314453125
-0.63642578125
-0.669921875
-0.65078125
-0.672314453125
-0.686669921875
-0.67470703125
-0.59814453125
-0.595751953125
-0.619677734375
-0.6220703125
-0.753662109375
-0.571826171875
-0.57421875
-0.586181640625
-0.600537109375
-0.614892578125
-0.6029296875
-0.605322265625
-0.6125
-0.614892578125
-0.57900390625
-0.5837890625
-0.610107421875
-0.6125
-0.6029296875
-0.461767578125
-0.60771484375
-0.610107421875
-0.593359375
-0.555078125
-0.557470703125
-0.54072265625
-0.55986328125
-0.543115234375
-0.519189453125
-0.5263671875
-0.53115234375
-0.5359375
-0.571826171875
-0.552685546875
-0.562255859375
-0.58857421875
-0.60771484375
-0.61728515625
-0.57421875
-0.55986328125
-0.5646484375
-0.58857421875
-0.610107421875
-0.624462890625
-0.562255859375
-0.614892578125
-0.6220703125
-0.61728515625
-0.595751953125
-0.595751953125
-0.6125
-0.66513671875
-0.681884765625
-0.653173828125
-0.71298828125
-0.68427734375
-0.590966796875
-0.514404296875
-0.5263671875
-0.480908203125
-0.53115234375
-0.490478515625
-0.634033203125
-0.5837890625
-0.605322265625
-0.586181640625
-0.471337890625
-0.605322265625
-0.5837890625
-0.7369140625
-0.55986328125
-0.6029296875
-0.605322265625
-0.610107421875
-0.763232421875
-0.605322265625
-0.5646484375
-0.590966796875
-0.571826171875
-0.605322265625
-0.610107421875
-0.631640625
-0.61728515625
-0.576611328125
-0.58857421875
-0.614892578125
-0.648388671875
-0.6220703125
-0.6125
-0.614892578125
-0.648388671875
-0.643603515625
-0.677099609375
-0.648388671875
-0.63642578125
-0.6412109375
-0.67470703125
-0.657958984375
-0.686669921875
-0.667529296875
-0.681884765625
-0.6986328125
-0.672314453125
-0.69384765625
-0.724951171875
-0.7177734375
-0.6412109375
-0.643603515625
-0.669921875
-0.681884765625
-0.70341796875
-0.65078125
-0.6603515625
-0.65078125
-0.758447265625
-0.614892578125
-0.643603515625
-0.62685546875
-0.686669921875
-0.669921875
-0.595751953125
-0.471337890625
-0.672314453125
-0.581396484375
-0.581396484375
-0.586181640625
-0.57421875
-0.55986328125
-0.60771484375
-0.571826171875
-0.557470703125
-0.567041015625
-0.571826171875
-0.571826171875
-0.543115234375
-0.49765625
-0.509619140625
-0.48330078125
-0.48330078125
-0.476123046875
-0.49765625
-0.471337890625
-0.533544921875
-0.56943359375
-0.5455078125
-0.57421875
-0.60771484375
-0.5646484375
-0.476123046875
-0.624462890625
-0.590966796875
-0.571826171875
-0.593359375
-0.631640625
-0.61728515625
-0.567041015625
-0.547900390625
-0.523974609375
-0.509619140625
-0.538330078125
-0.500048828125
-0.5359375
-0.476123046875
-0.519189453125
-0.504833984375
-0.504833984375
-0.471337890625
-0.547900390625
-0.514404296875
-0.504833984375
-0.562255859375
-0.53115234375
-0.543115234375
-0.55029296875
-0.5263671875
-0.58857421875
-0.519189453125
-0.528759765625
-0.533544921875
-0.5359375
-0.332568359375
-0.342138671875
-0.42587890625
-0.478515625
-0.51201171875
-0.500048828125
-0.478515625
-0.409130859375
-0.3923828125
-0.313427734375
-0.447412109375
-0.399560546875
-0.3541015625
-0.459375
-0.6986328125
-0.6603515625
-0.772802734375
-0.753662109375
-0.418701171875
-0.394775390625
-0.49287109375
-0.322998046875
-0.32060546875
-0.385205078125
-0.5072265625
-0.55986328125
-0.52158203125
-0.437841796875
-0.409130859375
-0.39716796875
-0.7560546875
-1.052734375
-0.27275390625
0.160302734375
0.2201171875
-0.363671875
-0.56943359375
-0.495263671875
-0.437841796875
-0.433056640625
-0.29189453125
-0.327783203125
-0.428271484375
-0.41630859375
-0.4306640625
-0.299072265625
-0.055029296875
-0.52158203125
-0.567041015625
-0.466552734375
-0.624462890625
-0.691455078125
-0.638818359375
-0.265576171875
0.107666015625
0.0478515625
-0.370849609375
-0.5263671875
-0.476123046875
-0.361279296875
-0.363671875
-0.346923828125
-0.916357421875
-0.24404296875
-0.045458984375
-0.447412109375
-0.47373046875
-0.3828125
-0.42109375
-0.519189453125
-0.490478515625
-0.504833984375
-0.562255859375
-0.58857421875
-0.600537109375
-0.74169921875
-0.6794921875
-0.385205078125
-0.547900390625
-0.555078125
-0.366064453125
-0.590966796875
-0.787158203125
-0.69384765625
-0.571826171875
-0.56943359375
-0.461767578125
-0.490478515625
-0.547900390625
-0.581396484375
-0.55029296875
-0.595751953125
-0.595751953125
-0.631640625
-0.744091796875
-0.57900390625
-0.567041015625
-0.509619140625
-0.528759765625
-0.5263671875
-0.555078125
-0.5455078125
-0.543115234375
-0.57900390625
-0.516796875
-0.509619140625
-0.49287109375
-0.466552734375
-0.516796875
-0.49287109375
-0.442626953125
-0.4498046875
-0.41630859375
-0.3828125
-0.45458984375
-0.45458984375
-0.413916015625
-0.42587890625
-0.409130859375
-0.370849609375
-0.37802734375
-0.380419921875
-0.42109375
-0.40673828125
-0.3732421875
-0.37802734375
-0.380419921875
-0.37802734375
-0.356494140625
-0.346923828125
-0.346923828125
-0.37802734375
-0.356494140625
-0.337353515625
-0.370849609375
-0.385205078125
-0.3158203125
-0.31103515625
-0.19619140625
-0.346923828125
-0.35888671875
-0.342138671875
-0.3158203125
-0.389990234375
-0.3828125
-0.36845703125
-0.375634765625
-0.437841796875
-0.389990234375
-0.42587890625
-0.4115234375
-0.423486328125
-0.4115234375
-0.4115234375
-0.433056640625
-0.3828125
-0.363671875
-0.325390625
-0.1626953125
-0.375634765625
-0.33017578125
