-0.873291015625
-0.873291015625
-0.8708984375
-0.858935546875
-0.8900390625
-0.8708984375
-0.873291015625
-0.849365234375
-0.897216796875
-0.9091796875
-0.9283203125
-0.940283203125
-0.902001953125
-0.77041015625
-0.887646484375
-0.911572265625
-0.89482421875
-0.87568359375
-0.8517578125
-0.90439453125
-0.88525390625
-0.902001953125
-1.06948242188
-0.921142578125
-0.882861328125
-0.925927734375
-0.973779296875
-1.04077148438
-0.91875
-1.04555664063
-0.887646484375
-0.89482421875
-0.878076171875
-0.899609375
-0.930712890625
-0.92353515625
-0.978564453125
-0.98095703125
-0.92353515625
-0.91875
-0.811083984375
-0.90439453125
-0.9283203125
-0.89482421875
-0.921142578125
-0.95703125
-0.95224609375
-0.9666015625
-0.95224609375
-1.06948242188
-0.899609375
-0.887646484375
-0.8517578125
-0.8517578125
-0.830224609375
-0.8421875
-0.82783203125
-0.83740234375
-0.88046875
-0.86611328125
-0.9091796875
-0.925927734375
-0.8421875
-0.90439453125
-0.88046875
-0.861328125
-0.8900390625
-0.89482421875
-0.8900390625
-0.844580078125
-0.91875
-0.902001953125
-0.92353515625
-0.97138671875
-0.988134765625
-0.925927734375
-1.00009765625
-0.978564453125
-0.94267578125
-0.945068359375
-0.873291015625
-0.92353515625
-0.768017578125
-0.937890625
-1.0623046875
-0.925927734375
-0.911572265625
-0.916357421875
-0.95703125
-0.7943359375
-0.9474609375
-0.777587890625
-0.935498046875
-1.05991210938
-0.916357421875
-1.04794921875
-0.8421875
-0.902001953125
-0.86611328125
-0.858935546875
-0.878076171875
-0.897216796875
-0.916357421875
-0.887646484375
-0.902001953125
-0.8517578125
-0.844580078125
-0.811083984375
-0.849365234375
-0.825439453125
-0.88525390625
-0.91875
-0.9666015625
-0.849365234375
-0.916357421875
-0.92353515625
-0.925927734375
-0.88525390625
-0.892431640625
-0.94267578125
-0.7751953125
-0.86611328125
-0.899609375
-0.94267578125
-0.930712890625
-0.784765625
-0.9474609375
-0.930712890625
-0.911572265625
-0.9091796875
-0.892431640625
-0.925927734375
-0.988134765625
-1.0240234375
-1.01206054688
-0.95703125
-0.954638671875
-0.93310546875
-0.945068359375
-0.97138671875
-0.959423828125
-0.95703125
-0.98095703125
-1.01206054688
-0.97138671875
-0.99052734375
-0.983349609375
-0.959423828125
-1.0048828125
-1.0048828125
-1.00727539063
-0.91875
-0.95703125
-0.873291015625
-0.878076171875
-0.84697265625
-0.88046875
-0.85654296875
-0.820654296875
-0.89482421875
-0.863720703125
-0.868505859375
-0.823046875
-0.854150390625
-0.844580078125
-0.858935546875
-0.8517578125
-0.82783203125
-0.8326171875
-0.835009765625
-0.88525390625
-0.849365234375
-0.79912109375
-0.882861328125
-0.825439453125
-0.80390625
-0.801513671875
-0.7560546875
-0.758447265625
-0.830224609375
-0.830224609375
-0.8517578125
-0.8708984375
-1.05991210938
-1.04555664063
-1.03598632813
-0.86611328125
-0.878076171875
-0.85654296875
-0.823046875
-0.830224609375
-0.8421875
-0.8326171875
-0.77998046875
-0.78955078125
-0.811083984375
-0.8134765625
-0.811083984375
-0.8326171875
-0.815869140625
-0.844580078125
-0.88046875
-0.858935546875
-0.882861328125
-0.91396484375
-0.878076171875
-0.8900390625
-0.902001953125
-0.9091796875
-0.86611328125
-0.925927734375
-0.8900390625
-0.882861328125
-0.882861328125
-1.06948242188
-0.858935546875
-0.878076171875
-0.858935546875
-0.844580078125
-0.854150390625
-0.861328125
-0.839794921875
-0.8134765625
-0.82783203125
-0.85654296875
-0.8517578125
-0.796728515625
-0.863720703125
-0.83740234375
-0.8708984375
-0.91396484375
-0.899609375
-0.86611328125
-0.858935546875
-0.88525390625
-0.878076171875
-0.8708984375
-0.86611328125
-0.88525390625
-0.796728515625
-0.83740234375
-0.85654296875
-0.88046875
-0.916357421875
-0.887646484375
-0.89482421875
-0.77041015625
-0.830224609375
-0.8708984375
-0.86611328125
-0.8708984375
-0.88046875
-0.84697265625
-0.8326171875
-0.854150390625
-0.868505859375
-0.921142578125
-0.87568359375
-0.878076171875
-0.88525390625
-0.868505859375
-0.844580078125
-0.86611328125
-0.839794921875
-0.86611328125
-0.858935546875
-0.8421875
-0.8326171875
-0.839794921875
-0.7177734375
-0.988134765625
-0.8517578125
-0.84697265625
-0.80390625
-0.945068359375
-0.500048828125
-0.89482421875
-0.80390625
-0.715380859375
-0.811083984375
-0.62685546875
-0.777587890625
-0.787158203125
-0.89482421875
-0.897216796875
-0.88046875
-0.899609375
-1.04555664063
-0.765625
-0.964208984375
-0.79912109375
-0.88525390625
-0.8421875
-0.861328125
-0.899609375
-0.89482421875
-0.873291015625
-0.873291015625
-0.925927734375
-0.95703125
-0.897216796875
-0.768017578125
-0.916357421875
-0.899609375
-0.887646484375
-0.863720703125
-0.835009765625
-0.8134765625
-0.849365234375
-0.90439453125
-0.863720703125
-0.88525390625
-0.830224609375
-0.82783203125
-0.806298828125
-0.8421875
-0.858935546875
-0.9091796875
-1.04794921875
-0.92353515625
-0.959423828125
-0.899609375
-0.911572265625
-0.97138671875
-0.921142578125
-0.77041015625
-0.902001953125
-0.87568359375
-0.86611328125
-0.861328125
-0.854150390625
-0.9474609375
-0.899609375
-0.892431640625
-1.071875
-0.92353515625
-0.935498046875
-0.937890625
-0.976171875
-0.9666015625
-1.01923828125
-1.02163085938
-1.071875
-1.05512695313
-1.08623046875
-1.04077148438
-1.00009765625
-0.992919921875
-0.97138671875
-0.992919921875
-0.9666015625
-0.873291015625
-0.85654296875
-0.861328125
-0.868505859375
-0.854150390625
-0.83740234375
-0.835009765625
-0.768017578125
-0.863720703125
-0.863720703125
-0.83740234375
-0.89482421875
-0.777587890625
-0.93310546875
-0.9474609375
-0.988134765625
-1.05512695313
-1.06948242188
-1.052734375
-0.90439453125
-0.892431640625
-0.868505859375
-0.86611328125
-0.882861328125
-0.861328125
-0.906787109375
-0.882861328125
-0.89482421875
-0.93310546875
-0.978564453125
-0.949853515625
-0.98095703125
-0.945068359375
-0.94267578125
-0.945068359375
-0.983349609375
-1.02163085938
-0.940283203125
-1.01684570312
-0.897216796875
-0.959423828125
-0.992919921875
-1.0048828125
-0.8900390625
-0.897216796875
-0.911572265625
-0.8708984375
-0.88525390625
-0.94267578125
-0.93310546875
-0.9857421875
-0.99052734375
-1.01206054688
-1.03359375
-1.0240234375
-1.03598632813
-1.01684570312
-1.03837890625
-1.03120117188
-1.03120117188
-1.03598632813
-1.01923828125
-0.97138671875
-1.00009765625
-0.983349609375
-0.949853515625
-0.949853515625
-0.976171875
-0.959423828125
-0.9953125
-0.95703125
-0.968994140625
-0.964208984375
-0.925927734375
-0.925927734375
-0.777587890625
-0.937890625
-1.0623046875
-0.91396484375
-0.801513671875
-0.988134765625
-0.992919921875
-0.930712890625
-0.91875
-0.978564453125
-0.77041015625
-0.959423828125
-0.95703125
-0.91396484375
-0.930712890625
-0.978564453125
-0.988134765625
-0.983349609375
-1.03837890625
-1.00249023438
-1.01206054688
-0.98095703125
-1.03120117188
-1.0431640625
-1.02163085938
-1.00249023438
-0.976171875
-0.9953125
-0.9857421875
-1.0240234375
-1.0240234375
-1.0048828125
-1.00966796875
-0.997705078125
-1.04794921875
-1.00727539063
-0.940283203125
-0.9953125
-1.00249023438
-0.937890625
-0.899609375
-0.935498046875
-0.964208984375
-1.22260742188
-0.83740234375
-0.71298828125
-0.844580078125
-0.849365234375
-0.861328125
-0.916357421875
-0.887646484375
-0.899609375
-0.899609375
-0.78955078125
-0.949853515625
-0.925927734375
-1.0623046875
-0.959423828125
-0.95703125
-0.887646484375
-0.84697265625
-0.84697265625
-0.854150390625
-0.8517578125
-0.844580078125
-0.861328125
-0.92353515625
-0.861328125
-0.83740234375
-0.887646484375
-0.902001953125
-0.89482421875
-0.868505859375
-0.88525390625
-0.88046875
-0.925927734375
-0.7751953125
-0.949853515625
-0.95224609375
-0.930712890625
-0.976171875
-0.978564453125
-0.902001953125
-0.77041015625
-0.91396484375
-0.823046875
-0.830224609375
-0.758447265625
-0.7751953125
-0.849365234375
-0.72255859375
-0.772802734375
-0.7177734375
-0.63642578125
-0.61728515625
-0.6220703125
-0.643603515625
-0.66513671875
-0.5837890625
-0.567041015625
-0.547900390625
-0.519189453125
-0.50244140625
-0.55029296875
-0.57421875
-0.401953125
-0.313427734375
-0.246435546875
-0.2201171875
-0.18662109375
-0.222509765625
-0.088525390625
-0.172265625
-0.25361328125
-0.37802734375
-0.327783203125
-0.17705078125
-0.136376953125
-0.212939453125
-0.20576171875
-0.24404296875
-0.2966796875
-0.093310546875
-0.0478515625
-0.03349609375
-0.045458984375
-0.031103515625
-0.064599609375
-0.13876953125
0.0765625
0.1052734375
0.031103515625
0.12919921875
0.0095703125
0.193798828125
0.11962890625
0.1244140625
0.074169921875
0.169873046875
0.050244140625
-0.133984375
0.150732421875
-0.019140625
0.0669921875
0.0095703125
0.0287109375
0.019140625
0.0095703125
0.057421875
0.0669921875
0.045458984375
0.031103515625
0.095703125
0.13876953125
0.1435546875
0.16748046875
0.2201171875
0.2583984375
0.25361328125
0.294287109375
0.318212890625
0.303857421875
0.325390625
0.2966796875
0.22490234375
0.2296875
0.1818359375
0.136376953125
0.14833984375
0.222509765625
0.208154296875
0.251220703125
0.22490234375
0.203369140625
0.26796875
0.232080078125
0.2583984375
0.3158203125
0.342138671875
0.33974609375
0.332568359375
0.380419921875
0.33974609375
0.3158203125
0.2201171875
0.184228515625
0.150732421875
0.4115234375
0.33017578125
0.332568359375
0.361279296875
0.33974609375
0.28232421875
0.217724609375
0.203369140625
0.145947265625
0.102880859375
0.150732421875
-0.078955078125
0.007177734375
0.098095703125
0.01435546875
0.026318359375
0.136376953125
-0.04306640625
-0.016748046875
-0.064599609375
-0.10048828125
-0.11484375
-0.05263671875
-0.074169921875
-0.074169921875
-0.002392578125
0.1052734375
0.093310546875
0.00478515625
0.153125
0.16748046875
0.112451171875
0.0
0.0861328125
0.0478515625
-0.016748046875
-0.021533203125
0.145947265625
-0.055029296875
-0.069384765625
-0.069384765625
-0.05263671875
-0.069384765625
-0.088525390625
-0.093310546875
-0.141162109375
-0.16748046875
-0.136376953125
-0.112451171875
-0.098095703125
-0.064599609375
-0.0765625
-0.0478515625
-0.07177734375
-0.011962890625
-0.057421875
-0.057421875
-0.021533203125
-0.11005859375
-0.126806640625
-0.095703125
-0.007177734375
-0.22490234375
-0.198583984375
-0.1818359375
-0.126806640625
-0.1244140625
-0.150732421875
-0.1435546875
-0.098095703125
-0.112451171875
-0.122021484375
-0.184228515625
-0.30625
-0.1626953125
-0.155517578125
-0.133984375
-0.007177734375
-0.169873046875
-0.189013671875
-0.150732421875
-0.136376953125
-0.03349609375
-0.15791015625
-0.165087890625
-0.165087890625
-0.2009765625
