-0.65556640625
-0.662744140625
-0.648388671875
-0.605322265625
-0.610107421875
-0.5837890625
-0.571826171875
-0.5837890625
-0.600537109375
-0.6029296875
-0.6029296875
-0.576611328125
-0.562255859375
-0.576611328125
-0.58857421875
-0.593359375
-0.6125
-0.631640625
-0.562255859375
-0.55986328125
-0.6125
-0.46416015625
-0.60771484375
-0.6029296875
-0.758447265625
-0.605322265625
-0.61728515625
-0.6125
-0.619677734375
-0.57421875
-0.586181640625
-0.624462890625
-0.6412109375
-0.66513671875
-0.662744140625
-0.708203125
-0.710595703125
-0.715380859375
-0.63642578125
-0.902001953125
-0.765625
-0.739306640625
-0.691455078125
-0.70341796875
-0.710595703125
-0.705810546875
-0.65078125
-0.634033203125
-0.672314453125
-0.691455078125
-0.68427734375
-0.593359375
-0.634033203125
-0.614892578125
-0.631640625
-0.614892578125
-0.6029296875
-0.55986328125
-0.53115234375
-0.557470703125
-0.5359375
-0.509619140625
-0.4689453125
-0.50244140625
-0.495263671875
-0.48330078125
-0.4689453125
-0.46416015625
-0.4880859375
-0.49287109375
-0.504833984375
-0.516796875
-0.533544921875
-0.533544921875
-0.571826171875
-0.5646484375
-0.739306640625
-0.567041015625
-0.5359375
-0.57900390625
-0.6125
-0.6029296875
-0.6125
-0.6603515625
-0.653173828125
-0.65556640625
-0.638818359375
-0.657958984375
-0.7369140625
-0.669921875
-0.643603515625
-0.648388671875
-0.672314453125
-0.67470703125
-0.672314453125
-0.65078125
-0.67470703125
-0.614892578125
-0.61728515625
-0.624462890625
-0.562255859375
-0.6029296875
-0.6029296875
-0.610107421875
-0.6125
-0.6220703125
-0.65556640625
-0.581396484375
-0.60771484375
-0.600537109375
-0.562255859375
-0.547900390625
-0.5359375
-0.51201171875
-0.54072265625
-0.504833984375
-0.471337890625
-0.519189453125
-0.495263671875
-0.504833984375
-0.6125
-0.471337890625
-0.47373046875
-0.478515625
-0.500048828125
-0.480908203125
-0.543115234375
-0.516796875
-0.5359375
-0.567041015625
-0.581396484375
-0.5455078125
-0.562255859375
-0.55986328125
-0.576611328125
-0.593359375
-0.56943359375
-0.6029296875
-0.57900390625
-0.586181640625
-0.57900390625
-0.600537109375
-0.581396484375
-0.60771484375
-0.624462890625
-0.634033203125
-0.634033203125
-0.60771484375
-0.629248046875
-0.6412109375
-0.638818359375
-0.672314453125
-0.62685546875
-0.6220703125
-0.6603515625
-0.657958984375
-0.638818359375
-0.643603515625
-0.590966796875
-0.581396484375
-0.571826171875
-0.5646484375
-0.59814453125
-0.614892578125
-0.5646484375
-0.595751953125
-0.59814453125
-0.547900390625
-0.547900390625
-0.631640625
-0.57421875
-0.614892578125
-0.624462890625
-0.480908203125
-0.600537109375
-0.581396484375
-0.478515625
-0.62685546875
-0.466552734375
-0.576611328125
-0.634033203125
-0.46416015625
-0.62685546875
-0.571826171875
-0.744091796875
-0.6412109375
-0.66513671875
-0.669921875
-0.6603515625
-0.631640625
-0.6220703125
-0.677099609375
-0.677099609375
-0.629248046875
-0.6412109375
-0.6029296875
-0.63642578125
-0.763232421875
-0.64599609375
-0.629248046875
-0.63642578125
-0.57421875
-0.593359375
-0.753662109375
-0.557470703125
-0.590966796875
-0.61728515625
-0.586181640625
-0.555078125
-0.600537109375
-0.5646484375
-0.5646484375
-0.504833984375
-0.55986328125
-0.533544921875
-0.53115234375
-0.504833984375
-0.528759765625
-0.55029296875
-0.5263671875
-0.533544921875
-0.504833984375
-0.5072265625
-0.49287109375
-0.519189453125
-0.4689453125
-0.5359375
-0.476123046875
-0.3158203125
-0.509619140625
-0.49287109375
-0.523974609375
-0.461767578125
-0.447412109375
-0.466552734375
-0.4689453125
-0.4498046875
-0.495263671875
-0.514404296875
-0.476123046875
-0.519189453125
-0.50244140625
-0.342138671875
-0.504833984375
-0.519189453125
-0.51201171875
-0.514404296875
-0.543115234375
-0.5359375
-0.53115234375
-0.576611328125
-0.720166015625
-0.56943359375
-0.557470703125
-0.59814453125
-0.60771484375
-0.6029296875
-0.600537109375
-0.555078125
-0.562255859375
-0.600537109375
-0.59814453125
-0.634033203125
-0.619677734375
-0.619677734375
-0.610107421875
-0.629248046875
-0.6029296875
-0.624462890625
-0.6603515625
-0.6603515625
-0.653173828125
-0.686669921875
-0.624462890625
-0.49765625
-0.657958984375
-0.6412109375
-0.686669921875
-0.677099609375
-0.6603515625
-0.657958984375
-0.6603515625
-0.6220703125
-0.610107421875
-0.6125
-0.6125
-0.629248046875
-0.619677734375
-0.60771484375
-0.58857421875
-0.610107421875
-0.605322265625
-0.595751953125
-0.5646484375
-0.6029296875
-0.619677734375
-0.6220703125
-0.619677734375
-0.631640625
-0.65078125
-0.672314453125
-0.662744140625
-0.64599609375
-0.6794921875
-0.65078125
-0.643603515625
-0.648388671875
-0.643603515625
-0.638818359375
-0.66513671875
-0.669921875
-0.662744140625
-0.629248046875
-0.631640625
-0.62685546875
-0.600537109375
-0.643603515625
-0.624462890625
-0.744091796875
-0.6220703125
-0.662744140625
-0.643603515625
-0.6603515625
-0.6603515625
-0.662744140625
-0.648388671875
-0.6986328125
-0.68427734375
-0.669921875
-0.6603515625
-0.677099609375
-0.681884765625
-0.677099609375
-0.758447265625
-0.648388671875
-0.6603515625
-0.657958984375
-0.6220703125
-0.46416015625
-0.643603515625
-0.619677734375
-0.62685546875
-0.58857421875
-0.47373046875
-0.5837890625
-0.634033203125
-0.619677734375
-0.614892578125
-0.63642578125
-0.619677734375
-0.61728515625
-0.634033203125
-0.61728515625
-0.610107421875
-0.61728515625
-0.619677734375
-0.696240234375
-0.672314453125
-0.614892578125
-0.648388671875
-0.681884765625
-0.66513671875
-0.65078125
-0.672314453125
-0.708203125
-0.748876953125
-0.729736328125
-0.686669921875
-0.691455078125
-0.67470703125
-0.669921875
-0.681884765625
-0.708203125
-0.681884765625
-0.67470703125
-0.72734375
-0.724951171875
-0.71298828125
-0.765625
-0.763232421875
-0.74169921875
-0.768017578125
-0.782373046875
-0.77041015625
-0.72734375
-0.75126953125
-0.768017578125
-0.72734375
-0.724951171875
-0.724951171875
-0.667529296875
-0.710595703125
-0.667529296875
-0.63642578125
-0.657958984375
-0.61728515625
-0.593359375
-0.60771484375
-0.6125
-0.593359375
-0.610107421875
-0.748876953125
-0.562255859375
-0.581396484375
-0.538330078125
-0.5455078125
-0.5837890625
-0.6125
-0.593359375
-0.57900390625
-0.590966796875
-0.595751953125
-0.552685546875
-0.514404296875
-0.538330078125
-0.5455078125
-0.528759765625
-0.495263671875
-0.51201171875
-0.49765625
-0.500048828125
-0.504833984375
-0.516796875
-0.5263671875
-0.52158203125
-0.516796875
-0.504833984375
-0.49287109375
-0.485693359375
-0.528759765625
-0.52158203125
-0.509619140625
-0.48330078125
-0.49765625
-0.523974609375
-0.49765625
-0.514404296875
-0.49287109375
-0.480908203125
-0.485693359375
-0.504833984375
-0.54072265625
-0.52158203125
-0.49287109375
-0.52158203125
-0.523974609375
-0.55986328125
-0.576611328125
-0.59814453125
-0.590966796875
-0.6029296875
-0.74169921875
-0.57900390625
-0.6125
-0.619677734375
-0.629248046875
-0.748876953125
-0.62685546875
-0.62685546875
-0.657958984375
-0.662744140625
-0.662744140625
-0.68427734375
-0.681884765625
-0.720166015625
-0.708203125
-0.701025390625
-0.65556640625
-0.64599609375
-0.715380859375
-0.729736328125
-0.686669921875
-0.6986328125
-0.70341796875
-0.68427734375
-0.681884765625
-0.724951171875
-0.710595703125
-0.701025390625
-0.686669921875
-0.672314453125
-0.705810546875
-0.708203125
-0.705810546875
-0.67470703125
-0.648388671875
-0.7177734375
-0.7369140625
-0.739306640625
-0.724951171875
-0.686669921875
-0.701025390625
-0.710595703125
-0.70341796875
-0.681884765625
-0.705810546875
-0.677099609375
-0.705810546875
-0.6794921875
-0.65556640625
-0.69384765625
-0.643603515625
-0.629248046875
-0.605322265625
-0.610107421875
-0.643603515625
-0.65556640625
-0.669921875
-0.6220703125
-0.667529296875
-0.677099609375
-0.681884765625
-0.64599609375
-0.4689453125
-0.65078125
-0.6412109375
-0.624462890625
-0.61728515625
-0.624462890625
-0.629248046875
-0.62685546875
-0.619677734375
-0.600537109375
-0.485693359375
-0.63642578125
-0.614892578125
-0.60771484375
-0.624462890625
-0.629248046875
-0.6412109375
-0.631640625
-0.643603515625
-0.6603515625
-0.763232421875
-0.6220703125
-0.653173828125
-0.669921875
-0.67470703125
-0.667529296875
-0.67470703125
-0.672314453125
-0.691455078125
-0.6890625
-0.681884765625
-0.6125
-0.70341796875
-0.72734375
-0.724951171875
-0.669921875
-0.7177734375
-0.705810546875
-0.72734375
-0.758447265625
-0.77041015625
-0.73212890625
-0.7177734375
-0.729736328125
-0.734521484375
-0.724951171875
-0.772802734375
-0.782373046875
-0.72734375
-0.89482421875
-0.734521484375
-0.744091796875
-0.681884765625
-0.6794921875
-0.715380859375
-0.6986328125
-0.677099609375
-0.67470703125
-0.6412109375
-0.629248046875
-0.634033203125
-0.62685546875
-0.485693359375
-0.629248046875
-0.76083984375
-0.610107421875
-0.593359375
-0.58857421875
-0.567041015625
-0.55986328125
-0.59814453125
-0.600537109375
-0.6029296875
-0.590966796875
-0.59814453125
-0.62685546875
-0.648388671875
-0.610107421875
-0.638818359375
-0.629248046875
-0.629248046875
-0.64599609375
-0.653173828125
-0.6412109375
-0.66513671875
-0.686669921875
-0.629248046875
-0.6029296875
-0.65078125
-0.65078125
-0.686669921875
-0.672314453125
-0.710595703125
-0.68427734375
-0.686669921875
-0.648388671875
-0.6412109375
-0.6794921875
-0.629248046875
-0.669921875
-0.6890625
-0.691455078125
-0.73212890625
-0.724951171875
-0.708203125
-0.68427734375
-0.6794921875
-0.6890625
-0.657958984375
-0.662744140625
-0.65556640625
-0.634033203125
-0.61728515625
-0.65078125
-0.634033203125
-0.763232421875
-0.63642578125
-0.648388671875
-0.614892578125
-0.648388671875
-0.619677734375
-0.6029296875
-0.586181640625
-0.6125
-0.581396484375
-0.593359375
-0.610107421875
-0.581396484375
-0.76083984375
-0.600537109375
-0.49765625
-0.538330078125
-0.56943359375
-0.56943359375
-0.523974609375
-0.552685546875
-0.552685546875
-0.57900390625
-0.57421875
-0.555078125
-0.576611328125
-0.576611328125
-0.571826171875
-0.57421875
-0.56943359375
-0.54072265625
-0.547900390625
-0.557470703125
-0.56943359375
-0.538330078125
-0.5646484375
-0.600537109375
-0.610107421875
-0.59814453125
-0.614892578125
-0.624462890625
-0.763232421875
-0.6029296875
-0.619677734375
-0.57900390625
-0.6220703125
-0.634033203125
-0.610107421875
-0.600537109375
-0.619677734375
-0.631640625
-0.739306640625
-0.581396484375
-0.586181640625
-0.629248046875
-0.6029296875
-0.581396484375
-0.61728515625
-0.600537109375
-0.595751953125
-0.595751953125
-0.662744140625
-0.662744140625
-0.638818359375
-0.643603515625
-0.643603515625
-0.638818359375
-0.614892578125
-0.619677734375
-0.6603515625
-0.6794921875
-0.669921875
