-0.629248046875
-0.62685546875
-0.669921875
-0.672314453125
-0.657958984375
-0.62685546875
-0.634033203125
-0.6412109375
-0.6603515625
-0.638818359375
-0.669921875
-0.6794921875
-0.65078125
-0.624462890625
-0.619677734375
-0.6890625
-0.701025390625
-0.653173828125
-0.64599609375
-0.67470703125
-0.66513671875
-0.66513671875
-0.68427734375
-0.672314453125
-0.6603515625
-0.6890625
-0.672314453125
-0.624462890625
-0.6125
-0.67470703125
-0.6603515625
-0.667529296875
-0.68427734375
-0.6794921875
-0.634033203125
-0.631640625
-0.653173828125
-0.669921875
-0.68427734375
-0.6890625
-0.68427734375
-0.715380859375
-0.724951171875
-0.74169921875
-0.72734375
-0.7177734375
-0.7560546875
-0.715380859375
-0.720166015625
-0.746484375
-0.6986328125
-0.672314453125
-0.653173828125
-0.705810546875
-0.6890625
-0.701025390625
-0.705810546875
-0.720166015625
-0.724951171875
-0.73212890625
-0.71298828125
-0.6794921875
-0.681884765625
-0.6794921875
-0.669921875
-0.65078125
-0.66513671875
-0.669921875
-0.67470703125
-0.667529296875
-0.64599609375
-0.6603515625
-0.65078125
-0.677099609375
-0.763232421875
-0.638818359375
-0.701025390625
-0.67470703125
-0.65556640625
-0.667529296875
-0.65078125
-0.672314453125
-0.6890625
-0.70341796875
-0.68427734375
-0.6986328125
-0.686669921875
-0.758447265625
-0.7369140625
-0.724951171875
-0.7177734375
-0.6890625
-0.696240234375
-0.67470703125
-0.701025390625
-0.701025390625
-0.715380859375
-0.744091796875
-0.720166015625
-0.710595703125
-0.739306640625
-0.696240234375
-0.68427734375
-0.701025390625
-0.61728515625
-0.77041015625
-0.744091796875
-0.796728515625
-0.777587890625
-0.619677734375
-0.7943359375
-0.746484375
-0.75126953125
-0.739306640625
-0.72255859375
-0.734521484375
-0.74169921875
-0.753662109375
-0.763232421875
-0.75126953125
-0.772802734375
-0.701025390625
-0.691455078125
-0.7177734375
-0.77041015625
-0.758447265625
-0.9091796875
-0.765625
-0.777587890625
-0.8134765625
-0.839794921875
-0.815869140625
-0.77998046875
-0.787158203125
-0.811083984375
-0.801513671875
-0.7751953125
-0.72734375
-0.74169921875
-0.724951171875
-0.70341796875
-0.739306640625
-0.691455078125
-0.67470703125
-0.715380859375
-0.705810546875
-0.70341796875
-0.753662109375
-0.76083984375
-0.916357421875
-0.7177734375
-0.734521484375
-0.787158203125
-0.765625
-0.763232421875
-0.77041015625
-0.75126953125
-0.744091796875
-0.77998046875
-0.7751953125
-0.765625
-0.758447265625
-0.7560546875
-0.734521484375
-0.75126953125
-0.72255859375
-0.70341796875
-0.734521484375
-0.720166015625
-0.6794921875
-0.708203125
-0.72734375
-0.68427734375
-0.6890625
-0.68427734375
-0.705810546875
-0.724951171875
-0.739306640625
-0.696240234375
-0.715380859375
-0.729736328125
-0.720166015625
-0.6890625
-0.720166015625
-0.624462890625
-0.784765625
-0.772802734375
-0.89482421875
-0.624462890625
-0.787158203125
-0.734521484375
-0.81826171875
-0.8421875
-0.811083984375
-0.83740234375
-0.88046875
-0.84697265625
-0.8421875
-0.854150390625
-0.9091796875
-0.85654296875
-0.823046875
-0.83740234375
-0.820654296875
-0.83740234375
-0.796728515625
-0.784765625
-0.777587890625
-0.629248046875
-0.746484375
-0.72255859375
-0.70341796875
-0.69384765625
-0.70341796875
-0.672314453125
-0.705810546875
-0.66513671875
-0.662744140625
-0.631640625
-0.65078125
-0.610107421875
-0.61728515625
-0.595751953125
-0.595751953125
-0.586181640625
-0.610107421875
-0.6029296875
-0.758447265625
-0.57900390625
-0.586181640625
-0.586181640625
-0.605322265625
-0.49287109375
-0.614892578125
-0.643603515625
-0.662744140625
-0.669921875
-0.653173828125
-0.710595703125
-0.73212890625
-0.7369140625
-0.7560546875
-0.76083984375
-0.7751953125
-0.753662109375
-0.787158203125
-0.7751953125
-0.825439453125
-0.906787109375
-0.830224609375
-0.823046875
-0.820654296875
-0.844580078125
-0.882861328125
-0.825439453125
-0.81826171875
-0.8421875
-0.835009765625
-0.8134765625
-0.873291015625
-0.835009765625
-0.79912109375
-0.806298828125
-0.78955078125
-0.79912109375
-0.77041015625
-0.777587890625
-0.796728515625
-0.76083984375
-0.763232421875
-0.791943359375
-0.801513671875
-0.76083984375
-0.768017578125
-0.784765625
-0.7369140625
-0.744091796875
-0.71298828125
-0.669921875
-0.65556640625
-0.691455078125
-0.667529296875
-0.648388671875
-0.6603515625
-0.631640625
-0.648388671875
-0.65078125
-0.6603515625
-0.6603515625
-0.69384765625
-0.672314453125
-0.686669921875
-0.705810546875
-0.686669921875
-0.64599609375
-0.705810546875
-0.6794921875
-0.667529296875
-0.705810546875
-0.6986328125
-0.701025390625
-0.701025390625
-0.75126953125
-0.784765625
-0.82783203125
-0.784765625
-0.8134765625
-0.830224609375
-0.820654296875
-0.81826171875
-0.81826171875
-0.854150390625
-0.863720703125
-0.88046875
-0.902001953125
-0.844580078125
-0.863720703125
-0.82783203125
-0.835009765625
-0.782373046875
-0.811083984375
-0.746484375
-0.739306640625
-0.744091796875
-0.787158203125
-0.784765625
-0.763232421875
-0.744091796875
-0.7177734375
-0.7177734375
-0.720166015625
-0.7560546875
-0.748876953125
-0.73212890625
-0.748876953125
-0.708203125
-0.6986328125
-0.662744140625
-0.691455078125
-0.696240234375
-0.69384765625
-0.691455078125
-0.672314453125
-0.672314453125
-0.669921875
-0.686669921875
-0.6890625
-0.70341796875
-0.69384765625
-0.724951171875
-0.7560546875
-0.705810546875
-0.701025390625
-0.763232421875
-0.724951171875
-0.777587890625
-0.782373046875
-0.823046875
-0.634033203125
-0.746484375
-0.784765625
-0.758447265625
-0.763232421875
-0.72734375
-0.715380859375
-0.69384765625
-0.6986328125
-0.744091796875
-0.66513671875
-0.70341796875
-0.67470703125
-0.66513671875
-0.677099609375
-0.638818359375
-0.643603515625
-0.47373046875
-0.57421875
-0.629248046875
-0.662744140625
-0.631640625
-0.6125
-0.672314453125
-0.65078125
-0.66513671875
-0.662744140625
-0.68427734375
-0.7177734375
-0.696240234375
-0.705810546875
-0.68427734375
-0.72734375
-0.643603515625
-0.734521484375
-0.66513671875
-0.71298828125
-0.724951171875
-0.705810546875
-0.71298828125
-0.729736328125
-0.65078125
-0.65078125
-0.669921875
-0.65078125
-0.67470703125
-0.708203125
-0.6890625
-0.657958984375
-0.653173828125
-0.662744140625
-0.648388671875
-0.63642578125
-0.763232421875
-0.662744140625
-0.64599609375
-0.744091796875
-0.724951171875
-0.746484375
-0.78955078125
-0.724951171875
-0.7369140625
-0.69384765625
-0.662744140625
-0.648388671875
-0.6890625
-0.701025390625
-0.70341796875
-0.6220703125
-0.74169921875
-0.7369140625
-0.686669921875
-0.7177734375
-0.681884765625
-0.672314453125
-0.4689453125
-0.66513671875
-0.720166015625
-0.69384765625
-0.667529296875
-0.69384765625
-0.6125
-0.619677734375
-0.672314453125
-0.69384765625
-0.686669921875
-0.669921875
-0.64599609375
-0.65556640625
-0.629248046875
-0.638818359375
-0.631640625
-0.643603515625
-0.65556640625
-0.6986328125
-0.744091796875
-0.705810546875
-0.729736328125
-0.7177734375
-0.729736328125
-0.701025390625
-0.6890625
-0.67470703125
-0.653173828125
-0.63642578125
-0.765625
-0.567041015625
-0.567041015625
-0.562255859375
-0.418701171875
-0.49765625
-0.500048828125
-0.51201171875
-0.45458984375
-0.485693359375
-0.456982421875
-0.4689453125
-0.46416015625
-0.519189453125
-0.5359375
-0.55986328125
-0.56943359375
-0.58857421875
-0.672314453125
-0.691455078125
-0.710595703125
-0.748876953125
-0.75126953125
-0.77998046875
-0.77041015625
-0.787158203125
-0.820654296875
-0.80390625
-0.768017578125
-0.7751953125
-0.79912109375
-0.72255859375
-0.6986328125
-0.73212890625
-0.701025390625
-0.7369140625
-0.691455078125
-0.691455078125
-0.667529296875
-0.631640625
-0.65078125
-0.643603515625
-0.624462890625
-0.466552734375
-0.590966796875
-0.56943359375
-0.57421875
-0.57421875
-0.538330078125
-0.576611328125
-0.519189453125
-0.57900390625
-0.571826171875
-0.610107421875
-0.590966796875
-0.677099609375
-0.686669921875
-0.70341796875
-0.677099609375
-0.653173828125
-0.662744140625
-0.69384765625
-0.729736328125
-0.729736328125
-0.76083984375
-0.72734375
-0.763232421875
-0.72734375
-0.6890625
-0.696240234375
-0.64599609375
-0.75126953125
-0.461767578125
-0.60771484375
-0.519189453125
-0.533544921875
-0.55986328125
-0.5646484375
-0.593359375
-0.5455078125
-0.576611328125
-0.571826171875
-0.576611328125
-0.593359375
-0.6220703125
-0.57900390625
-0.600537109375
-0.5646484375
-0.57900390625
-0.600537109375
-0.60771484375
-0.6125
-0.595751953125
-0.62685546875
-0.657958984375
-0.590966796875
-0.6220703125
-0.55986328125
-0.5646484375
-0.552685546875
-0.555078125
-0.57421875
-0.533544921875
-0.54072265625
-0.55029296875
-0.5646484375
-0.552685546875
-0.576611328125
-0.543115234375
-0.538330078125
-0.5359375
-0.523974609375
-0.51201171875
-0.509619140625
-0.567041015625
-0.54072265625
-0.555078125
-0.610107421875
-0.595751953125
-0.55986328125
-0.576611328125
-0.593359375
-0.57900390625
-0.557470703125
-0.5359375
-0.600537109375
-0.5455078125
-0.538330078125
-0.55986328125
-0.547900390625
-0.590966796875
-0.60771484375
-0.600537109375
-0.571826171875
-0.555078125
-0.586181640625
-0.576611328125
-0.53115234375
-0.523974609375
-0.533544921875
-0.5837890625
-0.533544921875
-0.586181640625
-0.555078125
-0.547900390625
-0.547900390625
-0.538330078125
-0.576611328125
-0.547900390625
-0.552685546875
-0.533544921875
-0.53115234375
-0.56943359375
-0.56943359375
-0.571826171875
-0.59814453125
-0.610107421875
-0.567041015625
-0.629248046875
-0.63642578125
-0.63642578125
-0.6220703125
-0.6220703125
-0.634033203125
-0.610107421875
-0.6220703125
-0.65556640625
-0.593359375
-0.63642578125
-0.6125
-0.677099609375
-0.6603515625
-0.672314453125
-0.69384765625
-0.691455078125
-0.691455078125
-0.64599609375
-0.677099609375
-0.624462890625
-0.61728515625
-0.62685546875
-0.55029296875
-0.562255859375
-0.586181640625
-0.6029296875
-0.600537109375
-0.61728515625
-0.76083984375
-0.6029296875
-0.552685546875
-0.576611328125
-0.5646484375
-0.53115234375
-0.476123046875
-0.51201171875
-0.495263671875
-0.459375
-0.495263671875
-0.49287109375
-0.500048828125
-0.514404296875
-0.519189453125
-0.459375
-0.485693359375
-0.49287109375
-0.50244140625
-0.5455078125
-0.56943359375
-0.55029296875
-0.586181640625
-0.595751953125
-0.619677734375
-0.6603515625
-0.765625
-0.6029296875
-0.65078125
-0.6890625
-0.677099609375
-0.686669921875
-0.6794921875
-0.66513671875
-0.65078125
-0.657958984375
-0.6603515625
-0.65556640625
-0.631640625
-0.595751953125
-0.57421875
-0.62685546875
-0.76083984375
-0.55986328125
-0.56943359375
-0.543115234375
-0.5455078125
-0.54072265625
-0.48330078125
-0.509619140625
