-367
-340
-354
-363
-367
-344
-331
-313
-300
-321
-334
-283
-331
-378
-304
-329
-344
-340
-310
-390
-336
-361
-417
-418
-342
-365
-394
-323
-333
-359
-325
-363
-319
-298
-369
-363
-315
-336
-378
-325
-365
-405
-340
-338
-304
-325
-350
-315
-264
-287
-312
-333
-350
-292
-241
-243
-300
-321
-336
-300
-300
-336
-289
-283
-310
-296
-296
-338
-312
-359
-308
-296
-306
-296
-304
-321
-527
-806
-901
-913
-833
-573
-209
-487
-14
-83
-268
-397
-315
-149
-125
-434
-689
-806
-802
-693
-537
-363
-239
-233
-273
-468
-642
-750
-745
-535
-428
-325
-264
-270
-315
-365
-367
-296
-304
-218
-178
-239
-197
-157
-205
-228
-176
-199
-111
-94
-79
-67
-69
-86
-46
-121
-81
-54
-69
-136
-90
-92
-37
-25
-119
-63
32
1
5
-8
-23
-16
-119
-109
-42
-29
-65
-109
-100
-73
-54
9
40
-12
-20
-88
-84
-31
22
-41
-71
-23
-33
-35
-111
-119
-16
-119
-140
-83
-56
-128
-155
-182
-111
-117
-170
-197
-193
-163
-153
-258
-250
-220
-277
-313
-214
-243
-239
-296
-291
-264
-239
-292
-247
-321
-313
-283
-319
-342
-313
-271
-287
-243
-231
-186
-199
-151
-142
-105
-100
-136
-98
-35
-107
-21
-56
-23
32
-52
-35
-39
-483
-12
484
-487
24
-63
26
36
24
13
-489
-489
19
22
74
87
99
78
66
146
104
164
242
208
240
192
238
312
404
360
381
387
393
433
503
520
520
517
583
578
599
553
580
578
618
559
608
561
540
500
557
456
440
505
406
354
372
381
311
335
267
276
295
311
270
229
227
219
209
164
181
97
62
19
-10
-12
-60
-58
-159
-117
-159
-191
-138
-165
-260
-237
-266
-239
-231
-247
-298
-336
-308
-329
-327
-315
-308
-308
-275
-275
-298
-279
-241
-281
-233
-218
-142
-201
-174
-81
-115
-140
-18
-50
-31
7
32
82
127
103
53
62
114
152
127
57
47
103
91
104
116
160
133
97
61
158
194
202
221
236
265
244
232
309
316
288
309
263
238
269
223
291
227
253
261
240
204
217
257
183
106
101
145
156
76
61
82
124
87
59
26
22
32
26
-23
-44
-54
-67
-46
-167
-102
-94
-105
-130
-111
-134
-209
-184
-159
-136
-144
-155
-94
-107
-69
-88
-119
-77
-44
-75
-100
-63
-62
-115
-113
-134
-167
-155
-163
-140
-184
-254
-289
-241
-300
-268
-249
-270
-252
-210
-260
-283
-315
-310
-354
-315
-331
-357
-348
-352
-327
-266
-361
-392
-363
-371
-338
-329
-296
-298
-283
-224
-281
-283
-268
-292
-241
-188
-216
-193
-157
-149
-105
-155
-168
-71
-77
-132
-130
-77
-75
-90
-16
-37
-470
40
-14
59
43
80
17
28
