-23
-489
-16
-481
70
80
38
-20
-42
32
36
-62
-12
-96
-138
-100
-167
-71
-100
-12
26
-39
-113
-146
-140
-54
-54
-29
-88
-201
-239
-201
-212
-237
-249
-262
-270
-182
-254
-180
-159
-69
-128
-65
-73
30
59
66
112
118
103
116
179
118
118
173
103
127
188
143
150
76
120
146
101
118
70
135
57
55
-489
-50
-23
13
-77
-27
-44
-20
74
91
49
110
108
141
49
125
99
57
78
70
124
131
30
53
89
120
5
-29
0
-23
19
22
30
85
112
76
89
124
139
127
114
101
145
146
156
179
160
171
202
274
276
316
326
299
368
467
463
471
973
503
526
515
557
671
595
604
656
603
625
645
635
683
637
553
509
22
534
471
511
456
454
482
438
398
622
622
736
633
673
706
606
679
616
591
583
566
513
517
566
583
570
543
559
585
610
633
633
643
645
625
633
608
624
650
616
677
669
645
648
694
683
625
589
595
564
669
688
643
576
532
627
599
513
545
564
576
517
595
540
583
557
570
593
654
606
637
646
629
709
669
591
574
551
496
500
583
538
580
643
524
570
576
490
412
452
402
337
379
347
314
288
250
270
204
240
272
280
253
240
259
238
312
320
354
370
354
440
532
444
459
503
503
488
498
969
503
583
549
559
501
505
562
463
3
522
454
456
427
473
440
414
438
400
354
450
419
398
442
410
400
291
351
316
291
387
351
358
330
257
330
230
261
230
188
232
164
164
141
175
162
156
202
177
234
196
160
156
173
173
179
183
47
47
471
-10
-20
-63
-480
74
479
-14
-25
-94
-94
-35
-71
-42
-63
-58
-90
-8
47
74
59
85
103
139
187
204
125
190
217
185
120
173
146
255
288
154
240
267
202
211
167
181
122
129
225
225
160
187
204
162
213
267
238
179
194
194
204
198
194
209
164
263
230
171
236
219
194
185
116
190
104
43
53
47
118
49
85
36
59
99
20
17
-56
-489
13
-10
-67
-84
-2
-2
-48
-104
-62
-73
-60
-50
-44
-79
-52
-35
-44
-62
-8
-35
-81
-94
-50
-117
-94
-109
-111
-165
-205
-218
-294
-243
-331
-243
-250
-292
-291
-237
-205
-264
-146
-168
-60
-146
-134
-245
-266
-273
-338
-355
-333
-245
-186
-216
-104
-14
-460
49
120
80
72
91
61
55
471
32
22
-14
32
61
17
484
82
15
-41
-480
83
141
171
83
59
116
166
97
116
167
135
133
156
143
143
1
-14
