-14
-39
-42
-41
36
24
47
78
95
72
36
15
38
55
5
66
91
32
68
40
-480
-33
-6
22
-16
5
-18
7
-65
-12
-41
-485
1
66
36
26
78
61
57
66
11
19
135
114
99
74
57
-39
-20
-37
-77
-20
-39
-63
-42
-33
-31
-21
-92
-50
-39
-16
-86
-102
-130
-109
-125
-174
-174
-243
-247
-250
-250
-262
-285
-281
-262
-270
-266
-247
-218
-256
-226
-285
-306
-233
-258
-306
-273
-354
-285
-331
-306
-313
-336
-317
-357
-287
-250
-220
-262
-256
-281
-306
-344
-294
-250
-275
-363
-296
-291
-273
-249
-218
-289
-281
-287
-262
-285
-176
-170
-218
-218
-163
-96
-151
-117
-172
-102
-39
-132
-140
-90
-86
-90
-117
-54
38
17
-104
-81
-21
-63
-54
-77
-65
-83
-146
-147
-159
-90
-132
-138
-125
-136
-142
-165
-168
-237
-243
-235
-178
-153
-167
-207
-317
-327
-329
-378
-355
-375
-355
-424
-443
-970
-418
-449
-2
-472
-508
-489
-493
-481
-510
-506
-533
-565
-483
-489
-491
-504
-539
-455
-462
-478
-539
-508
-525
-571
-571
-563
-623
-592
-583
-556
-512
-562
-512
-459
-447
-480
-434
-376
-375
-338
-354
-325
-317
-321
-210
-216
-264
-247
-308
-310
-252
-310
-271
-243
-193
-199
-249
-250
-287
-243
-205
-220
-224
-250
-254
-203
-254
-294
-262
-313
-224
-249
-247
-285
-289
-354
-371
-342
-346
-386
-378
-375
-361
-397
-418
-380
-331
-321
-340
-365
-281
-209
-214
-209
-130
-226
-134
-117
-100
-113
-121
-111
-483
5
-6
32
34
131
62
89
89
129
167
236
171
221
232
267
284
225
288
251
223
261
278
349
290
318
240
221
190
173
167
215
187
137
185
187
93
152
95
145
137
106
112
183
169
64
108
57
57
61
41
-31
-67
-29
-25
-75
-84
-60
-48
0
17
30
13
9
-12
15
484
13
9
-81
-2
0
-42
-6
1
-14
-16
53
-29
-18
26
-48
-20
-52
-46
41
-31
-98
-489
-29
32
477
-25
-33
20
26
24
41
93
97
82
93
112
131
181
133
133
166
190
185
206
230
183
110
152
160
150
162
194
173
122
171
208
183
124
137
160
135
219
187
217
227
196
227
227
204
202
131
238
190
192
238
206
167
192
131
120
129
150
108
171
179
108
154
127
74
99
70
64
41
41
47
47
74
68
76
-48
-75
-16
-21
-33
480
-2
-60
-25
-83
-58
-39
-134
-136
-123
-107
-136
-105
-168
-184
-140
-128
-170
-142
-153
-136
-161
-163
-186
-165
-117
-109
-132
-77
-111
-121
-73
-62
-128
-69
-62
-107
-81
-100
-487
-31
-20
-46
-23
5
-489
-14
-31
-44
-21
-39
1
