-388
-327
-321
-308
-212
-224
-230
-180
-146
-136
-126
-136
-144
-149
-218
-239
-285
-298
-319
-336
-359
-319
-287
-270
-233
-220
-199
-159
-228
-247
-163
-233
-182
-300
-130
-147
-117
-140
-58
-151
-50
-92
-79
-487
-37
-20
-83
-102
-138
-98
-58
-102
-209
-65
-102
-81
-107
-69
-90
-147
-109
-115
-71
-84
-140
-126
-121
-165
-167
-180
-147
-163
-151
-167
-205
-161
-107
-130
-69
-163
-176
-241
-165
-207
-249
-170
-146
-132
-73
-168
-155
-90
-146
-107
-180
-136
-88
-163
-184
-113
-170
-75
-48
-37
-474
-4
-41
-21
-23
-35
13
-33
-14
463
-474
486
-37
-23
-489
7
-50
57
30
36
28
-14
-18
-50
-2
-41
-60
-90
-42
-27
17
-33
-86
-18
-44
-483
-41
-41
-42
-485
38
45
-12
-39
-37
-39
-60
-10
-56
-46
-63
-75
-94
-54
-63
-62
-14
-41
-25
-23
-94
-73
-54
-48
-75
-69
-75
-31
-14
-90
-81
-69
-102
-90
-63
-29
-54
-105
-83
-23
-41
-94
-8
-83
-73
-63
-62
-33
-65
-56
-35
19
-37
-75
-65
-481
-83
-67
-14
-44
-77
-48
-86
-50
-113
-67
-67
-54
-69
-75
-92
-65
-140
-104
-77
-37
-65
-142
-142
-109
-69
-83
-111
-140
-65
-48
-96
-105
-42
-77
-63
-25
-4
36
7
9
59
-39
-69
-27
-18
22
-27
-14
-37
-62
-39
-39
-6
-23
-62
-98
-46
-92
-56
-119
-121
-113
-157
-165
-157
-205
-230
-205
-203
-226
-235
-216
-245
-209
-304
-315
-329
-271
-300
-329
-310
-308
-222
-207
-247
-224
-247
-184
-155
-210
-153
-79
-65
-84
-50
-20
-42
-23
-31
5
11
19
9
17
152
83
72
146
160
131
93
97
87
167
64
47
-20
-134
-96
-147
-102
-94
-73
-178
-130
-92
-151
-214
-233
-256
-252
-285
-348
-375
-382
-466
-4
-480
-504
-976
-474
-459
-438
-438
-472
-445
-445
-388
-392
-411
-428
-468
-417
-432
-430
-285
-239
-260
-178
-168
-109
-123
-180
-113
-90
-33
-88
-109
-123
-90
-81
-65
-128
-73
-98
-157
-90
-146
-149
-165
-136
-180
-273
-233
-216
-250
-174
-245
-201
-186
-125
-144
-96
-209
-98
-178
-189
-191
-228
-262
-281
-268
-233
-334
-216
-270
-289
-302
-373
-342
-321
-319
-329
-329
-319
-325
-348
-300
-342
-241
-252
-277
-296
-207
-233
-268
-270
-296
-224
-245
-266
-270
-308
-304
-237
-254
-191
-136
-113
-104
-134
-147
-142
-81
-84
-83
-62
-2
-54
-474
-8
17
11
-8
471
-12
36
-42
0
-58
-109
-29
-73
-81
-62
-146
-77
-176
-195
-182
-165
-163
-132
-197
-92
-191
-207
-86
-121
-69
-27
-25
-12
34
-18
-466
-29
-20
59
51
-27
-37
-10
-21
-41
484
-12
-60
-35
-35
