-1132
-1126
-1069
-987
-1037
-989
-955
-899
-905
-859
-855
-789
-779
-777
-754
-737
-691
-737
-693
-619
-602
-596
-592
-579
-960
-459
-411
-394
-394
-438
-355
-363
-348
-334
-260
-237
-266
-292
-298
-275
-313
-380
-283
-304
-250
-296
-186
-262
-247
-268
-268
-218
-245
-289
-252
-262
-266
-216
-203
-275
-294
-273
-308
-342
-273
-214
-264
-270
-262
-245
-331
-390
-369
-445
-439
-436
-18
-510
-476
-455
-523
-476
-483
-506
-483
-457
-457
-405
-434
-428
-369
-367
-390
-323
-304
-241
-346
-312
-334
-333
-357
-289
-361
-291
-245
-254
-193
-167
-167
-165
-136
-102
-113
-60
-12
-44
36
76
122
43
99
154
179
194
232
248
234
255
375
341
358
351
408
419
423
13
566
530
572
591
601
599
622
704
669
711
746
797
727
734
744
782
734
805
807
791
778
767
782
763
748
738
736
669
650
702
631
650
656
669
589
501
393
387
395
351
349
259
213
246
286
232
175
158
133
131
158
158
91
91
114
95
91
114
91
76
93
30
72
114
74
59
85
99
62
70
24
38
62
146
112
146
122
185
179
232
269
341
337
330
328
337
307
353
383
416
375
387
381
381
469
389
446
967
427
461
450
465
507
975
492
440
3
438
456
509
459
429
467
530
965
969
479
513
519
543
549
471
435
3
595
498
534
541
593
578
597
641
606
578
643
694
624
625
591
645
580
528
501
500
425
448
490
473
450
410
429
433
442
412
450
402
444
459
469
442
427
417
473
400
368
400
406
395
370
360
330
297
330
303
270
400
395
360
398
398
391
448
442
368
414
318
356
402
312
372
333
269
335
295
330
354
326
356
358
339
312
284
259
127
15
20
-42
-71
-46
-83
-163
-142
-180
-201
-205
-186
-241
-235
-216
-216
-222
-170
-233
-230
-224
-241
-195
-212
-188
-224
-245
-254
-197
-184
-231
-291
-283
-275
-254
-241
-241
-254
-313
-273
-296
-302
-302
-279
-279
-313
-283
-249
-308
-312
-338
-310
-308
-271
-306
-233
-184
-140
-134
-60
-42
-39
26
87
187
295
517
652
530
658
650
730
778
723
639
494
532
383
332
288
267
213
150
215
198
198
190
230
236
125
82
116
137
103
74
85
85
97
11
30
-35
-8
-8
-111
-136
-90
-62
-121
-159
-189
-155
-138
-209
-186
-128
-98
-161
-136
-111
-161
-228
-168
-163
-134
-222
-161
-188
-151
-117
-67
-117
-157
-134
-153
-180
-111
-125
-128
-178
-209
-189
-153
-226
-210
-266
-312
-346
-323
-321
-409
-434
-457
-485
-460
-487
-478
-497
-459
-434
-396
