-283
-302
-350
-376
-445
-478
-459
-422
-447
-491
-459
-445
-449
-514
-957
-443
-476
-474
-497
-552
-558
-600
-521
-512
-569
-602
-625
-663
-661
-626
-646
-653
-665
-710
-667
-628
-605
-655
-619
-573
-560
-552
-586
-617
-716
-789
-852
-926
-962
-997
-890
-926
-932
-871
-802
-741
-668
-605
-556
-974
-384
-302
-203
-96
-83
-10
114
188
227
259
322
326
301
253
221
206
175
181
103
68
47
-71
-60
-159
-224
-268
-289
-281
-289
-254
-216
-167
-134
-172
-84
-86
-155
-172
-224
-230
-304
-291
-340
-447
-521
-499
-474
-516
-565
-554
-567
-605
-630
-596
-623
-728
-737
-691
-722
-668
-686
-676
-691
-756
-709
-623
-617
-628
-584
-542
-491
-392
-418
-438
-424
-363
-292
-338
-336
-296
-268
-195
-140
-117
-88
19
36
70
118
127
154
187
217
282
293
219
148
202
99
24
-29
-54
-105
-138
-153
-102
-144
-94
-105
-195
-174
-113
-146
-174
-245
-266
-273
-228
-205
-235
-203
-117
-121
-8
55
64
80
99
85
129
120
74
179
192
246
139
139
179
83
-63
-90
-193
-191
-285
-304
-417
-403
-468
-470
-478
-468
-396
-480
-396
-313
-426
-422
-542
-466
-502
-434
-428
-361
-287
-237
-296
-216
-172
-165
-140
-153
-193
-228
-294
-373
-336
-411
-480
-428
-497
-978
-438
-438
-430
-361
-392
-363
-417
-373
-376
-388
-331
-285
-287
-249
-249
-245
-291
-241
-281
-294
-247
-249
-294
-233
-270
-195
-186
-52
76
45
148
204
158
194
139
160
36
-35
-113
-245
-273
-384
-418
-453
-403
-417
-434
-451
-359
-344
-239
-136
-142
-136
-170
-195
-146
-119
-84
-125
-8
110
104
85
255
278
248
236
276
188
156
97
62
-83
-176
-224
-260
-252
-260
-256
-268
-163
-203
-153
-163
-258
-214
-252
-367
-413
-487
-447
-974
-439
-453
-426
-523
-388
-378
-317
-199
-197
-100
55
127
229
272
291
393
345
335
312
318
227
95
55
169
374
7
959
374
-33
-216
-575
-955
-1146
-1029
-638
-306
-201
473
-77
-191
-470
-670
-907
-1031
-1090
-1123
-995
-936
-817
-569
-464
-481
-577
-630
-750
-833
-903
-840
-781
-699
-640
-621
-529
-590
-625
-735
-724
-754
-661
-960
-184
110
379
0
952
377
362
383
127
-46
-117
-75
19
106
175
274
416
446
307
297
305
240
131
83
24
43
-83
-193
-235
-125
-147
-69
-186
-304
-333
-466
-563
-516
-369
-300
-189
-44
5
127
143
36
7
-155
-327
-344
-407
-369
-407
-279
-123
68
40
-88
-296
-6
-638
-749
-804
-701
-672
-521
-313
-197
-142
-113
-245
-298
-394
-476
-466
-932
-418
-392
-441
-302
-205
-81
-94
-12
-90
-117
-197
-279
-260
-294
-207
-130
-69
-42
40
13
41
-16
-67
-86
-37
-104
-134
-197
-201
-256
-260
-214
-285
-325
-327
-350
-462
-537
-548
-476
-420
-329
-292
-367
-394
-338
-386
-365
-943
-424
-12
-586
-546
-552
-443
-275
-239
-10
187
57
656
702
1190
801
368
152
15
-375
-518
-478
-439
-628
-617
-531
-422
-495
-567
-472
-287
-216
-245
-188
-113
-77
-71
-100
22
166
236
209
173
76
475
-209
-189
-197
-84
72
167
349
341
360
288
219
47
-44
475
26
179
253
66
-102
-186
-485
-472
-537
-10
-439
-424
-373
-447
-470
-428
-367
-331
-352
-346
-250
-210
-279
-170
-123
-210
-338
-325
-355
-386
-512
-474
-399
-317
-243
-331
-405
-432
-455
-386
-268
-146
-42
-487
114
181
244
213
204
286
194
143
91
103
41
38
59
47
-165
-247
-355
-974
-460
-611
-636
-659
-640
-396
-304
-363
-396
-434
-554
-642
-770
-632
-531
-384
-254
-252
-483
-777
-586
-1203
-1020
-869
-842
-695
-806
-854
-922
-924
-674
-886
-180
-464
108
311
286
284
299
324
221
160
158
194
112
473
-42
-75
-31
-100
-50
