-199
-252
-336
-313
-291
-401
-420
-443
-428
-438
-449
-445
-481
-548
-554
-529
-550
-611
-638
-581
-602
-554
-563
-552
-600
-577
-569
-590
-638
-640
-554
-613
-668
-712
-686
-613
-625
-581
-537
-525
-447
-415
-443
-428
-462
-418
-371
-411
-438
-338
-369
-283
-323
-319
-344
-361
-340
-298
-344
-302
-279
-325
-258
-197
-271
-325
-308
-325
-268
-273
-230
-189
-277
-220
-172
-268
-275
-209
-237
-216
-266
-228
-256
-243
-224
-224
-285
-193
-239
-193
-247
-201
-239
-224
-201
-149
-205
-218
-151
-147
-189
-157
-230
-231
-291
-233
-212
-233
-231
-310
-260
-291
-302
-359
-346
-327
-382
-384
-478
-451
-451
-397
-539
-966
-451
-2
-970
-443
-441
-976
-468
-544
-493
-472
-468
-481
-529
-445
-489
-493
-468
-462
-474
-455
-453
-483
-441
-409
-462
-432
-495
-422
-432
-357
-312
-359
-323
-302
-367
-300
-212
-294
-230
-237
-271
-271
-254
-228
-218
-292
-212
-188
-174
-178
-224
-266
-260
-239
-226
-212
-252
-220
-252
-250
-216
-247
-254
-239
-205
-241
-178
-220
-199
-228
-210
-163
-237
-207
-132
-197
-199
-262
-287
-233
-266
-254
-262
-292
-283
-304
-298
-422
-386
-298
-317
-315
-273
-289
-273
-245
-331
-373
-371
-329
-361
-357
-342
-346
-424
-459
-390
-411
-481
-457
-380
-464
-476
-520
-432
-380
-457
-508
-451
-439
-439
-378
-359
-359
-243
-260
-304
-292
-304
-319
-283
-317
-323
-334
-361
-300
-281
-308
-291
-256
-315
-195
-273
-226
-205
-264
-212
-304
-256
-312
-279
-310
-302
-298
-214
-252
-277
-296
-291
-336
-386
-338
-386
-483
-970
-447
-466
-407
-481
-457
-481
-476
-418
-333
-394
-296
-247
-264
-325
-291
-355
-472
-403
-375
-321
-424
-403
-396
-378
-378
-426
-422
-392
-417
-334
-325
-241
-209
-159
-140
-88
-90
-37
-83
-71
-60
5
-83
19
-14
480
51
43
78
76
57
114
158
181
70
145
41
34
-84
-67
-109
-100
-115
-157
-273
-222
-247
-212
-226
-258
-313
-396
-365
-422
-472
-457
-512
-529
-523
-558
-29
-558
-565
-628
-502
-581
-577
-567
-459
-432
-420
-386
-445
-382
-350
-367
-361
-359
-313
-354
-317
-247
-235
-304
-325
-317
-241
-260
-275
-199
-178
-191
-199
-172
-111
-134
-48
-37
-102
-21
-41
20
479
19
26
26
66
95
66
45
19
53
26
70
141
78
55
124
26
64
166
133
154
104
41
45
26
28
17
-483
-18
-18
34
-39
-20
15
34
-39
15
-54
-123
-52
-2
-35
7
-14
-126
-35
-4
1
-90
-37
-50
-25
-10
-56
-98
-16
-50
-52
-136
-115
-157
-134
-126
-138
-113
-105
-161
-132
-107
-130
-176
-167
-88
-144
-130
-222
-126
-104
-119
-98
-71
-58
-88
-86
-92
-88
7
-67
-69
