-239
-327
-378
-373
-331
-249
-147
-79
-25
469
-478
97
62
112
177
162
41
486
-83
-197
-304
-376
-20
-563
-604
-718
-758
-781
-796
-909
-993
-1039
-1168
-1283
-1363
-1350
-1254
-1216
-1146
-1096
-1134
-1153
-1165
-1178
-1126
-1077
-1037
-1073
-1104
-1453
-756
-703
-604
-586
-588
-623
-707
-842
-846
-710
-563
-428
-342
-424
-411
-436
-470
-386
-399
-443
-464
-554
-628
-680
-632
-583
-512
-407
-365
-357
-275
-188
-220
-214
-237
-241
-289
-271
-275
-258
-125
-83
-42
-60
-52
-84
-96
-88
-125
-266
-281
-441
-359
-413
-407
-436
-399
-441
-384
-382
-466
-535
-552
-594
-596
-575
-525
-434
-329
-191
-104
-33
83
62
91
93
64
20
47
45
57
-31
93
53
68
120
103
30
7
-128
-107
-359
-403
-472
-514
-491
-468
-325
-357
-310
-382
-390
-367
-436
-388
-392
-279
-292
-239
-209
-189
-146
-182
-100
-155
-126
-128
-94
-123
-180
-138
-136
-161
-56
-157
-147
-264
-355
-209
-209
-96
-46
-84
64
-42
-157
-430
-636
-695
-749
-619
-562
-401
-256
-159
-247
-287
-65
162
217
253
80
-142
-174
-287
-292
-224
-203
-52
-481
200
263
202
66
83
5
-58
-136
-128
-258
-296
-285
-294
-201
-100
-20
72
70
51
-50
-75
-165
-191
-247
-298
-308
-239
-228
-197
-111
-63
5
40
9
5
-75
-176
-201
-369
-378
-6
-571
-623
-728
-707
-733
-626
-567
-960
-405
-340
-275
-291
-294
-352
-466
-485
-531
-575
-676
-674
-735
-710
-749
-701
-678
-575
-527
-960
-468
-521
-417
-430
-466
-544
-512
-646
-674
-647
-638
-563
-510
-499
-333
-375
-266
-195
-167
-235
-233
-270
-205
-176
-186
-161
-220
-220
-296
-283
-264
-273
-226
-209
-197
-111
-16
-71
19
83
188
202
192
95
53
62
0
-84
-52
-220
-245
-231
-350
-363
-415
-348
-432
-359
-386
-409
-453
-472
-583
-594
-581
-596
-665
-590
-607
-521
-464
-378
-313
-249
-188
-140
-472
162
211
255
261
290
351
375
456
368
337
299
213
156
215
286
408
421
364
343
322
339
408
188
-83
-348
-541
-453
-354
-394
-329
-396
-338
-367
-205
-109
-23
43
-29
-62
-121
-128
-262
-336
-382
-384
-457
-392
-20
-445
-430
-367
-128
-50
38
20
45
103
108
78
70
124
45
-58
-121
-199
-275
-247
-218
-277
-317
-312
-245
-205
-168
-153
-235
-256
-304
-321
-321
-422
-478
-531
-577
-571
-546
-510
-976
-457
-426
-420
-388
-375
-329
-310
-260
-193
-197
-174
-119
-224
-254
-363
-401
-457
-529
-521
-609
-619
-533
-525
-974
-449
-354
-348
-344
-294
-264
-250
-277
-277
-287
-285
-250
-357
-315
-367
-430
-497
-500
-504
-550
-554
-964
-417
-422
-394
-350
-279
-258
-138
-134
-140
-113
-79
-84
-73
-86
-170
-201
-155
-170
-201
-243
-214
-233
-182
-193
-193
-149
-132
-104
-8
1
1
5
-69
-60
-92
-134
-119
-186
-172
-207
-230
-252
-289
-310
-312
-334
-321
-323
-382
-397
-397
-438
-420
-420
-430
-420
-455
-2
-462
-548
-531
-546
-544
-556
-632
-630
-583
-647
-657
-626
-659
-562
-541
-546
-518
-588
-596
-439
-392
-291
-321
-216
-214
-136
11
49
137
122
162
187
164
129
95
76
13
22
-39
-44
-77
-109
-100
-105
-153
-186
-273
-222
-186
-231
-254
-273
-340
-310
-327
-378
-292
-317
-378
-441
-470
-489
-567
-548
-613
-695
-651
-676
-682
-745
-667
-682
-613
-581
-542
-546
-497
-951
-382
-298
-243
-197
-125
-470
158
213
406
360
393
332
156
26
-41
-142
-231
-239
-285
-220
-264
-214
-176
-123
-157
-231
-271
-413
-460
-609
-649
-726
-731
-600
-550
-386
-382
-220
-203
-77
-63
-41
-16
-81
-39
-44
-27
200
288
402
385
383
290
116
-298
-338
-382
-334
-388
-25
-539
-573
-791
-739
-605
-497
-283
-111
78
276
175
158
82
97
