219
316
244
194
171
185
196
164
141
166
145
108
53
28
11
40
-31
3
-48
-96
-132
-96
-86
-102
-102
-161
-130
-109
-209
-170
-216
-270
-245
-199
-285
-294
-277
-302
-304
-270
-266
-230
-199
-214
-178
-188
-140
-155
-86
-69
-77
-33
-20
-41
40
475
43
-8
72
51
28
154
152
150
173
160
158
166
181
169
152
188
181
154
162
173
137
97
74
64
49
-12
36
13
-67
-60
-54
-96
-186
-182
-161
-226
-250
-258
-285
-277
-250
-327
-329
-302
-300
-334
-260
-289
-287
-292
-233
-197
-170
-178
-155
-69
-123
-107
-119
-60
5
-20
70
55
78
164
129
114
192
143
167
202
209
267
276
263
303
358
404
356
370
358
343
416
330
360
293
314
261
242
236
127
110
40
-483
3
-42
-117
-149
-239
-250
-310
-405
-462
-510
-541
-590
-613
-667
-689
-680
-722
-722
-787
-831
-787
-800
-749
-760
-831
-756
-756
-821
-781
-764
-794
-739
-688
-974
-403
-8
-752
-815
-897
-808
-728
-783
-806
-754
-741
-653
-642
-613
-634
-628
-655
-636
-672
-705
-659
-600
-651
-617
-615
-598
-617
-661
-695
-747
-764
-791
-697
-752
-699
-781
-636
-724
-754
-771
-670
-619
-605
-560
-508
-417
-20
-974
-457
-376
-329
-266
-310
-313
-378
-380
-306
-388
-363
-375
-355
-336
-523
-495
-493
-504
-533
-623
-567
-535
-539
-500
-556
-533
-537
-481
-468
-464
-342
-315
-302
-321
-304
-292
-233
-250
-216
-231
-210
-195
-266
-245
-300
-292
-277
-306
-304
-224
-209
-273
-304
-273
-312
-266
-235
-237
-228
-216
-209
-189
-161
-146
-130
-153
-75
-98
-138
-56
-67
-63
-14
-8
-29
-102
-119
-84
-8
-104
-151
-121
-144
-119
-151
-178
-205
-167
-170
-228
-182
-163
-172
-224
-285
-264
-273
-300
-291
-298
-291
-260
-237
-226
-285
-195
-218
-235
-180
-178
-203
-237
-245
-199
-231
-195
-144
-62
-153
-146
-159
-81
-83
-105
-31
-42
-2
-6
30
-487
24
101
80
61
15
-21
15
68
9
53
-489
26
53
89
99
143
122
188
131
118
106
101
118
152
99
70
146
125
101
166
192
244
267
234
248
213
213
219
284
314
303
316
398
454
387
305
408
442
425
396
486
416
400
463
391
385
383
364
358
337
381
333
307
326
276
311
276
164
141
133
95
32
26
-33
-201
-277
-195
-321
-342
-369
-418
-478
-520
-563
-577
-542
-569
-621
-661
-688
-672
-699
-781
-750
-722
-730
-672
-628
-640
-638
-583
-527
-4
-453
-396
-365
-298
-260
-214
-159
-157
-132
-165
-147
-115
-33
-10
-4
13
30
68
101
106
188
251
261
265
295
343
353
276
408
351
324
393
387
372
