-285
-325
-308
-271
-264
-165
-65
-476
110
78
26
480
-81
-151
-214
-319
-418
-418
-460
-415
-388
-361
-327
-294
-184
-489
95
101
106
450
-37
-86
-126
-81
-56
9
11
49
61
36
80
-41
17
7
-86
-31
0
-69
-62
-67
-63
-54
-167
-130
-218
-306
-447
-500
-562
-613
-607
-565
-514
-432
-310
-224
-157
-201
-128
-270
-281
-283
-312
-329
-403
-426
-462
-403
-340
-273
-233
-189
-205
-222
-209
-210
-125
-109
-92
-136
-268
-191
-210
-226
-249
-247
-233
-268
-279
-371
-346
-424
-319
-210
-128
-163
-88
-105
-167
-21
-483
43
-10
-77
-163
-220
-228
-243
-273
-323
-315
-285
-277
-287
-336
-430
-537
-651
-731
-712
-766
-588
-441
-231
-73
82
164
427
423
404
381
314
219
85
1
-77
-153
-241
-323
-417
-409
-392
-439
-394
-409
-355
-298
-281
-231
-186
-96
-41
-136
-161
-216
-291
-373
-388
-325
-346
-348
-371
-357
-256
-252
-230
-233
-256
-237
-178
-119
-117
-86
-109
-79
-115
-123
-163
-241
-287
-306
-340
-392
-394
-342
-277
-243
-285
-230
-155
-138
-42
-18
-58
-86
-52
-37
-94
-165
-231
-304
-367
-420
-472
-976
-499
-569
-693
-737
-806
-844
-859
-928
-1018
-981
-1014
-947
-936
-890
-846
-825
-825
-739
-691
-705
-714
-672
-630
-653
-617
-594
-605
-605
-657
-634
-657
-693
-745
-710
-682
-607
-978
-468
-460
-386
-296
-212
-170
-153
-69
38
145
211
223
185
219
213
215
211
200
148
124
89
74
49
-73
-138
-241
-306
-250
-224
-291
-230
-235
-212
-193
-161
-209
-168
-216
-123
-172
-195
-168
-92
-50
-18
-21
-42
-67
-63
-109
-220
-300
-254
-264
-266
-300
-283
-283
-273
-296
-277
-292
-373
-344
-304
-394
-483
-449
-420
-10
-521
-521
-562
-583
-583
-590
-565
-600
-661
-649
-628
-670
-689
-653
-655
-607
-575
-552
-493
-453
-357
-376
-361
-336
-262
-235
-333
-300
-313
-352
-319
-397
-363
-411
-443
-386
-485
-525
-409
-394
-369
-302
-270
-294
-218
-151
-121
-90
-46
49
72
124
232
227
326
343
269
274
314
263
261
263
255
242
305
297
225
236
246
259
185
217
229
284
274
280
198
232
255
124
-33
-136
-210
-390
-418
-594
-655
-819
-865
-842
-726
-670
-596
-523
-441
-367
-291
-331
-283
-308
-363
-313
-466
-508
-470
-396
-304
-119
-146
-487
106
129
173
139
171
173
112
51
479
-54
-69
-168
-191
-117
-151
-90
-125
-119
-6
-140
-107
-287
-315
-529
-604
-722
-728
-791
-777
-773
-684
-626
-525
-441
-357
-252
-153
-29
-48
-90
-96
-161
-220
-287
-228
-224
-155
-62
-474
32
103
95
129
91
80
480
-33
-136
-212
-212
-317
-340
-376
-378
-397
-434
-443
-319
-397
-325
-228
-224
-77
-58
-48
-4
78
74
169
194
167
177
206
145
125
133
78
139
192
127
66
45
473
-214
-252
-443
-436
-539
-550
-764
-728
-737
-848
-737
-562
-388
-292
-241
-226
-342
-457
-531
-537
-388
-199
51
204
322
284
188
97
114
120
229
326
425
391
419
450
250
-159
-401
-745
-735
-634
-575
-941
-298
-270
-212
-252
-388
-481
-680
-831
-821
-705
-962
-233
-39
80
70
-58
-250
-447
-661
-739
-720
-709
-653
-960
-279
-285
-327
-438
-634
-628
-659
-672
-978
-315
-14
34
-79
-142
-197
-317
-432
-16
-598
-583
-533
-424
-355
-172
-115
-468
68
124
148
137
99
112
456
480
-172
-165
-189
-294
-270
-197
-174
-151
-98
-134
-153
-245
-418
-415
-533
-636
-586
-672
-497
-604
-506
-424
-275
-212
-33
-10
38
64
-94
-58
-216
-386
-432
-460
-462
-375
-273
-266
-113
-46
-100
-29
-35
-63
-210
-203
-407
-415
-668
-737
-747
-825
-781
-768
-674
-695
-506
-938
-348
-294
-247
-203
-277
-396
-39
-693
-760
-890
-882
-930
-928
-815
-804
