-56
-23
-54
-63
-489
-487
3
-21
-4
-37
-46
-73
-29
-130
-174
-237
-289
-298
-376
-396
-394
-405
-476
-512
-438
-16
-451
-355
-313
-312
-331
-310
-260
-205
-191
-83
-107
-84
-23
7
-27
-16
-69
-60
-144
-205
-239
-308
-355
-428
-518
-573
-588
-640
-640
-636
-695
-661
-647
-651
-535
-514
-407
-285
-157
-483
61
110
125
164
143
49
85
486
-100
-86
-149
-212
-209
-237
-243
-250
-283
-247
-188
-220
-151
-174
-132
-33
-81
-480
20
85
87
68
49
82
78
-20
-90
-168
-151
-214
-298
-344
-329
-382
-382
-373
-344
-331
-327
-262
-178
-153
-100
-489
7
-46
-21
-20
-14
-48
-151
-250
-321
-439
-504
-554
-667
-718
-771
-812
-875
-857
-808
-676
-623
-586
-556
-516
-376
-350
-312
-252
-193
-165
-102
-113
-50
-54
-105
-191
-174
-77
-69
-161
-212
-256
-273
-310
-281
-249
-241
-184
-126
-128
-157
-207
-285
-380
-415
-403
-453
-558
-584
-510
-634
-752
-771
-739
-735
-699
-688
-752
-766
-770
-777
-710
-607
-586
-565
-537
-525
-500
-502
-464
-436
-478
-464
-455
-978
-417
-405
-487
-630
-668
-684
-674
-730
-695
-707
-741
-730
-663
-586
-521
-525
-502
-334
-230
-216
-149
-126
-96
-151
-188
-193
-308
-409
-455
-445
-558
-579
-537
-520
-514
-441
-415
-361
-363
-342
-350
-462
-426
-396
-375
-323
-342
-363
-361
-224
-279
-193
-113
-44
85
169
219
206
229
104
17
3
-84
-170
-291
-418
-439
-487
-541
-493
-413
-292
-266
-168
-161
-140
-239
-281
-350
-476
-525
-499
-592
-588
-584
-506
-560
-947
-331
-163
-104
-487
-35
206
166
198
38
-151
-189
-151
-157
-279
-336
-333
-224
-157
-111
91
309
456
280
61
59
204
141
473
-230
-371
-480
-453
-563
-514
-363
-191
-35
87
116
68
93
101
64
1
-96
-184
-367
-310
-354
-346
-266
-48
-105
-23
-104
-117
-96
-23
-81
-18
9
-140
-182
-218
-273
-291
-273
-361
-344
-365
-312
-275
-231
-262
-195
-201
-159
-105
-153
-189
-126
-195
-102
-147
-65
-29
-100
-54
-56
-109
-201
-258
-207
-209
-346
-292
-289
-203
-163
-170
-302
-457
-443
-571
-731
-783
-733
-764
-730
-665
-605
-466
-418
-957
-476
-634
-850
-920
-1008
-1031
-918
-789
-502
-426
-279
-344
-462
-598
-741
-897
-917
-878
-789
-632
-583
-405
-233
-132
-268
-359
-417
-340
-212
-48
66
55
62
-71
-300
-308
-254
-180
-140
-2
85
22
45
3
-12
-111
-247
-357
-367
-369
-396
-512
-691
-766
-695
-667
-642
-514
-344
-218
-178
-352
-405
-546
-542
-563
-607
-527
-455
-302
-128
-73
91
150
217
257
312
311
265
272
227
204
148
257
112
167
263
267
362
320
272
219
469
-73
-195
-415
-518
-688
-754
-804
-819
-745
-668
-508
-369
-327
-182
-168
-155
-104
-191
-271
-268
-281
-386
-397
-361
-388
-369
-376
-336
-270
-254
-163
-102
51
38
95
51
97
112
484
-178
-180
-250
-399
-447
-10
-499
-447
-407
-394
-279
-170
-205
-92
-132
-125
-321
-304
-367
-344
-422
-375
-323
-258
-193
-67
-29
-16
-18
-16
-50
-130
-268
-270
-300
-210
-304
-346
-355
-254
-399
-409
-29
-590
-579
-623
-558
-617
-621
-642
-563
-575
-539
-520
-535
-565
-584
-584
-667
-520
-876
-243
-128
-14
-418
-441
-962
-271
-157
-134
-275
-449
-439
-443
-340
-230
-182
-159
-136
-262
-346
-445
-413
-397
-375
-334
-287
-376
-384
-476
-459
-352
-338
-228
-146
-75
-107
-277
-397
-376
-340
-224
-94
-105
-214
-384
-621
-857
-852
-634
-424
-222
-107
-123
-260
-313
-369
-312
-327
-249
-153
-155
-105
-172
-134
-224
-147
-153
-35
70
43
456
-23
-144
-191
-289
-369
-373
-298
-376
-336
-457
-417
-447
-449
-462
-428
-336
-466
-525
-518
-508
-470
-407
-953
-281
-111
-14
-8
471
32
-4
-12
