-1178
-1228
-1226
-1207
-1168
-1147
-1138
-1060
-1044
-1058
-1004
-1006
-1464
-924
-869
-777
-766
-674
-674
-630
-600
-552
-497
-466
-443
-441
-384
-426
-409
-310
-289
-298
-258
-209
-189
-176
-155
-151
-151
-180
-174
-188
-62
-111
-174
-117
-79
-56
-60
-18
-23
-54
-33
57
484
41
61
49
28
85
127
30
3
479
-25
68
26
-25
32
24
-48
-79
-81
-79
-27
480
-60
-44
479
-44
45
62
47
55
116
53
38
38
40
68
34
13
55
24
-483
76
-63
-50
-48
-46
-102
-86
-123
-119
-142
-100
-107
-176
-214
-220
-241
-239
-235
-249
-241
-250
-140
-146
-178
-201
-186
-207
-149
-230
-153
-113
-100
-117
-94
-94
-75
-73
-50
-44
-56
-8
-54
-58
-23
3
30
-6
59
103
61
116
240
162
183
194
248
286
278
295
383
375
387
438
452
517
536
538
517
585
612
583
725
717
725
853
811
946
868
929
959
925
1038
1026
1051
994
979
1040
1028
1009
961
940
986
488
986
895
887
742
755
555
520
448
416
326
324
206
169
83
51
-14
-12
-69
-195
-161
-125
-260
-243
-218
-266
-459
-783
-728
-228
-525
-317
-220
-451
-447
-510
-470
-403
-384
-432
-399
-352
-388
-266
-125
-63
-189
-197
-292
-214
-107
-105
-23
24
22
87
72
177
288
229
274
307
198
234
295
320
290
286
166
124
124
13
47
-98
-130
-188
-147
-165
-178
-271
-289
-239
-241
-231
-245
-279
-340
-361
-329
-338
-346
-306
-325
-336
-378
-378
-382
-409
-397
-392
-420
-344
-321
-346
-294
-334
-394
-308
-329
-296
-268
-235
-224
-199
-189
-119
-81
-147
-165
-125
-109
-25
-35
-41
0
-31
19
7
-81
-81
-79
-27
-65
-86
-29
-60
-27
-6
-50
-12
26
45
-18
45
51
24
101
53
-16
28
93
87
36
41
26
-485
24
5
22
15
3
-67
-102
-73
-42
-25
-46
484
-25
1
57
61
61
91
158
99
150
234
263
274
211
265
326
288
269
299
395
330
335
320
301
290
282
309
240
217
158
108
127
125
7
-62
-84
-123
-90
-170
-207
-191
-220
-231
-306
-308
-359
-432
-445
-480
-531
-521
-646
-678
-674
-709
-733
-730
-770
-779
-787
-768
-812
-714
-781
-838
-791
-775
-728
-720
-712
-731
-655
-613
-542
-586
-495
-460
-489
-476
-439
-371
-359
-342
-298
-319
-250
-271
-268
-218
-205
-235
-172
-140
-201
-151
-107
-77
-119
-27
-98
-65
-62
-54
-4
-33
-33
-12
-23
-60
-144
-21
-90
-107
-33
-63
-18
30
-31
-12
-46
-140
-144
-147
-109
-123
-186
-153
-134
-155
-184
-155
-235
-195
-121
-165
-247
-203
-220
-207
-188
-184
-258
-212
-224
-230
-266
