22
-167
-485
-766
-500
-1123
-1167
-1134
-1100
-1056
-970
-750
-709
-615
-411
-399
-266
-205
-224
-153
-218
-327
-308
-455
-974
-642
-607
-617
-546
-978
-434
-333
-207
-170
-142
-130
-134
-216
-189
-233
-180
-134
-88
-478
30
97
125
229
154
137
135
66
17
57
-31
-483
93
120
108
-16
53
9
-58
-44
-84
17
78
171
72
47
38
34
45
-6
-54
-29
-167
-111
-260
-132
-126
24
38
106
137
164
160
162
87
61
-67
-134
-147
-210
-243
-262
-277
-315
-235
-279
-275
-321
-378
-430
-399
-392
-426
-350
-367
-338
-338
-392
-312
-340
-264
-296
-275
-394
-373
-407
-466
-533
-689
-747
-833
-947
-512
-813
-815
-804
-779
-709
-655
-518
-491
-418
-376
-350
-210
-247
-132
-126
-79
-153
-107
-84
-81
-92
-84
-71
-92
-39
-481
61
104
162
238
328
406
408
362
419
454
414
448
427
465
469
456
366
364
339
358
343
255
238
227
188
169
124
118
87
36
38
3
-18
-113
-168
-146
-119
-262
-300
-365
-384
-399
-334
-472
-466
-415
-420
-487
-521
-523
-493
-403
-405
-424
-434
-451
-478
-508
-573
-596
-653
-617
-609
-672
-613
-567
-590
-579
-523
-478
-426
-422
-397
-327
-191
-10
129
179
270
387
396
395
442
471
469
459
500
572
496
524
553
541
530
522
509
454
965
425
414
309
307
368
366
356
393
419
395
393
454
417
364
362
314
175
148
68
-113
-167
-201
-287
-445
-562
-632
-653
-709
-794
-817
-888
-917
-855
-884
-960
-905
-857
-758
-712
-674
-663
-661
-626
-619
-510
-476
-417
-302
-237
-241
-126
-113
-111
-69
-54
-25
49
85
82
97
192
206
232
263
282
299
269
257
190
255
232
194
204
181
190
179
152
95
146
93
-14
3
-48
-121
-142
-231
-321
-369
-438
-632
-718
-846
-863
-957
-1010
-1102
-1062
-1119
-1167
-1186
-1125
-1159
-1212
-1188
-1231
-1180
-1088
-1023
-1006
-863
-779
-682
-590
-512
-464
-365
-327
-237
-199
-170
-283
-258
-312
-373
-388
-352
-157
-113
-453
246
454
624
681
776
633
956
244
164
57
-77
-260
-247
-230
-277
-189
-214
-115
-65
-117
-128
-81
-157
-342
-344
-464
-537
-579
-684
-697
-794
-699
-625
-548
-978
-483
-384
-302
-230
-283
-333
-441
-584
-775
-840
-876
-876
-855
-854
-808
-680
-936
-312
-130
49
175
223
135
59
-62
-250
-334
-407
-426
-521
-508
-978
-447
-285
-153
34
131
188
177
196
110
51
22
-109
-262
-331
-466
-516
-525
-525
-443
-340
-157
-67
158
269
379
444
507
551
503
406
248
204
40
-73
-146
-113
-159
-147
-155
-100
-134
-197
-306
-369
-407
-25
-604
-714
-840
-890
-999
-995
-928
-1020
-1086
-1020
-1083
-1109
-1092
-1052
-1098
-1199
-1373
-1655
-1689
-1653
-1951
-1296
-1016
-743
-594
-411
-277
-62
3
108
213
97
-63
-79
-226
-388
-430
-514
-516
-548
-558
-590
-592
-529
-466
-371
-247
-65
32
20
1
-37
-201
-254
-296
-312
-241
-153
-73
-39
-86
-159
-250
-363
-464
-544
-579
-600
-974
-378
-235
-149
-147
-165
-178
-270
-441
-575
-573
-626
-586
-581
-514
-386
-159
-25
103
188
221
192
41
-79
-216
-312
-432
-256
-44
95
238
188
179
-46
-375
-527
-626
-521
-472
-369
-333
-254
-146
-60
17
-25
-84
-203
-193
-308
-312
-376
-422
-460
-481
-462
-491
-470
-531
-628
-602
-632
-556
-573
-567
-626
-571
-640
-579
-970
-468
-411
-382
-262
-228
-102
-71
-71
-39
-35
-12
-67
-73
-83
-144
-126
-199
-170
-193
-203
-102
-168
-88
-46
-46
-470
-14
-90
-138
-188
-281
-413
-542
-586
-762
-875
-949
-1063
-1039
-504
-1016
-978
-808
-760
-689
-605
-678
-684
-771
-733
-709
-636
-430
-392
-294
-151
-121
-67
40
72
101
114
127
187
120
66
-75
-56
-483
7
