-451
-424
-407
-397
-292
-230
-203
-58
-4
20
103
145
209
219
291
341
440
469
416
435
444
475
492
469
429
364
370
389
419
351
368
450
406
398
402
316
209
150
114
40
22
-21
9
-12
-33
-113
-189
-250
-338
-407
-2
-567
-604
-642
-693
-668
-609
-594
-605
-615
-544
-609
-537
-556
-619
-605
-659
-647
-707
-697
-691
-745
-791
-850
-913
-897
-863
-825
-812
-842
-783
-773
-632
-550
-949
-315
-264
-119
-485
41
62
160
293
309
330
303
234
253
229
141
131
45
64
59
36
59
0
28
-25
-489
104
162
200
196
110
-88
-199
-376
-480
-535
-976
-459
-424
-371
-354
-409
-361
-371
-447
-506
-617
-714
-722
-777
-670
-579
-409
-331
-239
-86
83
51
127
114
0
-102
-346
-579
-676
-735
-798
-749
-756
-676
-642
-628
-600
-525
-542
-623
-602
-521
-596
-499
-472
-474
-449
-592
-604
-722
-834
-1128
-1224
-1188
-1094
-1035
-1123
-1102
-1094
-1027
-915
-884
-806
-672
-565
-500
-394
-348
-287
-271
-319
-357
-357
-334
-376
-357
-378
-401
-384
-451
-478
-489
-537
-542
-567
-596
-544
-571
-537
-525
-483
-449
-464
-474
-413
-457
-12
-550
-602
-630
-697
-794
-878
-960
-1071
-1126
-1184
-1140
-1218
-1203
-1119
-1041
-991
-878
-827
-670
-609
-520
-436
-411
-294
-230
-304
-239
-125
-67
-58
17
22
53
11
95
145
217
270
374
412
440
494
538
566
559
585
620
616
583
566
538
477
446
385
312
284
215
141
112
89
0
-39
-60
-155
-249
-350
-388
-373
-409
-369
-342
-344
-325
-260
-197
-230
-230
-197
-212
-384
-367
-447
-506
-480
-447
-317
-155
-42
106
217
293
240
248
215
108
95
-21
-96
-157
-279
-382
-373
-403
-447
-441
-504
-491
-457
-417
-403
-304
-216
-157
-84
36
145
227
293
291
374
427
469
505
471
469
444
419
398
335
314
307
246
211
135
129
171
127
156
66
129
64
486
20
101
70
80
74
-94
-174
-338
-411
-447
-523
-537
-468
-365
-371
-384
-304
-270
-249
-218
-180
-161
-203
-193
-90
-111
-33
53
89
118
187
206
158
74
11
-247
-312
-413
-527
-584
-649
-672
-747
-609
-974
-424
-283
-283
-191
-77
-23
20
-16
19
11
-39
-37
-79
-90
-281
-361
-470
-508
-686
-714
-743
-712
-749
-709
-626
-537
-434
-340
-275
-176
-256
-231
-268
-281
-279
-178
-176
-63
-18
40
38
78
232
175
259
211
229
246
290
208
181
158
219
259
326
253
236
213
238
257
263
164
82
-81
-159
-409
-2
-707
-831
-878
-945
-1107
-1123
-1081
-1050
-844
-768
-586
-481
-388
-369
-392
-470
-397
-520
-2
-535
-651
-644
-653
-621
-579
-396
-184
-462
187
374
456
570
580
536
488
488
471
377
318
242
208
41
106
7
-48
-132
-84
-46
-23
-69
7
41
-14
-37
-35
-65
20
61
83
127
-29
-176
-443
-464
-602
-609
-655
-745
-834
-497
-974
-1021
-838
-684
-552
-962
-365
-224
-104
97
225
114
-60
-182
-300
-321
-294
-281
-231
-130
-60
68
185
234
484
-233
-396
-487
-424
-418
-357
-210
-147
36
55
49
-142
-252
-390
-430
-581
-617
-642
-623
-596
-567
-604
-525
-439
-325
-243
-350
-470
-516
-546
-600
-481
-312
-230
-201
-157
-123
-63
-73
-86
-96
120
263
314
190
62
-134
-195
-279
-380
-464
-382
-380
-277
-151
-209
-203
-245
-226
-222
-188
-289
-296
-338
-422
-39
-583
-634
-663
-560
-466
-289
-60
-453
120
-35
-105
-172
-365
-514
-2
-430
-392
-363
-451
-2
-552
-607
-634
-500
-938
-321
-321
-218
-140
-121
-98
66
282
396
549
604
973
360
215
0
-128
-94
-247
-296
-338
-331
-285
-212
-188
-270
-315
-380
-399
-10
-537
-510
-523
-577
-533
-434
-415
-237
-149
-109
-121
-21
-52
-41
