-300
-382
-352
-346
-363
-388
-319
-352
-424
-294
-327
-281
-289
-260
-336
-367
-334
-350
-287
-277
-313
-296
-205
-270
-210
-184
-165
-209
-172
-220
-216
-138
-105
-125
-121
-109
-155
-161
-178
-144
-88
-88
-58
-88
-37
-33
-60
-16
28
0
80
74
34
74
78
43
53
72
45
24
-2
13
-6
-35
-18
-25
-25
-115
-117
-168
-140
-167
-218
-207
-237
-289
-283
-281
-313
-380
-336
-415
-481
-403
-520
-569
-432
-510
-514
-577
-592
-628
-647
-667
-682
-722
-710
-720
-680
-680
-701
-655
-737
-691
-674
-686
-684
-672
-638
-646
-672
-625
-596
-521
-2
-512
-436
-422
-329
-388
-346
-373
-348
-245
-168
-157
-226
-125
-117
-138
-214
-134
-92
-67
-79
-102
-83
-75
-31
-128
-157
-151
-176
-155
-216
-224
-199
-170
-134
-165
-235
-188
-201
-203
-292
-279
-220
-214
-203
-216
-207
-271
-195
-186
-250
-256
-302
-321
-331
-338
-348
-333
-317
-317
-331
-348
-344
-340
-346
-376
-344
-348
-298
-302
-306
-271
-312
-302
-256
-254
-296
-348
-247
-285
-291
-275
-235
-186
-174
-199
-210
-199
-205
-250
-230
-230
-184
-207
-260
-279
-151
-176
-306
-302
-254
-329
-275
-243
-226
-226
-233
-224
-228
-235
-210
-186
-199
-167
-98
-186
-159
-210
-193
-159
-155
-63
-67
-77
-92
-33
-14
36
137
64
70
122
131
85
30
51
64
114
82
104
124
106
97
66
164
131
82
148
206
133
148
152
150
152
177
154
112
169
118
133
185
146
133
97
110
112
101
146
124
64
89
104
127
93
106
139
133
133
80
76
89
97
59
28
3
66
70
24
24
95
135
122
122
26
139
145
137
118
91
131
187
166
122
160
114
72
91
45
-16
62
55
87
122
129
106
146
150
127
148
95
169
108
150
150
185
181
101
148
150
135
70
62
53
64
62
68
89
99
24
41
22
85
32
47
45
49
-23
-48
-487
-41
-56
-65
-100
-84
-77
-73
-41
-44
-4
-98
-12
91
45
80
150
131
181
192
286
270
236
328
324
305
309
341
335
482
515
496
570
578
591
570
601
646
687
725
723
664
662
664
692
652
614
604
583
559
528
446
475
501
505
463
438
467
421
450
377
375
316
229
263
225
221
118
85
145
106
91
-54
-83
-37
-104
-130
-111
-134
-167
-165
-270
-241
-254
-285
-367
-378
-365
-434
-388
-399
-455
-480
-520
-527
-470
-516
-502
-544
-525
-493
-485
-525
-539
-581
-550
-504
-434
-445
-455
-352
-384
-376
-373
-386
-369
-346
-359
-277
-243
-228
-191
-170
-182
-195
-191
-174
-149
-117
-134
-142
-132
-104
-79
-54
-69
-81
-65
