-373
-537
-506
-434
-306
-222
-31
9
-16
1
-235
-399
-575
-632
-800
-760
-682
-586
-520
-357
-354
-239
-222
-210
-354
-472
-613
-695
-707
-705
-636
-642
-495
-521
-424
-441
-417
-357
-411
-2
-583
-445
-363
-121
-29
57
124
251
156
145
110
-90
-209
-361
-420
-407
-397
-243
-247
-63
-33
-121
-60
-153
-54
-142
-46
-56
61
198
312
417
454
486
471
528
507
482
416
364
295
343
267
337
400
223
158
7
-12
-35
-191
-146
-270
-275
-306
-418
-462
-537
-506
-544
-495
-430
-357
-430
-375
-394
-371
-325
-266
-222
-188
-186
-193
-109
-54
-31
-12
-50
-10
0
-480
133
135
187
108
80
-67
-113
-207
-249
-283
-441
-390
-434
-407
-352
-420
-392
-363
-371
-439
-533
-605
-716
-882
-915
-504
-1041
-1035
-1060
-1010
-974
-865
-750
-605
-512
-563
-506
-516
-926
-430
-195
-98
-48
-27
74
106
7
-104
-132
-159
-317
-420
-418
-371
-340
-380
-436
-354
-321
-289
-369
-384
-451
-443
-411
-340
-312
-138
-63
169
169
200
101
-42
-216
-344
-489
-396
-144
55
209
290
238
49
-62
-344
-439
-443
-384
-439
-443
-384
-397
-329
-438
-281
-334
-254
-193
-197
-233
-228
-241
-315
-302
-289
-375
-426
-445
-447
-417
-464
-569
-819
-689
-615
-449
-369
-306
-365
-556
-584
-733
-789
-676
-548
-504
-342
-237
-168
-21
-54
-29
-121
-193
-247
-296
-399
-535
-550
-476
-394
-317
-310
-209
-209
-88
-126
-113
-77
-31
-98
-168
-266
-289
-363
-478
-472
-445
-371
-357
-266
-178
-168
-67
26
93
185
190
330
377
404
377
343
257
146
43
-58
-142
-296
-397
-384
-405
-319
-283
-161
-167
-56
57
160
61
40
480
-205
-291
-424
-619
-808
-972
-1054
-1092
-1136
-1025
-1029
-953
-915
-915
-873
-724
-731
-684
-609
-609
-688
-665
-705
-718
-621
-506
-428
-249
-172
-48
24
49
38
-46
-16
-16
465
-35
-73
-37
36
484
20
30
160
7
34
36
-144
-317
-489
-584
-750
-758
-869
-894
-890
-831
-819
-873
-796
-718
-678
-535
-445
-397
-285
-231
-191
-209
-186
-237
-260
-287
-397
-460
-16
-514
-558
-584
-607
-609
-663
-670
-647
-586
-548
-531
-491
-495
-422
-424
-409
-384
-399
-428
-455
-436
-376
-384
-376
-298
-256
-212
-195
-153
-107
-104
-92
-86
-69
-33
-35
-14
68
106
9
-88
-29
-27
-100
-132
-132
-165
-205
-245
-287
-302
-317
-289
-205
-235
-249
-207
-195
-167
-167
-271
-294
-306
-292
-371
-459
-436
-443
-544
-546
-529
-584
-531
-468
-483
-478
-466
-455
-384
-292
-245
-228
-128
-94
-46
-25
-480
93
72
1
53
97
87
47
47
124
124
99
108
192
146
83
95
59
-12
-52
-104
-163
-174
-210
-174
-182
-163
-151
-161
-210
-327
-434
-432
-542
-619
-670
-670
-667
-680
-720
-663
-617
-577
-546
-550
-500
-510
-480
-424
-407
-388
-325
-243
-212
-243
-222
-172
-144
-168
-151
-155
-153
-126
-214
-298
-310
-315
-357
-390
-384
-439
-415
-399
-418
-447
-384
-369
-292
-283
-224
-136
-125
-23
26
-4
51
53
19
45
-23
-8
-29
-115
-128
-157
-193
-180
-209
-260
-336
-321
-363
-273
-352
-355
-300
-292
-271
-281
-291
-241
-209
-188
-174
-100
-100
-67
-35
-8
-16
40
19
9
3
-12
-56
-98
-191
-220
-298
-411
-464
-457
-415
-449
-468
-514
-504
-468
-424
-434
-380
-401
-443
-424
-407
-417
-340
-319
-277
-226
-250
-254
-321
-359
-344
-264
-371
-336
-367
-294
-304
-306
-357
-407
-10
-964
-449
-428
-397
-390
-342
-359
-449
-401
-14
-506
-535
-474
-434
-382
-315
-266
-176
-58
-65
-39
-121
-197
-216
-342
-344
-289
-235
-168
-220
-155
-83
-69
-77
-111
-189
-155
-90
-39
-16
5
438
-296
-607
-897
-1083
-1218
-1209
-1207
-1348
-1632
-1947
-1985
-1932
-1733
-1527
-1168
