-94
-54
-88
-100
-136
-180
-266
-338
-397
-455
-964
-418
-344
-283
-210
-144
-73
-144
-140
-207
-195
-222
-167
-147
-90
-125
-121
-123
-151
-228
-279
-313
-436
-468
-605
-665
-745
-802
-873
-918
-930
-897
-825
-785
-777
-796
-800
-813
-823
-810
-750
-758
-697
-695
-714
-661
-651
-611
-584
-470
-260
-102
-50
-16
55
53
34
36
-42
-157
-247
-430
-460
-468
-447
-472
-457
-417
-436
-10
-537
-632
-655
-716
-657
-766
-770
-810
-854
-619
-625
-510
-392
-382
-338
-199
-212
-130
-167
-147
-134
-151
-140
-157
-128
-69
-84
-153
-104
-126
-134
-176
-174
-186
-149
-331
-268
-346
-344
-474
-426
-537
-535
-2
-562
-558
-609
-625
-607
-644
-638
-628
-571
-699
-712
-665
-619
-542
-544
-441
-300
-205
-188
-142
-121
-115
-188
-235
-336
-262
-308
-285
-289
-203
-218
-245
-249
-342
-266
-275
-247
-86
-121
-39
-21
471
-21
-20
-75
-25
-113
-176
-207
-205
-279
-325
-342
-281
-230
-243
-178
-60
-487
49
108
74
-83
-260
-420
-464
-653
-794
-878
-873
-930
-888
-825
-798
-642
-554
-428
-319
-182
-113
-159
-329
-594
-867
-1092
-1115
-1063
-913
-804
-644
-602
-525
-537
-373
-220
-485
97
322
385
463
597
375
248
-62
-220
-304
-483
-705
-871
-985
-1065
-924
-646
-430
-71
580
750
931
68
-4
-915
-1090
-1130
-1411
-380
278
681
826
879
750
566
204
11
-174
-268
-323
-312
-277
-132
-92
-134
-105
-207
-249
-355
-401
-531
-571
-514
-970
-256
-96
-468
89
36
471
-168
-268
-415
-481
-413
-336
-132
-39
26
74
471
-33
-207
-193
-296
-327
-262
-186
-163
-300
-439
-560
-569
-651
-600
-514
-327
-193
-443
248
379
444
438
448
494
597
557
458
488
467
494
412
299
381
368
257
74
-27
-71
-144
-333
-459
-531
-960
-334
-184
-25
173
270
293
234
202
24
-107
-212
-191
-201
-102
-92
-94
-90
-165
-277
-6
-632
-750
-878
-913
-882
-792
-655
-613
-439
-378
-271
-48
22
-29
-65
-69
-84
-10
-42
-54
-21
-63
-67
-136
-115
-140
-107
59
57
122
55
116
1
-117
-254
-357
-417
-447
-502
-405
-319
-191
-210
-331
-287
-294
-302
-392
-384
-481
-344
-380
-302
-245
-188
-485
269
297
223
82
-105
-136
-98
-142
-44
-56
76
-188
-604
-764
-951
-1025
-899
-741
-535
-312
-350
-333
-457
-743
-987
-1046
-1453
-661
-476
-243
-209
-275
-369
-436
-583
-480
-462
-247
-69
41
127
41
13
-58
-105
-98
-165
-117
-65
-113
-113
-487
-50
-10
-75
-65
-224
-285
-334
-327
-2
-527
-621
-668
-688
-787
-785
-859
-758
-697
-636
-548
-333
-346
-292
-375
-334
-350
-333
-386
-397
-380
-443
-329
-291
-191
-271
-222
-172
-195
-121
-81
-81
-50
-94
-151
-123
-109
-228
-113
-125
-128
-180
-191
-136
-205
-168
-245
-281
-371
-352
-508
-462
-542
-531
-626
-611
-623
-600
-596
-500
-481
-430
-312
-180
-207
-193
-147
-144
-125
-138
-165
-201
-325
-369
-420
-535
-567
-609
-684
-626
-647
-548
-449
-388
-409
-287
-342
-277
-325
-355
-424
-976
-552
-531
-542
-459
-518
-535
-455
-413
-298
-174
-207
-201
-144
-149
-102
-480
135
160
187
299
282
272
362
211
175
19
-109
-250
-378
-529
-579
-594
-682
-636
-510
-439
-365
-216
-65
103
156
301
322
311
320
381
290
200
-41
-117
-321
-424
-539
-972
-959
-346
-329
-205
-83
148
250
337
400
396
456
368
368
305
91
-117
-231
-256
-439
-533
-682
-838
-834
-833
-848
-844
-718
-640
-657
-544
-476
-468
-438
-378
-396
-359
-327
-275
-228
-90
-4
80
129
53
64
22
15
-21
-102
-184
-147
-130
-41
-41
32
26
55
-79
-96
-199
-329
-325
-275
-340
-369
-329
-237
-220
-247
-220
-138
-54
59
-33
-29
-16
-35
-123
-138
-270
-338
-459
-481
