19
64
61
3
43
62
85
106
104
30
-52
-142
-271
-390
-460
-558
-632
-712
-796
-842
-819
-754
-783
-741
-718
-647
-720
-672
-775
-802
-840
-918
-857
-897
-791
-762
-812
-655
-752
-668
-621
-544
-453
-455
-380
-325
-212
-163
-60
-123
-113
-104
-83
-184
-107
-197
-237
-218
-300
-333
-352
-342
-363
-375
-413
-407
-499
-405
-409
-451
-476
-535
-552
-563
-575
-625
-581
-552
-455
-537
-598
-583
-657
-640
-749
-741
-779
-695
-689
-722
-625
-542
-457
-439
-396
-302
-209
-142
-151
-146
-159
-199
-214
-300
-331
-209
-334
-264
-390
-380
-415
-41
-605
-861
-1222
-1226
-1123
-1155
-1060
-939
-850
-617
-409
-247
-109
-73
-170
-291
-430
-487
-596
-581
-533
-455
-310
-224
-65
-63
-73
-126
-180
-361
-445
-565
-768
-834
-903
-892
-936
-758
-667
-688
-642
-695
-707
-653
-674
-674
-743
-752
-726
-691
-699
-558
-976
-369
-348
-212
-140
-113
-102
-184
-287
-460
-607
-531
-355
-157
-71
-453
-151
-355
-376
-352
-136
-86
-27
-44
-146
-205
-468
-600
-728
-768
-768
-743
-682
-542
-628
-615
-649
-594
-584
-512
-361
-250
-199
-172
-155
-228
-170
-123
-220
-373
-396
-978
-373
-466
-626
-533
-976
-573
-644
-716
-756
-691
-659
-590
-497
-394
-306
-258
-226
-212
-262
-325
-262
-195
-176
-60
-69
24
-98
-140
-155
-231
-126
-218
-273
-266
-184
-247
-418
-978
-445
-451
-417
-312
-220
-25
-35
85
-75
-218
-369
-447
-464
-399
-287
-138
11
145
55
440
-191
-378
-512
-539
-619
-531
-506
-401
-506
-600
-605
-655
-785
-731
-625
-514
-394
-235
-46
51
-50
-170
-188
-42
-33
131
198
364
242
187
-79
-134
-247
-285
-390
-459
-418
-455
-455
-426
-443
-302
-180
-151
-35
131
114
38
482
-16
-83
-111
-216
-245
-319
-315
-378
-310
-163
-222
-50
76
118
187
316
316
425
297
293
108
-41
-155
-224
-399
-432
-376
-399
-331
-312
-313
-279
-451
-432
-563
-621
-546
-659
-699
-672
-739
-584
-554
-457
-407
-275
-245
-170
-92
-16
47
15
480
-107
-178
-264
-373
-384
-514
-472
-4
-438
-436
-470
-443
-420
-380
-438
-329
-436
-411
-348
-397
-361
-304
-342
-277
-289
-230
-214
-249
-191
-220
-228
-365
-394
-369
-449
-497
-523
-529
-560
-474
-470
-457
-430
-355
-336
-306
-222
-210
-228
-245
-151
-84
-130
-121
-88
-58
-60
-62
-88
-117
-174
-189
-188
-212
-146
-140
-151
-63
34
129
141
194
257
318
366
440
446
442
404
387
396
404
353
307
293
242
169
114
89
80
480
-102
-90
-69
-62
-25
-104
-130
-126
-119
-174
-174
-186
-123
-176
-258
-212
-191
-201
-176
-300
-289
-327
-376
-342
-380
-325
-266
-241
-199
-172
-56
-62
-130
-60
22
-27
-29
-83
-67
-71
-96
-165
-220
-218
-226
-220
-182
-250
-205
-157
-149
-153
-20
76
124
129
198
272
297
309
320
291
213
76
-140
-300
-403
-520
-647
-749
-878
-896
-892
-899
-892
-821
-752
-691
-630
-976
-365
-184
-63
26
87
183
246
255
173
194
85
-27
-115
-188
-239
-308
-357
-441
-445
-394
-388
-376
-413
-350
-304
-214
-134
-8
40
150
250
293
261
274
183
173
145
26
-105
-167
-294
-420
-439
-424
-451
-565
-649
-691
-693
-710
-682
-691
-638
-579
-537
-453
-428
-401
-355
-365
-367
-401
-375
-472
-453
-470
-455
-470
-449
-462
-493
-451
-285
-157
-86
-16
-487
-310
-357
-537
-976
-489
-541
-436
-300
-197
-140
-67
484
-31
17
-41
-126
-193
-252
-300
-304
-325
-317
-401
-325
-378
-367
-344
-365
-359
-235
-262
-199
-167
-220
-191
-220
-264
-277
-281
-292
-296
-292
-252
-323
-262
-323
-275
-287
-277
-262
-329
-386
-352
-436
-520
-546
-611
-667
-678
-731
-691
-783
-691
-733
-792
-752
-792
-745
-623
-573
-415
-312
-168
-159
-478
38
