74
91
26
13
-35
-75
-140
-105
-203
-203
-275
-294
-281
-306
-350
-300
-306
-438
-403
-457
-478
-432
-466
-363
-338
-199
-268
-199
-361
-319
-405
-401
-420
-426
-451
-460
-375
-355
-386
-258
-262
-323
-325
-422
-436
-563
-617
-705
-798
-747
-680
-716
-668
-651
-670
-682
-646
-533
-453
-436
-550
-514
-565
-602
-562
-500
-436
-373
-392
-361
-375
-392
-459
-420
-453
-436
-462
-384
-405
-325
-239
-338
-544
-957
-1020
-901
-521
-1084
-541
41
139
-147
-336
-369
-386
-390
-602
-266
-31
-67
-121
-222
-230
-292
-365
-380
-403
-376
-340
-350
-321
-279
-411
-409
-434
-527
-583
-588
-609
-621
-644
-506
-976
-445
-357
-310
-277
-424
-514
-531
-298
-247
-186
-170
-138
-60
-27
62
5
55
49
82
49
154
146
188
232
217
221
169
85
5
-18
-63
-65
5
-165
-105
-271
-306
-4
-508
-600
-703
-657
-605
-686
-655
-644
-598
-493
-388
-319
-273
-231
-188
-159
-172
-107
-275
-197
-237
-252
-241
-262
-201
-157
-142
-12
55
179
158
164
179
236
131
177
101
-81
-210
-304
-415
-949
-439
-449
-424
-369
-306
-239
-105
-151
-96
-205
-239
-306
-233
-325
-312
-369
-321
-308
-258
-214
-178
-115
-56
-35
486
471
-73
-46
-142
-123
-121
-214
-268
-411
-417
-411
-12
-565
-552
-453
-426
-357
-350
-289
-247
-226
-193
-271
-342
-346
-371
-371
-361
-306
-222
-136
-52
28
110
55
158
183
181
194
171
202
204
175
179
45
-39
-75
-60
-155
-252
-369
-18
-684
-791
-815
-840
-871
-768
-615
-527
-420
-315
-231
-126
-142
-104
-77
-233
-256
-298
-249
-289
-212
-237
-313
-323
-378
-424
-285
-291
-241
-168
-250
-188
-249
-291
-308
-310
-273
-336
-394
-447
-481
-521
-508
-481
-430
-453
-338
-325
-285
-443
-399
-474
-453
-464
-546
-514
-613
-699
-854
-871
-825
-821
-802
-829
-800
-693
-619
-598
-552
-527
-426
-394
-281
-321
-342
-283
-231
-212
-176
-245
-207
-254
-270
-222
-134
-44
-21
32
120
83
101
38
64
-25
-52
-121
-149
-279
-338
-365
-481
-497
-441
-502
-974
-308
-327
-283
-254
-191
-18
32
34
-16
-146
-352
-382
-390
-476
-541
-533
-563
-613
-567
-539
-665
-678
-964
-396
-224
-119
-98
-472
154
305
337
398
459
513
448
328
259
106
-147
-340
-455
-558
-552
-542
-630
-611
-970
-445
-373
-252
-136
-20
124
299
364
408
517
547
496
402
288
129
45
-92
-289
-464
-630
-728
-724
-642
-972
-378
-298
-214
-83
183
211
377
309
171
-54
-230
-296
-313
-292
-258
-113
-54
91
133
85
70
26
477
-182
-199
-329
-361
-403
-508
-510
-420
-350
-338
-247
-216
-128
477
-23
26
-6
57
40
28
41
-31
34
-485
9
83
99
145
61
49
30
-69
-186
-123
-88
-117
-6
34
-6
-41
-117
-184
-327
-399
-453
-451
-521
-510
-445
-443
-333
-325
-245
-126
26
-37
32
-18
-31
106
188
215
213
156
-86
-132
-273
-384
-399
-336
-144
-128
-157
-98
-86
-193
-216
-287
-273
-283
-296
-228
-241
-205
-258
-220
-188
-170
-140
-149
-203
-155
-126
-94
-77
-46
-96
-172
-153
-348
-334
-424
-527
-8
-397
-375
-340
-279
-44
57
53
61
-75
-84
-126
-210
-220
-157
-125
-176
-186
-262
-195
-207
-218
-191
-191
-174
-147
-54
-75
80
143
242
305
257
269
215
72
15
-18
-188
-231
-254
-254
-178
-188
-75
-39
-14
-54
-16
-41
-31
-119
-109
-142
-63
-102
-41
479
-4
108
171
137
202
204
219
160
188
169
127
103
129
137
64
120
104
175
175
131
82
78
30
-77
-117
-193
-233
-365
-510
-562
-598
-575
-546
-460
-401
-378
-361
-403
-434
-397
-577
-659
-756
-846
-934
-976
-1010
-1027
-943
-896
-735
-638
-506
-336
-354
-199
-264
-287
-478
-579
