-350
-342
-304
-300
-352
-285
-218
-220
-220
-214
-180
-134
-111
-46
-86
-83
-100
-58
-27
-20
-16
-8
22
49
28
59
45
47
68
139
68
116
137
208
175
166
192
204
192
112
72
-487
66
133
28
40
-18
-37
-56
-37
-10
-79
-153
-147
-210
-205
-186
-191
-256
-268
-231
-331
-352
-342
-294
-333
-413
-420
-396
-384
-447
-417
-443
-455
-386
-432
-510
-565
-535
-575
-600
-550
-533
-575
-577
-575
-598
-628
-619
-626
-667
-686
-674
-726
-716
-707
-640
-684
-701
-684
-682
-686
-741
-710
-644
-678
-623
-605
-617
-678
-636
-632
-548
-552
-493
-453
-415
-407
-392
-399
-401
-302
-292
-342
-319
-245
-203
-237
-210
-96
-56
-86
-210
-128
-104
-140
-92
-98
-115
-147
-117
-136
-195
-113
-123
-195
-203
-199
-214
-188
-147
-182
-147
-138
-144
-104
-126
-102
-113
-39
-104
-75
-35
-109
-157
-128
-113
-205
-136
-92
-107
-138
-140
-189
-209
-182
-231
-180
-151
-189
-157
-140
-245
-207
-174
-249
-241
-235
-239
-209
-266
-279
-323
-382
-348
-388
-329
-388
-436
-346
-340
-401
-399
-365
-354
-434
-453
-451
-499
-449
-432
-514
-489
-525
-12
-523
-499
-533
-548
-493
-457
-445
-508
-542
-527
-531
-562
-535
-539
-537
-558
-520
-565
-609
-544
-630
-615
-544
-590
-552
-523
-552
-567
-527
-529
-554
-594
-558
-516
-577
-972
-394
-439
-466
-468
-481
-2
-514
-516
-439
-405
-418
-382
-312
-273
-283
-294
-275
-271
-281
-245
-220
-241
-271
-189
-197
-146
-172
-172
-195
-191
-239
-174
-146
-100
-130
-98
-136
-184
-142
-90
-86
-58
-41
-79
-41
-16
-50
-128
-44
482
-18
-41
-12
-33
17
64
49
45
72
36
34
80
3
20
0
-6
-10
-42
-478
59
72
24
-21
-31
5
45
64
110
32
-31
-4
30
-14
-485
-2
72
74
68
61
11
-489
-20
-35
-10
30
473
-42
-75
-14
-6
-46
-62
-63
-480
40
-31
-4
85
28
36
20
-489
82
11
74
91
85
78
95
120
99
89
72
133
143
122
135
148
154
108
68
139
127
68
49
89
101
106
133
57
34
-20
-6
24
45
43
-31
-50
17
3
-50
-18
-56
-56
-79
-4
-115
-6
22
-44
11
-42
5
-52
-33
-27
-18
-37
-83
53
-84
-79
19
-31
-8
-77
463
-104
-476
-12
-18
-79
-111
-142
-98
-71
-50
-96
-63
-107
-75
-39
-35
-58
-44
-2
-48
-42
-14
28
5
15
9
-60
-6
-23
-6
-6
30
51
482
26
93
-20
93
93
36
53
55
61
62
95
78
101
95
156
173
62
83
129
61
53
112
99
41
32
17
55
-52
-42
-71
-79
-60
-60
-73
-77
-104
-138
-142
