-84
-25
64
82
141
156
154
230
227
269
305
328
293
337
360
370
343
343
393
360
311
192
146
87
28
-35
-117
-163
-270
-407
-443
-651
-762
-779
-716
-659
-695
-854
-497
-1029
-981
-890
-773
-710
-558
-432
-317
-312
-319
-470
-533
-644
-789
-915
-901
-800
-686
-590
-428
-336
-312
-279
-224
-197
-264
-239
-180
-79
0
-489
53
-35
-77
-172
-249
-355
-529
-531
-533
-521
-462
-418
-298
-285
-241
-270
-153
-115
-84
-56
-81
-42
-134
-144
-193
-252
-281
-310
-312
-376
-361
-294
-184
-151
-121
-470
177
175
190
232
238
284
211
198
177
68
-50
-81
-157
-273
-281
-283
-285
-319
-342
-289
-283
-292
-264
-279
-199
-146
-180
-144
-172
-203
-210
-252
-336
-413
-434
-512
-573
-680
-760
-728
-695
-745
-697
-575
-588
-976
-441
-447
-432
-365
-287
-325
-375
-268
-239
-273
-315
-331
-380
-418
-468
-974
-422
-388
-392
-401
-449
-367
-373
-338
-321
-256
-188
-167
-62
76
133
143
225
290
269
267
263
194
204
211
110
116
34
-65
-104
-132
-174
-233
-275
-296
-252
-291
-334
-342
-399
-424
-449
-542
-478
-459
-480
-453
-487
-521
-621
-686
-770
-861
-865
-928
-934
-907
-863
-743
-602
-955
-302
-113
-23
53
34
-126
-325
-480
-697
-724
-718
-781
-707
-537
-291
-176
-138
-83
-79
41
26
-209
-409
-468
-621
-617
-758
-720
-607
-563
-455
-415
-346
-222
-149
-31
-117
-165
-209
-336
-216
-230
-146
-144
-111
-84
-98
15
-130
-119
-289
-325
-504
-405
-516
-495
-376
-302
-241
-182
-98
-86
-63
-147
-195
-222
-459
-474
-462
-581
-569
-571
-480
-361
-252
-264
-191
-153
-138
-147
-252
-262
-350
-371
-371
-342
-291
-241
-231
-138
-207
-283
-325
-363
-382
-430
-480
-560
-453
-350
-256
-193
-207
-111
-8
7
22
446
-109
-96
-167
-58
-27
-6
-86
-62
-140
-336
-317
-338
-367
-342
-483
-968
-478
-571
-499
-14
-556
-506
-493
-441
-485
-396
-401
-420
-2
-516
-399
-418
-214
-147
-4
93
154
253
314
393
301
267
146
85
24
-189
-289
-279
-201
-258
-203
-245
-291
-260
-321
-338
-300
-306
-376
-390
-474
-506
-594
-472
-428
-455
-359
-392
-388
-357
-357
-382
-342
-313
-289
-254
-241
-161
-201
-138
-207
-62
-6
169
286
282
301
312
301
288
246
187
133
103
64
473
-14
-8
-42
-113
-144
-136
-216
-228
-273
-256
-220
-212
-144
-107
-65
1
-485
124
244
291
274
351
312
326
311
335
305
248
274
274
229
162
120
53
-58
-147
-136
-201
-182
-92
-20
22
103
171
217
347
410
448
7
574
595
591
597
610
574
433
293
250
110
13
-60
-216
-281
-258
-283
-346
-260
-123
-102
-20
24
87
202
257
299
305
242
198
175
150
68
9
-90
-235
-319
-378
-443
-436
-453
-508
-563
-518
-491
-445
-415
-405
-294
-321
-268
-254
-239
-216
-312
-342
-348
-348
-312
-327
-378
-380
-375
-342
-376
-371
-430
-333
-292
-266
-214
-216
-136
-144
-88
-117
-207
-151
-96
-113
-180
-210
-155
-195
-228
-224
-237
-188
-222
-271
-256
-136
-121
-146
-109
-86
-142
-182
-203
-235
-235
-283
-361
-365
-390
-399
-382
-361
-396
-342
-346
-342
-382
-329
-325
-258
-302
-241
-250
-201
-197
-304
-292
-254
-214
-231
-226
-203
-264
-252
-285
-287
-355
-352
-363
-373
-390
-350
-336
-344
-409
-462
-529
-459
-436
-533
-457
-336
-233
-188
-134
-102
-98
-79
-37
-96
-102
-44
-48
-75
-184
-319
-420
-344
-121
-489
145
196
305
330
511
475
440
259
97
-35
-8
30
471
-31
-67
-195
-250
-415
-512
-609
-770
-707
-749
-649
-584
-438
-384
-256
-178
-126
-126
-96
-125
-155
-260
-279
-367
-298
-302
-228
-107
15
133
160
223
301
353
396
410
370
244
181
55
-56
