-209
-201
-191
-212
-268
-287
-285
-266
-285
-294
-291
-340
-256
-308
-338
-340
-424
-388
-459
-407
-447
-500
-443
-418
-2
-508
-468
-480
-420
-380
-273
-319
-287
-304
-300
-321
-329
-275
-270
-260
-252
-268
-348
-323
-291
-331
-369
-426
-487
-449
-468
-499
-510
-579
-495
-525
-607
-668
-630
-663
-567
-571
-649
-634
-630
-619
-586
-586
-579
-600
-588
-617
-628
-500
-531
-604
-548
-577
-550
-584
-542
-520
-636
-659
-619
-674
-699
-644
-663
-709
-739
-699
-766
-752
-750
-842
-812
-791
-783
-716
-766
-756
-739
-722
-794
-796
-796
-739
-705
-745
-699
-731
-707
-712
-804
-701
-630
-653
-653
-674
-657
-632
-567
-588
-590
-592
-581
-497
-552
-581
-489
-521
-527
-516
-510
-531
-512
-483
-443
-474
-441
-386
-388
-384
-390
-388
-405
-378
-346
-331
-333
-344
-334
-279
-239
-222
-237
-165
-111
-155
-123
-178
-220
-182
-199
-73
-52
-42
3
-21
-481
64
74
112
124
95
108
137
166
183
93
141
112
162
169
187
194
213
238
221
278
303
316
328
337
379
423
387
362
391
398
366
360
1
400
425
0
501
486
517
963
450
431
452
410
425
433
446
435
419
398
400
492
417
437
368
400
437
370
299
328
343
278
234
238
183
156
167
127
36
-16
-4
-21
-90
-83
-92
-170
-228
-264
-210
-216
-218
-230
-230
-260
-270
-268
-180
-266
-235
-243
-256
-273
-333
-292
-254
-266
-277
-283
-312
-321
-357
-266
-262
-226
-180
-130
-180
-188
-128
-96
-138
-69
-77
-31
-25
-46
-485
-25
-111
-86
-77
-94
-161
-107
-144
-132
-104
-12
-31
-199
-376
-554
-531
-98
377
360
486
-260
-231
-182
-56
22
-113
-216
-126
-67
-79
-157
-126
-182
-216
-176
-174
-172
-159
-231
-138
-197
-100
-472
-63
-292
-628
-688
-649
-934
-283
-273
-313
-405
-432
-506
-537
-460
-489
-508
-430
-411
-405
-592
-630
-558
-630
-653
-586
-533
-611
-596
-703
-667
-653
-623
-676
-644
-668
-651
-699
-731
-758
-709
-815
-781
-810
-741
-722
-680
-705
-691
-646
-640
-579
-590
-542
-521
-554
-546
-539
-550
-512
-518
-483
-506
-516
-520
-502
-453
-445
-434
-436
-422
-430
-357
-376
-445
-472
-443
-390
-373
-388
-432
-432
-462
-438
-451
-8
-401
-359
-415
-418
-407
-378
-397
-401
-375
-407
-428
-409
-428
-438
-413
-487
-420
-407
-401
-466
-489
-403
-4
-445
-417
-378
-413
-434
-445
-420
-396
-417
-394
-420
-438
-472
-541
-510
-455
-468
-527
-527
-493
-422
-485
-512
-502
-418
-478
-962
-447
-964
-403
-371
-354
-312
-359
-287
-275
-268
-258
-361
-375
-359
-432
-329
-352
-313
-336
-306
-352
-333
-323
-346
-340
-331
-243
-249
-241
-167
-264
-260
-247
-256
