-367
-409
-369
-378
-359
-163
-155
-39
-48
-71
255
293
276
150
80
-23
-117
-262
-220
-237
-239
-147
-105
-42
-73
-25
-56
-6
-48
-123
-167
-258
-300
-260
-291
-266
-256
-260
-325
-348
-544
-609
-678
-758
-739
-689
-741
-754
-688
-625
-537
-430
-317
-296
-201
-210
-125
-39
-81
-58
-104
-188
-159
-176
-84
-35
104
143
167
78
-37
-111
-243
-409
-541
-562
-649
-579
-514
-399
-315
-191
-39
74
217
143
217
248
129
106
30
40
41
486
26
-27
55
-25
-126
-168
-279
-338
-436
-4
-525
-548
-563
-542
-459
-394
-273
-126
-69
-33
-119
-252
-365
-438
-439
-325
410
-273
-474
-605
-686
-565
-386
-188
-155
-230
-310
-378
-355
-256
-159
28
38
-480
-105
-226
-300
-373
-334
-350
-247
-195
-319
-338
-474
-449
-359
-230
-121
-69
9
13
467
-18
76
194
154
74
-21
-21
-33
34
108
167
82
53
-75
-264
-359
-386
-376
-367
-268
-271
-382
-409
-489
-583
-499
-354
-344
-153
-73
76
-10
-130
-302
-331
-315
-209
-159
-180
-117
-168
-159
-113
-283
-338
-602
-726
-707
-647
-978
-258
-105
-77
-50
-88
-241
-182
-275
-287
-188
-113
-88
-46
-228
-333
-300
-212
-273
-443
-466
-401
-302
-430
-457
-516
-567
-609
-602
-462
-390
-279
-172
-117
-119
-252
-396
-420
-365
-386
-289
-271
-279
-348
-346
-493
-434
-331
-184
-73
-60
-117
-291
-397
-546
-491
-953
-338
-289
-258
-230
-239
-378
-480
-502
-550
-535
-575
-428
-422
-344
-268
-355
-344
-354
-363
-306
-201
-193
-180
-88
-63
-466
108
225
215
22
-205
-300
-480
-617
-657
-577
-438
-443
-384
-378
-411
-451
-445
-527
-441
-346
-266
-180
-176
-27
-117
-474
-48
-489
-60
13
-96
-73
-42
-472
127
139
185
234
164
133
-39
-138
-331
-306
-373
-283
-344
-270
-245
-239
-205
-230
-205
-237
-212
-367
-399
-413
-445
-350
-266
-222
-163
-77
-210
-209
-262
-252
-342
-430
-411
-449
-392
-334
-357
-214
-266
-262
-304
-348
-441
-407
-468
-957
-16
-646
-655
-407
-264
-396
-417
-254
-151
-201
-205
-283
-340
-289
-315
-271
-296
-315
-333
-291
-216
-188
-197
-180
-300
-340
-399
-338
-367
-361
-413
-430
-539
-466
-430
-12
-544
-556
-655
-663
-657
-550
-972
-520
-514
-632
-615
-810
-709
-132
-41
-250
-241
-172
-268
-134
-88
-182
-210
-308
-252
-319
-521
-529
-476
-434
-334
-289
-296
-359
-313
-212
-180
-102
-81
-455
55
-63
-147
-357
-361
-420
-495
-495
-401
-361
-245
-188
-281
-340
-424
-451
-962
-308
-184
-105
-54
484
-81
-123
-94
-100
68
169
211
291
250
486
-163
-388
-375
-247
-62
59
62
-130
-382
-724
-852
-794
-724
-495
-281
-79
-6
15
-111
-273
-317
-281
-140
-46
22
43
22
-2
-58
-218
-126
-16
131
104
57
106
19
-102
-277
-331
-365
-159
-90
133
101
47
-71
-375
-464
-972
-411
-329
-260
-243
-220
-375
-472
-539
-567
-957
-275
-146
-94
-167
-230
-180
-235
-235
-149
-180
-105
-176
-197
-342
-369
-468
-459
-957
-422
-289
-188
-48
-126
-102
-77
-21
-52
-14
-67
-134
-170
-310
-418
-453
-537
-548
-588
-500
-441
-430
-8
-550
-970
-415
-329
-125
19
183
261
244
219
129
-37
-222
-552
-6
-495
-418
-367
-306
-189
-92
-90
-20
-8
32
202
188
263
188
158
425
-184
-313
-329
-355
-285
-216
-209
-168
-214
-172
-312
-428
-331
-407
-525
-459
-424
-392
-346
-176
-123
-86
-149
22
80
-71
-125
-54
-23
-136
-96
-96
-142
-188
-222
-222
-271
-111
-92
-56
-197
-147
-125
-115
45
61
87
114
