-329
-365
-256
-197
-184
-144
-107
-144
-94
-56
-20
-42
-58
-90
-105
-50
-485
-94
-104
-100
-88
-117
-147
-128
-161
-182
-170
-195
-243
-203
-254
-262
-260
-275
-312
-281
-222
-254
-258
-235
-207
-210
-247
-298
-302
-333
-382
-365
-378
-438
-453
-453
-562
-499
-2
-600
-584
-563
-541
-512
-2
-497
-457
-382
-439
-418
-409
-390
-359
-329
-329
-355
-382
-428
-401
-438
-6
-560
-552
-523
-619
-588
-548
-579
-520
-445
-394
-306
-310
-270
-220
-209
-210
-247
-233
-287
-331
-312
-363
-397
-401
-466
-529
-520
-583
-626
-575
-533
-552
-449
-453
-415
-289
-195
-163
-73
-65
-483
82
137
183
257
303
251
198
238
229
211
76
55
78
61
20
-29
-111
-168
-191
-209
-197
-203
-174
-212
-197
-237
-212
-134
-81
-115
-100
-105
-132
-105
-170
-268
-399
-497
-531
-548
-537
-607
-571
-512
-485
-521
-438
-346
-327
-249
-132
-52
-37
-31
13
40
72
139
129
133
87
11
-96
-105
-285
-424
-573
-619
-672
-800
-836
-791
-789
-773
-722
-726
-735
-672
-638
-504
-401
-302
-247
-201
-107
-138
-189
-203
-243
-161
-144
-123
-109
-96
-79
-65
53
38
484
28
62
104
40
51
125
175
223
303
320
345
393
398
379
324
360
314
299
322
227
158
104
36
-27
-157
-214
-224
-275
-216
-275
-189
-111
-140
-56
-50
-98
-138
-220
-258
-371
-481
-544
-584
-661
-577
-569
-964
-411
-344
-218
-235
-231
-256
-279
-317
-346
-334
-308
-306
-275
-233
-243
-302
-344
-287
-334
-172
-216
-201
-247
-287
-275
-363
-413
-355
-361
-287
-348
-250
-224
-279
-167
-199
-123
-123
-193
-86
-157
-170
-125
-109
-128
-75
-48
-27
24
61
110
116
175
198
255
270
316
326
291
259
192
28
-167
-296
-346
-409
-285
-205
-75
43
101
89
-33
-94
-109
-52
206
366
66
816
503
1143
896
593
242
-107
-298
-411
-222
-489
311
675
791
553
154
-239
-544
-651
-598
-918
-216
-126
-109
-191
-165
-249
-357
-481
-569
-520
-396
-271
-142
-111
-71
-67
-149
-195
-264
-231
-222
-268
-247
-300
-254
-199
-327
-302
-396
-447
-2
-438
-405
-424
-352
-384
-350
-355
-312
-296
-182
-199
-247
-340
-262
-258
-394
-480
-516
-441
-315
-104
22
-21
-58
-271
-394
-481
-565
-493
-491
-361
-480
-4
-495
-533
-464
-588
-537
-439
-424
-409
-367
-348
-365
-396
-462
-468
-464
-460
-491
-495
-550
-642
-730
-712
-745
-867
-932
-966
-1010
-1023
-1459
-928
-840
-794
-745
-674
-634
-628
-976
-426
-432
-334
-273
-214
-180
-128
-48
-100
-115
-123
-104
-264
-354
-355
-352
-298
-321
-279
-165
-172
-167
-63
-20
-20
30
36
-35
32
40
45
32
22
-27
-41
9
-46
-77
-96
-50
-39
-94
-481
70
85
118
188
177
217
141
97
47
484
-109
-172
-235
-252
-264
-291
-291
-312
-331
-331
-325
-352
-312
-306
-323
-226
-165
-113
-81
-62
-60
-35
28
477
-115
-48
-130
-249
-260
-273
-317
-342
-418
-342
-333
-407
-403
-394
-392
-355
-396
-369
-375
-344
-327
-210
-123
-100
-90
-62
-16
47
95
62
114
190
108
137
66
49
480
-33
-48
-33
-31
-12
32
57
-18
-81
-48
-88
-216
-224
-233
-233
-216
-294
-302
-220
-149
-189
-186
-220
-220
-218
-186
-128
-31
9
-18
34
47
-18
-4
26
-21
-94
-128
-151
-260
-264
-209
-277
-313
-218
-172
-142
-153
-161
-163
-134
-113
-65
-84
-73
-14
-35
-136
-109
-197
-230
-230
-287
-432
-625
-638
-693
-676
-688
-745
-775
-716
-665
-714
-686
-533
-500
-516
-472
-441
-439
-476
-525
-512
-556
-626
-636
-600
-672
-647
-623
-600
-521
-489
-460
-407
-323
-168
-134
-149
-109
-12
36
13
22
17
17
-33
-39
-41
-105
-163
-228
-209
-209
-195
-237
-212
-134
-136
-161
