-340
-432
-388
-333
-342
-271
-294
-323
-279
-298
-312
-287
-329
-289
-230
-241
-243
-254
-241
-271
-304
-275
-292
-313
-331
-363
-418
-392
-382
-350
-388
-380
-396
-376
-363
-354
-310
-317
-279
-258
-321
-285
-292
-310
-376
-319
-268
-275
-308
-249
-210
-249
-130
-98
-142
-128
-132
-125
-237
-180
-193
-241
-224
-271
-224
-193
-237
-285
-281
-300
-287
-306
-296
-294
-279
-266
-212
-289
-325
-334
-333
-239
-203
-287
-273
-180
-182
-264
-292
-350
-281
-298
-285
-256
-260
-230
-235
-239
-233
-153
-75
-113
-126
-83
-67
-58
-58
11
55
106
40
30
-4
24
93
11
78
24
-23
-56
-489
484
-50
-31
-58
-20
-8
-21
-73
-44
-29
-25
-2
486
49
82
78
135
93
103
167
148
89
125
171
194
179
190
229
200
181
206
242
269
259
229
278
311
305
267
276
297
265
255
291
221
250
217
248
219
230
219
208
177
158
158
131
133
190
141
204
238
206
215
162
202
137
148
83
40
41
9
1
-8
17
-42
5
-37
-67
-69
-77
-79
-58
-123
-79
-105
-170
-241
-214
-209
-226
-254
-245
-239
-214
-275
-283
-230
-300
-323
-216
-247
-243
-222
-256
-312
-270
-266
-254
-268
-281
-252
-191
-226
-231
-210
-193
-237
-189
-153
-157
-149
-151
-161
-109
-37
-54
-96
-90
-83
-33
-18
-10
-37
-2
-69
-31
15
45
83
11
72
106
64
87
93
45
30
-33
-14
-480
482
-39
-56
-23
-79
-21
-44
-121
-119
-96
-113
-107
-77
-159
-165
-123
-144
-188
-207
-205
-226
-273
-334
-375
-304
-310
-334
-319
-294
-336
-336
-329
-336
-399
-321
-418
-355
-352
-357
-363
-262
-252
-268
-262
-369
-283
-283
-317
-363
-331
-312
-357
-312
-277
-321
-289
-275
-298
-365
-266
-291
-275
-168
-186
-212
-195
-197
-186
-266
-231
-224
-281
-317
-298
-323
-294
-245
-344
-338
-325
-243
-361
-361
-376
-422
-413
-436
-455
-491
-521
-474
-424
-373
-369
-420
-451
-376
-399
-333
-352
-338
-357
-384
-394
-352
-334
-334
-271
-308
-279
-239
-243
-182
-201
-258
-172
-119
-149
-39
22
-489
76
61
41
61
11
-25
-39
-39
-41
-90
-105
-75
-86
-27
-63
-142
-117
-96
-60
-50
-86
-44
-52
-35
62
475
-54
-39
-20
-21
-113
-104
-119
-67
-119
-60
-48
-88
-12
-62
-16
-46
-37
-73
-52
-88
-63
-109
7
-77
-58
-56
-12
-75
-44
-109
-35
-33
-98
-77
-18
-37
-117
-52
-100
-69
-105
-71
-2
-90
9
-29
-128
-27
469
-115
-90
-56
-481
-14
-33
70
1
-39
57
486
51
26
89
11
36
110
101
55
106
124
183
166
261
200
353
316
286
337
318
278
255
263
