-48
-60
-48
-84
-65
-81
-83
20
112
143
240
274
221
70
-128
-268
-451
-405
-441
-411
-294
-292
-186
-121
-224
-69
-216
-241
-275
-342
-6
-476
-468
-453
-472
-462
-449
-449
-313
-363
-392
-390
-399
-378
-375
-239
-279
-48
78
173
187
234
259
137
112
-86
-142
-283
-350
-334
-283
-226
-157
-149
-46
-174
-155
-313
-476
-502
-556
-653
-644
-588
-428
-252
-109
-105
-107
-188
-243
-231
-392
-426
-436
-415
-529
-491
-392
-260
-260
-119
-111
-27
5
-18
-81
-90
-275
-277
-405
-409
-436
-378
-386
-323
-195
-189
-144
-153
-228
-216
-216
-247
-268
-333
-409
-415
-420
-976
-514
-571
-554
-554
-445
-2
-525
-476
-445
-394
-300
-312
-256
-218
-163
-130
-81
-96
-121
-98
-117
-130
-212
-327
-428
-537
-525
-550
-563
-625
-583
-569
-592
-541
-542
-520
-388
-287
-266
-165
-79
103
187
173
181
112
116
145
116
80
9
484
-84
-123
-174
-235
-355
-466
-451
-447
-359
-239
-54
40
152
257
360
458
492
423
433
364
269
127
-56
-239
-382
-533
-697
-875
-970
-1006
-1144
-1218
-1149
-1128
-1021
-1453
-852
-750
-615
-453
-327
-186
-25
45
116
179
175
127
116
28
-123
-252
-407
-560
-718
-869
-1006
-1002
-1048
-1069
-1035
-896
-838
-787
-661
-542
-424
-346
-224
-100
-29
57
62
53
5
-90
-212
-329
-399
-445
-539
-638
-747
-674
-586
-592
-573
-441
-359
-291
-224
-165
-126
-62
32
36
49
87
30
43
-25
-105
-146
-161
-239
-291
-317
-396
-394
-256
-268
-306
-315
-306
-281
-304
-304
-289
-281
-281
-258
-329
-315
-296
-298
-308
-323
-354
-352
-390
-371
-392
-411
-447
-500
-516
-560
-651
-657
-653
-636
-665
-689
-632
-598
-560
-619
-707
-688
-709
-688
-773
-768
-670
-667
-604
-573
-552
-462
-18
-495
-481
-525
-546
-970
-428
-361
-428
-422
-478
-592
-581
-974
-397
-329
-159
-111
-102
-134
-226
-163
-172
-130
-224
-174
-117
-146
-147
-46
0
-88
-88
-138
-207
-235
-218
-210
-180
-212
-159
-117
-83
-298
-209
-201
-195
-168
-336
-348
-468
-535
-733
-813
-516
-1086
-1167
-1048
-932
-800
-560
-394
-147
-155
26
70
74
213
188
206
183
177
146
127
64
5
-27
74
51
17
61
-2
-39
-25
17
22
19
-10
-136
-193
-336
-375
-514
-548
-596
-663
-733
-760
-766
-773
-722
-745
-735
-741
-590
-594
-542
-510
-480
-392
-327
-350
-300
-329
-233
-247
-144
-184
-249
-319
-397
-411
-420
-443
-354
-438
-424
-445
-6
-966
-460
-548
-567
-592
-640
-756
-733
-724
-661
-531
-466
-409
-294
-239
-29
-483
5
53
-31
-39
-12
-2
0
-29
-54
-94
-121
-207
-252
-157
-125
-163
-191
-201
-312
-380
-409
-628
-657
-701
-829
-880
-882
-917
-907
-882
-869
-861
-871
-781
-699
-541
-334
-94
34
129
-42
-125
-147
-149
-104
-86
26
238
343
419
396
194
482
-155
-275
-397
-369
-357
-258
-104
-104
-130
-239
-329
-243
-279
-308
-262
-271
-86
-470
17
118
141
124
177
76
26
-18
-136
-119
-149
-149
-75
59
78
162
76
20
-41
-277
-466
-672
-665
-607
-569
-449
-955
-483
-541
-472
-480
-974
-317
-159
-90
-42
-111
-199
-256
-338
-289
-390
-350
-455
-609
-602
-584
-596
-537
-428
-279
-233
-312
-231
-249
-252
-281
-363
-352
-321
-230
-333
-312
-346
-344
-241
-348
-413
-544
-632
-541
-646
-577
-533
-459
-331
-438
-500
-560
-565
-6
-962
-294
-176
-42
-33
-121
-86
-105
-140
-81
-128
-33
112
76
5
36
17
-96
-220
-289
-21
-762
-974
-1109
-981
-857
-676
-964
-352
-210
-90
-466
-52
-33
-98
-233
-333
-363
-417
-447
-321
-281
-157
-71
64
133
320
312
339
398
297
248
41
463
-147
-184
-308
-250
-308
-176
-125
-63
-159
-63
-230
-188
-239
-426
-506
-626
-716
