-264
-277
-296
-228
-239
-241
-277
-250
-230
-231
-245
-188
-172
-250
-220
-224
-245
-231
-178
-214
-228
-201
-167
-167
-134
-193
-233
-273
-243
-216
-228
-256
-271
-249
-230
-256
-228
-273
-283
-250
-249
-279
-264
-237
-214
-279
-235
-235
-344
-340
-348
-317
-287
-344
-336
-329
-422
-418
-344
-388
-357
-420
-451
-445
-470
-453
-430
-468
-417
-417
-441
-409
-413
-371
-336
-321
-298
-271
-209
-210
-268
-220
-241
-300
-344
-300
-333
-298
-302
-310
-321
-313
-256
-195
-273
-228
-189
-254
-201
-214
-224
-201
-220
-254
-247
-250
-197
-210
-224
-228
-212
-230
-283
-180
-165
-113
-100
-153
-109
-67
-63
-94
-62
-25
-48
-27
-44
-65
-56
-71
-10
-63
17
-33
-16
7
5
7
1
-23
-54
-83
-54
-31
-46
-25
5
-4
-2
9
-16
-27
-50
-48
-142
-102
-104
-109
-167
-168
-146
-151
-207
-249
-205
-256
-283
-334
-270
-283
-289
-319
-292
-306
-285
-331
-317
-262
-346
-319
-298
-247
-247
-256
-195
-289
-210
-230
-170
-275
-195
-287
-292
-312
-327
-357
-294
-350
-357
-268
-289
-258
-180
-140
-153
-205
-226
-104
-191
-107
-165
-159
-149
-86
-71
-52
-25
-10
3
47
62
62
64
53
112
104
72
106
116
127
114
118
152
141
137
114
97
104
91
202
145
154
99
175
293
208
188
164
206
232
173
108
158
125
97
72
66
154
137
91
61
22
76
-487
36
64
26
-39
-104
-31
-65
-136
-130
-155
-214
-230
-264
-342
-270
-302
-352
-466
-430
-441
-474
-449
-466
-14
-502
-434
-439
-10
-495
-481
-527
-521
-512
-499
-485
-468
-460
-6
-495
-506
-464
-470
-439
-363
-405
-300
-201
-228
-216
-264
-197
-172
-146
-182
-125
-81
-125
-178
-147
-134
-119
-96
-174
-243
-153
-105
-138
-147
-104
-102
-83
-102
-90
-107
-94
-77
-60
-115
-136
-218
-180
-203
-188
-207
-237
-214
-264
-254
-258
-285
-294
-315
-308
-302
-271
-289
-298
-289
-291
-245
-294
-252
-218
-256
-220
-243
-247
-273
-201
-281
-300
-268
-256
-287
-331
-355
-346
-300
-333
-375
-338
-357
-338
-334
-344
-354
-359
-388
-367
-371
-401
-405
-407
-403
-325
-375
-424
-462
-403
-418
-382
-388
-352
-315
-352
-327
-308
-373
-420
-390
-401
-378
-357
-333
-386
-340
-340
-247
-247
-304
-266
-256
-273
-218
-268
-210
-174
-212
-182
-188
-172
-193
-182
-157
-170
-205
-168
-126
-186
-155
-157
-144
-182
-119
-65
-126
-88
-100
-83
-81
-12
-489
11
17
0
-63
-33
-83
-489
17
-41
-21
-67
-105
-90
-140
-69
-88
-71
-92
9
-161
-130
-88
-128
-184
-107
-121
-182
-105
-130
-176
-220
-210
-184
-186
-153
-184
-199
-189
-203
-222
-212
-289
-197
-159
