89
127
118
28
-44
-46
-205
-285
-4
-653
-722
-726
-749
-712
-695
-548
-602
-495
-460
-466
-546
-642
-720
-823
-827
-792
-726
-733
-577
-579
-434
-203
41
145
99
471
110
49
-348
-239
-302
-167
-56
22
-62
-222
-462
-676
-743
-783
-626
-420
-250
-397
-485
-714
-773
-682
-544
-411
-270
-222
-153
-228
-336
-375
-420
-331
-321
-262
-264
-279
-233
-260
-220
-203
-266
-182
-279
-306
-294
-359
-392
-426
-422
-27
-590
-798
-827
-855
-836
-794
-823
-804
-754
-730
-674
-607
-571
-514
-539
-483
-567
-542
-571
-537
-640
-636
-642
-730
-707
-760
-699
-680
-563
-510
-548
-420
-338
-424
-254
-231
-207
-277
-285
-371
-365
-397
-418
-453
-438
-415
-468
-438
-472
-424
-323
-365
-300
-350
-279
-325
-308
-357
-430
-567
-520
-558
-586
-508
-962
-504
-974
-411
-378
-306
-243
-172
-125
-130
-113
-104
-132
-140
-212
-287
-376
-361
-407
-413
-493
-556
-527
-464
-424
-401
-352
-424
-388
-443
-18
-483
-634
-682
-804
-831
-789
-792
-817
-768
-760
-714
-728
-821
-846
-840
-884
-857
-836
-781
-758
-684
-646
-674
-493
-449
-441
-344
-306
-331
-287
-300
-340
-407
-409
-489
-516
-468
-439
-464
-407
-445
-483
-441
-441
-428
-483
-397
-334
-415
-392
-333
-323
-292
-262
-264
-340
-338
-275
-275
-174
-163
-132
-104
-100
-73
-62
-60
-58
-81
-109
-178
-247
-205
-254
-287
-270
-287
-359
-373
-344
-334
-426
-384
-352
-359
-371
-333
-346
-375
-409
-430
-355
-310
-310
-355
-333
-369
-367
-12
-472
-554
-550
-512
-464
-460
-401
-325
-195
-195
-79
-104
-212
-226
-249
-340
-350
-354
-325
-264
-407
-334
-273
-262
-186
-207
-176
-184
-105
-96
-121
-23
-27
-16
20
41
72
188
106
99
112
19
-29
-96
-90
-119
-157
-220
-170
-235
-220
-163
-123
-168
-264
-203
-342
-338
-451
-420
-466
-974
-365
-418
-287
-207
-33
-478
162
183
190
154
143
97
124
32
28
53
-25
43
99
1
66
129
261
314
290
328
427
362
398
343
305
326
227
200
179
76
473
-151
-281
-266
-273
-273
-247
-256
-239
-241
-273
-216
-197
-317
-462
-539
-602
-619
-569
-483
-459
-432
-449
-531
-554
-491
-418
-270
-268
-188
-63
-8
-25
-10
-483
133
127
242
145
164
80
-75
-203
-256
-256
-226
-199
-172
-203
-146
-218
-260
-165
-235
-92
463
-466
3
82
62
-58
41
215
414
559
717
791
593
284
70
-113
-308
-401
-544
-569
-352
-340
-273
-285
-271
-312
-403
-354
-443
-371
-359
-541
-562
-661
-674
-718
-604
-500
-29
-468
-2
-453
-336
-273
-237
-258
-334
-279
-245
-184
-123
-107
-125
-144
-180
-182
-184
-228
-300
-271
-302
-268
-186
-168
-100
-6
486
-94
-12
-35
-478
475
-77
-60
-96
-67
-113
-147
-203
-296
-277
-375
-405
-451
-457
-2
-512
-542
-531
-500
-468
-974
-464
-436
-447
-333
-382
-268
-352
-386
-438
-401
-258
-67
-81
-25
74
-12
-42
61
24
97
-71
-96
-71
-100
55
62
177
198
196
190
53
74
-77
-222
-111
-250
-241
-333
-312
-313
-281
-197
-138
-142
-128
-75
-193
-180
-182
-228
-294
-264
-329
-294
-281
-363
-359
-439
-399
-371
-348
-367
-407
-386
-342
-470
-327
-394
-417
-6
-609
-640
-668
-716
-699
-768
-802
-663
-579
-556
-563
-426
-336
-249
-100
-77
-33
-84
-71
-69
-153
-142
-144
-188
-188
-254
-231
-287
-392
-138
-189
-60
-197
-619
-913
-764
-688
-33
-411
-369
-466
-413
-249
-125
-115
-69
-73
-193
-249
-285
-418
-298
-310
-285
-107
-12
95
83
-4
-8
-41
-144
-75
-117
-142
-73
-489
-161
-271
-228
-50
-401
-588
-283
-474
-94
-174
-218
-117
-258
-397
-375
-239
-172
-228
-260
-455
-502
-260
-126
17
59
253
343
104
-191
-327
-315
-468
-531
-457
-231
-165
-178
-270
