-361
-203
-176
-136
-60
-16
15
133
89
87
150
194
137
171
135
59
13
-44
-105
-63
-46
-165
-209
-117
-163
-205
-157
-216
-153
-125
-104
-52
13
15
13
78
110
99
106
95
28
51
85
108
30
19
-50
-62
-81
-126
-239
-210
-212
-285
-304
-294
-296
-281
-207
-321
-346
-289
-277
-310
-369
-384
-426
-418
-405
-420
-432
-407
-449
-394
-422
-386
-338
-415
-415
-407
-390
-418
-380
-273
-287
-239
-205
-168
-111
-39
-48
-472
82
57
89
85
17
-489
17
70
78
108
150
251
318
341
318
364
301
307
349
333
299
318
274
280
284
286
190
68
70
-100
-113
-155
-315
-422
-474
-525
-590
-634
-699
-728
-705
-768
-771
-737
-730
-672
-632
-584
-512
-455
-315
-231
-239
-218
-186
-165
-149
-188
-147
-128
-180
-146
-140
-168
-201
-283
-281
-281
-313
-260
-235
-214
-167
-104
-2
51
120
194
276
368
414
1
500
459
484
540
450
381
291
272
232
234
160
114
-39
-111
-102
-104
-184
-147
-113
-119
-140
-67
-60
-67
-39
-100
-132
-207
-168
-201
-174
-104
-189
-167
-155
-174
-146
-86
-69
-67
-83
-96
-123
-98
-100
-123
-58
-42
-25
-16
36
83
51
70
78
19
-12
-65
-94
-25
-46
-104
-102
-77
-86
-29
-14
57
78
169
198
238
301
234
215
229
162
99
125
227
240
225
261
246
257
246
116
74
32
-33
-46
-98
-123
-121
-170
-94
-142
-235
-291
-363
-230
-230
-184
-119
91
175
320
333
347
345
312
272
232
82
68
-56
-41
-18
-6
-31
19
70
120
131
167
131
5
28
-98
-289
-8
-577
-640
-644
-584
-569
-605
-535
-630
-525
-439
-453
-430
-390
-447
-409
-447
-464
-462
-376
-312
-235
-287
-163
-83
-96
-94
-52
-56
-73
-172
-161
-151
-136
-83
-20
40
32
64
160
225
238
253
227
253
223
198
104
91
480
-8
-163
-117
-84
-84
-132
-138
-271
-315
-10
-605
-714
-789
-836
-766
-712
-697
-588
-445
-352
-354
-195
-98
-182
-146
-191
-228
-373
-432
-2
-560
-552
-447
-365
-170
-29
93
131
173
145
187
156
127
66
-16
-77
-6
-54
-58
154
70
112
43
72
101
1
-189
-186
-98
-289
-403
-468
-636
-922
-1157
-1365
-1228
-897
-550
-394
-308
-117
-42
-731
-930
-995
-653
-514
-287
-25
305
17
438
234
463
-285
-388
-413
-331
-207
-132
-121
-205
-312
-241
-378
-399
-405
-212
-189
-113
-203
-315
-18
-539
-712
-712
-695
-514
-964
-310
-241
-174
-126
-71
-23
47
74
3
9
-50
-54
-174
-94
-33
-58
433
-161
-186
-182
-207
-382
-420
-270
-243
-157
-88
-69
-149
-189
-142
-189
-184
-126
-128
-216
-182
-184
-100
-142
-100
-270
-308
-220
-214
-21
68
143
179
82
-75
-147
-260
-321
-386
-449
-480
-459
-462
-542
-390
-354
-359
-365
-209
-157
-128
-138
-199
-237
-115
-102
-489
-449
156
154
93
82
106
-2
-69
-130
-159
-167
-6
141
219
248
248
38
-128
-252
-418
-439
-491
-542
-569
-646
-621
-724
-668
-644
-613
-466
-367
-289
-147
-100
-46
-84
-193
-163
-203
-304
-338
-367
-4
-506
-531
-10
-684
-1107
-1079
-1466
-829
-684
-548
-325
-249
-252
-298
-397
-411
-441
-390
-350
-376
-371
-338
-281
-424
-457
-970
-514
-432
-331
-207
-83
-37
-41
26
-90
-315
-512
-552
-573
-474
-491
-348
-243
-96
-117
-88
-79
-111
-102
-126
-235
-277
-334
-487
-468
-560
-974
-363
-376
-302
-201
-250
-138
-86
-121
-144
-203
-277
-334
-455
-541
-649
-665
-689
-735
-684
-649
-680
-541
-550
-972
-329
-285
-191
-136
-155
-98
-84
-233
-287
-394
-323
-315
-287
-201
-105
-25
-478
82
103
24
26
38
24
-165
-63
-90
-52
28
477
-483
41
57
93
101
55
17
-69
-237
