-550
-352
-357
-354
-394
-615
-661
-741
-831
-815
-834
-852
-840
-626
-504
-327
-77
-489
51
-41
-121
-188
-296
-310
-428
-521
-541
-544
-579
-455
-331
-239
-111
-134
-90
-390
-592
-684
-617
-384
-262
-123
-39
-46
-33
-63
-134
-199
-237
-367
-441
-563
-506
-499
-365
-375
-361
-317
-373
-380
-441
-434
-382
-327
-281
-264
-344
-313
-327
-392
-470
-548
-584
-571
-787
-703
-647
-638
-720
-800
-709
-884
-701
-581
-405
-201
-466
217
461
597
372
265
187
80
419
-132
-197
-83
-107
51
215
311
339
366
290
211
150
101
-67
-228
-214
-109
-88
120
188
261
263
217
32
-151
-188
-392
-480
-495
-518
-560
-491
-441
-354
-315
-281
-380
-462
-604
-691
-569
-462
-184
-233
-283
-430
-594
-617
-567
-415
-304
-306
-346
-2
-533
-529
-947
-371
-157
-109
-69
-165
-111
-159
-79
473
-487
93
47
70
-35
-39
475
-37
477
-16
-98
-161
-247
-268
-296
-271
-302
-151
-159
-12
-48
-113
-104
-140
-464
171
330
364
383
337
196
116
7
-151
-178
-237
-161
-119
-161
-174
-245
-313
-453
-386
-373
-396
-283
-233
-65
-128
-304
-411
-371
-363
-275
-273
-315
-296
-350
-334
-264
-140
-193
-84
-245
-275
-245
-365
-424
-413
-317
-252
-170
-235
-230
-239
-300
-302
-239
-163
-12
-472
480
-44
-191
-231
-415
-491
-514
-441
-302
-115
-109
-250
-334
-472
-609
-523
-363
-212
-105
-35
124
83
127
17
-146
-117
-159
-10
-18
19
-27
-75
-155
-201
-275
-243
-105
7
55
43
-44
-96
-304
-468
-348
-241
-100
13
68
139
135
-102
-231
-294
-302
-195
-199
-279
-281
-285
-365
-363
-388
-277
-220
-96
-144
-300
-489
-581
-672
-720
-825
-970
-846
-642
-325
-228
-128
40
118
135
17
-352
-548
-663
-596
-655
-678
-689
-701
-781
-840
-878
-873
-709
-529
-476
-445
-455
-558
-632
-659
-632
-544
-642
-716
-451
-172
-252
-436
-250
-111
-306
-319
-216
-75
-46
-105
-117
-128
-119
-130
-178
-125
-132
-105
-71
-39
-29
17
28
41
108
131
141
248
316
343
469
501
973
465
461
461
482
360
250
196
87
-21
-39
-63
-159
-125
-121
-189
-172
-136
-138
-165
-90
-46
-63
-48
-46
-71
-31
-29
-71
-159
-220
-287
-382
-411
-405
-2
-497
-468
-529
-546
-525
-533
-508
-964
-363
-327
-186
-172
-134
-62
-107
-63
-50
-157
-209
-277
-367
-445
-571
-672
-668
-693
-762
-756
-771
-771
-716
-714
-640
-573
-970
-413
-369
-340
-325
-273
-216
-247
-270
-262
-237
-241
-247
-310
-319
-401
-445
-411
-472
-457
-449
-399
-323
-243
-104
-105
-111
-168
-228
-226
-235
-201
-168
-153
-189
-39
-52
-60
-23
-142
-180
-329
-451
-581
-707
-756
-808
-800
-810
-760
-777
-752
-646
-659
-562
-529
-474
-392
-363
-361
-312
-226
-163
-102
17
78
215
192
305
221
202
129
76
484
-67
-174
-279
-327
-262
-230
-151
-65
87
219
284
242
280
208
177
53
-73
-241
-369
-480
-518
-529
-978
-382
-231
-111
-33
-69
-109
-159
-275
-323
-365
-14
-529
-565
-581
-436
-371
-226
-75
-14
20
-109
-92
-205
-226
-365
-420
-462
-579
-560
-598
-544
-432
-462
-443
-426
-378
-384
-396
-336
-424
-436
-480
-525
-665
-630
-577
-520
-409
-287
-161
-14
61
57
475
72
7
-50
-79
-146
-266
-336
-443
-460
-518
-960
-354
-380
-342
-279
-193
-203
-216
-146
-140
-105
-46
-146
-54
17
-46
477
-50
-16
-65
-31
-86
-54
-35
-151
-144
-241
-279
-331
-390
-388
-10
-558
-554
-634
-649
-716
-686
-726
-636
-676
-680
-649
-647
-976
-373
-235
-189
-33
-136
-90
-69
-231
-168
-149
-165
-312
-136
103
99
-199
-424
-508
-449
-378
-239
-58
-62
-83
-218
-254
-334
-354
-338
-359
-357
-409
-369
-422
-411
-470
-476
-415
-487
-520
