-445
-478
-481
-478
-525
-583
-562
-506
-596
-615
-634
-584
-579
-644
-626
-563
-579
-548
-632
-630
-541
-630
-665
-617
-598
-644
-598
-550
-552
-607
-655
-674
-691
-617
-651
-573
-649
-634
-686
-661
-718
-659
-733
-771
-720
-764
-722
-714
-695
-670
-596
-596
-625
-605
-563
-621
-539
-590
-531
-533
-495
-506
-544
-573
-577
-550
-632
-611
-558
-563
-544
-508
-542
-655
-573
-369
-562
-957
-1035
-924
-701
-628
-844
-770
-800
-1094
-999
-777
-709
-457
-417
-562
-716
-560
-459
-359
-428
-978
-478
-964
-497
-556
-514
-617
-558
-497
-443
-367
-346
-144
106
-153
-378
-449
-302
-18
24
-41
-50
-44
-489
131
166
452
-226
-130
-140
-151
-180
-151
-340
-249
-235
-205
-149
-205
-205
-201
-197
-258
-254
-212
-243
-266
-228
-233
-230
-188
-315
-340
-308
-323
-283
-275
-308
-292
-285
-270
-231
-228
-233
-270
-212
-252
-262
-250
-224
-241
-239
-243
-331
-313
-413
-386
-325
-302
-327
-287
-287
-327
-329
-384
-380
-367
-329
-336
-312
-352
-357
-312
-376
-340
-365
-333
-365
-365
-306
-228
-210
-258
-296
-275
-243
-317
-270
-277
-210
-258
-306
-363
-319
-355
-336
-371
-306
-365
-409
-350
-294
-264
-306
-375
-329
-386
-340
-323
-300
-312
-292
-233
-258
-306
-249
-212
-210
-136
-157
-102
-71
-21
-42
-39
-21
51
91
124
177
145
112
192
194
192
177
181
148
97
141
219
152
143
110
125
141
91
89
49
-63
-33
-33
-56
-100
-142
-142
-161
-235
-220
-205
-260
-310
-317
-367
-397
-426
-447
-401
-407
-455
-476
-499
-535
-502
-455
-512
-554
-474
-480
-527
-520
-541
-436
-481
-523
-457
-504
-436
-481
-972
-459
-529
-533
-476
-424
-476
-504
-497
-504
-562
-588
-592
-558
-575
-613
-600
-537
-588
-577
-615
-604
-638
-605
-602
-607
-584
-609
-619
-609
-573
-594
-586
-550
-558
-563
-607
-619
-560
-579
-537
-533
-510
-422
-428
-401
-384
-342
-376
-273
-250
-289
-226
-205
-218
-250
-241
-226
-300
-296
-325
-357
-321
-321
-350
-323
-355
-352
-315
-325
-302
-306
-315
-361
-361
-334
-321
-264
-279
-352
-289
-281
-321
-357
-336
-289
-405
-388
-354
-336
-376
-342
-350
-365
-357
-333
-367
-388
-317
-308
-336
-405
-411
-432
-397
-401
-411
-411
-384
-401
-430
-415
-462
-485
-974
-401
-384
-424
-367
-413
-434
-20
-520
-521
-523
-548
-502
-978
-457
-438
-474
-485
-970
-447
-369
-428
-470
-403
-426
-399
-436
-397
-390
-394
-386
-388
-348
-380
-373
-325
-321
-313
-268
-260
-315
-336
-287
-291
-218
-163
-193
-157
-126
-224
-224
-214
-193
-132
-186
-184
-197
-218
-231
-271
-239
-222
-233
-245
-207
-210
-128
-115
-123
-63
-111
-107
-88
-63
-105
-46
-117
-62
-60
-12
