17364
16784
16404
16024
16095
15204
14856
14379
14648
13954
13845
13727
13694
13744
13774
13826
14024
14288
14534
14708
15110
15538
15923
16223
16122
16633
17171
17589
18456
18797
19200
19471
19788
19977
20074
20204
20276
20305
20435
20494
20482
20568
20486
20389
20362
20383
20244
20251
20177
20057
19904
19769
19667
19656
19555
19618
19620
19673
19723
19772
19759
19780
19706
19603
19582
19524
19562
19677
19742
19912
19912
20005
20106
20286
20408
20038
20551
20557
20557
20522
20396
20339
20206
20154
20122
20120
20131
20169
20259
20297
20393
20437
20030
20604
20631
20679
20763
20740
20725
20761
20812
20814
20891
20946
20973
20914
20982
20984
20835
20770
20727
20694
20438
20416
20362
20280
20234
20229
20204
20270
20246
20188
20177
20280
20351
20343
20414
20574
20767
20931
21051
21248
21440
21589
21908
22106
22019
22725
23022
23316
23446
23589
23729
23975
24141
24045
24122
24120
24015
24057
24112
24171
24299
24448
24587
24727
24811
24458
25076
25255
25244
25356
25482
25570
25746
25835
26085
26223
25916
26578
26725
26812
26902
26837
26769
26534
26133
25620
25263
25379
24540
24183
23866
23715
23606
23532
23574
23526
23927
23217
23124
23433
22830
22748
22742
22820
22923
23061
23358
23746
23486
24291
24729
25074
24935
25835
26166
26562
26416
27217
27475
27732
27919
28051
28166
28112
28158
28127
28013
27900
27706
27574
27290
27036
26677
26293
25994
25572
25244
25387
24486
24141
24398
23645
23383
23103
22864
22673
22500
22391
22389
22433
22545
22633
22870
23024
23248
23608
23847
24196
24467
24778
25148
24956
25696
25958
26347
26639
26864
27179
27444
27648
27729
27835
27849
27820
27654
27501
27372
27068
26732
26849
25950
25583
25198
25381
24467
24032
23727
23473
23253
22998
22927
22788
22622
22431
22282
22314
22444
22646
22475
23341
23650
23492
24343
24633
24456
25227
25463
25677
25835
25965
26148
26267
26519
26704
26927
27005
27118
27192
27104
27051
26977
26872
26841
26841
26833
26971
26988
26917
26954
27013
27005
26965
26952
27089
27213
27229
27333
27431
27526
27583
27669
27807
27879
27986
28041
28064
28154
28234
28278
28312
28395
28473
28517
28578
28702
28883
28910
29038
29206
29406
29524
29576
29603
29580
29612
29595
29576
29694
29843
30019
30139
30255
30290
30324
30459
30379
30345
30324
30295
30765
30129
30001
29872
29696
29475
29215
29026
28774
28604
28339
28137
27919
27748
27519
27335
27120
26933
26610
26316
25984
25625
25351
25097
24610
24190
23954
23616
23320
23211
23206
23278
23297
23375
23513
23603
23530
23540
23580
23498
23482
23402
23412
23255
23106
22854
22599
22242
22000
21522
21083
20937
19799
19171
18353
17765
17541
16511
16557
15730
15398
15200
14868
14736
14417
14364
14104
14124
14038
14085
14232
14190
14114
13980
13757
13431
13265
13032
12874
12776
12606
12669
12736
13026
13421
13793
14108
14408
15003
15419
15912
16395
16921
17137
18227
18782
19301
19467
19576
19624
19549
19429
19303
19293
19255
19345
19337
19343
19309
19276
19154
19532
18843
18578
18158
17782
17370
17026
16713
16463
16204
16055
16106
16064
16099
15982
15801
15694
16118
