31370
31484
31526
31677
31738
31875
31954
32045
32211
32314
32427
32530
32822
32633
32898
33038
32736
33391
33500
33601
33769
33877
34103
34145
34221
34295
34288
34387
34330
34408
34448
34475
34427
34398
34435
34456
34484
34452
34370
34330
34389
34286
34164
34156
34072
34009
34036
33933
33845
33770
33709
33606
33482
33454
33244
33110
32940
32807
32643
32479
32290
32125
31841
31669
31471
31194
30971
30685
30364
30051
30229
29479
29106
29299
28543
28127
28299
27463
27169
26736
26496
26171
25786
25528
25169
25398
24599
24320
24059
23845
23732
23564
23517
23416
23253
23328
23150
23030
23009
22984
23017
22910
22847
22740
22534
22440
22124
21977
21797
21500
21278
21099
20875
20990
20272
19942
19723
19490
19232
19513
18879
18622
18437
18339
18257
18116
18129
18104
18057
18036
18020
18026
18005
17980
17984
17973
17870
17893
17929
17862
17824
17801
17738
17618
17646
18053
17568
17564
17576
17622
17099
17540
17646
17704
17755
17835
17803
17887
17971
18030
18082
18234
18316
18410
18440
18498
18459
18458
18444
18404
18270
18171
18032
17791
17685
18043
17366
17183
16994
16824
16614
16467
16370
16211
16043
15755
15597
15328
15620
14778
14501
14236
13940
13692
13358
13112
13181
12421
11998
11765
11318
10992
11227
10349
9992
9595
9736
8862
8438
8103
7687
7803
6843
6438
6108
5438
5324
4167
3557
3400
2896
2391
1938
1080
646
360
26
-153
-336
-605
-760
-934
-1058
-1157
-1254
-1329
-1443
-1418
-1542
-1586
-1584
-1607
-1623
-1667
-1611
-1613
-1575
-1632
-1638
-1773
-1752
-1857
-1865
-1884
-1869
-1947
-2020
-2069
-2209
-2212
-2334
-2405
-2493
-2521
-2626
-2565
-2668
-2764
-2739
-2756
-2718
-2659
-2663
-2651
-2621
-2556
-2499
-2500
-2420
-2434
-2386
-2340
-2096
-2115
-2073
-2071
-2098
-2125
-2203
-2241
-2296
-2384
-2405
-2506
-2563
-2720
-2735
-2720
-2909
-2949
-2865
-2938
-2955
-2947
-2964
-2960
-2901
-2884
-2846
-2758
-2747
-2750
-2693
-2678
-2615
-2619
-2590
-2600
-2888
-2243
-2392
-2350
-2233
-2167
-2151
-2002
-1995
-1903
-1718
-1699
-1558
-1415
-1216
-1167
-941
-854
-716
-571
-422
-308
-180
-48
47
89
242
263
385
509
603
604
759
780
917
1020
1114
1215
1282
1391
1551
1639
1761
1872
1937
2036
2160
2139
2209
2364
2559
2543
2608
2841
3410
3068
3169
3341
3541
3688
3429
4051
4223
4358
4534
4683
4805
4933
5146
5293
5427
5616
5801
5847
6053
6194
6446
6648
6730
7005
7246
7515
7662
7360
8047
8217
8477
8708
8933
9177
9251
9761
9774
10156
10395
10671
10833
11051
11284
11467
11620
11824
12009
12187
12259
12393
12553
12595
12648
12681
12770
12975
13020
13047
13164
13127
13040
13122
13187
13246
13309
13429
13561
13704
13839
14034
14654
14208
14372
14541
14175
14746
14896
15045
15166
15511
15574
15872
16080
16360
16209
16744
17217
17522
17809
18137
18517
18864
18646
19570
19833
20221
20511
20736
20522
21330
21517
21666
21822
22152
22236
22416
22593
22856
23062
23301
23601
23935
24183
23948
24769
25041
25372
25551
25765
26028
26232
26858
26534
26688
26902
27089
27267
27404
27484
27652
27828
27858
27925
28072
28204
28333
28494
28500
28696
28872
29227
29288
29530
29919
29931
30103
30536
31045
31511
31908
32320
32652
33103
33517
33908
34370
34673
35003
34708
35416
35175
35893
36091
35671
36398
36845
37049
37190
37316
37562
37152
37881
37996
38087
38213
38154
38120
38097
38091
37990
37896
37658
37442
37410
37500
37576
37538
37423
37307
37278
37124
37000
36824
36711
36578
36328
36192
36177
36036
35860
35437
35311
35181
35104
34807
34820
34971
34408
34255
34702
35040
34690
34263
33805
33732
33748
33635
33461
33164
32935
32797
32645
32505
32354
32078
31853
32219
31557
31610
31547
31291
30910
30791
30543
30374
30198
29866
29501
29364
29112
28832
28524
28347
28257
28068
27982
27963
28278
27080
26490
25969
25438
24772
24162
23914
22753
21717
20658
19774
19459
18517
17272
16479
15835
15270
14715
14257
13862
13393
13019
12585
12272
11986
11637
11475
11127
10931
10765
10587
10486
10742
10059
9832
9708
9582
9568
9360
9223
9000
8847
8656
8589
8360
8152
8040
7893
7902
7738
7679
7658
7610
7469
7356
7503
7370
7318
7188
7007
6725
6624
6387
6185
5942
6297
5555
5812
4971
4841
4587
4299
4022
3797
3679
3534
3311
3146
