-2046
-2018
-2018
-1621
-2256
-1764
-1831
-1951
-1859
-1871
-1903
-1855
-1802
-1829
-1932
-1794
-1823
-1854
-1859
-1798
-1745
-1676
-1567
-1936
-1401
-1203
-1188
-1126
-1084
-993
-1006
-869
-670
-642
-396
-201
-478
204
332
513
696
887
992
950
1127
1211
1366
1511
1591
1730
1952
2414
3104
2446
2257
2122
2253
2578
2832
3152
3408
3786
4110
4385
4799
5311
5101
5278
4893
5465
5391
5299
5421
5618
5830
5990
5914
5958
5881
6345
5784
5639
5826
5372
3772
4759
5425
6263
6250
6257
6349
6473
6725
6904
7137
7354
7456
7614
7727
7931
8152
8347
8505
8765
8929
9177
9349
9566
9839
9944
10183
10377
10650
10854
11131
11452
11782
12072
12414
12643
12898
13265
13620
13916
13688
14442
14748
14692
15551
15977
16272
16719
17022
17419
17788
17643
18459
18828
19145
19540
19921
20374
20898
21110
22601
23253
23877
24511
25343
25979
26679
27137
27740
28284
28366
29442
29965
30530
30946
31400
31891
31799
32589
32984
33341
33230
34078
34389
34757
35171
35463
35769
36099
36364
36618
36877
36662
37362
37169
37835
38022
38248
38385
38435
38458
38511
38520
38679
38711
38845
38891
38980
39074
39169
39274
39295
39398
39482
39559
39624
39650
40019
39517
39085
38257
40055
39770
39631
39587
39677
39698
39709
39622
39641
39633
39597
40049
39549
39555
39601
39526
39501
39473
39585
39469
39429
39398
39496
39486
39477
39456
39463
39471
39551
39526
39547
39597
39551
39601
39608
39610
39629
39667
39601
39723
39698
39734
39721
39803
39832
39877
39866
39864
39916
39923
39849
39891
39824
39881
39822
39675
39673
39572
39528
39463
39311
39320
39051
39013
38862
38849
38711
38612
38479
38562
38408
38379
38360
38187
38139
38020
37883
37793
37664
37553
37414
37171
37026
36841
36490
36377
36622
35984
36112
35337
35041
34788
34564
34230
33927
33612
33374
33083
32778
32381
31896
31480
31116
30729
29938
28167
27572
26969
26412
25814
24916
24811
24320
23335
22969
22942
22402
21383
20744
20152
19599
19255
18595
18477
17742
17253
16818
16454
15929
15648
15229
14990
14540
14187
13854
13404
13064
12729
12500
12391
12125
11986
11759
11618
11276
11085
11227
10530
10284
10034
9770
9490
9124
9238
8465
8196
7839
7599
7253
6946
6671
6370
6091
5891
5629
5826
5131
5364
4648
4410
4089
3856
3593
3353
3242
2963
2681
2917
2232
1881
1713
1341
1190
1055
896
671
498
326
99
95
-25
5
41
-39
139
223
236
480
572
770
940
540
681
1013
1127
1156
1164
1188
1204
1221
1272
1364
1461
1446
1557
1673
1622
1641
1687
1833
1650
1625
1614
1952
1505
1538
1503
1450
1479
1929
1479
1440
1450
1316
1356
1284
1209
1041
875
784
652
942
345
194
91
40
-94
-178
-271
-342
-256
-342
-392
-18
-544
-470
-468
-460
-388
-409
-264
-189
-73
40
154
209
341
343
40
583
694
820
1059
1316
1545
1692
1465
2053
2272
2437
2545
2664
2814
2958
3135
3404
3498
3790
4003
4225
4452
4673
5028
5192
5467
5538
5622
5618
5767
5841
5961
6333
6683
7049
6921
7761
8005
8230
8437
8547
8587
8591
8549
8475
8465
8541
8625
8530
8601
8696
8734
8736
8883
8921
8908
8921
9005
8891
8849
9007
9143
9234
9280
9522
9702
10000
10456
10459
11133
11519
11906
12326
12835
13274
13921
14398
14963
15486
15830
16293
16814
17253
17643
18019
18522
18664
19669
20185
20788
21437
21534
22730
23385
23921
24706
25374
26053
26795
26885
27971
28543
29078
29755
30416
30967
31583
32419
33196
34003
34309
35433
36307
36933
37227
38253
38950
39501
39950
40416
40811
41246
41513
41799
41557
42305
42423
42549
42608
42015
42759
42763
42681
42883
42931
42961
42938
42687
42704
42879
42772
42358
42461
41606
41566
42001
41362
41053
40780
40662
40410
40438
40349
40309
40381
40211
40320
40328
40265
40192
40229
40215
40192
40104
39994
39931
39833
39832
39734
39603
39555
39480
39473
39444
39368
39229
39072
38908
38650
38269
37984
37622
37156
36814
36471
36603
35847
35494
35095
34715
34309
33759
33419
32996
32591
32057
31664
31139
31166
30169
29677
29141
28637
28194
27599
27076
26583
26143
25685
25133
24702
24137
23564
23068
22667
22171
21874
21578
21297
21015
20633
20979
20322
20511
19744
19475
