11062
11408
11652
11940
12206
12528
12958
13272
13574
13961
14259
14561
14772
15038
15366
15158
15938
16251
16187
16681
17698
18196
18709
19208
19753
20282
20713
21290
21740
22196
22608
22492
23360
23650
23835
24244
24503
24681
24826
25003
25185
25377
25618
25589
25469
26234
25914
26591
26988
26900
27603
27980
28227
28564
28723
29000
29246
29671
30146
30740
31196
31303
31854
32887
33435
33874
34400
34877
35351
35866
36064
36484
37295
37704
38362
38790
39375
39854
40362
40828
41202
41679
42082
42370
42599
42864
43188
42998
43761
44101
43984
44818
45083
45366
45429
45587
45713
45853
46009
46175
46314
46620
46425
47265
47738
48028
48269
48597
48410
49019
49196
49919
49866
50677
50967
51261
51412
51624
51538
51477
51349
51200
51095
50854
50854
50522
50479
50776
50080
49889
49776
49515
49179
48965
48776
48484
48122
48328
47599
47276
46898
46639
46181
45795
45250
44807
44311
43830
43482
43110
42603
42263
41910
41593
41377
41171
41043
40969
40784
40091
40232
39893
39425
38879
38229
37433
36645
35666
34715
33916
32998
32152
31685
30738
29312
28347
27467
26679
26286
25385
24036
23246
22229
21345
20895
19656
18877
18498
17169
16996
15893
15307
14431
14059
13509
12965
12557
12234
11885
11629
11461
11389
11251
11270
11305
11332
11274
11709
10967
11213
10440
10209
9891
9595
9345
9208
8950
8673
8379
8187
7914
7559
7742
7038
6891
6879
6912
7181
7503
7635
7767
7891
7906
7856
7826
7328
7721
7742
7696
7658
7551
7520
7354
7208
7011
6801
6488
6240
5761
5822
5284
4230
3654
3045
2477
2020
1482
1076
675
312
82
-394
-758
-1081
-1443
-1739
-1863
-1905
-1920
-1936
-1953
-1865
-1735
-1760
-1636
-1563
-1480
-1483
-1489
-1523
-1462
-1380
-1308
-1336
-1418
-1415
-1562
-1735
-1897
-2012
-2165
-2340
-2382
-2455
-2441
-2539
-2554
-2762
-2571
-2752
-2915
-2993
-3035
-3012
-3411
-2775
-2554
-2460
-2355
-2359
-2401
-2495
-2590
-2697
-2588
-2884
-2657
-2712
-2575
-2909
-2279
-2075
-2441
-1768
-1646
-1634
-1508
-1338
-1453
-626
-321
106
309
450
454
427
335
286
215
343
293
662
811
956
1137
1316
1530
1652
1902
2131
2230
2398
1988
2658
2778
2883
3083
3312
3541
3765
4045
4341
4522
4853
5112
5500
5746
6030
6318
6587
6959
7200
7484
7774
7935
8183
8358
8541
8778
8940
9154
9354
9610
9822
10091
10379
10648
10967
11303
11559
11822
12146
12442
12225
13085
13370
13223
13975
14312
14637
15015
15183
16240
16916
17562
18333
18624
19912
20849
21793
22818
23847
24864
25591
27219
27944
29461
31200
32538
33248
35024
36133
36696
38099
38914
39776
40125
41347
42160
42803
43043
44259
44875
45038
45517
45963
46845
47379
47765
48099
48500
48767
49072
49230
49501
49765
50003
50261
50416
50606
50770
50938
51007
51215
51364
51511
51635
51818
51994
51984
52135
51790
52475
52585
52791
52853
53007
53215
53085
53213
53162
53022
53000
52948
52853
52793
52948
52797
52748
52580
52400
52162
51633
51322
51190
51064
50919
51282
50648
50448
50333
50061
49704
49803
48870
48786
48354
47841
47362
46887
46074
45673
45366
45047
44770
44603
44003
44311
44454
43639
43238
42828
42171
41553
40864
40150
40007
38799
37914
37507
35996
34875
34011
32688
31229
29398
27935
26597
25891
24759
23167
22192
21335
20627
20074
19656
19288
18927
19038
18204
17866
17429
17078
16618
16299
15965
15541
15162
14780
14206
13440
13059
12202
10965
10089
9314
8646
8040
7454
6914
6479
6125
6015
6297
6614
7146
7637
8106
8400
8763
8977
9208
9402
9444
9593
9603
9480
9700
8944
8597
8187
8291
7370
7049
6624
6139
5570
5074
4532
3965
3809
2727
2074
1950
1381
326
-153
-436
-747
-1111
-1235
-1346
-1403
-1373
-1409
-1334
-1218
-959
-1231
-1088
-1188
-1151
-1163
-1159
-1220
-1222
-1214
-1291
-1296
-1413
-1565
-1600
-1756
-1934
-2180
-2333
-2586
-2804
-2852
-2806
-2840
-2985
-3073
-3184
-3275
-3317
-3327
-3333
-3365
-3384
-2964
-3508
-3485
-3439
-3375
-3457
-3376
-3334
-3218
-3117
-3067
-2953
-2815
-2773
-2731
-2661
-2605
-2504
-2422
-2304
-2195
-2012
-1789
-1628
-1376
-1174
-871
-630
-422
-346
-151
-21
26
240
335
696
1028
1120
1015
1570
1772
1793
1904
1887
1948
2001
2038
2158
2417
2551
2719
2887
3120
3312
3498
3631
3875
4057
4314
4438
