20656
20736
20845
20851
20904
20921
20835
20801
20973
21183
21370
21612
21501
22412
22790
23179
23528
25788
26017
26209
26822
26736
26738
26677
26570
26425
26236
26095
25925
25761
25486
25330
25093
24820
24620
24908
24211
23992
23807
23645
23555
23389
23251
23108
23448
22977
22927
22788
22723
22761
22835
22809
22795
22814
22807
22868
22803
22797
22778
22709
22618
22526
22479
22398
22311
22227
22244
22179
22087
22062
22110
22064
22001
22041
22045
22017
21990
22011
21917
21858
21843
21763
21776
21669
21543
21555
21593
21603
21561
21515
21536
21530
21507
21364
21232
21160
21034
20793
20589
20328
20482
19799
20009
19152
18904
18719
18517
18280
18517
17833
17650
17471
17255
17576
16927
16687
16540
16513
16351
16255
16297
16299
16330
16387
16555
16698
16748
16874
16998
16614
17173
17297
17400
17480
17562
17606
17688
17740
17839
17896
17875
17887
17942
17902
17759
17797
17700
17454
17312
17257
17131
16938
16784
16559
16333
16206
16038
15954
15868
15761
15606
15368
15238
15097
14889
14685
14469
14299
14103
13931
13830
13715
13616
13599
13606
13614
13538
13574
13566
13593
13583
13646
13874
14061
14351
14566
14759
14900
15093
15164
15309
15479
15639
15807
15973
16080
15637
16316
16480
16685
17022
17311
17576
17784
17860
17980
17862
17765
17673
17711
17696
17593
17303
17570
16679
16366
15979
15765
15669
15788
15662
16492
16843
17223
17694
17652
18127
18608
19082
20104
20041
20984
21261
21643
22183
22003
22526
22393
22181
22429
21893
21433
20332
19839
19152
18704
18146
18059
17166
17055
16591
15786
15572
15471
15631
15812
16072
16423
16933
17293
17150
17925
18196
18452
18648
18803
18906
19020
19112
19124
19097
19532
18952
18847
18751
18587
18366
18175
17828
17814
18034
17351
17284
17173
17066
17137
17242
17118
17917
17967
17881
17706
17753
17837
17685
18330
18671
18853
19001
19200
19253
19322
19349
19057
19637
19574
19622
19459
19366
19333
19255
19280
19286
19368
19379
19534
19566
19627
19711
19713
19702
19631
19627
19471
19473
19341
19225
19505
18849
18782
18635
18675
18583
18492
18383
18240
17971
17589
17125
16706
16263
15891
15538
15198
14940
14549
14377
14255
14238
14080
14152
14087
14227
14353
14692
14940
15143
15429
15167
15797
15849
15830
15799
15721
15822
15877
16040
16036
16192
16312
16379
16402
16515
16553
16520
16540
16519
16500
16498
16591
16536
16568
16660
16610
16629
16828
16627
17522
17595
18112
19038
19061
19950
20127
20059
20736
21064
21427
21805
22150
22416
22024
23278
23372
23333
23255
23278
23246
23217
23072
22916
22601
22297
21902
21641
21309
21492
20582
20244
19776
19471
19389
19625
19541
20793
21024
22200
22954
22988
24089
24354
24582
24816
25150
25356
25528
25522
25938
25938
25845
25667
25545
25452
25522
25545
25505
25488
25190
23061
22194
21709
21912
22045
22248
22454
22648
22736
22818
23009
23251
23364
23585
23860
24267
24656
25125
26803
27001
27286
27416
27450
27473
27517
27431
27824
27166
27078
26963
26807
26643
26545
26832
26225
26122
26047
25959
25858
25711
25585
25490
25417
25248
25097
25001
24940
24793
24614
24456
24341
24206
