13221
14080
14374
14715
15064
15603
15893
16395
16979
17114
18341
18818
19177
20280
20923
21597
22181
22929
23540
24305
24431
25490
26101
26673
27183
27780
27889
29009
29477
29975
30440
30364
30845
31898
32230
32677
33339
33669
34190
34211
35148
35564
36089
36484
36893
37389
37799
38261
38839
39353
39772
40213
40667
41137
41522
41994
42337
42772
43217
43555
43963
44408
44774
45145
45007
45914
46278
46688
47078
47528
48005
48244
48679
49160
49561
49921
50276
50748
51053
51473
51305
52137
52519
52312
53181
53408
53732
54057
54389
54614
54681
54925
54835
55610
55509
55742
55990
56110
56303
56484
56635
56791
56853
57068
56673
57303
57240
57645
57250
57240
57230
57272
57358
57225
57269
57185
57217
56938
56625
56230
56038
55816
55759
55784
55782
55826
56154
55429
55282
55225
55190
55097
55120
54879
54679
54389
54702
53992
53801
53532
53259
52904
52576
51990
51557
51118
50683
50104
49627
49011
48530
48036
47494
46937
46501
46026
45561
45127
44717
44209
43782
43375
43456
42532
42095
41979
41125
40694
40225
39732
39339
38908
39028
38156
37666
37198
36784
36229
35711
35181
34692
34085
33612
33068
32488
31908
31410
31255
30326
29820
29396
28730
28366
27986
27479
27066
26750
26843
26143
26349
25251
25015
24654
24345
23969
23919
23895
23622
23414
22734
22057
21656
21282
20713
20288
19566
19454
18364
17977
17597
17408
17484
17051
16572
15641
15221
15129
14080
14049
13053
12354
11730
10937
10137
9589
9208
8406
8204
7984
7612
7467
7177
7009
7015
6748
6354
5881
5543
5248
4790
4444
3996
3540
3011
2685
2284
1826
1919
984
368
456
-401
-953
-1438
-1875
-2380
-2922
-3298
-3487
-3754
-3426
-4237
-3924
-4405
-4565
-4695
-4621
-4838
-4901
-4928
-4897
-4857
-4741
-5111
-4558
-4712
-4594
-4541
-4550
-4531
-4541
-4546
-4523
-4481
-4647
-4586
-4563
-4401
-4266
-4275
-4250
-4209
-4172
-3953
-4044
-4375
-3806
-3626
-3449
-3388
-3210
-3056
-2985
-2848
-2743
-2630
-2581
-2500
-2424
-2319
-2310
-2239
-2207
-2273
-2241
-2319
-2321
-2428
-2376
-2516
-2449
-1960
-2457
-2470
-2327
-2321
-2161
-2126
-1959
-1829
-1663
-1938
-1226
-1012
-781
-533
-338
-218
-25
154
479
814
1106
1402
1610
1946
2198
2513
2767
3030
3200
2938
3448
3540
3601
3719
3883
4003
4103
4190
4311
4440
4683
4740
4956
5169
5337
5583
5833
6129
6416
6454
6891
7416
8104
8673
9206
9681
10135
10284
11520
12089
12681
13110
13532
14001
14582
14727
16003
17108
18345
19015
19994
20776
21545
22578
23929
24895
26022
27038
28097
29083
30183
31122
32013
32917
33278
34620
35433
36145
36929
37536
38309
39330
40227
40597
40875
41038
42104
42618
42849
43114
43547
43803
44131
44015
44782
44948
45221
45423
45681
45917
46284
46528
46784
47047
47270
47505
47751
47950
48103
48276
48463
48677
48368
49011
49188
49440
49442
49570
49614
49578
49654
49727
49688
49662
49614
49601
49648
49706
49757
50097
49862
50456
50587
50784
50896
50967
50980
50893
51112
51114
51064
51032
50992
51017
51007
50967
51045
51059
51208
51118
51166
51038
50713
50784
50461
50251
49898
49729
49423
49135
48992
48683
48387
48181
48360
47557
47343
47000
46564
46219
45746
45064
44870
43767
43458
42085
41194
40937
39629
38711
38208
37967
37026
36412
35879
35202
35167
33866
33068
32641
31656
30656
29112
27994
26952
25975
25370
24318
23320
21770
20719
19692
18856
17900
17538
16316
15688
14946
14305
13784
13330
12925
12517
12057
11679
11322
10904
10641
10314
10022
10255
9425
9074
8704
8427
8091
8267
7416
7040
6706
6259
5864
5209
4610
3942
3248
2454
1696
1362
459
-905
-1735
-2441
-2978
-3913
-5224
-5422
-6661
-7157
-7396
-7871
-8932
-9422
-9865
-10222
-10468
-10689
-10827
-11075
-11153
-11205
-11321
-11478
-11344
-11334
-11449
-11514
-11487
-11628
-11689
-11243
-11815
-11932
-12016
-12060
-12130
-12279
-12277
-12342
-12279
-12182
-12189
-12119
-11983
-11932
-11960
-11838
-11703
-11575
-11321
-11090
-10882
-10697
-10348
-9960
-9668
-9397
-9058
-8770
-8792
-7918
-7535
-7025
-6617
-6125
-5655
-5222
-5300
-4829
-3936
-3833
-3508
-3315
-2172
-1705
-1090
-548
-6
633
1154
1811
1967
3135
3828
4610
4940
6103
6385
7614
8286
8366
9360
9845
9780
10664
11116
11553
12093
12658
13040
13501
13853
14267
14646
15061
15335
15696
16078
16349
16603
16853
16986
17265
17272
17473
17664
17860
18143
