18952
18998
19020
18954
18992
19146
19414
19667
19864
20120
20295
20587
21003
20164
19883
20583
20797
21125
21492
21305
21374
21465
21664
21959
22139
21988
22664
22828
22896
23019
23238
23421
23541
23916
24215
24528
24778
25351
25885
26227
26625
26782
27217
27379
27730
27914
27803
28026
27923
27736
27620
27780
27034
26688
26085
25587
25217
24677
24198
23562
23078
22597
22177
21858
21396
21013
21001
19937
19996
19093
18736
18377
17944
17725
17543
17757
18003
18261
18509
18885
19250
19358
19454
19511
19505
19582
19675
19788
19854
19917
19977
19688
19372
18923
18364
17898
17429
17555
16748
16633
16507
16358
16375
16255
16194
16061
15748
15774
15698
15362
15083
14870
14687
14593
14404
14232
14028
13940
14141
13513
13343
13139
13030
12862
12715
12601
12658
12620
12215
12652
12593
12444
12454
12410
12658
12862
13417
13204
14070
14162
14274
14188
14022
13736
13484
13219
12746
12438
11965
11620
11339
11085
10769
10570
10437
10601
10732
11156
11522
12001
12496
13099
13624
14295
14780
15141
15536
15826
16024
16074
15784
15396
14780
14177
13479
12935
12629
12333
12124
11946
11988
12080
12263
12608
13059
13551
14091
14244
15255
15950
16425
16811
16992
17209
17062
16980
16824
16713
16505
16433
16261
15996
15770
15498
15145
14696
14187
14078
13087
12725
12461
12381
12395
12520
12246
13064
13351
13822
14328
15007
15625
16456
17324
17753
18582
19746
20301
20335
20391
20433
20175
19969
19958
19589
19547
19641
19511
18624
18225
17921
17782
17778
17845
17599
18345
18654
18656
18637
18646
18431
18427
18803
18633
19770
20230
21196
21908
22043
23145
24062
24175
24883
25656
25969
27307
28274
29305
29910
30171
29805
30370
30198
30116
29479
29284
29015
28709
28795
27994
27458
27013
26438
25971
25488
25257
25167
25085
25005
25026
25053
25066
25366
25431
25570
25816
26055
26229
25919
26669
26860
26954
27070
27154
27213
27290
27299
27156
27337
26566
26112
25536
24998
24895
23770
23143
22667
22288
21826
21503
21209
21019
20956
20895
21150
21452
21828
22398
22479
23679
24314
24444
25547
26192
26761
26925
27814
28131
28284
28335
28208
28003
27616
27364
26948
26543
26099
25727
25839
25043
24715
24505
24364
24312
24295
24578
24721
24996
25248
25299
25683
25925
25975
25898
25944
26255
26276
26500
26551
26505
26431
26108
25730
25135
24511
23780
23135
22578
22141
21772
21536
21270
21015
20700
20700
20950
21484
22284
23333
24421
25270
26206
27129
28038
28778
29381
29795
30387
31870
31549
30893
31622
31696
31349
31148
30708
30274
29438
29055
28898
28814
28807
28839
28984
28994
29112
29234
29425
29381
30160
30473
30646
30295
30923
30856
30706
30337
30192
28830
28200
27522
26624
26286
24944
24335
23830
23580
23675
24024
24465
24769
24923
25106
25318
25480
25461
25070
24660
24301
24085
23879
24362
24791
25038
25089
25282
25534
25417
25337
24087
23868
22597
21996
21332
20732
20278
20202
20248
20286
20190
20154
20358
20583
20709
20692
21000
20458
19559
18948
18349
17652
17131
17022
16801
17087
16375
16238
16202
16482
16822
17093
17255
17103
16944
16750
16652
16395
16593
15759
15326
14994
