12185
12522
12982
13417
13822
14248
14608
15120
15471
15688
16110
16500
16742
16648
17473
17715
18015
18312
18614
18847
18900
18839
18633
18408
18543
17652
17555
16507
16003
15364
14858
14324
13847
13309
12847
12339
11916
11374
11015
10683
10364
10038
9791
9625
9488
9419
9412
9419
9385
9375
9534
9954
10290
10654
11143
11667
11830
13032
13746
14528
15364
15667
16996
17177
18419
19362
19994
20688
21219
21711
22225
22599
22843
23003
23137
23322
23396
23339
23305
23282
23206
23036
22782
22379
21862
21381
21419
20971
20498
19385
18881
18423
17843
17393
16837
16362
16009
15746
16112
15545
15505
15169
15874
16015
16322
16646
16986
17291
17574
17908
18234
18129
18910
19181
19456
19713
20015
20305
20593
20963
21278
21593
21927
22211
22456
22713
22912
23135
23272
23398
23425
22973
23528
23541
23555
23524
23482
23425
23370
23251
23198
23091
23068
23053
23078
22967
22790
22688
22562
22326
22118
21937
21706
21585
21347
21143
20893
20664
21000
20280
20051
19996
19929
19805
19660
19500
19423
19364
19305
19213
19103
19034
18952
18853
18713
18681
18690
18648
18585
18522
18463
18393
18343
18389
18330
18261
18129
18101
18114
18106
18164
18082
18034
18122
18135
18183
18248
18291
18381
18541
18608
18625
18692
18830
18601
19217
19255
19337
19433
19085
19696
19765
19761
19851
19916
19917
19856
19790
19709
19627
19541
19429
19257
19166
19104
18977
18824
18750
18603
18479
18291
18250
17984
17820
17704
17494
17372
17316
17146
17028
17000
17017
17020
17034
17041
17080
17145
17208
17166
17183
17234
17318
17187
17129
17145
17124
17152
17139
17106
17036
16979
16958
16952
16988
17009
16843
16864
16818
16774
16757
16654
16641
17097
16557
16587
16633
16618
16442
16427
16395
16286
16291
16232
16124
16015
16034
16082
16038
16064
15988
15975
15950
15853
15742
15740
15683
15450
15396
15307
15219
15173
15229
15282
15230
15221
15326
15360
15332
15358
15459
15444
15433
15395
15387
15398
15368
15396
15496
15538
15167
15780
15908
16030
16085
16190
16391
16479
16557
16709
16832
16959
17049
17131
17192
17280
17393
17473
17646
17715
17736
17826
17958
18049
18167
18229
18320
18425
18475
18618
18740
18904
18921
19000
19078
19229
19339
19421
19517
19698
19841
19956
20040
20196
20295
20345
20448
20538
20631
20660
20715
20751
20811
20816
20786
20837
20862
20870
20791
20835
20895
20891
20862
20971
21064
21106
21190
21349
21543
21578
21759
22028
22120
22244
22379
22587
22746
22822
22937
23020
23227
23381
23406
23393
23396
23475
23543
23648
23769
23820
24001
24082
24068
24114
24125
24055
24076
24015
23851
23664
23557
23459
23391
23274
23242
23177
23129
23051
22921
22814
22818
22740
22562
22958
22318
22194
22169
22154
22177
22301
22324
22307
22383
22421
22557
22620
22685
22856
22475
23118
23316
23496
23595
23818
23450
24148
24423
24637
24763
24992
25312
25442
25442
25488
25496
25503
25522
25488
25270
25164
25061
24938
24839
24625
24461
24383
24162
23948
23727
23515
23276
23137
23000
22698
22511
22303
22091
21883
21667
21536
21438
21295
21169
21146
21106
21125
21125
21116
21160
21255
21206
