44540
44419
44335
44248
44053
44435
43833
43708
43414
43173
43005
42765
42671
42627
42396
42209
42043
41868
41698
41538
41427
41202
41106
40931
40803
41024
40440
40286
40190
40179
40538
40013
39921
39874
39790
39730
39732
39603
39490
39356
39301
39097
38996
38767
38656
38547
38343
38187
37923
37837
37681
37488
37364
37146
37036
36875
37124
36519
36402
36263
36116
35998
35900
35706
35559
35398
35286
35139
35078
34746
34580
34372
34211
33954
33774
33477
33328
33049
33156
32555
32278
32020
32208
31437
31175
30851
30587
30479
30461
30312
30017
29648
29396
29099
28824
28612
28160
28293
27469
27032
26568
26024
25576
25076
24446
24328
23372
23026
22536
22125
21538
21078
20656
20030
19366
18606
17965
17173
16326
16087
14740
14061
13276
13173
11980
11515
11091
10788
10284
9963
10215
9513
9301
9236
9082
8996
8891
8725
8463
8108
7835
7513
7187
6912
6854
6601
6374
6293
6229
6234
6164
6181
6038
6059
6003
5986
5919
5820
5807
5641
5603
5520
5278
5032
4711
4858
4061
3742
3631
3349
3076
2685
2253
2351
1517
1051
835
372
87
-258
-4
-792
-1031
-1304
-1426
-1668
-1787
-1939
-2035
-2182
-2279
-2352
-2586
-2617
-2791
-2445
-3210
-3313
-2959
-3600
-3821
-4096
-4369
-4577
-4815
-5168
-5285
-5438
-5644
-5812
-5930
-6125
-6340
-6474
-6604
-6384
-7273
-7399
-8275
-8270
-6915
-6558
-6525
-6409
-6184
-6067
-5932
-5613
-5384
-5180
-4964
-4791
-4521
-4401
-4144
-3966
-3762
-3480
-3247
-2951
-2754
-2573
-2365
-2161
-1978
-1848
-1720
-1674
-1529
-1531
-1481
-1441
-1357
-1312
-1325
-1195
-1172
-1044
-1449
-771
-743
-718
-644
-632
-577
-695
-775
-785
-750
-821
-836
-978
-999
-1042
-1161
-1306
-1399
-1334
-1363
-1285
-1357
-1352
-1340
-1331
-1329
-1291
-1212
-1195
-1142
-1079
-1018
-1058
-993
-995
-989
-1460
-1048
-1105
-1063
-1088
-1098
-1153
-1090
-1025
-909
-821
-670
-619
-489
-457
-270
-214
-233
-210
-69
-29
125
59
246
307
366
423
28
593
624
625
711
780
969
1110
1238
1364
1629
1769
1910
2015
2202
2318
1984
2830
2685
2872
3629
3519
2755
2709
2820
2862
2830
2895
2862
2984
3137
3236
2946
3540
3625
3782
3919
3996
4020
4045
4213
3938
4744
5049
5482
5400
6488
7265
8028
8375
9669
10547
11385
11748
13078
14022
14923
15246
16576
17448
18402
19276
20270
20625
21979
22837
23595
24295
25097
25797
26034
27280
28017
28769
29513
30215
30328
31475
32099
32679
32784
33851
34280
34877
35330
35187
36041
36433
36757
37173
37591
37942
38326
38656
38914
39206
39091
39866
40145
40543
40814
41129
41375
41601
41906
42070
42206
42408
42580
42635
42812
42921
43106
43225
43330
43395
43635
43790
43814
43874
44099
44083
44232
44385
44458
44540
44658
44776
44935
45043
45158
45156
45223
45280
45374
45364
45919
45480
45467
45366
45488
45530
45125
45330
45480
45316
45022
44805
44345
44660
44774
44641
44244
43874
43736
43660
43498
43377
43322
43129
43026
42862
42570
42385
42202
42068
41959
41853
41538
41354
40891
40858
40801
40666
40545
39328
38772
39074
38232
37988
38103
37242
36807
36383
35879
35347
34780
34286
33763
33242
32751
32120
31633
31154
30618
30185
29595
29089
28662
28131
27515
26959
26297
25763
25196
24658
24425
23456
22858
22872
21805
21395
20866
20597
20303
20089
19931
19673
19454
19183
18914
18650
18332
18543
17730
18022
17225
16698
16291
15835
15395
14988
14679
14230
14013
13797
13610
13429
13248
13637
13139
12916
12788
12604
12475
12658
11992
11744
11561
11303
10946
10589
10278
9856
9553
9146
8814
8482
8160
7847
7475
7135
6713
6255
5885
5854
4940
4854
4387
3866
2715
2597
1984
1721
1333
1438
673
437
251
9
-104
-220
-336
-493
-27
-577
-659
-709
-770
-758
-888
-936
-840
-960
-962
-1067
-1029
-1134
-1222
-1153
-1313
-1140
-1344
-1270
-1384
-1359
-1382
-1386
-1432
-983
-1518
-1531
-1558
-1588
-1537
-1506
-1533
-1459
-1520
-1558
-1550
-1573
-1661
-1731
-1829
-1817
-1775
-1733
-1688
-1665
-1607
-1512
-1390
-1363
-1331
-1413
-1911
-1357
-1407
-1447
-1472
-1403
-1422
-1407
-1436
-1331
-1191
-1170
-1136
-1125
-1088
-1029
-884
-766
-731
-663
-602
-388
-302
-258
-123
-107
20
112
133
190
229
297
366
5
606
660
927
511
1169
1297
1437
1654
