18511
18709
18807
18950
19145
19303
19488
19664
19843
20087
20299
20643
20872
21169
21396
21805
22175
22566
22875
23427
23881
24408
24480
25043
26148
26708
26872
27400
28477
29099
29765
30446
30889
31578
32225
32244
32811
33885
34459
35049
35198
35704
36751
37288
37812
38353
38887
39406
39847
40333
40784
41219
41494
41971
42261
42646
42952
43263
43566
43795
44068
44316
44585
44797
44933
45240
45482
45631
45770
46000
46120
46265
46444
46467
46541
46589
46658
46734
46736
46805
46906
47000
47053
47068
47078
47148
47291
47307
47206
47208
47192
47234
47206
47141
47154
47148
47091
46988
46979
46919
46860
46877
46765
46791
46740
46608
46540
46492
46486
46423
46330
46272
46187
46072
45990
45843
45797
45841
45757
45776
45625
45583
45583
45452
45396
45236
45150
45028
44898
44704
44471
44354
44166
44120
43980
43826
43645
43572
43398
43356
43133
42881
42603
42375
42062
41732
41986
41507
40692
40225
39824
39265
38692
38146
37637
37589
36437
35946
35324
34595
33654
32389
31360
30551
30164
29068
28797
27667
27204
26114
25469
24732
24248
23793
23454
23435
22732
22583
22952
22400
22459
22923
22562
22954
22664
22545
22929
22322
22124
21652
21129
20780
20284
19875
19427
18921
18412
17847
17305
16748
16255
15671
15538
14530
13992
13536
12990
12505
11952
11532
11055
10620
10263
9830
9524
9185
8814
8530
8087
8272
7377
6925
6471
6146
5746
5272
4776
4868
4370
3900
2979
2511
2068
1666
1297
881
604
307
458
-281
-489
-684
-836
-949
-1113
-1134
-1268
-1365
-1397
-1418
-1445
-1378
-1325
-1369
-1312
-1310
-1300
-1327
-1357
-1411
-1441
-983
-1483
-1613
-1649
-1668
-1699
-1714
-1720
-1760
-1735
-1764
-1756
-1781
-1773
-1834
-1810
-1752
-1808
-1859
-1897
-1966
-2041
-2102
-2186
-2310
-2386
-2462
-2546
-2542
-2611
-2590
-2542
-2600
-2514
-2285
-1289
51
410
946
1404
1914
2326
3305
3750
4223
4748
5194
5698
6318
7009
7793
9110
9270
9696
10513
11118
11419
11870
12507
12706
13841
14469
14998
15230
15746
16347
16965
17185
18288
18744
19364
19603
20322
20608
20954
21272
21696
22250
22547
22933
23248
23572
23486
24354
24780
25129
25700
26272
26524
26475
27469
28028
28620
29229
29906
30520
31156
31312
32440
33175
33618
34309
34864
35532
36278
36696
37868
38354
38635
39769
40272
40967
41486
41526
42469
42845
43383
43753
44078
44356
44666
44942
45116
45337
45492
45753
45893
46208
45963
46656
46811
47034
47124
47206
47347
47324
47343
47847
47301
47162
47007
46801
46564
46320
46089
45891
45614
45458
45337
45160
45127
45108
45032
44982
44891
44818
44666
44574
44524
44937
44127
44003
43759
43438
43091
42685
42124
41896
40696
40066
39562
38141
37360
36188
35332
34322
33448
30429
29456
28654
27713
27236
26540
26341
25009
24595
24419
23895
22866
22931
22438
21933
21480
20723
20125
19757
19345
19009
18820
19032
18452
18372
18068
18269
18293
18496
19049
18774
18826
18904
18977
19116
19064
18916
18860
19036
18374
18085
17954
17877
17744
17786
17683
18049
17356
17156
16614
16874
17097
16230
15814
15459
15625
15076
14576
14104
13297
13020
12803
12618
12465
12242
12007
11767
11467
11150
10814
10597
10127
9791
9345
8929
8475
7977
7511
6875
6467
5767
5847
4646
4097
3893
3375
2259
1669
1057
578
446
-661
-1212
-1688
-2136
-2626
-3067
-3388
-3707
-4014
-4260
-4483
-4554
-4586
-4569
-4552
-4436
-4434
-4342
-4214
-4062
-4029
-3888
-3768
-3693
-3621
-3567
-3418
-3327
-3252
-3035
-3373
-2628
-2523
-2287
-2083
-1813
-1529
-1281
-1096
-884
-672
-972
-327
-146
-18
122
332
425
492
664
837
1009
1314
1026
1843
2202
2435
2801
3047
3343
3629
4045
4316
4517
4872
5110
5257
5532
5748
6030
6148
6454
6650
6944
7204
7522
7917
8278
8730
9133
9528
9952
10213
10528
11274
11601
11942
12124
12368
12475
12784
12895
13379
13669
13956
14372
14833
15253
15709
16370
17015
17423
17977
18503
18879
19444
19982
20480
20591
21708
22396
22908
23009
24101
24805
25358
26026
26826
27667
28692
29374
30961
32152
32883
34633
35188
36272
37828
38904
39833
40916
41772
42738
43528
44650
45618
46406
47120
47469
48001
48538
48742
49020
49270
49316
49624
49811
50009
50104
50381
50330
51143
51572
52028
52261
52290
53053
53374
53889
54078
54396
54570
54833
55095
55099
55291
55488
55664
55662
55658
55631
