-6191
-6065
-5999
-5943
-5888
-5886
-5785
-5716
-5731
-5653
-5573
-5642
-5577
-5544
-5621
-5546
-5470
-5514
-5447
-5434
-5409
-5397
-5386
-5539
-5495
-5504
-5449
-5428
-5539
-5426
-5340
-5384
-5243
-5136
-5090
-4918
-5359
-4762
-4567
-4487
-4420
-4376
-4249
-4247
-4210
-4104
-4193
-4203
-4132
-4241
-4270
-4243
-4342
-4375
-3911
-4480
-4464
-4489
-4449
-4556
-4508
-4481
-4523
-4523
-4472
-4428
-4317
-4249
-4157
-4023
-3968
-3957
-3918
-3869
-3802
-3833
-3743
-3731
-3739
-3733
-3695
-3724
-3667
-3724
-3646
-3584
-3542
-3430
-3392
-3252
-3212
-3033
-3058
-2939
-2833
-2745
-2583
-2497
-2913
-2167
-2117
-2432
-1794
-1636
-1907
-1168
-993
-819
-521
-361
-189
91
433
774
538
1358
1673
1498
2263
2566
2809
3156
3416
3597
3977
4206
4503
4826
5036
5293
5549
5833
6059
6456
6393
7263
7648
8053
8446
8868
9467
9940
10551
11066
11549
12120
12654
13185
13620
14236
14641
15013
15339
15694
16034
16406
16690
16990
17187
17435
17101
17690
17816
17996
18185
18387
18650
18872
19158
19353
19694
19956
20250
20635
20854
21124
21482
21646
21931
22225
22007
22870
23250
23738
24257
24778
24925
25503
26683
27356
27908
28576
29171
29692
30385
31082
31274
32404
33143
33278
34389
34942
35530
36041
36536
36994
37509
37822
37631
38406
38133
38847
38959
39026
39000
38954
38935
38820
38797
38877
38778
38797
38736
38673
38721
38566
38509
38511
38223
38291
38293
38238
38112
38116
38566
37931
38009
38001
37952
38017
37826
37635
37732
37801
37816
37893
37843
37740
37839
37895
37940
37851
37748
37622
37624
38087
38104
37601
37562
37572
37589
37545
37500
37479
37528
37461
37484
37448
37477
37456
37517
37532
37648
37664
37667
37801
37900
37822
37912
37877
37895
37811
37874
37818
37961
37862
37896
37807
37776
37540
37385
37156
36887
37083
36173
36124
35885
35549
35103
34851
34551
34362
34677
33851
33530
33324
33112
32839
32624
32452
32301
32093
31877
31625
31479
31330
31122
30851
30666
30473
30770
30120
29982
30282
29648
29442
29200
28996
28723
28572
28349
28028
27759
27469
27080
26795
26490
26156
26358
25446
25223
25396
24604
24360
24001
23774
23406
23185
22759
22251
22047
21625
21316
21020
20675
20316
19942
19591
19152
18641
18118
17673
17572
17057
15984
15381
14874
14339
13938
13318
12833
12276
11839
11360
10938
10658
10309
9958
9603
9322
9125
8908
8690
8450
8250
8093
7874
7715
7477
7368
7227
7242
7124
7003
6845
6786
6662
6631
6545
6475
6509
6391
6828
6267
6274
6444
6425
6473
6492
6482
6417
6375
6383
6318
6263
6026
5975
5809
5761
5509
5807
5190
4874
4593
4408
4190
3980
3753
3578
3433
3213
3049
2872
2639
2482
2146
1994
1791
1549
1167
1414
629
916
143
-56
-296
-388
-592
-773
-970
-491
-1136
-1130
-1264
-1296
-1014
-1607
-1787
-1508
-2113
-2144
-2100
-2300
-2151
-2151
-2092
-1472
-1875
-1695
-1478
-1249
-1460
-586
-447
-130
61
230
347
566
788
1000
1185
1179
1297
1372
1370
1559
1597
1715
1748
1830
1872
1853
1853
1832
1847
1870
1893
2020
1998
2045
1975
2043
1998
1877
1770
1969
1744
1763
1685
1591
1526
1461
1400
1372
1387
1335
1387
1364
1389
1404
1408
1337
1307
1314
1278
1242
1278
1229
1204
1208
1206
1166
1150
1120
1192
1152
1122
1131
1097
1103
1221
1209
1108
1137
1154
1171
1259
1299
1227
1291
1280
1280
1248
1213
1221
1318
1393
1404
1303
1354
1270
1276
1200
1118
1143
1150
1137
1095
1076
1101
1019
1099
1139
1085
1104
1253
1282
1322
1398
1433
1612
1776
2059
2379
2593
2877
3154
3408
3694
4104
4507
4404
5288
5562
6051
6221
6574
6364
7192
7557
7933
8286
8757
9183
9666
10112
10612
11167
11664
12078
12532
12954
13398
13778
14095
14448
14780
15209
15515
15811
16188
16423
16709
17011
17318
17564
17872
18068
18364
18622
18938
19204
19490
19748
20017
20192
20456
20652
20990
21278
21026
21782
22061
22362
22662
22956
23078
22961
23639
24007
24198
24522
24820
25013
25305
25536
25822
25996
26223
26465
26708
26925
27049
27093
27410
27593
27748
28000
28200
28435
28509
28687
28801
28979
29204
29303
29280
29213
29154
29198
29417
29511
29582
29685
29759
29940
30160
30253
29828
30467
30480
30519
30585
30641
30837
30961
30994
31122
31206
