24051
23944
24677
25019
25169
25398
25711
26001
26291
26599
27265
27895
27645
27433
27694
28083
28416
28662
28809
28946
29001
29209
29461
29727
29889
30045
29805
30412
30627
30795
30772
30820
30912
31360
31740
31919
32030
32051
32135
32328
32530
32719
33028
33114
32765
33370
33534
33555
33685
34175
34274
34152
34229
34166
33923
34040
32259
33530
33793
34057
34083
33990
34080
34082
34299
34274
34419
34599
34700
34755
35171
35440
35593
35232
36311
36396
36343
36734
37061
36318
36465
36589
36438
36335
36469
36561
36690
36648
36755
36667
36604
36515
36442
36349
36225
36038
35990
36295
36335
36391
36694
36801
36767
36660
36774
36589
36715
36671
36524
36511
36421
36381
36349
36585
36547
36370
36173
36024
36019
35927
35740
35236
35795
36093
35625
34937
34793
34853
34992
34847
35120
34528
34372
34312
34662
34066
34051
33950
34158
33364
33419
33335
33490
33456
33688
32854
32793
32694
32708
32526
32389
32183
32000
31923
31833
31719
31612
31507
31347
31270
31120
30927
30803
30639
30545
30364
30093
29950
30013
30059
30047
29851
29589
29419
29395
29356
29158
29001
28837
28574
28383
28396
28582
28440
28194
27950
27725
27498
27826
27145
27019
27005
26908
26799
26643
26496
26437
26272
26206
26169
26061
25992
25923
25738
25603
25444
25286
25183
24969
24845
24751
24717
24601
24471
24328
24158
23973
23780
23564
23435
23181
22937
22742
22568
22360
22171
22013
21845
21675
21585
21431
21242
21095
21020
20914
20853
20692
20561
20570
20475
20446
20358
20303
20248
20196
20169
20148
20179
20217
20244
20240
20221
20229
20215
20227
20135
20154
19967
19881
19858
19877
19883
19944
19967
19984
19265
19215
19055
19038
18923
18770
18675
18421
18288
18152
17610
17578
18717
18736
18444
18433
18400
18257
18185
17946
17763
17624
17368
17215
16994
16906
16711
16553
16438
16335
16570
16022
15874
15541
15341
15154
14990
14694
14500
14272
14013
13778
13444
13654
12933
12629
12309
12013
11727
11393
11110
10822
10400
10125
9812
9473
9290
9066
8801
8603
8433
8187
7977
8276
7639
7547
7790
7248
7040
6958
7322
6833
7314
6835
6776
6860
6356
6814
6963
6910
6879
6860
6799
6837
6793
6784
6799
6704
6673
6702
6721
6793
6782
6843
6812
6788
6849
6801
6776
6719
6725
6744
6685
6654
6606
6595
6591
6587
6591
6622
6522
6419
6423
6360
6280
6166
6332
5786
5826
5938
5866
5696
5520
5580
5713
5889
5830
5776
5639
5610
5604
5614
5603
5488
5427
5395
5208
5133
5057
4940
4872
4841
4730
4696
4667
4709
4664
4648
4673
4694
4750
4807
4423
5007
4967
5043
5066
5061
5080
5057
5104
5089
5089
5093
5139
5089
5187
5156
5314
5442
5494
5658
5650
5700
5729
5786
5375
5818
5875
5797
5908
5837
5824
5717
5711
5708
5641
5706
5673
5656
5603
5564
5496
5396
5354
5393
5589
5137
5179
5326
5511
5650
5425
5215
5022
4730
4583
4429
4177
3946
3524
3872
3250
3169
3385
2564
2215
1931
1608
1486
1330
1209
1053
1036
992
906
898
925
948
959
904
1015
1156
1276
1452
1833
2137
2026
2463
2931
3898
3954
4851
5290
5589
6049
5864
6717
6780
6032
7589
8713
8954
9484
10164
10330
11448
11998
12580
13129
13833
14469
14656
15742
16284
16845
17437
17975
18520
19024
19106
19956
20034
20545
21603
22490
23746
23998
23914
24032
25118
25652
26127
26782
26879
27979
28637
28879
29946
30603
31198
31923
32578
32828
33994
34238
35286
35793
36404
37034
37578
38099
38160
39209
39797
40196
40633
40562
41408
41696
41851
41898
42061
42162
42204
42240
42358
42419
42473
42694
42919
42534
43188
43356
43568
43719
43801
44034
44108
44229
44293
44417
44528
44612
44702
44717
44833
44759
44778
44730
44984
44977
44477
45049
45120
45194
45162
45087
45213
45230
45629
45251
45625
45744
45440
46146
46328
46343
46278
45944
46494
46671
46637
46893
46057
45767
45530
45248
45127
44795
44589
44347
44062
43774
43459
43242
42917
42648
42396
42131
41864
41570
41335
41501
40770
40406
39969
40041
39124
39080
38194
37763
37408
36931
36335
35837
35250
34580
33900
33278
32484
32215
30958
30664
29437
28847
28198
27635
27089
26440
26305
25043
24263
23246
22200
21137
20076
19070
18295
17284
17041
15790
15631
14517
13883
13387
12835
12454
12688
12082
12005
11891
11856
11938
12045
