173
164
122
55
24
40
-23
11
-102
-79
-123
-138
-228
-239
-291
-277
-350
-380
-424
-499
-491
-571
-529
-521
-516
-558
-584
-554
-541
-525
-630
-533
-605
-623
-544
-594
-497
-560
-600
-556
-617
-600
-575
-630
-642
-516
-562
-567
-579
-533
-481
-487
-577
-605
-605
-562
-623
-581
-621
-611
-674
-733
-722
-689
-665
-655
-684
-598
-596
-558
-596
-537
-523
-449
-399
-312
-260
-296
-268
-212
-130
-107
-172
-63
-84
-109
-18
-69
-20
40
114
19
38
152
120
82
164
166
202
171
183
192
194
223
145
141
200
135
162
118
76
1
152
7
-18
-18
-92
-92
-115
-142
-146
-157
-130
-153
-205
-245
-252
-338
-426
-371
-443
-378
-418
-432
-417
-978
-453
-472
-390
-439
-338
-327
-283
-334
-291
-266
-249
-218
-214
-189
-262
-250
-222
-161
-312
-285
-298
-294
-273
-300
-304
-296
-283
-199
-222
-75
-54
-16
30
45
137
141
158
242
335
1
557
736
851
1026
1076
1124
1240
1366
1454
1526
1583
1725
1734
1877
1923
1996
2106
2183
2269
2381
2486
2522
2690
2732
2814
2910
3007
3103
3223
3297
3442
3501
3725
3854
3986
4141
4270
3935
4511
4646
4814
4423
5055
5133
5188
5324
5438
5545
5687
5797
5841
6020
6110
6171
6209
6297
6416
6431
6677
6473
6843
6585
6988
7143
7225
7412
7658
7786
8000
8137
8366
8603
8791
8990
9185
8824
9500
9700
9910
10482
10280
10547
11057
11213
11339
11631
11986
12187
12446
12755
13045
13385
13648
13885
13711
14450
14200
14961
15259
15400
15146
15849
16038
16349
16152
16864
16898
16687
17803
18127
18312
18835
19208
19078
19790
19904
20089
21118
21471
21931
22297
22656
22498
23398
23536
23948
24833
25311
25625
25417
26364
26406
27270
27353
28141
28473
28975
29145
29299
30162
30494
30898
31244
31618
31799
32251
32778
33635
34064
34291
34610
34723
34883
34998
34820
35391
35541
35774
35992
35664
36303
36469
36666
37110
36824
36971
37164
37225
37311
37276
37311
37375
37419
37482
37593
37370
37471
37200
37583
36898
36704
36295
36599
35811
35519
35230
35032
34696
34427
34223
33895
33856
33616
32767
33622
33444
33370
33246
32868
32790
33274
33364
33381
33435
33496
33490
33583
33715
33683
33637
33564
33465
33372
33232
32927
32744
32580
32364
32196
31979
31803
31660
31585
31606
31633
31650
31562
31515
31629
31709
31267
31902
31959
31990
32194
32125
32290
32223
32162
32001
31912
31667
31551
31459
31356
31276
31099
31003
30935
30629
30454
30192
30160
29841
29616
29234
29190
28961
28879
28702
28654
28475
28406
28372
28311
28372
28250
28234
28200
28045
27969
27738
27624
27492
27248
27097
26912
26698
26408
26068
25734
25479
25089
24750
24507
24246
24057
23709
23902
23122
22883
22580
22284
21904
21635
21083
20610
20127
20013
18759
18114
17389
16393
15667
14931
14265
13459
13150
11935
11608
10561
9822
9221
8183
8190
7364
7066
6975
7003
6881
7372
7333
7540
7337
8093
8234
8395
8437
8530
8484
8511
8595
8570
8387
8223
8036
7877
7706
7551
7375
7248
6986
6788
6543
6383
6122
5969
5767
5530
5387
5150
5020
4843
4763
4650
4530
4398
4221
4106
3975
3885
3971
4055
4177
4330
4528
4807
5001
5173
4904
5511
5736
6053
6240
6469
6601
6732
7005
6845
7545
7353
8181
8406
8753
8973
9085
8793
9368
9406
9587
9291
9958
10438
10874
11429
11948
12311
13635
14175
15240
16204
17534
18387
18637
19746
20293
20891
21473
21975
22064
23103
23746
24375
25154
26055
26387
27692
28625
28917
30196
30984
31709
31809
32467
33080
33318
33730
34528
34938
35322
36299
37412
37169
38427
39467
39980
40830
41324
41603
42578
43519
44790
45639
45977
47009
47986
49603
50055
51135
51337
52750
52992
53864
54375
54959
55419
55230
55841
56061
56038
56135
56093
56137
56164
56305
56339
56374
56551
56708
56914
57104
57230
57429
57360
56982
57099
55998
55383
55187
54026
53458
52763
52702
52234
51776
50822
50467
50238
49887
49660
49473
49187
49240
49145
49194
49064
48992
48891
48612
47971
47078
46032
45356
43967
42091
40738
39316
37849
36923
35583
34127
33015
31519
30291
29753
28362
27610
26908
26425
25916
25849
25356
24108
23797
