19866
20141
20362
20603
20877
21213
21431
21517
21706
21902
22200
22541
22803
23146
23295
23509
23769
24049
24242
24417
24687
24816
25017
25242
25387
25631
25811
26083
26351
26513
26814
27030
27307
27503
27700
27996
28280
28429
28677
28820
28935
29188
29301
29452
29658
29767
29893
29961
30213
30412
30614
30763
31009
31219
31467
31673
31847
32387
32585
32786
32837
33022
33209
33320
33486
33601
33690
33759
33860
34074
34167
34282
34377
34522
34576
34755
34971
35169
35333
35559
35770
36043
36269
36429
36175
36854
37003
37175
37459
37702
37860
37994
38242
38387
38578
38513
38120
39076
38572
38417
38383
38295
38188
38049
37893
37654
37645
37236
37368
36791
36694
36437
36251
35875
35721
35606
34696
34354
33822
33479
33093
32559
32038
31456
30988
30517
30061
29513
28900
28414
28332
27389
27263
26246
25631
25024
24885
23767
23164
22566
22045
21956
20933
20280
19849
19433
19511
18702
18477
18204
18085
18104
17977
17904
17847
17698
18066
17505
17326
17103
16900
16616
16406
16093
15906
15759
15580
15704
15519
15708
15566
15622
15356
15354
15187
14946
14767
14538
14353
14248
14076
13940
13791
13616
13669
13559
13557
13402
13385
13276
13198
13032
12837
12629
12326
11963
11614
11101
11209
10312
9900
9494
9122
8683
8410
7948
7677
7198
6914
6465
6217
5937
5589
5816
4977
4490
4116
3303
2860
2662
1364
1032
750
448
213
-58
-230
-10
-632
-775
-941
-1098
-1260
-1417
-1596
-1737
-1854
-1928
-1997
-2088
-2222
-2237
-2237
-2302
-2348
-2300
-2308
-2329
-2333
-2289
-2247
-2193
-2161
-2121
-2044
-2417
-1909
-1854
-1749
-1680
-1611
-1544
-1449
-1336
-1220
-1146
-1075
-938
-897
-798
-676
-598
-602
-541
-382
-273
-205
-159
-42
62
106
194
188
286
303
393
354
458
467
574
559
532
603
603
568
507
450
437
421
391
299
250
154
104
-23
-63
-31
17
11
85
137
177
272
356
969
580
776
967
1171
1244
1259
1454
1627
1606
1933
2041
2190
1967
2797
3118
3406
3746
3461
4053
4213
