18494
17625
17465
17438
17423
17248
17101
16421
16261
16166
16143
15931
15599
15444
15265
15093
14893
14946
14958
14944
14988
14862
14549
14354
13952
13547
13250
12948
12801
12517
12299
12127
12001
11830
11702
11541
11354
11236
11122
11019
11087
11190
11293
11419
11595
11248
11940
12114
12263
12374
11984
12339
13064
13427
13433
13309
13196
12925
12755
12320
12041
12150
11366
11089
10910
10772
10643
10603
10496
10438
10335
10341
10265
10221
10234
10253
10333
10438
10517
10562
10725
10883
11040
11223
11370
11437
11536
11635
11774
11896
11917
11982
12175
12303
12446
12559
12650
12721
12854
12963
13000
12958
13047
13095
13101
13175
13236
13257
13395
13578
13677
13750
13849
13994
14026
14166
14232
14272
14458
14570
14610
14652
14763
14849
14889
14998
15099
15175
15217
15335
15398
15465
15496
15501
15467
15417
15282
15232
15219
15223
15013
14688
14450
14196
13828
13492
13066
13146
12225
11921
11639
11297
11101
10925
10751
10687
10646
10625
10614
10627
10719
10797
10929
11070
10765
12448
12854
13158
13417
13664
13870
13702
14312
14433
14572
14803
14937
15032
15200
15396
15528
15812
16038
16209
16332
16370
16585
16826
16910
16906
16812
16809
16744
16709
16614
16578
16557
16480
16459
16603
16687
16723
16805
16904
16959
16994
17013
17076
17135
17177
17192
17261
17324
17305
17314
17341
17261
17099
17024
16881
16793
16721
16551
16459
16454
16370
16194
16038
15795
15557
15305
15013
14734
14307
13988
13729
13477
13194
13051
12938
12833
12803
12874
12874
12812
12858
12988
13143
13244
13395
13473
13601
13788
13946
14009
14122
14307
14583
14828
15022
15284
15540
15688
15784
15904
16085
16166
16246
16364
16381
16545
16687
16646
16627
16635
16671
16624
16696
16690
16631
16551
16408
16314
16251
16164
16076
16026
16030
16022
15992
15965
16003
15948
15874
15902
15872
15778
15704
15681
15618
15148
15610
15587
15150
15688
15690
15816
15919
16011
16062
16156
16278
16469
16583
16685
16870
16996
17091
17219
17370
17417
17519
17541
17545
17480
17417
17305
17124
17022
16826
16660
16333
16030
15772
15549
15278
14979
14761
14446
14106
13866
13555
13370
13669
12979
12799
13171
12646
12637
12599
12583
12698
12938
12721
13482
13660
13988
14250
14536
14826
15013
15299
15583
15818
16104
16291
16566
16805
17078
17240
17404
17578
17690
17803
17916
18007
18036
18143
18234
18305
18456
18543
18543
18585
18681
18757
18750
18742
18753
18753
18679
18725
18709
18603
18673
18755
18738
18746
18786
18746
18849
18885
18898
18921
18929
18875
18872
18811
18713
18591
18423
18221
18007
17790
17541
17303
17551
16820
17072
16412
16236
16078
15849
15603
15589
15515
15393
15351
15416
15501
15526
15713
15845
15641
16519
16837
17265
17816
18381
18568
19717
20293
20912
21095
22131
22631
23148
23717
24166
24561
25020
24940
25763
26066
26316
26526
26641
26667
26688
26629
26452
26229
25910
25765
25610
25465
25253
25020
24820
24669
24482
24259
24038
23822
23633
23908
23253
23005
22734
22500
22305
22248
22108
22171
22183
21704
21454
21585
21414
21353
21423
21562
21708
21755
21685
20996
19160
20381
20303
20108
