21927
22259
22015
22757
22484
23148
23091
23786
23937
24154
24366
24625
24847
24996
25141
25265
25349
25291
25183
24940
24790
24517
24137
23862
23692
23902
23177
23026
22799
22937
22179
21877
21553
21083
20853
20629
20431
20141
19996
19879
19774
19679
19608
19645
19566
19522
19536
19610
19566
19543
19583
19543
19572
19486
19395
19425
19316
19272
19167
19001
18914
18866
18750
18568
18543
18551
18498
18442
18372
18236
18116
18024
17797
18057
17431
17387
17326
17299
17291
17270
17246
17265
17282
17259
17221
17221
17311
17360
17398
17505
17631
17759
17959
18156
18356
18650
18904
19158
19417
19635
19870
20106
20349
20032
20690
20982
21173
21374
21034
21702
21887
22047
22139
22276
22402
21988
22524
22507
22479
22477
22337
22219
22095
21900
21780
21587
21416
21227
21486
20709
20963
20215
20484
19708
19473
19248
18927
18761
18444
18181
17963
17885
17704
17622
17526
17423
17396
17337
17299
17229
17141
17059
16851
16610
16435
16274
16146
16066
16095
16148
16202
16217
16349
16517
16688
16807
16959
17024
17116
17171
17133
17166
17192
17143
17074
17013
16977
16851
16711
16690
16423
16328
16192
15942
15904
15750
16118
15534
15459
15318
15206
15085
15005
14912
14847
14919
14851
14765
15122
14379
14629
13780
13454
13198
12967
12786
12645
12473
12261
12133
12000
11853
11818
11748
11582
11541
11667
11706
11883
12185
12276
12654
12895
13276
13625
13801
13975
13998
14091
14303
14437
14618
14786
14656
15354
15553
15782
16015
16043
16101
16034
15833
16078
15244
14753
14362
13940
13425
13007
12561
12265
12679
12375
12664
13156
13664
14019
14265
14583
14906
15131
15349
15585
15788
16015
16196
16379
16458
16146
16736
16656
16612
16574
16519
16438
16229
16047
16011
15875
15730
15576
15427
15160
14917
14683
14372
14614
13858
13620
13341
13240
13177
13068
12958
12919
12835
12809
12860
12818
12828
12879
13001
13118
12729
13387
13538
13778
14099
14335
14646
14874
15103
15379
15601
15946
16211
16356
16601
16858
16614
17291
17440
17601
17687
17839
17898
17881
17971
17956
17979
17938
17866
17797
17729
17683
17490
17404
17272
17173
17061
16952
16853
16706
16448
16354
16194
15818
16118
15404
15225
15013
14765
14629
14458
14198
14026
13874
13685
13541
13484
13293
13204
13662
13045
13032
12980
12986
13055
13106
13091
13188
13288
13351
13465
13513
13536
13662
13816
14019
14083
14200
14387
14547
14612
14690
14858
14973
15080
15263
15349
15488
15713
15923
16024
16183
16335
16396
16416
16412
16501
16494
16124
16643
16652
16723
16788
16809
16734
16757
16719
16648
17097
17097
16629
16564
16618
16595
16580
16629
16652
16580
16555
16545
16534
16488
16345
16311
16318
16349
16337
16320
16438
16467
16475
16477
16498
16454
16498
16465
16381
16400
16351
16253
16236
16169
16093
16045
16028
15925
15948
15919
15927
15938
15935
15898
15906
15971
16026
16043
16038
16072
16246
16229
16209
16309
16316
16299
16328
16278
16202
16270
16223
16114
16034
15973
15946
15891
15820
15816
15809
15713
15557
15385
15305
15261
15190
15076
14975
14912
14866
14791
14677
14562
14477
14396
14351
14320
14270
14187
14118
