-462
234
391
454
593
715
860
1082
1164
1267
998
1656
1765
2015
2162
2349
2524
2778
3129
3513
3450
3507
3734
3877
4007
4242
4459
4666
4832
5078
5337
5614
5849
6049
6314
6616
6780
6984
7141
7381
7622
7849
8061
7822
8511
8650
8833
9020
9229
9387
9513
9730
9938
10091
9776
10484
10717
10942
11137
10755
11431
11641
11709
11818
12003
12171
12354
12637
12849
13066
13345
13568
13847
13723
14500
14551
14480
14412
14452
14568
14751
14977
15341
15612
15965
16095
16215
16442
16734
16927
17148
17387
17677
17883
18066
18351
18093
18750
18595
19406
19593
19782
19910
20022
20137
20311
20290
20284
20257
20280
20408
20396
20463
20585
20652
20679
20780
20814
20847
20872
20805
20753
20782
20896
20818
20914
20877
20805
20776
20765
20868
20963
21057
21124
21238
21381
21036
21683
21841
22026
22255
22061
22837
23051
23253
23599
23465
24398
24690
25133
25625
26122
26515
27015
27473
27364
28190
28589
29032
29501
29883
30272
30730
30801
31732
32232
32248
33133
33641
34162
34547
34988
35433
35870
35704
36603
36975
37322
37595
37893
38187
38431
38673
38946
39167
39375
39530
39765
39971
40108
40091
40452
40591
40591
40820
40919
41020
41074
41139
41108
41160
41133
41156
41185
41116
41154
41112
41112
41112
41059
41120
41127
41087
41108
41064
41062
41034
41112
41143
41080
41133
41087
41127
41166
41187
41223
41227
41179
41164
41301
41312
41316
41339
41427
41471
41566
41627
41751
41807
41946
41994
42024
42095
42160
42198
42335
42396
42028
42591
42681
42790
42856
42929
42988
43103
43190
43416
43379
43561
43620
43698
43868
43923
44003
44082
44083
44173
44322
44339
44320
44303
44360
44438
44402
44309
44190
44017
44133
43858
43725
43389
43200
42853
42583
42280
42431
41637
41362
41524
40767
40406
40091
39629
39530
39062
38498
37366
36807
36629
35270
35032
34146
32765
32061
31690
30711
29553
29236
27589
26631
25692
24975
24229
23654
23099
22679
22005
21635
21146
20583
20379
19496
18104
17385
16633
15980
15316
15097
13958
13366
12885
12381
12095
11807
11496
11458
11385
11454
11383
11431
11599
11620
11236
11872
11900
11952
11898
11770
11633
11404
11173
11154
10954
10799
10652
10412
10229
10074
9959
9885
9318
9791
9751
9872
9824
10007
9908
9931
9923
9937
9793
9625
9444
9185
8917
8496
8715
7883
7501
7179
7272
6410
6036
5532
5139
4568
4009
3486
3360
2303
1515
738
62
-686
-1355
-1938
-2646
-3249
-3823
-4348
-4857
-5245
-5521
-5789
-6109
-5888
-6445
-6569
-6607
-6716
-6634
-6529
-6422
-6115
-5718
-5544
-5037
-4621
-4174
-3724
-3216
-2741
-2224
-1686
-1273
-831
-352
-451
423
818
1192
979
1734
1473
2175
2246
2488
2589
2742
2769
2788
2921
2851
2835
2799
2784
2713
2692
2555
2490
2366
2370
2278
2278
2213
2089
2143
2160
2076
2074
2175
2213
2303
2541
2828
2979
3110
3425
3620
3860
4232
4511
4811
5106
5465
5427
5895
6761
6851
7645
8003
7833
8312
8809
9595
10055
10622
11038
11545
12177
12744
13431
14080
14791
14669
15229
16389
16690
17080
17765
18047
18217
18688
18671
19656
19593
20395
20845
21145
21055
21969
22341
22396
22692
22887
23110
23194
22973
23788
24290
24555
25167
25700
26230
26408
27599
28475
29167
30028
30656
31421
31767
33114
33919
34274
35603
36368
36979
37608
38072
38536
39045
39374
39847
40179
40087
40948
41316
41979
42719
43007
43883
44278
44833
45322
45818
46259
46562
46948
47280
46912
47660
47917
48047
48242
48270
48479
48589
48669
48702
48776
48774
48891
49146
49154
49215
49158
49032
48942
48767
48622
48377
48208
48061
47791
47627
47854
47208
47001
46805
46568
46217
46408
45652
45893
45234
44986
44711
44576
44391
44085
43614
43272
42854
42307
41862
41406
40904
40362
39860
39263
38637
38496
37450
37007
36583
36211
35898
35589
34992
34299
34662
33364
32507
32093
30515
29383
28410
27383
26717
25769
24824
23830
22561
21797
20793
20330
19793
19358
18839
18383
18540
17704
17366
16975
16696
16393
16570
16101
15335
14975
14450
14020
14162
13307
13019
12772
12515
12339
12223
12076
11982
11923
11801
11658
11551
11290
11133
10885
10603
10442
10196
9883
9505
9225
8816
8446
8011
7566
7223
7229
6467
5885
5454
4923
4854
4370
3307
2654
2072
1375
807
104
-480
-575
-1691
-2334
-2823
-2978
-4008
