19501
18822
19013
18561
17234
16940
16875
16780
16713
16631
16601
16465
16490
16129
16746
17078
17389
17730
18152
18524
18875
19267
19538
19891
19984
19992
19948
19667
19421
19318
19145
19528
18971
18826
18805
18645
18503
18389
18196
17992
17875
17654
17496
17442
17311
17335
17404
17377
17475
17498
17625
17635
17696
17698
17822
17895
17904
17940
17910
17938
18019
18038
18047
18053
18068
18080
18219
18265
18395
18078
18688
18700
18769
18788
18664
18566
18505
18398
18257
18299
18303
18267
18360
18471
18637
18799
18992
19261
19450
19591
19675
19770
19770
19763
19671
19503
19318
19230
19227
19183
19085
19053
19167
19257
19370
19450
19500
19627
19734
19906
19549
20244
20389
20660
20833
20988
21074
21093
21085
21087
21068
21076
21135
21166
21229
21354
21020
21702
21803
21906
22146
22196
22259
22267
22293
22280
22232
22087
22454
21872
21587
21244
21494
20744
20965
20353
20322
20330
20345
20284
20297
20414
20396
20543
20528
20438
20482
20446
20038
20553
20511
20576
20702
20799
20963
21187
21416
21574
21822
22053
22278
22547
22790
22935
23026
23141
23200
23221
23200
23188
23284
23425
23484
23574
23700
23582
23557
21301
24083
25007
24858
23692
23278
22700
22293
22085
21677
21395
21242
21187
21360
21727
22190
22837
23358
23870
24001
25078
25488
25790
25948
25967
25956
25902
25807
25641
25404
25150
24927
24559
24309
24068
23782
23479
23152
22723
22299
21883
21402
21458
20996
20484
19564
19169
18782
18488
18291
18137
18152
18152
18232
18393
18526
18673
18919
19183
19421
19662
19559
20456
20912
21324
21772
22227
22799
23263
23772
24270
24832
25269
25656
26019
26316
26578
26845
26958
27024
27051
27116
27064
27005
26969
26849
26648
26833
26083
25805
25469
25103
24732
24293
24395
23479
23055
22706
22293
21893
21950
21106
20765
20393
20087
19751
19456
19272
19133
18914
18742
18717
18664
19045
18486
18494
18465
18414
18421
18444
18465
18091
18667
18782
18977
19139
19427
19891
20204
20211
20330
20471
20585
20761
20992
21221
21379
21488
21398
21288
21238
21185
21139
21041
20849
20654
20998
20393
20236
20091
19875
19706
19463
19257
19110
18889
18645
18223
18038
17856
17675
18068
17511
17465
17419
17351
17280
17234
17145
17068
16895
16856
16772
16828
16757
16746
16736
16641
16561
16530
16553
16452
16524
16536
16625
16717
16883
17001
17194
17284
17362
17511
17610
17721
17853
18001
17614
18347
18511
18608
18696
18662
18599
18564
18444
18318
18103
17910
17784
17790
17784
17624
17419
17562
16698
16395
16251
16007
15807
15704
15658
15583
15404
15253
15620
15011
14872
14843
14767
14809
14740
14759
14835
14891
14837
14919
14933
14954
14933
14935
15116
15041
15083
15051
15005
15007
14944
14879
14881
14870
14870
14795
14744
14727
14694
14547
14353
13973
12801
12763
12793
13906
14141
14492
14889
15198
15459
15683
15906
16145
16946
16883
16837
16692
16576
16559
16583
16540
16580
16574
16576
16547
16412
16312
16215
16074
15956
15912
15772
15824
15864
16036
16173
16395
16702
16954
17244
17482
17719
17944
17595
18200
18341
18475
18555
18683
18809
18975
19082
19162
19261
19383
19498
