20748
20830
20875
20864
20875
20528
21106
21288
21019
21833
22208
22612
22853
23219
23557
23860
24141
24307
24738
25400
25770
26141
25916
26616
26671
26746
26717
26687
26748
26864
26261
26202
26112
26074
26051
25990
26000
25967
25910
25914
25965
25896
25793
25744
25660
25555
25444
25351
25190
25366
24534
24257
24124
23959
23961
24022
24097
24221
24374
24454
24534
24622
24696
24719
24677
24679
24734
24763
24851
24853
24843
24429
24969
25051
25097
25146
25229
25337
25469
25580
25822
25973
26066
26229
26295
26236
26332
26438
26740
26900
27131
27333
27520
27736
27358
27889
27937
27954
27902
27776
27700
27633
27591
27494
27412
27343
27200
27043
26881
26687
26450
26265
25946
25677
25452
25253
25083
24944
24709
24645
24557
24450
24906
24337
24381
24396
23948
24494
24593
24736
24858
25093
25309
24919
25610
25872
26022
26209
26414
26608
26784
26824
27028
27127
27225
27286
27391
27366
27368
27454
27427
27311
27248
27190
27053
26969
26961
26717
26706
26534
26404
26860
26206
26064
25942
25791
25662
25578
25530
25875
25236
25181
25017
24883
24690
24561
24900
24183
24032
24412
23765
23471
23345
23209
23099
23431
22874
22782
22673
22618
22608
22633
22541
22639
22736
22753
22776
22793
22862
22938
23022
23085
23101
23137
23158
23293
23290
23288
23290
23290
23297
23272
23232
23177
23112
23047
23446
22801
22666
22593
22429
22278
22145
21912
21782
21568
21320
21108
21471
20750
20347
19881
19622
19125
18956
18814
18540
18351
18559
17860
17841
17803
17956
18038
18137
18276
18375
18709
18965
19070
19055
18937
19028
18269
17946
17721
17532
17341
16883
16490
16007
15479
15038
14677
14452
14524
14398
14282
14646
14091
14045
14106
14194
14425
14574
14188
14841
14917
15139
15211
15492
15591
15746
15969
16223
16419
16709
16833
17078
17221
17265
17324
17166
16912
16851
16635
16431
16272
16274
16351
16589
16860
17175
17471
17696
17843
18066
18106
18190
18116
18026
17706
17454
17158
16992
16127
15780
15463
15270
15181
17208
17503
17937
18116
19396
19685
20036
21001
20181
19793
20003
19536
18568
17833
17391
16501
15624
14339
13757
13284
12975
13171
12509
12227
13108
13303
14641
15171
16242
17307
18143
19454
20223
20919
21681
22333
22717
23095
23265
23244
23049
22824
22677
22479
22101
21643
21227
20765
20341
20209
20484
19675
19297
18820
18477
18250
18053
18005
18133
18288
18366
18412
18341
18543
17807
17618
17280
17257
17032
16992
16925
16828
16677
16618
16503
16450
16387
16387
16599
17125
18431
18606
19961
20517
20898
21431
21784
21515
22179
22270
22278
22127
22209
21648
21562
21414
21412
21482
21730
22179
22755
23374
24265
24536
25635
26009
26204
26290
26368
25480
25080
24677
24219
24379
23454
23003
22660
22410
22330
22116
21929
21633
21438
20940
19959
19570
19192
19000
18757
19036
18351
18517
17986
18118
18332
18505
18635
18780
18862
18883
18772
18847
18875
18767
18729
18673
19043
18719
18816
19307
19679
20343
20910
21103
22351
22475
23643
24215
24977
25948
25929
26713
26828
26793
26711
26459
24860
23833
23139
22896
21820
21162
20599
20242
19925
19624
19444
19154
19116
19540
