1881
1979
2099
2238
2345
2366
2482
2646
2721
2845
2994
3099
3177
3259
3353
3486
3658
3683
3461
3977
4064
4303
4356
3912
4471
4566
4713
4786
4824
4967
5051
5141
5353
5410
5423
5576
5704
5776
5969
6066
6312
6372
6496
6589
6669
6963
7003
7106
7187
7309
7465
7528
7480
7513
7603
7730
7770
7811
7790
7786
7851
7887
7988
7954
8087
8005
8118
8095
8131
8211
8246
8257
8322
8269
8297
8320
8782
8255
8297
8238
7837
8267
8393
8410
8564
8494
8625
8715
8818
9011
9227
9412
9562
9316
9980
10156
10463
10637
10929
11124
11314
11593
11793
12059
12309
12568
12858
13072
13297
13643
13912
14223
14461
14816
15141
15496
15854
16217
16160
17064
17396
17816
18177
18141
19047
19473
19853
20410
20912
21267
21637
22179
22582
23049
22980
23545
24425
24858
25246
25713
26106
26479
27011
27463
27927
28227
28618
29127
29461
29904
30427
30860
31167
31475
31854
31788
32679
33116
33696
34194
34984
35610
36070
36171
37375
37900
38587
39074
39660
40347
40923
41082
42141
42627
43175
43583
43490
44297
44007
44750
44893
45116
45238
45347
45509
45522
45591
45570
45646
45700
45799
45959
46011
46057
46082
46043
46009
45988
45946
46020
46034
46070
46049
45874
45893
45824
45524
45416
45221
45028
44912
44599
44303
44108
43879
43645
43925
43183
43438
42753
42965
42291
42062
41870
41723
41526
41442
41270
41217
41072
41005
40841
40734
40624
40500
40454
40282
40129
40001
39862
39751
39490
39225
38969
38872
38507
38225
37895
37467
37221
36961
36643
36234
35860
36114
35303
35000
34729
34505
34238
33893
33713
33375
33301
33166
32767
32551
32148
31952
31795
31551
31272
31141
30870
30591
30406
30043
29748
29511
29788
29020
28824
28580
28335
28015
27675
27828
27024
26089
25845
25372
24490
24064
23486
22973
22532
22124
21652
21229
20816
20408
20473
19591
19240
18845
19034
18190
17805
18000
17229
16954
16788
16486
16238
16062
15746
15555
15284
15007
14803
15106
14450
14171
14049
13942
13790
14154
13520
13372
13215
13072
12853
13188
12559
12461
12370
12257
12106
11969
11885
11732
11572
11429
11379
11124
10961
10853
10696
10671
10517
10347
10295
10188
9979
9929
9667
9587
9452
9685
10099
10047
9914
9603
9345
8935
8654
8326
8040
7782
7349
7064
7297
6658
6301
5977
5677
5419
5164
5370
4433
4062
3545
3043
2461
1780
1307
603
469
-754
-1417
-2058
-2644
-3264
-3836
-4291
-4695
-5170
-5460
-5735
-5991
-6216
-5880
-6541
-6617
-6634
-6693
-6646
-6724
-6602
-6552
-6533
-6474
-6827
-6449
-6418
-6285
-6327
-6231
-6245
-6084
-6035
-5823
-5676
-5508
-5474
-5304
-5125
-4962
-4825
-4707
-4523
-4434
-4880
-4365
-4333
-4266
-4235
-4205
-4142
-4084
-4092
-3955
-3949
-3960
-3913
-3915
-3976
-3968
-4023
-4041
-4065
-4218
-4256
-4252
-4298
-4346
-4474
-4529
-4438
-4428
-4430
-4407
-4352
-4186
-4006
-3798
-3594
-3334
-3092
-2890
-2646
-2497
-2268
-2153
-2432
-1783
-1598
-1489
-1390
-1233
-1056
-886
-764
-546
-256
-115
213
330
530
711
906
1057
1204
1463
1603
1833
2076
2253
2017
2675
2839
3007
3183
2937
3582
3713
3459
4185
4379
4541
4685
4843
5108
5255
5372
5572
5784
5877
5986
6208
6368
6557
6729
6982
6914
8055
8608
9116
9513
10087
10482
10937
11578
12122
12250
13280
13786
13719
14616
14992
15309
15515
15811
16103
16284
16503
16675
16820
17036
17263
17490
17858
18156
18158
19026
19097
20015
20408
20721
21164
21606
21935
22297
22589
23026
23362
23732
24221
24614
25074
25343
25727
26166
26593
27089
27585
29003
29576
30162
30667
31166
31679
32175
32688
33217
33694
34141
34604
35028
35492
35833
35708
36177
36984
37446
37858
37700
38568
38927
39263
39083
39847
40148
40372
40618
40832
40616
41274
41496
41597
41757
41856
42007
42120
42194
42265
42370
42017
42610
42751
42818
42944
43473
42866
43173
43108
43246
43213
43208
43307
43188
43215
43242
43024
43049
42835
42738
42574
42538
42261
42080
41870
41545
41270
40889
40421
40070
39664
39341
38912
39076
38593
37767
37381
37604
36662
36410
35963
35729
35349
35003
35150
34322
34020
33727
33467
33116
32799
32408
32072
31639
31725
31244
30309
30274
29356
28996
28562
28767
27923
27706
27501
27316
27099
26944
26740
26526
26272
25927
25562
25066
24524
24072
23461
23374
22208
21633
21070
20990
19917
