1307
1375
1463
1520
1624
1648
1646
1751
1811
1828
1923
2049
2101
2085
2152
2187
2400
2330
2364
1969
2488
2479
2536
2553
2624
2656
2717
2706
2736
2717
2795
2883
2875
2814
2797
2811
2898
2864
2961
2994
3064
3082
3221
3234
3326
3402
3482
3564
3654
3727
3753
3782
3872
3830
3860
3809
3826
3765
3788
3692
3719
3582
3553
3494
3416
3393
3379
3219
3219
3000
2956
2870
2715
2601
2927
2364
2265
2146
2104
2431
1931
1889
1883
1471
2433
1952
2103
2053
2269
2423
2540
2755
2877
3120
3291
3570
3778
4055
4291
4461
4685
4938
5194
5479
5683
5963
6301
6484
6769
7125
6870
7748
7994
7822
8612
8908
9213
9486
9875
10179
10452
10318
11152
11564
11872
11730
12534
12269
13074
13440
13204
14043
14326
14616
14961
15196
15473
15750
15988
16229
16488
16715
16958
17280
17469
17719
17937
17595
18354
18396
18076
18671
18774
18879
18935
19047
19146
19244
19301
19412
19580
19627
19675
19874
19908
20020
20106
20227
20406
20620
20854
20566
21375
21622
21925
22062
22368
22564
22826
23087
23400
23566
23908
24103
23980
24666
24952
25259
25528
25832
26072
26305
26517
26717
27074
27219
27624
27795
28059
28274
28446
28742
28914
29217
29379
29650
29879
30217
30345
30643
30318
31032
31158
31305
31513
31753
31896
32036
32286
32414
32643
32784
33005
33129
33358
33496
33660
33755
33908
34040
34154
34261
34425
34538
34776
34929
35135
35280
35459
35601
35782
36045
36223
36358
36562
36748
36902
37026
37190
37387
37519
37652
37793
37900
38009
38019
38074
38181
38288
38305
38309
38322
38341
38324
38442
38408
38549
38572
38641
38660
38692
38746
38818
38917
38919
38975
39047
38977
39185
39145
39332
39330
39335
39360
39406
39498
39097
39610
39690
39547
39597
39639
39595
39524
39576
39601
39612
39561
39593
39601
39534
39473
39416
39198
39022
38959
38667
38511
38353
38353
38345
38230
38162
38045
38028
37770
37482
37396
37305
37040
36786
36459
36236
36020
35849
36133
35440
35230
35074
34937
34736
34486
34270
34076
33900
33732
33438
33078
32690
32704
32570
32517
32337
31881
31519
30866
30431
30036
29633
29417
29791
29160
28925
28543
28011
27589
26965
26456
25956
25469
25345
24215
23694
23104
22557
21816
21377
20872
20381
19923
19442
18984
18490
18061
17666
17299
16868
16479
16146
15811
15479
15622
14858
14582
14316
13982
13755
13564
13251
13124
13020
12900
12807
12729
12646
12473
12562
12509
12423
12324
12253
12124
11961
11820
11692
11543
11337
11146
11009
10738
10635
10442
10291
10055
9805
9524
9299
8868
8511
8198
7942
7702
7383
7177
6919
6608
6383
5988
5671
5291
4958
4683
4272
3971
3625
3316
2845
2469
2072
1641
1099
799
297
-104
-485
-896
-1176
-1483
-1840
-2170
-2500
-2722
-2789
-3104
-3231
-2957
-3541
-3680
-3863
-3859
-3983
-4016
-4147
-4125
-4241
-4375
-4378
-4476
-4626
-4640
-4731
-4768
-4812
-4882
-4781
-4875
-4930
-4957
-4993
-4972
-5002
-4941
-4941
-4915
-4418
-4945
-4848
-4945
-4848
-4980
-5039
-5105
-5188
-5344
-5485
-5514
-5659
-5739
-5768
-5773
-5655
-5674
-5491
-5340
-5275
-5104
-4987
-4892
-4728
-4628
-4415
-4315
-4210
-4096
-3999
-4100
-3968
-3989
-4037
-4151
-4231
-4289
-4363
-3911
-4554
-4508
-4707
-4688
-4735
-4689
-4707
-4710
-4604
-4642
-4567
-4462
-4472
-4388
-4275
-4159
-3993
-3810
-3605
-3432
-3260
-3086
-2871
-2710
-2880
-2163
-1894
-1640
-1375
-1069
-1426
-621
-428
-239
85
278
484
624
858
1082
1288
1517
1732
1883
2043
2246
2330
2578
2763
2864
3051
3229
3257
3425
3522
3603
3709
3944
4064
4263
4362
4604
4799
4954
5114
5343
5553
5694
5408
6089
6349
6429
6622
6910
7043
7064
7318
7593
7597
7633
7333
7896
8116
8416
8753
9009
9406
9305
10091
10387
10681
10858
11019
11215
11372
11561
11238
11818
11980
12188
12519
12803
13137
13507
13902
14362
14793
15272
15799
16385
16950
17190
18316
18967
19167
20389
21129
21820
22057
23206
23469
24643
25330
26114
26421
27610
27862
28961
29597
30179
30706
30824
31998
32524
33110
33284
34404
35020
35538
35975
36354
36809
37125
37515
37704
38070
38450
38750
38604
39511
39853
40267
40580
41013
41406
41816
42217
42049
42923
43230
43536
43748
43961
44156
44393
44547
44633
44801
44826
44864
44851
44872
44853
44824
44669
44683
