16782
16881
17068
17320
17526
18036
19221
19610
19893
20196
20501
22975
22782
22555
22360
22309
22154
21954
21576
21204
20833
20963
20272
20446
20599
20809
21116
21471
21708
22064
22385
22916
22980
23826
24070
24400
24761
25043
25366
25654
25885
26099
26347
26442
26488
26574
26627
26673
26790
26868
26849
26904
26973
27051
27038
27085
27141
27034
26879
26778
26582
26408
26160
26059
26116
26358
25417
25116
25377
24681
24570
24469
24383
24190
24101
24057
24423
23639
23337
23041
22929
21095
20961
21062
20772
21005
20395
20364
20345
20375
20463
20625
20748
20856
20912
20925
20895
20858
20866
20791
20748
20748
20753
20759
20778
20904
21030
21026
21104
21118
21202
21309
21276
21284
21375
21341
21364
21400
21017
21536
21570
21593
21736
21751
21753
21769
21845
21910
21925
21944
21986
21994
22053
22082
22076
22068
22139
22196
22183
22227
22295
22274
22253
22227
22192
22143
22112
22076
21925
21854
21809
21711
21675
21528
21461
21333
21167
21074
20904
20688
20519
20303
20097
19870
19690
19500
19314
19185
18992
18778
18645
18503
18393
18251
18001
17858
17750
17593
17524
17450
17404
17337
17354
17326
17377
17389
17395
17440
17494
17114
17671
17730
17811
17885
17940
17959
17910
17902
18015
18057
18190
18286
18322
18358
18538
18541
18643
18625
18673
18685
18671
18635
18667
18601
18570
18541
18507
18494
18459
18351
18286
18322
18259
18099
17940
17814
17723
18062
17459
17322
17295
16669
16746
16704
16788
17181
17250
17417
17559
17664
17736
17786
17524
17339
17557
16860
17074
16456
16353
16166
16604
16051
15881
15666
15459
15059
14748
14435
14101
13830
13534
13343
13204
13232
13229
13143
13057
12942
12843
12591
12475
12425
12339
12301
12297
12293
12301
12435
12498
12545
12561
12566
12681
12807
12799
12811
12879
12950
12944
12963
13030
13020
12917
12965
12986
12853
12862
12845
12862
12925
12933
13001
13070
13085
13148
13227
13225
13211
13150
13078
13026
12969
12881
12851
12782
12732
12614
12458
12362
12314
12158
11950
11801
11677
11501
11293
11082
10971
10830
11234
10706
10677
10270
10900
11017
11089
11190
11314
11267
11708
11717
11164
11036
11026
10877
10748
10658
10505
10366
10223
10057
9914
9807
9589
9469
9467
9326
8795
9349
9299
9358
9490
9612
9679
9286
9925
10173
10536
11003
11475
11284
12175
12221
13217
14971
15225
15498
15732
15841
15956
15961
15904
15828
15582
15408
15173
14818
15116
14272
14051
13807
13566
13343
13082
12765
12448
12681
11927
12204
11454
11337
11225
11314
11528
11244
11959
12276
12540
12893
13324
13240
14135
14624
14992
15385
15748
16047
16408
16698
16895
16635
17282
17377
17576
17750
17814
17879
17849
17826
17818
17740
17543
17404
17148
16946
16765
16492
16261
16034
15780
15566
15299
15101
14912
14727
14551
14440
14402
14293
14152
14145
14148
14110
14103
14145
14141
14204
14311
14244
14414
14597
14437
14459
14593
14169
14786
14963
14658
15324
15496
15622
15763
15854
15977
16187
16276
16417
16467
16505
16528
16538
16540
16572
16593
16608
16633
16652
16690
16711
16698
16681
16694
16698
16681
16681
16685
17085
16395
16236
16162
