19099
18568
18156
17738
17301
16929
16509
16574
16116
15209
14828
14538
14639
13770
13396
13112
12769
12473
12687
11956
11780
11553
11240
11011
10858
10618
10303
10055
10219
9360
8959
8562
8162
8295
7395
7055
6677
6351
6059
5740
5494
5209
4965
4683
4547
4316
4158
3988
3868
3751
3748
3736
3675
3532
3454
3891
3326
3217
3045
2942
2841
2673
2538
2332
2227
2125
2045
1832
1893
1736
1633
1547
1555
1952
1433
1333
1286
1225
1101
1131
980
883
776
603
625
440
370
211
206
72
-21
108
-174
-77
-199
-113
-357
-459
-44
-646
-903
-1050
-1117
-1443
-1743
-2050
-2329
-2741
-3035
-3375
-3646
-3861
-4205
-4514
-4752
-5021
-5207
-5426
-5613
-5661
-5813
-5907
-5918
-5985
-6037
-6037
-6048
-6006
-5991
-5997
-5941
-6344
-5817
-5750
-5735
-5707
-5672
-5617
-5655
-5705
-5649
-5657
-5571
-5478
-5396
-5836
-5317
-5128
-5128
-5035
-4909
-4854
-4836
-4647
-4647
-4476
-4386
-4197
-4096
-3934
-3651
-3604
-3411
-3275
-3147
-3014
-2846
-2852
-2663
-2586
-2930
-2325
-2184
-2004
-1896
-1726
-1655
-1552
-1367
-1270
-1098
-943
-840
-710
-529
-476
-319
-113
80
270
402
582
688
828
498
1091
1250
1427
1583
1660
1851
2034
2133
2244
2375
2515
2589
2759
2832
2828
2912
3110
3135
3177
3269
3337
3402
3496
3599
3604
3717
3826
3830
3956
4043
4139
4171
4255
4267
4408
4479
4553
4576
4641
4786
4761
4830
4940
4965
5045
5141
5166
5253
5320
5473
5549
5612
5717
5807
5946
6032
6076
6196
6410
6658
6824
7000
7145
7269
7498
7616
7805
7944
8167
8341
8541
8320
8824
9614
9461
10141
10595
11124
11532
12032
12568
12988
13486
13963
14396
14940
15278
15778
15641
16576
17009
17480
17906
18299
18150
19007
19251
19112
19921
20230
20517
20847
21219
21045
21841
22097
22471
22753
23061
23244
23633
23511
24347
24614
24515
25358
25769
26139
26646
27156
27637
28049
28666
29177
29330
29889
31028
31568
32118
32297
32814
33975
34622
34738
35881
36437
36988
37513
37919
38400
38748
39049
39341
39089
39906
40173
40467
40755
41013
41259
41488
41812
41990
42261
42398
42706
42505
43387
43610
43917
44221
44412
44616
44853
45019
45349
45666
45832
46062
46116
46358
46494
46494
46450
46427
46370
46259
46250
46085
46070
46135
46057
46146
46095
46183
46068
45839
45673
45511
45364
44992
44532
44154
43730
43305
42832
42307
41874
41435
40895
41028
39986
40032
39118
38833
38404
37961
38038
36958
36486
35969
35501
34952
34501
34154
33244
33209
32335
31845
31307
30797
30770
29891
29593
29194
29311
28387
28026
27635
27832
27028
26744
26179
26295
25828
24837
24299
24360
23377
22793
22267
21736
21185
20587
20078
19931
19467
19026
17956
17986
17015
17032
16127
16026
14885
14477
14030
14118
13650
12782
12356
11889
11282
11204
10116
9534
8996
8538
8053
7753
7591
7450
7435
7177
7049
6891
6786
6591
6370
6133
6335
5721
5219
5196
4975
4765
4614
4286
4274
4131
4041
4360
3866
3814
3755
3637
3583
3520
3520
3364
3391
3312
3152
3019
2858
2824
2677
2555
2570
2501
2919
2345
2290
2158
2043
1812
1698
1187
1154
923
530
339
87
-65
-184
-283
-18
-642
-760
-1096
-1281
-995
-1775
-1518
-2285
-2401
-2602
-2810
-2472
-3000
-2991
-3037
-2941
-2949
-2857
-2798
-2825
-2764
-2699
-2697
-2680
-2548
-2396
-2199
-2123
-2405
-1730
-1523
-1369
-1289
-1193
-1121
-1109
-1090
-1172
-1308
-1380
-999
-1604
-1724
-1771
-1888
-1934
-1941
-1485
-2014
-2042
-2153
-2188
-2235
-2165
-2094
-2041
-2426
-1812
-1684
-1569
-1514
-1380
-1292
-1107
-1023
-770
-638
-518
-340
-230
-125
-41
-27
83
103
227
307
391
26
564
582
547
652
667
723
681
778
778
853
906
864
916
818
870
791
860
914
891
895
1011
1080
1150
1192
1353
1406
1543
1696
1807
1994
2200
2427
2545
2862
3120
3303
3541
3799
4097
4332
4490
4688
4812
4912
4984
4988
5040
5087
5198
5269
5559
5599
5938
6198
6404
6597
6358
7124
7398
7349
7358
8269
8687
9192
9597
9908
10120
10419
10627
10938
11087
11278
11280
11404
11551
11576
11679
11805
11921
12034
12192
12190
12301
12459
12543
12740
12893
13055
13255
13408
13583
13732
13969
13704
14522
14719
15000
15366
15744
