19190
19095
18872
18847
18690
18540
18404
18208
18177
18087
18051
17982
17874
17912
17853
17744
17641
17568
17517
17444
17272
17131
17007
16769
16631
16448
16217
15946
15643
15349
14883
14459
14047
14164
13643
12862
13166
12320
12034
11646
11257
10793
10309
9816
9303
9276
8786
7757
7133
6595
5902
5822
4751
4202
3608
3351
2206
1557
1444
889
-56
-457
-760
-1071
-1373
-1527
-1621
-2138
-2149
-2340
-2489
-2554
-2571
-2592
-2647
-2502
-2577
-2609
-2581
-4752
-2932
-1903
-2155
-2163
-1991
-1821
-1712
-1756
-1752
-1754
-1724
-1667
-1592
-1634
-1678
-1659
-1613
-1615
-1689
-1661
-1665
-1730
-1770
-1707
-1741
-1783
-1798
-1823
-1806
-1867
-1955
-2060
-2081
-2123
-2283
-2361
-2514
-2668
-2670
-2894
-2884
-3254
-3350
-2951
-3615
-3850
-4018
-4176
-3915
-4497
-4794
-4978
-5168
-4896
-5640
-5922
-6079
-6275
-6441
-6642
-6758
-6819
-6951
-6970
-6901
-6968
-6917
-6831
-6771
-6735
-6640
-6537
-6489
-6451
-6256
-6071
-5997
-6338
-5710
-5583
-5468
-5292
-5046
-4819
-4688
-4487
-4258
-4008
-3825
-3556
-3312
-3000
-2741
-2863
-2172
-1836
-1607
-1319
-1063
-848
-722
-604
-418
-233
-459
284
522
916
1263
1559
1887
2171
2511
2864
3043
3177
3286
3391
3498
3562
3612
3688
3776
3971
4156
4368
4541
4706
4851
5108
5146
5312
5498
5540
5601
5748
6057
6307
6461
6637
6908
7085
6853
7332
8055
8301
8517
8354
9122
9446
9681
10013
9776
10570
10946
11200
11417
11988
11837
12515
12627
12908
13175
13469
13221
13961
13690
14416
14755
15009
15198
15580
15877
16022
16353
16652
16870
17196
17479
17681
17971
18246
18509
18841
19137
19400
19641
19973
20278
20490
20835
20541
21257
21028
21782
21977
22242
22553
22761
23019
23192
23448
23711
23925
24200
24454
24721
24961
25236
25520
25770
26078
26337
26656
26387
27217
27480
27723
28007
28269
28601
28931
29219
29572
29360
30164
30459
30738
31020
31347
31641
32053
31788
32706
33034
33307
33562
33961
33755
34479
34685
34896
35148
35406
35633
35856
35927
36145
36280
36372
36465
36549
36662
36730
36715
36616
36608
36614
36786
36912
36898
36828
36830
36933
36998
36948
36923
36811
36908
36866
36860
36761
36755
36158
36534
36421
36639
35874
36116
34979
34511
34089
33612
33343
33166
33026
33001
32996
33091
33208
33412
33425
33572
33708
33772
33940
34024
34087
33734
34240
34496
34603
34664
34820
34996
35269
35433
35513
35576
35759
35805
35864
35948
35862
35902
35898
35891
35919
35769
35782
35906
35811
35778
35761
36139
35568
35402
35259
35225
34799
35154
34227
33839
33291
33215
32129
31595
30980
30494
30074
29503
28906
28744
27702
27110
26448
25786
25032
24496
24366
23910
22864
22278
21639
21479
20295
19646
19486
18301
17797
17229
16967
17061
16532
15790
15570
15272
14959
14687
14480
14093
13795
13326
12965
12505
12051
11786
11358
11120
10870
10671
10658
10484
10330
10299
10154
10005
9845
9723
9467
8797
8580
8616
8146
8242
7421
7074
6736
6412
6129
5877
5589
5284
4896
4585
4221
3839
3356
2935
2925
2080
1761
1419
1116
1414
797
597
370
196
38
-151
-287
-441
-4
-747
-861
-938
-922
-1039
-974
-936
-930
-689
-653
-602
-743
-735
-777
-894
-1020
-1044
-1170
-1264
-1325
-1407
-1453
-1560
-1688
-1689
-1773
-1819
-1905
-1983
-2021
-2090
-2161
-2210
-2241
-2247
-2298
-2231
-2252
-2308
-2300
-2264
-2226
-2329
-2369
-2382
-2302
-2354
-2418
-2350
-2405
-2928
-2924
-2584
-2634
-2621
-2590
-2518
-2558
-2514
-2600
-2558
-2640
-2623
-2665
-2655
-2604
-2552
-1989
-2449
-2399
-2237
-2165
-2044
-1844
-1636
-1945
-1313
-1199
-1430
-815
-653
-581
-334
-48
204
515
778
1043
1259
1463
1624
1851
1963
2087
2062
2250
2269
2333
2290
2417
2000
2793
2456
2990
3112
3208
3177
3074
3192
3240
3343
3389
3559
3719
3700
3746
3748
3746
3750
3669
3610
3538
2940
3393
3353
3270
3141
3141
3066
3024
2996
2994
2467
2916
2442
2921
2847
2914
2881
2952
3104
3248
3395
3471
3812
4091
3916
4723
5083
5459
5377
6278
6704
7127
7645
8062
8500
9061
9599
10139
10591
11045
11488
11944
12198
12574
12937
13175
13372
13635
13931
14154
14459
14629
14895
15080
15276
15574
15729
16064
16255
16454
16562
16896
17164
17389
17114
17730
17988
18114
18314
18524
18805
18982
19125
19391
