55517
55524
55606
55782
55900
56118
56236
56312
56377
56540
56713
56656
56635
56639
56541
56484
56265
55482
55020
54395
53845
53669
52454
52211
51120
50419
49725
49034
48152
47490
47339
46026
45211
44290
43528
42868
42240
41965
40578
39715
38942
37276
36454
35020
33276
31984
30841
30242
28404
27543
27248
25902
25171
24877
23652
23217
22713
22091
21973
21452
20242
19658
19059
18433
17927
18026
16961
16345
16059
15788
15366
14763
14181
13751
13288
12853
12589
12234
12122
11906
11809
11627
11282
11047
10755
10473
10122
9667
9343
9135
8885
8599
8391
8211
7931
8297
7629
7559
7492
7362
7217
7013
6757
6414
6139
5751
5830
4929
4471
3921
3515
3000
2471
2057
1601
1175
738
280
-73
-16
-878
-1125
-1428
-1516
-1661
-1730
-1750
-1730
-1722
-1724
-1584
-1516
-1491
-1510
-1466
-1388
-1371
-1346
-1275
-1298
-1239
-1254
-1245
-1256
-1212
-1199
-1222
-1226
-1310
-1397
-1390
-1481
-1579
-1667
-1699
-1760
-1836
-1497
-2006
-2199
-2331
-1970
-2617
-2840
-3023
-3210
-3312
-3495
-3558
-3457
-3810
-4012
-4130
-4210
-4354
-4346
-4250
-4319
-4140
-4354
-3487
-3125
-2642
-2165
-1703
-1359
-1354
-1084
-890
-750
-407
-560
-661
-609
-1403
-2817
-2247
-2523
-2100
-1243
-886
-514
-371
-480
471
891
1041
2221
3116
3526
4473
5824
6776
7620
8456
9192
9864
10660
11211
11961
12429
13015
12761
13562
13980
14490
14963
15507
16064
16673
17301
17862
18473
19041
19713
20288
20534
21929
22742
23347
24127
24477
25639
26339
26433
27486
28019
28526
28979
29291
29589
29917
30242
30551
30940
31103
31479
31744
32160
32360
32685
32942
33286
33549
33769
34217
34375
34812
35076
35416
35177
35916
35692
36423
36488
36673
36887
37080
37286
37438
37702
37912
38146
38414
38667
38872
38637
39354
39616
40303
40421
40520
40711
40809
40570
41099
41240
41383
41072
41750
42051
42198
42528
42759
43066
43396
43725
44064
44284
44488
44723
44828
44463
44996
45190
45414
45490
45509
45685
45709
45723
45671
45637
45513
45318
45209
45417
44702
44937
44173
43923
43633
43267
43171
42738
42379
41912
41414
40845
40381
39757
39347
38887
38458
38187
37738
37381
37169
36858
36589
36349
36196
35944
35580
35343
35011
35070
34624
33723
33141
32555
31803
31614
30603
30070
29811
29778
29267
28366
27895
27757
26759
26408
26255
25986
25946
25761
25578
25881
25020
25383
24503
24160
23742
23919
23412
22956
22446
21498
21469
20370
20437
19467
18965
18587
18192
17826
17509
17494
16774
16435
16143
15935
15738
15576
15429
15259
14925
14799
14343
14020
13709
13332
12946
12547
12110
11641
11675
10774
10272
9801
9379
8929
8463
7998
7553
7064
6551
6095
5620
5164
4742
4248
3757
3812
3398
2883
2124
1715
1538
1320
1066
904
700
528
423
227
78
-480
-151
-302
-371
-470
-550
-632
-726
-752
-834
-922
-915
-966
-957
-1018
-1035
-1464
-1004
-924
-922
-894
-924
-875
-844
-758
-733
-647
-539
-12
-449
-357
-342
-193
-94
53
118
131
183
347
368
419
511
599
639
755
898
1093
1139
1253
990
1616
1791
1944
2133
2242
2351
2511
2543
2715
2904
3041
3312
2946
3793
4000
4246
3935
4624
4879
5118
5305
5458
5654
5814
6026
6507
6744
7124
7532
7885
7719
7860
8167
8568
8603
8549
8673
8782
8805
8316
8845
8843
8814
8916
9009
9148
9375
9578
9769
9904
10179
10519
10715
10935
11234
11343
11511
11639
11706
11891
11916
11959
12062
12137
12171
12217
12288
12381
12597
12778
13015
13404
13194
13917
14223
14543
14858
15372
15755
16234
16561
17078
17564
17627
18727
19362
19990
20715
21076
21477
21833
22118
22467
22824
23066
23438
23646
23456
24087
24362
24698
25187
25559
26261
26576
26437
26895
27990
29179
29500
29188
29589
30286
30685
30919
31597
31875
32360
32677
33011
33320
33597
33875
34097
34374
34654
34858
35055
35311
35442
35604
35767
35979
36097
36229
36377
36576
36740
36935
37206
37280
37444
37536
37585
37725
37847
37937
38043
38240
38372
38467
38131
38652
38818
38891
39108
38599
39229
39362
39509
39520
39622
39755
39872
39582
40286
40501
40830
40559
41299
41064
41872
42141
42312
42595
42769
42979
42858
43076
43133
43255
43343
43459
43406
43251
43124
43017
43290
44087
43324
42843
43093
43198
42662
41900
41996
41362
41488
41183
40562
40498
39984
