14486
14681
14746
14692
14610
14557
14240
13875
13274
12568
11917
11003
10721
9482
9261
8709
7851
7452
7124
6891
6637
6433
6343
6379
6522
6786
7202
7729
7881
8982
9618
10393
11013
11721
12412
13015
13534
14166
14198
15124
15561
16024
16414
16146
16893
16618
17171
17200
17217
17236
17570
16937
16767
17085
16324
16564
15776
15561
15291
15001
14742
14419
14080
13811
13479
13248
12919
12572
12272
11967
11736
11517
11272
11108
11013
11015
11001
11062
11127
11211
11324
11431
11547
11654
11753
11982
11757
12486
12770
13074
13370
13229
14040
14305
14751
15074
15408
15675
15910
16194
16303
16423
16562
16473
16444
16541
16671
16786
16772
16675
16393
15803
15429
15629
15853
16024
15992
15811
15496
15259
15030
14761
15127
14482
14267
14087
13952
13891
13767
13755
13641
13660
13769
13849
14022
13992
14131
14259
14379
14501
14711
14906
14967
15034
15089
15322
15541
15648
15708
15841
16045
16179
16311
16444
16557
16683
16856
16954
17009
17001
16967
16912
16885
16853
16801
16666
16580
16610
16562
16564
16454
16385
16459
16469
16486
16440
16435
16469
16456
16416
16438
16433
16347
16295
16257
16240
16175
16204
16208
16230
16267
16349
16425
16475
16576
16660
16862
17036
17175
17433
17618
17524
17528
17650
17776
17814
17944
18047
18175
18341
18517
18713
18704
18790
18868
18816
18774
18719
18690
18679
18700
18740
18826
18887
18870
18788
18719
18675
18589
18446
18385
18385
18501
18648
18822
18994
19188
19284
19471
19454
19370
19425
19465
19375
19316
19339
19269
19360
19395
19351
19488
19492
19448
19385
19232
19181
19137
18942
18708
18603
18564
18368
18297
18181
18020
17864
17774
17662
17587
17417
17473
17423
17320
17133
16931
16765
16566
16370
16143
15952
15675
15519
15358
15253
15219
15175
14965
14935
14914
14782
14711
14570
14442
14278
14148
14038
14022
14103
14135
14236
14345
14446
14532
14574
14692
14776
14704
14708
14660
14169
14685
14845
15061
15167
15320
15410
15589
15709
15910
16036
16198
16488
16696
16969
17339
17660
17938
18324
18904
19540
19961
20362
20578
20879
21085
21146
21316
21043
21631
21746
21816
21862
21980
21784
21532
21082
20372
19555
18851
18278
17513
16326
16106
14582
14454
14748
15244
15937
16603
17770
18717
19755
20479
21040
22425
23093
23942
24982
26240
27110
27753
28146
28333
28425
28816
28156
27856
25219
23324
22547
22431
21541
21343
21263
21253
21303
21417
21358
21385
21458
21488
21543
21643
21822
22862
23038
23832
23456
24078
24185
24358
24490
24604
24646
24528
24360
23127
22992
22982
22935
22935
23055
23040
23146
23267
23437
23519
23656
23847
24055
24173
23942
24572
24746
24742
24459
24643
24931
24973
25057
25041
25038
24597
24364
24387
24370
24477
24465
24463
24910
24366
24339
24166
24051
23938
23799
23700
23606
23456
23299
23244
23194
23133
22998
22902
22734
22570
22421
22265
22234
22103
22040
21793
21618
21950
21374
21240
21167
21490
21286
21019
21719
21843
22036
22274
22374
22507
22576
22656
22618
22669
22746
22805
22832
22853
22887
22475
23041
23099
23120
23154
23196
23250
23288
23284
23301
23333
23351
23343
23347
