19519
19299
19276
19528
18860
19034
18303
18555
17860
17765
17660
17530
17561
17595
17631
17610
17541
17465
17301
17356
17501
17536
17515
17404
17305
17179
17122
17167
17028
16919
16795
16618
16458
16335
16272
16219
16574
15933
15732
15440
15225
14818
14570
14204
13875
13559
13383
13137
13097
13208
13404
13660
14062
14580
15503
16517
17148
18780
19393
19938
20202
20320
20309
20114
19845
19963
18702
17902
16910
15916
14826
14229
13801
13681
13790
13702
14589
14729
15805
16545
17347
18278
18925
19057
19938
20255
20696
20528
21089
21475
20555
20055
20009
19425
18480
18484
17671
17326
17030
16669
16305
15994
15683
15477
15437
15582
15916
16496
16654
17814
18818
19078
20475
20971
21047
22469
23417
24259
24841
25125
25288
25055
24750
24171
23692
23019
22477
21826
21085
20381
19822
19125
18440
17849
17272
17001
16923
17019
17188
17437
17727
18024
18893
18797
18864
18921
18748
18706
18774
18864
18969
19169
19408
19372
19511
20009
19639
19559
20171
21240
21452
21473
21662
21719
21616
21519
21286
21211
20923
20597
20183
19822
19387
18975
18616
18490
18360
18341
18351
18343
18261
18251
18282
18206
18229
18250
18314
18353
18349
18291
18209
18013
17715
17452
17284
17120
16929
16746
16627
16545
16633
16578
16591
16530
16608
16639
16835
16654
17561
18345
18769
19083
19282
18578
17969
17524
17391
17286
17200
17200
17896
18309
18736
19316
20803
21208
21585
22087
22036
23257
23513
24872
25736
26116
26213
26202
26171
26041
26368
25540
25320
24299
23652
23108
22683
22179
21853
21326
21446
20671
20438
20828
21410
22164
22496
23755
24520
25143
25679
26141
26374
26534
26553
26664
26891
26248
25931
25870
26051
26488
26776
26471
25645
24979
24822
24574
24236
24152
23738
23253
23017
22910
22734
22627
22561
22597
22742
23074
22990
23908
24112
24549
24992
25484
25994
26448
26851
27206
27406
27532
27604
27641
27734
27704
27616
27832
27047
26603
26270
26038
26372
25637
25568
25629
25721
25849
26053
26299
26572
26814
27030
27246
27299
27288
27347
27364
27316
27188
26992
26639
26328
26003
25780
25540
25433
25349
25177
25202
25316
25288
25354
25482
25591
25937
26001
26127
26041
25841
25477
25188
25019
24864
24755
24793
24744
24816
24452
23692
23511
23503
23364
23337
23219
23427
22614
22217
21648
21171
20561
20494
19391
19524
18858
18923
18238
18103
18175
18366
18471
18513
18406
17946
17295
16469
14887
14032
14099
14097
14299
15114
15740
16721
17708
22742
22988
22648
22011
21062
20349
18446
16700
15996
14916
14742
15345
15866
18057
24446
26723
27818
28383
29368
29385
29118
28622
28024
26870
25959
25133
24206
25227
25406
26272
26629
26557
26868
26253
25908
25612
25452
24711
24020
23927
23175
23356
22610
22446
22011
22883
23410
23826
24274
24780
25284
25486
25284
25421
25688
25734
25120
24767
24429
24187
24517
24853
25276
25620
26337
27036
27765
27868
28866
29914
30032
30038
30185
30265
30091
29675
29116
28269
27738
27437
27049
26730
26263
25967
25582
25291
25101
25064
25145
25311
25488
25585
25883
26083
26301
26574
26738
26778
26658
26452
26190
25849
25488
25106
24627
24286
23721
