3402
2694
2631
2362
2219
2127
1910
1822
1711
1604
1551
1250
1093
994
919
847
788
770
677
681
612
603
532
522
541
480
425
433
379
257
311
290
278
314
240
190
171
89
112
177
116
173
187
288
316
522
585
713
805
807
971
1003
1108
1177
1177
1270
1297
1290
1322
1253
1288
1246
1206
1200
1194
1104
1103
1051
1024
1055
988
979
967
1003
961
990
509
967
961
925
1009
1053
1049
1055
1166
1091
1152
1175
1162
1185
1211
1244
1187
1257
1299
1301
1286
1259
1290
1293
1332
1337
1276
1269
1192
1154
1093
1062
1000
986
992
921
492
889
906
860
856
845
904
904
935
938
1030
1211
1461
1948
1423
1314
1251
1333
1633
1826
1811
1893
1998
1927
2078
2045
2143
2236
2196
2078
2082
2099
2108
2282
2320
2467
2488
2566
2616
2667
2784
2774
2788
2851
2961
2992
2996
3030
3059
3160
3238
3324
3368
3347
3486
3519
3614
3610
3671
3730
3690
3799
3904
3948
3954
3971
4087
4127
4219
4353
4511
4547
4721
4799
4927
4952
5074
5103
5211
5190
5290
5286
5349
5293
5246
5221
5181
5169
5068
5074
5045
5061
4986
4893
4895
4803
4721
4736
4666
4694
4696
4660
4696
4727
4708
4765
4702
4790
4729
4818
4803
4404
4965
5032
5049
5141
5202
5419
5505
5545
5482
5511
5618
5755
5828
5988
6158
6263
6333
6501
6717
6929
7103
7385
7543
7362
8072
7851
8679
9015
8818
9730
10072
10349
10564
10931
10763
11517
11851
11961
12143
12372
12553
12778
12948
13083
13183
13396
13547
13833
14007
14295
14479
14805
14990
15202
15517
15162
15958
16204
16374
16557
16736
16944
17051
17240
17278
17490
17700
17767
17959
18137
18194
18341
18486
18099
18807
18898
18980
19072
19162
19227
19311
19389
19507
19591
19625
19706
19776
19847
20011
20131
20293
20465
20587
20851
21148
21448
21732
21500
22333
22793
23291
23744
24131
24486
24835
25223
25520
25793
26179
26606
26938
27297
27683
27996
28333
28654
28917
29177
29421
29637
29326
30093
30328
30513
30774
30963
31259
31322
31524
31677
31917
32055
32230
32402
32595
32751
32879
33104
33192
33333
33492
33446
33807
33910
33839
34028
34129
34101
34097
34269
34261
34301
34309
34393
34419
34440
34532
34610
34606
34534
34540
34624
34564
34524
34475
34530
34578
34585
34559
34562
34559
34480
34492
34557
34547
34528
34477
34522
34555
34494
34459
34471
34414
34475
34383
34421
34496
34538
34555
34654
34620
34656
34732
34759
34797
34845
34801
34803
34837
34835
34746
34784
34715
34564
34425
34282
34089
33912
34175
33482
33671
33059
32776
32532
32246
31950
32204
31480
31706
30914
30694
30429
30141
29843
29473
29131
28709
28244
27853
27412
27020
26679
26853
26080
25738
25303
24921
24568
24208
23832
23530
23083
22683
22360
22416
21958
21078
20845
20456
20055
19854
19650
19288
19001
18677
18250
18526
17666
17177
16812
16479
16059
16108
15601
15097
14646
13753
13337
12935
12549
12687
11971
11801
11549
11333
11026
10956
10767
10690
10440
9977
9541
9419
9303
9146
9561
8519
7935
7830
7753
7488
7196
6755
6555
6288
6099
5881
5675
5692
5133
4944
4845
5061
5154
5070
4849
4473
4345
4139
3933
3604
3263
3005
2513
2290
2400
1662
1290
1072
887
604
427
259
103
53
-88
-209
-334
-422
-605
-739
-964
-1147
-1281
-1436
-1533
-1623
-1647
-1640
-1596
-1665
-1625
-1583
-1521
-1359
-1273
-1226
-1134
-1081
-1075
-1088
-1000
-1460
-907
-930
-829
-827
-783
-815
-800
-804
-869
-962
-926
-926
-1046
-1157
-1241
-1354
-1502
-1571
-1737
-1812
-1903
-1953
-1989
-2121
-2188
-2197
-2186
-2252
-2245
-2289
-2329
-2281
-2355
-2432
-2493
-2539
-2550
-2701
-2756
-2779
-2840
-2789
-2798
-2735
-2745
-2728
-2630
-2626
-2623
-2583
-2661
-2563
-2602
-2634
-2649
-2701
-2691
-2730
-2655
-2689
-2520
-2466
-2296
-2195
-2023
-2434
-1808
-1829
-1749
-1731
-1709
-1613
-1546
-1502
-1392
-1275
-1147
-1060
-491
-941
-1426
-932
-918
-938
-939
-493
-915
-932
-1016
-1042
-1073
-1063
-960
-873
-859
-842
-817
-781
-739
-779
-815
-760
-705
-688
-649
-539
-401
-292
-138
-44
64
171
251
278
288
433
551
597
624
748
902
954
1082
