20597
20524
20597
20637
20643
20778
20835
20902
20895
20877
20858
20788
20812
20729
20627
20555
20381
20251
20507
19750
19612
19379
19068
18872
18599
18393
18547
17793
17553
17368
17122
15715
15572
15683
15750
15870
15992
16003
16110
16145
16297
16341
16364
16459
16515
16528
16564
16635
16666
16639
16536
16440
16414
16251
16162
16024
15868
15755
15543
15406
15265
14984
14786
14532
14351
14169
13854
13761
13578
13339
13152
13007
12906
12862
12791
12702
12688
12597
12520
12471
12437
12299
12156
12280
12263
12276
12328
12328
12391
12395
12389
12400
12396
12473
12555
12541
12608
12660
12708
12711
12736
12809
12954
13049
13158
13303
13438
13566
13196
13776
13942
14127
13679
14341
14500
14637
14786
14881
15022
15175
15265
15318
15425
15458
15490
15534
15509
15480
15362
15301
15253
15118
15064
15076
14963
14919
14858
14854
14870
14961
15101
15307
15414
15188
15944
16265
16580
16782
17076
17360
17122
17706
17730
17774
17839
17847
17709
17534
17257
16961
17080
16238
15959
16114
15307
14958
14782
14549
14209
13919
13530
13257
12967
12713
12522
12534
12395
12444
12652
12921
13171
13528
13931
14311
14217
14671
15171
16072
16412
16895
17311
17727
18167
18087
18872
19011
19116
19255
19374
19339
19290
19208
18952
18750
18385
17980
18022
17530
16402
15854
15330
14803
14645
14108
13601
12576
12038
11599
11253
10795
10290
9986
9618
9385
9196
9032
9061
9064
9104
9389
9662
9956
9818
10723
11148
11711
12335
12853
13570
14162
14910
15164
16297
16980
17179
18225
18866
19396
19938
20335
20759
21166
21431
21606
21774
21935
21950
21847
21671
21524
21318
21045
20778
20591
20208
19889
19541
19208
18879
18496
18232
17904
17694
17438
17169
16872
17078
16358
16580
15946
15664
15528
15517
15456
15507
15616
15656
15780
15942
16066
16246
16383
16503
16666
16721
16879
16979
16614
17368
17520
17643
17748
17879
17965
18015
18043
18192
18396
18482
18463
18522
18547
18505
18456
18433
18360
18320
18387
18416
18467
18608
18719
18822
18568
19354
19667
19958
20259
20654
20564
21288
21585
21883
22089
22173
22036
21881
21068
22282
21996
22648
22507
23383
23685
23463
24255
24368
24564
24637
24750
24763
24751
24784
24769
24772
24763
24654
24532
24469
24446
24280
24020
23977
23896
24030
23961
23454
23818
23511
23433
23299
23064
22868
22679
22601
22423
22347
22265
22099
21933
21709
21433
21131
20818
20320
19688
18835
18085
17341
16725
16177
15788
15463
15030
14702
14190
13923
14009
14118
14435
15028
15519
16019
16448
16866
16631
17372
17423
17477
17543
17669
17393
17221
16900
16524
16036
15721
15185
14910
14709
14448
14438
14330
14551
14723
14671
15933
16236
17125
18211
19742
20902
21954
22522
23814
24643
25150
25551
25959
25971
25744
25614
25290
25087
24364
24425
23251
22952
21574
20690
20041
20020
19227
19078
19095
18889
18572
18124
17744
17433
17307
17484
17805
18377
18652
20020
20618
22223
23062
24551
25923
27458
29167
29715
29400
30259
31641
30505
29879
30116
30994
31458
31297
31284
31196
30950
30301
29129
28606
27998
27110
26582
25994
24982
24528
24095
23746
23341
22980
22620
