16290
16513
16765
17013
17232
17570
17759
18143
18421
18677
18889
19291
19076
19856
20139
20601
20522
21416
21805
22230
22597
22507
23192
23603
23507
24234
24624
24965
25305
25704
26000
26332
26633
26851
27250
27473
27843
28099
27877
28664
28895
29265
29477
29337
30091
30423
30618
31093
31406
31501
31694
31933
32125
32288
32475
32608
32259
32849
32919
33017
33202
33341
33400
33576
33230
33862
34026
34072
34297
34341
34473
34652
34820
34982
35255
35412
35595
35830
36030
35683
36381
36459
36591
36553
36666
36677
36790
36919
37036
37160
37251
37314
37293
37479
37484
37137
37637
37717
37797
37874
37977
38070
38211
38290
38461
38515
38620
38729
38847
38961
38977
39009
38984
39038
38982
39017
38948
38980
38940
39043
39036
38933
38959
38954
38982
38998
38986
38992
38996
39028
39020
39066
39051
39103
39160
39183
39196
39333
39389
39501
39087
39616
39692
39849
39866
40011
40036
40041
39998
40540
40055
40066
40164
40146
40019
39937
39820
39641
39459
39190
38940
38679
38484
38303
38572
37761
37549
37395
37213
36996
36835
36604
36372
36624
35914
35639
35501
35276
35040
34776
34524
34223
33984
33746
33509
33221
33009
33167
32311
32072
31788
31501
31715
30910
30620
30404
30127
30272
29551
29746
28992
28641
28343
28198
27965
27765
27381
27034
26757
26492
26190
26349
25604
25332
24935
24593
24314
23958
23624
23326
23030
22639
22374
22019
21606
21246
20866
20461
20080
19948
19318
19360
19532
18811
18566
18419
18122
17874
17604
17423
17152
16828
16564
16227
16049
15788
15654
15383
15278
15227
15181
15154
15230
15143
15627
15080
15053
14685
15125
15206
15248
15183
15200
15106
15064
15074
15055
14931
14877
15137
14463
14339
14141
14024
13872
13721
13540
13417
13318
13110
12881
12740
12492
12341
12221
12083
12003
11868
11702
11679
11566
11433
11309
11118
11038
10835
10566
10471
10204
10009
9717
9450
9154
8881
8603
8784
8061
7744
7431
7177
6879
6580
6809
5950
5568
5253
5337
4519
4141
3681
3368
2986
2643
2341
2400
1526
1225
879
549
223
-119
-424
-724
-1012
-1245
-995
-1657
-1897
-2086
-2266
-2413
-2548
-2594
-2777
-2800
-2806
-3420
-3012
-3014
-3084
-3071
-3125
-3104
-3147
-2947
-2920
-2770
-2571
-2289
-2161
-1957
-1733
-1938
-1279
-983
-760
-493
-191
-485
137
318
330
330
402
456
423
458
446
417
431
467
421
391
343
312
343
299
206
137
450
-136
-394
-544
-771
-1037
-1125
-1296
-1535
-1640
-1697
-1869
-1474
-1980
-2027
-2062
-2210
-2153
-2214
-2138
-2146
-2243
-2123
-2048
-2417
-1844
-1754
-1617
-1424
-1317
-1186
-985
-848
-756
-672
-514
-434
-291
-270
-90
-21
87
185
433
641
910
1053
1204
1366
1719
1805
1916
2047
1994
2127
2148
2229
2335
2417
2500
2612
2719
2765
2893
2952
3011
3164
3314
3366
3494
3633
3816
4087
4246
4465
4612
4713
4755
4944
4910
5082
5162
5297
4893
5438
5492
5458
5587
5553
5574
5612
5568
5717
5755
5826
5929
6093
6265
6551
6385
6305
6444
6635
6662
6698
6833
6916
7036
7129
7284
7437
7706
7354
8019
8185
8616
8959
9251
9547
10125
9969
11234
11173
11585
12047
12564
13125
13746
14509
14664
15795
16385
17078
17156
18299
18921
19536
20196
20778
21475
21610
22662
23307
23916
24549
25041
25580
26202
26700
27288
27753
28248
28786
28832
29751
30257
30660
31043
31438
31267
32192
32517
32669
33078
33267
33488
33786
34041
34179
34416
34635
34875
35082
35291
35496
35698
35755
35835
35946
36053
36061
36122
36106
36221
36230
36200
36209
36332
36412
36446
36490
36620
36639
36721
36841
36984
37097
37185
37290
37337
37545
37528
37719
37895
37940
38093
38278
38385
38580
38566
38744
38883
38908
38870
39003
39076
39120
39276
39324
39498
39671
39784
39849
39958
40064
40122
40114
40051
39963
39937
39803
39742
39520
39425
39175
38965
38770
38480
38244
37979
37534
37160
36847
36513
36175
35837
35456
35635
34604
34671
34160
33240
32641
32097
31561
30996
30496
30011
29503
28959
28425
27856
27784
26694
26137
25578
25009
24862
23858
23259
22715
22116
21375
20734
20482
19337
18650
18551
17360
16933
16456
15984
15438
15103
14809
14412
14208
13856
13601
13343
13223
12965
12919
12845
12744
12671
12622
12566
12402
12146
11929
11633
11311
11072
10874
10738
10675
10679
10562
10486
10509
