16517
15648
15299
15038
14671
14387
14099
13744
13362
12921
12791
12776
12958
13171
13370
13261
14041
14410
14900
15545
15713
16612
17622
19208
20381
21349
22307
22541
23604
23994
24217
24337
24385
24248
24312
23288
22263
24883
19429
15299
15830
16104
15576
16375
16910
16700
16024
15980
15944
15893
15679
15431
15083
15509
16433
17240
17545
17580
17398
16776
16515
15181
15133
14286
13769
13524
11652
11404
11248
11146
11085
11167
11276
11343
11538
11248
11950
12177
12391
12587
12660
12782
12833
12923
13059
13282
13557
13937
14265
14643
15024
15438
15853
15656
16500
16877
16610
17410
17732
18020
18309
18106
18845
18582
19450
19715
19889
20112
20333
20049
20750
20956
21076
21200
21326
21454
21507
21555
21624
21604
21587
21591
21595
21547
21381
21330
21358
21267
21250
21223
21255
21345
21454
21448
21253
21041
20767
20559
20204
20049
19921
19837
19812
19879
20011
19549
20141
20223
20383
20538
20568
20734
20881
21110
21284
21398
21540
21780
21931
22185
22332
22368
22015
22656
22807
22904
23017
23183
23341
23440
23625
23759
23784
23793
23788
23801
23853
23790
23732
23709
23608
23604
23604
23501
23343
23295
23185
23064
22935
22774
22645
22555
22549
22416
22402
22395
21984
22595
22591
22545
22572
22956
22412
22257
22125
22080
21887
21767
21784
21786
21755
21843
21908
21874
21868
21799
21730
21608
21975
21387
21341
21324
21276
21318
21333
21372
21383
21288
21295
21251
21127
21064
21003
20914
20875
20772
20742
20746
20648
20568
20423
20229
20177
20517
19919
19833
19778
19677
19585
19561
19509
19482
19507
19507
19580
19603
19564
19587
19702
19822
19870
19561
20135
20175
20251
20303
20456
20572
20606
20803
20839
20870
21047
21143
21122
21057
21486
21030
20946
20912
20801
20648
20543
20480
20385
20295
20259
20181
20183
20118
20011
19933
19866
19801
19864
19933
20082
20225
20442
20637
20839
20532
21265
21414
21555
21856
21511
22219
22022
22641
22782
23005
23429
23574
23769
24141
24568
24950
24975
25996
26570
27152
27545
28017
28387
28673
29055
29559
29883
30244
30666
31101
31509
31969
32314
32578
32979
33290
33671
33973
34320
34681
34893
35125
35301
35492
35524
35568
35606
35732
35872
36148
36183
35868
35734
35604
35261
34849
34368
33755
33122
32324
31480
30599
29711
28912
28158
27791
26385
25679
25011
24234
23580
23045
22517
21770
21349
20795
20391
20097
19833
19633
19591
19589
19658
19759
19961
20305
20540
20471
20666
21248
21942
22011
22501
23580
24217
24822
24946
26003
26519
27091
27522
27956
28429
28797
29152
29349
29562
29738
29917
30045
30095
30099
30005
29845
29687
29513
29793
29024
28723
28379
28101
27767
27391
26902
26467
26036
25679
25889
25190
24973
24887
24824
24778
24797
24801
24832
24927
25101
25259
24944
25685
25952
26171
26440
26727
27034
26881
27706
28001
28293
28631
28944
29108
29194
29461
29637
29723
29725
29748
29780
29751
29706
29580
29423
29274
29167
29017
28751
28480
28793
28015
27721
27450
27198
27059
27332
26519
26148
25793
25847
24919
24530
24269
24055
23870
23719
23606
23520
23433
23425
23406
23387
23421
23505
23585
23650
23734
23814
