8257
8360
8587
8767
9047
9351
9654
10425
10301
11085
11400
11692
11860
12127
12375
12280
13330
13538
13782
13853
13942
14013
14064
14026
14045
14196
14181
14219
14385
14484
14500
14173
14940
14669
15375
15576
15835
16091
16391
16633
16990
17217
17423
17704
17883
18024
18150
18267
18278
18328
18437
18366
18314
18240
18097
17912
17656
17395
17124
16803
17038
16213
15973
16080
15196
14912
14664
14339
14099
13853
13620
13503
13337
13263
13259
13284
13335
13354
13416
13578
13763
13952
13713
14471
14742
14660
15547
16020
16229
17372
18007
18141
19133
19076
19767
19935
20015
20116
20169
20108
19912
19360
18858
18280
17774
17146
17091
15883
15358
14732
14169
13774
13517
13410
13330
13360
13267
13173
13206
13358
13662
14030
14549
14992
15437
15963
16425
16990
17414
17889
18305
18641
18980
19280
19503
19654
19874
19910
20061
19545
20143
20110
19956
19740
19599
20015
19442
19471
19627
19740
19826
20007
19545
20347
20688
20555
21419
21780
22177
22641
22557
23312
23324
23322
23232
23230
23181
23101
22486
22171
22024
21845
21524
21370
21139
20956
20782
20627
20393
20255
19956
19656
19307
19538
18891
18646
18610
19003
18450
18419
18459
18658
19202
19488
20007
20177
20404
20240
20389
20154
20124
19994
19799
19824
19622
19475
19385
19082
18893
18635
18711
18923
19677
20389
20519
21316
21856
22345
22868
23379
23656
23727
23700
23555
23416
23276
23122
22784
22372
22001
21776
21696
21881
22122
22625
22870
23316
23751
24152
24385
24612
24776
24963
25101
25312
25381
25522
25587
25612
25450
25272
25009
24496
23994
23919
23425
22950
21885
21318
21458
20582
20417
20828
21198
21480
21456
21440
21408
21095
20721
20141
19261
19528
20215
20923
21458
21645
21835
22091
22442
22727
22883
22921
23026
23068
23020
23438
22839
22740
22599
22416
22238
22064
21837
21604
21402
21118
20902
20757
20559
20446
20360
20232
20131
20181
20177
20221
20389
20507
20583
20849
21095
21335
21641
21498
22370
22719
23171
23669
24166
24536
24887
25257
25543
25404
26187
25919
26564
26814
26977
27141
27188
27297
27486
27683
27625
27545
27589
27681
27618
27431
27437
27429
27322
27278
27146
27032
26908
26734
26536
26843
26209
26066
25790
25603
25339
25145
24856
24604
24341
24101
23801
23534
23278
23028
22757
22526
22269
22135
21898
21673
21969
21301
21112
21133
21135
21040
21034
21015
21045
21129
21219
21213
21358
21465
21641
21746
21851
21519
22143
22291
22307
22498
22610
22667
22746
22791
22814
22816
22770
22736
22751
22700
22612
22959
22354
22225
22091
21940
21658
21435
21333
21072
20786
20522
20358
20167
19986
19727
19500
19332
19082
18958
18853
18635
19041
18406
18267
18200
18080
17975
17881
17826
17830
17832
17694
17646
17654
17658
17688
17658
17631
17732
17786
17820
17868
17845
17940
17980
18041
18112
18114
18120
18122
18106
18040
17977
17820
17750
17545
17437
17276
17000
16776
16520
16280
16041
15761
15469
15631
14837
14459
14322
14167
14003
13832
14146
13492
13364
13259
13104
12931
12755
12625
12570
12463
12288
12108
11984
11912
11875
11824
11746
11641
11526
11456
11358
11286
11263
11238
