12103
12146
12047
12095
12057
11996
12003
11875
11841
11780
11750
11681
11740
11641
11643
11633
11578
11603
11593
11625
11685
11654
11637
11559
11574
11618
11652
11643
11620
11591
11522
11345
11070
10841
10488
10120
9780
9574
9003
8522
7944
7538
7211
6872
6431
6007
5604
5125
5290
4454
4076
3587
3158
2860
2601
2318
2034
1788
1740
1627
1645
1612
1578
1562
1604
1631
1738
1812
1832
1849
1986
2122
2219
2183
2349
2341
2417
1969
2473
2477
2595
2625
2711
2740
2692
2660
2576
2532
2919
2290
2177
2034
1908
1717
1595
1383
1257
1124
948
753
664
541
480
410
208
190
175
89
-73
-107
-191
-346
-390
-390
-401
-281
-195
17
240
381
454
578
683
790
793
896
1120
1332
1500
1669
1933
2112
2322
2416
2578
2694
2816
2452
3082
3185
3341
3479
3652
3772
3454
3923
4078
4146
4215
4246
4217
4316
4230
3919
3925
4423
4475
4536
4486
4410
4879
4870
4230
4120
4209
4057
4097
4020
4095
4188
4154
4206
4106
4110
4175
4177
4181
4261
4309
4395
4475
4618
4769
4860
4994
5221
5324
5576
5694
5948
6500
6912
7318
7589
7595
7500
7679
7950
7843
8375
9167
9456
9625
9944
9778
10625
10986
11526
11975
12393
12606
12874
13187
13458
13650
13872
14129
14299
14652
14788
15061
15393
15742
16099
16265
16574
16717
17001
17345
17103
17843
18166
18553
18893
19183
19482
19828
20293
20750
21354
21795
22364
22845
23408
23843
24116
24341
24606
24746
25061
25179
24956
25591
25860
26020
26328
26520
26734
26982
27324
27526
27767
28024
28305
28562
28895
29116
29307
29583
29776
29948
30183
29832
30603
30708
30740
30761
31009
31146
31196
31209
31255
31316
31414
31545
31650
31830
31853
32061
32179
32345
32532
32259
32948
33045
33204
33368
33534
33604
33604
33788
33803
33895
33931
34038
34007
34007
34011
34017
33956
33948
33921
33866
33910
33921
33950
33898
33958
33979
33937
33904
33879
34005
34290
34511
34223
34893
35158
35507
35751
36034
36196
36442
36503
36503
36624
36236
36280
36036
35925
35769
36127
35459
35282
35198
35024
34916
34805
35146
34541
34362
34217
34001
33833
33587
33250
32940
32633
32250
31872
31536
31171
30856
30459
30206
30242
29442
29019
28585
28209
27687
27248
26704
26116
25549
25106
24652
24118
23719
23221
22736
22229
21603
21146
20564
20038
19360
18839
18227
17631
16961
16309
15643
15587
14572
14217
13790
13517
13234
13003
12723
12595
12438
12349
12240
12211
12127
12007
11885
11698
11553
11263
10971
11221
10576
10291
10106
9826
9648
9528
9433
9303
9066
8904
8753
8564
8391
8194
8068
7772
7585
7438
7202
6980
6683
6444
6152
5956
5671
5406
5219
4898
4595
4305
3988
3658
3116
2822
2484
2204
1965
1555
1234
904
639
230
417
-319
-531
-710
-888
-1134
-1289
-1520
-1756
-1922
-2125
-2258
-2376
-2396
-2502
-2548
-2709
-2707
-2863
-2947
-2840
-2941
-2918
-2785
-2760
-2756
-2812
-2787
-3037
-3020
-3128
-3245
-3382
-3474
-3500
-3550
-3646
-3737
-3674
-3716
-3762
-3689
-3605
-3632
-3537
-3892
-3266
-3163
-3006
-3012
-2876
-2777
-2712
-2563
-2373
-2338
-2266
-2126
-1960
-1733
-1634
-1373
-1199
-794
-579
-951
-359
-189
-71
15
104
183
316
341
435
400
366
366
333
250
141
104
-33
-121
-176
-397
-485
-632
-537
-638
-613
-604
-638
-607
-598
-602
-563
-544
-415
-304
-134
76
288
20
685
921
1101
1341
1412
1620
1772
1469
2225
2433
2593
2893
3038
3198
3389
3583
3786
4020
4179
4347
4591
4879
5272
5532
5429
6211
6473
6746
6969
7093
7295
7425
7713
7937
8156
8368
8610
8879
9024
9307
9561
9803
10106
10288
10469
10261
10977
11177
11423
11645
11862
12103
12351
12599
12776
13062
13158
13423
13664
13954
14251
14519
14753
15003
15232
15461
15740
16038
16295
16150
16938
17328
17730
17606
18482
18914
19240
19618
20095
20479
20751
20959
21385
21669
21511
22276
22656
22490
23326
23736
24103
24505
24864
25227
25511
25431
26356
26666
26954
27465
27788
28253
28610
29101
29530
29902
30830
31402
31988
32509
33034
33479
34059
34648
34717
35227
36291
36788
37286
37830
38284
38883
39440
39902
40490
40980
41448
41889
42351
42769
43192
43681
44001
44404
44522
44757
44830
44788
44845
44784
