0.346923828125
0.58857421875
0.734521484375
0.8134765625
0.765625
0.992919921875
0.93310546875
0.92353515625
0.988134765625
1.01684570312
0.96181640625
0.911572265625
0.911572265625
0.9666015625
0.863720703125
0.657958984375
0.6794921875
0.4689453125
0.308642578125
0.299072265625
0.055029296875
-0.021533203125
-0.107666015625
-0.222509765625
-0.308642578125
-0.442626953125
-0.47373046875
-0.5837890625
-0.653173828125
-0.68427734375
-0.73212890625
-0.71298828125
-0.643603515625
-0.624462890625
-0.5646484375
-0.44501953125
-0.3923828125
-0.394775390625
-0.459375
-0.208154296875
-0.10048828125
0.11962890625
0.2392578125
0.399560546875
0.48330078125
0.854150390625
0.983349609375
1.13168945313
1.17954101563
1.18911132813
1.129296875
1.0814453125
0.91875
0.734521484375
0.57421875
0.28232421875
0.064599609375
-0.0861328125
-0.45458984375
-0.667529296875
-0.916357421875
-1.11733398438
-1.25131835938
-1.61259765625
-1.79921875
-1.85185546875
-2.33994140625
-2.53134765625
-2.851953125
-3.04096679688
-3.27783203125
-3.42856445313
-3.50991210938
-3.52905273438
-3.78745117188
-3.76831054688
-3.694140625
-3.66303710938
-3.73481445313
-3.78745117188
-3.79462890625
-3.72763671875
-3.7611328125
-3.9142578125
-3.97885742188
-4.134375
-4.24204101563
-4.31142578125
-4.66791992188
-4.4884765625
-4.32578125
-4.230078125
-4.05063476563
-3.94057617188
-3.81137695313
-3.78505859375
-3.71328125
-3.57211914063
-3.50991210938
-3.20366210938
-2.94765625
-2.79931640625
-2.36147460938
-2.11982421875
-2.06000976563
-1.7513671875
-1.71787109375
-1.818359375
-1.98583984375
-2.1341796875
-2.20595703125
-2.296875
-2.11025390625
-1.71069335938
-1.49296875
-1.12690429688
-0.471337890625
-0.174658203125
0.299072265625
0.571826171875
0.89482421875
1.02163085938
0.95224609375
0.9283203125
0.86611328125
0.9091796875
0.614892578125
0.552685546875
0.327783203125
0.1818359375
0.13876953125
0.1244140625
0.016748046875
0.145947265625
0.06220703125
0.026318359375
0.136376953125
0.25361328125
0.325390625
0.447412109375
0.394775390625
0.232080078125
0.2009765625
0.09091796875
0.002392578125
-0.1435546875
-0.222509765625
-0.299072265625
-0.12919921875
-0.0861328125
0.0095703125
-0.112451171875
-0.007177734375
0.169873046875
0.284716796875
0.437841796875
0.57421875
0.643603515625
0.801513671875
0.91875
1.22739257813
1.46665039063
1.80161132813
1.72983398438
2.10546875
2.29448242188
2.45717773438
2.69404296875
3.04096679688
3.0720703125
3.29458007813
3.35439453125
3.48120117188
3.53862304688
3.43813476563
3.34482421875
3.17016601563
3.0625
2.93090820312
2.72275390625
2.61030273438
2.36625976563
2.0767578125
1.90209960938
1.588671875
1.45229492188
1.014453125
0.65556640625
0.351708984375
0.203369140625
0.09091796875
0.03828125
-0.002392578125
-0.14833984375
0.2392578125
0.29189453125
0.232080078125
0.418701171875
0.361279296875
0.42587890625
0.057421875
-0.184228515625
-0.36845703125
-0.746484375
-0.87568359375
-1.00727539063
-1.10537109375
-1.16279296875
-1.11015625
-1.05512695313
-0.937890625
-0.86611328125
-0.669921875
-0.758447265625
-0.5646484375
-0.490478515625
-0.48330078125
-0.50244140625
-0.57900390625
-0.91396484375
-0.753662109375
-0.930712890625
-0.84697265625
-0.992919921875
-0.8900390625
-0.98095703125
-0.954638671875
-0.935498046875
-1.09819335938
-1.20825195312
-1.244140625
-1.26088867188
-1.24174804688
-1.44033203125
-1.40205078125
-1.67241210938
-1.74897460938
-1.90688476563
-1.99541015625
-2.13896484375
-2.25141601563
-2.3064453125
-2.36147460938
-2.57919921875
-2.71557617188
-2.89741210938
-3.05532226563
-3.1390625
-3.10795898438
-3.40463867188
-3.44291992188
-3.40703125
-3.617578125
-3.77788085938
-3.85922851563
-3.89272460938
-4.01953125
-4.04584960938
-4.0482421875
-4.02192382813
-4.27314453125
-4.28271484375
-4.33774414063
-4.383203125
-4.3927734375
-4.40234375
-4.39755859375
-4.38559570313
-4.44541015625
-4.440625
-4.36645507812
-4.40952148438
-4.40473632813
-4.37602539063
-4.32338867188
-4.3353515625
-4.24443359375
-4.20375976563
-4.16069335938
-4.11284179688
-4.07456054688
-4.08891601563
-4.01235351563
-4.01953125
-4.00517578125
-3.92861328125
-3.89990234375
-3.88793945313
-3.97407226563
-3.78745117188
-3.71806640625
-3.57211914063
-3.48359375
-3.3208984375
-3.2634765625
-3.19887695313
-3.14384765625
-3.14624023438
-3.1390625
-3.0720703125
-3.25869140625
-3.35200195313
-3.40224609375
-3.39267578125
-3.37114257813
-3.35678710938
-3.3974609375
-3.41181640625
-3.50034179688
-3.45727539063
-3.43095703125
-3.41420898438
-3.41899414063
-3.43813476563
-3.38549804688
-3.33046875
-3.36157226563
-3.17016601563
-3.10078125
-3.0912109375
-3.07924804688
-3.00747070313
-2.8615234375
-2.70361328125
-2.52177734375
-2.40454101562
-2.31123046875
-2.201171875
-2.05522460938
-1.97866210938
-1.91166992188
-1.90688476563
-1.90209960938
-1.90688476563
-1.85185546875
-1.85903320313
-1.82075195313
-1.73701171875
-1.550390625
-1.45229492188
-1.27763671875
-1.11494140625
-0.973779296875
-0.844580078125
-0.638818359375
-0.40673828125
-0.19140625
-0.026318359375
0.145947265625
0.155517578125
0.461767578125
0.459375
0.724951171875
0.796728515625
0.777587890625
0.74169921875
0.638818359375
0.5359375
0.38759765625
-0.03828125
-0.440234375
-0.528759765625
-0.868505859375
-1.1197265625
-1.35659179688
-1.46186523438
-1.60302734375
-1.65327148438
-1.74658203125
-1.74897460938
-1.86381835938
-1.83032226563
-1.87578125
-1.8853515625
-1.87099609375
-1.98823242188
-1.99301757813
-2.0767578125
-1.8662109375
-2.009765625
-2.12700195313
-1.98823242188
-2.00737304688
-1.90688476563
-1.89013671875
-1.83989257813
-1.83510742188
-1.56474609375
-1.41401367188
-1.39487304688
-1.19868164063
-1.07426757813
-0.96181640625
-0.892431640625
-0.8421875
-0.748876953125
-0.672314453125
-0.461767578125
-0.49765625
-0.34931640625
-0.251220703125
-0.12919921875
0.102880859375
0.210546875
0.380419921875
0.5646484375
0.72734375
0.765625
0.945068359375
1.22021484375
1.27045898438
1.55278320313
1.63891601563
1.83271484375
1.89252929688
2.00498046875
2.18442382813
2.33994140625
2.40932617188
2.5169921875
2.62705078125
2.63422851563
2.60791015625
2.51220703125
2.5935546875
2.39018554688
2.3447265625
2.25620117188
2.2203125
2.0384765625
1.80639648438
1.55756835938
1.34702148438
1.11254882812
0.878076171875
0.930712890625
0.899609375
0.978564453125
1.04077148438
1.22021484375
1.5216796875
1.94755859375
2.25620117188
2.47631835938
2.71557617188
2.80649414063
3.13666992188
3.158203125
3.20366210938
3.16059570313
3.18212890625
3.17973632813
3.15581054688
2.851953125
2.6892578125
2.16049804688
2.05043945313
1.61499023438
1.47861328125
1.47143554688
1.15083007813
1.07666015625
0.92353515625
0.873291015625
0.95703125
0.954638671875
0.6794921875
0.57421875
0.619677734375
0.600537109375
0.46416015625
0.327783203125
0.2392578125
0.0765625
-0.021533203125
-0.456982421875
-0.715380859375
-0.77041015625
-1.17475585938
-1.3494140625
-1.51689453125
-1.53842773438
-1.65327148438
-1.63413085938
-1.5791015625
-1.5982421875
-1.54560546875
-1.435546875
-1.282421875
-1.21064453125
-1.1197265625
-1.0240234375
-1.03120117188
-1.091015625
-1.10776367188
-1.21064453125
-1.20346679688
-1.14365234375
-1.205859375
-0.9666015625
-0.916357421875
-0.937890625
-0.9666015625
-0.949853515625
-0.892431640625
-0.945068359375
-0.992919921875
-0.925927734375
-1.167578125
-1.32309570313
-1.42119140625
-1.53603515625
-1.76333007813
-1.84946289063
-1.96669921875
-2.1724609375
-2.16767578125
-2.43325195313
-2.68208007813
-2.86870117188
-2.98354492188
-3.02900390625
-3.0912109375
-3.06967773438
-2.98354492188
-3.005078125
-2.97397460938
-3.0529296875
-3.0529296875
-2.91176757813
-3.00268554688
-2.81606445313
-2.65336914063
-2.57680664063
-2.36147460938
-2.18442382813
-1.856640625
-1.67958984375
-1.64130859375
-1.30874023438
-1.09580078125
-1.04794921875
-0.861328125
-0.634033203125
-0.624462890625
-0.495263671875
-0.80390625
-0.65556640625
-0.892431640625
-0.964208984375
-1.24892578125
-1.6173828125
-1.856640625
-1.99301757813
-2.17724609375
-2.507421875
-2.698828125
-2.87109375
-3.02661132812
-2.813671875
-2.62944335938
-2.3638671875
-1.87817382813
-1.16279296875
-0.746484375
0.222509765625
0.753662109375
1.18193359375
1.36376953125
1.3685546875
1.31352539063
1.1771484375
0.921142578125
0.937890625
0.882861328125
0.87568359375
0.930712890625
0.6220703125
0.964208984375
1.20825195312
0.997705078125
0.7560546875
0.839794921875
0.753662109375
0.600537109375
0.409130859375
0.303857421875
0.325390625
0.25361328125
0.16748046875
0.2201171875
0.299072265625
0.289501953125
0.375634765625
0.495263671875
0.72255859375
0.7751953125
0.868505859375
0.89482421875
0.80869140625
0.768017578125
0.619677734375
0.605322265625
0.299072265625
0.26318359375
-0.040673828125
-0.064599609375
-0.133984375
-0.21533203125
-0.203369140625
-0.136376953125
-0.095703125
-0.06220703125
0.026318359375
0.021533203125
0.160302734375
0.442626953125
0.669921875
0.765625
1.21303710938
1.358984375
1.62934570313
1.72265625
1.96669921875
2.11264648438
2.2873046875
2.32797851563
2.37822265625
2.40693359375
2.42846679688
2.40693359375
2.36865234375
2.38061523438
2.34233398438
2.25859375
2.1724609375
1.93559570313
2.07436523438
1.93081054688
1.8279296875
1.75615234375
1.58627929688
1.53125
1.3685546875
1.27763671875
0.9091796875
0.7369140625
0.6603515625
0.75126953125
0.586181640625
0.59814453125
0.6603515625
0.74169921875
0.75126953125
0.882861328125
0.911572265625
1.014453125
1.02641601563
1.1005859375
1.27524414063
1.41401367188
1.5791015625
1.55517578125
1.71547851563
1.98344726563
2.04326171875
2.08393554688
2.14135742188
2.09829101563
2.28012695313
2.12700195313
2.03129882813
2.08872070313
1.971484375
1.97866210938
1.70830078125
1.63173828125
1.58149414063
1.46904296875
1.5408203125
1.56235351563
1.55756835938
1.59345703125
1.65087890625
1.61977539063
1.66284179688
1.65087890625
1.67001953125
1.6556640625
1.66284179688
1.42119140625
1.36616210938
1.23935546875
1.19389648438
1.04077148438
1.06469726562
1.05991210938
0.92353515625
0.949853515625
0.992919921875
