2.61748046875
2.70361328125
2.62465820313
2.83759765625
2.79931640625
2.8328125
3.10556640625
2.7849609375
2.78256835938
2.95961914063
3.0337890625
3.02900390625
2.74189453125
2.6892578125
2.85434570313
2.81845703125
2.97158203125
2.93330078125
3.10556640625
3.10556640625
3.14624023438
3.15581054688
3.2826171875
3.2921875
3.39506835938
3.45966796875
3.57451171875
3.521875
3.5314453125
3.579296875
3.48359375
3.52426757813
3.52905273438
3.46684570313
3.2634765625
3.38310546875
3.25869140625
3.22280273438
3.26108398438
3.44052734375
3.27783203125
3.30415039063
3.50034179688
3.5984375
3.541015625
3.66782226563
3.77788085938
3.94296875
4.06977539063
4.13198242188
4.18701171875
4.2205078125
4.24443359375
4.28510742188
4.268359375
4.18461914063
4.09848632813
3.9142578125
3.48359375
3.1869140625
2.85434570313
2.3255859375
2.03129882813
1.55517578125
1.32788085938
0.96181640625
0.81826171875
0.6890625
0.58857421875
0.423486328125
0.437841796875
0.409130859375
0.4306640625
0.342138671875
0.32060546875
0.241650390625
0.174658203125
0.136376953125
0.035888671875
0.055029296875
0.0
-0.02392578125
-0.002392578125
-0.284716796875
-0.478515625
-0.478515625
-0.77998046875
-0.992919921875
-1.18193359375
-1.25849609375
-1.48579101563
-1.5408203125
-1.87817382813
-1.97866210938
-2.0384765625
-2.22749023438
-2.2681640625
-2.24663085938
-2.17724609375
-2.1724609375
-1.96909179688
-1.86142578125
-1.85424804688
-1.80400390625
-1.52646484375
-1.282421875
-1.13408203125
-0.906787109375
-0.643603515625
-0.490478515625
-0.299072265625
-0.016748046875
0.174658203125
0.322998046875
0.437841796875
0.51201171875
0.509619140625
0.32060546875
0.14833984375
0.095703125
-0.093310546875
-0.246435546875
-0.35888671875
-0.514404296875
-0.79912109375
-0.825439453125
-0.94267578125
-1.16997070313
-1.28720703125
-1.31591796875
-1.36376953125
-1.50014648438
-1.60063476563
-1.66762695313
-1.81357421875
-1.8853515625
-1.95234375
-2.06000976563
-2.15092773438
-2.30883789062
-2.41889648438
-2.41411132813
-2.45239257812
-2.54091796875
-2.55766601563
-2.56484375
-2.66293945313
-2.65576171875
-2.73950195312
-2.90458984375
-2.77299804688
-2.78256835938
-2.80170898438
-2.83041992188
-2.8423828125
-2.87587890625
-2.909375
-3.04096679688
-3.06010742188
-3.13427734375
-3.17973632813
-3.17255859375
-3.17734375
-3.273046875
-3.28979492188
-3.3208984375
-3.31372070313
-3.28740234375
-3.2060546875
-3.16298828125
-3.06728515625
-2.98354492188
-3.0146484375
-2.80888671875
-2.75864257813
-2.6509765625
-2.44760742188
-2.32797851563
-2.23706054688
-1.90688476563
-1.81596679688
-1.68916015625
-1.52407226563
-1.38051757813
-1.33745117188
-1.03598632813
-0.925927734375
-0.8517578125
-0.768017578125
-0.801513671875
-0.724951171875
-0.76083984375
-0.844580078125
-0.77998046875
-0.861328125
-0.988134765625
-1.11254882812
-1.19868164063
-1.41162109375
-1.54321289063
-1.67241210938
-1.76333007813
-2.086328125
-2.24663085938
-2.3638671875
-2.6126953125
-2.61987304688
-2.63422851563
-2.68686523438
-2.83759765625
-2.9763671875
-3.1390625
-3.17255859375
-3.09599609375
-3.36157226563
-3.39506835938
-3.40224609375
-3.5314453125
-3.54580078125
-3.48837890625
-3.16298828125
-3.06010742188
-2.70600585938
-2.545703125
-2.05522460938
-1.91884765625
-1.64609375
-1.55517578125
-1.3876953125
-2.05522460938
-2.45239257812
-2.95961914063
-3.6654296875
-3.99560546875
-4.134375
-4.42626953125
-4.51958007813
-4.41909179688
-4.21572265625
-3.81616210938
-3.33525390625
-2.8328125
-2.24663085938
-1.80400390625
-1.41640625
-0.937890625
-0.53115234375
-0.43544921875
-0.055029296875
0.117236328125
0.29189453125
0.318212890625
0.08134765625
-0.107666015625
-0.19619140625
-0.54072265625
-0.67470703125
-0.854150390625
-1.00727539063
-1.07905273438
-1.1388671875
-1.15561523438
-1.18193359375
-0.95224609375
-0.696240234375
-0.346923828125
0.088525390625
0.67470703125
1.5025390625
2.11025390625
2.61987304688
3.20844726563
3.58168945313
4.14873046875
4.46455078125
4.61528320313
4.81865234375
4.99091796875
5.44790039063
5.81396484375
5.991015625
5.98623046875
6.2302734375
6.25180664063
6.23745117188
5.98383789063
5.5890625
5.23256835938
5.01005859375
4.63681640625
4.3162109375
3.91904296875
3.3400390625
2.7849609375
2.33037109375
2.03608398438
1.60302734375
1.12211914063
0.87568359375
0.322998046875
-0.133984375
-0.193798828125
-0.485693359375
-0.5837890625
-0.715380859375
-0.681884765625
-0.68427734375
-0.653173828125
-0.605322265625
-0.672314453125
-0.88525390625
-0.96181640625
-1.49775390625
-1.85424804688
-2.13896484375
-2.39018554688
-2.66293945313
-2.84956054688
-2.92373046875
-2.92373046875
-2.92612304688
-3.1677734375
-3.36635742188
-3.10078125
-2.98115234375
-2.8806640625
-2.58637695313
-2.21791992188
-2.09829101563
-1.96430664063
-1.5791015625
-1.40205078125
-1.18193359375
-1.18671875
-1.167578125
-1.13408203125
-1.14365234375
-1.378125
-1.31352539063
-1.5025390625
-1.65805664063
-1.71069335938
-1.703515625
-1.97387695313
-2.14135742188
-2.28012695313
-2.47153320313
-2.507421875
-2.41650390625
-2.40693359375
-2.392578125
-2.23227539063
-2.10068359375
-1.78486328125
-1.8279296875
-1.58627929688
-1.45947265625
-1.31352539063
-1.21303710938
-1.01923828125
-0.8708984375
-0.796728515625
-0.72734375
-0.715380859375
-0.710595703125
-0.657958984375
-0.552685546875
-0.581396484375
-0.4880859375
-0.514404296875
-0.7369140625
-0.887646484375
-1.05034179688
-1.14365234375
-1.33745117188
-1.35180664062
-1.42119140625
-1.48579101563
-1.55756835938
-1.65087890625
-1.65087890625
-1.54560546875
-1.72983398438
-1.69873046875
-1.72504882813
-1.818359375
-1.70112304688
-1.93081054688
-1.85424804688
-2.04326171875
-2.07915039063
-2.05043945313
-2.01694335938
-1.89731445313
-1.780078125
-1.68916015625
-1.55278320313
-1.42836914063
-1.37573242188
-1.282421875
-1.29677734375
-1.24653320313
-1.14365234375
-1.21303710938
-1.27524414063
-1.3302734375
-1.35659179688
-1.30874023438
-1.40922851563
-1.39248046875
-1.59345703125
-1.56235351563
-1.78725585938
-1.82075195313
-1.96430664063
-1.86860351563
-2.04086914063
-2.09829101563
-2.124609375
-2.19399414063
-2.27294921875
-2.11982421875
-1.79443359375
-1.76811523438
-1.69873046875
-1.66762695313
-1.4546875
-1.42119140625
-1.44990234375
-1.4833984375
-1.47622070313
-1.62216796875
-1.67958984375
-1.69633789063
-1.75854492188
-1.741796875
-1.6939453125
-1.77290039063
-1.50971679688
-1.61977539063
-1.43315429688
-1.358984375
-1.26328125
-1.08623046875
-1.26088867188
-1.34462890625
-1.3876953125
-1.50014648438
-1.741796875
-1.93081054688
-2.20356445313
-2.50263671875
-2.78974609375
-2.76821289063
-3.23955078125
-3.4357421875
-3.72763671875
-3.7611328125
-3.79702148438
-3.85205078125
-3.84487304688
-3.97646484375
-3.96450195313
-3.95732421875
-3.98125
-3.88793945313
-3.86640625
-3.72524414063
-3.66064453125
-3.65825195313
-3.3974609375
-3.29936523438
-3.0720703125
-3.01225585938
-2.85673828125
-2.56484375
-2.39736328125
-2.00498046875
-1.65805664063
-1.47143554688
-1.07666015625
-0.887646484375
-0.48330078125
-0.17705078125
-0.02392578125
0.179443359375
0.34453125
0.55029296875
0.69384765625
0.8326171875
1.02880859375
1.14125976563
1.244140625
1.35180664062
1.43315429688
1.512109375
1.5982421875
1.6173828125
1.76572265625
1.84467773438
1.856640625
2.10068359375
2.24663085938
2.38061523438
2.57919921875
2.74428710938
2.80888671875
2.9955078125
3.10317382813
3.18930664063
3.35678710938
3.4166015625
3.63193359375
3.73720703125
3.8759765625
3.85444335938
4.1056640625
4.18701171875
4.20615234375
4.19897460938
4.21572265625
4.08413085938
4.02431640625
4.1056640625
3.86879882813
3.68935546875
3.59604492188
3.56015625
3.387890625
3.2634765625
3.12231445313
2.99311523438
2.82563476563
2.74189453125
2.72514648438
2.85673828125
2.80888671875
2.86870117188
2.87587890625
2.966796875
3.04096679688
2.8998046875
2.87827148438
2.62944335938
2.33994140625
2.19638671875
2.0001953125
1.82075195313
1.40205078125
1.22021484375
0.93310546875
0.763232421875
0.746484375
0.5646484375
0.50244140625
0.490478515625
0.57421875
0.724951171875
1.03120117188
1.14604492188
1.27524414063
1.435546875
1.5216796875
1.4259765625
1.26567382813
1.08383789063
0.76083984375
0.5072265625
0.2009765625
-0.06220703125
-0.2775390625
-0.46416015625
-0.500048828125
-0.791943359375
-0.777587890625
-1.03837890625
-1.06948242188
-1.10297851563
-1.07905273438
-0.9474609375
-0.892431640625
-0.784765625
-0.763232421875
-0.657958984375
-0.61728515625
-0.629248046875
-0.54072265625
-0.533544921875
-0.437841796875
-0.44501953125
-0.48330078125
-0.528759765625
-0.68427734375
-0.811083984375
-1.14365234375
-1.378125
-1.55756835938
-1.68198242188
-1.80400390625
-1.7322265625
-1.97626953125
-2.09829101563
-2.26577148438
-2.40693359375
-2.5361328125
-2.81127929688
-3.16298828125
-3.29458007813
-3.46923828125
-3.62236328125
-3.52426757813
-3.55537109375
-3.62236328125
-3.45249023438
-3.5123046875
-3.54580078125
-3.56733398438
-3.67260742188
-3.828125
-3.923828125
-3.86879882813
-4.08173828125
-3.94296875
-3.5697265625
-3.44291992188
-3.22758789063
-2.97397460938
-2.88544921875
-2.80170898438
-2.66293945313
-2.55288085938
-2.46196289063
-2.47392578125
-2.52177734375
-2.47153320313
-2.39975585938
-2.34233398438
-2.2490234375
-2.05522460938
-1.71787109375
-1.62456054688
-1.43793945313
-1.27763671875
-1.23696289063
-1.320703125
-1.45708007813
-1.53364257813
-1.82314453125
-1.98344726563
-2.0958984375
-2.1916015625
-2.4978515625
-2.78974609375
-2.75864257813
-2.909375
-3.02900390625
-2.72514648438
-2.58876953125
-2.17963867188
-1.97626953125
-1.5982421875
-1.5025390625
-1.15561523438
-0.696240234375
-0.571826171875
-0.241650390625
-0.303857421875
-0.1626953125
-0.34931640625
-0.528759765625
-0.820654296875
-1.0623046875
-1.23696289063
-1.3302734375
-1.34462890625
-1.39965820312
-1.34702148438
-1.22739257813
-1.01923828125
-0.823046875
-0.643603515625
-0.485693359375
-0.248828125
-0.00478515625
0.23447265625
0.43544921875
0.68427734375
0.765625
0.873291015625
0.8900390625
0.925927734375
0.93310546875
0.91875
0.8900390625
0.79912109375
0.624462890625
0.562255859375
0.504833984375
0.53115234375
0.593359375
