-3.51708984375
-3.311328125
-3.19409179688
-3.15581054688
-2.890234375
-2.88544921875
-2.59833984375
-2.49067382813
-2.23227539063
-2.11025390625
-1.90209960938
-1.79204101563
-1.5599609375
-1.49057617188
-1.41401367188
-1.18432617188
-1.07905273438
-0.9283203125
-0.86611328125
-0.72734375
-0.523974609375
-0.447412109375
-0.28232421875
-0.193798828125
-0.02392578125
0.04306640625
0.11005859375
0.24404296875
0.303857421875
0.4498046875
0.5359375
0.49765625
0.70341796875
0.73212890625
0.57421875
0.68427734375
1.09340820313
1.1005859375
0.768017578125
0.734521484375
1.00249023438
0.949853515625
0.84697265625
0.77998046875
0.74169921875
0.681884765625
0.758447265625
0.70341796875
0.461767578125
0.4880859375
0.47373046875
0.41630859375
0.327783203125
0.265576171875
0.294287109375
0.174658203125
0.126806640625
0.1244140625
0.107666015625
0.059814453125
-0.031103515625
-0.0765625
-0.069384765625
-0.117236328125
-0.074169921875
-0.0765625
-0.08134765625
-0.088525390625
-0.069384765625
-0.07177734375
-0.045458984375
0.07177734375
0.193798828125
0.160302734375
0.33017578125
0.440234375
0.5263671875
0.6220703125
0.701025390625
0.77041015625
0.68427734375
0.959423828125
1.25849609375
1.09819335938
1.41162109375
1.55756835938
1.73461914063
1.8470703125
1.87817382813
2.13896484375
2.22509765625
2.43325195313
2.56005859375
2.76342773438
2.86391601563
2.91655273438
3.15581054688
3.2251953125
3.30893554688
3.3591796875
3.50512695313
3.54340820313
3.57451171875
3.58647460938
3.58647460938
3.50751953125
3.47163085938
3.38310546875
3.33525390625
3.3400390625
3.09599609375
3.043359375
2.90219726563
2.82802734375
2.86391601563
2.622265625
2.56723632813
2.507421875
2.45239257812
2.36865234375
2.33754882813
2.22270507813
2.19877929688
2.17006835938
2.00498046875
1.94995117188
1.87338867188
1.84228515625
1.79921875
1.77290039063
1.7322265625
1.69633789063
1.72265625
1.7322265625
1.95234375
2.03129882813
2.35668945312
2.56005859375
2.59594726562
2.64619140625
2.52416992188
2.42846679688
2.16528320312
2.03369140625
1.86381835938
1.7513671875
1.35419921875
1.22021484375
0.940283203125
0.6220703125
0.404345703125
0.17705078125
0.069384765625
-0.016748046875
-0.1435546875
-0.222509765625
-0.19619140625
-0.155517578125
-0.112451171875
-0.011962890625
0.13876953125
0.165087890625
0.256005859375
0.294287109375
0.361279296875
0.413916015625
0.43544921875
0.375634765625
0.327783203125
0.28232421875
0.03349609375
0.09091796875
-0.210546875
-0.342138671875
-0.41630859375
-0.543115234375
-0.765625
-0.949853515625
-1.15561523438
-1.3302734375
-1.46665039063
-1.52885742188
-1.15083007813
-0.7369140625
-0.36845703125
-0.011962890625
0.17705078125
0.765625
1.05034179688
1.25131835938
1.50493164063
1.53842773438
1.55278320313
1.40444335938
1.15083007813
0.64599609375
0.32060546875
0.0861328125
0.057421875
-0.351708984375
-0.734521484375
-1.15322265625
-1.39965820312
-1.53125
-1.7130859375
-2.09829101563
-2.20356445313
-2.41171875
-2.51938476563
-2.65576171875
-2.66293945313
-2.7849609375
-2.78256835938
-2.82084960938
-2.78735351562
-2.74428710938
-2.64619140625
-2.64140625
-2.59594726562
-2.60073242188
-2.51220703125
-2.4595703125
-2.38540039063
-2.3830078125
-2.316015625
-2.29926757813
-2.2298828125
-2.20356445313
-2.2298828125
-2.02651367188
-1.87817382813
-1.72504882813
-1.64848632813
-1.68198242188
-1.46904296875
-1.4068359375
-1.40444335938
-1.3685546875
-1.42358398438
-1.50014648438
-1.52407226563
-1.51928710938
-1.51689453125
-1.50493164063
-1.512109375
-1.60541992188
-1.61259765625
-1.72265625
-1.68916015625
-1.7513671875
-1.7896484375
-1.87099609375
-1.96669921875
-1.95712890625
-1.95952148438
-1.98583984375
-1.99780273438
-1.97866210938
-1.94755859375
-1.91166992188
-1.9044921875
-1.80161132813
-1.8375
-1.84228515625
-1.76811523438
-1.7130859375
-1.65087890625
-1.61259765625
-1.59345703125
-1.60063476563
-1.550390625
-1.74418945313
-1.76333007813
-1.7609375
-1.79682617188
-1.89252929688
-1.94755859375
-1.93559570313
-1.96669921875
-1.780078125
-1.87099609375
-1.79682617188
-1.78486328125
-1.80161132813
-1.67001953125
-1.57192382813
-1.52407226563
-1.51450195313
-1.51689453125
-1.48579101563
-1.48100585938
-1.49536132812
-1.48579101563
-1.49775390625
-1.4546875
-1.48579101563
-1.43315429688
-1.34223632813
-1.33266601563
-1.28720703125
-1.28959960938
-1.2728515625
-1.49536132812
-1.67001953125
-1.90688476563
-1.9044921875
-1.84228515625
-1.87817382813
-1.83989257813
-1.80400390625
-1.6939453125
-1.54799804688
-1.4833984375
-1.49057617188
-1.23217773438
-1.15561523438
-1.13647460938
-1.05034179688
-1.00009765625
-0.96181640625
-0.906787109375
-0.77998046875
-0.715380859375
-0.6986328125
-0.64599609375
-0.638818359375
-0.638818359375
-0.586181640625
-0.567041015625
-0.571826171875
-0.590966796875
-0.634033203125
-0.734521484375
-0.897216796875
-0.992919921875
-1.0240234375
-1.30634765625
-1.3015625
-1.33505859375
-1.71787109375
-1.74418945313
-2.0001953125
-2.0767578125
-2.24423828125
-2.29926757813
-2.36865234375
-2.59116210938
-2.65815429688
-2.6509765625
-2.90458984375
-2.93090820312
-3.19409179688
-3.25629882813
-3.30415039063
-3.3783203125
-3.4166015625
-3.37353515625
-3.37592773438
-3.37353515625
-3.30415039063
-3.26826171875
-3.17016601563
-3.13427734375
-3.15102539063
-2.94765625
-2.9189453125
-2.76821289063
-2.70361328125
-2.67729492188
-2.47153320313
-2.4212890625
-2.25859375
-2.15810546875
-2.04565429688
-1.96669921875
-1.86860351563
-1.63891601563
-1.51928710938
-1.48818359375
-1.24892578125
-1.15322265625
-1.06708984375
-0.892431640625
-0.8517578125
-1.02641601563
-0.5359375
-0.677099609375
-0.55029296875
-0.57900390625
-0.562255859375
-0.217724609375
-0.9666015625
-0.76083984375
-0.514404296875
-0.5837890625
-0.619677734375
-0.667529296875
-0.796728515625
-0.892431640625
-0.873291015625
-0.81826171875
-0.63642578125
-0.6029296875
-0.5359375
-0.495263671875
-0.514404296875
-0.595751953125
-0.52158203125
-0.351708984375
0.236865234375
0.38759765625
0.37802734375
0.332568359375
0.3158203125
0.631640625
0.782373046875
0.9953125
1.1005859375
1.129296875
1.4546875
1.5791015625
1.80400390625
1.95712890625
2.1341796875
2.2873046875
2.41411132813
2.64619140625
2.75146484375
2.82084960938
3.08642578125
3.13666992188
3.31850585938
3.426171875
3.48837890625
3.73959960938
3.83291015625
3.98603515625
4.0482421875
3.99560546875
4.14633789063
4.20615234375
4.21333007813
4.20854492188
4.15830078125
4.1822265625
4.20854492188
4.11762695313
4.06977539063
4.09370117188
3.84008789063
3.79702148438
3.62475585938
3.52666015625
3.42377929688
3.34482421875
3.24194335938
3.00268554688
2.95004882813
2.8328125
2.76342773438
2.737109375
2.70361328125
2.65576171875
2.66772460938
2.60551757813
2.53134765625
2.38061523438
2.32797851563
2.33754882813
2.33515625
2.29208984375
2.33994140625
2.43564453125
2.55048828125
2.58876953125
2.60551757813
2.63422851563
2.64858398438
2.62944335938
2.90698242188
2.96201171875
3.00268554688
3.01704101563
3.0912109375
3.15102539063
3.19887695313
3.25869140625
3.27543945313
3.24912109375
3.4740234375
3.53383789063
3.502734375
3.49794921875
3.4453125
3.47641601563
3.43334960938
3.30893554688
3.3017578125
3.30654296875
3.24912109375
3.13427734375
3.37592773438
3.12231445313
2.81606445313
2.9189453125
3.11752929688
3.04575195313
2.94526367188
3.05053710938
2.7849609375
2.66533203125
2.95004882813
2.87587890625
2.69643554688
2.72993164063
2.70361328125
2.68447265625
2.64619140625
2.68208007813
2.6509765625
2.66533203125
2.63901367188
2.64379882812
2.55288085938
2.54091796875
2.62465820313
2.61030273438
2.66533203125
2.83759765625
2.95244140625
2.91176757813
3.14145507813
3.19169921875
3.26826171875
3.28500976563
3.25151367188
2.9955078125
2.86870117188
2.61987304688
2.49306640625
2.3255859375
2.048046875
1.89013671875
1.7322265625
1.5599609375
1.47622070313
1.1484375
0.9857421875
0.7560546875
0.653173828125
0.552685546875
0.29189453125
0.2009765625
0.011962890625
-0.133984375
-0.25361328125
-0.30625
-0.327783203125
-0.361279296875
-0.34453125
-0.313427734375
-0.2583984375
-0.21533203125
-0.021533203125
0.083740234375
0.2775390625
0.361279296875
0.45458984375
0.59814453125
0.710595703125
0.882861328125
0.959423828125
0.997705078125
1.2345703125
1.244140625
1.320703125
1.6173828125
1.61977539063
1.64370117188
1.6365234375
1.6748046875
1.66284179688
1.665234375
1.8279296875
1.64370117188
1.66284179688
1.7130859375
1.6748046875
1.60541992188
1.56474609375
1.57670898438
1.59106445313
1.57431640625
1.66044921875
1.46904296875
1.41879882813
1.3015625
1.225
1.20346679688
0.978564453125
0.92353515625
0.73212890625
0.65556640625
0.57421875
0.52158203125
0.442626953125
0.299072265625
0.217724609375
0.260791015625
0.06220703125
0.035888671875
0.002392578125
-0.04306640625
-0.112451171875
-0.117236328125
-0.11962890625
-0.122021484375
-0.1052734375
-0.088525390625
-0.069384765625
-0.016748046875
0.064599609375
0.083740234375
0.150732421875
0.184228515625
0.246435546875
0.3828125
0.509619140625
0.667529296875
0.815869140625
1.18911132813
1.34462890625
1.48579101563
1.79921875
1.84946289063
1.91166992188
2.07436523438
2.07197265625
2.29208984375
2.17963867188
1.85903320313
1.87338867188
1.72744140625
1.67958984375
1.62216796875
1.47143554688
1.46904296875
1.12211914063
1.03837890625
0.937890625
0.830224609375
0.7560546875
0.547900390625
0.4689453125
0.447412109375
0.16748046875
0.0287109375
-0.122021484375
-0.251220703125
-0.401953125
-0.555078125
-0.6890625
-0.873291015625
-1.0240234375
-1.13168945313
-1.1197265625
-1.31831054688
-1.3302734375
-1.48818359375
-1.18671875
-1.29438476563
-1.15561523438
-0.8708984375
-0.657958984375
-0.600537109375
-0.270361328125
-0.12919921875
-0.141162109375
0.13876953125
0.26796875
0.389990234375
0.514404296875
0.509619140625
0.744091796875
0.88525390625
0.997705078125
1.091015625
1.18671875
1.1962890625
1.21064453125
1.24653320313
1.22260742188
1.22021484375
1.19389648438
1.1388671875
1.07666015625
0.978564453125
0.899609375
0.892431640625
0.528759765625
