1.56235351563
1.77290039063
1.88774414063
1.97626953125
2.11743164062
2.24663085938
2.3255859375
2.47631835938
2.55766601563
2.62944335938
2.660546875
2.775390625
2.74428710938
2.87109375
2.94047851563
2.89741210938
2.97158203125
3.0146484375
3.00986328125
2.928515625
2.8615234375
2.78256835938
2.62465820313
2.72036132813
2.63901367188
2.73950195312
2.83999023438
2.45717773438
2.80649414063
2.95004882813
2.92133789063
2.84956054688
2.87827148438
2.8998046875
2.87348632813
2.88784179688
2.8232421875
2.75385742188
2.71079101563
2.72036132813
2.83999023438
2.92612304688
3.043359375
2.82563476563
2.73950195312
2.7466796875
2.73471679688
2.622265625
2.37822265625
2.14375
2.02172851562
1.9427734375
1.53603515625
1.25849609375
1.00009765625
0.873291015625
0.624462890625
0.567041015625
0.356494140625
0.2583984375
0.20576171875
0.19140625
0.413916015625
0.174658203125
0.155517578125
0.21533203125
0.074169921875
0.011962890625
-0.074169921875
-0.547900390625
-0.7369140625
-0.8326171875
-1.1005859375
-1.14125976563
-1.22260742188
-1.32788085938
-1.23217773438
-1.22260742188
-1.13408203125
-1.17954101563
-0.97138671875
-1.29916992188
-1.30634765625
-1.52646484375
-1.50014648438
-1.66762695313
-1.74418945313
-1.72983398438
-1.79443359375
-1.60302734375
-1.626953125
-1.42358398438
-1.40444335938
-1.3685546875
-1.25849609375
-1.27524414063
-1.26806640625
-1.36137695313
-1.32309570313
-1.23935546875
-1.52646484375
-1.8662109375
-1.58627929688
-1.97866210938
-2.05283203125
-2.29448242188
-2.40693359375
-2.51938476563
-2.6796875
-2.78735351562
-2.88305664062
-2.95244140625
-2.93330078125
-3.00268554688
-2.94526367188
-2.79213867188
-2.53852539063
-2.27055664063
-1.703515625
-1.41162109375
-1.33505859375
-0.87568359375
-0.65078125
-0.47373046875
-0.308642578125
-0.28232421875
-0.1818359375
-0.36845703125
-0.7369140625
-1.0431640625
-1.36376953125
-1.54560546875
-1.79921875
-2.0384765625
-2.009765625
-2.20595703125
-2.19399414063
-2.20356445313
-2.41889648438
-2.19877929688
-2.392578125
-2.37104492188
-2.42846679688
-2.45239257812
-2.46674804688
-2.54809570312
-2.45239257812
-2.70600585938
-2.83520507812
-2.97397460938
-2.9955078125
-3.15581054688
-3.25869140625
-3.43095703125
-3.50512695313
-3.61279296875
-3.70131835938
-3.91186523438
-3.83291015625
-4.03149414062
-4.0578125
-4.0865234375
-4.0578125
-4.06499023438
-3.99560546875
-3.88076171875
-3.72524414063
-3.52426757813
-3.234765625
-3.15341796875
-2.90219726563
-2.77299804688
-2.8232421875
-2.7466796875
-2.83041992188
-2.80170898438
-3.07446289063
-3.28740234375
-3.4931640625
-3.65107421875
-3.770703125
-3.80419921875
-3.84008789063
-3.74916992188
-3.67021484375
-3.40942382813
-3.15102539063
-2.81127929688
-2.5744140625
-2.02890625
-1.77529296875
-1.65805664063
-1.61977539063
-1.50014648438
-1.52407226563
-1.61259765625
-1.72026367188
-1.72983398438
-1.80639648438
-1.86142578125
-1.98583984375
-1.79921875
-1.61259765625
-1.55756835938
-1.42119140625
-1.27045898438
-1.18432617188
-1.014453125
-0.997705078125
-1.0048828125
-1.014453125
-1.01684570312
-0.983349609375
-0.88525390625
-0.937890625
-0.940283203125
-0.93310546875
-0.854150390625
-0.677099609375
-0.53115234375
-0.375634765625
0.0095703125
0.2966796875
0.643603515625
1.00966796875
1.45708007813
1.84946289063
2.20595703125
2.73950195312
3.02900390625
3.08403320313
3.61997070313
3.3783203125
3.71806640625
3.89990234375
3.89272460938
3.91665039063
3.89990234375
3.73481445313
3.73481445313
3.6845703125
3.6462890625
3.55537109375
3.5505859375
3.6462890625
3.68217773438
3.78745117188
3.94536132813
4.18940429688
4.32578125
4.50043945313
4.9095703125
5.08422851562
5.20625
5.62255859375
5.62495117188
6.09389648438
6.0388671875
6.125
6.067578125
6.00297851563
5.90727539063
5.80678710938
5.4263671875
5.187109375
4.5267578125
4.2109375
3.58647460938
3.1294921875
2.80170898438
2.31123046875
2.04086914063
1.70830078125
1.44750976562
1.28959960938
0.9953125
0.815869140625
0.634033203125
0.3158203125
-0.11962890625
-0.4306640625
-0.657958984375
-1.04077148438
-1.10776367188
-1.378125
-1.22021484375
-1.10297851563
-1.225
-0.959423828125
-0.849365234375
-0.57421875
-0.337353515625
-0.19619140625
-0.150732421875
-0.0095703125
0.069384765625
0.12919921875
0.141162109375
0.117236328125
0.045458984375
0.083740234375
0.145947265625
0.287109375
0.153125
0.050244140625
-0.093310546875
-0.289501953125
-0.45458984375
-0.538330078125
-0.669921875
-1.052734375
-1.39248046875
-1.59345703125
-1.82553710938
-1.98823242188
-2.0767578125
-2.21791992188
-2.16049804688
-2.392578125
-2.42846679688
-2.48588867188
-2.5744140625
-2.48349609375
-2.46196289063
-2.33515625
-2.2490234375
-2.05522460938
-1.85424804688
-1.80639648438
-1.3685546875
-1.00966796875
-0.89482421875
-0.57900390625
-0.55986328125
-0.27275390625
-0.217724609375
-0.193798828125
-0.20576171875
-0.246435546875
-0.36845703125
-0.45458984375
-0.610107421875
-0.75126953125
-0.69384765625
-0.782373046875
-1.05034179688
-1.17236328125
-1.25131835938
-1.50732421875
-1.58388671875
-1.92602539063
-2.28969726563
-2.58637695313
-2.69165039062
-3.00747070313
-3.21801757813
-3.2443359375
-3.47163085938
-3.7037109375
-3.75874023438
-3.89033203125
-3.89272460938
-3.617578125
-3.39985351563
-3.12231445313
-2.78735351562
-2.34233398438
-1.89970703125
-1.6556640625
-1.46904296875
-1.22260742188
-0.844580078125
-0.667529296875
-0.669921875
-1.1005859375
-1.46665039063
-2.00258789063
-2.47153320313
-2.99311523438
-3.387890625
-3.74677734375
-4.076953125
-3.98364257813
-4.07456054688
-3.89272460938
-3.83530273438
-3.92143554688
-4.1056640625
-4.26357421875
-4.04584960938
-4.08173828125
-4.07934570312
-4.01713867188
-4.134375
-3.95732421875
-3.96450195313
-3.85444335938
-4.0099609375
-4.19418945313
-4.2109375
-4.21333007813
-4.13916015625
-4.07456054688
-3.9046875
-3.75634765625
-3.37114257813
-3.11513671875
-2.8041015625
-2.58159179688
-2.20834960938
-1.8375
-1.22021484375
-0.784765625
-0.3923828125
-0.095703125
0.33974609375
0.768017578125
1.14604492188
1.74418945313
2.0001953125
2.39975585938
2.86630859375
3.311328125
3.61040039063
3.96450195313
4.04345703125
4.3353515625
4.60810546875
4.9861328125
4.95024414063
5.02919921875
5.24453125
5.31870117188
5.55317382813
5.45268554688
5.55317382813
5.62255859375
5.6177734375
5.48618164063
5.44790039063
5.31870117188
5.28520507813
5.24692382813
5.97905273438
5.56274414062
3.39028320313
4.2875
4.30424804688
5.09140625
4.55786132812
2.99311523438
3.14145507813
3.67021484375
3.47880859375
2.92133789063
2.3830078125
1.93559570313
1.02163085938
1.66284179688
1.59584960938
0.835009765625
1.23217773438
1.43315429688
1.41162109375
1.378125
1.30874023438
1.12211914063
1.21064453125
-0.57421875
-0.169873046875
-0.57900390625
-0.89482421875
-1.11733398438
-1.3876953125
-1.62934570313
-1.71069335938
-1.72504882813
-1.76572265625
-1.69873046875
-1.62456054688
-1.45229492188
-1.35180664062
-1.24174804688
-1.22978515625
-1.129296875
-1.1580078125
-1.1484375
-1.21064453125
-1.129296875
-1.28002929688
-1.1388671875
-1.24892578125
-1.18911132813
-1.07905273438
-0.96181640625
-0.784765625
-0.983349609375
-0.772802734375
-0.514404296875
-0.605322265625
-0.586181640625
-0.47373046875
-0.6603515625
-0.49287109375
-0.0861328125
0.380419921875
0.528759765625
0.440234375
0.184228515625
0.440234375
0.401953125
0.16748046875
-0.095703125
-0.557470703125
-0.691455078125
-1.09580078125
-0.99052734375
-1.32548828125
-1.4833984375
-1.64848632813
-1.88295898438
-2.05522460938
-2.18681640625
-2.48110351563
-2.85673828125
-3.00268554688
-3.03139648438
-2.95483398438
-3.05771484375
-2.65815429688
-2.38779296875
-2.41171875
-2.42846679688
-2.17485351563
-1.8853515625
-1.86381835938
-1.91166992188
-1.53603515625
-1.62216796875
-1.550390625
-1.741796875
-1.6939453125
-1.66044921875
-1.50493164063
-1.41879882813
-1.320703125
-1.28481445313
-1.27763671875
-1.320703125
-1.33266601563
-1.358984375
-1.14125976563
-1.07426757813
-1.12690429688
-1.14604492188
-1.30874023438
-1.4546875
-1.63891601563
-1.94995117188
-1.96669921875
-2.11264648438
-2.44760742188
-2.82802734375
-3.20126953125
-3.5697265625
-4.12001953125
-4.2970703125
-4.45258789063
-4.78276367188
-4.68706054688
-4.63442382813
-4.60810546875
-4.344921875
-4.09609375
-3.93579101563
-3.49077148438
-3.06489257813
-2.8423828125
-2.73232421875
-2.5265625
-2.41411132813
-2.31362304688
-2.49067382813
-2.48110351563
-2.48588867188
-2.51459960938
-2.45
-2.5169921875
-2.5552734375
-2.54331054688
-2.56484375
-2.59594726562
-2.56723632813
-2.7083984375
-2.81127929688
-2.97397460938
-2.8806640625
-3.196484375
-2.92373046875
-2.78256835938
-2.62705078125
-2.56245117188
-2.16767578125
-1.88774414063
-1.62456054688
-1.51928710938
-1.39008789063
-1.31591796875
-1.3685546875
-1.435546875
-1.60302734375
-1.7609375
-1.91166992188
-2.10068359375
-2.16528320312
-2.26098632812
-2.30405273438
-2.2873046875
-2.19877929688
-2.05522460938
-1.95473632813
-1.73701171875
-1.44033203125
-1.3015625
-0.95703125
-0.7369140625
-0.361279296875
-0.10048828125
0.366064453125
0.62685546875
0.940283203125
1.378125
1.68198242188
1.89013671875
2.0384765625
2.41411132813
2.7083984375
3.005078125
3.14384765625
3.2251953125
3.68217773438
3.98364257813
4.39038085938
4.48608398438
4.48129882813
4.88325195313
4.842578125
4.81147460938
4.76362304688
4.67749023438
4.60810546875
4.50283203125
4.2396484375
4.12241210938
3.73481445313
3.52905273438
3.48359375
3.22041015625
3.0720703125
3.17734375
3.081640625
3.21083984375
3.44052734375
3.58647460938
4.12958984375
4.39995117188
4.81865234375
5.05791015625
5.70390625
6.16328125
6.52216796875
6.77099609375
7.19208984375
7.2447265625
7.26865234375
6.88583984375
6.77099609375
6.44560546875
6.14892578125
5.90966796875
5.3115234375
4.2109375
3.17973632813
2.54809570312
1.7130859375
1.205859375
0.72734375
0.504833984375
0.284716796875
0.035888671875
-0.057421875
0.007177734375
0.069384765625
-0.093310546875
-0.26796875
-0.20576171875
-0.38759765625
-0.73212890625
-1.05512695313
-1.29677734375
