0.42587890625
0.32060546875
0.3349609375
0.22490234375
0.1626953125
0.098095703125
0.08134765625
0.002392578125
0.00478515625
0.00478515625
-0.06220703125
-0.093310546875
-0.13876953125
-0.189013671875
-0.227294921875
-0.275146484375
-0.325390625
-0.380419921875
-0.38759765625
-0.45458984375
-0.516796875
-0.543115234375
-0.6029296875
-0.614892578125
-0.610107421875
-0.6125
-0.6125
-0.57900390625
-0.59814453125
-0.555078125
-0.552685546875
-0.571826171875
-0.547900390625
-0.51201171875
-0.46416015625
-0.452197265625
-0.389990234375
-0.342138671875
-0.356494140625
-0.375634765625
-0.404345703125
-0.40673828125
-0.337353515625
-0.59814453125
-0.447412109375
-0.210546875
-0.437841796875
-0.169873046875
-0.184228515625
-0.38759765625
-0.083740234375
-0.16748046875
-0.021533203125
0.055029296875
0.107666015625
0.153125
0.210546875
0.325390625
0.33017578125
0.44501953125
0.519189453125
0.586181640625
0.681884765625
0.6794921875
0.624462890625
0.796728515625
0.7751953125
0.7943359375
0.796728515625
0.80390625
0.78955078125
0.782373046875
0.705810546875
0.691455078125
0.61728515625
0.57900390625
0.4498046875
0.30625
0.212939453125
0.26796875
0.026318359375
-0.07177734375
-0.2775390625
-0.3541015625
-0.3732421875
-0.614892578125
-0.71298828125
-0.768017578125
-0.968994140625
-0.98095703125
-1.20346679688
-1.21303710938
-1.26328125
-1.26088867188
-1.32548828125
-1.33266601563
-1.3685546875
-1.39248046875
-1.3876953125
-1.41640625
-1.39008789063
-1.38291015625
-1.38530273438
-1.39487304688
-1.33266601563
-1.2919921875
-1.1962890625
-1.10297851563
-1.02163085938
-0.93310546875
-0.77998046875
-0.710595703125
-0.60771484375
-0.346923828125
-0.2775390625
-0.083740234375
0.098095703125
0.19619140625
0.480908203125
0.56943359375
0.74169921875
0.887646484375
1.0048828125
1.13168945313
1.205859375
1.2728515625
1.45708007813
1.52407226563
1.54799804688
1.588671875
1.626953125
1.626953125
1.626953125
1.56474609375
1.55278320313
1.66762695313
1.47861328125
1.50732421875
1.3015625
1.23217773438
1.13647460938
1.05751953125
0.976171875
0.7751953125
0.643603515625
0.555078125
0.55986328125
0.3349609375
0.2583984375
0.26318359375
0.227294921875
0.2009765625
0.356494140625
0.746484375
0.849365234375
1.02880859375
1.13408203125
1.23935546875
1.34462890625
1.47622070313
1.6078125
1.68676757813
1.80400390625
1.78247070313
1.96669921875
1.83271484375
1.818359375
1.79682617188
1.77529296875
1.66284179688
1.71069335938
1.8279296875
1.43793945313
1.71787109375
1.63173828125
1.67719726563
1.66284179688
1.65087890625
1.6939453125
1.73940429688
1.74418945313
1.76572265625
1.80639648438
1.96909179688
1.89252929688
1.92602539063
2.00498046875
2.0384765625
2.02172851562
2.07436523438
2.02890625
2.11264648438
2.12221679688
2.12700195313
2.1341796875
2.1150390625
2.1724609375
2.23466796875
2.23466796875
2.33994140625
2.45717773438
2.55766601563
2.67250976563
2.8615234375
2.9189453125
3.01943359375
3.13427734375
3.0625
3.2921875
3.26586914063
3.28022460938
3.29458007813
3.23715820313
3.215625
3.1390625
3.17734375
3.1390625
3.119921875
3.05771484375
3.0720703125
3.07446289063
3.02182617188
2.95244140625
3.005078125
2.98115234375
2.94526367188
2.88784179688
2.91176757813
2.78256835938
2.80888671875
2.90698242188
2.71557617188
2.71318359375
2.73471679688
2.70361328125
2.61987304688
2.60073242188
2.5744140625
2.54091796875
2.5265625
2.46674804688
2.42846679688
2.38061523438
2.3638671875
2.32797851563
2.37583007813
2.36865234375
2.35190429688
2.29448242188
2.26337890625
2.2490234375
2.27294921875
2.3447265625
2.40932617188
2.43325195313
2.430859375
2.41411132813
2.42846679688
2.43803710938
2.46435546875
2.44282226563
2.44521484375
2.42607421875
2.39975585938
2.39018554688
2.35668945312
2.30166015625
2.2873046875
2.25380859375
2.1916015625
2.15092773438
2.11743164062
2.03369140625
1.99301757813
1.971484375
1.92602539063
1.91166992188
1.933203125
1.92124023438
1.9140625
1.88774414063
1.9140625
1.92841796875
1.91645507813
1.9140625
1.9427734375
1.9810546875
2.01694335938
2.06958007812
2.12221679688
2.21791992188
2.24423828125
2.15810546875
2.3255859375
2.37822265625
2.44760742188
2.47153320313
2.58637695313
2.58637695313
2.62465820313
2.8328125
2.92373046875
2.94287109375
3.234765625
3.349609375
3.39028320313
3.43813476563
3.63671875
3.69174804688
3.72524414063
3.79462890625
3.83051757813
3.68696289063
3.86879882813
3.90708007813
3.88315429688
3.86879882813
3.83291015625
3.78984375
3.7515625
3.7037109375
3.67978515625
3.66303710938
3.68696289063
3.6845703125
3.60322265625
3.58647460938
3.54819335938
3.5697265625
3.45966796875
3.44291992188
3.48837890625
3.3783203125
3.14624023438
3.119921875
3.19409179688
2.93569335938
2.91176757813
2.83759765625
2.60073242188
2.58159179688
2.33276367188
2.36625976563
2.16049804688
2.12939453125
2.09829101563
2.0671875
2.11982421875
2.07197265625
2.13896484375
2.14135742188
2.18442382813
2.11743164062
2.10546875
2.06240234375
2.048046875
1.98583984375
1.93559570313
1.85424804688
1.8279296875
1.73461914063
1.6556640625
1.6556640625
1.54799804688
1.54799804688
1.71069335938
1.6365234375
1.7513671875
1.50493164063
1.63173828125
1.53842773438
1.7705078125
1.626953125
1.7513671875
1.59345703125
1.79204101563
1.70112304688
1.87099609375
1.95952148438
2.04565429688
2.05522460938
2.08872070313
2.19638671875
2.17724609375
2.1916015625
2.25380859375
2.2681640625
2.239453125
2.277734375
2.28491210938
2.43803710938
2.239453125
2.23706054688
2.18203125
2.28012695313
2.24423828125
2.26098632812
2.22509765625
2.354296875
3.09838867188
3.35200195313
3.50751953125
3.42138671875
3.26108398438
2.9955078125
2.67490234375
2.19877929688
1.7322265625
1.25849609375
0.93310546875
0.58857421875
0.232080078125
0.1052734375
-0.270361328125
-0.413916015625
-0.528759765625
-0.686669921875
-0.624462890625
-0.8326171875
-0.7751953125
-1.02880859375
-0.997705078125
-1.01684570312
-0.97138671875
-1.00009765625
-1.00966796875
-1.0048828125
-1.03837890625
-1.03120117188
-1.05034179688
-0.94267578125
-0.868505859375
-0.7369140625
-0.768017578125
-0.6029296875
-0.43544921875
-0.318212890625
-0.19619140625
-0.0861328125
-0.007177734375
0.06220703125
0.212939453125
0.284716796875
0.4115234375
0.4115234375
0.437841796875
0.490478515625
0.399560546875
0.31103515625
0.2296875
0.102880859375
0.016748046875
-0.057421875
-0.12919921875
-0.2775390625
-0.363671875
-0.4498046875
-0.52158203125
-0.6125
-0.66513671875
-0.71298828125
-0.6890625
-0.746484375
-0.77041015625
-0.739306640625
-0.784765625
-0.7943359375
-0.787158203125
-0.80869140625
-0.791943359375
-0.830224609375
-0.80390625
-0.844580078125
-0.784765625
-1.06708984375
-1.10776367188
-1.205859375
-1.29438476563
-1.45229492188
-1.58149414063
-1.73701171875
-1.75854492188
-2.009765625
-2.11264648438
-2.2107421875
-2.33515625
-2.42607421875
-2.59594726562
-2.5935546875
-2.66293945313
-2.74907226563
-2.80888671875
-2.87827148438
-3.03618164063
-3.13188476563
-3.18212890625
-3.43813476563
-3.37353515625
-3.62236328125
-3.66782226563
-3.74438476563
-3.81376953125
-3.808984375
-3.74438476563
-3.66782226563
-3.55537109375
-3.48120117188
-3.521875
-3.46206054688
-3.42856445313
-3.3974609375
-3.45727539063
-3.39028320313
-3.62475585938
-3.71806640625
-3.9142578125
-4.06259765625
-4.26357421875
-4.28989257813
-4.56982421875
-4.6607421875
-4.75405273438
-4.83540039063
-4.9287109375
-4.98134765625
-4.99091796875
-4.96459960938
-4.90239257813
-4.80908203125
-4.96938476563
-4.79233398438
-4.65595703125
-4.47890625
-4.28032226563
-4.15112304688
-4.038671875
-3.93579101563
-3.83291015625
-3.71567382813
-3.69653320313
-3.68217773438
-3.61040039063
-3.7515625
-3.7611328125
-3.77309570313
-3.86401367188
-3.92861328125
-4.00517578125
-4.11044921875
-4.18461914063
-3.99799804688
-4.4501953125
-4.44541015625
-4.55786132812
-4.61528320313
-4.62485351563
-4.67749023438
-4.69663085938
-4.77080078125
-4.79233398438
-5.0244140625
-4.95024414063
-5.23017578125
-5.24931640625
-5.25170898438
-5.2732421875
-5.24931640625
-5.12729492188
-4.95263671875
-4.89760742188
-4.69663085938
-4.29467773438
-4.06977539063
-3.78505859375
-3.54340820313
-3.24672851563
-3.005078125
-2.76342773438
-2.5935546875
-2.57919921875
-2.30883789062
-2.17724609375
-2.11264648438
-1.99780273438
-2.00258789063
-1.94755859375
-1.90688476563
-1.9810546875
-1.7609375
-1.69873046875
-1.64130859375
-1.57670898438
-1.512109375
-1.47143554688
-1.41162109375
-1.3876953125
-1.26088867188
-1.24653320313
-1.1484375
-1.17954101563
-1.07905273438
-1.07905273438
-1.01206054688
-0.92353515625
-0.873291015625
-0.85654296875
-0.854150390625
-0.830224609375
-0.77998046875
-0.858935546875
-0.784765625
-0.777587890625
-0.763232421875
-0.82783203125
-0.806298828125
-0.77041015625
-0.8134765625
-0.899609375
-0.648388671875
-0.708203125
-0.629248046875
-0.71298828125
-0.63642578125
-0.6125
-0.555078125
-0.538330078125
-0.523974609375
-0.5455078125
-0.519189453125
-0.437841796875
-0.42109375
-0.4306640625
-0.471337890625
-0.466552734375
-0.495263671875
-0.53115234375
-0.5455078125
-0.57900390625
-0.595751953125
-0.701025390625
-0.65078125
-0.669921875
-0.648388671875
-0.6794921875
-0.643603515625
-0.624462890625
-0.590966796875
-0.547900390625
-0.49287109375
-0.456982421875
-0.380419921875
-0.325390625
-0.28232421875
-0.169873046875
-0.11005859375
-0.01435546875
0.06220703125
0.1818359375
0.256005859375
0.36845703125
0.552685546875
0.638818359375
0.825439453125
0.9283203125
1.07905273438
1.24892578125
1.47143554688
1.63413085938
1.741796875
1.8662109375
1.9427734375
2.07197265625
2.124609375
2.22749023438
2.29208984375
2.3447265625
2.27055664063
2.27294921875
2.22749023438
2.201171875
2.0576171875
1.990625
1.88056640625
1.76572265625
1.856640625
1.63173828125
1.73940429688
1.58388671875
1.60302734375
1.63413085938
1.63891601563
1.64848632813
1.63891601563
1.72504882813
1.780078125
1.84467773438
1.97626953125
2.0576171875
2.086328125
2.11743164062
