-2.60073242188
-2.27534179688
-2.2681640625
-2.0384765625
-1.97387695313
-2.08154296875
-2.17963867188
-2.2107421875
-2.52416992188
-4.73251953125
-4.81865234375
-4.94545898438
-5.19189453125
-5.301953125
-5.5029296875
-5.35458984375
-5.25170898438
-5.07944335938
-5.05551757813
-4.9861328125
-4.77797851563
-4.68706054688
-4.63203125
-4.52915039063
-4.39755859375
-4.33056640625
-4.17504882812
-4.0865234375
-3.92143554688
-3.60322265625
-3.36396484375
-3.17495117188
-3.04814453125
-2.77778320313
-2.61030273438
-2.42368164063
-2.29448242188
-2.15810546875
-2.06958007812
-1.80400390625
-1.45708007813
-1.31591796875
-1.14125976563
-0.744091796875
-0.351708984375
-0.1052734375
0.631640625
0.44501953125
0.815869140625
1.14125976563
1.32788085938
1.50732421875
1.5791015625
1.65087890625
1.77768554688
1.94516601563
2.10307617188
2.0193359375
2.26337890625
2.3447265625
2.35668945312
2.36865234375
2.40932617188
2.41411132813
2.30405273438
2.48110351563
2.48828125
2.47392578125
2.48110351563
2.42607421875
2.42846679688
2.39736328125
2.41650390625
2.38061523438
2.3830078125
2.37822265625
2.35668945312
2.40454101562
2.43325195313
2.44521484375
2.51220703125
2.53852539063
2.58159179688
2.622265625
2.7275390625
2.73471679688
2.75146484375
2.737109375
2.77299804688
2.84956054688
2.89501953125
2.91416015625
2.94287109375
2.95483398438
3.02182617188
3.05532226563
3.1486328125
3.21323242188
3.26108398438
3.215625
3.37114257813
3.2443359375
3.44291992188
3.46923828125
3.3974609375
3.60322265625
3.6654296875
3.68935546875
3.70131835938
3.75634765625
3.77309570313
3.82094726563
3.78266601563
3.81376953125
3.9716796875
3.81376953125
3.7037109375
3.885546875
3.89990234375
3.9333984375
3.92861328125
3.84965820313
4.05063476563
4.06499023438
4.02192382813
4.06259765625
4.09609375
4.11284179688
4.14873046875
4.15112304688
4.12958984375
4.1056640625
4.09609375
4.11044921875
4.09130859375
4.08413085938
4.09848632813
4.07456054688
4.04584960938
4.0578125
3.85205078125
3.84008789063
3.73481445313
3.69174804688
3.6271484375
3.59365234375
3.5697265625
3.51708984375
3.47880859375
3.41420898438
3.37353515625
3.40703125
3.29936523438
3.26826171875
3.464453125
3.38310546875
3.33286132813
3.40224609375
3.43813476563
3.56254882813
3.5505859375
3.60083007813
3.60083007813
3.617578125
3.54819335938
3.49555664063
3.39267578125
3.35678710938
3.33764648438
3.3017578125
3.27543945313
3.28022460938
3.28740234375
3.29697265625
3.27783203125
3.2921875
3.32807617188
3.49794921875
3.464453125
3.47163085938
3.38310546875
3.30654296875
3.28979492188
3.25390625
3.14624023438
3.13188476563
3.15341796875
2.94287109375
2.91416015625
2.79453125
2.71079101563
2.6796875
2.43803710938
2.32797851563
2.27534179688
1.99301757813
1.88295898438
1.68916015625
1.4833984375
1.2728515625
1.35419921875
1.29677734375
0.9283203125
0.691455078125
0.667529296875
0.6125
0.466552734375
0.287109375
0.24404296875
0.165087890625
0.179443359375
0.145947265625
0.11484375
0.117236328125
0.203369140625
0.236865234375
0.270361328125
0.3349609375
0.342138671875
0.325390625
0.523974609375
0.543115234375
0.593359375
0.65556640625
0.619677734375
0.81826171875
0.921142578125
1.052734375
1.12211914063
1.1962890625
1.22978515625
1.27524414063
1.31591796875
1.32309570313
1.36137695313
1.31831054688
1.31591796875
1.34223632813
1.28959960938
1.29677734375
1.33745117188
1.16279296875
1.129296875
1.03837890625
0.97138671875
1.01684570312
0.78955078125
0.691455078125
0.64599609375
0.586181640625
0.471337890625
0.356494140625
0.26318359375
0.12919921875
0.050244140625
-0.0287109375
-0.095703125
-0.1818359375
-0.260791015625
-0.394775390625
-0.466552734375
-0.528759765625
-0.696240234375
-0.7560546875
-0.8708984375
-0.899609375
-0.98095703125
-1.0431640625
-1.08383789063
-1.21064453125
-1.26806640625
-1.282421875
-1.39248046875
-1.46186523438
-1.4642578125
-1.512109375
-1.57670898438
-1.588671875
-1.56235351563
-1.57431640625
-1.588671875
-1.5599609375
-1.512109375
-1.49057617188
-1.38291015625
-1.52646484375
-1.378125
-1.61499023438
-1.55756835938
-1.38051757813
-1.4259765625
-1.44750976562
-1.26088867188
-1.26088867188
-1.17475585938
-1.13408203125
-1.205859375
-0.992919921875
-0.9666015625
-0.84697265625
-0.6603515625
-0.55029296875
-0.500048828125
-0.562255859375
-0.351708984375
-0.337353515625
-0.2583984375
-0.20576171875
-0.284716796875
-0.098095703125
-0.07177734375
-0.007177734375
0.035888671875
-0.0478515625
0.03349609375
-0.03349609375
-0.2009765625
-0.24404296875
-0.370849609375
-0.43544921875
-0.57421875
-0.638818359375
-0.653173828125
-0.746484375
-0.815869140625
-0.91875
-1.00249023438
-0.940283203125
-1.17954101563
-1.24892578125
-1.37094726563
-1.4451171875
-1.45947265625
-1.6748046875
-1.7513671875
-1.87099609375
-1.93081054688
-2.05283203125
-2.08393554688
-2.1341796875
-2.24663085938
-2.28012695313
-2.37104492188
-2.41411132813
-2.47631835938
-2.53134765625
-2.55048828125
-2.47392578125
-2.63901367188
-2.69643554688
-2.74907226563
-2.775390625
-2.80888671875
-2.8232421875
-2.85673828125
-2.87827148438
-2.890234375
-2.9380859375
-2.86391601563
-2.851953125
-2.85913085938
-2.83999023438
-2.81606445313
-2.77060546875
-2.77299804688
-2.67250976563
-2.66293945313
-2.62944335938
-2.61748046875
-2.65576171875
-2.62465820313
-2.60551757813
-2.737109375
-2.54331054688
-2.56245117188
-2.55766601563
-2.60073242188
-2.53374023438
-2.63901367188
-2.58159179688
-2.43803710938
-2.51220703125
-2.53134765625
-2.45478515625
-2.430859375
-2.49067382813
-2.53134765625
-2.50024414062
-2.59116210938
-2.87109375
-2.86870117188
-2.90698242188
-2.87827148438
-2.85434570313
-2.88305664062
-2.8998046875
-2.93330078125
-2.89741210938
-2.75864257813
-2.9189453125
-2.91416015625
-2.91655273438
-2.92133789063
-2.8998046875
-2.83759765625
-2.82563476563
-2.79453125
-2.7466796875
-2.73471679688
-2.72514648438
-2.6701171875
-2.65815429688
-2.71079101563
-2.75146484375
-2.60791015625
-2.7275390625
-2.65815429688
-2.60791015625
-2.62705078125
-2.71557617188
-2.55766601563
-2.51220703125
-2.36625976563
-2.3255859375
-2.239453125
-2.19638671875
-2.17724609375
-2.23227539063
-2.24423828125
-2.26577148438
-2.25620117188
-2.21313476562
-2.20595703125
-2.18920898438
-2.1916015625
-2.16049804688
-2.15571289063
-2.1341796875
-2.10307617188
-2.08872070313
-2.12700195313
-2.0958984375
-2.15571289063
-2.14614257813
-2.1341796875
-2.14614257813
-2.09111328125
-2.06958007812
-2.05522460938
-2.01215820313
-1.93559570313
-1.97626953125
-1.8279296875
-1.7896484375
-1.7705078125
-1.57670898438
-1.51689453125
-1.31831054688
-1.1962890625
-1.13408203125
-0.8708984375
-0.899609375
-0.629248046875
-0.54072265625
-0.375634765625
-0.318212890625
-0.332568359375
-0.275146484375
-0.2392578125
-0.232080078125
-0.193798828125
-0.260791015625
-0.078955078125
-0.069384765625
-0.050244140625
-0.07177734375
-0.112451171875
-0.126806640625
-0.11005859375
-0.184228515625
-0.251220703125
-0.19140625
-0.428271484375
-0.50244140625
-0.55986328125
-0.600537109375
-0.7560546875
-0.7751953125
-0.90439453125
-0.92353515625
-0.976171875
-1.00727539063
-1.07666015625
-1.10297851563
-1.11733398438
-1.10297851563
-1.06708984375
-1.12211914063
-1.15083007813
-1.14604492188
-1.1484375
-1.18193359375
-1.16279296875
-1.18911132813
-1.16279296875
-1.16518554688
-1.15083007813
-1.17475585938
-1.225
-1.22978515625
-1.21303710938
-1.22021484375
-1.22260742188
-1.320703125
-1.282421875
-1.17954101563
-1.22260742188
-1.26088867188
-1.15561523438
-1.07905273438
-0.988134765625
-0.95224609375
-0.86611328125
-0.88046875
-0.6890625
-0.705810546875
-0.5359375
-0.5072265625
-0.490478515625
-0.33974609375
-0.21533203125
-0.1818359375
-0.05263671875
0.06220703125
0.122021484375
0.2392578125
0.29189453125
0.34453125
0.409130859375
0.452197265625
0.53115234375
0.6220703125
0.624462890625
0.80869140625
0.854150390625
0.87568359375
0.959423828125
0.930712890625
0.925927734375
0.935498046875
0.968994140625
0.940283203125
0.988134765625
1.00727539063
0.968994140625
0.954638671875
1.03598632813
1.02641601563
1.05034179688
1.20825195312
1.23217773438
1.35419921875
1.45947265625
1.51928710938
1.5599609375
1.89970703125
2.0384765625
2.24663085938
2.54809570312
2.890234375
3.10317382813
3.35439453125
3.54340820313
3.90947265625
4.11284179688
4.39516601563
4.59614257813
4.79233398438
4.957421875
5.30913085938
5.45747070313
5.78525390625
5.96708984375
6.0197265625
6.30205078125
6.39536132813
6.39057617188
6.28530273438
6.26376953125
5.97905273438
5.81635742188
5.57231445313
5.22060546875
4.957421875
4.59853515625
4.50283203125
4.32338867188
4.16547851563
3.99799804688
3.9525390625
3.63193359375
3.48598632813
3.30415039063
3.20366210938
3.03857421875
2.97158203125
2.83041992188
2.8615234375
2.37104492188
1.85185546875
1.11494140625
0.90439453125
0.878076171875
0.0478515625
-0.019140625
-0.2009765625
-0.514404296875
-0.887646484375
-1.05034179688
-0.921142578125
-1.09819335938
-1.07905273438
-1.11733398438
-1.11733398438
-0.916357421875
-0.839794921875
-0.9283203125
-1.22260742188
-1.19150390625
-1.4451171875
-1.57670898438
-1.60302734375
-1.57192382813
-1.56474609375
-1.48579101563
-1.42358398438
-1.35180664062
-0.940283203125
-1.18193359375
-1.06708984375
-0.964208984375
-0.902001953125
-0.89482421875
-0.906787109375
-0.882861328125
-0.878076171875
-0.91396484375
-0.8326171875
-0.77998046875
-0.835009765625
-0.9283203125
-0.849365234375
-0.839794921875
-0.80869140625
-0.823046875
-0.835009765625
-0.629248046875
-0.77998046875
-0.614892578125
-0.5455078125
-0.46416015625
-0.33017578125
-0.332568359375
-0.20576171875
-0.16748046875
-0.13876953125
0.031103515625
0.1052734375
0.21533203125
0.1626953125
0.251220703125
0.248828125
0.37802734375
0.39716796875
0.46416015625
0.614892578125
0.65078125
0.825439453125
0.906787109375
0.820654296875
1.05034179688
1.13408203125
1.1388671875
1.20346679688
1.16040039062
1.15322265625
1.091015625
1.09819335938
1.0048828125
0.97138671875
1.06948242188
0.861328125
0.744091796875
0.708203125
0.6412109375
0.5646484375
0.562255859375
0.51201171875
0.4498046875
0.42109375
