0.667529296875
0.681884765625
0.657958984375
0.65556640625
0.6220703125
0.083740234375
1.25610351562
0.24404296875
0.55029296875
0.3828125
0.337353515625
0.327783203125
0.3732421875
0.375634765625
0.38759765625
0.3828125
0.30625
0.478515625
0.43544921875
0.571826171875
0.5263671875
0.59814453125
0.6412109375
0.65078125
0.758447265625
0.784765625
0.87568359375
0.8326171875
1.10776367188
1.22739257813
1.4642578125
1.64848632813
1.8087890625
2.13657226563
2.32319335938
2.48588867188
2.83520507812
2.9955078125
3.06489257813
3.22998046875
3.50991210938
3.61997070313
3.77788085938
3.91665039063
4.08173828125
4.17026367188
4.1822265625
4.37124023438
4.40234375
4.41669921875
4.34013671875
4.2875
4.28271484375
4.33056640625
4.41669921875
4.440625
4.58657226563
4.37841796875
4.32817382813
4.25639648438
4.04345703125
4.0099609375
4.08173828125
4.05302734375
3.96928710938
3.7994140625
3.45009765625
3.2251953125
2.7849609375
2.45478515625
2.0576171875
1.93798828125
1.53842773438
1.23696289063
1.07426757813
1.04077148438
0.9283203125
0.9474609375
0.949853515625
0.935498046875
1.23935546875
1.48818359375
1.68676757813
2.201171875
2.69404296875
3.33525390625
3.84248046875
4.1056640625
4.23247070313
4.64877929688
4.79233398438
4.82104492188
4.75405273438
4.6798828125
4.421484375
3.97646484375
3.579296875
3.1486328125
2.67729492188
2.3255859375
2.01694335938
1.49296875
1.15322265625
0.787158203125
0.459375
0.325390625
0.10048828125
-0.2201171875
-0.394775390625
-0.586181640625
-0.66513671875
-0.62685546875
-0.849365234375
-1.091015625
-0.92353515625
-0.820654296875
-0.80390625
-0.772802734375
-0.696240234375
-0.667529296875
-0.763232421875
-0.533544921875
-0.44501953125
-0.385205078125
-0.236865234375
-0.095703125
-0.165087890625
0.093310546875
0.12919921875
0.21533203125
0.17705078125
0.236865234375
0.222509765625
0.308642578125
0.313427734375
0.246435546875
0.313427734375
0.20576171875
0.332568359375
0.23447265625
0.275146484375
0.155517578125
0.0861328125
0.03828125
-0.06220703125
-0.10048828125
-0.133984375
-0.31103515625
-0.346923828125
-0.490478515625
-0.490478515625
-0.748876953125
-0.796728515625
-1.03837890625
-1.18193359375
-1.28481445313
-1.26806640625
-1.56474609375
-1.60541992188
-1.61499023438
-1.68676757813
-1.8375
-1.76572265625
-1.83032226563
-1.90209960938
-2.01694335938
-2.11264648438
-2.26337890625
-2.30883789062
-2.56484375
-2.83041992188
-3.07685546875
-3.3208984375
-3.46923828125
-3.84008789063
-4.0578125
-4.13916015625
-4.55546875
-4.86650390625
-5.02202148438
-5.16079101563
-5.07705078125
-5.34262695313
-5.13208007812
-5.19189453125
-4.804296875
-4.78994140625
-4.73012695313
-4.37124023438
-4.191796875
-3.83291015625
-3.59365234375
-3.33286132813
-3.18212890625
-2.851953125
-2.73471679688
-2.52177734375
-2.26577148438
-2.14853515625
-1.93798828125
-1.80639648438
-1.78725585938
-1.83510742188
-1.54560546875
-1.43076171875
-1.05034179688
-0.897216796875
-0.57421875
-0.083740234375
0.478515625
0.978564453125
1.5982421875
2.07915039063
2.55288085938
2.890234375
3.22758789063
3.57690429688
4.18461914063
4.50043945313
4.83061523438
4.9765625
4.88564453125
4.7755859375
4.50043945313
4.18701171875
3.56494140625
3.3017578125
2.84477539063
2.61748046875
2.47153320313
2.5169921875
2.78017578125
2.98833007813
3.09360351563
3.20126953125
3.06967773438
3.17973632813
3.14145507813
3.16298828125
2.98354492188
2.87109375
2.75146484375
2.72993164063
2.56962890625
2.3255859375
2.19638671875
2.10786132813
2.04326171875
1.94038085938
1.89252929688
1.8087890625
1.50493164063
1.36376953125
1.2537109375
1.23217773438
1.18193359375
1.071875
0.937890625
0.897216796875
0.72734375
0.69384765625
0.7560546875
0.77041015625
0.80869140625
0.81826171875
0.9091796875
0.959423828125
0.935498046875
0.85654296875
0.784765625
0.76083984375
0.705810546875
0.76083984375
0.830224609375
0.839794921875
0.935498046875
0.930712890625
1.22021484375
1.41162109375
1.52407226563
1.59106445313
1.57431640625
1.92124023438
1.84467773438
2.03369140625
2.11025390625
2.14853515625
2.16528320312
2.10786132813
2.08872070313
2.162890625
2.16767578125
2.19877929688
2.201171875
2.19638671875
2.0576171875
2.11025390625
2.086328125
2.06000976563
2.1150390625
2.11743164062
2.27534179688
2.06479492188
2.04086914063
2.02651367188
2.13657226563
2.22749023438
2.277734375
2.53852539063
2.74428710938
2.79692382813
3.14145507813
3.28500976563
3.60322265625
3.78984375
3.97646484375
3.96450195313
4.00756835938
3.81137695313
3.75874023438
3.5314453125
3.44291992188
3.18212890625
3.18212890625
2.91655273438
2.8423828125
2.890234375
2.69165039062
2.74428710938
2.46435546875
2.39736328125
2.35668945312
2.3447265625
2.44282226563
2.04086914063
1.99780273438
2.13657226563
2.07915039063
1.990625
1.93081054688
1.75854492188
1.66044921875
1.71069335938
1.67958984375
1.67001953125
1.70830078125
1.69155273438
1.70590820313
1.7322265625
1.77529296875
1.82314453125
1.684375
1.90688476563
1.95952148438
2.09829101563
2.24663085938
2.37104492188
2.3447265625
2.60073242188
2.67490234375
2.8232421875
2.92612304688
3.02661132812
3.1294921875
3.25869140625
3.36396484375
3.33764648438
3.35678710938
3.33525390625
3.33525390625
3.25151367188
3.23955078125
3.21323242188
3.11513671875
2.9859375
2.92133789063
2.76821289063
2.63422851563
2.62944335938
2.46196289063
2.392578125
2.33515625
2.22270507813
2.11264648438
2.0384765625
1.97626953125
1.70590820313
1.59584960938
1.52407226563
1.3015625
1.0814453125
0.930712890625
0.839794921875
0.73212890625
0.6890625
0.595751953125
0.500048828125
0.394775390625
0.440234375
0.39716796875
0.33974609375
0.24404296875
0.2201171875
0.2392578125
0.16748046875
0.409130859375
0.44501953125
0.52158203125
0.600537109375
0.6794921875
0.657958984375
0.600537109375
0.65556640625
0.705810546875
0.45458984375
0.327783203125
0.232080078125
0.150732421875
-0.0669921875
-0.12919921875
-0.227294921875
-0.30625
-0.375634765625
-0.33017578125
-0.459375
-0.22490234375
-0.19140625
-0.112451171875
-0.1244140625
-0.011962890625
-0.00478515625
0.083740234375
0.07177734375
0.0669921875
0.126806640625
0.112451171875
0.098095703125
0.19140625
0.2201171875
0.299072265625
0.409130859375
0.4689453125
0.471337890625
0.562255859375
0.6412109375
0.710595703125
0.71298828125
0.69384765625
0.746484375
0.562255859375
0.547900390625
0.57900390625
0.346923828125
0.210546875
0.287109375
0.112451171875
0.0669921875
0.122021484375
-0.07177734375
-0.13876953125
-0.20576171875
-0.256005859375
-0.165087890625
-0.389990234375
-0.399560546875
-0.528759765625
-0.571826171875
-0.60771484375
-0.595751953125
-0.576611328125
-0.631640625
-0.7560546875
-0.634033203125
-0.88046875
-0.988134765625
-0.80869140625
-1.18193359375
-1.23935546875
-1.46186523438
-1.62934570313
-1.74658203125
-1.96430664063
-2.14853515625
-2.21791992188
-2.20595703125
-2.06240234375
-2.1341796875
-2.02172851562
-1.99301757813
-1.93559570313
-1.84946289063
-1.82075195313
-1.81118164063
-1.72504882813
-1.76333007813
-1.58388671875
-1.6078125
-1.6556640625
-1.43076171875
-1.37333984375
-1.26567382813
-1.29916992188
-1.25131835938
-1.22739257813
-1.1962890625
-1.24892578125
-1.25610351562
-1.34462890625
-1.43793945313
-1.397265625
-1.70112304688
-1.79921875
-1.71547851563
-1.66284179688
-1.80639648438
-1.89252929688
-1.95712890625
-2.02172851562
-2.1533203125
-2.2490234375
-2.31840820313
-2.35668945312
-2.4404296875
-2.49306640625
-2.54091796875
-2.63901367188
-2.71079101563
-2.71796875
-2.61987304688
-2.84716796875
-2.89501953125
-2.91176757813
-2.89501953125
-3.03857421875
-2.99311523438
-3.02661132812
-3.09599609375
-3.12231445313
-3.17255859375
-3.22998046875
-3.23237304688
-3.33764648438
-3.34243164063
-3.4166015625
-3.464453125
-3.51469726563
-3.57211914063
-3.6654296875
-3.64868164063
-3.70610351563
-3.52426757813
-3.61279296875
-3.33286132813
-3.19887695313
-3.04814453125
-2.91655273438
-2.79453125
-2.83041992188
-2.88784179688
-2.8998046875
-2.76103515625
-2.86870117188
-2.97397460938
-3.04814453125
-3.10795898438
-3.18212890625
-3.21323242188
-3.22280273438
-3.20126953125
-3.19887695313
-3.21323242188
-2.9763671875
-2.95244140625
-2.84956054688
-2.87827148438
-2.59833984375
-2.45478515625
-2.1533203125
-2.18442382813
-2.03608398438
-1.90927734375
-1.82314453125
-1.971484375
-1.7705078125
-1.62216796875
-1.44990234375
-1.3015625
-1.18193359375
-0.868505859375
-0.753662109375
-0.662744140625
-0.634033203125
-0.567041015625
-0.433056640625
-0.394775390625
-0.46416015625
-0.5072265625
-0.485693359375
-0.533544921875
-0.4880859375
-0.495263671875
-0.42587890625
-0.2009765625
-0.011962890625
0.026318359375
0.325390625
0.399560546875
0.442626953125
0.593359375
0.459375
0.404345703125
0.459375
0.337353515625
0.284716796875
0.37802734375
0.3828125
0.39716796875
0.342138671875
0.179443359375
0.04306640625
-0.05263671875
-0.083740234375
-0.284716796875
-0.380419921875
-0.459375
-0.342138671875
-0.5072265625
-0.4306640625
-0.325390625
-0.241650390625
-0.007177734375
-0.133984375
-0.011962890625
0.133984375
0.399560546875
0.595751953125
0.90439453125
1.50014648438
1.97866210938
2.29448242188
2.45478515625
2.46196289063
2.70361328125
2.6892578125
2.56005859375
2.32319335938
2.14614257813
2.07197265625
2.08872070313
2.09350585938
2.0958984375
1.85185546875
1.77529296875
1.47861328125
1.24653320313
1.03837890625
0.79912109375
0.3732421875
0.0095703125
-0.299072265625
-0.351708984375
-0.8421875
-1.06708984375
-1.33984375
-1.49057617188
-1.24174804688
-1.3685546875
-1.37094726563
-1.27045898438
-1.23696289063
-1.09340820313
-0.99052734375
-1.014453125
-0.997705078125
-0.976171875
-0.992919921875
-1.01684570312
-1.03837890625
-1.10776367188
-1.11254882812
-1.167578125
-1.225
-1.3015625
-1.28481445313
-1.57670898438
-1.588671875
-1.73461914063
-1.87817382813
-2.01694335938
-2.04565429688
-2.10546875
-1.99301757813
-2.24663085938
-2.37104492188
-2.52416992188
-2.23466796875
-2.698828125
-2.80888671875
-2.87348632813
-2.95004882813
