-3.3783203125
-3.41181640625
-3.42377929688
-3.37353515625
-3.3974609375
-3.41420898438
-3.45249023438
-3.4453125
-3.44770507813
-3.42856445313
-3.41181640625
-3.35439453125
-3.30654296875
-3.273046875
-3.25390625
-3.21083984375
-3.16059570313
-3.11752929688
-3.08403320313
-2.93090820312
-2.85434570313
-2.75864257813
-2.7275390625
-2.698828125
-2.55288085938
-2.49306640625
-2.32080078125
-2.31362304688
-2.3064453125
-2.2873046875
-2.24423828125
-2.21313476562
-2.13896484375
-2.13178710938
-2.10786132813
-2.0384765625
-2.05043945313
-2.13178710938
-1.9427734375
-1.87338867188
-1.85903320313
-1.81357421875
-1.780078125
-1.74897460938
-1.59106445313
-1.58149414063
-1.53842773438
-1.397265625
-1.38291015625
-1.37333984375
-1.28481445313
-1.23696289063
-1.1197265625
-1.091015625
-1.05034179688
-0.9666015625
-0.95224609375
-1.00966796875
-0.8326171875
-0.787158203125
-0.7177734375
-0.667529296875
-0.624462890625
-0.59814453125
-0.59814453125
-0.519189453125
-0.519189453125
-0.590966796875
-0.42109375
-0.41630859375
-0.461767578125
-0.47373046875
-0.452197265625
-0.447412109375
-0.437841796875
-0.440234375
-0.401953125
-0.342138671875
-0.308642578125
-0.29189453125
-0.251220703125
-0.19140625
-0.0478515625
0.016748046875
0.016748046875
0.251220703125
0.30625
0.46416015625
0.5359375
0.701025390625
0.820654296875
0.930712890625
1.167578125
1.27524414063
1.28720703125
1.54560546875
1.64848632813
1.80639648438
1.85424804688
1.8853515625
1.91884765625
1.89013671875
1.8375
1.78247070313
1.7705078125
1.66284179688
1.67001953125
1.54321289063
1.50493164063
1.51689453125
1.2919921875
1.19868164063
1.07666015625
0.978564453125
0.787158203125
0.669921875
0.58857421875
0.342138671875
0.2201171875
0.1244140625
-0.210546875
-0.34453125
-0.5359375
-0.593359375
-0.758447265625
-0.8900390625
-0.95224609375
-0.954638671875
-1.13647460938
-1.1197265625
-1.28481445313
-1.3685546875
-1.40922851563
-1.45708007813
-1.48818359375
-1.46186523438
-1.44272460938
-1.4546875
-1.39487304688
-1.33266601563
-1.26567382813
-1.26088867188
-1.11733398438
-1.03359375
-0.968994140625
-0.86611328125
-0.811083984375
-0.7369140625
-0.696240234375
-0.6220703125
-0.55029296875
-0.490478515625
-0.49287109375
-0.51201171875
-0.528759765625
-0.593359375
-0.595751953125
-0.68427734375
-0.715380859375
-0.746484375
-0.844580078125
-0.887646484375
-0.801513671875
-1.03598632813
-1.09819335938
-1.1388671875
-1.16518554688
-1.13408203125
-1.16997070313
-1.19389648438
-1.1962890625
-1.24653320313
-1.35180664062
-1.36376953125
-1.38530273438
-1.40922851563
-1.4451171875
-1.43315429688
-1.63173828125
-1.62934570313
-1.77290039063
-1.83032226563
-1.77529296875
-1.80639648438
-1.85424804688
-1.87817382813
-1.90688476563
-1.91645507813
-1.88774414063
-1.86860351563
-1.81118164063
-1.7609375
-1.7322265625
-1.67958984375
-1.67001953125
-1.81596679688
-1.55756835938
-1.4259765625
-1.39487304688
-1.397265625
-1.32788085938
-1.3111328125
-1.23935546875
-1.16040039062
-1.11254882812
-1.06469726562
-1.0623046875
-1.0431640625
-1.014453125
-0.988134765625
-0.935498046875
-0.91875
-0.935498046875
-0.868505859375
-0.82783203125
-0.820654296875
-0.791943359375
-0.73212890625
-0.595751953125
-0.69384765625
-0.74169921875
-0.509619140625
-0.495263671875
-0.480908203125
-0.37802734375
-0.287109375
-0.30146484375
-0.2201171875
-0.019140625
0.031103515625
0.107666015625
0.155517578125
0.18662109375
0.313427734375
0.34453125
0.447412109375
0.516796875
0.53115234375
0.5837890625
0.634033203125
0.634033203125
0.83740234375
0.8517578125
0.945068359375
1.0431640625
1.19868164063
1.2154296875
1.25849609375
1.40444335938
1.46665039063
1.63173828125
1.6939453125
1.72983398438
1.83032226563
1.89252929688
1.90688476563
2.10786132813
2.162890625
2.24423828125
2.29448242188
2.4021484375
2.43325195313
2.45239257812
2.507421875
2.48828125
2.50981445313
2.51938476563
2.5265625
2.5265625
2.50502929688
2.51220703125
2.4978515625
2.44521484375
2.41171875
2.4021484375
2.37583007813
2.37104492188
2.32797851563
2.277734375
2.26098632812
2.2107421875
2.19399414063
2.18681640625
2.14853515625
2.124609375
2.086328125
2.11982421875
2.10546875
2.14614257813
2.21552734375
2.07197265625
2.04086914063
2.07436523438
2.17006835938
2.14853515625
2.2873046875
2.14614257813
2.17006835938
2.12221679688
2.1341796875
2.17006835938
2.18681640625
2.162890625
2.14135742188
2.14614257813
2.14614257813
2.15092773438
2.15810546875
2.11025390625
2.11743164062
2.04086914063
2.02890625
1.97866210938
2.00258789063
1.90927734375
1.92841796875
1.90927734375
1.96909179688
1.8375
2.08154296875
2.10786132813
2.18442382813
2.24663085938
2.2873046875
2.2873046875
2.44521484375
2.24663085938
2.239453125
2.22749023438
2.23227539063
2.18681640625
2.18920898438
2.19877929688
2.18681640625
2.21552734375
2.24423828125
2.25380859375
2.33754882813
2.3638671875
2.44760742188
2.35908203125
2.56723632813
2.65576171875
2.71557617188
2.84956054688
2.87348632813
3.04096679688
3.18452148438
3.3208984375
3.5123046875
3.541015625
3.79223632813
4.07216796875
3.93818359375
4.20854492188
4.54829101563
4.68466796875
5.01723632813
5.25649414063
5.45029296875
5.71826171875
6.07236328125
6.16806640625
6.32119140625
6.64658203125
6.69682617188
6.73510742188
6.62983398438
6.52456054688
6.12260742188
5.9623046875
5.31630859375
4.97416992188
4.48608398438
4.19658203125
3.94057617188
3.57690429688
3.4931640625
3.13666992188
3.06967773438
2.94765625
2.85913085938
2.88784179688
2.81127929688
2.87348632813
2.90458984375
2.85673828125
2.86870117188
2.8232421875
2.7849609375
2.80649414063
2.6892578125
2.64379882812
2.61987304688
2.49067382813
2.45717773438
2.40454101562
2.28969726563
2.23227539063
1.99541015625
2.06240234375
2.05043945313
1.94516601563
1.82314453125
1.780078125
1.77529296875
1.80400390625
1.98344726563
1.89731445313
1.97866210938
2.09350585938
2.19877929688
2.29208984375
2.32080078125
2.58159179688
2.73232421875
2.88305664062
3.01943359375
3.1294921875
3.34482421875
3.43095703125
3.5123046875
3.54819335938
3.56494140625
3.63671875
3.42856445313
3.25869140625
3.17973632813
3.07685546875
3.00747070313
2.76103515625
2.61748046875
2.53374023438
2.24663085938
2.0767578125
1.89013671875
1.7896484375
1.59584960938
1.49775390625
1.40205078125
1.35180664062
1.11494140625
0.954638671875
0.976171875
0.76083984375
0.63642578125
0.480908203125
0.423486328125
0.4498046875
0.294287109375
0.28232421875
0.01435546875
-0.212939453125
-0.07177734375
0.031103515625
-0.208154296875
-0.440234375
-0.045458984375
-0.389990234375
-0.437841796875
-0.509619140625
-0.56943359375
-0.51201171875
-0.724951171875
-0.787158203125
-0.82783203125
-0.844580078125
-0.753662109375
-0.624462890625
-0.80869140625
-0.830224609375
-0.863720703125
-0.945068359375
-0.976171875
-1.03120117188
-1.09819335938
-1.225
-1.24653320313
-1.35419921875
-1.2345703125
-1.41879882813
-1.48100585938
-1.435546875
-1.45229492188
-1.52885742188
-1.37573242188
-1.29677734375
-1.358984375
-1.129296875
-1.129296875
-0.997705078125
-0.9283203125
-0.892431640625
-0.844580078125
-0.79912109375
-0.796728515625
-0.71298828125
-0.729736328125
-0.75126953125
-0.763232421875
-0.784765625
-0.87568359375
-0.916357421875
-0.92353515625
-0.9474609375
-1.0048828125
-0.978564453125
-0.9666015625
-1.01206054688
-1.03359375
-1.05751953125
-1.02641601563
-1.10537109375
-1.10297851563
-1.1388671875
-1.17475585938
-1.19389648438
-1.26088867188
-1.31591796875
-1.320703125
-1.26806640625
-1.28481445313
-1.32548828125
-1.33745117188
-1.07905273438
-1.04077148438
-0.9953125
-0.91396484375
-0.9091796875
-0.88525390625
-0.80390625
-0.835009765625
-0.765625
-0.7751953125
-0.6890625
-0.576611328125
-0.595751953125
-0.31103515625
-0.141162109375
0.02392578125
0.19619140625
0.289501953125
0.394775390625
0.389990234375
0.3349609375
0.299072265625
0.303857421875
0.136376953125
-0.172265625
-0.41630859375
-0.49765625
-0.672314453125
-1.02163085938
-1.17475585938
-1.3111328125
-1.36616210938
-1.46665039063
-1.473828125
-1.52646484375
-1.51450195313
-1.4451171875
-1.39487304688
-1.28720703125
-1.32548828125
-1.06708984375
-1.0240234375
-0.669921875
-0.571826171875
-0.20576171875
-0.0478515625
-0.050244140625
0.1244140625
-0.045458984375
-0.30146484375
-0.4498046875
-0.62685546875
-0.849365234375
-0.954638671875
-0.925927734375
-1.15561523438
-1.2537109375
-1.33505859375
-1.378125
-1.435546875
-1.47143554688
-1.45708007813
-1.48818359375
-1.4642578125
-1.48100585938
-1.50971679688
-1.53125
-1.49296875
-1.46904296875
-1.51689453125
-1.4451171875
-1.49775390625
-1.473828125
-1.473828125
-1.31831054688
-1.25849609375
-1.1388671875
-1.091015625
-1.00009765625
-0.988134765625
-1.01923828125
-0.976171875
-0.84697265625
-0.954638671875
-0.935498046875
-0.791943359375
-0.899609375
-0.758447265625
-0.6986328125
-0.657958984375
-0.734521484375
-0.57900390625
-0.500048828125
-0.46416015625
-0.342138671875
-0.241650390625
-0.153125
-0.2966796875
-0.07177734375
-0.01435546875
0.035888671875
-0.01435546875
-0.12919921875
-0.03349609375
-0.06220703125
-0.05263671875
-0.05263671875
-0.098095703125
-0.160302734375
-0.172265625
-0.256005859375
-0.428271484375
-0.533544921875
-0.65556640625
-0.815869140625
-0.80390625
-0.86611328125
-0.849365234375
-0.77041015625
-0.897216796875
-0.878076171875
-0.906787109375
-0.815869140625
-0.79912109375
-0.861328125
-0.708203125
-0.624462890625
-0.571826171875
-0.413916015625
-0.26318359375
-0.27275390625
-0.035888671875
0.11484375
0.198583984375
0.19140625
0.39716796875
0.4306640625
0.39716796875
0.41630859375
0.325390625
0.337353515625
0.363671875
0.423486328125
0.49765625
0.466552734375
0.68427734375
0.710595703125
0.75126953125
0.801513671875
0.8134765625
0.801513671875
0.854150390625
0.801513671875
0.801513671875
0.72734375
0.73212890625
0.57421875
0.39716796875
0.27275390625
0.212939453125
0.069384765625
0.04306640625
0.14833984375
-0.011962890625
-0.0478515625
-0.0669921875
-0.10048828125
-0.0095703125
-0.222509765625
-0.332568359375
-0.34453125
-0.3732421875
-0.4689453125
-0.5359375
-0.662744140625
-0.677099609375
