-0.758447265625
-0.753662109375
-0.782373046875
-0.78955078125
-0.8326171875
-0.9091796875
-0.77041015625
-0.964208984375
-0.89482421875
-1.014453125
-0.96181640625
-1.06469726562
-1.13168945313
-1.1580078125
-1.08623046875
-1.11254882812
-1.1005859375
-1.10537109375
-1.1197265625
-1.0240234375
-1.0431640625
-1.13168945313
-1.08623046875
-1.03837890625
-1.12690429688
-1.18911132813
-1.07666015625
-1.04555664063
-0.95703125
-0.9474609375
-0.906787109375
-0.85654296875
-0.744091796875
-0.73212890625
-0.708203125
-0.375634765625
-0.394775390625
-0.380419921875
-0.07177734375
0.0095703125
0.318212890625
0.5072265625
0.669921875
1.01923828125
1.225
1.28002929688
1.57431640625
1.72983398438
1.81596679688
1.90209960938
1.9236328125
1.9044921875
1.88774414063
1.894921875
1.87578125
1.83989257813
1.81596679688
1.81357421875
1.77529296875
1.75615234375
1.81357421875
1.76333007813
1.70830078125
1.7513671875
1.78725585938
1.684375
1.54799804688
1.39487304688
1.24892578125
1.11494140625
1.04555664063
0.784765625
0.6794921875
0.523974609375
0.3923828125
0.165087890625
0.210546875
0.150732421875
-0.1435546875
-0.322998046875
-0.586181640625
-0.69384765625
-0.784765625
-0.87568359375
-0.992919921875
-1.08862304688
-1.1962890625
-1.24174804688
-1.3302734375
-1.39487304688
-1.588671875
-1.80639648438
-1.92841796875
-1.9619140625
-2.05522460938
-2.14135742188
-2.316015625
-2.33276367188
-2.48828125
-2.56962890625
-2.5552734375
-2.4787109375
-2.5169921875
-2.53134765625
-2.75864257813
-2.67250976563
-2.57202148438
-2.46435546875
-2.354296875
-2.27055664063
-2.0671875
-1.90688476563
-1.82553710938
-1.51450195313
-1.4259765625
-1.31831054688
-1.24653320313
-1.15561523438
-1.17236328125
-1.129296875
-1.13647460938
-1.0240234375
-0.911572265625
-0.8517578125
-0.8708984375
-0.77041015625
-0.69384765625
-0.605322265625
-0.765625
-0.72255859375
-0.610107421875
-0.744091796875
-0.7369140625
-0.8134765625
-0.9857421875
-1.13408203125
-1.27763671875
-1.22739257813
-1.47861328125
-1.41640625
-1.59106445313
-1.6556640625
-1.73461914063
-1.8087890625
-1.80639648438
-1.89731445313
-1.91166992188
-2.01455078125
-2.10307617188
-2.16049804688
-2.0958984375
-2.02890625
-2.03129882813
-1.96909179688
-1.92841796875
-1.89731445313
-1.78725585938
-1.73461914063
-1.64130859375
-1.69873046875
-1.61259765625
-1.65805664063
-1.7130859375
-1.68198242188
-1.67719726563
-1.64370117188
-1.62456054688
-1.61259765625
-1.64848632813
-1.626953125
-1.53364257813
-1.54799804688
-1.52646484375
-1.50493164063
-1.56235351563
-1.5216796875
-1.54560546875
-1.51689453125
-1.59106445313
-1.60302734375
-1.60541992188
-1.6173828125
-1.65327148438
-1.7130859375
-1.72265625
-1.7513671875
-1.74418945313
-1.74897460938
-1.64609375
-1.56953125
-1.47622070313
-1.39487304688
-1.27763671875
-1.23217773438
-1.18432617188
-1.26567382813
-1.30874023438
-1.38530273438
-1.45708007813
-1.473828125
-1.50493164063
-1.6078125
-1.703515625
-1.75375976563
-1.90927734375
-2.03369140625
-2.09111328125
-2.32080078125
-2.52416992188
-2.68447265625
-2.99072265625
-3.08403320313
-3.30654296875
-3.41181640625
-3.5505859375
-3.56494140625
-3.85444335938
-3.87836914063
-4.05541992188
-4.0578125
-3.99560546875
-4.05063476563
-3.90229492188
-3.81616210938
-3.48598632813
-3.273046875
-3.19409179688
-3.06728515625
-3.0912109375
-3.06489257813
-3.02421875
-3.0912109375
-3.23955078125
-3.22998046875
-3.40463867188
-3.55776367188
-3.7037109375
-3.73959960938
-3.9525390625
-4.03149414062
-4.17026367188
-4.27553710938
-4.344921875
-4.29946289063
-4.52915039063
-4.58178710938
-4.7373046875
-4.65834960938
-4.71577148438
-4.7373046875
-4.66791992188
-4.80668945313
-4.8330078125
-4.86171875
-4.8234375
-4.78515625
-4.73251953125
-4.746875
-4.5841796875
-4.28989257813
-4.13676757813
-3.95732421875
-3.68935546875
-3.24672851563
-3.02900390625
-2.64619140625
-2.21552734375
-1.72504882813
-1.06948242188
-0.6220703125
0.363671875
0.949853515625
1.50971679688
1.77529296875
2.55048828125
2.98354492188
3.10078125
3.4166015625
3.3783203125
3.49555664063
3.49794921875
3.17016601563
2.99072265625
2.90698242188
2.70361328125
2.38540039063
2.28969726563
2.10546875
2.17963867188
2.29208984375
2.21313476562
2.47392578125
2.7083984375
2.81606445313
3.05053710938
3.17495117188
3.41420898438
3.53862304688
3.962109375
4.15590820313
4.21333007813
4.03388671875
3.90947265625
3.66303710938
3.04575195313
2.74907226563
2.201171875
1.64848632813
0.988134765625
0.322998046875
0.313427734375
0.2966796875
0.404345703125
0.42109375
0.5646484375
0.710595703125
0.897216796875
0.48330078125
0.325390625
0.05263671875
-0.040673828125
-0.370849609375
-0.69384765625
-0.882861328125
-0.992919921875
-1.091015625
-0.945068359375
-1.00727539063
-0.992919921875
-0.9857421875
-0.9283203125
-0.796728515625
-0.504833984375
-0.57900390625
-0.567041015625
-0.27275390625
-0.2296875
-0.241650390625
-0.251220703125
-0.227294921875
-0.27275390625
-0.452197265625
-0.476123046875
-0.791943359375
-0.954638671875
-1.22260742188
-1.397265625
-1.60302734375
-1.94755859375
-2.19877929688
-2.43325195313
-2.5552734375
-2.67729492188
-2.80649414063
-2.86870117188
-2.966796875
-2.95961914063
-2.93090820312
-2.77778320313
-2.7083984375
-2.5552734375
-2.41650390625
-2.06479492188
-1.9140625
-1.66284179688
-1.4068359375
-1.2154296875
-0.9283203125
-0.758447265625
-0.49765625
-0.313427734375
-0.208154296875
-0.141162109375
0.045458984375
0.098095703125
0.10048828125
0.088525390625
0.126806640625
0.193798828125
0.236865234375
0.153125
0.112451171875
0.04306640625
-0.08134765625
-0.18662109375
-0.33017578125
-0.325390625
-0.638818359375
-0.653173828125
-0.80869140625
-1.129296875
-1.36616210938
-1.49057617188
-1.65087890625
-1.81357421875
-2.00498046875
-2.048046875
-2.20834960938
-2.33515625
-2.4212890625
-2.3255859375
-2.5744140625
-2.74189453125
-2.60551757813
-2.66533203125
-2.6126953125
-2.45
-2.43325195313
-2.507421875
-2.46435546875
-2.48349609375
-2.5552734375
-2.63422851563
-2.73232421875
-2.8232421875
-2.91176757813
-3.0146484375
-3.07924804688
-3.2060546875
-3.24194335938
-3.30415039063
-3.40942382813
-3.61279296875
-3.68696289063
-3.77788085938
-4.02431640625
-4.2205078125
-4.13676757813
-4.42626953125
-4.43583984375
-4.52197265625
-4.5171875
-4.48608398438
-4.39516601563
-4.33774414063
-4.31860351562
-4.31142578125
-4.2396484375
-4.08413085938
-4.0291015625
-3.94296875
-3.85444335938
-3.76352539063
-3.57690429688
-3.51469726563
-3.38549804688
-3.11752929688
-2.8998046875
-2.74428710938
-2.6509765625
-2.30405273438
-2.04565429688
-1.91645507813
-1.53125
-1.378125
-0.765625
-0.476123046875
-0.141162109375
0.2009765625
0.447412109375
0.59814453125
0.653173828125
0.806298828125
0.634033203125
0.65078125
0.294287109375
-0.14833984375
-0.42587890625
-0.79912109375
-1.23935546875
-1.56713867188
-1.87817382813
-2.36147460938
-2.64858398438
-2.9572265625
-3.4453125
-3.67978515625
-4.36884765625
-4.66313476563
-5.13686523438
-5.06987304688
-5.148828125
-4.98374023438
-4.74208984375
-4.56025390625
-4.02670898438
-3.60322265625
-3.30654296875
-2.64858398438
-2.17006835938
-1.6748046875
-1.37573242188
-1.13647460938
-0.9283203125
-0.84697265625
-0.791943359375
-0.8517578125
-0.823046875
-1.11254882812
-1.29438476563
-1.40922851563
-1.75375976563
-1.92602539063
-2.0767578125
-2.354296875
-2.41889648438
-2.45478515625
-2.44282226563
-2.3830078125
-2.24663085938
-2.162890625
-2.01694335938
-1.971484375
-1.93081054688
-1.97866210938
-1.9810546875
-2.02651367188
-2.009765625
-2.18681640625
-2.16767578125
-2.40454101562
-2.4595703125
-2.48828125
-2.545703125
-2.6126953125
-2.698828125
-2.737109375
-2.813671875
-2.87827148438
-2.95244140625
-2.93569335938
-2.89741210938
-2.87827148438
-2.83520507812
-2.67250976563
-2.622265625
-2.38061523438
-2.25620117188
-2.0576171875
-1.74658203125
-1.70830078125
-1.50014648438
-1.32548828125
-0.949853515625
-0.729736328125
-0.523974609375
-0.15791015625
0.011962890625
0.361279296875
0.60771484375
0.873291015625
1.02880859375
1.1771484375
1.23935546875
1.6173828125
1.77768554688
1.92841796875
2.21791992188
2.28012695313
2.46196289063
2.48828125
2.51459960938
2.49545898438
2.48828125
2.41889648438
2.34711914063
2.32080078125
2.28969726563
2.34711914063
2.3734375
2.38779296875
2.41411132813
2.42846679688
2.46196289063
2.56723632813
2.60791015625
2.56962890625
2.47631835938
2.53134765625
2.62465820313
2.67250976563
2.70361328125
2.74428710938
2.698828125
2.62465820313
2.64379882812
2.59833984375
2.57680664063
2.45717773438
2.59594726562
2.64619140625
2.61748046875
2.62944335938
2.53852539063
2.4978515625
2.42846679688
2.277734375
2.18920898438
2.10546875
2.08154296875
1.91884765625
1.8470703125
1.8375
1.88056640625
1.72983398438
1.92841796875
1.90927734375
2.05522460938
2.18442382813
2.14614257813
2.47392578125
2.47392578125
2.52416992188
2.64858398438
2.50502929688
2.69165039062
2.49306640625
2.5935546875
2.38061523438
2.28491210938
2.24663085938
1.84467773438
1.60063476563
1.42358398438
1.03359375
0.8326171875
0.476123046875
0.21533203125
0.059814453125
-0.284716796875
-0.43544921875
-0.523974609375
-0.72734375
-0.849365234375
-0.820654296875
-1.05751953125
-1.16279296875
-1.31352539063
-1.37333984375
-1.40205078125
-1.41640625
-1.41162109375
-1.2728515625
-1.13168945313
-0.95224609375
-0.624462890625
-0.4689453125
-0.2583984375
-0.0478515625
0.203369140625
0.581396484375
0.70341796875
0.811083984375
0.9857421875
0.85654296875
1.03359375
0.937890625
1.03359375
0.839794921875
0.791943359375
0.748876953125
0.6794921875
1.08862304688
1.54560546875
1.35180664062
1.052734375
0.672314453125
0.6220703125
0.318212890625
0.093310546875
-0.18662109375
-0.370849609375
-0.440234375
-0.471337890625
-0.899609375
-1.08383789063
-1.3015625
-1.49296875
-1.6556640625
-1.65805664063
-1.684375
-1.83271484375
-1.7896484375
-1.89252929688
-1.96430664063
-1.98344726563
-2.10307617188
-2.20595703125
-2.47631835938
-2.59116210938
-2.61748046875
-2.80170898438
-3.00747070313
-3.20366210938
-3.19169921875
-3.26586914063
-3.34243164063
-3.40463867188
-3.45249023438
-3.4931640625
