3.94057617188
4.20375976563
4.39755859375
4.55307617188
4.84975585938
5.033984375
5.13447265625
5.3498046875
5.46943359375
5.81875
5.86181640625
5.91923828125
6.11064453125
6.12739257813
5.97426757813
6.0484375
6.16567382813
6.11782226563
5.95034179688
5.99340820312
5.93120117188
5.82114257813
5.73979492188
5.684765625
5.5029296875
5.455078125
5.1966796875
4.9669921875
4.77080078125
4.5650390625
4.383203125
4.33295898438
4.1439453125
4.08891601563
4.1248046875
4.153515625
4.09609375
4.08413085938
4.19418945313
4.41669921875
4.54111328125
4.73012695313
4.919140625
4.96220703125
5.24453125
5.35698242188
5.5029296875
5.5986328125
5.6751953125
5.94077148438
6.06279296875
6.23745117188
6.37861328125
6.47670898438
6.565234375
6.641796875
6.641796875
6.73510742188
6.526953125
6.45756835938
6.2685546875
6.11064453125
5.8666015625
5.70390625
5.5220703125
5.493359375
5.56274414062
5.62016601563
5.73022460938
5.80439453125
5.97426757813
6.067578125
6.16328125
6.182421875
6.16328125
6.27094726563
6.36665039063
6.38818359375
6.42646484375
6.4599609375
6.49106445313
6.50541992188
6.50541992188
6.44321289063
6.3833984375
6.26616210938
6.16328125
6.06279296875
5.9623046875
5.78046875
5.723046875
5.64409179688
5.52685546875
5.36416015625
5.263671875
5.16079101563
4.94067382812
4.78037109375
4.77080078125
4.70859375
4.66552734375
4.75883789063
4.86889648438
4.65834960938
4.63203125
4.54111328125
4.59135742188
4.50043945313
4.34013671875
4.15830078125
4.28989257813
4.46215820312
4.7181640625
4.97416992188
4.9287109375
4.6703125
4.52915039063
4.44301757813
4.50283203125
4.46694335938
4.31142578125
4.43344726563
4.57700195313
4.66313476563
4.63203125
4.2875
4.06259765625
3.87836914063
3.67739257813
3.732421875
3.67978515625
3.55776367188
3.46206054688
3.13666992188
2.98115234375
3.03857421875
2.8328125
2.90458984375
2.71318359375
2.63422851563
2.55288085938
2.27534179688
2.16528320312
2.0958984375
2.03129882813
1.96430664063
1.741796875
1.72504882813
1.665234375
1.6748046875
1.56235351563
1.50732421875
1.46665039063
1.34223632813
1.33505859375
1.3494140625
1.32309570313
1.30874023438
1.26088867188
1.31591796875
1.37573242188
1.39248046875
1.38291015625
1.37333984375
1.42358398438
1.49775390625
1.512109375
1.50971679688
1.55278320313
1.57670898438
1.67001953125
1.74418945313
1.741796875
1.74658203125
1.83271484375
1.9140625
1.9427734375
1.94995117188
1.95473632813
2.03369140625
2.086328125
2.09350585938
2.10307617188
2.1341796875
2.12700195313
2.0671875
2.0576171875
2.01455078125
1.98583984375
1.99780273438
1.84946289063
1.8375
1.81596679688
1.6939453125
1.6173828125
1.51450195313
1.4068359375
1.34462890625
1.2345703125
1.17954101563
1.13168945313
0.983349609375
0.83740234375
0.823046875
0.854150390625
0.815869140625
0.74169921875
0.705810546875
0.65078125
0.6125
0.610107421875
0.6986328125
0.734521484375
0.830224609375
0.78955078125
0.791943359375
0.8326171875
0.868505859375
0.777587890625
1.00727539063
1.05034179688
1.03598632813
1.0431640625
1.13408203125
1.16997070313
1.2154296875
1.30634765625
1.378125
1.282421875
1.3111328125
1.39965820312
1.5025390625
1.7322265625
1.80400390625
1.63891601563
1.67958984375
1.741796875
1.7896484375
1.684375
1.818359375
1.86142578125
1.91166992188
1.97626953125
2.0384765625
2.0384765625
2.02651367188
1.95473632813
1.95473632813
1.98344726563
1.81596679688
1.80400390625
1.65087890625
1.61499023438
1.6173828125
1.39965820312
1.28959960938
1.014453125
0.899609375
0.79912109375
0.51201171875
0.41630859375
0.174658203125
0.074169921875
-0.1052734375
-0.15791015625
-0.246435546875
-0.42109375
-0.53115234375
-0.765625
-0.81826171875
-0.90439453125
-0.988134765625
-1.05034179688
-1.10776367188
-1.13408203125
-1.13647460938
-1.10776367188
-1.12451171875
-1.1484375
-1.11494140625
-1.09819335938
-0.945068359375
-0.90439453125
-0.849365234375
-0.672314453125
-0.586181640625
-0.46416015625
-0.41630859375
-0.375634765625
-0.2296875
-0.203369140625
-0.165087890625
-0.11005859375
-0.050244140625
0.040673828125
0.057421875
0.165087890625
0.25361328125
0.26796875
0.102880859375
0.13876953125
0.112451171875
0.1244140625
0.102880859375
0.055029296875
-0.150732421875
-0.241650390625
-0.17705078125
-0.385205078125
-0.478515625
-0.65556640625
-0.777587890625
-0.791943359375
-1.0623046875
-1.14604492188
-1.435546875
-1.60541992188
-1.8470703125
-2.06958007812
-2.14375
-2.2490234375
-2.4212890625
-2.58876953125
-2.69404296875
-2.72514648438
-2.70600585938
-2.737109375
-2.70122070313
-2.61030273438
-2.62465820313
-2.50024414062
-2.34951171875
-2.11982421875
-1.93798828125
-1.8279296875
-1.57431640625
-1.43076171875
-1.03359375
-0.868505859375
-0.55986328125
-0.36845703125
-0.155517578125
0.21533203125
0.313427734375
0.8421875
0.983349609375
1.23935546875
1.36376953125
1.550390625
1.64848632813
1.780078125
1.91645507813
2.32080078125
2.48828125
2.50024414062
2.78974609375
2.93569335938
3.26586914063
3.46923828125
3.770703125
3.90708007813
4.20615234375
4.34252929688
4.459765625
4.74926757812
4.83061523438
5.01962890625
5.02919921875
5.07705078125
5.0626953125
5.05073242188
4.957421875
4.88564453125
4.78994140625
4.48369140625
4.344921875
4.06020507813
3.91665039063
3.90229492188
3.61518554688
3.387890625
3.273046875
3.158203125
2.94287109375
2.83041992188
2.78256835938
2.622265625
2.62465820313
2.63901367188
2.56484375
2.55288085938
2.59116210938
2.4404296875
2.53374023438
2.56005859375
2.56005859375
2.5744140625
2.58159179688
2.57202148438
2.54809570312
2.5744140625
2.65576171875
2.65336914063
2.64619140625
2.60551757813
2.58159179688
2.64379882812
2.66293945313
2.622265625
2.45239257812
2.55766601563
2.77778320313
2.62465820313
2.39497070313
2.39736328125
2.33037109375
2.15571289063
2.10307617188
1.99541015625
1.92602539063
1.8853515625
1.7322265625
1.62456054688
1.67001953125
1.41401367188
1.26328125
1.0048828125
0.85654296875
0.78955078125
0.815869140625
0.63642578125
0.4306640625
0.35888671875
0.270361328125
0.06220703125
0.0287109375
-0.165087890625
-0.208154296875
-0.2392578125
-0.466552734375
-0.4689453125
-0.56943359375
-0.58857421875
-0.58857421875
-0.610107421875
-0.672314453125
-0.629248046875
-0.61728515625
-0.657958984375
-0.74169921875
-0.63642578125
-0.5646484375
-0.514404296875
-0.4498046875
-0.409130859375
-0.32060546875
-0.299072265625
-0.03828125
0.059814453125
0.21533203125
0.25361328125
0.404345703125
0.47373046875
0.547900390625
0.782373046875
0.902001953125
0.940283203125
1.1962890625
1.28720703125
1.49057617188
1.703515625
1.87817382813
2.23706054688
2.21313476562
2.29448242188
2.61030273438
2.93330078125
3.387890625
3.5505859375
3.68935546875
3.732421875
3.92143554688
4.28510742188
4.43823242188
4.74926757812
4.76123046875
4.83779296875
4.94545898438
5.07944335938
5.25170898438
5.2732421875
5.22778320312
5.17036132813
5.09619140625
5.11533203125
5.08662109375
4.95981445313
4.90239257813
4.80668945313
4.50522460938
4.45498046875
4.35927734375
4.306640625
4.2205078125
3.9908203125
3.84487304688
3.63432617188
3.502734375
3.48120117188
3.34721679688
3.27543945313
3.16298828125
2.94287109375
2.928515625
2.77299804688
2.63422851563
2.62705078125
2.77299804688
2.71318359375
2.62705078125
2.55048828125
2.5265625
2.32797851563
2.316015625
2.58159179688
2.59594726562
2.64619140625
2.57919921875
2.51938476563
2.545703125
2.58159179688
2.65576171875
2.64379882812
2.65336914063
2.6892578125
2.68208007813
2.64858398438
2.65576171875
2.65815429688
2.68447265625
2.70122070313
2.71079101563
2.69404296875
2.69165039062
2.76103515625
2.78017578125
2.76821289063
2.91176757813
2.96440429688
2.9955078125
3.04575195313
3.19169921875
3.234765625
3.23715820313
3.28979492188
3.33525390625
3.234765625
3.48837890625
3.47641601563
3.502734375
3.47880859375
3.50991210938
3.47163085938
3.4548828125
3.40942382813
3.32807617188
3.1486328125
3.06489257813
3.03618164063
2.72275390625
2.60073242188
2.48110351563
2.354296875
2.24423828125
2.2681640625
1.990625
1.87817382813
1.73701171875
1.626953125
1.56474609375
1.2728515625
1.09340820313
0.9953125
0.820654296875
0.691455078125
0.533544921875
0.44501953125
0.153125
0.11005859375
-0.107666015625
-0.16748046875
-0.3828125
-0.41630859375
-0.33017578125
-0.53115234375
-0.509619140625
-0.5837890625
-0.56943359375
-0.547900390625
-0.51201171875
-0.50244140625
-0.380419921875
-0.385205078125
-0.313427734375
-0.236865234375
-0.222509765625
-0.227294921875
-0.179443359375
-0.069384765625
-0.02392578125
0.011962890625
0.145947265625
0.17705078125
0.318212890625
0.519189453125
0.40673828125
0.428271484375
0.189013671875
0.016748046875
-0.08134765625
-0.528759765625
-0.62685546875
-1.03598632813
-1.34462890625
-1.6556640625
-1.92841796875
-2.05522460938
-2.16767578125
-2.50263671875
-2.5169921875
-2.42846679688
-2.64619140625
-2.62705078125
-2.7083984375
-2.6126953125
-3.01943359375
-3.1390625
-3.26108398438
-3.48359375
-3.65107421875
-3.6654296875
-3.78505859375
-3.77548828125
-3.90229492188
-4.08891601563
-4.06259765625
-3.99799804688
-4.13198242188
-4.25400390625
-4.39755859375
-4.30903320313
-4.31142578125
-4.23247070313
-4.2587890625
-4.21333007813
-4.09370117188
-4.02431640625
-4.00756835938
-4.09130859375
-3.81376953125
-3.67260742188
-3.541015625
-3.33286132813
-2.95004882813
-2.77778320313
-2.64379882812
-2.65576171875
-2.48828125
-2.37104492188
-2.36147460938
-2.15571289063
-2.07197265625
-1.99301757813
-1.94995117188
-2.01455078125
-1.9619140625
-1.93081054688
-1.818359375
-1.84946289063
-1.8662109375
-1.88774414063
-2.14375
-2.162890625
-2.1916015625
-2.24184570313
-2.34233398438
-2.39018554688
-2.34233398438
-2.507421875
-2.60791015625
-2.622265625
-2.6318359375
-2.64858398438
-2.66293945313
-2.73471679688
-2.86870117188
-2.82563476563
-2.67250976563
-2.8328125
-2.56005859375
