-0.911572265625
-0.5263671875
-0.2009765625
0.19619140625
0.37802734375
0.50244140625
0.681884765625
0.638818359375
0.504833984375
0.366064453125
0.27275390625
-0.12919921875
-0.241650390625
-0.203369140625
-0.478515625
-0.720166015625
-0.90439453125
-1.17475585938
-1.27763671875
-1.51450195313
-1.40205078125
-1.39965820312
-1.5408203125
-1.14365234375
-1.01923828125
-0.7751953125
-0.56943359375
-0.4306640625
-0.0765625
0.088525390625
0.169873046875
0.241650390625
0.363671875
0.433056640625
0.54072265625
0.619677734375
0.8421875
1.01923828125
1.26088867188
1.18432617188
1.51689453125
1.41162109375
1.18193359375
1.26088867188
1.18671875
1.19868164063
0.897216796875
0.858935546875
0.906787109375
0.873291015625
0.763232421875
0.62685546875
0.59814453125
0.715380859375
0.76083984375
0.892431640625
0.7369140625
0.782373046875
0.7751953125
0.739306640625
0.7943359375
0.823046875
0.801513671875
0.777587890625
0.81826171875
0.849365234375
0.8517578125
0.88525390625
0.9283203125
0.940283203125
0.916357421875
0.91396484375
1.00249023438
0.992919921875
0.9857421875
0.997705078125
1.05512695313
1.05512695313
1.09580078125
1.17236328125
1.20107421875
1.07426757813
1.28959960938
1.28959960938
1.35659179688
1.23696289063
1.2154296875
1.16518554688
1.19868164063
1.1580078125
1.15083007813
1.1771484375
1.13647460938
1.14125976563
1.0623046875
1.03359375
0.997705078125
0.96181640625
0.97138671875
0.973779296875
0.92353515625
0.849365234375
0.811083984375
0.9091796875
0.768017578125
0.739306640625
0.746484375
0.63642578125
0.614892578125
0.55986328125
0.5359375
0.47373046875
0.356494140625
0.332568359375
0.270361328125
0.217724609375
0.248828125
0.01435546875
0.021533203125
0.0669921875
0.055029296875
-0.0669921875
-0.117236328125
-0.18662109375
-0.2009765625
-0.275146484375
-0.33017578125
-0.346923828125
-0.3732421875
-0.399560546875
-0.41630859375
-0.471337890625
-0.57900390625
-0.6125
-0.669921875
-0.73212890625
-0.8326171875
-0.87568359375
-0.782373046875
-0.96181640625
-0.9953125
-1.06708984375
-1.08623046875
-1.05034179688
-1.03598632813
-1.0623046875
-1.05034179688
-1.02641601563
-1.03598632813
-0.906787109375
-0.887646484375
-0.973779296875
-1.0048828125
-0.949853515625
-0.88046875
-0.815869140625
-0.868505859375
-0.899609375
-0.787158203125
-1.02641601563
-1.12690429688
-1.20825195312
-1.2728515625
-1.31591796875
-1.588671875
-1.65087890625
-1.9236328125
-2.00258789063
-2.31362304688
-2.39018554688
-2.65336914063
-2.76103515625
-3.03618164063
-3.16298828125
-3.34721679688
-3.44770507813
-3.69892578125
-3.73481445313
-3.770703125
-4.05063476563
-3.9908203125
-4.23247070313
-4.32817382813
-4.42866210938
-4.47172851563
-4.59135742188
-4.62724609375
-4.63920898438
-4.65595703125
-4.6798828125
-4.70141601562
-4.68466796875
-4.727734375
-4.6990234375
-4.70620117188
-4.63203125
-4.62963867188
-4.62485351563
-4.69423828125
-4.48608398438
-4.39038085938
-4.36645507812
-4.33295898438
-4.22768554688
-4.23725585938
-4.25400390625
-4.23725585938
-4.17504882812
-4.16069335938
-4.0578125
-3.99799804688
-3.97885742188
-3.92622070313
-3.93100585938
-3.8568359375
-3.81137695313
-3.72045898438
-3.68696289063
-3.56733398438
-3.541015625
-3.464453125
-3.45009765625
-3.39985351563
-3.32329101563
-3.29697265625
-3.26586914063
-3.26586914063
-3.25869140625
-3.25151367188
-3.23237304688
-3.23955078125
-3.24194335938
-3.20366210938
-3.23955078125
-3.22280273438
-3.19887695313
-3.21801757813
-3.17495117188
-3.1390625
-3.14145507813
-3.09360351563
-3.05532226563
-3.01704101563
-2.99790039063
-2.95004882813
-2.85434570313
-2.84716796875
-2.82802734375
-2.77060546875
-2.61987304688
-2.74907226563
-2.62705078125
-2.63901367188
-2.60551757813
-2.50263671875
-2.44521484375
-2.37583007813
-2.32797851563
-2.23706054688
-2.22509765625
-2.2298828125
-2.08154296875
-2.086328125
-2.00737304688
-1.95473632813
-1.89013671875
-1.86860351563
-1.95473632813
-1.78486328125
-1.75854492188
-1.73461914063
-1.69155273438
-1.75854492188
-1.80161132813
-1.856640625
-1.9140625
-2.0767578125
-2.17006835938
-2.26098632812
-2.3734375
-2.507421875
-2.50024414062
-2.5935546875
-2.6126953125
-2.65336914063
-2.77060546875
-2.78974609375
-2.79453125
-2.77778320313
-2.7466796875
-2.72275390625
-2.59833984375
-2.5169921875
-2.34233398438
-2.31840820313
-2.18920898438
-2.0384765625
-1.933203125
-1.72026367188
-1.63173828125
-1.39008789063
-1.34462890625
-1.27763671875
-1.21782226563
-1.052734375
-0.887646484375
-0.669921875
-0.5359375
-0.478515625
-0.332568359375
-0.217724609375
-0.222509765625
0.007177734375
0.23447265625
0.160302734375
0.342138671875
0.342138671875
0.34931640625
0.404345703125
0.461767578125
0.48330078125
0.440234375
0.500048828125
0.6029296875
0.614892578125
0.543115234375
0.5359375
0.5359375
0.595751953125
0.614892578125
0.6603515625
0.701025390625
0.672314453125
0.643603515625
0.681884765625
0.6412109375
0.6029296875
0.6125
0.67470703125
0.634033203125
0.6125
0.70341796875
0.631640625
0.657958984375
0.705810546875
0.634033203125
0.576611328125
0.705810546875
0.67470703125
0.67470703125
0.708203125
0.83740234375
0.925927734375
0.9091796875
1.0240234375
1.15561523438
1.34702148438
1.34223632813
1.52885742188
1.64370117188
1.80639648438
1.84228515625
1.89731445313
2.08872070313
2.12700195313
2.19638671875
2.16528320312
2.40693359375
2.46196289063
2.52416992188
2.57919921875
2.69165039062
2.67729492188
2.71079101563
2.74907226563
2.74907226563
2.75864257813
2.775390625
2.99072265625
2.99790039063
3.20844726563
3.29697265625
3.36875
3.61040039063
3.77309570313
3.86879882813
3.94536132813
3.9525390625
3.94775390625
3.94057617188
3.92861328125
3.94057617188
3.76352539063
3.80419921875
3.58647460938
3.58647460938
3.349609375
3.33046875
3.14384765625
3.08403320313
3.23955078125
3.32568359375
3.24672851563
3.18930664063
3.13188476563
3.09838867188
3.10556640625
3.18930664063
3.26108398438
3.31850585938
3.24194335938
3.07446289063
3.06010742188
3.043359375
3.02182617188
3.00268554688
2.93330078125
2.83759765625
2.64858398438
2.63422851563
2.59594726562
2.56723632813
2.52895507813
2.4595703125
2.392578125
2.34233398438
2.22749023438
2.201171875
2.26337890625
2.34711914063
2.22749023438
2.29208984375
2.4404296875
2.47153320313
2.4787109375
2.48828125
2.54091796875
2.41889648438
2.44760742188
2.43803710938
2.316015625
2.27294921875
2.31840820313
2.18920898438
2.03608398438
1.94755859375
1.89013671875
1.69155273438
1.60063476563
1.378125
1.1962890625
0.968994140625
0.85654296875
0.84697265625
0.6125
0.543115234375
0.2296875
0.069384765625
-0.093310546875
-0.236865234375
-0.236865234375
-0.42587890625
-0.6029296875
-0.763232421875
-0.62685546875
-0.93310546875
-1.071875
-1.18432617188
-1.16518554688
-1.31831054688
-1.48100585938
-1.61259765625
-1.58388671875
-1.73701171875
-1.82075195313
-1.89731445313
-1.95712890625
-1.95712890625
-2.02890625
-2.08872070313
-2.11025390625
-2.11025390625
-2.17485351563
-2.18920898438
-2.18920898438
-2.18920898438
-2.18203125
-2.15810546875
-2.15810546875
-2.23227539063
-2.29926757813
-2.28251953125
-2.28251953125
-2.239453125
-2.23466796875
-2.26577148438
-2.26577148438
-2.3064453125
-2.32319335938
-2.33994140625
