0.03828125
-0.093310546875
-0.193798828125
-0.193798828125
-0.4498046875
-0.485693359375
-0.696240234375
-0.823046875
-0.88525390625
-0.964208984375
-0.98095703125
-1.03598632813
-1.06948242188
-0.949853515625
-1.11494140625
-1.20825195312
-1.32548828125
-1.36137695313
-1.45947265625
-1.57431640625
-1.6556640625
-1.72504882813
-1.84467773438
-1.99301757813
-2.16049804688
-2.51938476563
-2.80888671875
-2.9859375
-3.19409179688
-3.31372070313
-3.41181640625
-3.43334960938
-3.48359375
-3.36875
-3.27065429688
-3.17973632813
-3.15581054688
-3.21801757813
-3.18212890625
-3.09360351563
-2.99311523438
-2.81845703125
-2.68208007813
-2.5169921875
-2.47631835938
-2.47631835938
-2.34951171875
-2.354296875
-2.26337890625
-2.14853515625
-2.30405273438
-2.28012695313
-2.16767578125
-2.20356445313
-2.2203125
-2.26098632812
-2.33994140625
-2.42368164063
-2.5361328125
-2.63422851563
-2.61748046875
-3.00029296875
-3.19887695313
-3.36396484375
-3.46923828125
-3.79223632813
-4.01713867188
-4.28989257813
-4.52197265625
-4.92153320313
-5.11772460938
-5.22299804688
-5.44072265625
-5.48139648438
-5.37612304688
-5.46704101562
-5.2732421875
-5.072265625
-4.78276367188
-4.53872070313
-4.02431640625
-3.78266601563
-3.60322265625
-3.273046875
-3.02900390625
-2.77778320313
-2.76821289063
-2.80888671875
-3.22998046875
-3.27065429688
-3.22758789063
-3.47163085938
-3.58408203125
-3.64389648438
-3.7037109375
-3.89272460938
-4.04345703125
-4.21333007813
-4.34013671875
-4.38798828125
-4.34013671875
-4.17983398438
-4.01235351563
-3.67978515625
-3.49555664063
-3.22041015625
-3.00029296875
-2.851953125
-2.72275390625
-2.69165039062
-2.55048828125
-2.5169921875
-2.43803710938
-2.10786132813
-1.9044921875
-1.68916015625
-1.69873046875
-1.64130859375
-1.72744140625
-1.83271484375
-2.13178710938
-2.42607421875
-2.54331054688
-2.76103515625
-3.13666992188
-3.3783203125
-3.4357421875
-3.66303710938
-3.70610351563
-3.75874023438
-3.72045898438
-3.56015625
-3.47880859375
-3.29936523438
-3.21083984375
-3.14624023438
-3.16538085938
-3.02661132812
-2.87827148438
-2.76103515625
-2.660546875
-2.59833984375
-2.48828125
-2.43564453125
-2.36865234375
-2.2873046875
-1.92602539063
-1.79204101563
-1.46665039063
-1.36616210938
-1.244140625
-1.07666015625
-0.724951171875
-0.54072265625
-0.325390625
-0.078955078125
0.07177734375
0.423486328125
0.64599609375
0.80390625
1.0623046875
1.358984375
1.62216796875
1.97387695313
2.32319335938
2.73232421875
3.23955078125
3.71088867188
4.25400390625
4.70141601562
4.83540039063
4.8521484375
4.97177734375
4.995703125
5.0244140625
5.03876953125
5.11772460938
5.01484375
5.033984375
4.95263671875
4.96459960938
4.86650390625
4.689453125
4.49565429688
4.38081054688
4.40952148438
4.09609375
3.8759765625
3.79702148438
3.70131835938
3.72763671875
3.84248046875
4.12241210938
4.306640625
4.38798828125
4.37602539063
4.4310546875
4.4310546875
4.17265625
3.88076171875
3.36396484375
2.7849609375
2.18203125
1.63173828125
1.29677734375
0.8900390625
0.466552734375
0.07177734375
0.155517578125
-0.136376953125
-0.035888671875
0.019140625
0.0765625
0.2201171875
0.203369140625
0.19619140625
0.20576171875
0.289501953125
0.265576171875
0.327783203125
0.325390625
0.437841796875
0.38759765625
0.380419921875
0.33017578125
0.241650390625
0.303857421875
0.035888671875
0.026318359375
-0.016748046875
-0.14833984375
0.107666015625
0.174658203125
0.605322265625
0.784765625
0.98095703125
0.95224609375
1.10776367188
1.02163085938
1.03120117188
1.04555664063
0.99052734375
0.83740234375
0.753662109375
0.648388671875
0.480908203125
0.337353515625
0.25361328125
0.189013671875
0.074169921875
0.03828125
-0.007177734375
-0.32060546875
-0.59814453125
-0.801513671875
-0.940283203125
-1.33266601563
-1.41879882813
-1.7130859375
-1.93798828125
-2.10546875
-2.21552734375
-2.35668945312
-2.38061523438
-2.316015625
-2.5744140625
-2.45239257812
-2.62465820313
-2.64619140625
-2.66772460938
-2.6126953125
-2.56005859375
-2.49545898438
-2.48110351563
-2.38061523438
-2.28251953125
-2.30166015625
-2.36147460938
-2.36625976563
-2.4021484375
-2.30883789062
-2.2203125
-2.14375
-1.933203125
-1.66762695313
-1.50014648438
-1.47143554688
-1.31831054688
-1.34223632813
-1.36376953125
-1.40205078125
-1.33745117188
-1.32788085938
-1.24174804688
-1.16279296875
-1.17954101563
-1.04555664063
-1.3111328125
-1.40205078125
-1.26088867188
-1.2728515625
-1.22260742188
-1.205859375
-1.1771484375
-1.071875
-0.8134765625
-0.46416015625
-0.256005859375
-0.021533203125
0.007177734375
-0.00478515625
-0.021533203125
-0.059814453125
-0.210546875
-0.050244140625
0.03349609375
0.057421875
0.102880859375
0.248828125
0.05263671875
-0.083740234375
-0.504833984375
-0.772802734375
-1.16997070313
-1.54321289063
-1.71547851563
-1.81357421875
-2.01215820313
-2.10307617188
-2.1724609375
-2.1341796875
-2.09829101563
-1.99541015625
-1.8279296875
-1.77768554688
-1.588671875
-1.41640625
-1.34223632813
-1.22978515625
-1.129296875
-0.9953125
-0.935498046875
-0.906787109375
-0.82783203125
-0.70341796875
-0.610107421875
-0.65078125
-0.701025390625
-0.8134765625
-0.777587890625
-1.0240234375
-1.11733398438
-1.08862304688
-1.30634765625
-1.30874023438
-1.41879882813
-1.37573242188
-1.31352539063
-1.24174804688
-1.09819335938
-0.77041015625
-0.60771484375
-0.42587890625
-0.232080078125
0.174658203125
0.39716796875
0.629248046875
1.02163085938
1.33745117188
1.56953125
1.7896484375
2.13896484375
2.42607421875
2.7083984375
2.93569335938
3.3783203125
3.6080078125
3.85922851563
4.28989257813
4.55546875
4.74448242188
4.84018554688
5.00048828125
5.110546875
5.148828125
5.15600585938
5.12490234375
5.06987304688
4.96938476563
4.8904296875
4.81865234375
4.7755859375
4.7755859375
4.78754882813
4.7564453125
4.71337890625
4.63203125
4.651171875
4.58657226563
4.56025390625
4.45258789063
4.37841796875
4.19418945313
4.07934570312
4.11762695313
3.96928710938
3.95493164063
3.92143554688
3.7419921875
3.73720703125
3.79702148438
3.85922851563
3.828125
3.99321289063
4.02431640625
4.02192382813
3.90947265625
3.94057617188
3.86640625
3.71088867188
3.61997070313
3.3017578125
3.06010742188
3.03139648438
2.74428710938
2.5552734375
2.49545898438
2.33037109375
2.1533203125
2.06000976563
2.04565429688
1.89970703125
1.85903320313
1.8375
1.73940429688
1.65087890625
1.64370117188
1.5216796875
1.50014648438
1.41162109375
1.63413085938
1.63891601563
1.71547851563
1.72744140625
1.74658203125
1.7513671875
1.70112304688
1.53842773438
1.53125
1.46904296875
1.41640625
1.36616210938
1.33505859375
1.30874023438
1.30874023438
1.24653320313
1.33745117188
1.39487304688
1.45229492188
1.38530273438
1.54799804688
1.79921875
1.96430664063
2.12939453125
2.40454101562
2.55048828125
2.77778320313
3.0337890625
3.4357421875
3.55537109375
3.196484375
3.17973632813
2.90458984375
3.14624023438
3.00029296875
2.98115234375
3.043359375
3.0720703125
3.3017578125
3.2826171875
3.24672851563
3.25151367188
3.33525390625
3.47880859375
3.62954101563
3.694140625
3.7994140625
3.8376953125
3.81137695313
3.79462890625
3.68935546875
3.70610351563
3.81376953125
3.66064453125
3.60083007813
3.58168945313
3.54340820313
3.4740234375
3.40703125
3.33764648438
3.35439453125
3.38310546875
3.39506835938
3.35678710938
3.30893554688
3.3400390625
3.03139648438
2.93330078125
2.84477539063
2.45717773438
2.21791992188
2.00498046875
1.80639648438
1.43076171875
1.24174804688
1.01923828125
0.6603515625
0.28232421875
0.05263671875
-0.2201171875
-0.447412109375
-0.65556640625
-0.830224609375
-1.00727539063
-1.20107421875
-1.282421875
-1.25131835938
-1.50014648438
-1.54560546875
-1.60063476563
-1.64370117188
-1.65805664063
-1.5791015625
-1.55278320313
-1.50971679688
-1.43315429688
-1.435546875
-1.3494140625
-1.30874023438
-1.26567382813
-1.1580078125
-1.19389648438
-0.988134765625
-0.90439453125
-0.868505859375
-0.6890625
-0.571826171875
-0.6890625
-0.459375
-0.375634765625
-0.265576171875
-0.270361328125
0.10048828125
0.04306640625
0.389990234375
0.50244140625
0.533544921875
0.562255859375
0.557470703125
0.447412109375
0.40673828125
0.337353515625
0.265576171875
0.29189453125
0.2201171875
0.093310546875
0.03349609375
-0.057421875
-0.1052734375
-0.232080078125
-0.3158203125
-0.346923828125
-0.610107421875
-0.715380859375
-0.873291015625
-0.97138671875
-0.940283203125
-1.18911132813
-1.24653320313
-1.34223632813
-1.36376953125
-1.35419921875
-1.38530273438
-1.23217773438
-1.16997070313
-1.11254882812
-1.04077148438
-0.79912109375
-0.715380859375
-0.6125
-0.5455078125
-0.590966796875
-0.667529296875
-0.84697265625
-0.964208984375
-1.22260742188
-1.33745117188
-1.47622070313
-1.53603515625
-1.55517578125
-1.47622070313
-1.41162109375
-1.39487304688
-1.5216796875
-1.26806640625
-1.358984375
-1.38530273438
-1.27045898438
-1.34462890625
-1.31591796875
-1.32309570313
-1.2154296875
-1.19868164063
-1.071875
-1.11254882812
-1.11733398438
-1.15322265625
-1.34223632813
-1.49536132812
-1.66762695313
-1.7322265625
-2.10068359375
-2.17724609375
-2.14614257813
-2.32797851563
-2.3255859375
-2.296875
-2.25380859375
-2.23466796875
-2.277734375
-2.18442382813
-2.32319335938
-2.4021484375
-2.33754882813
-2.3734375
-2.392578125
-2.35908203125
-2.35668945312
-2.29926757813
-2.430859375
-2.53374023438
-2.54091796875
-2.64140625
-2.66533203125
-2.66533203125
-2.74907226563
-2.61508789063
-2.84477539063
-2.83759765625
-2.89501953125
-2.86391601563
-2.8423828125
-2.79453125
-2.73471679688
-2.68686523438
-2.63662109375
-2.56005859375
-2.4787109375
-2.51459960938
-2.48110351563
-2.46435546875
-2.37583007813
-2.58876953125
-2.430859375
-2.25620117188
-2.14614257813
-2.25141601563
-2.2107421875
-2.18681640625
-2.13178710938
-2.01694335938
-2.26337890625
-2.06000976563
-2.14375
-2.0767578125
-1.87099609375
-1.88295898438
-1.96909179688
-1.7513671875
-1.66044921875
-1.61259765625
-1.67958984375
-1.48100585938
-1.43076171875
-1.5216796875
-1.32548828125
-1.3015625
-1.22978515625
-1.19389648438
-1.13168945313
-1.15083007813
-1.18432617188
-1.17236328125
-1.11015625
-1.11733398438
-1.014453125
-0.921142578125
-0.930712890625
-1.06708984375
-0.772802734375
