-3.49555664063
-3.51948242188
-3.54819335938
-3.57211914063
-3.54819335938
-3.5888671875
-3.675
-3.67978515625
-3.77788085938
-3.6271484375
-3.655859375
-3.675
-3.64389648438
-3.71806640625
-3.617578125
-3.63671875
-3.770703125
-3.65107421875
-3.6271484375
-3.65346679688
-3.67260742188
-3.67021484375
-3.6080078125
-3.58168945313
-3.57211914063
-3.57690429688
-3.56733398438
-3.52426757813
-3.51469726563
-3.4740234375
-3.47641601563
-3.46206054688
-3.40942382813
-3.46206054688
-3.25869140625
-3.27783203125
-3.24912109375
-3.27543945313
-3.21801757813
-3.21801757813
-3.23237304688
-3.2634765625
-3.273046875
-3.31372070313
-3.38071289063
-3.42377929688
-3.46923828125
-3.51948242188
-3.39506835938
-3.5984375
-3.54580078125
-3.73002929688
-3.80659179688
-3.85444335938
-3.90947265625
-4.01713867188
-4.04106445313
-4.09370117188
-4.01235351563
-4.19658203125
-4.2205078125
-4.16069335938
-4.13198242188
-4.14873046875
-4.09848632813
-3.91665039063
-3.96928710938
-3.89033203125
-3.72524414063
-3.69653320313
-3.808984375
-3.60561523438
-3.53383789063
-3.4357421875
-3.40463867188
-3.40224609375
-3.39985351563
-3.39506835938
-3.387890625
-3.38071289063
-3.51948242188
-3.33046875
-3.30893554688
-3.22998046875
-3.20126953125
-3.11513671875
-3.06010742188
-3.00268554688
-2.85673828125
-2.85434570313
-2.86630859375
-2.70361328125
-2.69404296875
-2.64858398438
-2.622265625
-2.49545898438
-2.48349609375
-2.45478515625
-2.41171875
-2.41171875
-2.37583007813
-2.3638671875
-2.35668945312
-2.3255859375
-2.24423828125
-2.2298828125
-2.239453125
-2.2298828125
-1.97626953125
-1.85185546875
-1.77768554688
-1.78247070313
-1.7609375
-1.72504882813
-1.7705078125
-1.82075195313
-1.8662109375
-1.93081054688
-2.16528320312
-2.23706054688
-2.30166015625
-2.56245117188
-2.67490234375
-2.89501953125
-2.99311523438
-3.19169921875
-3.311328125
-3.521875
-3.61518554688
-3.68217773438
-3.77548828125
-3.83051757813
-3.83051757813
-3.847265625
-3.84008789063
-3.808984375
-3.75874023438
-3.78745117188
-3.60083007813
-3.53383789063
-3.31850585938
-3.2634765625
-3.0912109375
-3.03618164063
-2.96440429688
-2.9380859375
-2.87109375
-2.8328125
-2.78974609375
-2.69643554688
-2.59833984375
-2.53852539063
-2.4787109375
-2.70361328125
-2.69643554688
-2.73232421875
-2.737109375
-2.64858398438
-2.87587890625
-2.93090820312
-3.05532226563
-3.07924804688
-3.17734375
-3.2443359375
-3.3208984375
-3.3974609375
-3.46684570313
-3.40463867188
-3.617578125
-3.6271484375
-3.63671875
-3.63432617188
-3.6462890625
-3.62954101563
-3.59125976563
-3.65107421875
-3.74916992188
-3.90947265625
-3.9716796875
-4.01235351563
-3.94775390625
-3.9908203125
-4.00756835938
-4.01953125
-3.97885742188
-3.92861328125
-3.87358398438
-3.90229492188
-3.70849609375
-3.71328125
-3.617578125
-3.63671875
-3.675
-3.47641601563
-3.5123046875
-3.28979492188
-3.16538085938
-3.33525390625
-3.11752929688
-3.005078125
-3.03857421875
-3.01943359375
-2.91655273438
-2.91416015625
-2.80649414063
-2.71079101563
-2.70361328125
-2.53852539063
-2.4404296875
-2.45
-2.23227539063
-2.124609375
-1.93798828125
-1.87578125
-1.9427734375
-1.71547851563
-1.62456054688
-1.55517578125
-1.53125
-1.53125
-1.32548828125
-1.26806640625
-1.04555664063
-1.02880859375
-1.052734375
-1.0431640625
-1.02163085938
-0.930712890625
-0.899609375
-0.89482421875
-0.739306640625
-0.753662109375
-0.6794921875
-0.63642578125
-0.6412109375
-0.495263671875
-0.447412109375
-0.2392578125
-0.20576171875
-0.232080078125
-0.11962890625
0.00478515625
0.14833984375
0.222509765625
0.1626953125
0.203369140625
0.337353515625
0.442626953125
0.49287109375
0.514404296875
0.720166015625
0.77998046875
0.902001953125
0.91396484375
1.00727539063
1.02641601563
1.0623046875
1.16040039062
1.18911132813
1.2919921875
1.36137695313
1.435546875
1.7513671875
1.71069335938
1.74418945313
1.86142578125
2.06479492188
2.08154296875
2.124609375
2.09111328125
2.20595703125
2.2203125
2.27294921875
2.38540039063
2.3734375
2.7083984375
2.83999023438
3.00986328125
3.33046875
3.58408203125
3.83051757813
4.21572265625
4.33774414063
4.49086914063
4.5267578125
4.49086914063
4.40473632813
4.344921875
4.2875
4.2779296875
4.05302734375
3.9716796875
3.71567382813
3.59604492188
3.42856445313
3.29697265625
3.32329101563
3.20126953125
2.86391601563
2.73471679688
2.54809570312
2.49067382813
2.40693359375
2.4595703125
2.41650390625
2.32319335938
2.53134765625
2.5169921875
2.5744140625
2.66293945313
2.76103515625
2.82802734375
2.93090820312
2.99072265625
3.07924804688
3.0912109375
3.0625
3.07685546875
3.02421875
2.95483398438
2.83520507812
2.74907226563
2.53852539063
2.43803710938
2.354296875
2.40693359375
2.18920898438
2.15810546875
2.06240234375
1.97866210938
1.89731445313
1.83271484375
1.7896484375
1.67958984375
1.64370117188
1.68198242188
1.50014648438
1.4068359375
1.244140625
1.17236328125
1.16518554688
0.8421875
0.672314453125
0.56943359375
0.708203125
0.669921875
0.557470703125
0.337353515625
0.248828125
0.169873046875
0.059814453125
0.019140625
-0.031103515625
-0.28232421875
-0.356494140625
-0.41630859375
-0.478515625
-0.576611328125
-0.6794921875
-0.78955078125
-0.79912109375
-0.99052734375
-1.15561523438
-1.21064453125
-1.23696289063
-1.3111328125
-1.41640625
-1.63173828125
-1.23217773438
-1.09340820313
-1.11254882812
-1.58627929688
-1.53364257813
-1.48100585938
-1.48579101563
-1.50493164063
-1.58149414063
-1.55756835938
-1.56713867188
-1.61499023438
-1.55278320313
-1.7896484375
-1.70830078125
-1.96909179688
-2.05283203125
-2.0767578125
-2.28969726563
-2.89741210938
-2.02172851562
-1.95952148438
-2.6318359375
-2.75864257813
-2.60791015625
-2.8423828125
-2.94287109375
-2.9763671875
-3.01225585938
-2.91416015625
-3.12231445313
-3.18212890625
-3.25869140625
-3.35439453125
-3.3017578125
-3.31372070313
-3.349609375
-3.37114257813
-3.3400390625
-3.33525390625
-3.2921875
-3.273046875
-3.22280273438
-3.16059570313
-3.1677734375
-2.94526367188
-2.85913085938
-2.65336914063
-2.58159179688
-2.45717773438
-2.35668945312
-2.29926757813
-2.17963867188
-2.0767578125
-1.88295898438
-1.780078125
-1.68676757813
-1.59584960938
-1.46665039063
-1.41879882813
-1.3015625
-1.225
-1.2345703125
-1.25131835938
-1.37573242188
-1.48579101563
-1.57192382813
-1.63173828125
-1.82553710938
-1.94516601563
-2.09111328125
-2.18681640625
-2.53374023438
-2.65815429688
-2.90219726563
-3.00986328125
-3.21323242188
-3.29458007813
-3.35439453125
-3.48120117188
-3.49794921875
-3.4931640625
-3.37592773438
-3.30893554688
-3.11752929688
-3.20126953125
-3.23237304688
-3.31850585938
-3.29936523438
-3.30893554688
-3.30893554688
-3.349609375
-3.33764648438
-3.3974609375
-3.48359375
-3.47880859375
-3.11752929688
-2.76342773438
-2.79931640625
-2.62705078125
-2.469140625
-2.65815429688
-2.737109375
-2.7466796875
-2.63901367188
-2.64619140625
-2.62944335938
-2.48110351563
-2.51220703125
-2.43325195313
-2.37822265625
-2.17724609375
-2.12700195313
-2.02651367188
-2.2490234375
-2.31362304688
-2.44282226563
-2.55048828125
-2.6509765625
-2.87587890625
-3.03139648438
-3.1677734375
-3.48359375
-3.63193359375
-3.60083007813
-3.63671875
-3.61279296875
-3.53862304688
-3.38310546875
-3.2443359375
-3.32807617188
-3.09360351563
-2.95244140625
-2.84716796875
-2.70122070313
-2.56005859375
-2.39736328125
-2.296875
-2.21791992188
-2.18203125
-2.2873046875
-2.3255859375
-2.4404296875
-2.55048828125
-2.66293945313
-2.83041992188
-2.928515625
-3.2634765625
-3.48598632813
-3.68217773438
-4.17265625
-4.78276367188
-5.16079101563
-5.45986328125
-5.301953125
-5.15361328125
-3.57451171875
-3.34243164063
-2.98115234375
-2.81845703125
-2.77299804688
-2.58637695313
-2.49545898438
-2.52895507813
-2.63662109375
-2.93569335938
-3.07685546875
-3.38071289063
-3.61279296875
-3.71567382813
-3.82333984375
-3.45727539063
-3.17255859375
-2.698828125
-2.40932617188
-1.83989257813
-1.61977539063
-1.47622070313
-1.07666015625
-0.705810546875
-0.246435546875
0.4498046875
0.648388671875
0.7751953125
0.729736328125
0.701025390625
0.763232421875
0.58857421875
0.43544921875
0.418701171875
0.31103515625
0.471337890625
0.593359375
0.64599609375
0.6125
0.8421875
0.99052734375
1.33266601563
1.43315429688
1.6173828125
1.741796875
1.72744140625
1.971484375
1.91884765625
2.1150390625
1.95712890625
1.93081054688
1.95712890625
2.1533203125
2.15810546875
2.2681640625
2.60073242188
2.698828125
3.12231445313
3.273046875
3.4931640625
3.55776367188
3.847265625
4.09848632813
4.16069335938
4.17026367188
4.26357421875
4.05302734375
3.85444335938
3.68935546875
3.62954101563
3.61518554688
3.70610351563
3.73720703125
3.7611328125
3.71328125
3.71806640625
3.5314453125
3.41420898438
3.14384765625
2.91655273438
2.68686523438
2.40454101562
1.59584960938
1.57431640625
1.44033203125
1.46904296875
1.57670898438
1.63413085938
1.71069335938
1.66284179688
1.59345703125
1.46665039063
1.435546875
1.358984375
1.27763671875
1.1005859375
1.01206054688
0.882861328125
0.739306640625
0.485693359375
0.34453125
0.174658203125
0.07177734375
-0.0095703125
-0.1818359375
-0.4498046875
-0.6412109375
-0.758447265625
-0.868505859375
-0.916357421875
-0.97138671875
-1.05751953125
-0.935498046875
-1.1484375
-1.052734375
-1.0814453125
-0.997705078125
-0.93310546875
-0.8900390625
-0.8326171875
-0.7751953125
-0.6890625
-0.562255859375
-0.523974609375
-0.389990234375
-0.4498046875
-0.232080078125
-0.11962890625
-0.074169921875
-0.016748046875
-0.04306640625
-0.040673828125
-0.074169921875
-0.107666015625
-0.11962890625
-0.184228515625
-0.1435546875
-0.15791015625
-0.232080078125
-0.1626953125
-0.35888671875
-0.459375
-0.5072265625
-0.619677734375
-0.662744140625
-0.75126953125
-0.887646484375
-0.954638671875
-1.02880859375
-1.071875
-1.1484375
-1.16997070313
-1.18193359375
-1.25849609375
-1.32309570313
-1.35419921875
-1.50971679688
-1.59345703125
-1.665234375
-1.74418945313
-1.84467773438
-1.92124023438
-2.1150390625
-2.15810546875
-2.25380859375
-2.32797851563
-2.43564453125
-2.52177734375
-2.49067382813
-2.72275390625
-2.79692382813
-2.94765625
-2.9572265625
-3.20844726563
-3.22280273438
-3.29697265625
