0.806298828125
0.768017578125
0.75126953125
0.715380859375
0.6029296875
0.519189453125
0.552685546875
0.34931640625
0.22490234375
0.287109375
0.1052734375
0.05263671875
0.057421875
0.078955078125
-0.0095703125
-0.07177734375
-0.256005859375
-0.332568359375
-0.41630859375
-0.54072265625
-0.696240234375
-0.763232421875
-0.88046875
-0.9283203125
-0.96181640625
-1.11494140625
-1.19868164063
-1.27045898438
-1.41401367188
-1.49057617188
-1.66044921875
-1.67958984375
-1.84228515625
-1.93798828125
-2.12939453125
-2.21313476562
-2.43803710938
-2.50502929688
-2.63662109375
-2.9859375
-3.06967773438
-3.21801757813
-3.32807617188
-3.50751953125
-3.617578125
-3.69892578125
-3.93579101563
-4.03149414062
-4.14155273438
-4.23725585938
-4.34970703125
-4.41430664062
-4.49326171875
-4.70620117188
-4.76362304688
-4.995703125
-5.072265625
-5.24692382813
-5.28041992188
-5.22778320312
-5.4359375
-5.47900390625
-5.57470703125
-5.57231445313
-5.61538085938
-5.5986328125
-5.5220703125
-5.44790039063
-5.43354492188
-5.44072265625
-5.40004882813
-5.26845703125
-5.26127929688
-5.35698242188
-5.1583984375
-5.10815429688
-4.86171875
-4.77319335938
-4.61767578125
-4.51958007813
-4.39516601563
-4.03388671875
-3.78266601563
-3.48120117188
-3.31850585938
-3.005078125
-2.86391601563
-2.64140625
-2.51220703125
-2.32319335938
-2.08393554688
-2.0193359375
-1.74897460938
-1.67001953125
-1.29677734375
-1.10776367188
-0.8708984375
-0.7943359375
-0.614892578125
-0.562255859375
-0.57900390625
-0.356494140625
-0.2966796875
-0.1626953125
-0.102880859375
-0.122021484375
0.031103515625
0.133984375
-0.08134765625
-0.1244140625
-0.136376953125
-0.117236328125
-0.00478515625
-0.172265625
-0.1818359375
-0.179443359375
-0.1435546875
-0.112451171875
-0.083740234375
-0.122021484375
0.08134765625
0.007177734375
0.184228515625
0.203369140625
0.31103515625
0.361279296875
0.308642578125
0.528759765625
0.490478515625
0.68427734375
0.734521484375
0.8134765625
0.8326171875
0.91396484375
0.93310546875
0.978564453125
0.94267578125
0.95703125
1.02163085938
1.01206054688
1.09580078125
1.15083007813
1.08383789063
0.96181640625
0.887646484375
0.97138671875
0.978564453125
0.815869140625
0.78955078125
0.916357421875
0.63642578125
0.55986328125
0.31103515625
0.241650390625
0.016748046875
-0.256005859375
-0.32060546875
-0.50244140625
-0.65078125
-0.873291015625
-1.81118164063
-2.04326171875
-2.27294921875
-2.44282226563
-2.49306640625
-2.6796875
-2.87348632813
-2.97158203125
-2.92612304688
-3.081640625
-3.13666992188
-3.23715820313
-3.38549804688
-3.4357421875
-3.66303710938
-3.82333984375
-4.0578125
-4.28271484375
-4.30424804688
-4.56025390625
-4.65356445312
-4.78276367188
-4.957421875
-5.04833984375
-5.32348632812
-5.34501953125
-5.47182617188
-5.62495117188
-5.54838867188
-5.47900390625
-5.39287109375
-5.31630859375
-5.28041992188
-5.12490234375
-5.03159179688
-4.9861328125
-4.61528320313
-4.38798828125
-4.23247070313
-3.72045898438
-3.33764648438
-2.72993164063
-2.392578125
-1.7130859375
-1.16279296875
-0.76083984375
-0.08134765625
0.23447265625
0.75126953125
0.835009765625
1.3111328125
1.4451171875
1.6173828125
1.97866210938
2.19877929688
2.25859375
2.48349609375
2.7658203125
2.98833007813
3.27065429688
3.426171875
3.5505859375
3.77548828125
3.86640625
3.86162109375
3.82094726563
3.89990234375
3.86401367188
3.88793945313
3.9046875
3.9333984375
3.9525390625
3.91904296875
3.90708007813
3.88315429688
3.88315429688
3.89272460938
3.97407226563
4.000390625
4.10327148438
4.11762695313
4.28271484375
4.33056640625
4.383203125
4.58178710938
4.63203125
4.72534179688
4.85693359375
4.99331054688
5.033984375
5.06508789063
5.110546875
5.12490234375
5.20625
5.34741210938
5.60102539063
5.72783203125
5.88334960938
5.93598632813
5.91684570313
6.00776367188
6.06279296875
6.26137695313
6.4982421875
6.51259765625
6.36186523438
6.57719726563
6.73271484375
6.46474609375
6.55327148438
6.23745117188
5.36176757813
4.83779296875
4.13676757813
3.72045898438
2.97875976562
2.36625976563
1.89970703125
1.358984375
1.15322265625
0.571826171875
0.184228515625
-0.0095703125
-0.0861328125
0.011962890625
-0.098095703125
-0.064599609375
-0.356494140625
-0.581396484375
-0.7177734375
-0.89482421875
-1.12451171875
-1.28002929688
-1.51450195313
-1.28720703125
-1.45708007813
-1.50014648438
-1.38291015625
-1.57670898438
-1.59106445313
-1.56474609375
-1.48100585938
-1.4451171875
-1.397265625
-1.26806640625
-1.28002929688
-1.39008789063
-1.378125
-1.44272460938
-1.50971679688
-1.53364257813
-1.703515625
-1.79443359375
-1.85185546875
-1.95473632813
-2.0384765625
-2.08872070313
-2.19399414063
-2.21791992188
-2.2490234375
-2.27055664063
-2.16049804688
-2.3734375
-2.41171875
-2.42607421875
-2.45
-2.49067382813
-2.4787109375
-2.59833984375
-2.63901367188
-2.63662109375
-2.72514648438
-2.75146484375
-2.76342773438
-2.77060546875
-2.775390625
-2.8041015625
-2.8041015625
-2.813671875
-2.85673828125
-2.93090820312
-2.92373046875
-2.97158203125
-2.97875976562
-2.96440429688
-2.9572265625
-2.88544921875
-2.88784179688
-2.909375
-2.83999023438
-2.77060546875
-2.71079101563
-2.74189453125
-2.6701171875
-2.507421875
-2.51459960938
-2.469140625
-2.39018554688
-2.41171875
-2.17724609375
-2.09829101563
-2.03129882813
-2.03369140625
-2.14135742188
-2.10546875
-1.99541015625
-1.91884765625
-1.85903320313
-1.856640625
-1.8279296875
-1.76811523438
-1.72983398438
-1.70112304688
-1.66762695313
-1.63413085938
-1.5791015625
-1.50493164063
-1.37333984375
-1.31831054688
-1.22739257813
-1.42358398438
-1.46665039063
-1.44990234375
-1.435546875
-1.512109375
-1.61259765625
-1.6173828125
-1.69873046875
-1.78486328125
-1.84228515625
-1.8853515625
-1.97866210938
-2.08154296875
-2.14853515625
-2.3064453125
-2.3734375
-2.49067382813
-2.54809570312
-2.66772460938
-2.70361328125
-2.63422851563
-2.8998046875
-3.04096679688
-3.12709960938
-3.21323242188
-3.41420898438
-3.56015625
-3.7228515625
-4.000390625
-4.26118164063
-4.42626953125
-4.62724609375
-5.00048828125
-5.19428710938
-5.34262695313
-5.646484375
-5.684765625
-6.16328125
-6.32119140625
-6.6609375
-6.83798828125
-6.9001953125
-7.07963867188
-7.05571289063
-7.23754882813
-7.24951171875
-7.19448242188
-7.03657226563
-6.92412109375
-6.92412109375
-6.91455078125
-6.85234375
-6.72553710938
-6.53891601563
-6.48627929688
-6.36186523438
-6.30922851563
-6.17524414063
-6.12978515625
-6.04125976562
-5.9048828125
-5.87856445313
-5.94555664062
-5.7708984375
-5.69194335938
-5.70629882812
-5.70629882812
-5.5029296875
-5.41918945312
-5.455078125
-5.37612304688
-5.25888671875
-5.3115234375
-5.29477539063
-5.39765625
-5.24692382813
-5.17036132813
-5.1775390625
-5.10576171875
-5.28759765625
-5.25888671875
-5.3115234375
-5.45747070313
-5.66083984375
-5.4646484375
-5.40483398438
-5.4263671875
-5.43115234375
-5.45747070313
-5.4072265625
-5.3115234375
-5.2541015625
-5.16796875
-4.880859375
-4.6990234375
-4.28271484375
-4.08173828125
-3.88793945313
-3.52905273438
-3.27065429688
-2.97397460938
-2.80170898438
-2.48349609375
-2.316015625
-2.27294921875
-2.07915039063
-2.1341796875
-1.91166992188
-1.90209960938
-1.933203125
-1.87817382813
-1.69155273438
-1.6078125
-1.53842773438
-1.41879882813
-1.25610351562
-1.07905273438
-1.02163085938
-0.85654296875
-0.55986328125
