-2.622265625
-2.65336914063
-2.6796875
-2.61030273438
-2.5552734375
-2.53134765625
-2.72275390625
-2.69165039062
-2.66533203125
-2.49306640625
-2.5361328125
-2.47631835938
-2.48110351563
-2.52895507813
-2.26337890625
-2.18681640625
-2.15571289063
-2.13657226563
-2.02172851562
-2.00737304688
-1.971484375
-1.8375
-1.80400390625
-1.71787109375
-1.63173828125
-1.55517578125
-1.48100585938
-1.4546875
-1.39487304688
-1.40922851563
-1.39965820312
-1.37333984375
-1.32548828125
-1.2345703125
-0.911572265625
-0.935498046875
-1.61977539063
-1.45229492188
-1.29916992188
-1.34702148438
-1.33984375
-1.33745117188
-1.39248046875
-1.5025390625
-1.49536132812
-1.4546875
-1.43076171875
-1.42119140625
-1.4451171875
-1.44750976562
-1.42358398438
-1.38291015625
-1.30395507812
-1.32788085938
-1.3111328125
-1.24892578125
-1.27524414063
-1.28959960938
-1.16518554688
-0.91875
-0.878076171875
-0.882861328125
-0.892431640625
-0.861328125
-0.873291015625
-0.839794921875
-0.899609375
-0.8900390625
-0.844580078125
-0.80390625
-0.777587890625
-0.7560546875
-0.77998046875
-0.710595703125
-0.6986328125
-0.720166015625
-0.6794921875
-0.648388671875
-0.6794921875
-0.705810546875
-0.6986328125
-0.77998046875
-0.80390625
-0.7177734375
-0.71298828125
-0.691455078125
-0.7177734375
-0.791943359375
-0.844580078125
-0.80390625
-0.782373046875
-0.806298828125
-0.806298828125
-0.80869140625
-0.820654296875
-0.8134765625
-0.82783203125
-0.80869140625
-0.7751953125
-0.7751953125
-0.7369140625
-0.765625
-0.777587890625
-0.739306640625
-0.76083984375
-0.748876953125
-0.77041015625
-0.782373046875
-0.835009765625
-0.88525390625
-0.86611328125
-0.80390625
-0.79912109375
-0.85654296875
-0.854150390625
-0.902001953125
-0.9091796875
-0.882861328125
-0.868505859375
-0.91875
-0.791943359375
-0.811083984375
-0.8421875
-0.916357421875
-0.734521484375
-0.710595703125
-0.657958984375
-0.69384765625
-0.72734375
-0.53115234375
-0.476123046875
-0.3923828125
-0.37802734375
-0.332568359375
-0.30625
-0.241650390625
-0.1818359375
-0.1244140625
-0.0287109375
0.01435546875
0.021533203125
-0.04306640625
-0.031103515625
-0.150732421875
-0.126806640625
-0.136376953125
-0.189013671875
-0.22490234375
-0.29189453125
-0.49765625
-0.55029296875
-0.4880859375
-0.65556640625
-0.677099609375
-0.724951171875
-0.8517578125
-1.00966796875
-1.03837890625
-1.08383789063
-1.20346679688
-1.27763671875
-1.34223632813
-1.4068359375
-1.435546875
-1.46904296875
-1.50732421875
-1.39965820312
-1.59345703125
-1.64609375
-1.73461914063
-1.73940429688
-1.81118164063
-1.83271484375
-1.83510742188
-1.92841796875
-1.97387695313
-2.05283203125
-2.11264648438
-2.15092773438
-2.20595703125
-2.23227539063
-2.27294921875
-2.30166015625
-2.33037109375
-2.37104492188
-2.39736328125
-2.40693359375
-2.4212890625
-2.41889648438
-2.45239257812
-2.45239257812
-2.50502929688
-2.5169921875
-2.50263671875
-2.392578125
-2.40454101562
-2.43325195313
-2.44521484375
-2.43564453125
-2.42368164063
-2.44521484375
-2.38540039063
-2.3830078125
-2.39497070313
-2.43325195313
-2.43564453125
-2.44521484375
-2.4212890625
-2.37822265625
-2.34233398438
-2.31840820313
-2.26098632812
-2.25620117188
-2.22270507813
-2.296875
-2.07197265625
-2.01694335938
-1.92124023438
-1.89252929688
-1.76333007813
-1.70830078125
-1.6939453125
-1.6173828125
-1.55756835938
-1.49296875
-1.45708007813
-1.435546875
-1.36616210938
-1.33266601563
-1.36616210938
-1.17236328125
-1.071875
-0.899609375
-1.05512695313
-1.12451171875
-0.976171875
-0.988134765625
-0.99052734375
-1.02163085938
-0.973779296875
-0.97138671875
-0.916357421875
-0.85654296875
-0.772802734375
-0.765625
-0.782373046875
-0.720166015625
-0.701025390625
-0.6220703125
-0.562255859375
-0.500048828125
-0.46416015625
-0.478515625
-0.55029296875
-0.5359375
-0.52158203125
-0.418701171875
-0.41630859375
-0.40673828125
-0.413916015625
-0.440234375
-0.418701171875
-0.3732421875
-0.337353515625
-0.3541015625
-0.363671875
-0.433056640625
-0.3541015625
-0.227294921875
-0.212939453125
-0.155517578125
0.01435546875
0.083740234375
0.02392578125
0.27275390625
0.44501953125
0.72255859375
0.815869140625
1.014453125
1.20107421875
1.24174804688
1.63413085938
1.74418945313
1.79682617188
1.89013671875
1.92602539063
2.07915039063
2.22509765625
2.26577148438
2.26577148438
2.35908203125
2.53134765625
2.6701171875
2.6701171875
2.737109375
2.80888671875
2.89262695313
2.89262695313
2.98115234375
3.04814453125
2.94526367188
3.09838867188
3.16298828125
3.19169921875
3.08881835938
3.24194335938
3.34243164063
3.42138671875
3.42138671875
3.46684570313
3.59125976563
3.7994140625
3.7994140625
3.86401367188
3.75395507813
3.66064453125
3.66064453125
3.56733398438
3.45249023438
3.43813476563
3.43813476563
3.502734375
3.541015625
3.521875
3.521875
3.47880859375
3.46923828125
3.4357421875
3.4357421875
3.33046875
3.25390625
3.25390625
3.158203125
3.03139648438
2.95483398438
2.95483398438
2.88784179688
2.77778320313
2.737109375
2.737109375
2.72514648438
2.67250976563
2.65336914063
2.65336914063
2.64379882812
2.72275390625
2.63901367188
2.79213867188
2.71796875
2.6701171875
2.6701171875
2.7083984375
2.79213867188
2.909375
2.909375
2.9572265625
2.99790039063
3.0625
3.0625
3.196484375
3.2634765625
3.33046875
3.17734375
3.21323242188
3.4166015625
3.49077148438
3.64389648438
3.76831054688
3.86401367188
3.86401367188
3.94057617188
3.96450195313
4.01235351563
4.01235351563
4.12958984375
4.32578125
4.41430664062
4.56743164063
4.75883789063
4.84736328125
4.75166015625
4.90478515625
4.95263671875
4.9669921875
5.00288085938
5.00288085938
5.05551757813
5.08662109375
5.08662109375
5.10815429688
5.11772460938
5.16079101563
5.16079101563
5.187109375
5.19907226563
5.0818359375
5.2349609375
5.21342773438
5.18232421875
5.14404296875
5.14404296875
5.05791015625
5.01962890625
5.01962890625
4.995703125
4.93349609375
4.84736328125
4.84736328125
4.77797851563
4.69663085938
4.58178710938
4.58178710938
4.459765625
4.3162109375
4.30424804688
4.15112304688
3.9716796875
3.80419921875
3.81376953125
3.66064453125
3.51469726563
3.3783203125
3.3783203125
3.28740234375
3.17016601563
2.9955078125
2.9955078125
2.82084960938
2.68686523438
2.69643554688
2.54331054688
2.36865234375
2.2298828125
2.28491210938
2.13178710938
2.04326171875
1.95234375
1.95234375
1.87817382813
1.75375976563
1.64370117188
1.64370117188
1.59345703125
1.51450195313
1.48100585938
1.48100585938
1.473828125
1.512109375
1.43315429688
1.58627929688
1.64130859375
1.64609375
1.6556640625
1.6556640625
1.6078125
1.57431640625
1.57431640625
1.79204101563
2.02412109375
1.95234375
1.97387695313
1.82075195313
1.92602539063
2.11264648438
1.990625
2.296875
2.44282226563
2.45717773438
2.45717773438
2.48588867188
2.56962890625
2.62465820313
2.62465820313
2.70600585938
2.813671875
2.79453125
2.94765625
3.03857421875
3.08881835938
3.1486328125
3.1486328125
3.16538085938
3.16059570313
3.16059570313
3.14384765625
3.13666992188
3.17255859375
3.17255859375
3.15102539063
3.09838867188
3.0912109375
3.0912109375
3.10078125
3.12231445313
3.12231445313
3.12231445313
3.08403320313
3.00029296875
2.94047851563
2.94047851563
2.89262695313
2.83041992188
2.83041992188
2.74428710938
2.6892578125
2.71318359375
2.71318359375
2.69165039062
2.61748046875
2.50502929688
2.50502929688
2.43564453125
2.44521484375
2.41650390625
2.41650390625
2.30883789062
2.18681640625
2.18681640625
2.13178710938
2.1724609375
2.20595703125
2.20595703125
2.201171875
2.2203125
2.23466796875
2.23466796875
2.13896484375
1.97387695313
1.86142578125
1.86142578125
1.85424804688
1.92124023438
1.94038085938
1.94038085938
1.95234375
1.96430664063
1.96430664063
1.8853515625
1.79682617188
1.76333007813
1.76333007813
1.8279296875
1.91884765625
1.90209960938
1.90209960938
1.89013671875
1.94038085938
1.933203125
1.933203125
1.86142578125
1.89252929688
1.89252929688
2.0001953125
1.933203125
1.97626953125
2.02890625
2.0193359375
2.10307617188
2.24184570313
2.46674804688
2.34711914063
2.1916015625
2.2873046875
2.2203125
2.21552734375
2.21552734375
2.4404296875
2.44521484375
2.3734375
2.17006835938
2.1916015625
2.21552734375
2.25141601563
2.19638671875
2.29208984375
2.23706054688
1.99301757813
1.84467773438
1.86142578125
1.87338867188
1.79682617188
1.7322265625
1.59584960938
1.42836914063
1.320703125
1.43315429688
1.44750976562
1.3111328125
1.2154296875
1.08623046875
0.973779296875
0.772802734375
0.7560546875
0.787158203125
0.75126953125
0.555078125
0.389990234375
0.0287109375
-0.021533203125
0.265576171875
0.169873046875
-0.10048828125
-0.32060546875
-0.57900390625
-0.696240234375
-0.882861328125
-0.9953125
-1.29916992188
-1.41162109375
-1.5408203125
-1.79204101563
-1.91884765625
-2.05283203125
-2.124609375
-2.24663085938
-2.3255859375
-2.4021484375
-2.57919921875
-2.62465820313
-2.71796875
-2.82802734375
-2.96918945313
-3.23715820313
-3.28500976563
-3.27783203125
-3.24194335938
-3.22998046875
-3.18930664063
-3.20126953125
-3.35439453125
-3.35200195313
-3.38071289063
-3.38071289063
-3.43334960938
-3.55537109375
-3.57690429688
-3.66303710938
-3.72045898438
-3.7037109375
-3.64868164063
-3.541015625
-4.0673828125
-4.0482421875
-4.038671875
-4.12241210938
-4.11762695313
-4.17983398438
-4.35927734375
-4.24204101563
-4.25161132813
-4.2587890625
-4.26118164063
-4.25639648438
-4.2205078125
-4.47172851563
-4.50043945313
-4.498046875
-4.47890625
-4.64638671875
-4.67509765625
-4.6990234375
-4.86650390625
-4.83779296875
-4.8712890625
-4.67270507813
-4.66791992188
-4.29467773438
-4.13198242188
-3.6462890625
-3.44770507813
-3.00986328125
-2.7275390625
-2.44760742188
-2.17006835938
-1.89731445313
-1.703515625
-1.39248046875
-1.22739257813
-1.13408203125
-0.80390625
-0.519189453125
-0.557470703125
-0.5359375
-0.6125
-0.681884765625
-0.8326171875
-0.93310546875
-1.22739257813
-1.358984375
-1.7130859375
-2.3255859375
-2.45239257812
-2.69643554688
-2.87827148438
-2.93090820312
-2.98115234375
-3.03139648438
-3.02661132812
-3.01225585938
-2.99311523438
