0.002392578125
0.007177734375
0.0861328125
0.2775390625
0.380419921875
0.509619140625
0.81826171875
1.04555664063
1.26567382813
1.61259765625
1.88295898438
2.09111328125
2.1533203125
2.41889648438
2.48588867188
2.50024414062
2.52177734375
2.3734375
2.41411132813
2.30883789062
2.296875
2.23227539063
2.2681640625
2.24423828125
2.26337890625
2.06240234375
2.01694335938
1.92124023438
1.87099609375
1.77290039063
1.7513671875
1.68916015625
1.67001953125
1.53125
1.48579101563
1.36616210938
1.27524414063
1.16279296875
1.10297851563
0.988134765625
0.978564453125
1.0431640625
0.7943359375
0.6986328125
0.667529296875
0.74169921875
0.552685546875
0.519189453125
0.380419921875
0.370849609375
0.32060546875
0.210546875
0.1435546875
0.107666015625
0.045458984375
0.02392578125
0.01435546875
-0.1244140625
-0.26318359375
-0.332568359375
-0.34453125
-0.500048828125
-0.55986328125
-0.605322265625
-0.619677734375
-0.63642578125
-0.844580078125
-0.84697265625
-1.05991210938
-1.13647460938
-1.24653320313
-1.42836914063
-1.40922851563
-1.41879882813
-1.60302734375
-1.61020507813
-1.5982421875
-1.56953125
-1.73940429688
-1.95234375
-1.990625
-2.07197265625
-2.2203125
-2.23706054688
-2.35908203125
-2.40454101562
-2.41650390625
-2.469140625
-2.48828125
-2.44521484375
-2.37822265625
-2.3734375
-2.35668945312
-2.28491210938
-2.22749023438
-2.124609375
-2.03608398438
-1.79204101563
-1.69633789063
-1.45708007813
-1.35659179688
-1.13408203125
-1.01923828125
-1.01684570312
-0.77041015625
-0.667529296875
-0.631640625
-0.610107421875
-0.72734375
-0.80390625
-0.8900390625
-1.02641601563
-1.129296875
-1.27524414063
-1.51450195313
-1.61020507813
-1.6078125
-1.82075195313
-1.85903320313
-1.99541015625
-2.21552734375
-2.28491210938
-2.32319335938
-2.3830078125
-2.45717773438
-2.52177734375
-2.5552734375
-2.73950195312
-2.64858398438
-3.01943359375
-2.93090820312
-2.92133789063
-3.04814453125
-3.17016601563
-3.15102539063
-3.08881835938
-3.06010742188
-3.119921875
-3.1103515625
-3.0720703125
-3.01704101563
-2.96440429688
-2.79931640625
-2.7849609375
-2.85673828125
-2.61748046875
-2.54809570312
-2.55766601563
-2.47392578125
-2.38779296875
-2.31840820313
-2.31840820313
-2.27055664063
-2.25620117188
-2.26098632812
-2.28012695313
-2.24663085938
-2.25620117188
-2.296875
-2.34951171875
-2.3447265625
-2.43803710938
-2.52895507813
-2.51938476563
-2.59833984375
-2.5935546875
-2.69643554688
-2.4212890625
-2.28012695313
-2.15571289063
-2.162890625
-2.0193359375
-1.9619140625
-1.9427734375
-1.89013671875
-1.65327148438
-1.6365234375
-1.49775390625
-1.43315429688
-1.35419921875
-1.45708007813
-1.38530273438
-1.358984375
-1.39248046875
-1.42836914063
-1.47143554688
-1.43076171875
-1.42358398438
-1.45947265625
-1.43793945313
-1.41162109375
-1.23696289063
-1.12451171875
-1.10297851563
-1.22260742188
-0.973779296875
-0.968994140625
-0.964208984375
-0.94267578125
-0.90439453125
-0.88525390625
-0.89482421875
-1.00727539063
-1.06469726562
-1.09580078125
-1.26567382813
-1.36137695313
-1.44990234375
-1.56953125
-1.62934570313
-1.62456054688
-2.03608398438
-2.28251953125
-2.430859375
-2.4978515625
-2.56723632813
-2.74189453125
-2.77778320313
-2.77060546875
-2.8041015625
-2.78735351562
-2.8328125
-2.82802734375
-2.84716796875
-2.87348632813
-2.86391601563
-2.85913085938
-2.85434570313
-2.87587890625
-2.86391601563
-2.84477539063
-2.79213867188
-2.71079101563
-2.80649414063
-2.51938476563
-2.51220703125
-2.63901367188
-2.660546875
-2.47153320313
-2.49306640625
-2.40693359375
-2.35668945312
-2.19877929688
-2.0193359375
-1.92124023438
-1.83989257813
-1.71547851563
-1.43793945313
-1.32548828125
-1.14365234375
-1.08383789063
-1.05991210938
-0.734521484375
-0.52158203125
-0.461767578125
-0.356494140625
-0.217724609375
-0.122021484375
-0.00478515625
0.040673828125
0.02392578125
0.2296875
0.2583984375
0.32060546875
0.399560546875
0.3158203125
0.5263671875
0.5646484375
0.600537109375
0.66513671875
0.74169921875
0.739306640625
0.77041015625
0.823046875
0.849365234375
0.77041015625
0.9953125
1.03359375
1.07426757813
1.13647460938
1.27763671875
1.378125
1.50971679688
1.5599609375
1.588671875
1.6748046875
1.7130859375
1.68916015625
1.87099609375
1.88774414063
1.99301757813
2.00737304688
1.86860351563
2.09829101563
2.12700195313
2.21552734375
2.2298828125
2.1533203125
2.32797851563
2.36865234375
2.5265625
2.583984375
2.70361328125
2.75625
2.76103515625
2.94765625
2.99311523438
3.15341796875
3.18930664063
3.32329101563
3.34243164063
3.40463867188
3.53383789063
3.61997070313
3.7611328125
3.8185546875
3.89750976563
3.96689453125
4.0291015625
4.15112304688
4.24921875
4.29228515625
4.39755859375
4.44301757813
4.536328125
4.54111328125
4.63203125
4.70620117188
4.79951171875
4.88564453125
4.93588867188
5.0052734375
5.09619140625
5.13208007812
5.16079101563
5.29477539063
5.3306640625
5.3880859375
5.48139648438
5.50771484375
5.55556640625
5.62255859375
5.64887695313
5.52446289063
5.74936523438
5.85942382813
5.99580078125
6.04365234375
6.06518554688
6.12021484375
6.105859375
6.07475585938
6.07475585938
6.05083007813
6.01254882813
5.95751953125
5.82114257813
5.97666015625
5.9240234375
5.95034179688
6.11064453125
5.9623046875
5.9048828125
5.77329101563
5.80678710938
5.59624023438
5.55795898438
5.57709960938
5.55795898438
5.43354492188
5.5412109375
5.6177734375
5.38569335938
5.36416015625
5.49814453125
5.455078125
5.41918945312
5.3689453125
5.378515625
5.43833007813
5.62495117188
5.61298828125
5.41201171875
5.46225585938
5.3498046875
5.263671875
5.30913085938
5.32348632812
5.29477539063
5.22299804688
5.187109375
5.0626953125
4.9478515625
4.8330078125
4.87607421875
5.06030273438
4.96938476563
4.47412109375
4.46694335938
4.24682617188
4.05063476563
3.77548828125
3.60083007813
3.46923828125
3.21083984375
2.9572265625
2.90698242188
2.81127929688
2.57680664063
2.52895507813
2.56484375
2.37104492188
2.21791992188
2.1724609375
2.06000976563
1.95712890625
1.91884765625
1.81118164063
1.77290039063
1.79682617188
1.54560546875
1.5025390625
1.32309570313
1.22021484375
1.18193359375
0.92353515625
0.8134765625
0.638818359375
0.552685546875
0.35888671875
0.24404296875
0.145947265625
-0.04306640625
-0.1244140625
-0.2966796875
-0.366064453125
-0.4306640625
-0.595751953125
-0.62685546875
-0.720166015625
-0.772802734375
-0.782373046875
-0.80390625
-0.80869140625
-0.86611328125
-0.8708984375
-0.9091796875
-0.937890625
-0.899609375
-0.887646484375
-0.849365234375
-0.782373046875
-0.77998046875
-0.8134765625
-0.806298828125
-0.825439453125
-0.80869140625
-0.739306640625
-0.753662109375
-0.5263671875
-0.447412109375
-0.4306640625
-0.356494140625
-0.287109375
-0.251220703125
-0.203369140625
-0.203369140625
-0.11484375
-0.045458984375
-0.050244140625
-0.050244140625
-0.05263671875
-0.0095703125
-0.0095703125
0.050244140625
0.10048828125
0.1435546875
0.1435546875
0.20576171875
0.2201171875
0.184228515625
0.19140625
0.236865234375
0.29189453125
0.21533203125
0.236865234375
0.23447265625
0.248828125
0.256005859375
0.256005859375
0.2583984375
0.313427734375
0.337353515625
0.3158203125
0.38759765625
0.423486328125
0.49765625
0.5263671875
0.53115234375
0.6029296875
