0.58857421875
0.437841796875
0.193798828125
0.059814453125
-0.260791015625
-0.4880859375
-0.667529296875
-0.784765625
-0.6412109375
-0.73212890625
-1.00727539063
-0.7177734375
-0.746484375
-0.830224609375
-0.88046875
-0.782373046875
-0.7177734375
-0.610107421875
-0.447412109375
-0.55029296875
-0.638818359375
-0.562255859375
-0.478515625
-0.294287109375
-0.241650390625
-0.3541015625
-0.356494140625
-0.447412109375
-0.3541015625
-0.456982421875
-0.36845703125
-0.275146484375
-0.287109375
-0.236865234375
-0.208154296875
-0.232080078125
-0.236865234375
-0.1818359375
-0.279931640625
-0.289501953125
-0.342138671875
-0.562255859375
-0.476123046875
-0.5837890625
-0.6986328125
-0.748876953125
-0.83740234375
-0.96181640625
-1.08623046875
-1.22739257813
-1.52885742188
-1.665234375
-1.79443359375
-1.89731445313
-2.14135742188
-2.25141601563
-2.49545898438
-2.62705078125
-2.74428710938
-2.85434570313
-3.03618164063
-3.1294921875
-3.29936523438
-3.39267578125
-3.426171875
-3.64868164063
-3.67739257813
-3.92143554688
-3.87119140625
-4.0865234375
-4.28032226563
-4.30424804688
-4.34013671875
-4.50043945313
-4.58178710938
-4.61528320313
-4.84018554688
-5.0244140625
-5.09379882813
-5.06748046875
-5.6177734375
-5.9431640625
-4.95024414063
-5.18232421875
-5.64409179688
-5.71108398438
-5.93359375
-6.00537109375
-5.9431640625
-5.86899414063
-5.9048828125
-5.92641601563
-5.8283203125
-5.83310546875
-5.87138671875
-5.85224609375
-5.95512695313
-5.85703125
-5.66801757813
-5.59145507813
-5.62734375
-5.80200195312
-5.84028320313
-5.82592773438
-5.84985351562
-5.66083984375
-5.57231445313
-5.5794921875
-5.665625
-5.70390625
-5.69672851563
-5.66083984375
-5.57231445313
-5.79243164063
-5.7421875
-5.55078125
-5.493359375
-5.46225585938
-5.51010742188
-5.39526367188
-5.58188476563
-5.53403320313
-5.43115234375
-5.32348632812
-5.2732421875
-5.00048828125
-4.880859375
-4.651171875
-4.574609375
-4.459765625
-4.22529296875
-4.13676757813
-3.92143554688
-3.80180664063
-3.71328125
-3.49077148438
-3.44052734375
-3.33764648438
-3.3208984375
-3.30893554688
-3.27543945313
-3.26586914063
-3.25869140625
-3.26826171875
-3.30415039063
-3.31611328125
-3.349609375
-3.35200195313
-3.37114257813
-3.22280273438
-3.44052734375
-3.46923828125
-3.47880859375
-3.44291992188
-3.40942382813
-3.36635742188
-3.37114257813
-3.464453125
-3.44291992188
-3.4740234375
-3.51469726563
-3.521875
-3.51469726563
-3.51948242188
-3.6654296875
-3.4740234375
-3.45966796875
-3.464453125
-3.26826171875
-3.36875
-3.196484375
-3.1294921875
-3.11513671875
-3.043359375
-2.94526367188
-2.76821289063
-2.6126953125
-2.58876953125
-2.40932617188
-2.37583007813
-2.33994140625
-2.30883789062
-2.33994140625
-2.33515625
-2.32319335938
-2.39736328125
-2.44282226563
-2.50024414062
-2.75625
-2.81606445313
-3.02900390625
-3.09360351563
-3.17255859375
-3.3591796875
-3.59604492188
-3.85444335938
-3.84248046875
-3.95971679688
-4.038671875
-4.25161132813
-4.75166015625
-4.85693359375
-4.96938476563
-5.08662109375
-5.20385742188
-5.531640625
-5.646484375
-5.75415039062
-5.87856445313
-5.88334960938
-6.17524414063
-6.30922851563
-6.36665039063
-6.335546875
-6.34033203125
-6.30444335938
-6.26616210938
-6.19916992188
-5.952734375
-5.85942382813
-5.58188476563
-5.50053710938
-5.42397460938
-5.15122070313
-5.02202148438
-4.766015625
-4.6607421875
-4.574609375
-4.2875
-4.21811523438
-4.1056640625
-4.04345703125
-4.13198242188
-3.86640625
-3.79702148438
-3.75874023438
-3.80419921875
-3.847265625
-3.76831054688
-3.79223632813
-3.7419921875
-3.69653320313
-3.77548828125
-3.84008789063
-3.86401367188
-3.92861328125
-4.01713867188
-4.11044921875
-4.28989257813
-4.75405273438
-5.09379882813
-5.51489257812
-5.79243164063
-6.16088867188
-6.96958007813
-6.9671875
-7.24951171875
-7.37392578125
-7.3787109375
-7.40981445313
-7.26865234375
-7.11791992188
-7.01982421875
-6.96958007813
-6.64897460938
-6.37861328125
-6.41450195313
-6.0962890625
-6.09389648438
-5.84506835938
-6.13217773438
-5.77329101563
-5.70869140625
-5.62016601563
-5.44311523438
-5.03876953125
-4.97895507813
-4.88564453125
-4.651171875
-4.66552734375
-4.73969726563
-4.55068359375
-4.5650390625
-4.6416015625
-4.6990234375
-4.79711914062
-4.68706054688
-4.727734375
-4.5267578125
-4.27075195312
-4.1248046875
-3.9333984375
-3.51708984375
-3.25869140625
-3.04096679688
-2.59116210938
-2.29926757813
-1.87338867188
-1.43315429688
-1.1580078125
-0.787158203125
-0.509619140625
-0.16748046875
0.088525390625
0.212939453125
0.516796875
0.610107421875
1.02641601563
1.28481445313
1.34223632813
1.48818359375
1.61020507813
1.75615234375
1.68676757813
1.83271484375
1.61259765625
1.5599609375
1.47143554688
1.4068359375
1.49536132812
1.25131835938
1.15322265625
1.18671875
1.12451171875
1.17236328125
1.16518554688
1.2728515625
1.35659179688
1.44990234375
1.79921875
2.07436523438
2.41171875
2.57919921875
2.201171875
1.93559570313
2.17963867188
2.83041992188
3.0146484375
2.86630859375
3.02421875
3.387890625
3.69653320313
3.40224609375
3.5697265625
3.71567382813
3.90229492188
3.95014648438
3.90229492188
3.79462890625
3.58408203125
3.47880859375
3.45009765625
3.349609375
3.11513671875
3.07446289063
3.03618164063
3.00986328125
2.8041015625
2.73950195312
2.61987304688
2.5935546875
2.4021484375
2.201171875
1.99541015625
1.83510742188
1.74658203125
1.7130859375
1.81118164063
1.70112304688
1.74418945313
1.8662109375
2.06000976563
2.19877929688
2.25141601563
2.31362304688
2.45717773438
2.52895507813
2.73232421875
2.78735351562
2.890234375
3.18930664063
3.3208984375
3.61279296875
3.59604492188
4.08413085938
3.98364257813
4.21333007813
4.3927734375
4.39995117188
4.40234375
4.31142578125
4.18461914063
4.12719726562
4.02192382813
4.09848632813
3.73002929688
3.62475585938
2.93569335938
2.33037109375
1.19868164063
0.619677734375
0.906787109375
1.21782226563
1.41162109375
0.92353515625
0.7369140625
0.49765625
0.3828125
-0.074169921875
-1.29916992188
-1.35180664062
-0.93310546875
-0.7751953125
-0.7751953125
-1.32309570313
-1.79921875
-1.9140625
-1.512109375
-1.24653320313
-1.88056640625
-3.2251953125
-3.49077148438
-2.95244140625
-2.86391601563
-3.21083984375
-3.20126953125
-3.0529296875
-2.88305664062
-3.07446289063
-2.95244140625
-2.94047851563
-2.90219726563
-2.66772460938
-2.53134765625
-2.4212890625
-1.92841796875
-1.83510742188
-1.92602539063
-1.91645507813
-1.83510742188
-1.71547851563
-1.71547851563
-1.58149414063
-1.47622070313
-1.47143554688
-1.61499023438
-1.63173828125
-1.67958984375
-1.65087890625
-1.73461914063
-2.09111328125
-2.33276367188
-2.6701171875
-2.71796875
-2.88544921875
-2.94287109375
-3.15102539063
-3.54580078125
-3.70131835938
-3.78505859375
-3.87358398438
-3.95971679688
-4.10805664063
-4.17026367188
-4.24204101563
-4.51000976562
-4.52915039063
-4.52197265625
-4.62724609375
-4.65595703125
-4.7181640625
-4.79951171875
-4.7564453125
-4.73251953125
-4.65595703125
-4.65356445312
-4.60810546875
-4.37602539063
-4.35688476563
-4.29228515625
-4.19658203125
-4.15830078125
-4.0578125
-3.99799804688
-3.97646484375
-3.7419921875
-3.66782226563
-3.62475585938
-3.5697265625
-3.41899414063
-3.37353515625
-3.32807617188
-3.30415039063
-3.25869140625
-3.273046875
-3.21801757813
-3.15581054688
-3.15102539063
-2.94047851563
-2.99072265625
-2.97875976562
-2.909375
-2.77299804688
-2.71796875
-2.81127929688
-2.39736328125
-2.40693359375
-2.35908203125
-2.36147460938
-2.162890625
-2.03129882813
-1.95952148438
-1.96669921875
-1.93559570313
-1.90688476563
-1.92602539063
-1.8662109375
-1.80400390625
-1.41640625
-1.55756835938
-2.10068359375
-2.01694335938
-2.08872070313
-2.048046875
-2.10546875
-2.25620117188
-2.27534179688
-2.31123046875
-2.25380859375
-2.19638671875
-2.40454101562
-2.36865234375
-2.68447265625
-2.88544921875
-3.08881835938
-3.2921875
-3.29697265625
-3.19409179688
-3.5123046875
-3.770703125
-3.93100585938
-3.79702148438
-3.5505859375
-3.7419921875
-3.75395507813
-4.23725585938
-4.35688476563
-4.58178710938
-4.51479492188
-4.35688476563
-4.04106445313
-4.02431640625
-4.06977539063
-4.306640625
-4.47651367188
-4.66313476563
-4.68706054688
-4.70620117188
-4.27075195312
-4.15590820313
-4.13916015625
-4.14873046875
-4.153515625
-4.18701171875
-4.26118164063
-4.09370117188
-4.03388671875
-4.13676757813
-4.19658203125
-4.15830078125
-4.06977539063
-3.97407226563
-3.92861328125
-3.85922851563
-3.70849609375
-3.885546875
-3.87358398438
-3.828125
-3.41420898438
-3.56733398438
-3.48598632813
-3.25869140625
-3.34482421875
-3.3400390625
-3.3017578125
-2.98354492188
-2.92133789063
-2.9955078125
-3.03139648438
-3.01225585938
-2.737109375
-2.60791015625
-2.58637695313
-2.35908203125
-2.31123046875
-2.3064453125
-2.29926757813
-2.201171875
-2.14853515625
-2.07197265625
-1.99780273438
-1.88295898438
-1.8279296875
-1.67719726563
-1.72983398438
-1.71069335938
-1.6556640625
-1.626953125
-1.435546875
-1.55278320313
-1.6748046875
-1.6078125
-1.59106445313
-1.86381835938
-2.02412109375
-2.0193359375
-2.31123046875
-2.52177734375
-3.06010742188
-3.14624023438
-3.52426757813
-3.96450195313
-4.2779296875
-4.33774414063
-4.53154296875
-4.52436523438
-4.56264648438
-4.4884765625
-4.41669921875
-4.24204101563
-4.11044921875
-3.50751953125
-4.2205078125
-4.22768554688
-4.23247070313
-4.61528320313
-4.9287109375
-5.33544921875
-5.7134765625
-5.95751953125
-6.144140625
-6.67768554688
-6.75185546875
-6.7853515625
-6.7087890625
-6.32119140625
-6.9576171875
-6.85473632813
-6.38818359375
-6.105859375
-5.79721679688
-5.67041015625
-5.48139648438
-5.27084960938
-5.1296875
-4.97416992188
-4.91435546875
-4.82583007813
-4.91196289063
-4.76123046875
-4.61528320313
-4.39755859375
-4.9861328125
-5.44311523438
-5.27802734375
-5.11293945313
-5.12490234375
-5.17993164062
-5.148828125
-5.00766601563
-4.957421875
-4.8234375
-4.842578125
-4.68706054688
-4.459765625
-4.25400390625
-4.153515625
-3.99560546875
-3.78505859375
-3.48598632813
-3.01704101563
-2.68447265625
-2.3830078125
-2.0193359375
-1.8087890625
-1.51450195313
-1.052734375
-0.878076171875
-0.576611328125
-0.38759765625
-0.581396484375
0.11962890625
0.16748046875
0.40673828125
0.471337890625
0.528759765625
0.624462890625
0.71298828125
0.75126953125
0.91396484375
