0.87568359375
0.849365234375
0.8708984375
0.89482421875
0.849365234375
0.854150390625
0.82783203125
0.858935546875
0.882861328125
0.8134765625
1.00966796875
0.99052734375
1.071875
1.09819335938
1.02880859375
1.18911132813
1.3015625
1.53125
1.73940429688
2.08872070313
2.20595703125
2.06240234375
1.6556640625
1.38291015625
1.48579101563
1.68198242188
1.80161132813
2.28491210938
2.54809570312
2.8615234375
2.39975585938
2.51220703125
2.60551757813
2.63901367188
2.79931640625
3.01225585938
3.13666992188
3.37592773438
3.40224609375
3.5505859375
3.9716796875
4.000390625
4.23247070313
4.4884765625
4.55546875
4.41909179688
4.32578125
4.38798828125
4.49565429688
4.74208984375
4.880859375
4.83540039063
4.76362304688
4.9478515625
5.03876953125
4.96220703125
4.96459960938
4.88325195313
5.07465820313
5.1009765625
4.90478515625
4.97177734375
4.64877929688
4.24921875
4.191796875
3.95971679688
4.06259765625
4.14873046875
4.66791992188
4.74448242188
4.37841796875
4.03149414062
3.81616210938
3.06967773438
3.11274414063
3.26108398438
3.29936523438
3.24672851563
2.94287109375
2.86630859375
2.6796875
2.51459960938
2.32319335938
2.39497070313
2.50502929688
2.4978515625
2.60551757813
2.62705078125
2.47631835938
2.39497070313
2.25859375
2.09350585938
2.09111328125
2.19877929688
2.34711914063
3.35439453125
3.75395507813
2.08154296875
3.01943359375
3.56254882813
3.77788085938
3.14145507813
3.273046875
4.39995117188
4.34970703125
3.56254882813
3.76591796875
3.694140625
4.43583984375
3.4740234375
2.95244140625
3.4548828125
2.99790039063
2.9955078125
2.73232421875
2.52416992188
2.1916015625
1.9619140625
1.72983398438
1.57670898438
1.8375
0.806298828125
0.6794921875
0.490478515625
0.184228515625
-0.480908203125
-0.701025390625
-0.528759765625
-2.07197265625
-1.98823242188
-2.15092773438
-2.3255859375
-2.46196289063
-2.61508789063
-2.66772460938
-2.2873046875
-2.28251953125
-2.16767578125
-2.22509765625
-1.626953125
-1.665234375
-1.3015625
-1.1005859375
-1.04794921875
-0.7943359375
-0.705810546875
-0.52158203125
-0.447412109375
-0.567041015625
-0.523974609375
-0.6029296875
-0.495263671875
-0.571826171875
-0.619677734375
-0.47373046875
-0.610107421875
-0.456982421875
-0.59814453125
-0.65556640625
-0.672314453125
-0.643603515625
-0.638818359375
-0.581396484375
-0.7369140625
-1.1484375
-1.42836914063
-1.81118164063
-2.03129882813
-2.3447265625
-2.94287109375
-3.10795898438
-3.31611328125
-3.27783203125
-3.19887695313
-3.043359375
-2.80170898438
-2.68686523438
-2.40454101562
-2.22509765625
-1.90688476563
-2.0576171875
-1.61020507813
-1.52885742188
-1.57431640625
-1.61499023438
-1.66284179688
-1.72504882813
-1.72744140625
-1.66284179688
-1.6078125
-1.69873046875
-1.7513671875
-1.72026367188
-1.70830078125
-1.78486328125
-1.8853515625
-2.17724609375
-2.36147460938
-2.6701171875
-2.72514648438
-2.83999023438
-3.02182617188
-3.36875
-3.43095703125
-3.502734375
-3.4740234375
-3.38310546875
-3.37114257813
-3.521875
-3.28500976563
-3.29458007813
-3.25151367188
-3.08642578125
-3.02421875
-2.96201171875
-2.72993164063
-2.54809570312
-2.44760742188
-2.430859375
-2.27055664063
-2.18681640625
-2.11982421875
-2.09829101563
-2.0001953125
-1.894921875
-1.856640625
-1.856640625
-1.86142578125
-1.82553710938
-1.77768554688
-1.73461914063
-1.74418945313
-1.665234375
-1.60302734375
-1.56713867188
-1.53603515625
-1.473828125
-1.44990234375
-1.45708007813
-1.4451171875
-1.40444335938
-1.33984375
-1.31831054688
-1.32309570313
-1.28720703125
-1.36137695313
-1.26567382813
-1.31591796875
-1.29677734375
-1.57192382813
-1.67001953125
-1.78247070313
-1.89731445313
-2.01215820313
-2.13657226563
-2.27055664063
-2.33994140625
-2.42846679688
-2.54331054688
-2.5361328125
-2.5935546875
-2.6509765625
-2.698828125
-2.61748046875
-2.81606445313
-2.79692382813
-2.97875976562
-3.00268554688
-2.966796875
-3.16059570313
-3.158203125
-3.119921875
-3.03857421875
-2.94287109375
-2.8806640625
-2.82802734375
-2.58159179688
-2.507421875
-2.34951171875
-2.3064453125
-2.26098632812
-2.13178710938
-2.10546875
-2.06479492188
-2.07436523438
-2.02172851562
-2.03608398438
-2.04326171875
-2.06240234375
-2.11025390625
-2.03129882813
-2.09111328125
-2.10786132813
-2.20595703125
-2.20834960938
-2.12221679688
-2.14375
-2.124609375
-2.09829101563
-2.02651367188
-2.05522460938
-2.08872070313
-2.14135742188
-2.14135742188
-2.2107421875
-2.44521484375
-2.45
-2.72993164063
-2.88305664062
-2.851953125
-3.04575195313
-3.15341796875
-3.25390625
-3.28500976563
-3.44291992188
-3.38071289063
-3.05771484375
-3.43813476563
-3.29697265625
-3.22041015625
-3.10556640625
-2.98115234375
-2.8232421875
-2.77778320313
-2.69165039062
-2.5169921875
-2.55048828125
-2.65336914063
-2.64619140625
-2.66293945313
-2.65576171875
-2.63422851563
-2.52895507813
-2.49545898438
-2.39975585938
-2.316015625
-2.26098632812
-2.21552734375
-2.18681640625
-2.1916015625
-2.28969726563
-2.13178710938
-2.08393554688
-2.06240234375
-2.0576171875
-2.04086914063
-2.04565429688
-2.0671875
-2.12939453125
-2.21791992188
-2.37583007813
-2.39736328125
-2.45
-2.44760742188
-2.45717773438
-2.50263671875
-2.49306640625
-2.47153320313
-2.65336914063
-2.67250976563
-2.6892578125
-2.67490234375
-2.6509765625
-2.54091796875
-2.57919921875
-2.34711914063
-2.22509765625
-2.32080078125
-2.21791992188
-2.1916015625
-2.1916015625
-2.11982421875
-2.01694335938
-1.933203125
-1.84946289063
-1.79204101563
-2.34951171875
-1.86860351563
-1.6173828125
-1.66044921875
-1.41879882813
-1.38051757813
-1.34462890625
-1.32548828125
-1.25849609375
-1.18671875
-1.1484375
-0.921142578125
-1.15322265625
-0.9666015625
-0.8134765625
-0.90439453125
-0.844580078125
-0.873291015625
-0.858935546875
-0.861328125
-0.925927734375
-0.935498046875
-0.78955078125
-0.6890625
-0.74169921875
-0.52158203125
-0.47373046875
-0.3828125
-0.363671875
-0.337353515625
-0.287109375
-0.23447265625
-0.131591796875
-0.093310546875
-0.016748046875
0.035888671875
0.08134765625
0.193798828125
0.241650390625
0.198583984375
0.418701171875
0.485693359375
0.57900390625
0.68427734375
0.8708984375
0.925927734375
0.9953125
1.18193359375
1.24892578125
1.23696289063
1.42358398438
1.49536132812
1.63891601563
1.68676757813
1.75854492188
1.741796875
1.81596679688
1.90927734375
1.93798828125
1.87338867188
2.04565429688
2.06479492188
2.06958007812
2.10546875
2.0193359375
2.01215820313
2.01455078125
1.84946289063
1.9236328125
2.02651367188
1.703515625
1.72504882813
1.70590820313
1.68198242188
1.54560546875
1.48818359375
1.45708007813
1.378125
1.3494140625
1.52407226563
1.35659179688
1.4068359375
1.42836914063
1.45947265625
1.42358398438
1.46904296875
1.5216796875
1.61259765625
1.6556640625
1.68198242188
1.7896484375
1.88295898438
2.2107421875
2.48349609375
2.66533203125
2.90698242188
2.8998046875
3.25629882813
2.84716796875
3.13666992188
3.16538085938
3.02182617188
2.99790039063
2.94765625
2.90698242188
2.81606445313
2.660546875
2.76103515625
2.74428710938
2.82802734375
2.88784179688
2.92133789063
2.85913085938
2.78735351562
2.94526367188
3.04575195313
3.32329101563
3.46923828125
3.57211914063
3.60083007813
3.68217773438
3.82094726563
3.885546875
3.828125
3.86879882813
3.82094726563
3.87358398438
3.98125
4.12958984375
4.26357421875
4.29228515625
4.34252929688
4.39995117188
4.19897460938
3.96450195313
3.69174804688
3.41899414063
3.03618164063
2.81606445313
2.50263671875
2.13178710938
1.86860351563
1.59345703125
1.39965820312
1.10776367188
0.835009765625
0.734521484375
0.686669921875
0.691455078125
0.7369140625
0.796728515625
0.94267578125
0.93310546875
0.9474609375
0.99052734375
1.21064453125
0.911572265625
1.19389648438
1.01923828125
1.00249023438
0.911572265625
0.873291015625
0.88525390625
0.88525390625
0.81826171875
0.68427734375
0.528759765625
0.471337890625
0.523974609375
0.667529296875
0.772802734375
0.672314453125
0.7943359375
1.04077148438
1.26567382813
1.26328125
1.435546875
1.44750976562
1.397265625
1.56953125
1.58149414063
1.49775390625
1.51689453125
1.49057617188
1.46904296875
1.25131835938
1.55756835938
1.22739257813
1.40205078125
1.5025390625
1.44272460938
1.6556640625
1.50971679688
1.58388671875
1.73940429688
1.7896484375
1.6078125
1.67001953125
1.8375
1.8853515625
1.86142578125
2.11025390625
2.009765625
2.0576171875
2.08872070313
2.14375
2.24184570313
2.26098632812
2.277734375
2.32797851563
2.430859375
2.41889648438
2.41411132813
2.4404296875
2.34951171875
2.39975585938
2.24184570313
2.25380859375
2.2203125
2.11743164062
2.07197265625
2.10786132813
1.9619140625
1.7513671875
1.5025390625
1.31831054688
1.36137695313
1.45229492188
1.65327148438
1.53603515625
1.3876953125
1.0814453125
1.0623046875
1.04555664063
1.06708984375
1.08383789063
1.1484375
1.22021484375
1.39248046875
1.53125
1.57192382813
1.550390625
1.4546875
1.27524414063
0.765625
0.32060546875
-0.389990234375
-0.937890625
-1.4546875
-1.94516601563
-2.09111328125
-2.201171875
-2.23466796875
-2.22509765625
-2.0767578125
-1.74897460938
-1.550390625
-1.41640625
-0.988134765625
-0.619677734375
-0.394775390625
-0.15791015625
0.0669921875
0.260791015625
0.595751953125
0.772802734375
0.84697265625
0.8517578125
0.849365234375
0.55986328125
0.210546875
-0.145947265625
-0.6029296875
-0.897216796875
-1.25131835938
-1.48579101563
-1.65805664063
-1.62456054688
-1.66762695313
-1.07666015625
-1.05034179688
-0.753662109375
0.03349609375
0.593359375
0.930712890625
1.88295898438
2.44282226563
3.17016601563
3.86162109375
4.58657226563
5.06508789063
5.7900390625
6.278125
6.48149414063
6.73510742188
6.59155273438
6.51020507813
6.25180664063
5.8091796875
5.26845703125
4.76123046875
4.30903320313
3.99321289063
3.83291015625
3.579296875
3.38071289063
3.34721679688
3.15581054688
3.14384765625
3.18930664063
2.94765625
2.80649414063
2.622265625
2.507421875
2.24184570313
2.12939453125
2.02651367188
1.94995117188
1.85185546875
1.73940429688
1.72983398438
1.61259765625
1.26806640625
1.33505859375
