0.11005859375
0.366064453125
0.514404296875
0.748876953125
0.899609375
1.09340820313
1.27524414063
1.46904296875
1.62216796875
1.82075195313
2.02890625
2.239453125
2.4404296875
2.545703125
2.70122070313
2.96918945313
3.18452148438
3.35200195313
3.37592773438
3.73720703125
3.694140625
3.923828125
3.93579101563
3.95014648438
3.83291015625
4.02670898438
3.99799804688
3.92861328125
3.9046875
3.847265625
3.89033203125
3.76591796875
3.64868164063
3.23237304688
2.9763671875
2.86391601563
2.890234375
2.87587890625
3.005078125
2.87827148438
2.80170898438
2.77778320313
2.7275390625
2.83041992188
2.66293945313
2.71318359375
2.74907226563
2.62944335938
2.74428710938
2.99790039063
3.11513671875
3.19887695313
3.2060546875
3.18452148438
3.21323242188
3.17495117188
3.09599609375
3.2634765625
3.22280273438
3.21801757813
3.18212890625
3.07446289063
3.29936523438
3.50751953125
3.71328125
3.90708007813
4.0673828125
4.12001953125
4.16787109375
4.076953125
3.90229492188
3.70610351563
3.43334960938
3.34721679688
2.8041015625
2.660546875
2.57202148438
2.23227539063
2.07436523438
2.03608398438
2.09829101563
1.9236328125
1.87338867188
1.85185546875
1.94038085938
1.73940429688
1.75615234375
1.7322265625
1.69633789063
1.71787109375
1.77290039063
1.82314453125
1.83989257813
2.03608398438
2.02172851562
2.19399414063
2.23466796875
2.18442382813
2.04086914063
2.06000976563
1.75375976563
1.69155273438
1.4833984375
1.31352539063
1.04077148438
0.768017578125
0.710595703125
0.399560546875
0.29189453125
-0.04306640625
-0.303857421875
-0.34453125
-0.634033203125
-0.7943359375
-0.815869140625
-1.11494140625
-1.12451171875
-1.36616210938
-1.50971679688
-1.53364257813
-1.57192382813
-1.63891601563
-1.684375
-1.60302734375
-1.58149414063
-1.45229492188
-1.473828125
-1.38051757813
-1.33745117188
-1.24174804688
-1.34223632813
-1.1484375
-1.03359375
-1.04555664063
-1.02880859375
-1.05751953125
-0.80390625
-0.854150390625
-0.906787109375
-0.8708984375
-0.887646484375
-0.9857421875
-0.9857421875
-1.0814453125
-1.20346679688
-1.2919921875
-1.32788085938
-1.512109375
-1.65087890625
-1.75615234375
-1.8470703125
-1.84467773438
-2.11264648438
-2.21313476562
-2.17963867188
-2.41411132813
-2.44282226563
-2.41650390625
-2.4404296875
-2.296875
-2.26098632812
-2.29926757813
-2.41650390625
-2.4787109375
-2.17724609375
-1.91166992188
-1.7609375
-1.65087890625
-1.28481445313
-1.17236328125
-0.91875
-0.9091796875
-0.81826171875
-0.6986328125
-0.75126953125
-0.75126953125
-0.744091796875
-0.691455078125
-0.62685546875
-0.538330078125
-0.480908203125
-0.452197265625
-0.5072265625
-0.593359375
-0.6029296875
-0.65078125
-0.75126953125
-0.830224609375
-0.940283203125
-1.11254882812
-1.2154296875
-1.32788085938
-1.29916992188
-1.30395507812
-1.24653320313
-1.24174804688
-1.16518554688
-1.37573242188
-1.20825195312
-1.28959960938
-1.33505859375
-1.40444335938
-1.48818359375
-1.53603515625
-1.79921875
-1.87817382813
-1.87578125
-1.87817382813
-1.87338867188
-1.83271484375
-1.89013671875
-2.17724609375
-1.68676757813
-2.34711914063
-2.56723632813
-2.4212890625
-0.614892578125
-0.571826171875
-0.433056640625
-0.452197265625
-0.184228515625
-0.34453125
-0.538330078125
-0.765625
-0.86611328125
-1.09819335938
-1.10776367188
-1.26806640625
-1.28959960938
-1.29677734375
-1.38291015625
-1.27763671875
-1.28959960938
-1.16040039062
-0.992919921875
-0.906787109375
-0.86611328125
-0.6125
-0.567041015625
-0.236865234375
0.057421875
0.217724609375
0.433056640625
0.6220703125
0.976171875
1.129296875
1.49057617188
1.67001953125
1.73461914063
2.0576171875
2.20356445313
2.37822265625
2.50024414062
2.58159179688
2.65815429688
2.67729492188
2.75625
2.89501953125
3.09360351563
3.36157226563
3.4357421875
3.42377929688
3.4166015625
3.51948242188
3.64150390625
3.67739257813
3.63193359375
3.80419921875
3.81376953125
3.73002929688
3.61518554688
3.67978515625
3.81376953125
3.57690429688
3.45249023438
3.273046875
2.99072265625
2.85673828125
2.89501953125
2.83759765625
2.69643554688
2.583984375
2.54091796875
2.46674804688
2.42607421875
2.5935546875
2.43803710938
2.38779296875
2.44282226563
2.42368164063
2.57202148438
2.48828125
2.50502929688
2.469140625
2.47631835938
2.5361328125
2.64619140625
2.73471679688
2.88544921875
2.8328125
2.83520507812
2.890234375
2.966796875
2.89741210938
3.0529296875
2.83520507812
2.61030273438
2.46674804688
2.24423828125
1.92602539063
2.00737304688
1.6939453125
1.9236328125
1.741796875
1.75854492188
1.6748046875
1.42836914063
1.30634765625
1.20107421875
1.18432617188
0.916357421875
0.739306640625
0.523974609375
0.30625
-0.093310546875
0.189013671875
0.37802734375
0.00478515625
-0.1626953125
-0.20576171875
-0.12919921875
-0.055029296875
-0.026318359375
-0.083740234375
0.0
0.11005859375
0.275146484375
0.318212890625
0.409130859375
0.519189453125
0.614892578125
1.01923828125
1.32788085938
1.63173828125
1.78247070313
2.12221679688
2.35668945312
2.42607421875
2.46196289063
2.45
2.65336914063
2.73232421875
2.81606445313
2.77778320313
2.76103515625
2.77060546875
2.71318359375
2.61030273438
2.56245117188
2.53374023438
2.55766601563
2.54091796875
2.71557617188
2.4212890625
2.52895507813
2.4787109375
2.316015625
2.48349609375
2.37822265625
2.63422851563
2.6892578125
2.6796875
2.83520507812
3.03139648438
3.15581054688
3.0912109375
3.29936523438
3.45727539063
3.387890625
3.52426757813
3.39028320313
3.56254882813
3.61279296875
3.63432617188
3.56494140625
3.63432617188
3.57211914063
3.57451171875
3.5697265625
3.4931640625
3.45009765625
3.2251953125
3.311328125
3.0337890625
2.97875976562
2.85434570313
2.86630859375
2.7275390625
2.47631835938
2.20834960938
2.08393554688
1.97866210938
1.82314453125
1.56474609375
1.29677734375
1.18671875
1.052734375
0.77041015625
0.662744140625
0.58857421875
0.11484375
0.021533203125
-0.093310546875
-0.4880859375
-0.75126953125
-1.04077148438
-1.41401367188
-1.86142578125
-2.048046875
-2.18442382813
-2.63662109375
-2.75864257813
-3.19409179688
-3.51948242188
-3.7037109375
-4.01474609375
-4.49326171875
-4.766015625
-4.86171875
-4.880859375
-4.84736328125
-4.57939453125
-4.06020507813
-3.38549804688
-2.36625976563
-1.61499023438
-1.03598632813
-0.06220703125
0.937890625
1.39248046875
1.684375
2.12221679688
2.430859375
2.66772460938
2.80170898438
2.91176757813
3.01943359375
2.94526367188
3.03618164063
3.28022460938
3.56733398438
3.7802734375
3.59604492188
3.68696289063
3.53383789063
3.27783203125
3.16538085938
2.87587890625
2.73471679688
2.58637695313
2.41171875
2.37104492188
2.42607421875
2.16767578125
2.1341796875
2.10068359375
2.00258789063
2.07915039063
2.0001953125
2.23227539063
2.29448242188
2.36147460938
2.30166015625
2.4978515625
2.5935546875
2.61030273438
2.68208007813
2.73950195312
2.8328125
2.79931640625
2.79453125
2.79692382813
2.83041992188
2.92373046875
2.88544921875
2.78735351562
2.97158203125
2.966796875
2.92133789063
2.87109375
2.74428710938
2.52895507813
2.45239257812
2.43564453125
2.32080078125
2.29208984375
2.17963867188
2.15092773438
2.24663085938
1.8375
