2.43803710938
2.28012695313
2.33515625
2.43325195313
2.30405273438
2.31362304688
2.3734375
2.34951171875
2.2203125
1.98823242188
1.80161132813
1.6748046875
1.61259765625
1.46186523438
1.320703125
0.964208984375
0.854150390625
0.8134765625
0.801513671875
0.97138671875
0.844580078125
0.62685546875
0.739306640625
0.791943359375
0.899609375
0.96181640625
1.08862304688
1.11494140625
1.244140625
1.55517578125
1.7513671875
2.02651367188
1.95473632813
2.51938476563
2.45
2.87348632813
2.94765625
3.119921875
3.32329101563
3.3400390625
3.3783203125
3.28740234375
3.07924804688
2.9763671875
2.88784179688
2.8041015625
2.71557617188
2.62465820313
2.5361328125
2.45239257812
2.40932617188
2.25859375
2.1916015625
2.03129882813
2.0193359375
1.92124023438
1.87817382813
1.71069335938
1.41162109375
1.56953125
1.95473632813
1.9810546875
1.66284179688
1.19868164063
1.15322265625
0.949853515625
0.88525390625
0.85654296875
0.887646484375
0.892431640625
0.858935546875
0.858935546875
0.854150390625
0.81826171875
0.81826171875
0.787158203125
0.81826171875
0.899609375
0.404345703125
0.2775390625
0.160302734375
0.12919921875
-0.1052734375
-0.102880859375
-0.2296875
-0.25361328125
-0.1626953125
-0.313427734375
-0.32060546875
-0.37802734375
-0.43544921875
-0.552685546875
-0.590966796875
-0.638818359375
-0.648388671875
-0.669921875
-0.614892578125
-0.80869140625
-0.8517578125
-0.88046875
-0.906787109375
-1.02880859375
-1.07666015625
-1.17475585938
-1.16040039062
-0.7751953125
-1.01923828125
-1.46665039063
-1.58149414063
-1.59584960938
-1.53603515625
-1.24653320313
-1.091015625
-1.47622070313
-1.64130859375
-1.59345703125
-1.60063476563
-1.63891601563
-1.55756835938
-1.51928710938
-1.47861328125
-1.34702148438
-1.31591796875
-1.25610351562
-1.2537109375
-1.28959960938
-1.3015625
-1.34462890625
-1.34223632813
-1.32309570313
-1.26567382813
-1.24892578125
-1.2537109375
-1.24653320313
-1.27763671875
-1.30395507812
-1.37573242188
-1.35180664062
-1.33745117188
-1.35659179688
-1.2154296875
-1.13168945313
-1.35419921875
-1.45229492188
-1.39248046875
-1.22739257813
-1.2345703125
-1.19389648438
-1.1580078125
-1.14365234375
-1.20346679688
-1.19389648438
-1.205859375
-1.16040039062
-0.935498046875
-0.878076171875
-1.0240234375
-1.19150390625
-1.21782226563
-1.35659179688
-1.39248046875
-1.07426757813
-1.3015625
-1.44272460938
-1.32309570313
-1.25849609375
-1.1771484375
-1.20825195312
-1.20825195312
-1.17236328125
-1.17475585938
-1.13408203125
-1.3111328125
-1.320703125
-1.41879882813
-1.473828125
-1.40922851563
-1.61020507813
-1.56953125
-1.74418945313
-1.64848632813
-1.76333007813
-1.99301757813
-2.19638671875
-2.469140625
-2.5935546875
-2.88784179688
-3.04096679688
-3.17495117188
-3.28500976563
-3.32568359375
-3.32807617188
-3.2826171875
-3.22041015625
-3.06489257813
-3.0146484375
-2.97158203125
-2.909375
-2.87587890625
-2.890234375
-2.84477539063
-2.64858398438
-2.50263671875
-2.3734375
-2.1916015625
-2.06240234375
-1.933203125
-1.56953125
-1.28481445313
-0.954638671875
-0.87568359375
-0.724951171875
-0.5837890625
-0.33017578125
-0.27275390625
-0.208154296875
-0.208154296875
-0.251220703125
-0.232080078125
-0.203369140625
-0.1626953125
-0.133984375
-0.131591796875
-0.179443359375
-0.19619140625
-0.1626953125
-0.11962890625
-0.019140625
0.019140625
-0.0095703125
-0.035888671875
-0.30146484375
-0.332568359375
-0.52158203125
-0.5072265625
-0.2201171875
-0.16748046875
-0.366064453125
-0.710595703125
-0.61728515625
-0.30146484375
-0.059814453125
0.016748046875
0.011962890625
0.4498046875
0.30625
0.543115234375
0.576611328125
0.5646484375
0.62685546875
0.72255859375
0.58857421875
0.51201171875
0.23447265625
0.093310546875
-0.42109375
-0.662744140625
-0.887646484375
-1.0623046875
-1.25131835938
-1.65327148438
-1.83032226563
-2.13178710938
-2.22270507813
-2.17485351563
-2.507421875
-2.62705078125
-2.89741210938
-3.06489257813
-3.14624023438
-3.21083984375
-3.29458007813
-3.36875
-3.43095703125
-3.4931640625
-3.57451171875
-3.65825195313
-3.70610351563
-3.86640625
-3.95493164063
-4.0673828125
-3.98603515625
-3.98364257813
-4.12719726562
-4.14155273438
-4.0673828125
-3.88315429688
-3.71806640625
-3.5505859375
-3.45009765625
-3.18930664063
-2.928515625
-2.78735351562
-2.76103515625
-2.78735351562
-2.75864257813
-2.66533203125
-2.47392578125
-2.30166015625
-2.32319335938
-2.29448242188
-2.27294921875
-2.32080078125
-2.354296875
-2.39975585938
-2.39736328125
-2.32797851563
-2.33515625
-2.36865234375
-2.36625976563
-2.354296875
-2.277734375
-2.22509765625
-2.17963867188
-2.13657226563
-2.1341796875
-2.15810546875
-2.11982421875
-2.05522460938
-2.0671875
-2.0576171875
-2.01215820313
-1.91884765625
-1.75615234375
-1.57431640625
-1.52646484375
-1.358984375
-1.34702148438
-1.27763671875
-1.2345703125
-1.19868164063
-1.11015625
-1.13408203125
-1.10537109375
-1.07666015625
-1.05991210938
-0.9474609375
-0.911572265625
-0.8326171875
-0.61728515625
-0.595751953125
-0.433056640625
-0.3828125
-0.356494140625
-0.447412109375
-0.294287109375
-0.260791015625
-0.2009765625
-0.153125
-0.088525390625
0.169873046875
0.189013671875
0.26796875
0.356494140625
0.418701171875
0.485693359375
0.701025390625
0.787158203125
1.00727539063
1.01206054688
1.29916992188
1.45708007813
1.550390625
1.72265625
1.780078125
1.94038085938
2.02651367188
2.1150390625
2.15092773438
2.29208984375
2.296875
2.31840820313
2.39736328125
2.46674804688
2.56484375
2.58876953125
2.68686523438
2.70600585938
2.71318359375
2.75625
2.90698242188
2.93569335938
2.9572265625
2.99072265625
2.94765625
2.92133789063
2.87827148438
2.84956054688
2.82084960938
2.8998046875
2.62944335938
2.7466796875
2.5265625
2.46674804688
2.22749023438
2.316015625
2.1724609375
2.19877929688
2.10546875
2.16049804688
2.31840820313
2.24184570313
2.19399414063
2.17006835938
2.08872070313
1.99541015625
2.05283203125
2.01215820313
2.02651367188
1.98823242188
1.92841796875
1.8853515625
1.85424804688
1.80639648438
1.80161132813
1.69155273438
1.84467773438
1.86860351563
1.93559570313
1.96430664063
2.02172851562
2.04565429688
1.99780273438
1.87578125
1.84228515625
1.80639648438
1.79682617188
1.7896484375
1.74418945313
1.75615234375
1.7513671875
1.703515625
1.9044921875
1.88056640625
2.2107421875
2.24184570313
2.3638671875
2.34951171875
2.57680664063
2.65336914063
2.72275390625
2.83759765625
2.91176757813
2.91176757813
2.98115234375
2.96918945313
2.94765625
2.87109375
2.83999023438
2.79692382813
2.76821289063
2.74428710938
2.737109375
2.60551757813
2.54091796875
2.5169921875
2.5935546875
2.354296875
2.29926757813
2.16528320312
2.24184570313
2.02890625
1.94995117188
1.83032226563
1.71547851563
1.75854492188
1.7322265625
1.59106445313
1.52407226563
1.42836914063
1.36137695313
1.26088867188
1.24892578125
1.26088867188
1.20825195312
1.21064453125
1.18193359375
1.1580078125
1.11494140625
1.0431640625
1.05512695313
0.935498046875
1.1005859375
1.14365234375
1.21303710938
1.26328125
1.29438476563
1.36137695313
1.25131835938
1.40205078125
1.39008789063
1.47622070313
1.54321289063
1.67241210938
1.41401367188
1.56235351563
1.47861328125
1.50493164063
1.48818359375
1.378125
