0.854150390625
0.523974609375
0.31103515625
0.13876953125
-0.09091796875
-0.16748046875
-0.184228515625
-0.112451171875
-0.122021484375
-0.07177734375
-0.057421875
-0.169873046875
0.00478515625
0.2009765625
0.17705078125
0.28232421875
0.533544921875
0.5455078125
0.858935546875
0.9857421875
0.97138671875
1.20825195312
1.35180664062
1.39487304688
1.49775390625
1.58627929688
1.6939453125
1.81118164063
1.91645507813
2.0193359375
2.0193359375
2.12939453125
2.16049804688
2.201171875
2.30883789062
2.35908203125
2.46674804688
2.5169921875
2.57202148438
2.6126953125
2.77778320313
2.82563476563
2.90458984375
2.93090820312
2.928515625
2.94287109375
2.89741210938
2.87587890625
2.83041992188
2.82563476563
2.813671875
2.76342773438
2.82802734375
2.84716796875
2.85434570313
2.87587890625
2.88544921875
2.83520507812
2.82802734375
2.81127929688
2.79213867188
2.88305664062
2.7275390625
2.64619140625
2.62944335938
2.59116210938
2.50502929688
2.41650390625
2.34711914063
2.23706054688
2.18920898438
2.06958007812
2.0384765625
1.89731445313
1.86381835938
1.87099609375
1.93081054688
1.95952148438
1.97387695313
2.00258789063
2.13657226563
2.277734375
2.316015625
2.54809570312
2.66293945313
2.9572265625
3.08881835938
3.32807617188
3.41420898438
3.40703125
3.65346679688
3.71088867188
3.84248046875
3.9142578125
4.09370117188
4.13676757813
4.17983398438
4.25400390625
4.31860351562
4.2875
4.50522460938
4.4693359375
4.66552734375
4.72534179688
4.79233398438
4.82822265625
4.7564453125
4.95502929688
4.92631835938
5.148828125
5.19189453125
5.2541015625
5.2541015625
5.24931640625
5.30434570313
5.33305664063
5.3689453125
5.3689453125
5.4837890625
5.45986328125
5.39765625
5.58188476563
5.62016601563
5.70390625
5.72065429688
5.78046875
5.76372070313
5.78286132813
5.78764648438
5.77807617188
5.73979492188
5.72783203125
5.799609375
5.5986328125
5.63930664063
5.41201171875
5.32827148438
5.21103515625
5.14165039063
4.995703125
4.93349609375
4.76840820313
4.96220703125
5.00766601563
5.01245117188
5.04116210938
5.0052734375
4.90478515625
4.8712890625
4.63920898438
4.59135742188
4.45498046875
4.39038085938
4.49326171875
4.5650390625
4.727734375
4.83779296875
5.01723632813
5.40483398438
5.54599609375
5.67280273438
5.9240234375
5.9814453125
5.96708984375
5.9048828125
5.91206054688
5.88095703125
5.57709960938
5.47421875
5.41201171875
5.08901367188
4.91196289063
4.42866210938
4.24204101563
4.07934570312
3.53383789063
3.28022460938
2.96918945313
2.79213867188
2.392578125
2.19638671875
2.07197265625
1.95234375
1.71787109375
1.69633789063
1.6556640625
1.47143554688
1.40444335938
1.44033203125
1.40205078125
1.320703125
1.32548828125
1.282421875
1.17236328125
1.10297851563
0.94267578125
0.796728515625
0.691455078125
0.653173828125
0.590966796875
0.456982421875
0.404345703125
0.401953125
0.380419921875
0.361279296875
0.394775390625
0.346923828125
0.5455078125
0.57421875
0.672314453125
0.71298828125
0.638818359375
0.87568359375
0.89482421875
0.8708984375
0.88525390625
0.84697265625
0.748876953125
0.72255859375
0.547900390625
0.514404296875
0.51201171875
0.466552734375
0.433056640625
0.34931640625
0.337353515625
0.325390625
0.236865234375
0.20576171875
0.150732421875
0.0765625
0.016748046875
-0.026318359375
-0.0861328125
-0.021533203125
-0.198583984375
-0.21533203125
-0.30146484375
-0.3349609375
-0.356494140625
-0.3349609375
-0.322998046875
-0.34931640625
-0.366064453125
-0.212939453125
-0.19619140625
-0.2583984375
-0.064599609375
-0.102880859375
0.11484375
0.2201171875
0.2296875
0.1818359375
0.28232421875
0.370849609375
0.208154296875
0.26318359375
0.299072265625
0.3732421875
0.236865234375
0.117236328125
0.11484375
0.122021484375
-0.0861328125
-0.1435546875
-0.222509765625
-0.2966796875
-0.308642578125
-0.595751953125
-0.643603515625
-0.937890625
-1.08383789063
-1.23696289063
-1.33505859375
-1.6365234375
-1.77768554688
-1.91884765625
-2.19877929688
-2.33037109375
-2.660546875
-2.73950195312
-2.95004882813
-3.1103515625
-3.32568359375
-3.40463867188
-3.50034179688
-3.60561523438
-3.655859375
-3.80180664063
-3.84248046875
-3.98125
-3.82333984375
-3.847265625
-3.72763671875
-3.67739257813
-3.63671875
-3.56254882813
-3.4357421875
-3.35678710938
-3.28979492188
-3.2251953125
-3.12231445313
-3.08403320313
-3.03139648438
-2.91655273438
-2.87348632813
-2.87587890625
-2.65336914063
-2.54091796875
-2.51459960938
-2.48588867188
-2.3447265625
-2.29926757813
-2.2873046875
-2.10546875
-2.07436523438
-1.87578125
-1.81118164063
-1.70590820313
-1.66284179688
-1.53842773438
-1.50014648438
-1.49775390625
-1.47861328125
-1.48818359375
-1.49296875
-1.53125
-1.59345703125
-1.64370117188
-1.72026367188
-1.89252929688
-1.94038085938
-1.84467773438
-2.05522460938
-2.14375
-2.1724609375
-2.23706054688
-2.35190429688
-2.42368164063
-2.53134765625
-2.5265625
-2.51938476563
-2.72275390625
-2.73232421875
-2.80649414063
-2.83041992188
-2.92612304688
-3.005078125
-3.18930664063
-3.18212890625
-3.2251953125
-3.3208984375
-3.34482421875
-3.46206054688
-3.50512695313
-3.502734375
-3.61518554688
-3.73481445313
-3.72763671875
-3.61040039063
-3.52905273438
-3.25390625
-3.10795898438
-3.00029296875
-3.21083984375
-3.34482421875
-3.45249023438
-3.33764648438
-2.99311523438
-2.54091796875
-1.990625
-1.35180664062
-0.968994140625
-0.318212890625
0.22490234375
1.43315429688
1.94516601563
2.29926757813
2.94287109375
3.20366210938
3.464453125
3.58408203125
3.6462890625
3.71567382813
3.79702148438
3.84965820313
3.9142578125
3.95732421875
3.97885742188
3.6080078125
3.28022460938
2.92133789063
2.90219726563
2.49306640625
1.96430664063
1.70590820313
1.62934570313
1.41640625
1.31591796875
1.32788085938
1.27524414063
1.28481445313
1.397265625
1.34462890625
1.46904296875
1.5216796875
1.53125
1.5982421875
1.64848632813
1.57670898438
1.80639648438
1.9140625
2.07915039063
2.277734375
2.354296875
2.71796875
2.96440429688
3.10556640625
3.19169921875
3.21083984375
3.20126953125
3.21323242188
3.02182617188
2.698828125
2.5935546875
2.26337890625
2.06479492188
2.11982421875
1.81596679688
1.7896484375
1.78247070313
1.818359375
1.79443359375
1.72983398438
1.81357421875
1.79921875
1.81357421875
1.83510742188
1.75854492188
1.3494140625
1.04077148438
0.787158203125
0.54072265625
0.356494140625
0.155517578125
0.112451171875
-0.050244140625
-0.04306640625
0.0765625
0.265576171875
0.37802734375
0.669921875
1.3111328125
1.94516601563
2.36625976563
2.47631835938
3.62475585938
4.44301757813
5.78525390625
6.51499023438
7.90029296875
8.95541992188
9.474609375
10.3311523438
10.5321289063
11.0297851562
11.4819824219
11.5920410156
11.7643066406
11.7595214844
11.7834472656
11.6303222656
11.0417480469
10.7977050781
10.5416992188
10.3287597656
9.90048828125
9.57749023438
8.69462890625
8.27114257813
8.08930664063
8.00317382812
8.0390625
8.14194335938
8.41948242188
8.52475585938
8.36684570313
8.7951171875
8.11801757813
7.69692382813
7.00307617188
6.51020507813
5.92641601563
4.99091796875
4.2587890625
3.42138671875
2.93090820312
2.55048828125
1.86860351563
1.64130859375
