2.96440429688
2.89262695313
2.55288085938
2.27055664063
1.990625
1.76811523438
1.58627929688
1.21303710938
1.14125976563
0.85654296875
0.6986328125
0.4689453125
0.299072265625
0.19619140625
-0.035888671875
-0.18662109375
-0.19619140625
-0.3158203125
-0.50244140625
-0.516796875
-0.681884765625
-0.77998046875
-0.80390625
-1.15561523438
-1.37333984375
-1.59106445313
-1.84228515625
-2.21791992188
-2.40693359375
-2.60551757813
-2.93569335938
-3.0720703125
-3.45727539063
-3.64150390625
-3.73481445313
-4.01713867188
-4.2109375
-4.40234375
-4.43344726563
-4.7373046875
-4.62724609375
-4.78754882813
-4.75166015625
-4.77080078125
-4.70380859375
-4.73012695313
-4.65595703125
-4.69184570313
-4.61528320313
-4.56743164063
-4.5076171875
-4.46455078125
-4.44301757813
-4.42626953125
-4.15830078125
-4.11762695313
-3.90229492188
-3.847265625
-3.74916992188
-3.68696289063
-3.45966796875
-3.311328125
-3.07924804688
-2.89262695313
-2.85434570313
-2.61987304688
-2.49306640625
-2.45478515625
-2.09829101563
-2.048046875
-2.01694335938
-2.02890625
-2.07197265625
-2.01215820313
-1.990625
-1.90688476563
-1.95234375
-1.91166992188
-1.96909179688
-1.98823242188
-2.009765625
-1.84228515625
-2.09829101563
-2.18203125
-2.12221679688
-2.04086914063
-1.85185546875
-1.72265625
-1.73940429688
-1.8279296875
-1.75854492188
-1.665234375
-1.67241210938
-1.46186523438
-1.3015625
-1.25849609375
-1.15083007813
-1.10537109375
-0.973779296875
-0.93310546875
-0.88046875
-0.7560546875
-0.715380859375
-0.648388671875
-0.619677734375
-0.614892578125
-0.543115234375
-0.495263671875
-0.452197265625
-0.42109375
-0.389990234375
-0.351708984375
-0.33974609375
-0.318212890625
-0.289501953125
-0.222509765625
-0.22490234375
-0.2392578125
-0.241650390625
-0.26796875
-0.24404296875
-0.23447265625
-0.19619140625
-0.19140625
-0.212939453125
-0.15791015625
-0.136376953125
-0.117236328125
-0.102880859375
-0.031103515625
-0.00478515625
0.035888671875
0.03349609375
0.03828125
0.12919921875
-0.11962890625
0.107666015625
-0.10048828125
-0.361279296875
-0.26796875
-0.2296875
-0.112451171875
0.01435546875
-0.074169921875
-0.04306640625
0.045458984375
0.06220703125
0.050244140625
0.06220703125
0.03349609375
0.150732421875
0.236865234375
0.409130859375
0.361279296875
0.590966796875
0.667529296875
0.765625
0.844580078125
0.80869140625
0.9857421875
0.9953125
0.954638671875
0.930712890625
0.964208984375
0.98095703125
0.98095703125
0.992919921875
0.734521484375
0.555078125
0.440234375
0.184228515625
-0.007177734375
-0.279931640625
-0.590966796875
-0.89482421875
-1.11015625
-1.37333984375
-1.39008789063
-1.8375
-2.12700195313
-2.35908203125
-2.58159179688
-2.72036132813
-2.851953125
-2.95244140625
-2.89262695313
-2.85673828125
-2.67250976563
-2.603125
-2.53134765625
-2.239453125
-2.10786132813
-1.87338867188
-1.741796875
-1.50493164063
-1.42119140625
-1.23935546875
-1.11015625
-1.00249023438
-0.729736328125
-0.662744140625
-0.724951171875
-0.440234375
-0.36845703125
-0.153125
-0.069384765625
0.155517578125
0.22490234375
0.18662109375
0.327783203125
0.32060546875
0.318212890625
0.246435546875
0.217724609375
0.150732421875
0.0
-0.050244140625
-0.093310546875
-0.270361328125
-0.413916015625
-0.49765625
-0.557470703125
-0.590966796875
-0.624462890625
-0.72734375
-0.787158203125
-0.8134765625
-0.830224609375
-0.868505859375
-0.768017578125
-0.93310546875
-0.93310546875
-0.921142578125
-0.91396484375
-0.78955078125
-0.9666015625
-0.98095703125
-0.964208984375
-0.988134765625
-0.930712890625
-0.964208984375
-0.925927734375
-0.863720703125
-0.79912109375
-0.739306640625
-0.75126953125
-0.708203125
-0.672314453125
-0.7560546875
-0.56943359375
-0.538330078125
-0.46416015625
-0.413916015625
-0.332568359375
-0.284716796875
-0.248828125
-0.102880859375
0.045458984375
0.308642578125
0.34931640625
0.308642578125
0.509619140625
0.571826171875
0.72734375
0.8517578125
1.02163085938
1.091015625
1.20825195312
1.29916992188
1.36376953125
1.39008789063
1.43793945313
1.66762695313
1.703515625
1.7513671875
1.9044921875
1.94755859375
2.08872070313
2.16767578125
2.2873046875
2.30883789062
2.35190429688
2.4021484375
2.40693359375
2.63662109375
2.72993164063
2.88784179688
2.71796875
2.737109375
2.71079101563
2.67729492188
2.74189453125
2.73471679688
2.6796875
2.65815429688
2.62944335938
2.61030273438
2.56723632813
2.50502929688
2.51459960938
2.48828125
2.41171875
2.38540039063
2.33276367188
2.28251953125
2.28012695313
2.23466796875
2.20595703125
2.07915039063
1.98583984375
1.91645507813
1.95473632813
1.92841796875
1.89252929688
1.82553710938
1.83510742188
1.79204101563
1.75375976563
1.75615234375
1.73461914063
1.68916015625
1.67001953125
1.61259765625
1.6365234375
1.57670898438
1.78247070313
1.818359375
1.93559570313
2.02412109375
2.24423828125
2.7658203125
2.91655273438
2.45
2.16049804688
1.67719726563
1.44272460938
1.4068359375
2.05043945313
2.27055664063
2.4595703125
2.45717773438
2.29926757813
2.24184570313
2.2107421875
2.16528320312
2.19877929688
2.34951171875
2.41411132813
2.4021484375
2.48828125
2.52177734375
2.70600585938
2.81845703125
2.91176757813
3.18452148438
3.26586914063
3.26586914063
3.5123046875
3.58647460938
3.82573242188
4.0482421875
4.18940429688
4.27553710938
4.37602539063
4.51479492188
4.5841796875
4.69184570313
4.76840820313
4.7755859375
4.75166015625
4.59853515625
3.8759765625
3.49794921875
3.33286132813
3.20126953125
3.18212890625
3.043359375
3.04575195313
3.043359375
2.97158203125
2.92133789063
2.92133789063
3.00747070313
3.0529296875
3.0529296875
3.41899414063
3.502734375
3.40224609375
3.64389648438
3.73720703125
3.80419921875
3.86401367188
3.86640625
3.95014648438
3.96689453125
3.93579101563
3.89750976563
3.84965820313
3.9333984375
3.71806640625
3.53383789063
3.5314453125
3.4453125
3.39985351563
3.39028320313
3.32329101563
3.24672851563
3.48359375
3.464453125
3.617578125
3.69174804688
3.732421875
3.7802734375
3.78745117188
3.78505859375
3.69892578125
3.64868164063
3.70610351563
3.65825195313
3.66782226563
3.44770507813
3.42856445313
3.41420898438
3.28979492188
3.234765625
3.196484375
3.081640625
2.9955078125
2.91176757813
2.88544921875
2.90458984375
2.90698242188
2.81127929688
2.8328125
2.82563476563
2.85673828125
2.85913085938
2.96918945313
3.03139648438
3.119921875
3.25629882813
3.32329101563
3.22280273438
3.21083984375
3.06489257813
3.07685546875
3.0337890625
2.851953125
2.90698242188
2.85673828125
2.74189453125
2.622265625
2.78256835938
2.7083984375
2.56245117188
2.42368164063
2.34951171875
2.18920898438
2.17963867188
2.25380859375
2.03129882813
2.0193359375
2.02890625
2.009765625
1.87817382813
1.68916015625
1.61977539063
1.550390625
1.473828125
1.36376953125
1.23696289063
1.1197265625
1.00966796875
0.868505859375
0.708203125
0.629248046875
0.519189453125
0.4306640625
0.294287109375
0.031103515625
-0.0095703125
-0.2009765625
-0.32060546875
-0.33017578125
-0.5455078125
-0.59814453125
-0.8708984375
-0.940283203125
-1.12690429688
-1.09819335938
-1.33505859375
-1.5408203125
-1.7705078125
-2.06479492188
-2.17006835938
-2.39497070313
-2.45239257812
-2.73471679688
-2.76103515625
-2.91176757813
-3.11752929688
-3.06728515625
-3.29458007813
-3.32807617188
-3.24672851563
-3.06489257813
-3.00029296875
-2.78974609375
-2.45239257812
-2.32080078125
-2.15810546875
-2.1341796875
-1.87578125
-1.71069335938
-1.61259765625
-1.48579101563
-1.56474609375
-1.50732421875
-1.45947265625
-1.54799804688
-1.50493164063
-1.66284179688
-1.51928710938
-1.54560546875
-1.52885742188
-1.39965820312
-1.35419921875
-1.2537109375
-1.11494140625
-0.820654296875
-0.51201171875
-0.00478515625
0.25361328125
0.5263671875
1.00727539063
1.6556640625
2.0001953125
2.59833984375
3.06010742188
3.48120117188
3.6845703125
4.0482421875
4.38798828125
4.44541015625
4.38798828125
4.31142578125
4.23725585938
3.962109375
3.8185546875
3.5314453125
3.30654296875
2.98833007813
2.79213867188
2.63662109375
2.6126953125
2.52895507813
2.4978515625
2.55048828125
2.69404296875
2.81845703125
2.94047851563
3.17495117188
3.3591796875
3.49555664063
3.50512695313
3.6271484375
3.6271484375
3.38071289063
3.33525390625
3.081640625
2.69404296875
2.71079101563
2.40454101562
1.99541015625
1.83032226563
1.33745117188
1.49057617188
0.959423828125
1.11015625
1.1005859375
1.04555664063
1.17236328125
0.916357421875
0.9953125
1.05034179688
0.992919921875
1.02163085938
1.05991210938
1.12451171875
1.167578125
1.26088867188
1.50732421875
1.1962890625
1.30634765625
1.39487304688
1.41162109375
1.41401367188
1.36137695313
1.24174804688
1.26088867188
1.14604492188
1.22260742188
0.988134765625
1.03837890625
0.868505859375
0.95703125
0.92353515625
1.16279296875
1.31831054688
1.39008789063
1.43315429688
1.87817382813
2.02890625
2.277734375
2.5361328125
2.7083984375
2.91655273438
3.03857421875
3.0625
3.40703125
3.45966796875
3.54340820313
3.6654296875
3.72045898438
3.732421875
3.97646484375
4.11044921875
3.95014648438
3.83530273438
4.12001953125
4.268359375
4.51240234375
4.74448242188
4.78994140625
5.04594726563
5.1775390625
5.05551757813
5.02919921875
4.76362304688
4.62485351563
4.6703125
4.4501953125
4.36884765625
4.17504882812
4.17026367188
4.33056640625
4.383203125
4.23247070313
4.35688476563
4.51000976562
4.71337890625
4.79233398438
4.81865234375
4.74926757812
4.68466796875
4.47412109375
4.3162109375
4.22290039062
4.12958984375
4.08891601563
3.75874023438
3.541015625
3.37592773438
3.10795898438
2.96201171875
2.76342773438
2.61508789063
2.60073242188
2.43803710938
2.32319335938
2.162890625
2.0767578125
1.9140625
1.89970703125
1.57192382813
1.6078125
1.34462890625
1.34462890625
1.05034179688
0.954638671875
0.90439453125
0.815869140625
0.823046875
0.65078125
0.88046875
0.734521484375
0.6986328125
0.49765625
0.332568359375
0.232080078125
0.184228515625
0.294287109375
0.20576171875
0.34931640625
0.3828125
0.32060546875
0.222509765625
0.122021484375
0.050244140625
-0.122021484375
