2.17963867188
2.24423828125
2.24184570313
2.22749023438
2.22749023438
2.2107421875
2.17724609375
2.16767578125
2.16049804688
2.17963867188
2.17006835938
2.14375
2.14135742188
2.1533203125
2.14135742188
2.17485351563
2.16767578125
2.11025390625
2.11025390625
2.13657226563
2.1341796875
2.086328125
2.11982421875
2.09350585938
2.04565429688
2.0193359375
1.87578125
1.77290039063
1.80639648438
1.7896484375
1.76333007813
1.741796875
1.70590820313
1.6078125
1.58149414063
1.54321289063
1.51928710938
1.50014648438
1.45708007813
1.5791015625
1.48100585938
1.47143554688
1.42119140625
1.37573242188
1.397265625
1.38051757813
1.37573242188
1.34462890625
1.225
1.24174804688
1.282421875
1.282421875
1.29916992188
1.37094726563
1.3876953125
1.34702148438
1.24174804688
1.18911132813
1.205859375
1.26088867188
1.33505859375
1.36616210938
1.41401367188
1.47861328125
1.51689453125
1.44990234375
1.378125
1.34462890625
1.29916992188
1.3302734375
1.3302734375
1.30395507812
1.3111328125
1.3015625
1.30874023438
1.34462890625
1.37573242188
1.42836914063
1.41879882813
1.38530273438
1.3494140625
1.31831054688
1.25131835938
1.18911132813
1.11494140625
1.052734375
1.04077148438
0.96181640625
0.9283203125
0.925927734375
0.887646484375
0.84697265625
0.772802734375
0.73212890625
0.619677734375
0.5837890625
0.567041015625
0.459375
0.46416015625
0.4306640625
0.42109375
0.337353515625
0.217724609375
0.19140625
0.28232421875
0.155517578125
0.16748046875
0.222509765625
0.22490234375
0.236865234375
0.2296875
0.260791015625
0.279931640625
0.327783203125
0.375634765625
0.37802734375
0.404345703125
0.514404296875
0.55029296875
0.619677734375
0.65078125
0.748876953125
0.7177734375
0.643603515625
0.547900390625
0.576611328125
0.638818359375
0.729736328125
0.954638671875
1.071875
1.16279296875
1.225
1.24653320313
1.30874023438
1.31591796875
1.32788085938
1.3302734375
1.33266601563
1.36137695313
1.37573242188
1.4068359375
1.50014648438
1.50971679688
1.58149414063
1.64130859375
1.67001953125
1.67001953125
1.5408203125
1.70830078125
1.7130859375
1.77529296875
1.76333007813
1.780078125
1.8279296875
1.75375976563
1.73461914063
1.6939453125
1.83510742188
1.87338867188
1.93081054688
1.97866210938
2.06479492188
2.09350585938
2.12939453125
2.18681640625
2.21552734375
2.30166015625
2.30883789062
2.42846679688
2.32797851563
2.54091796875
2.57202148438
2.57919921875
2.57919921875
2.61748046875
2.61748046875
2.74907226563
2.7658203125
2.78974609375
2.76103515625
2.81127929688
2.84716796875
2.88784179688
2.92373046875
2.93569335938
2.96918945313
2.9955078125
3.01225585938
3.02900390625
3.02661132812
3.06010742188
3.02661132812
3.02900390625
3.07924804688
3.09838867188
3.21323242188
3.03618164063
3.03139648438
3.0146484375
2.92612304688
2.88784179688
2.87587890625
2.81845703125
2.79213867188
2.90458984375
2.71318359375
2.68686523438
2.64140625
2.55288085938
2.50263671875
2.45
2.37583007813
2.32319335938
2.316015625
2.17963867188
2.15571289063
2.08154296875
1.94755859375
1.8662109375
1.82314453125
1.77768554688
1.72026367188
1.6173828125
1.55278320313
1.46665039063
1.3876953125
1.3494140625
1.28481445313
1.2154296875
1.14604492188
1.11254882812
1.0814453125
0.983349609375
0.988134765625
0.9283203125
0.844580078125
0.806298828125
0.78955078125
0.7751953125
0.758447265625
0.758447265625
0.746484375
0.724951171875
0.724951171875
0.708203125
0.686669921875
0.74169921875
0.75126953125
0.748876953125
0.787158203125
0.768017578125
0.8134765625
0.830224609375
0.868505859375
0.9091796875
0.772802734375
0.96181640625
0.949853515625
0.95703125
1.0814453125
1.12211914063
1.071875
1.07905273438
1.08862304688
1.10776367188
1.12211914063
1.18193359375
1.19389648438
1.225
1.244140625
1.29438476563
1.32788085938
1.34702148438
1.3494140625
1.35659179688
1.358984375
1.33745117188
1.24174804688
1.37573242188
1.41401367188
1.39008789063
1.40444335938
1.435546875
1.43315429688
1.41640625
1.40444335938
1.42119140625
1.4259765625
1.44272460938
1.41162109375
1.37333984375
1.43793945313
1.43315429688
1.44272460938
1.473828125
1.45947265625
1.45947265625
1.41879882813
1.4259765625
1.46665039063
1.46904296875
1.473828125
1.473828125
1.4642578125
1.4259765625
1.40922851563
1.40922851563
1.43076171875
1.44990234375
1.44033203125
1.40922851563
1.41879882813
1.41879882813
1.45947265625
1.44990234375
1.41162109375
1.39487304688
1.39487304688
1.37333984375
1.3302734375
1.35180664062
1.37094726563
1.37094726563
1.37094726563
1.35180664062
1.3302734375
1.33745117188
1.30874023438
1.30874023438
1.30634765625
1.28002929688
1.25849609375
1.29916992188
1.2537109375
1.2537109375
1.17236328125
1.11015625
1.18911132813
1.02880859375
1.00727539063
0.988134765625
0.988134765625
0.988134765625
0.959423828125
1.06469726562
0.911572265625
0.897216796875
0.887646484375
0.85654296875
0.8326171875
0.791943359375
0.7751953125
0.882861328125
0.729736328125
0.6986328125
0.672314453125
0.672314453125
0.653173828125
0.624462890625
0.586181640625
0.586181640625
0.58857421875
0.567041015625
0.567041015625
0.567041015625
0.581396484375
0.5455078125
0.50244140625
0.500048828125
0.523974609375
0.500048828125
0.500048828125
0.466552734375
0.45458984375
0.433056640625
0.409130859375
0.409130859375
0.423486328125
0.3923828125
0.327783203125
0.327783203125
0.318212890625
0.303857421875
0.287109375
0.322998046875
0.322998046875
0.327783203125
0.26796875
0.241650390625
0.241650390625
0.222509765625
0.210546875
0.232080078125
0.232080078125
0.22490234375
0.18662109375
0.16748046875
0.16748046875
0.155517578125
0.145947265625
0.145947265625
0.145947265625
0.117236328125
0.098095703125
0.122021484375
0.122021484375
0.11484375
0.088525390625
0.083740234375
0.083740234375
0.074169921875
0.06220703125
0.03349609375
0.03349609375
0.016748046875
0.007177734375
0.107666015625
-0.045458984375
-0.102880859375
-0.1435546875
-0.04306640625
-0.19619140625
-0.24404296875
-0.22490234375
-0.22490234375
-0.22490234375
-0.265576171875
-0.2966796875
-0.351708984375
-0.404345703125
-0.471337890625
-0.5263671875
-0.528759765625
-0.677099609375
-0.753662109375
-0.763232421875
-0.820654296875
-0.8900390625
-0.94267578125
-1.03598632813
-1.02641601563
-0.9666015625
-1.1580078125
-1.0814453125
-1.28959960938
-1.320703125
-1.3302734375
-1.37333984375
-1.4451171875
-1.45947265625
-1.49057617188
-1.53603515625
-1.56713867188
-1.58627929688
-1.67001953125
-1.7130859375
-1.73461914063
-1.76811523438
-1.80639648438
-1.83032226563
-1.8853515625
-1.8853515625
-1.86860351563
-1.87099609375
-1.85424804688
-1.9427734375
-1.77290039063
-1.78725585938
-1.75615234375
-1.76333007813
-1.665234375
-1.65805664063
-1.82075195313
-1.59345703125
-1.65805664063
-1.48579101563
-1.48579101563
-1.38291015625
-1.2919921875
-1.26328125
-1.26088867188
-1.16518554688
-1.15561523438
-1.167578125
-1.00966796875
-0.94267578125
-0.921142578125
-0.899609375
-0.863720703125
-0.729736328125
-0.72255859375
-0.806298828125
-0.6603515625
-0.67470703125
-0.708203125
-0.68427734375
-0.69384765625
-0.657958984375
-0.79912109375
-0.74169921875
