-0.30625
-0.423486328125
-0.516796875
-0.638818359375
-0.925927734375
-1.03120117188
-1.13408203125
-1.22260742188
-1.3015625
-1.378125
-1.41401367188
-1.50014648438
-1.56235351563
-1.68198242188
-1.73701171875
-1.818359375
-1.79443359375
-1.90927734375
-1.8853515625
-1.89013671875
-1.9044921875
-1.93081054688
-1.894921875
-1.92124023438
-1.94995117188
-1.9427734375
-1.9427734375
-1.84228515625
-1.99301757813
-2.009765625
-1.99301757813
-2.02890625
-2.06000976563
-2.10786132813
-2.11982421875
-2.01215820313
-2.16767578125
-2.14614257813
-2.18442382813
-2.19399414063
-2.20595703125
-2.26098632812
-2.33994140625
-2.33994140625
-2.354296875
-2.35908203125
-2.41171875
-2.41889648438
-2.392578125
-2.37822265625
-2.4021484375
-2.36865234375
-2.38779296875
-2.43803710938
-2.40932617188
-2.3830078125
-2.32319335938
-2.23706054688
-2.18920898438
-2.15571289063
-2.14614257813
-2.0767578125
-2.0958984375
-2.06479492188
-2.13178710938
-1.9427734375
-1.94755859375
-1.93081054688
-1.87817382813
-1.84467773438
-1.818359375
-1.82553710938
-1.85903320313
-1.90927734375
-1.933203125
-1.90927734375
-1.97387695313
-2.02172851562
-2.03129882813
-2.05043945313
-2.06240234375
-2.07915039063
-2.13657226563
-2.20595703125
-2.239453125
-2.26098632812
-2.27534179688
-2.26337890625
-2.2681640625
-2.29208984375
-2.42607421875
-2.2873046875
-2.3255859375
-2.31123046875
-2.44760742188
-2.2681640625
-2.2490234375
-2.21791992188
-2.17724609375
-2.17006835938
-2.15571289063
-2.1341796875
-2.11025390625
-2.06958007812
-2.048046875
-2.05522460938
-2.00258789063
-1.990625
-1.98344726563
-1.9619140625
-1.9427734375
-1.94038085938
-1.93081054688
-1.93081054688
-1.9140625
-1.88056640625
-1.8662109375
-1.82553710938
-1.83510742188
-1.85424804688
-1.78486328125
-1.78247070313
-1.79682617188
-1.75375976563
-1.65805664063
-1.65087890625
-1.64370117188
-1.59584960938
-1.5982421875
-1.57431640625
-1.58388671875
-1.60541992188
-1.59584960938
-1.60063476563
-1.59106445313
-1.62456054688
-1.61020507813
-1.588671875
-1.58388671875
-1.57192382813
-1.54799804688
-1.52885742188
-1.5599609375
-1.59106445313
-1.62216796875
-1.61020507813
-1.54560546875
-1.5599609375
-1.55278320313
-1.55278320313
-1.52407226563
-1.3685546875
-1.37094726563
-1.67241210938
-1.70590820313
-1.54560546875
-1.4642578125
-1.49057617188
-1.5025390625
-1.50732421875
-1.49536132812
-1.60302734375
-1.5791015625
-1.550390625
-1.57431640625
-1.665234375
-1.71547851563
-1.72265625
-1.71787109375
-1.77290039063
-1.82314453125
-1.8375
-1.933203125
-2.00498046875
-2.03608398438
-2.0767578125
-2.06240234375
-2.26337890625
-2.30883789062
-2.33276367188
-2.3734375
-2.41650390625
-2.46674804688
-2.5744140625
-2.61508789063
-2.70600585938
-2.75146484375
-2.80888671875
-2.85913085938
-2.8998046875
-3.00268554688
-3.02661132812
-3.05532226563
-3.10556640625
-3.07446289063
-3.22998046875
-3.22758789063
-3.27543945313
-3.36875
-3.22041015625
-3.23715820313
-3.2060546875
-3.10795898438
-3.081640625
-3.09599609375
-3.1294921875
-3.04575195313
-3.0625
-3.02182617188
-3.01943359375
-2.97875976562
-2.95483398438
-2.89262695313
-2.76821289063
-2.69643554688
-2.61030273438
-2.52895507813
-2.48828125
-2.48828125
-2.45717773438
-2.41411132813
-2.36865234375
-2.34711914063
-2.30166015625
-2.25859375
-2.2490234375
-2.2490234375
-2.25620117188
-2.24184570313
-2.24184570313
-2.27294921875
-2.29448242188
-2.33276367188
-2.33515625
-2.354296875
-2.430859375
-2.47153320313
-2.46435546875
-2.48110351563
-2.48828125
-2.50502929688
-2.52416992188
-2.51220703125
-2.45717773438
-2.430859375
-2.3734375
-2.33276367188
-2.28491210938
-2.24184570313
-2.19877929688
-2.18920898438
-2.08872070313
-2.06000976563
-2.02172851562
-1.98583984375
-1.98823242188
-2.18920898438
-2.13657226563
-1.88295898438
-1.86381835938
-1.91166992188
-1.85185546875
-1.83510742188
-1.8375
-1.8470703125
-1.84467773438
-1.86860351563
-1.8662109375
-1.86860351563
-1.91645507813
-1.95473632813
-1.96430664063
-1.9810546875
-2.02651367188
-2.05043945313
-2.11025390625
-2.14614257813
-2.162890625
-2.2203125
-2.30405273438
-2.34233398438
-2.39975585938
-2.47631835938
-2.45478515625
-2.56962890625
-2.68208007813
-2.59116210938
-2.50024414062
-2.75625
-2.8615234375
-2.90219726563
-2.87109375
-2.87587890625
-2.91416015625
-2.96440429688
-3.00747070313
-3.043359375
-3.13188476563
-3.10795898438
-3.27543945313
-3.28979492188
-3.36396484375
-3.31372070313
-3.32807617188
-3.37114257813
-3.36635742188
-3.40703125
-3.41899414063
-3.40942382813
-3.44770507813
-3.47641601563
-3.47880859375
-3.45009765625
-3.41420898438
-3.37592773438
-3.41181640625
-3.50034179688
-3.31372070313
-3.28740234375
-3.23715820313
-3.1103515625
-3.04814453125
-2.9763671875
-2.90458984375
-2.78735351562
-2.7466796875
-2.69643554688
-2.61030273438
-2.47392578125
-2.40693359375
-2.35908203125
-2.28251953125
-2.22749023438
-2.03129882813
-2.04565429688
-2.086328125
-1.82314453125
-1.79682617188
-1.97387695313
-1.75854492188
-1.7322265625
-1.71787109375
-1.5982421875
-1.42119140625
-1.26567382813
-1.167578125
-0.978564453125
-0.62685546875
-0.363671875
-0.270361328125
0.0478515625
0.179443359375
0.172265625
0.346923828125
0.595751953125
0.734521484375
1.14125976563
1.15322265625
1.28002929688
1.27045898438
1.45229492188
1.56235351563
1.64609375
1.62216796875
1.67958984375
1.57431640625
1.62934570313
1.626953125
1.72026367188
2.02172851562
2.21552734375
2.26337890625
2.36147460938
2.507421875
2.66533203125
2.81606445313
2.9380859375
3.0337890625
3.15581054688
3.24912109375
3.48359375
3.72045898438
3.8951171875
3.94775390625
3.95493164063
3.9908203125
3.87119140625
3.72763671875
3.67978515625
3.31372070313
3.0912109375
2.7849609375
2.61508789063
2.26577148438
1.94516601563
1.71547851563
1.61977539063
1.45947265625
1.41162109375
1.32309570313
1.32309570313
1.35659179688
1.358984375
1.33984375
1.2728515625
1.24892578125
1.17236328125
1.18193359375
1.17954101563
1.19868164063
1.24174804688
1.2919921875
1.35180664062
1.46186523438
1.48100585938
1.397265625
1.56953125
1.61020507813
1.73461914063
1.8470703125
1.75854492188
1.97866210938
2.15810546875
1.9619140625
2.08154296875
2.18681640625
2.4212890625
2.42846679688
2.44521484375
2.507421875
2.50981445313
2.50263671875
2.49306640625
2.43564453125
2.33515625
2.29926757813
2.20356445313
2.01694335938
1.92602539063
1.79682617188
1.48100585938
1.4546875
1.14365234375
0.99052734375
0.66513671875
0.538330078125
0.42109375
0.150732421875
0.095703125
-0.174658203125
-0.313427734375
-0.452197265625
-0.5455078125
-0.710595703125
-0.81826171875
-0.863720703125
-0.954638671875
-1.03598632813
-0.940283203125
-1.15322265625
-1.15083007813
-1.129296875
-1.15561523438
-1.205859375
-1.15083007813
-1.16518554688
-1.091015625
-1.00009765625
-1.16518554688
-1.12211914063
-0.964208984375
-0.9857421875
-0.93310546875
-0.90439453125
-0.8900390625
-0.8517578125
-0.763232421875
-0.643603515625
-0.801513671875
-0.768017578125
-0.77998046875
-0.765625
-0.696240234375
-0.667529296875
-0.715380859375
-0.478515625
-0.45458984375
-0.413916015625
-0.322998046875
-0.210546875
-0.212939453125
-0.20576171875
-0.2201171875
-0.131591796875
-0.08134765625
-0.1052734375
-0.0765625
0.11005859375
0.117236328125
0.122021484375
0.155517578125
0.095703125
0.165087890625
0.189013671875
0.236865234375
0.24404296875
0.241650390625
0.26318359375
0.2583984375
0.279931640625
0.212939453125
0.189013671875
0.26318359375
0.07177734375
0.0765625
0.03349609375
-0.0287109375
-0.12919921875
-0.2201171875
-0.36845703125
-0.428271484375
-0.38759765625
-0.58857421875
-0.51201171875
-0.696240234375
-0.720166015625
-0.796728515625
-0.8708984375
-0.768017578125
-0.94267578125
-1.05991210938
-1.10776367188
-1.129296875
-1.19868164063
-1.1962890625
-1.08862304688
-1.2728515625
-1.29916992188
-1.24892578125
-1.27763671875
-1.23217773438
-1.4546875
-1.51928710938
-1.57192382813
-1.54321289063
-1.512109375
-1.53603515625
-1.61499023438
-1.7130859375
-1.90209960938
-1.9810546875
-1.94516601563
-2.0001953125
-2.18442382813
-2.20356445313
-2.20595703125
-2.27534179688
-2.36625976563
-2.37104492188
-2.41889648438
-2.46674804688
-2.52416992188
-2.56245117188
-2.60551757813
-2.57919921875
-2.55766601563
-2.4787109375
-2.469140625
-2.44760742188
-2.44760742188
-2.392578125
-2.4212890625
-2.40932617188
-2.4787109375
-2.39975585938
-2.41650390625
-2.55048828125
-2.55766601563
-2.4978515625
-2.75146484375
-2.81606445313
-2.90458984375
-2.9763671875
-3.08642578125
-3.02661132812
-2.93569335938
-3.11752929688
-3.08403320313
-3.1103515625
-3.12231445313
-3.07685546875
-2.98115234375
-3.04096679688
-2.84956054688
-2.81845703125
-2.74428710938
-2.63901367188
-2.5265625
-2.28969726563
-2.23466796875
-1.98344726563
-1.90688476563
-1.6939453125
-1.61499023438
-1.41879882813
-1.28002929688
-1.20107421875
-0.978564453125
-0.87568359375
-0.681884765625
-0.58857421875
-0.54072265625
-0.303857421875
-0.29189453125
-0.088525390625
-0.0669921875
-0.00478515625
0.06220703125
0.078955078125
0.08134765625
0.04306640625
-0.0669921875
-0.0765625
-0.09091796875
-0.13876953125
-0.2296875
-0.294287109375
-0.562255859375
-0.710595703125
-0.748876953125
-0.8708984375
-0.96181640625
-1.07666015625
-1.13168945313
-1.05512695313
-1.12690429688
-1.11733398438
-1.0623046875
-0.9953125
-0.937890625
-0.839794921875
-0.744091796875
-0.514404296875
-0.34931640625
-0.172265625
0.093310546875
0.31103515625
0.318212890625
0.547900390625
0.514404296875
0.504833984375
0.327783203125
0.1626953125
0.011962890625
-0.093310546875
-0.418701171875
-0.57900390625
-0.80869140625
-0.801513671875
-0.98095703125
-1.01684570312
-1.1197265625
-1.25610351562
-1.37094726563
-1.46665039063
-1.49296875
-1.56713867188
-1.83032226563
-1.97626953125
-2.24423828125
-2.52177734375
-2.660546875
-2.8998046875
-3.25151367188
-3.38310546875
-3.55537109375
-3.72763671875
-3.94296875
-4.03388671875
-4.1248046875
-4.10327148438
-4.09848632813
-4.09370117188
-3.9908203125
-4.153515625
-4.13676757813
-4.20615234375
-4.26357421875
-4.35927734375
-4.43583984375
-4.40712890625
-4.4310546875
-4.40712890625
-4.3736328125
-4.32338867188
-4.30185546875
-4.16547851563
-4.06499023438
-3.8759765625
-3.90229492188
