-0.035888671875
-0.011962890625
-0.03349609375
-0.007177734375
-0.002392578125
-0.007177734375
-0.03349609375
-0.057421875
-0.098095703125
-0.09091796875
-0.050244140625
-0.112451171875
-0.08134765625
-0.07177734375
-0.040673828125
-0.08134765625
-0.064599609375
-0.095703125
-0.10048828125
-0.107666015625
-0.002392578125
-0.184228515625
-0.17705078125
-0.169873046875
-0.1818359375
-0.17705078125
-0.184228515625
-0.212939453125
-0.15791015625
-0.179443359375
-0.179443359375
-0.198583984375
-0.2009765625
-0.203369140625
-0.208154296875
-0.212939453125
-0.18662109375
-0.145947265625
-0.179443359375
-0.155517578125
-0.19140625
-0.303857421875
-0.155517578125
-0.133984375
-0.131591796875
-0.141162109375
-0.107666015625
-0.150732421875
-0.13876953125
-0.133984375
-0.098095703125
-0.0765625
-0.0669921875
-0.07177734375
-0.050244140625
-0.026318359375
-0.035888671875
-0.083740234375
-0.04306640625
-0.064599609375
-0.035888671875
-0.04306640625
-0.055029296875
0.131591796875
-0.03828125
0.02392578125
0.011962890625
0.02392578125
0.011962890625
0.045458984375
0.057421875
0.05263671875
0.019140625
0.01435546875
0.059814453125
0.021533203125
0.14833984375
0.0095703125
0.0
0.03349609375
0.05263671875
0.019140625
-0.016748046875
-0.050244140625
-0.07177734375
-0.0669921875
-0.117236328125
-0.07177734375
-0.0765625
-0.08134765625
-0.10048828125
-0.0861328125
-0.098095703125
-0.057421875
-0.11962890625
-0.10048828125
-0.174658203125
-0.150732421875
-0.153125
-0.179443359375
-0.189013671875
-0.2009765625
-0.19140625
-0.217724609375
-0.19619140625
-0.256005859375
-0.19140625
-0.246435546875
-0.23447265625
-0.26796875
-0.2583984375
-0.313427734375
-0.222509765625
-0.299072265625
-0.217724609375
-0.251220703125
-0.251220703125
-0.241650390625
-0.2296875
-0.26318359375
-0.246435546875
-0.28232421875
-0.26796875
-0.2583984375
-0.222509765625
-0.19619140625
-0.241650390625
-0.27275390625
-0.232080078125
-0.2009765625
-0.24404296875
-0.236865234375
-0.2775390625
-0.22490234375
-0.241650390625
-0.203369140625
-0.260791015625
-0.232080078125
-0.232080078125
-0.210546875
-0.2583984375
-0.20576171875
-0.19140625
-0.246435546875
-0.227294921875
-0.260791015625
-0.208154296875
-0.236865234375
-0.2201171875
-0.222509765625
-0.2775390625
-0.440234375
-0.265576171875
-0.279931640625
-0.2966796875
-0.270361328125
-0.287109375
-0.241650390625
-0.251220703125
-0.256005859375
-0.251220703125
-0.303857421875
-0.313427734375
-0.23447265625
-0.26318359375
-0.23447265625
-0.241650390625
-0.2392578125
-0.294287109375
-0.29189453125
-0.284716796875
-0.459375
-0.294287109375
-0.28232421875
-0.322998046875
-0.256005859375
-0.2296875
-0.26318359375
-0.289501953125
-0.251220703125
-0.2009765625
-0.248828125
-0.212939453125
-0.246435546875
-0.210546875
-0.232080078125
-0.246435546875
-0.232080078125
-0.2009765625
-0.2009765625
-0.19619140625
-0.2296875
-0.232080078125
-0.193798828125
-0.179443359375
-0.203369140625
-0.19140625
-0.19619140625
-0.15791015625
-0.169873046875
-0.193798828125
-0.2966796875
-0.208154296875
-0.1626953125
-0.2009765625
-0.212939453125
-0.160302734375
-0.165087890625
-0.172265625
-0.193798828125
-0.133984375
-0.1435546875
-0.155517578125
-0.12919921875
-0.102880859375
-0.136376953125
-0.10048828125
-0.10048828125
-0.1052734375
-0.0861328125
-0.107666015625
-0.10048828125
-0.133984375
-0.10048828125
-0.107666015625
-0.09091796875
-0.136376953125
-0.1244140625
-0.093310546875
-0.112451171875
-0.088525390625
-0.093310546875
-0.11005859375
-0.083740234375
-0.055029296875
-0.057421875
-0.040673828125
-0.05263671875
-0.145947265625
-0.03828125
-0.040673828125
-0.035888671875
-0.01435546875
-0.0095703125
-0.03828125
-0.040673828125
0.002392578125
0.035888671875
0.02392578125
-0.011962890625
-0.13876953125
-0.02392578125
-0.02392578125
-0.0478515625
-0.031103515625
-0.01435546875
-0.0095703125
-0.019140625
-0.007177734375
-0.002392578125
0.01435546875
-0.021533203125
-0.031103515625
-0.03828125
-0.0669921875
-0.03349609375
-0.050244140625
-0.050244140625
-0.078955078125
-0.059814453125
-0.04306640625
-0.083740234375
-0.059814453125
-0.069384765625
-0.03828125
-0.021533203125
-0.021533203125
-0.035888671875
-0.0287109375
-0.00478515625
-0.035888671875
-0.059814453125
-0.057421875
-0.08134765625
-0.007177734375
-0.045458984375
-0.03828125
-0.01435546875
-0.040673828125
-0.031103515625
-0.0765625
-0.06220703125
-0.093310546875
-0.057421875
-0.107666015625
-0.09091796875
-0.093310546875
-0.078955078125
-0.09091796875
-0.112451171875
-0.0861328125
-0.11484375
-0.126806640625
-0.1435546875
-0.2009765625
-0.222509765625
-0.217724609375
-0.2009765625
-0.270361328125
-0.23447265625
-0.222509765625
-0.236865234375
-0.236865234375
-0.212939453125
-0.248828125
-0.260791015625
-0.2775390625
-0.28232421875
-0.260791015625
-0.28232421875
-0.34453125
-0.2775390625
-0.30625
-0.279931640625
-0.279931640625
-0.287109375
-0.289501953125
-0.287109375
-0.284716796875
-0.246435546875
-0.284716796875
-0.251220703125
-0.22490234375
-0.287109375
-0.227294921875
-0.179443359375
-0.21533203125
-0.193798828125
-0.198583984375
-0.18662109375
-0.1818359375
-0.184228515625
-0.174658203125
-0.112451171875
-0.131591796875
-0.122021484375
-0.112451171875
-0.1052734375
-0.10048828125
-0.095703125
-0.078955078125
-0.08134765625
-0.04306640625
-0.05263671875
0.131591796875
-0.002392578125
0.00478515625
0.007177734375
0.026318359375
0.011962890625
0.026318359375
-0.016748046875
0.01435546875
0.016748046875
-0.02392578125
-0.0287109375
-0.007177734375
0.00478515625
-0.0287109375
-0.0095703125
-0.0478515625
-0.035888671875
-0.045458984375
-0.050244140625
-0.057421875
-0.112451171875
-0.093310546875
-0.174658203125
-0.13876953125
-0.133984375
-0.160302734375
-0.232080078125
-0.210546875
-0.21533203125
-0.284716796875
-0.260791015625
-0.24404296875
-0.246435546875
-0.2392578125
-0.256005859375
-0.303857421875
-0.25361328125
-0.227294921875
-0.23447265625
-0.217724609375
-0.25361328125
-0.23447265625
-0.23447265625
-0.284716796875
-0.210546875
-0.270361328125
-0.198583984375
-0.256005859375
-0.246435546875
-0.246435546875
-0.246435546875
-0.2392578125
-0.18662109375
-0.172265625
-0.189013671875
-0.1818359375
-0.136376953125
-0.1052734375
-0.1052734375
-0.0861328125
-0.117236328125
-0.102880859375
-0.107666015625
-0.045458984375
-0.0478515625
-0.035888671875
-0.002392578125
-0.064599609375
-0.059814453125
-0.055029296875
-0.007177734375
-0.0478515625
-0.11005859375
-0.083740234375
-0.09091796875
-0.145947265625
-0.165087890625
-0.00478515625
-0.174658203125
-0.184228515625
-0.160302734375
-0.19140625
-0.155517578125
-0.17705078125
-0.00478515625
-0.30146484375
-0.11484375
-0.145947265625
-0.098095703125
-0.11484375
-0.136376953125
-0.122021484375
-0.078955078125
-0.28232421875
-0.13876953125
-0.1435546875
-0.172265625
-0.18662109375
-0.198583984375
-0.179443359375
-0.212939453125
-0.174658203125
-0.11484375
-0.2201171875
-0.165087890625
-0.031103515625
-0.155517578125
-0.172265625
-0.133984375
-0.165087890625
-0.150732421875
-0.095703125
-0.11484375
-0.102880859375
-0.0478515625
-0.03828125
-0.016748046875
-0.016748046875
0.026318359375
0.064599609375
0.040673828125
0.06220703125
0.019140625
0.088525390625
0.026318359375
0.035888671875
0.01435546875
0.050244140625
0.045458984375
0.03349609375
-0.13876953125
0.03349609375
-0.02392578125
-0.019140625
-0.031103515625
-0.03349609375
-0.107666015625
-0.074169921875
-0.078955078125
-0.093310546875
-0.1244140625
-0.107666015625
-0.117236328125
-0.107666015625
-0.11005859375
