1.29438476563
1.3111328125
1.2728515625
1.2537109375
1.30395507812
1.30874023438
1.320703125
1.23696289063
1.09580078125
1.21782226563
1.1771484375
1.22739257813
1.1962890625
1.21303710938
1.08862304688
1.18671875
0.93310546875
0.849365234375
0.811083984375
0.77998046875
0.744091796875
0.657958984375
0.624462890625
0.55986328125
0.480908203125
0.361279296875
0.2966796875
0.289501953125
0.2296875
0.1818359375
0.11005859375
0.0669921875
0.016748046875
-0.040673828125
-0.08134765625
-0.12919921875
-0.160302734375
-0.016748046875
-0.212939453125
-0.299072265625
-0.0765625
-0.189013671875
-0.1244140625
-0.11484375
-0.145947265625
-0.0669921875
-0.050244140625
-0.04306640625
-0.026318359375
0.0095703125
0.0
0.1626953125
0.222509765625
0.2296875
0.232080078125
0.236865234375
0.15791015625
0.41630859375
0.363671875
0.30625
0.289501953125
0.29189453125
0.2296875
0.2392578125
0.26796875
0.42109375
0.1818359375
0.095703125
0.112451171875
0.035888671875
0.03349609375
-0.03349609375
-0.050244140625
-0.074169921875
-0.150732421875
-0.035888671875
-0.318212890625
-0.3732421875
-0.440234375
-0.571826171875
-0.57421875
-0.619677734375
-0.6794921875
-0.66513671875
-0.686669921875
-0.69384765625
-0.734521484375
-0.7560546875
-0.80390625
-0.79912109375
-0.81826171875
-0.83740234375
-0.8421875
-0.861328125
-0.87568359375
-0.88525390625
-0.782373046875
-0.99052734375
-1.00249023438
-1.01684570312
-1.071875
-1.12451171875
-1.1388671875
-1.11494140625
-1.11254882812
-1.15561523438
-1.21782226563
-1.29438476563
-1.36137695313
-1.39008789063
-1.4451171875
-1.4546875
-1.47622070313
-1.5025390625
-1.588671875
-1.65805664063
-1.71069335938
-1.72504882813
-1.67719726563
-1.6939453125
-1.74658203125
-1.87817382813
-1.90688476563
-1.93559570313
-1.990625
-2.07436523438
-2.07436523438
-2.0193359375
-2.009765625
-2.02651367188
-2.11025390625
-2.14375
-2.18442382813
-2.22749023438
-2.18920898438
-2.19877929688
-2.19638671875
-2.14614257813
-2.17963867188
-2.22749023438
-2.239453125
-2.23706054688
-2.19638671875
-2.23466796875
-2.21552734375
-2.19399414063
-2.18203125
-2.2107421875
-2.201171875
-2.2107421875
-2.16528320312
-2.16528320312
-2.124609375
-2.15092773438
-2.11982421875
-2.08154296875
-2.0671875
-2.06000976563
-2.0384765625
-2.02172851562
-2.02412109375
-2.06479492188
-2.04326171875
-2.04326171875
-2.0767578125
-2.0671875
-2.07915039063
-2.07436523438
-2.00498046875
-2.01455078125
-2.048046875
-2.0576171875
-2.009765625
-2.03369140625
-2.03369140625
-2.06479492188
-2.09829101563
-2.06958007812
-2.08154296875
-2.086328125
-2.12221679688
-2.12939453125
-2.11982421875
-2.124609375
-2.12221679688
-2.03608398438
-2.14135742188
-2.14375
-2.162890625
-2.18442382813
-2.22270507813
-2.18920898438
-2.17006835938
-2.17485351563
-2.21313476562
-2.27294921875
-2.30166015625
-2.35190429688
-2.36625976563
-2.37104492188
-2.39497070313
-2.3830078125
-2.40932617188
-2.43564453125
-2.47631835938
-2.4978515625
-2.51220703125
-2.57202148438
-2.56005859375
-2.58159179688
-2.60551757813
-2.61030273438
-2.57680664063
-2.57680664063
-2.63901367188
-2.63901367188
-2.64140625
-2.7083984375
-2.73232421875
-2.7466796875
-2.75864257813
-2.79453125
-2.79931640625
-2.7849609375
-2.82563476563
-2.85434570313
-2.8615234375
-2.88784179688
-2.96918945313
-3.02661132812
-3.05053710938
-3.14624023438
-3.158203125
-3.18452148438
-3.17255859375
-3.21083984375
-3.19887695313
-3.20844726563
-3.22758789063
-3.24672851563
-3.24194335938
-3.24672851563
-3.25869140625
-3.25629882813
-3.24194335938
-3.26586914063
-3.26108398438
-3.311328125
-3.19409179688
-3.17255859375
-3.25390625
-3.38310546875
-3.36396484375
-3.29697265625
-3.35200195313
-3.37353515625
-3.33525390625
-3.36875
-3.41899414063
-3.40942382813
-3.4166015625
-3.40463867188
-3.41181640625
-3.4453125
-3.502734375
-3.52905273438
-3.49794921875
-3.4740234375
-3.47880859375
-3.47880859375
-3.48120117188
-3.43095703125
-3.42138671875
-3.42856445313
-3.43095703125
-3.43095703125
-3.41420898438
-3.42138671875
-3.41420898438
-3.40703125
-3.42856445313
-3.47641601563
-3.47641601563
-3.44770507813
-3.40942382813
-3.43095703125
-3.43095703125
-3.4357421875
-3.4357421875
-3.43813476563
-3.43813476563
-3.46206054688
-3.4931640625
-3.51708984375
-3.50512695313
-3.50034179688
-3.50034179688
-3.51469726563
-3.52426757813
-3.51469726563
-3.46923828125
-3.45727539063
-3.45727539063
-3.48598632813
-3.52426757813
-3.54340820313
-3.54819335938
-3.54819335938
-3.5697265625
-3.5505859375
-3.51948242188
-3.56015625
-3.541015625
-3.541015625
-3.48359375
-3.54819335938
-3.57690429688
-3.541015625
-3.56254882813
-3.56254882813
-3.60561523438
-3.63671875
-3.6462890625
-3.6462890625
-3.6462890625
-3.61040039063
-3.61997070313
-3.66303710938
-3.67978515625
-3.69653320313
-3.72763671875
-3.7419921875
-3.76831054688
-3.78984375
-3.71088867188
-3.72045898438
-3.76831054688
-3.67978515625
-3.81137695313
-3.61040039063
-3.62236328125
-3.579296875
-3.57690429688
-3.579296875
-3.42138671875
-3.44052734375
-3.32329101563
-3.31372070313
-3.23715820313
-3.19409179688
-3.10317382813
-3.08403320313
-3.01943359375
-2.96440429688
-2.86391601563
-2.82802734375
-2.73471679688
-2.68447265625
-2.57680664063
-2.53134765625
-2.45
-2.29926757813
-2.44282226563
-2.32319335938
-2.31840820313
-2.23706054688
-2.22749023438
-2.17485351563
-2.277734375
-2.07197265625
-2.05043945313
-2.02412109375
-1.94995117188
-1.94038085938
-1.86142578125
-1.85185546875
-1.84467773438
-1.8087890625
-1.74658203125
-1.69633789063
-1.53842773438
-1.68916015625
-1.61499023438
-1.60302734375
-1.59345703125
-1.512109375
-1.5025390625
-1.49536132812
-1.48579101563
-1.45708007813
-1.44990234375
-1.44033203125
-1.397265625
-1.35419921875
-1.30874023438
-1.3302734375
-1.3015625
-1.2537109375
-1.25849609375
-1.25131835938
-1.25849609375
-1.26088867188
-1.20346679688
-1.2154296875
-1.2537109375
-1.21782226563
-1.1962890625
-1.17475585938
-1.16518554688
-1.1197265625
-1.11733398438
-1.13647460938
-1.14125976563
-1.13647460938
-1.11015625
-1.13647460938
-1.13647460938
-1.11015625
-1.12690429688
-1.10537109375
-1.07426757813
-1.08623046875
-1.11254882812
-1.08383789063
-1.1388671875
-1.13647460938
-1.11254882812
-1.12211914063
-1.13408203125
-1.1388671875
-1.13408203125
-1.091015625
-1.11494140625
-1.1484375
-1.15561523438
-1.19868164063
-1.18432617188
-1.15322265625
-1.16997070313
-1.167578125
-1.15561523438
-1.15083007813
-1.13408203125
-1.14365234375
-1.13408203125
-1.1388671875
-1.11494140625
-1.13168945313
-1.12690429688
-1.08623046875
-1.08383789063
-1.08383789063
-1.1484375
-1.12211914063
-1.05751953125
-1.05991210938
-0.921142578125
-1.08383789063
-1.0814453125
-1.052734375
-1.03837890625
-1.00727539063
-0.99052734375
-1.00249023438
-1.00727539063
-1.04794921875
-1.05512695313
-1.052734375
-0.935498046875
-0.892431640625
-0.784765625
-0.8517578125
-0.935498046875
-1.14365234375
-1.11254882812
-1.00009765625
-0.9474609375
-0.92353515625
-0.91396484375
-0.93310546875
-0.892431640625
-0.87568359375
-0.863720703125
-0.882861328125
-0.9091796875
-0.830224609375
-0.787158203125
-0.734521484375
-0.84697265625
-0.7943359375
-0.95224609375
-0.945068359375
-0.90439453125
-0.873291015625
-0.806298828125
-0.823046875
-0.81826171875
-0.8421875
-0.844580078125
-0.87568359375
