-0.79912109375
-1.12451171875
-1.129296875
-1.07666015625
-1.37573242188
-1.52885742188
-1.62934570313
-1.67958984375
-1.78725585938
-1.84228515625
-1.88295898438
-1.89252929688
-1.84467773438
-1.74418945313
-1.6078125
-1.3302734375
-1.1388671875
-1.18432617188
-0.978564453125
-0.71298828125
-0.58857421875
-0.72255859375
-0.605322265625
-0.3349609375
-0.37802734375
-0.519189453125
-0.433056640625
-0.461767578125
-0.547900390625
-0.66513671875
-0.815869140625
-0.902001953125
-0.74169921875
-0.696240234375
-0.976171875
-1.052734375
-0.87568359375
-0.79912109375
-0.7751953125
-0.80390625
-0.85654296875
-0.784765625
-0.75126953125
-0.653173828125
-0.6794921875
-0.753662109375
-0.835009765625
-0.811083984375
-0.858935546875
-0.90439453125
-0.89482421875
-0.949853515625
-0.9474609375
-0.997705078125
-1.12690429688
-1.16997070313
-1.1962890625
-1.35419921875
-1.25131835938
-1.26088867188
-1.3015625
-1.33984375
-1.31831054688
-1.29677734375
-1.26088867188
-1.2537109375
-1.28002929688
-1.37573242188
-1.10537109375
-1.1197265625
-0.959423828125
-0.91875
-0.71298828125
-0.49287109375
-0.325390625
-0.26796875
-0.11962890625
0.112451171875
0.189013671875
0.24404296875
0.24404296875
0.303857421875
0.34453125
0.34453125
0.30625
0.287109375
0.284716796875
0.2296875
0.2201171875
0.21533203125
0.193798828125
0.198583984375
0.287109375
0.11484375
0.078955078125
0.0478515625
0.08134765625
0.122021484375
0.174658203125
0.179443359375
0.14833984375
0.10048828125
0.126806640625
0.14833984375
0.153125
0.217724609375
0.19619140625
0.189013671875
0.236865234375
0.30146484375
0.33017578125
0.325390625
0.3158203125
0.313427734375
0.26318359375
0.294287109375
0.327783203125
0.308642578125
0.29189453125
0.284716796875
0.28232421875
0.265576171875
0.287109375
0.25361328125
0.24404296875
0.236865234375
0.222509765625
0.21533203125
0.19619140625
0.189013671875
0.208154296875
0.19140625
0.184228515625
0.210546875
0.22490234375
0.241650390625
0.16748046875
0.160302734375
0.19140625
0.19140625
0.20576171875
0.174658203125
0.160302734375
0.184228515625
0.19619140625
0.208154296875
0.153125
0.14833984375
0.122021484375
0.057421875
0.031103515625
0.045458984375
0.059814453125
0.0287109375
-0.007177734375
-0.055029296875
-0.03828125
-0.05263671875
-0.102880859375
-0.153125
-0.299072265625
-0.1435546875
-0.031103515625
-0.222509765625
-0.222509765625
-0.232080078125
-0.222509765625
-0.260791015625
-0.270361328125
-0.270361328125
-0.26318359375
-0.26318359375
-0.35888671875
-0.337353515625
-0.346923828125
-0.413916015625
-0.43544921875
-0.459375
-0.466552734375
-0.480908203125
-0.52158203125
-0.538330078125
-0.5646484375
-0.595751953125
-0.662744140625
-0.6890625
-0.657958984375
-0.701025390625
-0.74169921875
-0.768017578125
-0.83740234375
-0.925927734375
-1.15322265625
-1.16279296875
-0.873291015625
-0.796728515625
-0.839794921875
-0.95224609375
-1.01923828125
-1.205859375
-1.20825195312
-1.22021484375
-1.20107421875
-1.23935546875
-1.25849609375
-1.28002929688
-1.36137695313
-1.4642578125
-1.5025390625
-1.45708007813
-1.41162109375
-1.42119140625
-1.4451171875
-1.49057617188
-1.53842773438
-1.61499023438
-1.6365234375
-1.61499023438
-1.63173828125
-1.56953125
-1.63891601563
-1.64609375
-1.62216796875
-1.57670898438
-1.55756835938
-1.49775390625
-1.50014648438
-1.4833984375
-1.44033203125
-1.41640625
-1.41401367188
-1.40444335938
-1.38291015625
-1.33984375
-1.32309570313
-1.3685546875
-1.14604492188
-1.20107421875
-1.16279296875
-1.15322265625
-1.13408203125
-1.09340820313
-1.071875
-1.04555664063
-0.9953125
-0.959423828125
-0.94267578125
-0.97138671875
-0.940283203125
-0.925927734375
-0.897216796875
-0.892431640625
-0.83740234375
-0.811083984375
-0.806298828125
-0.811083984375
-0.825439453125
-0.835009765625
-0.835009765625
-0.796728515625
-0.78955078125
-0.849365234375
-0.849365234375
-0.839794921875
-0.849365234375
-0.849365234375
-0.863720703125
-0.85654296875
-0.868505859375
-0.85654296875
-0.85654296875
-0.873291015625
-0.88046875
-0.839794921875
-0.844580078125
-0.83740234375
-0.80869140625
-0.791943359375
-0.772802734375
-0.67470703125
-0.64599609375
-0.66513671875
-0.64599609375
-0.46416015625
-0.571826171875
-0.509619140625
-0.466552734375
-0.4880859375
-0.461767578125
-0.39716796875
-0.36845703125
-0.413916015625
-0.36845703125
-0.31103515625
-0.289501953125
-0.380419921875
-0.447412109375
-0.447412109375
-0.5263671875
-0.638818359375
-0.75126953125
-0.744091796875
-0.815869140625
-0.753662109375
-0.916357421875
-0.8708984375
-0.8517578125
-0.863720703125
-0.911572265625
-0.825439453125
-0.76083984375
-0.75126953125
-0.6220703125
-0.614892578125
-0.586181640625
-0.516796875
-0.55986328125
-0.33974609375
-0.27275390625
-0.270361328125
-0.34453125
-0.36845703125
-0.370849609375
-0.433056640625
-0.440234375
-0.31103515625
-0.52158203125
-0.516796875
-0.5455078125
-0.63642578125
-0.65556640625
-0.657958984375
-0.68427734375
-0.753662109375
-0.796728515625
-0.844580078125
-0.801513671875
-0.86611328125
-0.784765625
-0.69384765625
-0.61728515625
-0.657958984375
-0.576611328125
-0.47373046875
-0.442626953125
-0.394775390625
-0.279931640625
-0.217724609375
-0.3923828125
-0.346923828125
-0.33017578125
-0.18662109375
-0.169873046875
-0.251220703125
-0.193798828125
-0.35888671875
-0.294287109375
-0.26796875
-0.212939453125
-0.404345703125
-0.452197265625
-0.413916015625
-0.40673828125
-0.4115234375
-0.452197265625
-0.43544921875
-0.42587890625
-0.399560546875
-0.389990234375
-0.40673828125
-0.385205078125
-0.366064453125
-0.3541015625
-0.308642578125
-0.303857421875
-0.32060546875
-0.227294921875
-0.2392578125
-0.18662109375
-0.145947265625
-0.031103515625
0.002392578125
0.011962890625
0.031103515625
0.064599609375
0.03828125
0.2296875
0.299072265625
0.33974609375
0.423486328125
0.4880859375
0.4880859375
0.55986328125
0.547900390625
0.555078125
0.63642578125
0.66513671875
0.710595703125
0.7177734375
0.748876953125
0.768017578125
0.772802734375
0.820654296875
0.839794921875
0.858935546875
0.873291015625
0.863720703125
0.823046875
0.81826171875
0.8708984375
0.89482421875
0.830224609375
0.82783203125
0.80390625
0.80390625
0.825439453125
0.77998046875
0.80390625
0.861328125
0.844580078125
0.81826171875
0.73212890625
0.720166015625
0.72255859375
0.6794921875
0.638818359375
0.6125
0.57421875
0.581396484375
0.595751953125
0.5455078125
0.495263671875
0.44501953125
0.4115234375
0.363671875
0.322998046875
0.279931640625
0.25361328125
0.18662109375
0.184228515625
0.165087890625
0.145947265625
0.088525390625
0.0478515625
0.01435546875
-0.0478515625
-0.064599609375
-0.06220703125
-0.098095703125
-0.102880859375
-0.131591796875
-0.184228515625
-0.241650390625
-0.227294921875
-0.19619140625
-0.25361328125
-0.19140625
-0.351708984375
-0.34931640625
-0.351708984375
-0.38759765625
-0.42587890625
-0.44501953125
-0.516796875
-0.495263671875
-0.514404296875
-0.547900390625
-0.590966796875
-0.54072265625
-0.555078125
-0.590966796875
-0.605322265625
-0.600537109375
-0.552685546875
-0.567041015625
-0.619677734375
-0.6603515625
-0.638818359375
-0.638818359375
-0.643603515625
-0.64599609375
-0.631640625
-0.571826171875
-0.600537109375
-0.46416015625
-0.614892578125
-0.610107421875
-0.55986328125
-0.600537109375
-0.56943359375
-0.567041015625
-0.543115234375
-0.528759765625
-0.5455078125
-0.538330078125
-0.562255859375
-0.514404296875
-0.504833984375
-0.4689453125
-0.437841796875
