-1.32788085938
-1.27045898438
-1.27524414063
-1.17475585938
-1.10297851563
-0.968994140625
-0.954638671875
-0.806298828125
-0.734521484375
-0.720166015625
-0.567041015625
-0.590966796875
-0.6029296875
-0.4306640625
-0.485693359375
-0.552685546875
-0.55029296875
-0.5837890625
-0.581396484375
-0.638818359375
-0.724951171875
-0.739306640625
-0.784765625
-0.791943359375
-0.796728515625
-0.80869140625
-0.77998046875
-0.77998046875
-0.748876953125
-0.729736328125
-0.6603515625
-0.6890625
-0.46416015625
-0.557470703125
-0.54072265625
-0.495263671875
-0.605322265625
-0.44501953125
-0.4306640625
-0.401953125
-0.45458984375
-0.447412109375
-0.4689453125
-0.41630859375
-0.4880859375
-0.516796875
-0.514404296875
-0.52158203125
-0.5646484375
-0.54072265625
-0.5263671875
-0.5837890625
-0.57900390625
-0.571826171875
-0.523974609375
-0.523974609375
-0.56943359375
-0.516796875
-0.461767578125
-0.459375
-0.418701171875
-0.409130859375
-0.356494140625
-0.3828125
-0.346923828125
-0.45458984375
-0.248828125
-0.29189453125
-0.24404296875
-0.265576171875
-0.24404296875
-0.232080078125
-0.246435546875
-0.2775390625
-0.289501953125
-0.332568359375
-0.351708984375
-0.370849609375
-0.366064453125
-0.401953125
-0.399560546875
-0.404345703125
-0.31103515625
-0.44501953125
-0.523974609375
-0.519189453125
-0.54072265625
-0.5646484375
-0.55029296875
-0.562255859375
-0.581396484375
-0.59814453125
-0.59814453125
-0.593359375
-0.586181640625
-0.629248046875
-0.6220703125
-0.708203125
-0.70341796875
-0.746484375
-0.729736328125
-0.7369140625
-0.806298828125
-0.76083984375
-0.8326171875
-0.858935546875
-0.892431640625
-0.768017578125
-0.6986328125
-0.6794921875
-0.849365234375
-0.835009765625
-0.7751953125
-0.791943359375
-0.784765625
-0.787158203125
-0.7560546875
-0.7369140625
-0.7369140625
-0.73212890625
-0.6986328125
-0.744091796875
-0.7177734375
-0.701025390625
-0.753662109375
-0.753662109375
-0.777587890625
-0.801513671875
-0.854150390625
-0.858935546875
-0.8326171875
-0.849365234375
-0.82783203125
-0.81826171875
-0.782373046875
-0.79912109375
-0.77998046875
-0.75126953125
-0.77998046875
-0.73212890625
-0.724951171875
-0.6794921875
-0.631640625
-0.6220703125
-0.595751953125
-0.61728515625
-0.571826171875
-0.480908203125
-0.55029296875
-0.5263671875
-0.476123046875
-0.619677734375
-0.657958984375
-0.71298828125
-0.81826171875
-0.899609375
-0.9666015625
-1.071875
-1.07426757813
-1.11733398438
-1.1197265625
-1.12690429688
-1.08862304688
-1.10537109375
-1.09340820313
-1.06469726562
-1.06948242188
-0.968994140625
-0.825439453125
-0.720166015625
-0.729736328125
-0.662744140625
-0.643603515625
-0.593359375
-0.62685546875
-0.708203125
-0.739306640625
-0.91875
-0.63642578125
-0.57421875
-0.581396484375
-0.69384765625
-0.77041015625
-0.67470703125
-0.6794921875
-0.73212890625
-0.734521484375
-0.73212890625
-0.839794921875
-0.858935546875
-0.8326171875
-0.8900390625
-0.91396484375
-0.84697265625
-0.897216796875
-0.878076171875
-0.9283203125
-0.89482421875
-1.071875
-0.85654296875
-0.906787109375
-0.8708984375
-0.835009765625
-0.823046875
-0.75126953125
-0.614892578125
-0.73212890625
-0.720166015625
-0.696240234375
-0.724951171875
-0.657958984375
-0.686669921875
-0.696240234375
-0.701025390625
-0.65556640625
-0.65078125
-0.61728515625
-0.567041015625
-0.595751953125
-0.478515625
-0.485693359375
-0.442626953125
-0.41630859375
-0.3541015625
-0.361279296875
-0.370849609375
-0.45458984375
-0.279931640625
-0.2583984375
-0.189013671875
-0.165087890625
-0.0669921875
-0.057421875
0.0095703125
0.02392578125
0.11005859375
0.126806640625
0.11484375
0.12919921875
0.174658203125
0.155517578125
0.203369140625
0.2583984375
0.232080078125
0.2583984375
0.210546875
0.210546875
0.21533203125
0.184228515625
0.212939453125
0.19140625
0.232080078125
0.251220703125
0.210546875
0.210546875
0.172265625
0.15791015625
0.174658203125
0.1052734375
0.093310546875
0.1052734375
0.11484375
0.083740234375
0.064599609375
0.0478515625
0.0669921875
0.150732421875
0.131591796875
0.026318359375
-0.03349609375
-0.050244140625
-0.02392578125
-0.035888671875
0.145947265625
0.10048828125
-0.007177734375
-0.150732421875
-0.1435546875
-0.30146484375
-0.19140625
-0.160302734375
-0.356494140625
-0.389990234375
-0.404345703125
-0.40673828125
-0.44501953125
-0.47373046875
-0.555078125
-0.590966796875
-0.586181640625
-0.7560546875
-0.6220703125
-0.638818359375
-0.64599609375
-0.6890625
-0.708203125
-0.71298828125
-0.71298828125
-0.677099609375
-0.72734375
-0.7177734375
-0.72734375
-0.696240234375
-0.69384765625
-0.710595703125
-0.691455078125
-0.72255859375
-0.708203125
-0.72255859375
-0.729736328125
-0.677099609375
-0.6890625
-0.705810546875
-0.734521484375
-0.758447265625
-0.586181640625
-0.624462890625
-0.593359375
-0.576611328125
-0.538330078125
-0.5359375
-0.46416015625
-0.318212890625
-0.399560546875
-0.33017578125
-0.332568359375
-0.442626953125
-0.2392578125
-0.21533203125
-0.189013671875
-0.270361328125
-0.064599609375
-0.064599609375
0.03349609375
0.06220703125
0.150732421875
0.17705078125
0.279931640625
0.3158203125
0.3828125
0.399560546875
0.48330078125
0.57900390625
0.6412109375
0.77041015625
0.858935546875
0.94267578125
0.96181640625
1.00009765625
1.03837890625
1.1484375
1.15083007813
1.20825195312
1.30634765625
1.30874023438
1.36137695313
1.36616210938
1.39965820312
1.45947265625
1.46904296875
1.51450195313
1.52407226563
1.5216796875
1.56953125
1.67719726563
1.56235351563
1.61259765625
1.550390625
1.5599609375
1.56235351563
1.61259765625
1.6173828125
1.60302734375
1.63173828125
1.68916015625
1.68198242188
1.69633789063
1.65327148438
1.67241210938
1.53125
1.684375
1.63891601563
1.67958984375
1.68916015625
1.69633789063
1.72744140625
1.54321289063
1.66044921875
1.62216796875
1.6078125
1.6173828125
1.60302734375
1.53603515625
1.47861328125
1.45229492188
1.4259765625
1.3494140625
1.27524414063
1.24653320313
1.21782226563
1.17475585938
1.07905273438
0.968994140625
0.96181640625
0.959423828125
0.949853515625
1.02880859375
1.05034179688
1.02641601563
1.12211914063
1.15561523438
1.40205078125
1.64130859375
1.78725585938
1.90688476563
2.28969726563
2.507421875
2.64858398438
2.94047851563
2.93090820312
3.234765625
3.2826171875
3.311328125
3.26826171875
3.34721679688
3.14384765625
3.11752929688
2.91655273438
2.5361328125
2.737109375
2.64379882812
2.583984375
2.29208984375
1.8470703125
1.77290039063
1.8853515625
1.95473632813
1.9810546875
2.05283203125
1.99301757813
2.36865234375
2.49067382813
2.12700195313
2.14375
2.17724609375
2.14135742188
2.05522460938
2.19638671875
2.3255859375
2.50502929688
2.50502929688
2.57680664063
2.61987304688
2.50024414062
2.603125
2.57919921875
2.5935546875
2.54809570312
2.51938476563
2.48349609375
2.39975585938
2.36865234375
2.23466796875
2.46196289063
2.21552734375
2.17006835938
2.54091796875
2.43803710938
2.31362304688
2.54809570312
2.57202148438
2.56484375
2.65576171875
2.9763671875
3.15581054688
3.22041015625
3.51708984375
3.78266601563
4.01713867188
4.038671875
4.0291015625
4.28271484375
4.33056640625
4.34013671875
4.34731445313
4.28989257813
4.25400390625
4.17744140625
4.20375976563
4.15830078125
4.28510742188
4.12001953125
4.03149414062
4.1630859375
4.24921875
3.98364257813
3.86401367188
4.07216796875
4.25400390625
4.28510742188
