-2.62705078125
-2.55288085938
-2.54331054688
-2.53852539063
-2.48349609375
-2.45239257812
-2.41171875
-2.3638671875
-2.35190429688
-2.30405273438
-2.32319335938
-2.31362304688
-2.32797851563
-2.3064453125
-2.29448242188
-2.2873046875
-2.26337890625
-2.18442382813
-2.16528320312
-2.14614257813
-2.10307617188
-2.08872070313
-2.06958007812
-2.0671875
-2.11743164062
-2.11264648438
-2.0767578125
-2.0576171875
-2.01455078125
-1.97866210938
-1.96430664063
-1.84228515625
-1.990625
-1.9619140625
-1.971484375
-1.95473632813
-1.94516601563
-1.94038085938
-1.894921875
-1.9140625
-1.89013671875
-1.97626953125
-1.76811523438
-1.76333007813
-1.74418945313
-1.73940429688
-1.72026367188
-1.69633789063
-1.66044921875
-1.63173828125
-1.64609375
-1.64609375
-1.64609375
-1.66284179688
-1.6365234375
-1.52407226563
-1.52407226563
-1.512109375
-1.473828125
-1.45708007813
-1.46186523438
-1.44750976562
-1.45947265625
-1.44033203125
-1.39965820312
-1.31591796875
-1.30874023438
-1.2728515625
-1.3015625
-1.2728515625
-1.26328125
-1.24653320313
-1.20107421875
-1.1962890625
-1.1962890625
-1.17236328125
-1.15561523438
-1.1388671875
-1.11494140625
-1.11494140625
-1.09819335938
-1.06948242188
-1.21782226563
-1.03120117188
-0.9953125
-0.99052734375
-0.98095703125
-0.9953125
-0.97138671875
-0.973779296875
-0.97138671875
-0.983349609375
-0.98095703125
-0.94267578125
-0.95703125
-0.97138671875
-0.94267578125
-0.97138671875
-0.97138671875
-0.95224609375
-0.954638671875
-0.949853515625
-0.925927734375
-0.92353515625
-0.897216796875
-0.89482421875
-0.925927734375
-0.940283203125
-0.930712890625
-0.892431640625
-0.849365234375
-0.8517578125
-0.89482421875
-0.854150390625
-0.8421875
-0.835009765625
-0.811083984375
-0.80869140625
-0.81826171875
-0.815869140625
-0.854150390625
-0.87568359375
-0.899609375
-0.8900390625
-0.82783203125
-0.861328125
-0.88525390625
-0.782373046875
-0.96181640625
-0.978564453125
-0.992919921875
-1.06469726562
-1.09580078125
-1.11733398438
-1.14604492188
-1.16279296875
-1.17475585938
-1.1388671875
-1.1484375
-1.16518554688
-1.1580078125
-1.19150390625
-1.18432617188
-1.205859375
-1.17954101563
-1.17236328125
-1.15083007813
-1.17236328125
-1.14125976563
-1.14604492188
-1.18911132813
-1.10537109375
-1.27045898438
-1.26328125
-1.28002929688
-1.27524414063
-1.27045898438
-1.30874023438
-1.28002929688
-1.34702148438
-1.358984375
-1.36616210938
-1.40444335938
-1.41401367188
-1.38051757813
-1.44272460938
-1.43076171875
-1.41879882813
-1.44990234375
-1.44033203125
-1.44272460938
-1.45708007813
-1.42119140625
-1.46186523438
-1.473828125
-1.44750976562
-1.45708007813
-1.45947265625
-1.43793945313
-1.43315429688
-1.44033203125
-1.44750976562
-1.42119140625
-1.41162109375
-1.38051757813
-1.358984375
-1.35659179688
-1.35180664062
-1.34462890625
-1.42119140625
-1.41401367188
-1.39487304688
-1.37333984375
-1.41162109375
-1.41640625
-1.51928710938
-1.378125
-1.40205078125
-1.4068359375
-1.39487304688
-1.397265625
-1.41640625
-1.4068359375
-1.4068359375
-1.37333984375
-1.33505859375
-1.27524414063
-1.282421875
-1.31352539063
-1.28959960938
-1.26088867188
-1.21782226563
-1.22739257813
-1.18432617188
-1.18432617188
-1.167578125
-1.167578125
-1.1388671875
-1.11015625
-1.08623046875
-1.07426757813
-1.052734375
-1.0240234375
-0.9666015625
-0.91875
-0.937890625
-1.071875
-0.84697265625
-0.811083984375
-0.79912109375
-0.791943359375
-0.72734375
-0.69384765625
-0.638818359375
-0.61728515625
-0.600537109375
-0.5359375
-0.504833984375
-0.480908203125
-0.456982421875
-0.440234375
-0.4498046875
-0.38759765625
-0.3732421875
-0.3732421875
-0.35888671875
-0.33974609375
-0.265576171875
-0.260791015625
-0.26796875
-0.260791015625
-0.26318359375
-0.26796875
-0.2296875
-0.23447265625
-0.236865234375
-0.246435546875
-0.308642578125
-0.32060546875
-0.33017578125
-0.35888671875
-0.3828125
-0.41630859375
-0.363671875
-0.370849609375
-0.3828125
-0.363671875
-0.409130859375
-0.399560546875
-0.389990234375
-0.389990234375
-0.3923828125
-0.375634765625
-0.375634765625
-0.337353515625
-0.287109375
-0.25361328125
-0.2009765625
-0.155517578125
-0.1435546875
-0.15791015625
-0.133984375
-0.126806640625
-0.126806640625
-0.057421875
-0.059814453125
-0.04306640625
-0.12919921875
0.045458984375
0.069384765625
0.08134765625
0.12919921875
0.15791015625
0.20576171875
0.17705078125
0.222509765625
0.25361328125
0.232080078125
0.19619140625
0.203369140625
0.2201171875
0.2392578125
0.232080078125
0.2296875
0.256005859375
0.24404296875
0.256005859375
0.26318359375
0.2296875
0.248828125
0.256005859375
0.241650390625
0.27275390625
0.179443359375
0.33974609375
0.29189453125
0.153125
0.31103515625
0.327783203125
0.332568359375
0.37802734375
0.3828125
0.404345703125
0.322998046875
0.51201171875
0.5455078125
0.6029296875
0.667529296875
0.753662109375
0.806298828125
0.844580078125
0.9857421875
1.05034179688
1.07905273438
1.129296875
1.1771484375
1.26567382813
1.27524414063
1.33984375
1.358984375
1.36376953125
1.43793945313
1.46665039063
1.46186523438
1.4642578125
1.4451171875
1.43793945313
1.41401367188
1.41879882813
1.40922851563
1.39487304688
1.41401367188
1.38530273438
1.33266601563
1.33745117188
1.3302734375
1.31352539063
1.32548828125
1.27763671875
1.25610351562
1.29438476563
1.30874023438
1.32309570313
1.27524414063
1.23217773438
1.36616210938
1.24892578125
1.3015625
1.244140625
1.129296875
1.18671875
1.16040039062
1.21782226563
1.08383789063
1.10537109375
1.03598632813
0.973779296875
1.00009765625
0.9666015625
0.949853515625
0.935498046875
0.8900390625
0.83740234375
0.823046875
0.8134765625
0.820654296875
0.710595703125
0.696240234375
0.672314453125
0.734521484375
0.5646484375
0.53115234375
0.500048828125
0.437841796875
0.45458984375
0.440234375
0.394775390625
0.401953125
0.3923828125
0.325390625
0.313427734375
0.270361328125
0.227294921875
0.227294921875
0.184228515625
0.169873046875
0.150732421875
0.15791015625
0.133984375
0.088525390625
0.08134765625
0.088525390625
0.01435546875
0.007177734375
0.03349609375
0.01435546875
0.0095703125
-0.011962890625
0.0
-0.03828125
-0.002392578125
-0.01435546875
-0.007177734375
-0.04306640625
-0.0765625
-0.0765625
-0.122021484375
-0.12919921875
-0.08134765625
-0.0861328125
-0.11484375
-0.13876953125
-0.026318359375
-0.174658203125
-0.236865234375
-0.260791015625
-0.30146484375
-0.452197265625
-0.49765625
-0.5455078125
-0.65556640625
-0.696240234375
-0.758447265625
-0.823046875
-0.882861328125
-0.94267578125
-0.9953125
-1.052734375
-1.07905273438
-1.16518554688
-1.15322265625
-1.21303710938
-1.29916992188
-1.30874023438
-1.31591796875
-1.31591796875
-1.41401367188
-1.40444335938
-1.3685546875
-1.378125
-1.41401367188
-1.40205078125
-1.41879882813
-1.378125
-1.33505859375
-1.29916992188
-1.1771484375
-1.11733398438
-1.20346679688
-0.97138671875
-0.899609375
-0.791943359375
-0.710595703125
-0.72255859375
-0.533544921875
-0.366064453125
-0.3541015625
-0.256005859375
-0.198583984375
-0.088525390625
-0.064599609375
0.03828125
0.0669921875
0.153125
0.232080078125
0.279931640625
0.318212890625
0.375634765625
0.442626953125
0.55986328125
0.5072265625
0.54072265625
0.538330078125
0.528759765625
0.593359375
0.571826171875
0.5837890625
0.65078125
0.6890625
0.64599609375
