3.78266601563
3.68696289063
3.63671875
3.62236328125
3.62236328125
3.62236328125
3.60561523438
3.54340820313
3.67021484375
3.51708984375
3.51469726563
3.48837890625
3.42856445313
3.42856445313
3.37353515625
3.33764648438
3.30415039063
3.30415039063
3.27543945313
3.273046875
3.273046875
3.24194335938
3.21801757813
3.20126953125
3.16298828125
3.16298828125
3.15581054688
3.14145507813
3.14145507813
3.07924804688
3.05532226563
3.1103515625
3.1103515625
3.10078125
3.043359375
3.04096679688
3.04096679688
3.06010742188
3.04814453125
3.02421875
3.02421875
2.99790039063
2.95483398438
2.93330078125
2.93330078125
2.93090820312
2.909375
2.88305664062
2.88305664062
2.89501953125
2.8615234375
2.8041015625
2.8041015625
2.81845703125
2.80888671875
2.78017578125
2.78017578125
2.78017578125
2.75146484375
2.7275390625
2.7275390625
2.72993164063
2.737109375
2.74189453125
2.74189453125
2.71796875
2.71318359375
2.71796875
2.71796875
2.6796875
2.63901367188
2.63662109375
2.63662109375
2.64858398438
2.64858398438
2.62705078125
2.62705078125
2.603125
2.622265625
2.6126953125
2.6126953125
2.60551757813
2.5935546875
2.56723632813
2.56723632813
2.56484375
2.51938476563
2.46196289063
2.46196289063
2.48110351563
2.50263671875
2.48588867188
2.48588867188
2.44760742188
2.41171875
2.3734375
2.3734375
2.35908203125
2.36865234375
2.35668945312
2.35668945312
2.33515625
2.28969726563
2.25620117188
2.25620117188
2.27294921875
2.29448242188
2.27294921875
2.27294921875
2.25859375
2.24663085938
2.20356445313
2.20356445313
2.15810546875
2.15810546875
2.15810546875
2.15810546875
2.13178710938
2.1341796875
2.1150390625
2.1150390625
2.07915039063
2.06479492188
2.0384765625
2.0384765625
2.02412109375
1.99301757813
1.96430664063
1.96430664063
1.94995117188
1.92124023438
1.91884765625
1.91884765625
1.9140625
1.88774414063
1.88774414063
1.88774414063
1.9044921875
1.89013671875
1.8375
1.8375
1.78247070313
1.75615234375
1.75375976563
1.75375976563
1.72504882813
1.72265625
1.72504882813
1.72504882813
1.7130859375
1.72265625
1.72265625
1.70830078125
1.6939453125
1.7322265625
1.7322265625
1.74418945313
1.70590820313
1.684375
1.684375
1.66044921875
1.64609375
1.64370117188
1.64370117188
1.64609375
1.60063476563
1.54560546875
1.54560546875
1.49775390625
1.4546875
1.4451171875
1.4451171875
1.44272460938
1.44033203125
1.43793945313
1.43793945313
1.43076171875
1.42119140625
1.44033203125
1.44033203125
1.43076171875
1.38051757813
1.49536132812
1.34223632813
1.3111328125
1.26567382813
1.23217773438
1.23217773438
1.18671875
1.22021484375
1.14604492188
1.29916992188
1.27524414063
1.2345703125
1.35659179688
1.20346679688
1.19389648438
1.21303710938
1.20825195312
1.20825195312
1.14365234375
1.05512695313
1.01206054688
1.01206054688
0.9857421875
0.97138671875
0.98095703125
0.98095703125
0.9953125
0.997705078125
0.997705078125
0.968994140625
0.940283203125
0.925927734375
0.925927734375
0.89482421875
0.858935546875
0.8421875
0.8421875
0.815869140625
0.784765625
0.72734375
0.72734375
0.67470703125
0.653173828125
0.657958984375
0.657958984375
0.65078125
0.63642578125
0.6125
0.6125
0.567041015625
0.56943359375
0.547900390625
0.547900390625
0.490478515625
0.4880859375
0.495263671875
0.495263671875
0.45458984375
0.423486328125
0.413916015625
0.413916015625
0.4115234375
0.399560546875
0.385205078125
0.385205078125
0.33017578125
0.25361328125
0.2392578125
0.2392578125
0.212939453125
0.141162109375
0.150732421875
0.150732421875
0.122021484375
0.040673828125
0.03828125
0.03828125
0.026318359375
0.031103515625
0.031103515625
0.03349609375
-0.0287109375
-0.064599609375
-0.064599609375
-0.064599609375
-0.0765625
-0.12919921875
-0.12919921875
-0.15791015625
-0.18662109375
-0.23447265625
-0.23447265625
-0.22490234375
-0.217724609375
-0.2392578125
-0.2392578125
-0.236865234375
-0.246435546875
-0.27275390625
-0.27275390625
-0.303857421875
-0.34453125
-0.32060546875
-0.32060546875
-0.2966796875
-0.3158203125
-0.356494140625
-0.356494140625
-0.39716796875
-0.40673828125
-0.3923828125
-0.3923828125
-0.433056640625
-0.4880859375
-0.47373046875
-0.459375
-0.459375
-0.476123046875
-0.516796875
-0.5646484375
-0.571826171875
-0.590966796875
-0.590966796875
-0.6412109375
-0.66513671875
-0.662744140625
-0.662744140625
-0.67470703125
-0.67470703125
-0.67470703125
-0.681884765625
-0.746484375
-0.7943359375
-0.777587890625
-0.777587890625
-0.772802734375
-0.782373046875
-0.782373046875
-0.791943359375
-0.825439453125
-0.8517578125
-0.8517578125
-0.87568359375
-0.897216796875
-0.906787109375
-0.868505859375
-0.868505859375
-0.82783203125
-0.86611328125
-0.86611328125
-0.899609375
-0.85654296875
-0.849365234375
-0.849365234375
-0.897216796875
-0.882861328125
-0.863720703125
-0.863720703125
-0.854150390625
-0.85654296875
-0.861328125
-0.820654296875
-0.758447265625
-0.708203125
-0.708203125
-0.73212890625
-0.768017578125
-0.782373046875
-0.782373046875
-0.782373046875
-0.753662109375
-0.7560546875
-0.7560546875
-0.74169921875
-0.705810546875
-0.720166015625
-0.720166015625
-0.696240234375
-0.662744140625
-0.662744140625
-0.669921875
-0.66513671875
-0.643603515625
-0.643603515625
-0.610107421875
-0.605322265625
-0.605322265625
-0.595751953125
-0.595751953125
-0.576611328125
-0.581396484375
-0.58857421875
-0.58857421875
-0.5837890625
-0.552685546875
-0.500048828125
-0.500048828125
-0.500048828125
-0.514404296875
-0.51201171875
-0.485693359375
-0.485693359375
-0.4880859375
-0.50244140625
-0.4880859375
-0.590966796875
-0.437841796875
-0.4115234375
-0.42587890625
-0.423486328125
-0.423486328125
-0.394775390625
-0.3732421875
-0.337353515625
-0.337353515625
-0.337353515625
-0.356494140625
-0.3349609375
-0.3349609375
-0.327783203125
-0.30146484375
-0.30146484375
-0.275146484375
-0.2775390625
-0.287109375
-0.275146484375
-0.275146484375
-0.26796875
-0.2966796875
-0.2966796875
-0.299072265625
-0.289501953125
-0.265576171875
-0.265576171875
-0.260791015625
-0.2775390625
-0.232080078125
-0.232080078125
-0.246435546875
-0.2775390625
-0.2775390625
-0.2775390625
-0.313427734375
-0.31103515625
-0.27275390625
-0.27275390625
-0.236865234375
-0.2392578125
-0.2966796875
-0.2966796875
-0.318212890625
-0.29189453125
-0.287109375
-0.287109375
-0.2966796875
-0.287109375
-0.260791015625
-0.260791015625
-0.248828125
-0.265576171875
-0.289501953125
-0.289501953125
-0.287109375
-0.2201171875
-0.21533203125
-0.21533203125
-0.256005859375
-0.24404296875
-0.22490234375
-0.22490234375
-0.208154296875
-0.217724609375
-0.217724609375
-0.217724609375
-0.217724609375
-0.208154296875
-0.17705078125
-0.17705078125
-0.2009765625
-0.22490234375
-0.203369140625
-0.203369140625
-0.217724609375
-0.21533203125
-0.203369140625
-0.203369140625
-0.2009765625
-0.227294921875
-0.227294921875
-0.227294921875
-0.208154296875
-0.236865234375
-0.25361328125
-0.2583984375
-0.2583984375
-0.2583984375
-0.284716796875
-0.299072265625
-0.2966796875
-0.16748046875
-0.32060546875
-0.33974609375
-0.3349609375
-0.346923828125
-0.389990234375
-0.389990234375
-0.3828125
-0.34931640625
-0.370849609375
-0.370849609375
-0.40673828125
-0.42109375
-0.442626953125
-0.442626953125
-0.49287109375
-0.52158203125
-0.52158203125
-0.519189453125
