-0.260791015625
-0.248828125
-0.3158203125
-0.346923828125
-0.31103515625
-0.22490234375
-0.289501953125
-0.21533203125
-0.193798828125
-0.2009765625
-0.172265625
-0.189013671875
-0.131591796875
-0.13876953125
-0.2966796875
-0.095703125
-0.275146484375
-0.275146484375
-0.019140625
0.122021484375
0.1244140625
-0.050244140625
-0.172265625
-0.198583984375
0.0095703125
0.074169921875
-0.03349609375
-0.026318359375
0.0478515625
0.088525390625
0.083740234375
0.069384765625
0.11962890625
0.057421875
0.0669921875
0.069384765625
0.021533203125
0.174658203125
0.193798828125
0.3349609375
0.222509765625
0.021533203125
0.38759765625
0.538330078125
0.49287109375
0.442626953125
0.495263671875
0.576611328125
0.595751953125
0.6029296875
0.634033203125
0.63642578125
0.657958984375
0.6603515625
0.686669921875
0.68427734375
0.552685546875
0.413916015625
0.64599609375
1.3302734375
1.10776367188
1.167578125
1.02880859375
0.988134765625
1.129296875
1.17954101563
1.16997070313
1.26088867188
1.24892578125
1.24892578125
1.24892578125
1.17236328125
1.15083007813
1.13647460938
1.08383789063
0.992919921875
0.9666015625
0.9857421875
0.844580078125
0.73212890625
0.691455078125
0.758447265625
0.552685546875
0.43544921875
0.39716796875
0.318212890625
0.284716796875
0.208154296875
0.102880859375
-0.557470703125
-0.648388671875
-0.784765625
-0.77998046875
-1.0431640625
-1.01206054688
-0.9857421875
-0.768017578125
-0.557470703125
-0.4880859375
0.057421875
0.212939453125
0.59814453125
0.80869140625
1.01206054688
1.20107421875
1.320703125
1.40205078125
1.52646484375
1.54321289063
1.5216796875
1.4259765625
1.29677734375
1.36137695313
1.45229492188
1.37094726563
0.899609375
0.892431640625
0.91875
0.835009765625
0.6890625
0.5455078125
0.562255859375
0.45458984375
0.409130859375
0.3158203125
0.3158203125
0.303857421875
0.241650390625
0.24404296875
0.241650390625
0.193798828125
0.289501953125
0.155517578125
0.203369140625
0.2009765625
0.19140625
0.16748046875
0.095703125
0.00478515625
-0.145947265625
-0.2009765625
-0.227294921875
-0.227294921875
-0.251220703125
-0.24404296875
-0.265576171875
-0.174658203125
-0.33974609375
-0.346923828125
-0.35888671875
-0.375634765625
-0.385205078125
-0.385205078125
-0.418701171875
-0.399560546875
-0.40673828125
-0.404345703125
-0.399560546875
-0.440234375
-0.437841796875
-0.318212890625
-0.50244140625
-0.50244140625
-0.466552734375
-0.478515625
-0.485693359375
-0.528759765625
-0.55986328125
-0.748876953125
-0.701025390625
-0.55029296875
-0.65078125
-0.75126953125
-0.77041015625
-0.6029296875
-0.59814453125
-0.619677734375
-0.55029296875
-0.459375
-0.33974609375
-0.33974609375
-0.34931640625
-0.19140625
-0.03828125
0.748876953125
0.82783203125
0.89482421875
1.0240234375
1.08383789063
1.17954101563
1.2537109375
1.19389648438
1.24174804688
1.35419921875
1.3494140625
1.25131835938
1.15561523438
1.09580078125
1.08383789063
1.03598632813
1.014453125
0.96181640625
0.858935546875
0.82783203125
0.772802734375
0.744091796875
0.724951171875
0.72734375
0.72734375
0.899609375
0.739306640625
0.748876953125
0.6986328125
0.77998046875
0.823046875
0.8421875
0.844580078125
0.8134765625
0.925927734375
0.940283203125
0.973779296875
0.959423828125
0.98095703125
1.02163085938
1.06948242188
1.12451171875
1.16279296875
1.225
1.3015625
1.3302734375
1.27763671875
1.45708007813
1.3876953125
1.59345703125
1.64370117188
1.73701171875
1.80400390625
1.88056640625
1.93798828125
1.99541015625
2.10546875
2.16767578125
2.25380859375
2.28969726563
2.37104492188
2.43564453125
2.50024414062
2.65336914063
2.67729492188
2.65815429688
2.87827148438
3.01704101563
3.09360351563
3.16538085938
3.29936523438
3.35200195313
3.4740234375
3.51948242188
3.54819335938
3.541015625
3.48120117188
3.5888671875
3.8759765625
4.25639648438
4.48129882813
4.4310546875
4.440625
4.45258789063
4.47651367188
4.48129882813
4.54350585938
4.60092773438
4.6224609375
4.67749023438
4.72294921875
4.82104492188
4.82583007813
4.85454101563
4.90239257813
4.9861328125
4.99091796875
4.995703125
5.06748046875
5.07705078125
5.10336914063
5.17993164062
5.24453125
5.24692382813
5.26606445313
5.27563476562
5.27084960938
5.25649414063
5.26606445313
5.30434570313
5.31630859375
5.32827148438
5.33784179688
5.34262695313
5.36416015625
5.4072265625
5.4072265625
5.57470703125
5.58427734375
5.5794921875
5.57470703125
5.5890625
5.62016601563
5.57231445313
5.60581054688
5.64409179688
5.64409179688
5.71108398438
5.72543945313
5.761328125
5.67041015625
5.64409179688
5.6560546875
5.7517578125
5.67280273438
5.86420898438
5.86420898438
5.7708984375
5.761328125
5.67041015625
5.8953125
5.96948242188
6.01254882813
6.0484375
6.17045898438
6.24462890625
6.22788085938
6.258984375
6.30922851563
6.37143554688
6.43842773438
6.488671875
6.49106445313
6.450390625
6.42885742188
6.48149414063
6.52934570313
6.56044921875
6.45756835938
6.63940429688
6.66333007813
6.68247070313
6.70161132813
6.7662109375
6.80209960938
6.86909179688
6.86669921875
6.74467773438
6.93129882813
6.94326171875
7.00786132813
7.0724609375
7.07485351563
7.07724609375
7.1873046875
7.21840820313
7.29018554688
7.37392578125
7.42895507813
7.43134765625
7.44091796875
7.49116210938
7.503125
7.5126953125
7.62993164063
7.68735351563
7.78784179688
7.8380859375
7.89072265625
8.07973632813
8.1251953125
8.22568359375
8.26875
8.4505859375
8.42666015625
8.43383789062
8.68505859375
8.78076171875
8.7759765625
8.74008789063
8.55107421875
8.6611328125
8.85014648438
8.94584960938
9.08940429688
9.18989257813
9.283203125
9.29755859375
9.19946289062
9.13247070313
9.1013671875
9.12529296875
9.13247070313
9.11572265625
9.23774414063
9.1970703125
9.19946289062
9.16118164063
8.99130859375
8.9291015625
8.86689453125
8.68745117188
8.65395507813
8.38359375
8.3166015625
8.10126953125
7.97446289063
7.93139648438
7.6849609375
7.54140625
7.45766601563
7.34760742188
7.09877929688
6.99829101563
6.83559570313
6.54609375
6.526953125
6.20395507813
6.01015625
5.93837890625
5.83071289063
5.70151367188
5.57470703125
5.39287109375
5.31870117188
5.17275390625
5.07465820313
4.78037109375
4.64638671875
4.49565429688
4.41909179688
4.43823242188
4.24682617188
4.17026367188
4.12241210938
4.00756835938
3.84965820313
3.77788085938
3.77548828125
3.58647460938
3.63432617188
3.42856445313
3.37592773438
3.17495117188
3.10795898438
3.158203125
2.83520507812
2.76821289063
2.71318359375
2.66533203125
2.5935546875
2.53134765625
2.58159179688
2.40454101562
2.35908203125
2.33037109375
2.30405273438
2.23227539063
2.2203125
2.15571289063
2.10068359375
2.02651367188
1.98583984375
1.95952148438
1.86381835938
1.82314453125
1.73940429688
1.68676757813
1.588671875
1.50014648438
1.52407226563
1.4833984375
1.4259765625
1.20107421875
1.1580078125
1.1197265625
1.13168945313
1.07426757813
1.05991210938
0.997705078125
1.01923828125
0.997705078125
1.01206054688
1.02641601563
1.0623046875
1.10776367188
1.19150390625
1.26328125
1.26806640625
1.35180664062
1.33745117188
1.35659179688
1.43315429688
1.4546875
1.52885742188
1.60302734375
