-0.2966796875
-0.30146484375
-0.337353515625
-0.363671875
-0.37802734375
-0.37802734375
-0.36845703125
-0.363671875
-0.3828125
-0.3828125
-0.389990234375
-0.342138671875
-0.34453125
-0.34453125
-0.433056640625
-0.459375
-0.43544921875
-0.43544921875
-0.452197265625
-0.480908203125
-0.48330078125
-0.48330078125
-0.459375
-0.447412109375
-0.313427734375
-0.466552734375
-0.49765625
-0.500048828125
-0.49287109375
-0.49287109375
-0.509619140625
-0.504833984375
-0.471337890625
-0.471337890625
-0.46416015625
-0.485693359375
-0.519189453125
-0.519189453125
-0.490478515625
-0.490478515625
-0.519189453125
-0.519189453125
-0.51201171875
-0.504833984375
-0.485693359375
-0.485693359375
-0.5263671875
-0.61728515625
-0.61728515625
-0.653173828125
-0.60771484375
-0.61728515625
-0.667529296875
-0.667529296875
-0.6412109375
-0.63642578125
-0.63642578125
-0.662744140625
-0.657958984375
-0.638818359375
-0.638818359375
-0.657958984375
-0.720166015625
-0.7560546875
-0.7560546875
-0.777587890625
-0.78955078125
-0.80390625
-0.80390625
-0.79912109375
-0.75126953125
-0.705810546875
-0.705810546875
-0.705810546875
-0.72255859375
-0.744091796875
-0.744091796875
-0.748876953125
-0.765625
-0.82783203125
-0.84697265625
-0.84697265625
-0.854150390625
-0.882861328125
-0.863720703125
-0.863720703125
-0.823046875
-0.820654296875
-0.820654296875
-0.823046875
-0.7943359375
-0.7943359375
-0.7943359375
-0.83740234375
-0.863720703125
-0.88525390625
-0.88525390625
-0.916357421875
-0.91875
-0.925927734375
-0.925927734375
-0.94267578125
-0.93310546875
-0.9474609375
-0.9474609375
-0.9666015625
-0.959423828125
-0.968994140625
-0.968994140625
-0.98095703125
-0.98095703125
-0.99052734375
-0.99052734375
-0.9953125
-1.00966796875
-1.0048828125
-1.0048828125
-0.9953125
-0.9857421875
-0.983349609375
-0.983349609375
-0.978564453125
-0.935498046875
-1.01923828125
-0.86611328125
-0.854150390625
-0.906787109375
-0.873291015625
-0.873291015625
-0.820654296875
-0.820654296875
-0.80390625
-0.80390625
-0.77998046875
-0.76083984375
-0.72734375
-0.72734375
-0.681884765625
-0.66513671875
-0.681884765625
-0.681884765625
-0.67470703125
-0.648388671875
-0.64599609375
-0.64599609375
-0.61728515625
-0.595751953125
-0.600537109375
-0.600537109375
-0.576611328125
-0.552685546875
-0.51201171875
-0.51201171875
-0.476123046875
-0.48330078125
-0.466552734375
-0.466552734375
-0.409130859375
-0.3828125
-0.38759765625
-0.38759765625
-0.38759765625
-0.401953125
-0.401953125
-0.401953125
-0.375634765625
-0.346923828125
-0.346923828125
-0.36845703125
-0.401953125
-0.37802734375
-0.37802734375
-0.38759765625
-0.409130859375
-0.375634765625
-0.375634765625
-0.342138671875
-0.351708984375
-0.366064453125
-0.366064453125
-0.356494140625
-0.37802734375
-0.389990234375
-0.389990234375
-0.3732421875
-0.394775390625
-0.4306640625
-0.4306640625
-0.4115234375
-0.404345703125
-0.4306640625
-0.4306640625
-0.480908203125
-0.5263671875
-0.509619140625
-0.509619140625
-0.514404296875
-0.533544921875
-0.571826171875
-0.571826171875
-0.6412109375
-0.681884765625
-0.677099609375
-0.677099609375
-0.686669921875
-0.70341796875
-0.724951171875
-0.724951171875
-0.729736328125
-0.724951171875
-0.715380859375
-0.715380859375
-0.72734375
-0.7943359375
-0.839794921875
-0.839794921875
-0.8421875
-0.84697265625
-0.854150390625
-0.854150390625
-0.8421875
-0.823046875
-0.79912109375
-0.79912109375
-0.815869140625
-0.863720703125
-0.7751953125
-0.9283203125
-0.9857421875
-0.959423828125
-0.959423828125
-0.92353515625
-0.921142578125
-0.8900390625
-0.8900390625
-0.887646484375
-0.85654296875
-0.763232421875
-0.763232421875
-0.763232421875
-0.7943359375
-0.748876953125
-0.6603515625
-0.6603515625
-0.57421875
-0.523974609375
-0.514404296875
-0.514404296875
-0.4880859375
-0.42587890625
-0.35888671875
-0.35888671875
-0.337353515625
-0.31103515625
-0.43544921875
-0.28232421875
-0.232080078125
-0.193798828125
-0.193798828125
-0.1626953125
-0.131591796875
-0.126806640625
-0.083740234375
-0.0287109375
-0.045458984375
-0.050244140625
-0.03828125
-0.040673828125
0.007177734375
-0.011962890625
0.021533203125
0.00478515625
-0.055029296875
-0.0287109375
-0.14833984375
0.0
0.031103515625
0.03828125
0.0287109375
0.00478515625
-0.011962890625
0.069384765625
0.11005859375
0.112451171875
0.088525390625
0.131591796875
0.01435546875
0.22490234375
0.26796875
0.265576171875
0.29189453125
0.337353515625
0.351708984375
0.413916015625
0.423486328125
0.42587890625
0.40673828125
0.399560546875
0.404345703125
0.313427734375
0.33017578125
0.380419921875
0.41630859375
0.41630859375
0.370849609375
0.3541015625
0.318212890625
0.270361328125
0.279931640625
0.308642578125
0.32060546875
0.313427734375
0.332568359375
0.327783203125
0.35888671875
0.35888671875
0.37802734375
0.38759765625
0.356494140625
0.3732421875
0.3828125
0.363671875
0.370849609375
0.394775390625
0.370849609375
0.43544921875
0.287109375
0.28232421875
0.155517578125
0.08134765625
0.08134765625
0.1244140625
0.24404296875
0.2583984375
0.14833984375
0.203369140625
0.21533203125
0.217724609375
0.210546875
0.246435546875
0.23447265625
0.232080078125
0.28232421875
0.337353515625
0.3732421875
0.500048828125
0.555078125
0.686669921875
0.708203125
0.6412109375
0.844580078125
0.811083984375
1.0431640625
1.12690429688
1.23217773438
1.27763671875
1.2537109375
1.39248046875
1.45708007813
1.5599609375
1.61259765625
1.60541992188
1.64130859375
1.66762695313
1.72744140625
1.74897460938
1.75854492188
1.81596679688
1.780078125
1.77529296875
1.69155273438
1.8279296875
1.79204101563
1.79443359375
1.7609375
1.67241210938
1.66762695313
1.62456054688
1.55756835938
1.50014648438
1.4833984375
1.49057617188
1.46665039063
1.46904296875
1.320703125
1.2728515625
1.28720703125
1.28002929688
1.37333984375
1.19389648438
1.1771484375
1.05512695313
1.05034179688
0.9953125
0.940283203125
0.976171875
0.945068359375
0.940283203125
0.88525390625
0.849365234375
0.80869140625
0.823046875
0.91396484375
0.892431640625
0.80869140625
0.80869140625
0.78955078125
0.748876953125
0.724951171875
0.720166015625
0.68427734375
0.7177734375
0.581396484375
0.590966796875
0.5837890625
0.552685546875
0.54072265625
0.495263671875
0.46416015625
0.48330078125
0.461767578125
0.42109375
0.3732421875
0.3158203125
0.29189453125
0.256005859375
0.20576171875
0.15791015625
0.122021484375
0.03828125
0.016748046875
-0.050244140625
-0.057421875
-0.0765625
-0.064599609375
-0.093310546875
-0.12919921875
-0.1435546875
-0.14833984375
-0.136376953125
-0.19619140625
-0.174658203125
-0.165087890625
-0.189013671875
-0.18662109375
-0.203369140625
-0.18662109375
-0.1818359375
-0.2296875
-0.222509765625
-0.227294921875
-0.2775390625
-0.294287109375
-0.308642578125
-0.325390625
-0.33974609375
-0.375634765625
-0.409130859375
-0.47373046875
-0.47373046875
-0.47373046875
-0.480908203125
-0.55986328125
-0.5646484375
-0.5455078125
-0.5455078125
-0.557470703125
-0.581396484375
-0.57421875
-0.46416015625
-0.64599609375
-0.653173828125
-0.60771484375
-0.624462890625
-0.65556640625
-0.6412109375
-0.667529296875
-0.631640625
-0.60771484375
-0.629248046875
-0.631640625
-0.657958984375
-0.68427734375
-0.6794921875
-0.72255859375
-0.7177734375
-0.672314453125
-0.701025390625
-0.6220703125
-0.74169921875
-0.724951171875
-0.696240234375
-0.691455078125
-0.691455078125
-0.710595703125
-0.691455078125
-0.705810546875
-0.724951171875
-0.76083984375
-0.74169921875
