-0.95703125
-1.014453125
-1.04794921875
-1.09340820313
-1.0431640625
-1.05991210938
-1.12211914063
-1.12211914063
-1.07666015625
-1.07426757813
-1.06708984375
-1.07666015625
-1.09340820313
-1.16279296875
-1.1388671875
-1.15083007813
-1.22021484375
-1.17954101563
-1.09819335938
-1.16040039062
-1.2154296875
-1.23696289063
-1.24892578125
-1.2919921875
-1.31352539063
-1.36376953125
-1.378125
-1.473828125
-1.45947265625
-1.45229492188
-1.4451171875
-1.37333984375
-1.3111328125
-1.36137695313
-1.27763671875
-1.48100585938
-1.55278320313
-1.50732421875
-1.71069335938
-1.61259765625
-1.59345703125
-1.55756835938
-1.54560546875
-1.44272460938
-1.40205078125
-1.49057617188
-1.473828125
-1.46186523438
-1.38530273438
-1.36137695313
-1.34462890625
-1.320703125
-1.21303710938
-1.20107421875
-1.21064453125
-1.1771484375
-1.17236328125
-1.14604492188
-1.1197265625
-1.11015625
-1.052734375
-1.00727539063
-0.95224609375
-0.85654296875
-0.811083984375
-0.7177734375
-0.6794921875
-0.6603515625
-0.634033203125
-0.63642578125
-0.629248046875
-0.681884765625
-0.65078125
-0.66513671875
-0.67470703125
-0.705810546875
-0.691455078125
-0.65078125
-0.849365234375
-0.861328125
-0.964208984375
-0.99052734375
-0.945068359375
-0.91875
-0.854150390625
-0.86611328125
-0.906787109375
-0.906787109375
-0.9283203125
-0.839794921875
-0.844580078125
-0.815869140625
-0.777587890625
-0.744091796875
-0.72734375
-0.677099609375
-0.686669921875
-0.74169921875
-0.72734375
-0.739306640625
-0.720166015625
-0.629248046875
-0.648388671875
-0.638818359375
-0.691455078125
-0.68427734375
-0.708203125
-0.724951171875
-0.7943359375
-0.79912109375
-0.79912109375
-0.796728515625
-0.8517578125
-0.88525390625
-0.882861328125
-0.8517578125
-0.854150390625
-0.811083984375
-0.8326171875
-0.823046875
-0.81826171875
-0.77998046875
-0.734521484375
-0.72255859375
-0.67470703125
-0.619677734375
-0.631640625
-0.614892578125
-0.6029296875
-0.571826171875
-0.590966796875
-0.555078125
-0.557470703125
-0.5359375
-0.471337890625
-0.433056640625
-0.35888671875
-0.389990234375
-0.380419921875
-0.366064453125
-0.3541015625
-0.322998046875
-0.32060546875
-0.45458984375
-0.33017578125
-0.43544921875
-0.27275390625
-0.236865234375
-0.1818359375
-0.20576171875
-0.294287109375
-0.30625
-0.284716796875
-0.251220703125
-0.236865234375
-0.25361328125
-0.04306640625
-0.107666015625
-0.13876953125
-0.14833984375
-0.0669921875
-0.102880859375
-0.107666015625
-0.08134765625
-0.019140625
-0.011962890625
-0.016748046875
0.031103515625
0.031103515625
0.035888671875
0.016748046875
0.031103515625
0.031103515625
0.03828125
0.057421875
0.11005859375
0.11005859375
0.107666015625
0.078955078125
0.083740234375
0.083740234375
0.107666015625
0.078955078125
0.07177734375
0.07177734375
0.093310546875
0.126806640625
0.122021484375
0.122021484375
0.093310546875
0.0861328125
0.05263671875
0.05263671875
0.011962890625
0.01435546875
0.02392578125
0.02392578125
-0.007177734375
-0.016748046875
-0.016748046875
-0.016748046875
-0.01435546875
-0.02392578125
-0.059814453125
-0.059814453125
-0.117236328125
-0.12919921875
-0.1435546875
-0.1435546875
-0.210546875
-0.236865234375
-0.2583984375
-0.2583984375
-0.2966796875
-0.3541015625
-0.36845703125
-0.36845703125
-0.3349609375
-0.313427734375
-0.3349609375
-0.3349609375
-0.442626953125
-0.543115234375
-0.576611328125
-0.576611328125
-0.55986328125
-0.55029296875
-0.576611328125
-0.576611328125
-0.6220703125
-0.653173828125
-0.653173828125
-0.653173828125
-0.6794921875
-0.701025390625
-0.701025390625
-0.715380859375
-0.73212890625
-0.720166015625
-0.720166015625
-0.739306640625
-0.7751953125
-0.815869140625
-0.815869140625
-0.844580078125
-0.825439453125
-0.7943359375
-0.7943359375
-0.796728515625
-0.787158203125
-0.77041015625
-0.77041015625
-0.772802734375
-0.753662109375
-0.7943359375
-0.7943359375
-0.815869140625
-0.763232421875
-0.758447265625
-0.758447265625
-0.772802734375
-0.753662109375
-0.75126953125
-0.75126953125
-0.76083984375
-0.763232421875
-0.6220703125
-0.7751953125
-0.75126953125
-0.74169921875
-0.74169921875
-0.74169921875
-0.708203125
-0.63642578125
-0.753662109375
-0.600537109375
-0.6125
-0.6125
-0.461767578125
-0.614892578125
-0.57421875
-0.5359375
-0.53115234375
-0.53115234375
-0.533544921875
-0.49765625
-0.590966796875
-0.437841796875
-0.413916015625
-0.418701171875
-0.418701171875
-0.3923828125
-0.3349609375
-0.294287109375
-0.265576171875
-0.265576171875
-0.270361328125
-0.2296875
-0.169873046875
-0.169873046875
-0.122021484375
-0.112451171875
-0.117236328125
-0.117236328125
-0.0861328125
-0.069384765625
-0.07177734375
-0.07177734375
-0.0765625
-0.10048828125
-0.0669921875
-0.0669921875
-0.01435546875
0.0095703125
0.045458984375
0.045458984375
0.08134765625
0.10048828125
0.1052734375
0.1052734375
0.141162109375
0.16748046875
0.169873046875
0.169873046875
0.16748046875
0.160302734375
0.14833984375
0.150732421875
0.165087890625
0.165087890625
0.18662109375
0.222509765625
0.2296875
0.227294921875
0.227294921875
0.23447265625
0.256005859375
0.256005859375
0.25361328125
0.25361328125
0.26796875
0.299072265625
0.322998046875
0.322998046875
0.337353515625
0.363671875
0.366064453125
0.366064453125
0.35888671875
0.34931640625
0.38759765625
0.38759765625
0.394775390625
0.356494140625
0.342138671875
0.342138671875
0.35888671875
0.3828125
0.351708984375
0.351708984375
0.356494140625
0.404345703125
0.380419921875
0.380419921875
0.361279296875
0.3732421875
0.3541015625
0.3541015625
0.356494140625
0.366064453125
0.366064453125
0.366064453125
0.366064453125
0.3828125
0.38759765625
0.38759765625
0.3828125
0.413916015625
0.423486328125
0.423486328125
0.39716796875
0.418701171875
0.423486328125
0.423486328125
0.42109375
0.459375
0.44501953125
0.44501953125
0.433056640625
0.459375
0.49765625
0.49765625
0.53115234375
0.543115234375
0.555078125
0.555078125
0.55986328125
0.590966796875
0.634033203125
0.634033203125
0.6412109375
0.6986328125
0.70341796875
0.70341796875
0.705810546875
0.701025390625
0.6890625
0.6890625
0.708203125
0.734521484375
0.74169921875
0.74169921875
0.63642578125
0.78955078125
0.768017578125
0.765625
0.77041015625
0.88525390625
0.73212890625
0.744091796875
0.763232421875
0.643603515625
0.796728515625
0.815869140625
0.791943359375
0.782373046875
0.782373046875
0.77998046875
0.748876953125
0.724951171875
0.724951171875
0.729736328125
0.729736328125
0.744091796875
0.768017578125
0.70341796875
0.70341796875
0.67470703125
0.715380859375
0.6890625
0.648388671875
0.648388671875
0.643603515625
0.6794921875
0.657958984375
0.657958984375
0.61728515625
0.624462890625
0.600537109375
0.600537109375
0.552685546875
0.54072265625
0.5072265625
0.5072265625
0.428271484375
0.399560546875
0.428271484375
0.428271484375
0.4689453125
0.337353515625
0.28232421875
0.210546875
0.189013671875
0.169873046875
0.16748046875
0.2583984375
0.06220703125
0.00478515625
-0.04306640625
-0.069384765625
-0.131591796875
-0.165087890625
-0.198583984375
-0.26318359375
-0.27275390625
-0.313427734375
-0.3349609375
-0.409130859375
-0.37802734375
-0.37802734375
-0.33974609375
-0.26796875
-0.322998046875
-0.30146484375
-0.327783203125
-0.308642578125
-0.313427734375
-0.342138671875
-0.366064453125
-0.289501953125
-0.172265625
-0.30625
-0.289501953125
-0.25361328125
-0.236865234375
-0.133984375
-0.136376953125
-0.11005859375
-0.11962890625
-0.07177734375
