-21915
-21787
-21535
-21331
-21191
-21485
-20838
-20693
-20567
-20342
-20151
-20107
-20041
-19873
-19768
-19644
-19584
-19535
-19495
-19506
-19457
-19386
-19413
-19480
-19495
-19060
-19657
-19722
-19855
-19993
-20079
-20115
-20258
-20359
-20506
-20693
-20789
-20920
-21132
-21352
-21546
-21680
-21959
-22302
-22575
-22962
-23313
-23628
-23497
-24296
-24579
-24897
-25254
-25546
-25812
-26025
-26294
-26485
-26617
-26733
-26924
-27031
-27111
-27210
-27271
-27279
-27258
-27207
-27149
-26970
-27359
-26680
-26552
-26342
-26067
-26376
-25693
-25546
-25875
-25138
-25405
-24756
-24546
-24310
-24132
-23876
-23628
-23376
-23163
-22875
-22707
-22709
-22668
-22495
-22342
-22220
-22109
-22054
-21924
-21804
-21766
-21741
-21668
-21571
-21500
-21487
-21478
-21476
-21470
-21470
-21468
-21409
-21363
-21243
-21111
-21025
-21021
-21027
-20981
-20932
-20913
-20907
-20880
-20771
-20628
-20594
-20605
-20560
-20495
-20388
-20300
-20271
-20306
-20329
-20312
-20256
-20226
-20172
-20151
-20147
-20161
-20163
-20174
-20186
-20189
-20189
-20247
-20321
-20390
-20430
-20417
-20449
-20468
-20039
-20596
-20653
-20672
-20701
-20722
-20752
-20754
-20752
-20750
-20762
-20808
-20783
-20733
-20709
-20705
-20693
-20691
-20684
-20670
-20638
-20609
-20600
-20594
-20611
-20646
-20665
-20653
-20678
-20750
-20813
-20878
-20951
-20983
-20997
-21063
-21144
-21247
-21367
-21443
-21537
-21634
-21697
-21724
-21750
-21783
-21821
-21834
-21863
-21899
-21899
-21884
-21892
-21907
-21918
-21928
-21949
-21980
-21999
-22020
-22105
-22170
-22237
-22342
-22409
-22000
-22546
-22583
-22607
-22596
-22583
-22535
-22451
-22342
-22235
-22142
-22031
-21842
-21621
-21439
-21243
-21050
-20810
-21006
-20233
-19930
-19680
-19493
-19262
-18997
-18806
-19050
-18354
-18155
-17936
-17743
-17504
-17294
-17121
-16951
-16743
-16573
-16405
-16285
-16188
-16067
-15955
-15875
-15808
-15678
-15607
-15573
-15596
-15149
-15678
-15651
-15644
-15657
-15655
-15651
-15649
-15689
-15792
-15844
-15836
-15854
-15970
-16058
-16201
-16329
-16495
-16705
-16854
-17025
-17231
-17420
-17634
-17808
-17957
-18126
-18306
-18459
-18644
-18863
-18571
-19252
-19405
-19518
-19676
-19815
-19959
-20125
-20245
-20338
-20460
-20584
-20760
-20855
-20899
-20985
-21088
-21197
-21296
-21386
-21487
-21607
-21703
-21771
-21854
-21962
-22113
-22224
-22329
-21991
-22646
-22785
-22489
-23121
-23193
-23302
-23405
-23556
-23730
-23876
-23985
-24081
-24136
-24226
-24357
-24441
-24497
-24535
-24598
-24667
-24688
-24688
-24701
-24716
-24722
-24707
-24653
-24621
-24598
-24579
-24535
-24493
-24430
-24334
-24245
-24205
-24178
-24121
-24058
-23941
-23825
-23705
-23630
-23556
-23464
-23354
-23287
-23151
-23020
-22915
-22728
-22579
-22485
-22313
-22147
-21947
-21791
-21655
-21974
-21334
-21224
-21102
-21480
-20880
-20745
-20613
-20466
-20365
-20298
-20285
-20292
-20304
-20249
-20140
-20083
-20140
-20168
-20220
-20254
-20249
-20231
-20231
-20226
-20209
-20191
-20165
-20140
-20115
-20144
-20174
-20195
-20212
-20220
-20216
-20233
-20226
-20220
-20239
-20275
-20369
-20430
-20474
-20508
-20537
-20562
-20596
-20626
-20646
-20668
-20684
-20672
-20653
-20630
-20598
-20605
-20642
-20649
-20617
-20567
-20544
-20527
-20504
-20518
-20495
-20474
-20439
-20373
-20329
-20271
-20184
-20081
-20023
-19960
-19871
-19787
-19670
-19508
-19396
-19271
-19199
-19115
-19541
-18953
-18834
-18783
-18741
-18693
-18626
-18520
-18407
-18315
-18247
-18125
-17999
-17918
-17834
-17695
-17535
-17424
-17296
-17237
-17109
-17006
-16913
-16804
-16707
-16563
-16449
-16342
-16201
-16100
-16018
-15926
-15844
-15707
-15583
-15470
-15378
-15231
-15048
-14972
-14934
-14871
-14802
-14712
-14548
-14384
-14291
-14186
-14094
-14006
-13896
-13798
-13686
-13600
-13533
-13451
-13438
-13417
-13397
-13378
-13375
-13342
-13336
-13344
-13361
-13382
-13459
-13525
-13605
-13703
-13771
-13833
-13928
-14025
-14123
-14264
-14382
-14518
-14583
-14684
-14806
-14909
-15020
-15109
-15184
-15260
-15354
-15390
-15382
-15418
-15464
-15481
-15502
-15502
-15441
-15409
-15376
-15323
-15271
-15233
-15153
-15094
-15029
-14995
-14924
-14815
-14707
-14600
-14457
-14287
-14182
-14098
-14010
-13905
-13771
-13621
-13464
-13292
-13186
-13073
-12896
-12730
-12548
-12394
-12252
-12042
-11825
-11621
-11350
-11107
-10913
-10638
-10367
-10186
-9997
-9791
-9598
-9361
-9167
-8934
-8747
-8607
-8399
-8254
-8178
-8084
-7976
-7867
-7739
-7613
-7500
-7375
-7294
-7178
-7153
-7119
-7100
-7058
-7039
-7046
-7042
-7029
-7048
-7046
-7075
-7119
-7146
-7170
-7178
-7233
-7292
-7333
-7346
-7401
-7518
-7586
-7659
-7707
-7791
-7880
-7968
-8117
-8273
-8420
-8554
-8682
-8333
-8976
-9144
-8796
-9493
-9661
-9771
-9968
-10146
-10342
-10533
-10653
-10279
-10941
-11100
-11283
-11449
-11573
-11722
-11804
-11913
-12020
-12100
-12207
-12323
-12396
-12497
-12588
-12630
-12684
-12714
-12722
-12745
-12798
-12817
-12840
-12876
-12865
-12813
-12781
-12745
-12672
-12617
-12556
-12508
-12464
-12405
-12354
-12268
-12168
-12092
-12025
-11968
-11899
-11825
-11762
-12214
-11668
-11552
-11445
-11373
-11329
-11300
-11718
-11083
-11006
-10957
-10878
-10773
-10672
-10567
-10480
-10350
-10233
-10201
-10146
-10073
-10018
-9934
-9857
-9756
-9668
-9621
-9552
-9495
-9455
-9424
-9411
-9338
-9770
-9231
-9203
-9203
-9178
-9172
-9188
-9180
-9161
-9115
-9069
-9058
-9054
-9058
-9069
-9054
-9014
-8991
-8970
-8928
-8876
-8896
-8905
-8873
-8854
-8812
-8733
-8621
-8523
-8457
-8378
-8317
-8275
-8226
-8174
-8128
-8031
-7978
-7960
-7930
-7899
-7894
-7869
-7876
-7936
-7959
-7964
-7968
-7913
-7928
-7985
-7993
-7981
-7997
-8023
-8020
-8021
-8063
-8090
-8128
-8161
-8172
-8222
-8239
-8268
-8268
-8258
-8291
-8386
-8462
-8499
-8529
-8558
-8548
-8537
-8531
-8539
-8560
-8590
-8613
-8611
-8638
-8600
-8544
-8491
-8449
-8464
-8476
-8407
-8367
-8363
-8363
-8369
-8310
-8243
-8209
-8172
-8117
-8054
-8012
-7999
-7949
-7890
-7852
-7785
-7728
-7670
-7592
-7548
-7531
-7489
-7459
-7432
-7376
-7342
-7344
-7319
-7264
-7249
-7241
-7239
-7252
-7212
-7199
-7197
-7210
-7241
-7241
-7279
-7294
-7264
-7289
-7363
-7411
-7436
-7466
-7516
-7516
-7491
-7518
-7560
-7607
-7661
-7709
-7771
-7838
-7890
-7896
-7945
-7947
-7957
-7980
-7964
-7993
-8044
-8136
-8203
-8191
-8182
-8191
-8174
-8205
-8226
-8239
-8205
-8212
-8243
-8262
-8228
-8191
-8153
-8111
-8050
-8027
-8010
-7993
-7968
-7966
-7943
-7897
-7861
-7857
-7859
-7855
-7802
-7792
-7731
-7651
-7628
-7607
-7539
-7497
-7497
-7460
-7428
-7396
-7359
-7289
-7226
-7210
-7159
-7113
-7098
-7077
-7023
-6987
-6957
-6934
-6899
-7329
-6806
-6785
-6730
-6699
-6640
-6588
-6541
-6455
-6407
-6373
-6308
-6243
-6178
-6096
-6037
-5968
-5897
-5867
-5827
-5754
-5678
-5590
-5535
-5491
-5438
-5403
-5861
-5331
-5342
-5363
-5386
-5376
-5331
-5310
-5300
-5285
-5289
-5331
-5359
-5361
-5342
-5315
-5323
-5401
-5462
-5468
-5489
-5535
-5565
-5672
-5802
-5888
-5978
-6044
-6109
-6230
-6329
-6405
-6520
-6619
-6705
-6752
-6752
-6827
-6897
-6936
-7021
-7115
-7216
-6854
-7418
-7459
-7518
-7584
-7661
-7703
-7718
-7750
-7764
-7773
-7798
-7838
-7875
-7897
-7968
-8004
-8041
-8081
-8088
-8088
-8063
-8081
-8079
-8081
-8107
-8125
-8105
-8081
-8075
-8073
-8060
-8035
-8052
-8048
-8056
-8079
-8086
-8098
-8100
-8081
-8065
-8084
-8092
-8065
-8065
-8107
-8176
-8195
-8212
-8212
-8233
-8230
-8262
-8285
-8302
-8363
-8388
-8396
-8445
-8535
-8607
-8693
-8716
-8756
-8859
-8947
-9012
-9107
-9176
-9256
-9336
-9405
-9468
-9611
-9678
-9684
-9747
-9813
-9871
-9913
-9947
-9991
-10048
-10046
-10052
-9997
-10044
-10083
-10046
-10050
-10056
-10062
-10105
-10102
-10033
-9980
-9949
-9878
-9833
-9813
-9651
-9485
-9462
-9487
-9428
-9310
-9392
-9516
-9565
-9617
-9581
-9415
-9254
-9178
-9088
-9058
-9073
-9138
-9237
-9401
-9541
-9611
-9672
-9294
-9875
-9867
-9972
-10035
-10010
-10039
-10098
-10168
-10250
-10308
-10273
-10294
-10371
-10357
-10422
-10495
-10483
-10462
-10455
-10460
-10457
-10521
-10481
-10529
-10628
-10718
-10773
-10880
-10987
-11023
-11086
-11287
-11438
-11569
-11684
-11758
-11917
-12096
-12281
-12422
-12512
-12230
-12819
-12949
-13098
-13172
-13264
-13413
-13565
-13642
-13705
-13771
-13796
-13854
-13932
-13903
-13880
-13836
-13871
-13875
-13833
-13728
-13638
-13611
-13493
-13424
-13361
-13235
-13168
-13123
-13069
-13016
-12951
-12915
-12867
-12783
-13176
-12710
-12760
-12766
-12815
-12896
-12947
-12953
-12936
-13004
-13002
-12991
-12938
-12882
-12875
-12926
-12978
-12943
-12911
-12962
-12972
-12936
-12957
-13052
-13025
-12987
-13077
-13029
-13042
-13102
-13096
-13130
-13241
-13367
-13546
-13733
-13903
-14123
-14357
-14623
-14855
-15128
-15346
-15168
-16050
-16338
-16165
-16966
-17401
-17691
-17926
-18146
-18449
-18720
-18922
-19252
-19474
-19646
-19846
-19544
-20197
-20300
-20397
-20445
-20046
-20586
-20575
-20554
-20539
-20508
-20376
-20323
-20277
-20172
-20125
-20042
-19957
-19857
-19771
-19653
-19518
-19441
-19346
-19199
-19094
-18995
-18949
-18953
-18970
-18955
-18968
-19060
-19075
-19167
-19230
-19294
-19371
-19439
-19487
-19562
-19651
-19735
-19840
-19983
-20098
-20327
-20417
-20485
-20592
-20865
-21052
-21186
-21352
-21533
-21665
-21762
-21928
-22153
-22270
-22441
-22613
-22718
-22834
-22932
-22999
-23109
-23195
-23317
-23407
-23537
-23634
-23749
-23794
-23815
-23873
-23974
-24063
-24134
-24212
-24220
-24233
-24298
-24397
-24407
-24380
-24340
-24380
-24352
-24403
-24447
-24542
-24546
-24481
-24462
-24491
-24527
-24890
-24235
-24176
-24250
-24325
-24338
-24363
-24401
-24342
-24226
-24203
-24245
-24300
-24315
-24294
-24333
-23955
-24605
-24720
-24798
-24871
-24997
-25174
-25254
-25338
-25453
-25556
-25638
-25777
-25886
-25951
-26128
-26245
-26336
-26500
-26653
-26724
-26852
-27050
-27199
-27399
-27523
-27674
-27819
-27993
-28136
-28270
-28466
-28556
-28642
-28771
-28886
-28941
-29086
-29258
-29378
-29499
-29583
-29676
-29323
-29852
-29985
-30071
-30084
-30115
-30079
-30126
-30168
-30176
-30161
-30121
-30090
-30126
-30088
-30044
-30000
-29999
-29995
-29909
-29829
-29802
-29726
-29672
-29632
-29644
-29607
-29584
-29605
-29560
-29499
-29525
-29535
-29548
-29535
-29609
-29628
-29722
-29792
-29819
-29869
-29970
-30098
-30163
-30231
-30283
-30371
-30462
-30573
-30680
-30808
-30951
-31052
-31214
-31348
-31474
-31655
-31829
-31901
-32071
-31760
-32396
-32504
-32609
-32777
-32915
-32964
-32999
-33054
-33075
-33090
-33042
-32991
-32993
-32962
-32863
-32876
-32894
-32771
-32644
-32541
-32413
-32321
-32268
-32195
-32063
-31941
-31863
-31766
-31611
-31529
-31382
-31214
-31073
-30876
-30735
-30537
-30426
-30342
-30159
-29972
-30277
-29680
-29548
-29397
-29247
-29167
-29052
-28953
-28775
-28602
-28487
-28789
-28207
-28086
-27983
-27899
-27783
-27653
-27558
-27489
-27432
-27376
-27325
-27281
-27256
-27210
-27216
-27239
-27230
-27218
-27209
-27170
-27226
-27266
-27268
-27268
-27329
-27325
-27235
-27180
-27161
-27172
-27132
-27115
-27088
-27083
-27008
-27350
-26804
-26802
-26741
-26676
-26550
-26441
-26331
-26237
-26188
-26107
-25980
-25819
-25689
-25518
-25283
-25228
-25313
-25205
-25201
-25210
-25182
-25050
-24886
-24771
-24632
-24455
-24359
-24348
-24403
-24438
-24451
-24497
-24544
-24577
-24544
-24542
-24586
-24493
-24474
-24388
-24346
-24315
-24222
-24186
-24212
-24178
-24184
-24168
-24067
-23995
-23993
-23846
-23714
-23571
-23413
-23214
-23006
-22798
