-33625
-33491
-33451
-33336
-33275
-33304
-33289
-33707
-33126
-33079
-33092
-33086
-33067
-33092
-33151
-33155
-33167
-32737
-33317
-33331
-33350
-33399
-33506
-33571
-33598
-33533
-33596
-33638
-33628
-33632
-33636
-33228
-33737
-33760
-33886
-34002
-34113
-34264
-34405
-34514
-34680
-34854
-35109
-35294
-35485
-35716
-35964
-36205
-36424
-36186
-36840
-37016
-37119
-37252
-37376
-37464
-37504
-37542
-37575
-37590
-37644
-37642
-37584
-37548
-37516
-37594
-37581
-37548
-37655
-37688
-37693
-37758
-37846
-37957
-38060
-38193
-38380
-38487
-38583
-38682
-38817
-39004
-39153
-39228
-39294
-39424
-39495
-39541
-39607
-39670
-39850
-40062
-40188
-40363
-40063
-40813
-41157
-41483
-41806
-42113
-42352
-42399
-42428
-42468
-42462
-42315
-42063
-41846
-41565
-41369
-41090
-40783
-40506
-40224
-40014
-39819
-40062
-39401
-39239
-39560
-38764
-39073
-38434
-38201
-38004
-37829
-37771
-37703
-37733
-37854
-37953
-38100
-38270
-38481
-38731
-38907
-39037
-39163
-39313
-39420
-39462
-39487
-39554
-39640
-39749
-39882
-39972
-40088
-40239
-40315
-40426
-40493
-40480
-40426
-40445
-40426
-40386
-40378
-40417
-40447
-40514
-40619
-40642
-40527
-40489
-40392
-40292
-40144
-40000
-39792
-39596
-39340
-39176
-38922
-38630
-38378
-38159
-37915
-37670
-37417
-37201
-37041
-36806
-36598
-36457
-36357
-36279
-36292
-36283
-36336
-36491
-36602
-36709
-36775
-36917
-36955
-36934
-36943
-37008
-37069
-37083
-36647
-37147
-37153
-37231
-37300
-37418
-37487
-37542
-37661
-37703
-37686
-37663
-38107
-37504
-37375
-37617
-36985
-36731
-36470
-36254
-36023
-35796
-35502
-35275
-35021
-34730
-34495
-34302
-34098
-33842
-33573
-33403
-33292
-33182
-33023
-32850
-32771
-32777
-32749
-32808
-32821
-32878
-32915
-32926
-32964
-33018
-33113
-33084
-33069
-33018
-32913
-32844
-32768
-32655
-32470
-32250
-32071
-31825
-31581
-31388
-31161
-31010
-31241
-30548
-30300
-30104
-29913
-29686
-29441
-29115
-28899
-28663
-28445
-28161
-27852
-27714
-27550
-27386
-27184
-27073
-26974
-26911
-26791
-26730
-26689
-26638
-26550
-26865
-26231
-26065
-25922
-25791
-25558
-25880
-25275
-25084
-24894
-24810
-24781
-24697
-24596
-24592
-24592
-24586
-24588
-24640
-24684
-24674
-24730
-24770
-24745
-24798
-24743
-24548
-24667
-24439
-25109
-25167
-25321
-25480
-25541
-25439
-25291
-25029
-24854
-24678
-24525
-24407
-24302
-24275
-24367
-24544
-24684
-24850
-24976
-25071
-25203
-25277
-25334
-25397
-25371
-25348
-25384
-25417
-25541
-25714
-25951
-26312
-26604
-26426
-27319
-27665
-28029
-28399
-28741
-29031
-29218
-29367
-29439
-29470
-29523
-29571
-29613
-29676
-29688
-29800
-29317
-29804
-29315
-30287
-29730
-29663
-29598
-29649
-29516
-29403
-29796
-29186
-29071
-29042
-28960
-28913
-28892
-29310
-28766
-28771
-28800
-28796
-28785
-28785
-28857
-28833
-28749
-28569
-28418
-28308
-28142
-27928
-27730
-27533
-27239
-26980
-26739
-26489
-26231
-25928
-25682
-25886
-24980
-24642
-24329
