-35855
-35867
-35859
-35840
-35792
-35749
-35709
-35691
-35651
-35604
-35563
-35474
-35386
-35333
-35325
-35361
-35342
-35308
-35285
-35300
-35312
-35325
-35302
-35289
-35258
-35214
-35149
-35081
-35000
-34897
-34836
-34773
-34634
-34504
-34355
-34216
-34010
-33840
-33651
-33485
-33375
-33285
-33191
-33144
-33140
-33128
-33104
-33056
-33046
-33056
-33092
-33134
-33178
-33184
-33149
-33178
-33207
-33268
-33344
-33365
-33382
-33411
-33462
-33497
-33562
-33628
-33689
-33789
-33873
-33957
-33993
-34048
-34098
-34167
-34266
-34346
-34373
-34375
-34434
-34478
-34518
-34594
-34626
-34630
-34640
-34617
-34598
-34539
-34455
-34334
-34155
-33955
-33781
-33590
-33399
-33247
-33075
-32964
-32794
-32644
-32548
-32495
-32447
-32357
-32287
-32287
-32310
-32359
-32396
-32443
-32491
-32516
-32588
-32663
-32680
-32670
-32703
-32752
-32819
-32901
-32945
-32987
-33041
-33105
-33172
-32739
-33279
-33392
-33499
-33577
-33663
-33766
-33848
-33939
-34067
-34193
-34304
-34401
-34502
-34590
-34661
-34720
-34758
-34785
-34829
-34890
-34907
-34905
-34869
-34798
-34735
-34632
-34535
-34430
-34292
-34149
-34016
-33886
-33798
-34197
-33588
-33453
-33302
-33132
-33002
-32892
-33222
-32588
-32447
-32371
-32271
-32151
-32044
-31911
-31789
-31678
-31535
-31396
-31245
-31130
-31031
-30871
-30724
-30604
-30483
-30355
-30250
-30126
-30029
-29945
-29871
-29791
-29697
-29615
-29586
-29609
-29560
-29523
-29521
-29573
-29586
-29590
-29579
-29565
-29573
-29586
-29594
-29630
-29689
-29701
-29686
-29689
-29714
-29779
-29315
-29827
-29817
-29840
-29854
-29903
-29966
-29957
-29930
-29936
-29915
-29909
-29888
-29840
-30283
-29756
-29735
-29709
-29667
-29562
-29432
-29365
-29291
-29222
-29195
-29147
-29063
-28966
-29310
-28703
-28651
-28598
-28539
-28520
-28472
-28375
-28302
-28210
-28167
-28140
-28096
-28048
-27974
-27932
-27888
-27834
-27808
-27821
-27850
-27842
-27827
-27823
-27846
-27857
-27869
-27915
-27918
-27924
-27968
-28006
-28035
-28035
-28033
-28071
-28075
-28060
-28058
-28046
-28042
-28029
-28033
-28029
-28039
-28044
-28042
-28065
-27997
-27936
-27972
-28021
-28039
-28014
-28002
-28048
-28107
-28121
-28132
-28121
-28138
-28170
-28189
-28220
-28249
-28241
-28268
-28312
-28313
-28312
-27854
-28367
-28355
-28321
-27855
-28340
-28354
-28371
-28403
-28407
-28413
-28409
-28394
-28409
-28439
-28409
-28819
-28273
-28268
-28266
-28243
-28222
-28161
-28042
-27957
-27890
-27852
-27833
-27777
-27716
-27659
-27634
-27628
-27605
-27596
-27584
-27550
-27525
-27550
-27596
-27615
-27588
-27560
-27542
-27544
-27562
-27544
-27525
-27510
-27544
-27554
-27581
-27592
-27623
-27661
-27728
-27762
-27833
-27909
-27957
-27983
-28058
-28119
-28182
-28237
-28298
-28344
-28394
-28472
-28499
-28514
-28525
-28569
-28604
-28625
-28626
-28607
-28632
-28644
-28667
-28676
-28701
-28697
-28695
-28716
-28764
-28792
-28855
-28922
-28932
-28934
-28947
-28968
-28995
-29046
-29115
-29144
-29168
-29163
-29130
-29117
-29102
-29105
-29121
-29126
-29104
-29069
-29035
-29035
-29002
-28964
-28905
-29313
-28800
-28735
-28686
-28676
-28651
-28609
-28573
-28537
-28455
-28363
-28323
-28291
-28260
-28220
-28121
-28006
-27949
-27907
-27918
-27932
-27907
-27854
-27848
-27363
-27867
-27880
-27888
-27857
-27833
-27844
-27880
-27922
-27985
-28044
-28079
-28146
-28170
-28214
-28378
-28527
-28693
-28346
-29031
-29117
-29231
-29327
-29350
-29380
-29355
-29405
-29394
-29325
-29302
-29228
-29092
-29052
-28987
-28922
-28848
-28821
-28798
-28705
-28598
-28567
-28487
-28359
-28258
-28146
-27995
-27857
-27760
-27655
-27497
-27418
-27264
-27126
-27041
-26939
-26825
-26794
-26758
-26758
-26756
-26791
-26888
-26842
-26386
-26907
-26964
-27023
-27039
-27027
-27027
-27090
-27046
-26980
-26993
-27016
-26924
-26934
-26943
-26829
-26726
-26682
-26546
-26411
-26333
-26247
-26136
-26018
-25974
-26363
-25722
-25695
-25634
-25571
-25521
-25493
-25438
-25411
-25352
-25321
-25327
-25355
-25373
-24924
-24928
-25478
-25510
-25542
-25644
-25691
-25724
-25728
-25802
-25884
-25936
-26073
-26161
-26308
-26493
-26663
-26836
-27021
-27174
-27338
-27525
-27644
-27365
-28031
-28176
-27890
-28573
-28741
-28876
-29020
-29180
-28846
-29426
-29575
-29596
-29634
-29709
-29693
-29626
-29686
-29689
-29695
-29640
-29590
-29523
-29434
-29361
-29189
-29033
-28907
-28804
