-28352
-28312
-28302
-28380
-28355
-28298
-28210
-28155
-28039
-27955
-27865
-27741
-27579
-27397
-27241
-27083
-26890
-26625
-26848
-26151
-26329
-25596
-25277
-25375
-24531
-24075
-23623
-23144
-22699
-22241
-21718
-21216
-20705
-20151
-19762
-19289
-18737
-18384
-18525
-17716
-17445
-17289
-17111
-17008
-16962
-16983
-17000
-17073
-17201
-17388
-17667
-17800
-18025
-18417
-18686
-18924
-19260
-19586
-19938
-20264
-20583
-20987
-21361
-21705
-21518
-22325
-22592
-22842
-23052
-23304
-22972
-23632
-23817
-24046
-24224
-24388
-24521
-24626
-24716
-24815
-24875
-24897
-24978
-25067
-25149
-25207
-25256
-25308
-25357
-25430
-25500
-25480
-25451
-25882
-25327
-25319
-25308
-25197
-25058
-24945
-24831
-24689
-24546
-24348
-24128
-23960
-23760
-23594
-23453
-23329
-23157
-23000
-22810
-22617
-22430
-22287
-22138
-22453
-21737
-21970
-21281
-21039
-20825
-20600
-20354
-20132
-19972
-19852
-19674
-19464
-19313
-19203
-19138
-19058
-18974
-18913
-18812
-18716
-18674
-18651
-18623
-18638
-18680
-18760
-18846
-18959
-18567
-19144
-19273
-19250
-18953
-18693
-18705
-19174
-20008
-20565
-20773
-20625
-20497
-20048
-20760
-20957
-21126
-21233
-21380
-21573
-21779
-21938
-22178
-22415
-22636
-22903
-23176
-23369
-23558
-23716
-23888
-24170
-24483
-24674
-24817
-24432
-25025
-25170
-25231
-25306
-25369
-25434
-25480
-25531
-25544
-25506
-25407
-25262
-25191
-25172
-25113
-25023
-24878
-24768
-24628
-24506
-24409
-24287
-24172
-24046
-23894
-23760
-23651
-23544
-23934
-23363
-23230
-23096
-22966
-22833
-22749
-22703
-22621
-22583
-22512
-22451
-22350
-22268
-22201
-22163
-22136
-22069
-22006
-21945
-21899
-21892
-21888
-21890
-21865
-21842
-21798
-21825
-21880
-21915
-21922
-21930
-21934
-21957
-21966
-21974
-22010
-22044
-22117
-22151
-22210
-22254
-22283
-22344
-22403
-22438
-22457
-22487
-22554
-22611
-22623
-22676
-22701
-22689
-22672
-22657
-22661
-22686
-22695
-22665
-22655
-22632
-22602
-22563
-22514
-22493
-22495
-22470
-22434
-22380
-22367
-22378
-22388
-22344
-22268
-22199
-22146
-22090
-22021
-21949
-21888
-21854
-21831
-21800
-21768
-21712
-21680
-21665
-21676
-21682
-21634
-21577
-21577
-21588
-21596
-21573
-21976
-21470
-21464
-21432
-21399
-21331
-21254
-21191
-21186
-21155
-21132
-21060
-20955
-20892
-20823
-20768
-20699
-20647
-20644
-20611
-20560
-21008
-20455
-20390
-20361
-20346
-20344
-20312
-20277
-20243
-20149
-20084
-20052
-20041
-20023
-19962
-19907
-19857
-19840
-19792
-19730
-19617
-19556
-19535
-19489
-19401
-19273
-19134
-19073
-19021
-18955
-18901
-18800
-18676
-19037
-18443
-18363
-18315
-18260
-18163
-18023
-17917
-17855
-17796
-17741
-17680
-17638
-17581
-17483
-17376
-17340
-17325
-17243
-17170
-17111
-17048
-16976
-16876
-16785
-16709
-16653
-16621
-17098
-16531
-16468
-16375
-16317
-16260
-16199
-16607
-16052
-15980
-15938
-15869
-15764
-16123
-15535
-15439
-15359
-15291
-15218
-15619
-15046
-14976
-14875
-14804
-14739
-15146
-14556
-14409
-14279
-14634
-14031
-13957
-13865
-13745
-13626
-13529
-13405
-13283
-13155
-13031
-12903
-12773
-12634
-12485
-12354
-12188
-12037
-11945
-11831
-11739
-11625
-11512
-11375
-11292
-11193
-11126
-11050
-10953
-10848
-11231
-10644
-10590
-10512
-10438
-10394
-10325
-10249
-10203
-10168
-10165
-10155
-10105
-10098
-10081
-10077
-10117
-10105
-10058
-10031
-10048
-10060
-10096
-10123
-10163
-10197
-10218
-10249
-10304
-10340
-10384
-10483
-10539
-10600
-10676
-10737
-10798
-10836
-10846
-10890
-10999
-11086
-11176
-10754
-11262
-11323
-11392
-11445
-11478
-11521
-11602
-11678
-11733
-11821
-11867
-11899
-11901
-11941
-11962
-12018
-12042
-12063
-12109
-12163
-12161
-12184
-12214
-12247
-12325
-12327
-12298
-12243
-12220
-12161
-12109
-12083
-12046
-11983
-11920
-11901
-11829
-12205
-11605
-11527
-11525
-11510
-11422
-11350
-11321
-11268
-11165
-11069
-10974
-10840
-10764
-10712
-10663
-10596
-10485
-10363
-10285
-10125
-9968
-9892
-9812
-9739
-9630
-9491
-9413
-9321
-9247
-9159
-9086
-8966
-8876
-9283
-8724
-8661
-8581
-8468
-8361
-8270
-8159
-8065
-8008
-7917
-7846
-7791
-7703
-7636
-7560
-7457
-7384
-7291
-7224
-7157
-7090
-7029
-6980
-6974
-6981
-6957
-6936
-6911
-6903
-7325
-6791
-6815
-6852
-6878
-6899
-6934
-6962
-6968
-6970
-6972
-6989
-6993
-7023
-7050
-7132
-7176
-7205
-7228
-7262
-6850
-7397
-7436
-7432
-7432
-7472
-7533
-7598
-7697
-7773
-7812
-7838
-7949
-8044
-8111
-8161
-8165
-8168
-8172
-8197
-8279
-8333
-8281
-8239
-8212
-8146
-8140
-8167
-8146
-8117
-8065
-8012
-7981
-7964
-7930
-7915
-7886
-7865
-7848
-7840
-7829
-7855
-7836
-7796
-7745
-7695
-7699
-7686
-7689
-7716
-7730
-7707
-7661
-7621
-7581
-7562
-7584
-7558
-7512
-7491
-7413
-7346
-7289
-7258
-7184
-7083
-6970
-6905
-7329
-6764
-6636
-6510
-6373
-6252
-6170
-6075
-5951
-5823
-5686
-5575
-5478
-5854
-5281
-5201
-5092
-5020
-4974
-4959
-4939
-4890
-4827
-4773
-4781
-4833
-4876
-4901
-4915
-4934
-5002
-5113
-5228
-5306
-4897
-5523
-5644
-5848
-6020
-6159
-6325
-6506
-6682
-6897
-7081
-7224
-7409
-7584
-7726
-7897
-8092
-8222
-8340
-8459
-8598
-8764
-8924
-9016
-9136
-9266
-9350
-9449
-9544
-9588
-9640
-9735
-9287
-9800
-9821
-9798
-9768
-9737
-9726
-9714
-9640
-9586
-9527
-9422
-9354
-9264
-9151
-9004
-8800
-8638
-8516
-8355
-8216
-8088
-7964
-7743
-7563
-7418
-7250
-7092
-6880
-6709
-6502
-6291
-6132
-5951
-5781
-5611
-5388
-5189
-5058
-4920
-4792
-4651
-4480
-4334
-4241
-4170
-4079
-3974
-3884
-3821
-3789
-3768
-3726
-3703
-3680
-3636
-3626
-3628
-3640
-3663
-3689
-3710
-3747
-3792
-3815
-3848
-3926
-4014
-4071
-4155
-4214
-4224
-4220
-4233
-4256
-4312
-3917
-4468
-4550
-4617
-4653
-4703
-4750
-4777
-4819
-4876
-4909
-4939
-4974
-5035
-5094
-5125
-5146
-5123
-5142
-5176
-5186
-5195
-5186
-5178
-5195
-5243
-5247
-5212
-5218
-5268
-5319
-5348
-5365
-5397
-5432
-5426
-5434
-5424
-5418
-5466
-5541
-5573
-5571
-5607
-5676
-5728
-5764
-5791
-5791
-5781
-5785
-5791
-5770
-5745
-5728
-5689
-5647
-5655
-5644
-5609
-5552
-5476
-5392
-5342
-5239
-5149
-5048
-4993
-4957
-5369
-4794
-4701
-4594
-4525
-4466
-4409
-4350
-4260
-4167
-4088
-4029
-3974
-3875
-3831
-3783
-3720
-3684
-3651
-3600
-3514
-3424
-3340
-3281
-3180
-3098
-2970
-2823
-2733
-2661
-2552
-2487
-2447
-2375
-2256
-2214
-2180
-2136
-2077
-2041
-1972
-1907
-1913
-1918
-1917
-1892
-1857
-1873
-1924
-1980
-1995
-2006
-2010
-2063
-2147
-2233
-2285
-2317
-2357
-2422
-2499
-2567
-2634
-2768
-2882
-2981
-3077
-3218
-3355
-3504
-3571
-3634
-3730
-3884
-4107
-4262
-4344
-4434
-4584
-4766
-4932
-5075
-5218
-4897
-5550
-5695
-5903
-6123
-6296
-6455
-6604
-6741
-6924
-7094
-7252
-7438
-7605
-7773
-7983
-8172
-8287
-8439
-8621
-8770
-8968
-9157
-8819
-9438
-9579
-9731
-9884
-10041
-10184
-10346
-10466
-10602
-10693
-10794
-10917
-11041
-11121
-10754
-11340
-11397
-11478
-11600
-11686
-11777
-11836
-11878
-11905
-11936
-11999
-12042
-12069
-12065
-12037
-12029
-11991
-11949
-11899
-11886
-11855
-11754
-11701
-11672
-11605
-11499
-11344
-11220
-11140
-11098
-11039
-10926
-10802
-10733
-10638
-10537
-10411
-10306
-10167
-10039
-9903
-9731
-9510
-9323
-9247
-9126
-9018
-8959
-8894
-8812
-8771
-8760
-8764
-8792
-8882
-8938
-8983
-9062
-9174
-9264
-9415
-9667
-9291
-9945
-10178
-10455
-10701
-10882
-11186
-11439
-11699
-11974
-12174
-12472
-12224
-12865
-13033
-12743
-13470
-13659
-13794
-13959
-14073
-14300
-14434
-14628
-14804
-14941
-14670
-15329
-15550
-15667
-15773
-15960
-16088
-16226
-16382
-16491
-16126
-16750
-16831
-16892
-17037
-17100
-17197
-17317
-17392
-17451
-17558
-17615
-17661
-17625
-17562
-17604
-17562
-17554
-18075
-17487
-17367
-17323
-17292
-17168
-17062
-17027
-16995
-16901
-16819
-16825
-16804
-16741
-16647
-16661
-16663
-17100
-16592
-16542
-16483
-16478
-16480
-16464
-16420
-16371
-16375
-16409
-16512
-16500
-16497
-16581
-16617
-16695
-16705
-16701
-16743
-16800
-16777
-16819
-16802
-16783
-16760
-16745
-16756
-16834
-16894
-16903
-16959
-17004
-16997
-17088
-17146
-17149
-17157
-17201
-17207
-17235
-17281
-17319
-17344
-17396
-17520
-17573
-17611
-17724
-17865
-17882
-17918
-18023
-18075
-18117
-18237
-18273
-18304
-18390
-18439
-18491
-18518
-18552
-18565
-18642
-18672
-18682
-18657
-18682
-18630
-18651
-18644
-19052
-18563
-18600
-18686
-18647
-18647
-18686
-18688
-18728
-18779
-18825
-18836
-18848
-18957
-19073
-19073
-18571
-19191
-19281
-19302
-19313
-19558
-19644
-19718
-19750
-19821
-19901
-19999
-20029
-20071
-20184
-20302
-20355
-20388
-20439
-20048
-20588
-20701
-20794
-20884
-20968
-20527
-21084
-21189
-21334
-21420
-21558
-21691
-21819
-21945
-22042
-22201
-22361
-21991
-22596
-22709
-22821
-22890
-23063
-23186
-23277
-23422
-23521
-23565
-23615
-23731
-23785
-23817
-23848
-23875
-23455
-23960
-23968
-23997
-24039
-24008
-23999
-24096
-24105
-24121
-24186
-24304
-24317
-24455
-24621
-24672
-24730
-24827
-24913
-24987
-25084
-25182
-25228
-25315
-25394
-25432
-25466
-25577
-25644
-25682
-25741
-25766
-25850
-25913
-25957
-26023
-26121
-26210
-26315
-26346
-26459
-26558
-26665
-26743
-26388
-26924
-27000
-27136
-27182
-27193
-27235
-27292
-27388
-27428
-27438
-27478
-27508
-27550
-27546
-27504
-27518
-27537
-27542
-27495
-27436
-27407
-27363
-27268
-27220
-27203
-27155
-27088
-26983
-26901
-26909
-26924
-26909
-26791
-26737
-26691
-26581
-26573
-26533
-26460
-26399
-26313
-26271
-26243
-26201
-26128
-26069
-26029
-25989
-25934
-25909
-25899
-25836
-25779
-25617
-25584
-25563
-25489
-25476
-25436
-25310
-25292
-25365
-25313
-25186
-25140
-25157
-25128
-25119
-25121
-25060
-25008
-25004
-25027
-24941
-24865
-24825
-24815
-24722
-24663
-24651
-24611
-24548
-24441
-24418
-24373
-24268
-24245
-24193
-24115
-24006
-23913
-23829
-23745
-23686
-23575
-23552
-23428
-23296
-23207
-23041
-22819
-22709
-22665
-22962
-22271
-22212
-22121
-22002
-21899
-21743
-21619
-21535
-21462
-21434
-21313
-21189
-21077
-21493
-20951
-20880
-20804
-20697
-20539
-20462
-20497
-20453
-20424
-20495
-20521
-20474
-19630
-19779
-19878
-19796
-19743
-19747
-19775
-19693
-19619
-19575
-19529
-19512
-19438
-19399
-19319
-19298
-19277
-19283
-19214
-19161
-19111
-19067
-18918
-18787
-18619
-18483
-18363
-18209
-18552
-17869
-17691
-17516
-17363
-17218
-17004
-16890
-16758
-17090
-16426
-16186
-16012
-15768
-15575
-15378
-15186
-14989
-14716
-14495
-14325
-14126
-13964
-13707
-13480
-13250
-13136
-12922
-12716
-12476
-12369
-12266
-12167
-12056
-12010
-12014
-12048
-11989
-12000
-12092
-12161
-12289
-12567
-12777
-12926
-13260
-13670
-14004
-14315
-14710
-14739
-15581
-15917
-16430
-16917
-17445
-17833
-18291
-18613
-18997
-19380
-19722
-20016
-20289
-20638
-20922
-21117
-21285
-21384
-21012
-21562
-21625
-21544
-21459
-21411
-21231
-21027
-20798
-20586
-20338
-20058
-19747
-19321
-18913
-18567
-18247
-17800
-17336
-16852
-16447
-16556
-15680
-15310
-14852
-14470
-14006
-14134
-13214
-12880
-12548
-12657
-11886
-11655
-11451
-11287
-11182
-11151
-11149
-11100
-11069
-11151
-10762
-11401
-11573
-11663
-11901
-12136
-12382
-12560
-12222
-12863
-12985
-13186
-13346
-13607
-13894
-14058
-14312
-14588
-14707
-14701
-14775
-14938
-14932
-14991
-15245
-15382
-15298
-14976
-14833
-15121
-14438
-14291
-14334
-14354
-14447
