-14611
-14720
-14775
-14840
-14913
-14997
-15100
-15214
-15270
-15390
-15575
-15743
-15922
-16073
-16214
-16327
-16426
-16575
-16657
-16756
-16876
-16966
-17054
-17111
-17165
-17189
-17195
-17123
-17067
-17025
-16917
-16792
-16699
-17096
-16443
-16310
-16149
-16052
-15878
-15680
-15552
-15355
-15193
-15018
-14848
-14781
-14535
-14369
-14247
-14149
-14006
-13880
-13728
-13672
-13588
-13520
-13487
-13455
-13516
-13550
-13586
-13680
-13781
-13863
-14048
-14210
-14331
-14506
-14737
-14964
-15205
-15460
-15714
-16044
-16313
-16571
-16854
-17182
-17541
-17838
-18155
-18462
-18720
-19016
-19312
-19596
-19865
-19550
-20250
-20432
-20565
-20653
-20836
-20897
-20930
-20918
-20890
-20854
-20802
-20670
-20999
-20439
-20285
-20193
-20123
-20050
-19915
-19812
-19678
-19577
-19516
-19464
-19399
-19325
-19235
-19172
-19107
-19018
-18941
-18928
-18894
-18840
-18804
-18741
-18693
-18668
-18651
-18586
-18525
-18506
-18489
-18466
-18430
-18413
-18399
-18346
-18294
-18256
-18245
-18214
-18214
-18199
-18153
-18132
-18107
-18121
-18165
-18149
-18123
-18100
-18096
-18132
-18142
-18092
-18067
-18104
-18182
-18214
-18237
-18258
-18275
-18281
-18312
-18331
-18420
-18459
-18466
-18504
-18565
-18617
-18689
-18745
-18762
-18792
-18838
-18894
-18947
-18970
-19037
-19111
-19182
-19262
-19315
-19355
-19388
-19441
-19489
-19560
-19676
-19794
-19909
-19991
-20044
-20130
-20245
-20315
-20396
-20481
-20518
-20604
-20741
-20867
-20970
-21083
-21146
-21245
-21373
-21459
-21514
-21583
-21661
-21730
-21781
-21840
-21911
-21960
-22042
-22111
-22167
-22186
-22243
-22279
-22327
-22388
-22443
-22495
-22541
-22594
-22634
-22680
-22693
-22701
-22728
-22760
-22779
-22781
-22812
-22829
-22836
-22808
-22802
-22777
-22758
-22739
-22726
-22714
-22684
-22667
-22684
-22680
-22676
-22642
-22573
-22508
-22493
-22506
-22957
-22405
-22354
-22302
-22321
-22306
-22264
-22180
-22132
-22098
-22063
-22002
-21957
-21886
-21789
-21733
-21693
-21644
-21602
-21565
-21518
-21418
-21348
-21270
-21199
-21096
-20989
-20934
-20840
-20731
-20684
-20605
-20525
-20485
-20401
-20331
-20277
-20214
-20151
-20098
-20054
-20016
-19974
-19932
-19905
-19863
-19829
-19827
-19836
-19812
-19808
-19817
-19813
-19819
-19812
-19777
-19764
-19777
-19806
-19844
-19882
-19938
-19955
-19989
-20046
-20086
-20136
-20161
-20214
-20298
-20350
-20350
-20342
-20392
-20453
-20558
-20626
-20651
-20695
-20781
-20834
-20911
-20985
-21063
-21132
-21184
-21262
-21367
-21447
-21523
-21581
-21644
-21722
-21800
-21878
-21947
-22035
-22104
-22186
-22256
-22298
-22439
-22504
-22563
-22626
-22699
-22752
-22796
-22869
-22930
-23004
-23071
-23157
-23210
-23277
-23392
-23474
-23489
-23535
-23598
-23628
-23667
-23724
-23792
-23815
-23833
-23854
-23920
-23978
-24014
-24023
-24021
-24008
-23987
-24004
-24033
-24031
-24018
-24021
-24021
-24027
-23997
-23974
-23962
-23957
-23953
-23932
-23901
-23922
-23913
-23878
-23882
-23894
-23882
-23863
-23817
-23779
-23770
-23770
-23741
-23693
-23655
-23647
-23636
-23621
-23584
-23535
-23544
-23531
-23487
-23405
-23386
-23403
-23397
-23392
-23363
-23313
-23308
-23285
-23266
-23241
-23201
-23191
-23178
-23180
-23174
-23157
-23146
-23170
-23115
-23062
-23058
-23071
-23109
-23111
-23039
-22999
-22974
-22955
-22951
-22951
-22932
-22901
-22894
-22823
-22777
-22779
-22762
-22726
-22714
-22724
-22722
-22718
-22754
-22762
-22817
-22875
-22926
-22960
-22995
-23018
-23033
-23083
-23153
-23262
-23306
-23329
-23382
-23434
-23481
-23529
-23579
-23600
-23642
-23676
-23703
-23705
-23739
-23775
-23785
-23794
-23792
-23815
-23825
-23831
-23867
-23875
-23861
-23792
-23739
-23689
-23680
-23670
-23632
-23539
-23422
-23344
-23285
-23239
-23201
-23147
-23054
-23449
-22917
-22848
-22766
-22655
-22502
-22390
-22289
-22178
-22073
-21989
-21928
-21876
-21810
-21709
-21623
-21510
-21413
-21380
-21319
-21245
-21184
-21107
-21023
-20970
-20964
-20922
-20880
-20850
-20808
-20800
-20789
-20762
-20760
-20758
-20739
-20741
-20770
-20823
-20844
-20873
-20903
-20918
-20959
-21046
-21132
-21161
-21207
-21289
-21342
-21342
-21407
-21476
-21567
-21615
-21672
-21720
-21800
-21880
-21920
-21980
-22062
-22138
-22186
-22264
-22329
-22409
-22459
-22525
-22600
-22651
-22730
-22827
-22924
-22936
-22939
-23451
-22960
-22480
-22989
-23008
-22997
-23031
-23048
-22995
-22882
-22852
-22831
-22785
-22680
-22619
-22516
-22394
-22310
-22231
-22126
-21995
-21836
-21710
-21607
-21974
-21371
-21262
-21107
-20924
-20762
-20600
-20499
-20346
-20153
-19993
-19754
-20027
-19380
-19178
-18962
-18781
-18573
-18319
-18113
-17848
-18073
-17380
-17174
-16970
-16791
-16573
-16386
-16172
-15955
-15752
-15537
-15348
-15191
-15000
-14842
-14731
-14596
-14455
-14338
-14191
-14060
-13981
-13936
-13896
-13848
-13798
-13768
-13707
-13691
-13726
-13825
-13899
-13934
-13983
-14115
-14239
-14357
-14495
-14638
-14871
-15155
-15520
-15672
-15605
-15537
-15695
-16008
-16420
-16760
-16997
-17294
-17584
-17842
-18136
-18470
-18796
-19199
-19504
-19880
-20235
-20502
-20852
-21222
-21470
-21789
-22067
-22279
-22539
-22785
-22480
-23220
-23447
-23621
-23848
-24060
-24216
-24346
-24462
-24653
-24861
-25010
-25151
-25262
-25371
-25474
-25520
-25567
-25649
-25728
-25775
-25789
-25834
-25836
-25827
-25806
-25785
-25752
-25680
-25602
-25525
-25439
-25329
-25178
-25042
-24869
-24705
-24504
-24294
-24014
-23718
-23500
-23231
-23434
-22688
-22928
-22220
-21939
-21676
-21405
-21037
-20647
-20321
-20472
-19602
-19312
-18976
-18611
-18319
-17993
-17766
-18041
-17254
-16980
-16771
-16531
-16313
-16598
-15884
-15676
-15518
-15304
-15146
-14970
-14806
-14688
-14525
-14365
-14235
-14115
-13980
-13863
-13743
-13636
-13588
-13483
-13407
-13331
-13250
-13231
-13218
-13674
-13140
-13136
-13163
-13125
-13083
-13050
-13058
-13079
-13123
-13153
-13142
-13073
-13014
-12941
-12964
-13008
-13090
-13115
-13153
-13161
-13128
-13142
-13167
-13205
-13243
-13207
-13197
-13212
-13266
-13306
-13306
-13334
-13346
-13325
-13323
-13376
-13466
-13520
-13556
-13605
-13665
-13686
-13735
-13823
-13875
-13915
-13959
-13981
-14031
-14088
-13686
-14231
-14275
-14344
-14396
-14436
-14445
-14468
-14500
-14518
-14541
-14598
-14642
-14642
-14634
-14642
-14636
-14655
-14710
-14733
-14716
-14699
-14726
-14750
-14773
-14760
-14749
-14756
-14783
-14808
-14794
-14743
-14722
-14710
-14739
-14735
-14743
-14743
-14714
-14676
-14640
-14609
-14569
-14514
-14481
-14495
-14487
-14405
-14323
-14292
-14249
-14182
-14109
-14020
-13978
-13936
-13894
-13861
-13846
-13842
-13834
-13771
-13699
-13674
-13710
-13722
-13720
-13709
-13720
-13771
-13836
-13863
-13876
-13924
-14023
-14096
-13688
-14224
-14296
-14363
-14394
-14476
-14548
-14642
-14741
-14831
-14894
-14976
-15044
-15121
-15218
-15292
-15373
-15474
-15537
-15554
-15596
-15653
-15691
-15794
-15890
-15962
-16008
-16033
-16065
-16083
-16117
-16199
-16228
-16250
-16239
-16252
-16212
-16147
-16098
-16094
-16088
-16069
-16021
-15976
-15924
-15838
-15802
-15789
-15722
-15657
-15586
-15472
-15388
-15283
-15201
-15170
-15092
-14955
-14854
-14758
-14667
-14560
-14418
-14310
-14231
-14142
-14021
-13886
-13730
-13609
-13512
-13415
-13323
-13243
-13161
-13054
-12953
-12865
-12760
-12638
-12544
-12453
-12350
-12321
-12271
-12172
-12102
-12025
-11941
-11831
-12210
-11632
-11554
-11462
-11386
-11329
-11273
-11191
-11121
-11046
-11000
-10991
-10936
-10884
-10840
-10775
-10688
-10653
-10657
-10663
-10651
-10594
-10537
-10462
-10415
-10405
-10401
-10344
-10277
-10207
-10201
-10243
-10289
-10285
-10281
-10327
-10396
-10466
-10533
-10535
-10558
-10621
-10676
-10268
-10810
-10871
-10938
-11010
-11079
-11144
-11235
-11344
-11478
-11602
-11695
-11777
-11890
-12031
-12182
-12279
-12418
-12518
-12602
-12730
-12876
-12993
-13109
-13222
-13298
-13418
-13529
-13590
-13197
-13756
-13825
-13924
-13983
-14044
-14138
-14216
-14168
-14657
-14088
-13959
-13777
-14159
-13504
-13350
-13081
-12878
-13163
-12447
-12231
-12012
-12197
-11396
-11123
-10808
-10554
-10289
-10067
-10197
-9367
-9100
-8888
-8632
-8369
-8197
-8014
-7865
-7709
-7550
-7483
-7397
-7363
-7310
-7298
-7336
-7352
-7355
-7405
-7527
-7625
-7766
-7888
-8044
-8149
-7871
-8500
-8630
-8739
-8980
-9214
-9355
-9554
-9730
-9943
-10109
-10241
-10367
-10506
-10701
-10861
-11012
-11132
-10758
-11344
-11422
-11466
-11491
-11577
-11567
-11489
-11451
-11453
-11338
-11258
-11722
-11123
-11021
-10855
-10678
-10527
-10396
-10216
-9980
-9787
-9546
-9298
-9077
-8882
-8686
-8470
-8336
-8165
-7943
-7726
-7506
-7800
-7086
-6911
-6752
-6558
-6390
-6249
-6107
-5964
-5800
-5672
-5600
-5546
-5495
-5443
-5487
-5562
-5638
-5752
-5968
-6086
-6281
-6495
-6775
-7163
-7516
-7359
-8203
-8728
-9098
-9434
-9357
-10216
-10661
-11031
-11399
-11716
-12010
-12277
-12487
-12571
-12573
-12619
-12621
-12563
-12417
-12270
-12090
-11896
-11604
-11273
-10953
-10630
-10151
-10228
-9292
-9224
-8686
-7699
-7163
-6640
-6142
-5724
-5149
-4718
-4878
-3991
-3527
-3191
-2941
-2712
-2928
-2321
-2123
-1972
-1915
-1901
-1876
-1867
-1901
-2067
-2222
-2409
-2647
-2478
-3250
-3506
-3813
-4189
-4491
-4829
-5212
-5489
-5819
-6125
-6417
-6667
-6920
-7174
-7460
-7636
-7848
-8016
-8191
-8394
-8554
-8651
-8785
-8888
-8907
-8930
-8959
-8890
-8876
-8894
-8827
-8813
-8716
-8556
-8426
-8329
-8233
-8096
-7985
-7764
-7535
-7340
-7077
-6909
-6661
-6430
-6209
-5918
-5638
-5838
-5060
-4733
-4445
-4062
-3756
-3905
-3098
-2796
-2495
-2262
-2048
-1808
-1602
-1941
-1243
-1100
-953
-804
-686
-626
-579
-516
-974
-491
-464
-487
-478
-520
-600
-688
-777
-897
-1056
-1237
-1363
-1539
-1762
-2025
-2205
-2375
-2632
-2821
-3088
-3405
-3684
-3859
-4184
-4548
-4800
-5033
-5327
-5581
-5411
-6172
-6409
-6649
-6918
-7153
-7373
-7604
-7743
-7941
-8067
-8182
-8291
-8424
-8432
-8438
-8480
-8491
-8487
-8478
-8396
-8787
-8230
-8090
-7989
-7850
-7665
-7521
-7434
-7230
-7012
-6783
-6628
-6472
-6266
-6042
-5762
-5554
-5384
-5132
-4825
-4558
-4327
-4123
-3972
-3813
-3623
-3481
-3390
-3226
-3146
-3065
-2978
-2913
-2949
-2878
-2812
-2848
-2846
-2833
-2867
-2947
-3090
-3203
-3329
-3453
-3462
-3567
-3760
-3932
-4020
-4176
-3911
-4539
-4731
-4953
-5113
-5292
-5476
-5709
-5876
-6042
-6268
-6430
-6531
-6670
-6909
-7094
-7142
-7304
-7434
-7600
-7674
-7758
-7833
-7915
-7947
-7987
-7983
-7934
-7897
-7913
-7884
-7846
-7728
-7647
-7584
-7541
-7432
-7313
-7195
-7083
-6878
-6810
-6709
-6573
-6365
-6237
-6105
-5953
-5815
-5768
-5684
-5535
-5447
-5842
-5250
-5298
-5292
-5285
-5317
-5373
-5441
-5581
-5714
-5840
-5932
-6105
-6321
-6518
-6638
-6783
-6897
-7065
-7254
-7436
-7609
-7365
-8081
-7838
-8565
-8787
-9018
-9222
-9500
-9306
-10033
-10249
-10445
-10710
-10964
-11155
-11439
-11607
-11848
-12098
-12296
-12560
-12724
-12842
-12997
-13140
-13262
-13319
-13470
-13586
-13638
-13739
-13852
-13869
-13928
-13987
-14035
-14065
-14113
-14153
-14193
-14210
-14235
-14264
-14313
-14310
-14308
-14357
-14378
-14371
-14478
-14567
-14619
-14722
-14810
-14995
-15111
-15210
-15357
-15560
-15718
-15901
-16096
-16233
-16405
-16155
-16840
-17044
-17271
-17529
-17722
-17959
-18220
-18417
-18130
-18928
-19155
-19336
-19514
-19739
-19938
-19575
-20193
-20334
-20460
-20598
-20682
-20804
-20546
-21159
-21239
-21304
-21403
-21010
-21579
-21602
-21714
-21770
-21752
-21775
-21810
-21810
-21771
-21756
-21787
-21827
-21779
-21785
-21722
-21689
-21670
-21636
-21592
-21560
-21504
-21506
-21510
