-14584
-14628
-14560
-14562
-14485
-14333
-14094
-13852
-13619
-13271
-12909
-12478
-12132
-12209
-11405
-11063
-11207
-10481
-10714
-9972
-9834
-9750
-9653
-9691
-9678
-9754
-9968
-10207
-10396
-10672
-11060
-11352
-11695
-11999
-12298
-12590
-12928
-13174
-13462
-13918
-14247
-14457
-14222
-15014
-15346
-15563
-15752
-16031
-16245
-16401
-16562
-16699
-16783
-17046
-17350
-17203
-16850
-16792
-16922
-16968
-16999
-16972
-16911
-16850
-16854
-16871
-16846
-16831
-16743
-16613
-16596
-16569
-16571
-16602
-16602
-16619
-16619
-16592
-16604
-16590
-16577
-16558
-16539
-16516
-16502
-16495
-16468
-16468
-16485
-16483
-16468
-16455
-16428
-16367
-16252
-16210
-16209
-16197
-16168
-16609
-16056
-16014
-15981
-15947
-15899
-15857
-15817
-15806
-15783
-15785
-15770
-15722
-15686
-15678
-15655
-15636
-15625
-15151
-15672
-15674
-15695
-15722
-15771
-15806
-15813
-15844
-15901
-15978
-16056
-15638
-16224
-16300
-16415
-16502
-16571
-16688
-16804
-16897
-17008
-17056
-17100
-17218
-17403
-17518
-17634
-17739
-17865
-17976
-18063
-18184
-18292
-18371
-18472
-18609
-18730
-18831
-18913
-19021
-19126
-19233
-19302
-19373
-19434
-19491
-19542
-19613
-19695
-19775
-19834
-19876
-19964
-20025
-20035
-20014
-20052
-20096
-20130
-20144
-20153
-20184
-20201
-20249
-20310
-20319
-20323
-20340
-20380
-20409
-20434
-20432
-20436
-20439
-20457
-20436
-20424
-20388
-20382
-20378
-20352
-20336
-20317
-20239
-20168
-20132
-20115
-20035
-19953
-19876
-19815
-19777
-19686
-19584
-19544
-20031
-19518
-19430
-19264
-19155
-19033
-18918
-18813
-18726
-18630
-18533
-18397
-18260
-18126
-17983
-17875
-17783
-17644
-17506
-17392
-17218
-17023
-16892
-16779
-16682
-17090
-16466
-16327
-16199
-16083
-15972
-15848
-15688
-15493
-15354
-15201
-15021
-14840
-14701
-14579
-14430
-14258
-14084
-13980
-13901
-13762
-13626
-13481
-13378
-13310
-13205
-13090
-13012
-12966
-12947
-12903
-12819
-12737
-12714
-12695
-12682
-12222
-12716
-12705
-12724
-12796
-12829
-12819
-12865
-12915
-12957
-12993
-13056
-13146
-13230
-13277
-13350
-13451
-13550
-13193
-13785
-13865
-14023
-14197
-14294
-14397
-14571
-14699
-14886
-15010
-15113
-15241
-15376
-15489
-15615
-15794
-15890
-15924
-15945
-16000
-16102
-16216
-16302
-16336
-16373
-16378
-16399
-16428
-16436
-16451
-16445
-16409
-16333
-16327
-16338
-16254
-16167
-16050
-15972
-15911
-15792
-15638
-15521
-15399
-15291
-15189
-15050
-14838
-14668
-14480
-14342
-14252
-14128
-13978
-13810
-13605
-13409
-13260
-13100
-12892
-12745
-12588
-12460
-12317
-12125
-11955
-11781
-11584
-11441
-11306
-11161
-11044
-10941
-10804
-10667
-10512
-10384
-10285
-10159
-10004
-9896
-9834
-9756
-9689
-9596
-9554
-9542
-9485
-9481
-9525
-9521
-9541
-9563
-9569
-9600
-9621
-9640
-9689
-9285
-9852
-9899
-9987
-10115
-10212
-10292
-10365
-10441
-10518
-10617
-10668
-10262
-10831
-10894
-10966
-11021
-11063
-11128
-11157
-10756
-11334
-11418
-11445
-11470
-11550
-11672
-11773
-11813
-11819
-11863
-11903
-11964
-12016
-12071
-12109
-12126
-12109
-12098
-12126
-12144
-12209
-12250
-12277
-12319
-12350
-12338
-12338
-12352
-12340
-12277
-12262
-12239
-12239
-12216
-12197
-12201
-12209
-12216
-12159
-12086
-12020
-11941
-11867
-11758
-11615
-11499
-11405
-11287
-11144
-11027
-10884
-10762
-10638
-10468
-10331
-10182
-10046
-9928
-9779
-9663
-9565
-9418
-9287
-9189
-9063
-8917
-8827
-8703
-8605
-8542
-8428
-8260
-8130
-7997
-7875
-7800
-7691
-7596
-7548
-7483
-7338
-7247
-7117
-7029
-7029
-7016
-6966
-6873
-6787
-6749
-6712
-6691
-6688
-6689
-6647
-6615
-6661
-6722
-6770
-6766
-6760
-6762
-6787
-6359
-6896
-6905
-6861
-6846
-6821
-6787
-6733
-6657
-6644
-6651
-6678
-6728
-6789
-6869
-6915
-6949
-7050
-7123
-7167
-7233
-7300
-7428
-7531
-7617
-7693
-7756
-7800
-7890
-8012
-8100
-8178
-8254
-8346
-8411
-8499
-8571
-8676
-8745
-8863
-8972
-9050
-9157
-9268
-9390
-9489
-9615
-9737
-9852
-9978
-10109
-10155
-10203
-10315
-10397
-10449
-10550
-10626
-10674
-10689
-10735
-10752
-10781
-10791
-10819
-10846
-10857
-10844
-10825
-10779
-10710
-10613
-10533
-10439
-10380
-10304
-10220
-10138
-10012
-9886
-9779
-9617
-9474
-9329
-9167
-9033
-8905
-8760
-8638
-8495
-8260
-8123
-8004
-8275
-7548
-7378
-7214
-7077
-6882
-6707
-6539
-6396
-6235
-6115
-5962
-5800
-5689
-5607
-5483
-5445
-5409
-5327
-5249
-5155
-5020
-4918
-4871
-4875
-4833
-4791
-4794
-4802
-4779
-4756
-4701
-4684
-4674
-4670
-4676
-4722
-4758
-4743
-4733
-4754
-4777
-4819
-4838
-4827
-4871
-4896
-4894
-4882
-4920
-4949
-5014
-5037
-5041
-5046
-5067
-5046
-5025
-5029
-5039
-5054
-5062
-5083
-5044
-4983
-4976
-4983
-5004
-4991
-4976
-4953
-4888
-4815
-4779
-4794
-4808
-4773
-4722
-4682
-4695
-4710
-4701
-4667
-4642
-4640
-4636
-4659
-4674
-4672
-4682
-4653
-4626
-4619
-4655
-4644
-4636
-4638
-4678
-4665
-4640
-4626
-4605
-4563
-4533
-4512
-4468
-4426
-4436
-4418
-4399
-4365
-4285
-4189
-4149
-4092
-4094
-4111
-4077
-4008
-3953
-3945
-3987
-4012
-4025
-4020
-4010
-3978
-3978
-4062
-4138
-4170
-4218
-4222
-4291
-4392
-4455
-4521
-4583
-4647
-4733
-4831
-4899
-4949
-4981
-5029
-5098
-5165
-5271
-5342
-5392
-5453
-5567
-5661
-5720
-5775
-5854
-5972
-6084
-6210
-6283
-5873
-6480
-6611
-6750
-6361
-6951
-7083
-7216
-7325
-7453
-7546
-7636
-7781
-7854
-7949
-8029
-8092
-8199
-8296
-8369
-8474
-8560
-8586
-8628
-8707
-8310
-8913
-9039
-9092
-9182
-9252
-9249
-9222
-9273
-9271
-9233
-9209
-9201
-9170
-9151
-9130
-9130
-9104
-9065
-9004
-8983
-8941
-8897
-8842
-8813
-9281
-8747
-8686
-8611
-8556
-8514
-8468
-8354
-8262
-8186
-8079
-8021
-7960
-7907
-7833
-7735
-7670
-7602
-7491
-7396
-7817
-7283
-7233
-7191
-7151
-7084
-7012
-6945
-6901
-6907
-6899
-6884
-6878
-6882
-6829
-6817
-6823
-6791
-6791
-6819
-6846
-6850
-6848
-6861
-6899
-6943
-6966
-7012
-7046
-7071
-7065
-7056
-7084
-7113
-7117
-7117
-7092
-7056
-7041
-7048
-7077
-7094
-7088
-7031
-7008
-6987
-6983
-6972
-6924
-6854
-6779
-6731
-6766
-6779
-6724
-6655
-6605
-6516
-6468
-6449
-6449
-6417
-6390
-6359
-6334
-6304
-6277
-6231
-6250
-6285
-6300
-6312
-6313
-6287
-6300
-6346
-6338
-6840
-6355
-6394
-6476
-6569
-6632
-6636
-6542
-6409
-6319
-6329
-6384
-6447
-6495
-6546
-6592
-6623
-6640
-6709
-6764
-6792
-6813
-6817
-6819
-6852
-6865
-6888
-6915
-6899
-6890
-6922
-6999
-7071
-7104
-7109
-7155
-7216
-7283
-7359
-7455
-7535
-7577
-7628
-7758
-7903
-7989
-8071
-8144
-8233
-8348
-8462
-8546
-8638
-8762
-8905
-9014
-9067
-9111
-9191
-8806
-9350
-9424
-9489
-9523
-9583
-9640
-9714
-9791
-9833
-9825
-9802
-9846
-9882
-9899
-9901
-9930
-9968
-10006
-10037
-10102
-10123
-10144
-10159
-10170
-10182
-10233
-10283
-10340
-10384
-10422
-10470
-10531
-10565
-10613
-10626
-10626
-10647
-10667
-10722
-10779
-10827
-10863
-10878
-10911
-10930
-10939
-10978
-11035
-11073
-11128
-11161
-11220
-11231
-11260
-11315
-11386
-11430
-11516
-11611
-11693
-11781
-11852
-11941
-12058
-12140
-12222
-12329
-12428
-12531
-12655
-12743
-12817
-12903
-13002
-13107
-13191
-13338
-13441
-13493
-13546
-13642
-13720
-13781
-13867
-13934
-14002
-14086
-14252
-14378
-14336
-14426
-14497
-14502
-14541
-14533
-14573
-14615
-14632
-14657
-14720
-14771
-14813
-14880
-14871
-14886
-14928
-14976
-15010
-15042
-15056
-14667
-15184
-15237
-15340
-15441
-15426
-15434
-15388
-15273
-15230
-15325
-15373
-15403
-15357
-15350
-15352
-15415
-15443
-15361
-15262
-15250
-15207
-15144
-14663
-15214
-15228
-15243
-15226
-15291
-15418
-15527
-15464
-15376
-15468
-15571
-15596
-15581
-15718
-15779
-15875
-15987
-16109
-16100
-16151
-16258
-16354
-16474
-16674
-16888
-17016
-17205
-17470
-17722
-17896
-18212
-18481
-18730
-18951
-19201
-19432
-19634
-19831
-19558
-20245
-20394
-20567
-20798
-20918
-20989
-21020
-21125
-21256
-21348
-21373
-21369
-21409
-21434
-21447
-21405
-21420
-21413
-21310
-21231
-21115
-21037
-20962
-20836
-20758
-20688
-20550
-20451
-20352
-20237
-20142
-20069
-20033
-19945
-19941
-19943
-19894
-19892
-19852
-19815
-19800
-19810
-19829
-19802
-19779
-19882
-19918
-19899
-20027
-20088
-20167
-20273
-20413
-20512
-20569
-20697
-20804
-20871
-21084
-21226
-21273
-21352
-21464
-21529
-21596
-21655
-21800
-21867
-21936
-22056
-22104
-22184
-22258
-22340
-22441
-22537
-22592
-22628
-22682
-22773
-22907
-22907
-22918
-23094
-23191
-23233
-23333
-23394
-23426
-23457
-23481
-23642
-23844
-23817
-23825
-23932
-24054
-24104
-24174
-24250
-24371
-24415
-24548
-24588
-24621
-24581
-24533
-24903
-24348
-24371
-24304
-24291
-24478
-24569
-24724
-24695
-24642
-24676
-24584
-24617
-24523
-24518
-24686
-24840
-25151
-25544
-25459
-25298
-25466
-25672
-25651
-25754
-25833
-26121
-26264
-26138
-26153
-26277
-26344
-26460
-26563
-26665
-26823
-26993
-27130
-27329
-27531
-27665
-27764
-27819
-27917
-27909
-28014
-28136
-28254
-28256
-27863
-28411
-28516
-28646
-28693
-28802
-28857
-28957
-29048
-29153
-29197
-29258
-29287
-29333
-29399
-29436
-29438
-29436
-29506
-29525
-29512
-29474
-29369
-29329
-29327
-29245
-29205
-29163
-29170
-29149
-29018
-28947
-28951
-28901
-28785
-28771
-28743
-28703
-28491
-28426
-28462
-28363
-28256
-28168
-27995
-27939
-28006
-27968
-27867
-28321
-27733
-27766
-27724
-27691
-27626
-27584
-27657
-27579
-27539
-27521
-27504
-27424
-27418
-27420
-27375
-27254
-27115
-27065
-26943
-26800
-26743
-26628
-26535
-26865
-26287
-26132
-25976
-25915
-25836
-25703
-25565
-25443
-25281
-25153
-24970
-24892
-24707
-24504
-24424
-24363
-24216
-24086
-24018
-23987
-23876
-23819
-23781
-23705
-23682
-23688
-23674
-23689
-23661
-23663
-23745
-23733
-23760
-23794
-23819
-23903
-23871
-23457
-23997
-24006
-24006
-24077
-24174
-24195
-24228
-24321
-24359
-24357
-24319
-24291
-24270
-24111
-24008
-23875
-23756
-23594
-23480
-23352
-23149
-23073
-23420
-22798
-22693
-22640
-22640
-22554
-22493
-21989
-22563
-22625
-22760
-22808
-22481
-23186
-23365
-23596
-23880
-24109
-23962
-24741
-25073
-25310
-25579
-25981
-26373
-26636
-26428
-27191
-27518
-27373
-28130
-28413
-28632
-28943
-29313
-29512
-29668
-29962
-30201
-30361
-30556
-30312
-30991
-31098
-31168
-31327
-31396
-31441
-31415
-31521
-31481
-31397
-31365
-31333
-31233
-31128
-31058
-30917
-31243
-30609
-30476
-30745
-30071
-29829
-29542
-29348
-29063
-29289
-28642
-28420
-28102
-27863
-27544
-27333
-27113
-27354
-26623
-26855
-26126
-25962
-25741
-25520
-25281
-25046
-24779
-24630
-24453
-24275
-24086
-24012
-23855
-23682
-23542
-23508
-23491
-23459
-23426
-23327
-23270
-23294
-23273
-23268
-23241
-23327
-23346
-23310
-23283
-23350
-23378
-23291
-23237
-23180
-23123
-23044
-22974
-22836
-22720
-22550
-22396
-22212
-22031
-21855
-21598
-21340
-21485
-20726
-20420
-20107
-19783
-19415
-19115
-18771
-18378
-18562
-17802
-17478
-17189
-16980
-16861
-16686
-16470
-16313
-16271
-16289
-16285
-16344
-16371
-16470
-16676
-17050
-17455
-17615
-17462
-17493
-17859
-18237
-18539
-18825
-18579
-19331
-19688
-20010
-20291
-20424
-20581
-20750
-20850
-21004
-21256
-21560
-21901
-21995
-22042
-22254
-22338
-22409
-22619
-22728
-22846
-22487
-23100
-23155
-23123
-23098
-23144
-23243
-23209
-23178
-23134
-23083
-23000
-22932
-22922
-22785
-22594
-22447
-22268
-22172
-22468
-21812
-21598
-21424
-21214
