-24789
-24728
-24651
-24586
-24474
-24354
-24271
-24142
-24021
-23905
-23781
-23583
-23390
-23285
-23195
-23071
-22936
-22783
-22667
-22544
-22445
-22348
-22220
-22084
-22466
-21888
-21821
-21745
-21680
-21602
-21535
-21981
-21449
-21407
-21386
-21384
-21355
-21354
-21369
-21438
-21539
-21686
-21808
-21951
-22088
-22224
-22378
-22556
-22794
-23035
-23178
-23371
-23604
-23857
-23999
-24147
-24340
-24521
-24695
-24817
-24974
-25117
-25235
-25300
-25306
-25334
-25386
-25390
-25376
-25323
-25260
-25222
-25161
-25075
-24920
-24781
-24607
-24470
-24409
-24258
-24084
-24428
-23850
-23716
-23581
-23411
-23264
-23153
-23086
-23014
-22951
-22924
-22932
-22959
-22987
-23031
-23096
-23126
-23186
-23296
-22974
-23604
-23730
-23899
-24025
-24130
-24296
-24531
-24743
-24970
-25157
-25350
-25516
-25682
-25802
-25936
-26146
-26342
-26449
-26556
-26684
-26846
-26980
-27136
-27266
-27354
-27485
-27623
-27731
-27886
-28039
-28115
-28178
-28266
-28329
-27850
-28336
-28367
-28392
-28396
-28415
-28407
-28430
-28476
-28459
-28457
-28457
-28443
-28424
-28439
-28470
-28481
-28466
-28457
-28462
-28459
-28468
-28405
-28344
-28294
-28243
-28226
-28178
-28149
-28102
-28039
-27995
-27955
-27878
-27838
-27810
-27781
-27773
-27716
-27699
-27705
-27720
-27743
-27777
-27844
-27884
-27953
-28058
-28168
-28249
-28384
-28531
-28590
-28668
-28752
-28876
-29018
-29123
-29247
-29348
-29457
-29573
-29647
-29670
-29684
-29672
-29667
-29649
-29615
-29567
-29581
-29586
-29541
-29489
-29394
-29333
-29304
-29273
-29231
-29205
-29163
-29128
-29159
-29214
-29245
-29271
-29292
-29329
-29306
-29289
-28833
-29375
-29413
-29449
-29478
-29500
-29489
-29497
-29548
-29577
-29596
-29649
-29712
-29728
-29760
-29831
-29876
-29941
-30046
-30096
-30146
-30231
-29808
-30373
-30485
-30588
-30609
-30577
-30598
-30672
-30750
-30808
-30896
-30978
-31018
-31077
-31125
-31180
-31220
-30783
-31308
-31352
-31376
-31401
-31388
-31375
-31373
-31415
-31426
-31428
-31426
-31390
-31380
-31428
-31453
-31460
-31464
-31457
-31504
-31584
-31663
-31287
-31834
-31865
-31899
-31983
-32067
-32165
-32273
-32401
-32527
-32611
-32655
-32674
-32691
-32720
-32789
-32848
-32840
-32836
-32852
-32775
-32695
-32667
-32668
-32680
-32640
-32644
-32680
-32670
-32701
-32735
-32743
-32794
-32827
-32886
-32978
-33046
-33083
-33090
-33123
-33176
-33222
-33275
-33306
-33315
-33315
-33308
-33287
-33275
-33258
-33268
-33268
-33237
-33170
-33119
-33088
-33109
-33128
-33170
-33218
-33275
-33291
-33350
-33413
-33500
-33563
-33609
-33709
-33775
-33804
-33813
-33844
-33911
-34029
-34088
-34138
-34168
-33716
-34231
-34256
-34323
-34369
-34392
-34411
-34447
-34464
-34491
-34581
-34216
-34783
-34892
-34932
-34943
-34995
-35060
-35140
-35233
-35281
-35312
-35331
-35357
-35428
-35527
-35592
-35653
-35697
-35743
-35836
-35951
-36041
-36067
-36083
-36104
-36184
-36260
-36363
-36491
-36586
-36693
-36794
-36867
-36964
-37113
-37182
-37258
-37367
-37441
-37525
-37615
-37709
-37785
-37840
-37880
-37947
-37987
-38010
-38044
-38083
-38117
-38125
-38136
-38125
-38098
-37621
-38594
-38092
-38056
-38006
-37981
-37972
-37968
-37959
-37968
-37957
-37924
-37903
-37905
-37880
-37865
-37894
-37907
-37884
-37848
-37846
-37825
-37813
-37812
-37783
-37733
-37722
-37747
-37760
-37733
-37701
-37667
-37653
-37676
-37688
-37714
-37754
-37749
-37728
-37710
-37703
-37705
-37674
-37670
-37682
-37693
-37646
-37590
-37541
-37521
-37529
-37546
-37562
-37577
-37520
-37447
-37386
-37319
-37302
-37346
-37392
-37422
-37417
-37411
-37445
-37478
-37500
-37525
-37565
-37596
-37132
-37653
-37714
-37819
-37878
-37947
-38016
-38067
-38128
-38271
-38329
-38340
-38333
-38334
-38384
-38424
-38449
-38455
-38420
-38394
-38371
-38380
-38445
-38476
-38499
-38523
-38558
-38594
-38653
-38718
-38781
-38808
-38871
-38941
-38974
-38995
-39033
-39073
-39109
-39170
-39212
-39289
-39348
-39447
-39531
-39527
-39544
-39556
-39567
-39577
-39594
-39667
-39726
-39749
-39747
-39714
-39766
-39815
-39764
-39785
-39892
-39941
-40058
-40146
-40205
-40275
-40373
-40481
-40523
-40567
-40586
-40544
-40542
-40514
-40502
-40426
-40407
-40424
-40455
-40518
-40529
-40520
-40500
-40495
-40548
-40478
-40291
-40159
-40109
-40012
-39949
-39995
-40025
-40107
-40235
-40344
-40432
-40539
-40686
-40817
-40857
-40880
-40896
-40913
-40863
-40844
-40865
-40890
-40907
-40959
-40991
-41010
-40964
-40920
-40953
-40943
-40890
-40873
-40861
-40827
-40875
-41016
-41065
-41245
-41380
-41609
-41905
-42100
-42247
-42489
-42722
-42926
-43140
-43344
-43523
-43678
-43812
-43915
-43901
-43813
