-28218
-28197
-28174
-28119
-28067
-28052
-28016
-27989
-27945
-27884
-27821
-27768
-27731
-27670
-27613
-27600
-27604
-27565
-27521
-27485
-27441
-27361
-27241
-27088
-26930
-26710
-26499
-26317
-26121
-25987
-25871
-25728
-25581
-25882
-25342
-25359
-25325
-25254
-25186
-25107
-25033
-25025
-25109
-25226
-25300
-25380
-25413
-25478
-25571
-25686
-25833
-25981
-26096
-26239
-26426
-26722
-26960
-27151
-27323
-27520
-27770
-28056
-28260
-28453
-28646
-28907
-29163
-29380
-29529
-29632
-29754
-29920
-30067
-30176
-30218
-30264
-30308
-30346
-30363
-30334
-30773
-30250
-30222
-30191
-30107
-29989
-29875
-29806
-29745
-29668
-29584
-29449
-29338
-29258
-29180
-29073
-28964
-29310
-28737
-28613
-28466
-28392
-28291
-28226
-28195
-28176
-28170
-28203
-28231
-28287
-28319
-28382
-28531
-28714
-28863
-29004
-29193
-29369
-29588
-29796
-29972
-30226
-30495
-30739
-30913
-31121
-31325
-31502
-31649
-31857
-32098
-31779
-32420
-32575
-32249
-32943
-33119
-33298
-33426
-33573
-33760
-33945
-34079
-34144
-34218
-34285
-34346
-34432
-34499
-34535
-34579
-34584
-34600
-34619
-34611
-34594
-34520
-34470
-34445
-34434
-34424
-34394
-34355
-34367
-34380
-34336
-34241
-34168
-34136
-34157
-34199
-34266
-34308
-34323
-34333
-34411
-34491
-34569
-34634
-34212
-34762
-34850
-34962
-35119
-35230
-35317
-35413
-35481
-35542
-35607
-35678
-35739
-35813
-35852
-35878
-35939
-35962
-35989
-36033
-36104
-36170
-36216
-36283
-36376
-36436
-36504
-36630
-36796
-36966
-37121
-37216
-37285
-37371
-37472
-37605
-37703
-37762
-37920
-38062
-38167
-38260
-38348
-38430
-38533
-38567
-38579
-38573
-38558
-38493
-38438
-38401
-38338
-38273
-38189
-38088
-38016
-37981
-37928
-37815
-37728
-38102
-37523
-37464
-37415
-37359
-37319
-37285
-37237
-37212
-37174
-37132
-37086
-37012
-36953
-36918
-36865
-36808
-36770
-36735
-36667
-36621
-36584
-36577
-36583
-36579
-36542
-36563
-36602
-36695
-36764
-36861
-36941
-36995
-37067
-37126
-37210
-37348
-37474
-37596
-37693
-37750
-37810
-37867
-37938
-37978
-38016
-38081
-38165
-38226
-38298
-38401
-38489
-38539
-38569
-38592
-38632
-38646
-38684
-38699
-38697
-38710
-38703
-38644
-38573
-38514
-38428
-38300
-38197
-38073
-37947
-37852
-37709
-37510
-37359
-37212
-37052
-36915
-36749
-36619
-36508
-36407
-36300
-36197
-36155
-36126
-36100
-36086
-36096
-36098
-36117
-36147
-36201
-36231
-36262
-36294
-36331
-36401
-36491
-36518
-36550
-36584
-36632
-36705
-36815
-36888
-36993
-37096
-37193
-37325
-37485
-37604
-37768
-37928
-38069
-38228
-38367
-38478
-38653
-38817
-39008
-39195
-39336
-39432
-39531
-39644
-39741
-39846
-39951
-40039
-40090
-40155
-40262
-40331
-40350
-40378
-40403
-40394
-40388
-40401
-40411
-40430
-40434
-40399
-40357
-40334
-40312
-40327
-40323
-40250
-40157
-40090
-40046
-40010
-39959
-39882
-39836
-39815
-39806
-39794
-39779
-39768
-39791
-39779
-39752
-39768
-39831
-39926
-40012
-40081
-40105
-40151
-40285
-40396
-40535
-40588
-40651
-40737
-40861
-40964
-41104
-41256
-41375
-41464
-41590
-41726
-41890
-42010
-42084
-42178
-42296
-42405
-42539
-42653
-42758
-42882
-42939
-43052
-43163
-43254
-43334
-43407
-43415
-43476
-43558
-43562
-43573
-43558
-43510
-43512
-43510
-43493
-43430
-43399
-43367
-43279
-43174
-43033
-42939
-42848
-42728
-42640
-42552
-42430
-42313
-42231
-42176
-42144
-42092
-42048
-42033
-41997
-41999
-41997
-41531
-42027
-42012
-41997
-41960
-41917
-41859
-41854
-41850
-41812
-41718
-41533
-41357
-41239
-41144
-41077
-41523
-40970
-40875
-40836
-40762
-40714
-40777
-40854
-40922
-41020
-41117
-41205
-41344
-41460
-41562
-41680
-41796
-41848
-41913
-41928
-41924
-41926
-41899
-41859
-41813
-41791
-41770
-41712
-41686
-41684
-41667
-41634
-41613
-41655
-41709
-41804
-41903
-41966
-42004
-42041
-42098
-42142
-42233
-42306
-42355
-42378
-42401
-42439
-42457
-42436
-42417
-42411
-42369
-42312
-42270
-42207
-42153
-42104
-42020
-41960
-41926
-41907
-41865
-41817
-41808
-41775
-41758
-41730
-41636
-41550
-41502
-41418
-41382
-41399
-41346
-41361
-41434
-41483
-41649
-41638
-41750
-41886
-41983
-42033
-42041
-42052
-42123
-42191
-42258
-42308
-42418
-42575
-42712
-42783
-42955
-43039
-43079
-42936
-42875
-42846
-42798
-42752
-42691
-42657
-42623
-42590
-42989
-42424
-42394
-42363
-42252
-42199
-42117
-42502
-41997
-41941
-41917
-41922
-41943
-41976
-42008
-41968
-41922
-41964
-41968
-41936
-41913
-41968
-42044
-42117
-42283
-42476
-42588
-42808
-42991
-43109
-43241
-43420
-43499
-43577
-43722
-43875
-43500
-44117
-44333
-44525
