-13903
-13873
-13875
-13928
-13932
-13928
-13913
-13888
-13850
-13836
-13823
-13789
-13752
-13785
-13819
-13834
-13766
-13775
-13834
-13815
-13688
-13644
-13703
-14168
-13634
-13634
-13644
-13647
-13602
-13596
-13605
-13579
-13459
-13453
-13449
-13401
-13336
-13292
-13271
-13220
-13140
-13060
-12981
-12840
-12747
-12613
-12457
-12355
-12245
-12098
-11957
-11825
-12205
-11653
-11682
-11659
-11497
-11388
-11384
-11394
-11401
-11438
-11460
-11497
-11485
-11497
-11542
-11529
-11537
-11506
-11480
-11514
-11441
-11369
-11252
-11140
-10974
-10846
-10657
-10411
-10155
-9915
-9722
-9489
-9174
-8892
-8626
-8336
-8014
-7607
-7231
-6913
-6581
-6289
-5934
-5600
-5241
-4926
-4567
-4304
-4041
-3749
-3499
-3218
-3016
-2827
-2684
-2550
-2504
-2470
-2525
-2562
-2623
-2810
-3012
-3262
-3510
-3752
-4041
-4334
-4693
-5081
-4907
-5844
-6233
-6678
-7075
-7493
-7905
-8252
-8619
-8939
-9147
-9390
-9541
-9640
-9766
-9920
-10056
-10243
-10390
-10460
-10520
-10621
-10663
-10707
-10728
-10724
-10726
-10773
-10813
-10785
-10752
-10731
-10707
-10611
-10535
-10447
-10348
-10302
-10266
-10174
-10052
-9899
-10260
-9665
-9514
-9346
-9243
-9088
-8930
-9271
-8598
-8417
-8256
-8052
-7844
-7655
-7434
-7199
-7008
-7319
-6691
-6541
-6806
-6147
-5978
-5785
-5623
-5455
-5268
-5159
-5063
-4934
-4800
-4617
-4523
-4506
-4478
-4867
-4250
-4157
-4142
-4126
-4107
-4086
-4081
-4062
-4069
-4067
-4132
-4182
-4209
-4222
-4228
-4249
-4310
-4361
-4436
-4531
-4598
-4636
-4674
-4691
-4754
-4405
-4989
-5039
-5121
-5214
-5292
-5367
-5455
-5609
-5745
-5905
-6006
-6075
-6224
-5865
-6464
-6630
-6779
-6846
-6913
-7058
-7167
-7296
-7417
-7523
-7680
-7808
-7892
-7968
-8004
-8069
-8159
-8258
-8329
-8405
-8474
-8537
-8605
-8636
-8636
-8680
-8783
-8798
-8829
-8888
-8920
-8924
-8928
-8938
-8964
-8987
-8987
-8976
-8947
-8911
-8850
-8787
-8741
-8735
-8710
-8651
-8550
-8430
-8781
-8182
-8123
-8071
-7991
-7855
-7661
-7489
-7386
-7249
-7063
-6915
-6766
-6586
-6405
-6212
-6056
-5917
-5707
-5453
-5283
-5090
-4894
-4728
-4502
-4315
-4102
-4388
-3752
-3514
-3268
-3105
-2880
-2647
-2491
-2285
-2060
-1901
-1739
-1560
-1401
-1224
-1069
-953
-808
-672
-560
-409
-289
-218
-210
-157
-107
-31
-489
-10
-44
-96
-119
-136
-170
-195
-239
-304
-401
-476
-562
-688
-819
-939
-1050
-1168
-1317
-1525
-1682
-1804
-1478
-2140
-2262
-1987
-2670
-2798
-2449
-3119
-3283
-3466
-3649
-3812
-3983
-4172
-4312
-4453
-4592
-4743
-4928
-5102
-5228
-5336
-5464
-5638
-5764
-5861
-5966
-6039
-6138
-6249
-6325
-6380
-6447
-6521
-6590
-6613
-6636
-6667
-6695
-6714
-6741
-6779
-6787
-6810
-6886
-6915
-6892
-6894
-6913
-6924
-6876
-7325
-6813
-6777
-6771
-6749
-6714
-6682
-6674
-6646
-6634
-6621
-6560
-6546
-6525
-6506
-6531
-6506
-6470
-6474
-6447
-6403
-6413
-6439
-6432
-6409
-6367
-6340
-6327
-6300
-6260
-6250
-6237
-6203
-6195
-6184
-6178
-6168
-6161
-6157
-6161
-6146
-6136
-6140
-6128
-6134
-6142
-6123
-6104
-6071
-6054
-6054
-6035
-6067
-6062
-6044
-6016
-5997
-6020
-6037
-6039
-6062
-6113
-6163
-6189
-6214
-6239
-6273
-6344
-6415
-6468
-6531
-6600
-6678
-6749
-6833
-6938
-7025
-7111
-7224
-7409
-7554
-7693
-7804
-7865
-7997
-8193
-8403
-8672
-8905
-9044
-9210
-9396
-9525
-9733
-9974
-10134
-10344
-10611
-10831
-11062
-11281
-11537
-11756
-12031
-12270
-12466
-12630
-12781
-12989
-13184
-13359
-13499
-13195
-13861
-14041
-14220
-14430
-14584
-14758
-14938
-15146
-15361
-15573
-15745
-15938
-16096
-16199
-16386
-16594
-16722
-16834
-16915
-17020
-17195
-17298
-17367
-17449
-17552
-17647
-17770
-17871
-17920
-17983
-18033
-18115
-18264
-18344
-18355
-18338
-18348
-18371
-18447
-18491
-18464
-18422
-18397
-18386
-18352
-18350
-18348
-18315
-18291
-18260
-18262
-18313
-18333
-18327
-18247
-18212
-18216
-18249
-18291
-18306
-18260
-18214
-18226
-18243
-18252
-18271
-18266
-18268
-18283
-18277
-18249
-18224
-18262
-18342
-18428
-18432
-18445
-18499
-18588
-18668
-18739
-18792
-18876
-18995
-19113
-19218
-19291
-19338
-19375
-19438
-19539
-19638
-19718
-19789
-19836
-19875
-19951
-20060
-20125
-20201
-20348
-20468
-20565
-20632
-20745
-20834
-20945
-21092
-21203
-21334
-21439
-21512
-21604
-21701
-21787
-21890
-21966
-22067
-22176
-22281
-22380
-22426
-22466
-22529
-22600
-22653
-22718
-22777
-22815
-22810
-22829
-22878
-22909
-22918
-22917
-22960
-23035
-23111
-23130
-23100
-23115
-23146
-23172
-23159
-23119
-23126
-23180
-23249
-23298
-23298
-23287
-23264
-23243
-23239
-23237
-23209
-23191
-23184
-23199
-23180
-23134
-23084
-23046
-23006
-22985
-23004
-22997
-23441
-22873
-22825
-22819
-22813
-22800
-22785
-22752
-22728
-22707
-22737
-22787
-22834
-22848
-22871
-22926
-22899
-22859
-22876
-22480
-23041
-23083
-23102
-23098
-23136
-23184
-23245
-23283
-23344
-23399
-23428
-23500
-23548
-23602
-23613
-23607
-23661
-23754
-23848
-23909
-23964
-23978
-24029
-24086
-24128
-24182
-24212
-24239
-24277
-24308
-24308
-24321
-24329
-24369
-23945
-24500
-24556
-24623
-24672
-24739
-24796
-24852
-24432
-24928
-24915
-24928
-24896
-24846
-24773
-24766
-24779
-24789
-24768
-24728
-24743
-24754
-24754
-24766
-24791
-24833
-24449
-25010
-25079
-25123
-25111
-25098
-25147
-25178
-25252
-25302
-25317
-25359
-25357
-25375
-25472
-25552
-25567
-25615
-25695
-25779
-25957
-26132
-26210
-26317
-26394
-26438
-26472
-26500
-26514
-26541
-26602
-26647
-26649
-26659
-26705
-26730
-26749
-26760
-26779
-26817
-26796
-26762
-26768
-26787
-26810
-26821
-26855
-26842
-26848
-26842
-26917
-26955
-26970
-26947
-26943
-26960
-26960
-26983
-26989
-26972
-26943
-26876
-26867
-26880
-26865
-26876
-26913
-26882
-26842
-26813
-26838
-26840
-26863
-26896
-26886
-26852
-26844
-26850
-26875
-26871
-26899
-26911
-26838
-26792
-26794
-26804
-26840
-26844
-26831
-26840
-26884
-26901
-26859
-26880
-26913
-26960
-26980
-27037
-27094
-27144
-27189
-27226
-27239
-27268
-27321
-27403
-27447
-27443
-27460
-27476
-27474
-27491
-27493
-27499
-27516
-27518
-27512
-27527
-27516
-27478
-27472
-27502
-27586
-27630
-27657
-27667
-27682
-27688
-27689
-27697
-27735
-27743
-27695
-27672
-27670
-27625
-27592
-27573
-27529
-27489
-27438
-27836
-27268
-27222
-27149
-27081
-27029
-26953
-27352
-26812
-26764
-26737
-26707
-26663
-26628
-26558
-26462
-26376
-26279
-26182
-26090
-25985
-26367
-25749
-25609
-25489
-25417
-25327
-25247
-25197
-25130
-25092
-25060
-25018
-25000
-25027
-25046
-25062
-25084
-25126
-25138
-25168
-25207
-25243
-25277
-25369
-25449
-25495
-25546
-25605
-25672
-25703
-25754
-25831
-25890
-25938
-25959
-25949
-25939
-25987
-26012
-25989
-25957
-25934
-25907
-25880
-25806
-25697
-25617
-25571
-25459
-25334
-25228
-25121
-24987
-24834
-24670
-24546
-24451
-24344
-24268
-24216
-24153
-24102
-23968
-23787
-23672
-23527
-23390
-23292
-23195
-23111
-23029
-22917
-22747
-22552
-22432
-22359
-22266
-22157
-22039
-21941
-21863
-21752
-21646
-21611
-21588
-21500
-21378
-21298
-21289
-21279
-21258
-21237
-21268
-21256
-21233
-21222
-21231
-21268
-21344
-21397
-21424
-21464
-21518
-21638
-21766
-21949
-22102
-22210
-22331
-22417
-22468
-22565
-22712
-22838
-23010
-23193
-23325
-23438
-23510
-23607
-23768
-23920
-24021
-24157
-24304
-24426
-24563
-24667
-24745
-24850
-24966
-25006
-25025
-25077
-25132
-25218
-25250
-25228
-25195
-25138
-25077
-25058
-25048
-25010
-24928
-24863
-24806
-24724
-24632
-24571
-24531
-24497
-24451
-24386
-24291
-24205
-24147
-24109
-24084
-23970
-23846
-23730
-23619
-23558
-23468
-23386
-23243
-23130
-23018
-22917
-22810
-22705
-22613
-22521
-22959
-22436
-22361
-22302
-22245
-22104
-22014
-21972
-21938
-21899
-21827
-21672
-21615
-21611
-21571
-21520
-21556
-21531
-21573
-21672
-21739
-21834
-21880
-21966
-22069
-22201
-22336
-22428
-22474
-22617
-22800
-22896
-23016
-23136
-23256
-23441
-23567
-23642
-23720
-23796
-23880
-23934
-23964
-23974
-24041
-24062
-24109
-24199
-24201
-24205
-24224
-24310
-24317
-24361
-24369
-24420
-24459
-24418
-24369
-24382
-24411
-24415
-24359
-24317
-24178
-24138
-24031
-23878
-23781
-23731
-23562
-23407
-23279
-23197
-23067
-22926
-22812
-22756
-22667
-22590
-22634
-22630
-22670
-22730
-22815
-22491
-23157
-23373
-23609
-23833
-24098
-24418
-24749
-25037
-25184
-25575
-25980
-26199
-26518
-26844
-27146
-26909
-27710
-27920
-28096
-28216
-28327
-28453
-28523
-28424
-28344
-28264
-28073
-28317
-27621
-27401
-27062
-26747
-26859
-26062
-25762
-25873
-24981
-24688
-24359
-24422
-23478
-23119
-22777
-22953
-22104
-21821
-21600
-21308
-21079
-20905
-20779
-20667
-20554
-20466
-20451
-20455
-20514
-20512
-20634
-20764
-20871
-21075
-21329
-21525
-21733
-21960
-22296
-22586
-22899
-23178
-22968
-23745
-24096
-23943
-24714
-24997
-25249
-25499
-25672
-25875
-25983
-26113
-26203
-26250
-26287
-26228
-26125
-26014
-25949
-25760
-25462
-25161
-25357
-24600
-24184
-23722
-23373
-23361
-22281
-21773
-21147
-20674
-20134
-20010
-18913
-18260
-17712
-17207
-16682
-16165
-16073
-15533
-15105
-14195
-13813
-13449
-13138
-12817
-12535
-12691
-11911
-11739
-11596
-11521
-11495
-11510
-11550
-11623
-11707
-11852
-11957
-12037
-12201
-12411
-12231
-12911
-13065
-13417
-13199
-13882
-14126
-14480
-14796
-15071
-15403
-15756
-15665
-16472
-16741
-17062
-17413
-17794
-18231
-18104
-18918
-19256
-19590
-19939
-20195
-20052
-20808
-21092
-21367
-21562
-21825
-22144
-22468
-22735
-22508
-23210
-23525
-23756
-24025
-24136
-24325
-24581
-24667
-24699
-24806
-24882
-24863
-24718
-24668
-24567
-24405
-24325
-24134
-24000
-23812
-23583
-23331
-23083
-22863
-22590
-22283
-21911
-21594
-21373
-21075
-20749
-20338
-20472
-19777
-19451
-19115
-18865
-18584
-18424
-18176
-18010
-17865
-17722
-17596
-17537
-17565
-17560
-17516
-17523
-17579
-17638
-17749
-17838
-17953
-18031
-18102
-18191
-18298
-18359
-18525
-18672
-18781
-18896
-19016
-19102
-19163
-19266
-19344
-19436
-19529
-19067
-19611
-19667
-19695
-19714
-19777
-19815
-19762
-19689
-19605
-19500
-19443
-19453
-19365
-19249
-19146
-19539
-18880
-18762
-18623
-18497
-18359
-18292
-18188
-17953
-17752
-18042
-17346
-17176
-16980
-16804
-17083
-16415
-16212
-16020
-15871
-15638
-15464
-15300
-15191
-15063
-14974
-14880
-14840
-14758
-14684
-14172
-14667
-14571
-14560
-14170
-14634
-14640
-14726
-14850
-14947
-14993
-15048
-15117
-15224
-15313
-15325
-15310
-15220
-15104
-14917
-14735
-14584
-14499
-14480
-14571
-14640
-14724
-14852
-14980
-15060
-14980
-14848
-14854
-14840
-14838
-14821
-14861
-14808
-15128
-14384
-14075
-13802
-13506
-13222
-12758
-12323
-11953
-11392
-11170
-9917
-9336
-8867
-8327
-7733
-7042
-6810
-5649
-4936
-4174
-3903
-2678
-2214
-1823
-1884
-1062
-651
-264
47
202
284
383
337
244
185
139
19
-111
-308
-472
-615
-875
-1205
-1544
-1838
-2176
-2575
-2457
-3415
-3802
-4197
-4583
-4455
-5230
-5516
-5812
-6062
-6336
-6548
-6710
-6397
-7048
-7109
-7184
-7199
-7256
-6854
-7365
-7344
-7375
-7281
-7222
-7132
-7016
-7300
-6682
-6542
-6415
-6268
-6016
-6334
-5684
-5506
-5304
-5136
-5075
-4915
-4709
-4573
-4472
-4285
-4134
-3989
-3871
-3781
-3575
-3441
-3308
-3094
-2861
-2724
-2558
-2338
-2147
-2428
-1722
-1493
-1250
-1115
-1012
-865
-728
-621
-499
-338
-222
-104
-52
-21
-75
-117
