-22672
-22743
-22813
-22920
-23008
-23107
-23212
-23331
-23369
-23449
-23546
-23537
-23523
-23565
-23520
-23478
-23367
-23218
-23094
-23439
-22771
-22563
-22418
-22220
-21989
-21758
-21554
-21363
-21136
-20960
-20878
-20840
-20859
-20865
-20844
-20821
-20854
-20928
-20953
-20972
-20964
-21029
-21056
-21044
-21039
-21039
-21014
-20972
-20913
-20932
-20880
-20842
-20823
-20831
-20730
-20605
-20563
-20552
-20464
-20392
-20273
-20159
-20144
-20104
-20084
-20113
-20178
-20201
-20300
-20367
-20413
-20489
-20529
-20508
-20556
-20558
-20577
-20541
-20607
-20596
-20537
-20535
-20529
-20508
-20512
-20401
-20266
-20174
-20167
-20136
-20056
-20027
-19993
-19939
-19901
-19831
-19775
-19697
-19672
-19638
-19491
-19430
-19376
-19344
-19241
-19249
-19241
-19176
-19132
-19109
-19086
-19067
-19102
-19115
-19100
-19527
-18999
-19035
-19029
-19000
-18947
-18913
-18852
-18762
-18647
-18489
-18354
-18277
-18134
-17964
-17829
-17735
-17621
-17518
-17495
-17445
-17317
-17235
-17153
-17035
-16957
-16859
-16752
-16705
-16684
-16640
-16518
-16319
-16275
-16228
-16607
-16063
-16000
-15987
-15951
-15884
-15796
-15750
-15695
-15605
-15537
-15394
-15361
-15382
-15352
-15285
-15252
-15266
-15250
-15207
-15191
-15165
-15184
-15188
-15632
-15182
-15161
-15205
-15331
-15418
-15560
-15798
-15985
-16123
-16273
-16445
-16722
-16924
-16640
-17205
-17300
-17376
-17466
-17485
-17329
-17201
-17583
-16857
-16516
-16247
-15873
-15523
-15168
-14857
-14527
-14231
-13983
-13728
-13401
-13678
-12926
-12779
-12592
-12422
-12359
-12256
-12157
-12140
-12117
-12104
-12163
-12178
-12214
-12333
-12439
-12495
-12571
-12642
-12730
-12813
-12865
-12960
-13056
-12718
-13371
-13605
-13819
-14065
-14352
-14554
-14745
-15033
-15231
-15386
-15531
-15686
-15833
-15949
-16014
-16086
-16191
-16210
-16260
-16338
-16413
-16453
-16470
-16529
-16573
-16125
-17098
-16583
-16520
-16546
-16590
-16657
-16712
-16728
-16749
-16854
-16888
-16966
-17096
-17230
-17373
-17531
-17667
-17806
-17960
-18023
-17596
-18142
-18222
-18287
-18302
-18321
-18344
-18365
-18462
-18521
-18504
-18590
-18625
-18634
-18653
-18667
-18688
-18716
-18712
-18731
-18716
-18750
-18792
-18659
-18628
-18611
-18504
-18455
-18417
-18271
-18146
-18016
-17915
-17838
-17779
-17739
-17726
-17726
-17834
-17991
-18107
-18239
-18434
-18090
-18850
-18957
-19092
-19319
-19058
-19726
-19810
-19938
-20029
-20182
-20254
-20273
-20277
-20250
-20271
-20300
-20277
-20193
-20186
-20203
-20174
-20140
-20105
-20155
-20176
-20176
-20203
-20292
-20378
-20430
-20499
-20638
-20771
-20852
-21008
-21226
-21327
-21434
-21563
-21667
-21758
-21899
-21500
-22126
-22277
-22376
-22396
-22445
-22462
-22529
-22588
-22634
-22619
-22653
-22684
-22653
-22592
-22600
-22659
-22649
-22649
-22659
-22792
-22890
-22886
-22917
-22909
-22483
-23046
-23075
-23044
-23096
-23025
-23020
-22978
-22873
-22804
-22716
-22651
-22516
-22403
-22260
-22125
-21972
-21865
-21796
-21667
-21500
