-17781
-17695
-17644
-17558
-17558
-17413
-17323
-17308
-17199
-17102
-17041
-17031
-16974
-16897
-16735
-16718
-16768
-16750
-16619
-16575
-16628
-16581
-16626
-16653
-16642
-16651
-16657
-16720
-16777
-16915
-16974
-17035
-17058
-17174
-17348
-17521
-17695
-17875
-18065
-18249
-18436
-18651
-18852
-18584
-19369
-19632
-19831
-19588
-20363
-20670
-20896
-21142
-21384
-21607
-21922
-22199
-22018
-22792
-22491
-23195
-23439
-23609
-23756
-23924
-23983
-24069
-24140
-24178
-24220
-24222
-24228
-24210
-24159
-24065
-23987
-23972
-23863
-23699
-23552
-23386
-23291
-23119
-22880
-22771
-22586
-22367
-22233
-22033
-21920
-21827
-21724
-21575
-21403
-21291
-21188
-21094
-21054
-21083
-21046
-20966
-20901
-20852
-20833
-20777
-20731
-20730
-20688
-20657
-20651
-20625
-20628
-20605
-20565
-20516
-20525
-20558
-20590
-20619
-20646
-20695
-20733
-20777
-20838
-20871
-20955
-21044
-21107
-21212
-21279
-21315
-21399
-21478
-21558
-21659
-21796
-21913
-21983
-22027
-22107
-22258
-22411
-22548
-22636
-22722
-22848
-22495
-23125
-23275
-23376
-23470
-23546
-23672
-23815
-23468
-24107
-24230
-24352
-24504
-24646
-24766
-24884
-25012
-25167
-25296
-25401
-25500
-25596
-25745
-25938
-26086
-26197
-26281
-26346
-26418
-26497
-26556
-26686
-26810
-26852
-26884
-26918
-26987
-27092
-27199
-27279
-27313
-27329
-26882
-27396
-27407
-27436
-27495
-27588
-27615
-27626
-27636
-27630
-27590
-27583
-27558
-27556
-27544
-27521
-27468
-27430
-27418
-27386
-27357
-27289
-27203
-27136
-27065
-26972
-26905
-26834
-26749
-26653
-26527
-26397
-26306
-26216
-26117
-26020
-26367
-25764
-25668
-25583
-25453
-25319
-25230
-25104
-25401
-24827
-24775
-24665
-24556
-24468
-24352
-24266
-24191
-24109
-24021
-23957
-23882
-23783
-23665
-23588
-23529
-23939
-23415
-23405
-23361
-23329
-23304
-23264
-23241
-23228
-23205
-23167
-23167
-23191
-23226
-23243
-23260
-23298
-23373
-23418
-23451
-23510
-23525
-23521
-23565
-23670
-23733
-23808
-23844
-23854
-23901
-23972
-24063
-24157
-24226
-24308
-24382
-24455
-24550
-24653
-24770
-24915
-25014
-25090
-25165
-25247
-25329
-25470
-25653
-25779
-25913
-26027
-26153
-26317
-26436
-26569
-26668
-26779
-26390
-26985
-27098
-27201
-27291
-27380
-27447
-27518
-27605
-27686
-27775
-27808
-27842
-27892
-27989
-28075
-28157
-28176
-28170
-28176
-28210
-28252
-28256
-28281
-28317
-28304
-28304
-28258
-28212
-28218
-28233
-28231
-28205
-28170
-28159
-28142
-28094
-28025
-28006
-27964
-27878
-27794
-27741
-27699
-27625
-27552
-27497
-27388
-27283
-27193
-27075
-26951
-26842
-26676
-26636
-26600
-26520
-26397
-26287
-26125
-26075
-26033
-25964
-25894
-25768
-25613
-25514
-25407
-25325
-25252
-25180
-25063
-25384
-24783
-24686
-24611
-24546
-24483
-24392
-24298
-24237
-24111
-24042
-23999
-23909
-23842
-23792
-23707
-23625
-23567
-23514
-23491
-23495
-23493
-23506
-23457
-23428
-23459
-23460
-23409
-23376
-23413
-23424
-23413
-23411
-23407
-23413
-22966
-23483
-23521
-23592
-23636
-23657
-23703
-23750
-23808
-23928
-24010
-24046
-24063
-24063
-24090
-24182
-24271
-24313
-24382
-24466
-24527
-24584
-24588
-24613
-24657
-24703
-24737
-24781
-24806
-24844
-24901
-24430
-24957
-24991
-24993
-25046
-25096
-25109
-25147
-25186
-25245
-25292
-25333
-25340
-25363
-25394
-25420
-25462
-25552
-25596
-25579
-25592
-25605
-25636
-25632
-25647
-25680
-25672
-25663
-25626
-25634
-25598
-25567
-25565
-25575
-25560
-25533
-25500
-25474
-25434
-25371
-25357
-25344
-25283
-25241
-25207
-25123
-25050
-25033
-24987
-25397
-24852
-24812
-24800
-24779
-24750
-24712
-24626
-24527
-24478
-24913
-24390
-24401
-24401
-24336
-24271
-24222
-24165
-24138
-24104
-24121
-24142
-24092
-24014
-23959
-23915
-23915
-23907
-23878
-23869
-23850
-23842
-23846
-23829
-23806
-23834
-23873
-23884
-23913
-23976
-24020
-24014
-24052
-24104
-24199
-24281
-24319
-24371
-23943
-24470
-24487
-24527
-24577
-24703
-24806
-24836
-24905
-25023
-25140
-25250
-25323
-25375
-25455
-25554
-25647
-25730
-25825
-25938
-26027
-26075
-26168
-26279
-26346
-26376
-26428
-26472
-26504
-26550
-26581
-26611
-26609
-26598
-26604
-26588
-26573
-26558
-26573
-26567
-26504
-26420
-26331
-26214
-26149
-26079
-25974
-25896
-25813
-25703
-25586
-25432
-25310
-25193
-25025
-24821
-24647
-24537
-24382
-24174
-24002
-23834
-23764
-23604
-23392
-23210
-23012
-22819
-22680
-22563
-22453
-22354
-22262
-22123
-22029
-21930
-21831
-21760
-21657
-21569
-21539
-21510
-21464
-21417
-21336
-21331
-21327
-21321
-21336
-21321
-21300
-21312
-21344
-21355
-21407
-21447
-21508
-21571
-21642
-21731
-21815
-21943
-22083
-22189
-22317
-22455
-22544
-22735
-22926
-23111
-23321
-23563
-23749
-23938
-24086
-24294
-24512
-24672
-24869
-25054
-25207
-24955
-25682
-25855
-26060
-26252
-26380
-26556
-26733
-26397
-27065
-27216
-27420
-27579
-27716
-27831
-27955
-28092
-28243
-28365
-28441
-28470
-28520
-28584
-28665
-28730
-28770
-28791
-28783
-28800
-28800
-28766
-28714
-28667
-28619
-28562
-28485
-28375
-28241
-28105
-27981
-27812
-27688
-27571
-27378
-27203
-26980
-26697
-26474
-26209
-25951
-25730
-25493
-25203
-24928
-24651
-24375
-24140
-23831
-23508
-23228
-22892
-22554
-22279
-21905
-21550
-21245
-20917
-20655
-20346
-20500
-19733
-19426
-19153
-18899
-18596
-18270
-18014
-17756
-17537
-17334
-17556
-16812
-16619
-16386
-16197
-16063
-15922
-15827
-15714
-15613
-15552
-15474
-15472
-15466
-15445
-15392
-15369
-15331
-15359
-15413
-15512
-15607
-15670
-15712
-15792
-15875
-15968
-16052
-16184
-16319
-16413
-16542
-16699
-16806
-16917
-17098
-17226
-17382
-17506
-17628
-17756
-17894
-18033
-18207
-18354
-18485
-18619
-18752
-18939
-19119
-19203
-19354
-19487
-19619
-19827
-19945
-19569
-20222
-20373
-20478
-20605
-20697
-20792
-20911
-20980
-21046
-21111
-21176
-21224
-21241
-21237
-21231
-21218
-21212
-21210
-21186
-21165
-21092
-21029
-20949
-20838
-20752
-20710
-20661
-20594
-21000
-20399
-20252
-20060
-19896
-19785
-19668
-19560
-19457
-19329
-19163
-18985
-18831
-18678
-19037
-18409
-18327
-18209
-18027
-17894
-17764
-17625
-17500
-17365
-17233
-17562
-16894
-16781
-16678
-16508
-16361
-16237
-16096
-15964
-15854
-15743
-15630
-15455
-15266
-15630
-15006
-14869
-14787
-15125
-14443
-14359
-14287
-14189
-14027
-13878
-13792
-13747
-13699
-13636
-13558
-13478
-13436
-13376
-13334
-13270
-13205
-13189
-13247
-13312
-13357
-13394
-13388
-13418
-13466
-13502
-13560
-13659
-13735
-13802
-13886
-13949
-14027
-13697
-14300
-14409
-14497
-14586
-14680
-14779
-14892
-15025
-14670
-15260
-15422
-15575
-15691
-15876
-16033
-16189
-16344
-16491
-16651
-16815
-16949
-16628
-17289
-17417
-17121
-17819
-17993
-18159
-18298
-18483
-18668
-18806
-18972
-19170
-19331
-19491
-19668
-19827
-20006
-20186
-20352
-20571
-20728
-20876
-21041
-21210
-21441
-21686
-21857
-22018
-22195
-22355
-22516
-22640
-22815
-22997
-23146
-23298
-23438
-23541
-23703
-23785
-23894
-24063
-24174
-24235
-24306
-24388
-24459
-24546
-24626
-24707
-24760
-24806
-24901
-25006
-25077
-25079
-25128
-25163
-25178
-25182
-25161
-25182
-25197
-25170
-25136
-25109
-25044
-24972
-24869
-24775
-24680
-24617
-24521
-24909
-24292
-24123
-24010
-23876
-23712
-23588
-23459
-23296
-23151
-23445
-22739
-22567
-22428
-22296
-22048
-21875
-21691
-21502
-21338
-21113
-20915
-20668
-20481
-20346
-20151
-19922
-19737
-19556
-19352
-19209
-18989
-18787
-18642
-18489
-18325
-18170
-17980
-17863
-17730
-17604
-17516
-17396
-17237
-17136
-17063
-17010
-16976
-16938
-16911
-16892
-16867
-16876
-16888
-16867
-16852
-16842
-16848
-16917
-16966
-17006
-17041
-17115
-17180
-17216
-17268
-17375
-17506
-17619
-17741
-17846
-17934
-17995
-18079
-18222
-18348
-18418
-18512
-18655
-18831
-19008
-19142
-19218
-19359
-19102
-19836
-19584
-20327
-20065
-20766
-20968
-21126
-21235
-21363
-21487
-21560
-21615
-21688
-21749
-21678
-21611
-21611
-21609
-21565
-21523
-21449
-21363
-21260
-21210
-21153
-21493
-20829
-20771
-20623
-20478
-20359
-20153
-19995
-19863
-19756
-19642
-19470
-19344
-19243
-19121
-19008
-18842
-18726
-18628
-18497
-18344
-18134
-17968
-17783
-17632
-17407
-17249
-17046
-16857
-16668
-16523
-16378
-16188
-16020
-15804
-15678
-15592
-15438
-15262
-15191
-15086
-14960
-14821
-14756
-14668
-14586
-14542
-14521
-14514
-14474
-14369
-14384
-14401
-14420
-14449
-14516
-14588
-14180
-14802
-14892
-14913
-15086
-15277
-15319
-15357
-15455
-15600
-15743
-15836
-15840
-15976
-16069
-16102
-16140
-16207
-16201
-16147
-16193
-16210
-16159
-16125
-16008
-15915
-15848
-15749
-15571
-15457
-15373
-15220
-15042
-14865
-14693
-14495
-14296
-14102
-13901
-14125
-13428
-13209
-12901
-12617
-12438
-12695
-11930
-11691
-11354
-11067
-10804
-10613
-10296
-9878
-9619
-9350
-9014
-9277
-8550
-8739
-7993
-7705
-7489
-7804
-7138
-6932
-6823
-6686
-6558
-6426
-6373
-6378
-6338
-6283
-6245
-6287
-6306
-6306
-6375
-6394
-6455
-6521
-6581
-6651
-6747
-6905
-7029
-7142
-7287
-7415
-7535
-7611
-7695
-7787
-7896
-7957
-8025
-8117
-8147
-8123
-8142
-8146
-8094
-8109
-8081
-8046
-8008
-7928
-7899
-7785
-7682
-7584
-7499
-7436
-7388
-7354
-7298
-7325
-7319
-7323
-7380
-7464
-7598
-7739
-7336
-7922
-8083
-7838
-8550
-8647
-8334
-8932
-9121
-8804
-9375
-9428
-9518
-9569
-9621
-9607
-9546
-9581
-9539
-9459
-9334
-9191
-9058
-8884
-8682
-8443
-8178
-7941
-7625
-7432
-7134
-7304
-6480
-6161
-5875
-5529
-5231
-4951
-4688
-4873
-4186
-4071
-3840
-3625
-3453
-3287
-3109
-3033
-3394
-2804
-2812
-2770
-2749
-2783
-2819
-2836
-2896
-2991
-3056
-3105
-3231
-3329
-3447
-3483
-3550
-3615
-3737
-3861
-3960
-4042
-4195
-4294
-4376
-4504
-4573
-4638
-4768
-4901
-4932
-5023
-5121
-5159
-5197
-5214
-5218
-5302
-5355
-5334
-5317
-5306
-5338
-5306
-5233
-5245
-5218
-5209
-5130
-5044
-4991
-4911
-4829
-4813
-4773
-4699
-4592
-4588
-4520
-4424
-4352
-4294
-4256
-4167
-4090
-4000
-3947
-3871
-3796
-3714
-3699
-3735
-3665
-3651
-3722
-3796
-3833
-3827
-3939
-4006
-4048
-4073
-4069
-4174
-4291
-4333
-4378
-4493
-4594
-4661
-4749
-4817
-4876
-4978
-5025
-5031
-5104
-5203
-5212
-5285
-5340
-5346
-5329
-5375
-5474
-5521
-5533
-5521
-5542
-5577
-5634
-5630
-5619
-5628
-5646
-5649
-5667
-5651
-5623
-5625
-5682
-5672
-5615
-5569
-5542
-5571
-5604
-5556
-5556
-5499
-5424
-5405
-5310
-5319
-5359
-5287
-5268
-5216
-5195
-5184
-5146
-5161
-5184
-5178
-5155
-5098
-5241
-5344
-5365
-5401
-5497
-5642
-5758
-5838
-5938
-5966
-6104
-6203
-6258
-6331
-6401
-6457
-6548
-6667
-6707
-6716
-6766
-6817
-6365
-6930
-6909
-6980
-7033
-7098
-7159
-7182
-7163
-7161
-7109
-7193
-7228
-7247
-7250
-7289
-7289
-7319
-7375
-7397
-7438
-7455
-7474
-7491
-7586
-7640
-7640
-7684
-7808
-7894
-7907
-7974
-8069
-8138
-8250
-8413
-8516
-8619
-8686
-8714
-8831
-8915
-9016
-9130
-9258
-9365
-9514
-9607
-9762
-9876
-10006
-10168
-10289
-10445
-10579
-10638
-10720
-10863
-10995
-11105
-10768
-11382
-11470
-11567
-11247
-11888
-11934
-12029
-12104
-11728
-12287
-12380
-12478
-12542
-12562
-12625
-12688
-12743
-12781
-12846
-12901
-12909
-12941
-12945
-13000
-12974
-12959
-12989
-13054
-13105
-13123
-13189
-13264
-13243
-13365
-13537
-13571
-13626
-13695
-13800
-13857
-13917
-13941
-14012
-14105
-14167
-14226
-14298
-14361
-14407
-14499
-14558
-14592
-14642
-14628
-14665
-14676
-14684
-14647
-14689
-14693
-14640
-14560
-14468
-14470
-14445
-14434
-14397
-14329
-14258
-14254
-14287
-14331
-14331
-14310
-14392
-14495
-14518
