-43182
-43233
-43218
-43107
-43014
-42934
-42829
-42695
-42521
-42329
-42222
-42167
-42073
-41968
-41867
-41854
-41875
-41846
-41829
-41903
-41962
-41953
-41903
-41882
-41897
-41821
-41565
-42100
-42044
-41867
-41806
-41756
-41689
-41584
-41497
-41468
-41447
-41512
-41640
-41747
-41882
-41964
-41533
-42000
-41926
-41775
-41575
-41342
-41182
-40970
-40831
-40701
-40619
-40459
-40434
-40422
-40373
-40354
-40331
-40258
-40233
-40535
-39855
-39689
-40052
-39430
-39338
-39216
-39102
-38943
-38653
-38407
-38323
-38222
-38077
-37980
-38008
-38008
-37960
-37892
-37844
-37758
-38107
-37397
-37167
-36936
-37069
-36266
-35951
-35730
-35502
-35350
-35254
-35291
-35354
-35386
-35500
-35529
-35605
-35697
-35701
-35750
-35710
-35607
-35512
-35457
-35319
-35235
-35216
-35195
-35201
-35279
-35308
-35294
-35373
-35369
-35348
-35346
-35268
-35205
-35140
-35096
-35027
-35029
-35113
-35119
-35027
-34980
-35021
-35073
-35025
-34999
-35010
-35000
-34970
-34987
-35002
-34962
-34896
-34773
-34689
-34577
-34502
-34392
-34384
-34354
-34397
-34411
-34506
-34670
-34848
-34978
-35126
-35197
-35283
-35390
-35417
-35378
-35348
-35354
-35367
-35312
-35193
-35144
-35107
-35063
-35027
-34976
-34962
-34892
-34848
-34808
-34773
-35155
-34520
-34430
-34363
-34163
-33957
-33838
-34199
-33613
-33562
-33533
-33598
-33228
-33733
-33737
-33840
-33934
-34048
-34090
-34140
-34182
-34189
-34126
-33997
-33859
-33720
-33485
-33325
-33132
-32909
-33209
-32525
-32287
-32098
-31928
-31768
-31556
-31405
-31750
-31146
-30993
-30754
-30636
-30546
-30443
-30760
-30245
-30245
-30302
-30333
-30407
-30491
-30701
-30836
-30955
-31109
-31207
-30789
-31365
-31424
-31472
-31464
-31388
-31327
-31739
-31142
-31042
-30894
-30743
-30581
-30459
-30201
-30010
-29855
-29602
-29441
-29203
-29041
-28957
-29308
-28644
-28531
-28441
-28302
-28266
-28283
-28233
-28209
-28210
-28178
-28180
-28245
-28308
-28312
-28376
-28449
-28571
-28623
-28703
-28785
-28903
-28993
-29048
-29039
-29050
-29128
-29130
-29035
-28901
-28875
-28844
-28724
-28659
-28577
-28500
-28468
-28430
-28455
-28478
-28504
-28468
-28455
-28388
-28428
-28451
-28445
-28403
-28365
-28365
-28821
-28317
-28331
-28304
-28275
-28308
-28388
-28457
-28483
-28537
-28647
-28647
-28661
-28781
-28836
-28903
-28932
-28951
-29012
-29031
-28999
-29042
-29111
-29060
-28983
-29058
-29079
-29037
-29023
-28913
-28945
-28949
-28854
-28804
-28804
-28789
-28701
-28567
-28485
-28359
-28296
-28247
-28130
-28073
-27957
-27798
-27644
-27518
-27361
-27250
-27117
-26903
-26756
-26628
-26474
-26350
-26191
-26021
-26376
-25699
-25487
-25258
-25109
-24953
-24791
-24651
-24438
-24300
-24102
-23905
-23651
-23888
-23136
-22815
-22653
-22542
-22418
-22363
-22315
-22367
-22409
-21991
-22558
-22630
-22684
-22781
-22520
-23214
-23021
-23733
-24054
-23972
-24897
-25363
-25787
-26218
-26733
-27222
-27787
-28275
-28792
-28840
-29791
-29848
-30752
-31149
-31480
-31270
-32010
-32098
-32186
