-38037
-37833
-37663
-37422
-37230
-37054
-36779
-36720
-37130
-36535
-36359
-36306
-36344
-36334
-36333
-36310
-36304
-36319
-36346
-36409
-36460
-36500
-36594
-36163
-36724
-36823
-36884
-36980
-36964
-36966
-36876
-36775
-36707
-36581
-36394
-36188
-36020
-35815
-35575
-35333
-35123
-34938
-34718
-34556
-34342
-34155
-34046
-33968
-33842
-33718
-33670
-33678
-33609
-33598
-33609
-33583
-33615
-33709
-33852
-34056
-34287
-34478
-34733
-34957
-35065
-35153
-35210
-35151
-35117
-35041
-34907
-34840
-34701
-34604
-34562
-34476
-34401
-34260
-34170
-34075
-33936
-33791
-33684
-33563
-33521
-33510
-33531
-33508
-33527
-33588
-33575
-33693
-33846
-33918
-33993
-34006
-34077
-33724
-34327
-34432
-34500
-34560
-34588
-34607
-34592
-34537
-34516
-34533
-34558
-34470
-34384
-34373
-34331
-34258
-34168
-34100
-34002
-34002
-33934
-33871
-33934
-33915
-33888
-33901
-33813
-33745
-33699
-33703
-33739
-33810
-33983
-34165
-34323
-34474
-34533
-34655
-34733
-34735
-34697
-34657
-34499
-34300
-34113
-33859
-33661
-33460
-33239
-32987
-32743
-32508
-32270
-32128
-31968
-31817
-31625
-31453
-31382
-31315
-31228
-31138
-31167
-31195
-30781
-31294
-31281
-31365
-31499
-31693
-31794
-31840
-31947
-32088
-32218
-32392
-32556
-32590
-32611
-32638
-32716
-32730
-32573
-32449
-32438
-32420
-32449
-32499
-32504
-32659
-32794
-32813
-32857
-32873
-32823
-32808
-32625
-32495
-32396
-32733
-32117
-32004
-31896
-31770
-31634
-31436
-31203
-30972
-30783
-30476
-30205
-29918
-29722
-29619
-29562
-29495
-29472
-29500
-29502
-29607
-29630
-29720
-29833
-29989
-30130
-30205
-30411
-30584
-30777
-30918
-31081
-31243
-31344
-31411
-31457
-31476
-31500
-31481
-31376
-31756
-31180
-31092
-30955
-30812
-30640
-30413
-30186
-29920
-29594
-29392
-29130
-28865
-28636
-28415
-28388
-28323
-28235
-28233
-28317
-28386
-28468
-28628
-28796
-28959
-29075
-29266
-29394
-29495
-29619
-29667
-29699
-29869
-29939
-30042
-30029
-30117
-30146
-30178
-30233
-30262
-30214
-30125
-30065
-29918
-29762
-29588
-29375
-29193
-28985
-28665
-28407
-28270
-28083
-27926
-27806
-27577
-27457
-27848
-27277
-27149
-27033
-26947
-26938
-26897
-26911
-26955
-27035
-27176
-27271
-27354
-27455
-27571
-27674
-27733
-27737
-27768
-27798
-27783
-27829
-27781
-27808
-27831
-27817
-27838
-27897
-27928
-27901
-27932
-27972
-28012
-28016
-27974
-27980
-28025
-28033
-28092
-28147
-28241
-28321
-28823
-28312
-28348
-28279
-28210
-28014
-27817
-27655
-27512
-27407
-27359
-27386
-27392
-27298
-27252
-27273
-27298
-27357
-27413
-27434
-27476
-27464
-27470
-27483
-27483
-27430
-27842
-27287
-27218
-27058
-26892
-26762
-26689
-26640
-26483
-26407
-26344
-26388
-26413
-26426
-26459
-26504
-26607
-26728
-26829
-26972
-26999
-27048
-27159
-27147
-27262
-27317
-27411
-27516
-27695
-27390
-28021
-28178
-28300
-28491
-28642
-28825
-28943
-29018
-29125
-29155
-29184
-29218
-29191
-29199
-29207
-29138
-29065
-28926
-28804
