-17216
-17252
-17270
-17313
-17357
-17415
-17457
-17521
-17588
-17556
-17615
-17693
-17747
-17714
-17791
-17792
-17779
-17766
-17752
-17709
-17636
-17583
-17617
-17604
-17107
-17634
-17588
-17676
-17651
-17689
-17714
-17787
-17806
-17861
-17857
-17936
-17981
-18041
-18048
-18165
-18249
-18365
-18497
-18084
-18688
-18842
-18980
-19146
-19283
-19386
-19525
-19705
-19792
-19882
-20018
-20205
-20289
-20315
-20373
-20491
-20617
-20699
-20743
-20783
-20827
-20947
-21063
-21119
-21216
-21306
-21449
-21541
-21642
-21722
-21804
-21886
-21915
-22033
-22105
-22161
-22201
-22216
-22184
-22199
-22209
-22191
-22083
-22050
-21983
-21959
-21901
-21825
-21817
-21819
-21812
-21882
-21892
-21899
-21892
-21938
-22046
-22069
-22153
-22174
-22230
-22348
-22449
-22537
-22709
-22781
-22909
-23014
-23176
-23306
-23000
-23665
-23783
-23857
-23981
-24136
-24170
-24205
-24256
-24304
-24340
-24388
-24415
-24521
-24579
-24665
-24733
-24775
-24819
-24884
-24934
-24918
-24846
-24846
-24775
-24773
-24777
-24684
-24644
-24577
-24510
-24546
-24563
-24554
-24542
-24514
-24472
-24485
-24468
-24455
-24422
-24493
-24550
-24636
-24701
-24840
-25021
-25140
-25226
-24928
-25590
-25716
-25794
-25924
-26054
-26163
-26283
-26348
-26434
-26626
-26758
-26884
-26943
-27069
-27191
-27310
-26876
-27483
-27644
-27760
-27888
-27980
-28039
-28121
-28275
-28298
-28413
-28563
-28661
-28718
-28365
-29000
-29067
-29090
-29142
-29258
-28829
-29292
-29289
-29327
-29376
-29365
-29333
-29317
-29289
-29218
-29163
-29231
-29207
-29170
-29081
-29058
-29140
-29176
-29159
-29189
-29271
-29365
-29457
-29577
-29730
-29319
-29331
-29934
-30027
-30063
-30146
-30264
-30273
-30313
-30350
-30775
-30319
-30397
-30472
-30489
-30323
-30153
-29911
-29728
-29699
-29716
-29655
-29630
-29644
-29693
-29634
-29565
-29678
-29831
-29926
-29955
-30056
-30193
-29812
-30378
-30575
-30707
-30752
-30865
-30945
-31042
-31119
-31180
-31195
-31201
-31189
-31134
-31020
-30930
-31260
-30626
-30399
-30193
-29997
-29831
-29626
-29405
-29180
-28949
-28722
-28550
-28394
-28252
-28149
-28123
-27949
-27792
-27611
-27521
-27449
-27283
-27239
-27167
-27035
-26947
-26907
-26773
-26602
-26514
-26550
-26544
-26573
-26581
-26630
-26667
-26665
-26678
-26775
-26762
-26785
-26827
-26831
-26836
-26842
-26850
-26920
-26938
-26951
-27006
-27054
-27113
-27163
-27172
-27186
-27228
-27306
-27230
-27134
-27136
-27050
-26976
-26901
-26844
-26844
-26794
-26804
-26834
-26806
-26779
-26611
-26562
-26565
-26640
-26796
-26854
-27031
-27230
-27304
-27329
-27380
-27489
-27443
-27382
-27367
-27346
-27260
-27102
-27037
-26989
-26735
-26468
-26401
-26871
-26287
-26298
-26270
-26107
-25938
-25775
-25537
-25195
-24938
-24791
-24581
-24537
-24455
-24453
-24418
-24462
-24493
-24497
-24562
-24602
-24626
-24724
-24710
-24670
-24670
-24730
-24714
-24699
-24739
-24812
-24806
-24838
-24430
-24938
-24859
-24831
-24869
-24888
-24894
-24888
-24869
-24846
-24873
-24821
