-23840
-24168
-24411
-24604
-24810
-25094
-25348
-25520
-25762
-25960
-26191
-26378
-26535
-26661
-26808
-26876
-26968
-27035
-27088
-27035
-27063
-27071
-27113
-27102
-27086
-27060
-27031
-26978
-26918
-26834
-26775
-26674
-26535
-26485
-26436
-26266
-26071
-25985
-25850
-25653
-25541
-25380
-25262
-25130
-25008
-25392
-24817
-24752
-24644
-24592
-24512
-24449
-24495
-24550
-24487
-24535
-24588
-24678
-24697
-24714
-24792
-24823
-24911
-25016
-25144
-25273
-25426
-25558
-25689
-25789
-25939
-26096
-26352
-26470
-26617
-26834
-26989
-27083
-27245
-27420
-27535
-27611
-27789
-27941
-28060
-28193
-27855
-28451
-28481
-28531
-28609
-28646
-28672
-28707
-28730
-28676
-28651
-28646
-28649
-28632
-28625
-28619
-28605
-28558
-28525
-28443
-28821
-28235
-28132
-28128
-28020
-27943
-27821
-27760
-27730
-27628
-27508
-27420
-27848
-27373
-27354
-27338
-27317
-27331
-27392
-27394
-27432
-27512
-27567
-27638
-27731
-27376
-27915
-27985
-28092
-28209
-28352
-28499
-28565
-28703
-28857
-28947
-28995
-29062
-29153
-29203
-29235
-28842
-29411
-29485
-29544
-29594
-29649
-29750
-29827
-29867
-29878
-29945
-29980
-29999
-30029
-30058
-30100
-30115
-30111
-30142
-30178
-30180
-30163
-30163
-30188
-30193
-30188
-30174
-30157
-30170
-30201
-30220
-30220
-30199
-30157
-30147
-30147
-30151
-30100
-30056
-30050
-30062
-30023
-29934
-29859
-29834
-29798
-29750
-29682
-29598
-29558
-29554
-29529
-29499
-29430
-29344
-29794
-29256
-29209
-29159
-29100
-29033
-29008
-29006
-28951
-28869
-28831
-28798
-28752
-28743
-28705
-28626
-28533
-28481
-28426
-28346
-28308
-28264
-28199
-28109
-28041
-28006
-27905
-28327
-27766
-27699
-27661
-27598
-27531
-27483
-27415
-27354
-27321
-27264
-27226
-27203
-27167
-27134
-27098
-27077
-27042
-27010
-27008
-26987
-26939
-26894
-27357
-26842
-26827
-26783
-26775
-26777
-26775
-26730
-26634
-26562
-26537
-26520
-26510
-26462
-26426
-26375
-26327
-26252
-26170
-26113
-26104
-26090
-26104
-26090
-26075
-26039
-25991
-25932
-26382
-25848
-25825
-25771
-25730
-25674
-25607
-25562
-25514
-25497
-25470
-25443
-25428
-25434
-25386
-25310
-25247
-25216
-25170
-25136
-25100
-25039
-24995
-24939
-24901
-24878
-24810
-24760
-24741
-24697
-24651
-24592
-24569
-24529
-24439
-24415
-24392
-24390
-24382
-24352
-24289
-24205
-24157
-24163
-24172
-24153
-24100
-24025
-23960
-23886
-23834
-23783
-23699
-23642
-23558
-23453
-23363
-23231
-23134
-23044
-22903
-22770
-22682
-22644
-22602
-22544
-22434
-22308
-22222
-22184
-22151
-22104
-22063
-22039
-22472
-21880
-21823
-21787
-21756
-21722
-21703
-21680
-21646
-21657
-21741
-21756
-21747
-21739
-21766
-21836
-21899
-21947
-22025
-22126
-22178
-22243
-22342
-22426
-22493
-22539
-22594
-22716
-22808
-22899
-22939
-23002
-23102
-23230
-23285
-23302
-23361
-23445
-23491
-23516
-23567
-23611
-23642
-23659
-23663
-23688
-23689
-23693
-23667
-23647
-23604
-23562
-23539
-23500
-23938
-23384
-23233
-23109
-23441
-22815
-22733
-22623
-22939
-22298
-22115
-21966
-21848
-21693
-21565
-21438
-21281
-21136
-21481
-20844
-20707
-20604
-20468
-20348
-20268
-20136
-20002
-19896
-19752
-19661
-19571
-19512
-19407
-19289
-19157
-19058
-18953
-18842
-18724
-19050
-18438
-18369
-18298
-18231
-18121
-17978
-17865
-17754
-17651
-17533
-17445
-17313
-17205
-17136
-17027
-16955
-16876
-16800
-16731
-16674
-16626
-16569
-16495
-16470
-16457
-16439
-16417
-16417
-16418
-16403
-16371
-16319
-16281
-16292
-16312
-16300
-16317
-16348
-16388
-16432
-16434
-16453
-16478
-16537
-16592
-16665
-16710
-16768
-16785
-16848
-16966
-16615
-17195
-17264
-17329
-17394
-17478
-17583
-17701
-17897
-18020
-18104
-18149
-18197
-18254
-18375
-18443
-18529
-18611
-18621
-18644
-18695
-18756
-18791
-18840
-18848
-18894
-18909
-18920
-18917
-18926
-18926
-18928
-18945
-18953
-18907
-18873
-18869
-18834
-18806
-18756
-18672
-18609
-18544
-18470
-18371
-18260
-18142
-18004
-17909
-17815
-17638
-17449
-17317
-17151
-16949
-16785
-17077
-16403
-16224
-15978
-15796
-15680
-15464
-15188
-14993
-14796
-14615
-14445
-14222
-14029
-13764
-13541
-13342
-13075
-12773
-12539
-12285
-12065
-11863
-11598
-11336
-11117
-10875
-10628
-10451
-10289
-10077
-9827
-9604
-9439
-9243
-9041
-8886
-8691
-8533
-8388
-8254
-8134
-8021
-7850
-7707
-7653
-7567
-7506
-7438
-7409
-7396
-7355
-7319
-7260
-7207
-7258
-7268
-7275
-7247
-7199
-7201
-7230
-7254
-7270
-7329
-7350
-7367
-7388
-7451
-7529
-7607
-7674
-7758
-7815
-7850
-7936
-8031
-8161
-8258
-7825
-8399
-8512
-8609
-8735
-8806
-8926
-9090
-9226
-9336
-9451
-9567
-9695
-9823
-9924
-10027
-10170
-9789
-10397
-10516
-10625
-10743
-10834
-10926
-11065
-11159
-11235
-11308
-11388
-11485
-11537
-11590
-11670
-11705
-11701
-11747
-11794
-11844
-11897
-11909
-11920
-11947
-11981
-12027
-12041
-12037
-12056
-12075
-12071
-12079
-12109
-12138
-12161
-12132
-12134
-12104
-12067
-12012
-11953
-11976
-11999
-12004
-11974
-11892
-11840
-11779
-11749
-11716
-11667
-11644
-11594
-11558
-11525
-11497
-11500
-11470
-11363
-11262
-11212
-11203
-11235
-11268
-11220
-11170
-11098
-11050
-11063
-11094
-11105
-11075
-11063
-11027
-10978
-10985
-11010
-11033
-11048
-11041
-10997
-10955
-10924
-10915
-10903
-10886
-10911
-10938
-10941
-10897
-10806
-10760
-10773
-10792
-10817
-10787
-10750
-10718
-10684
-10607
-10548
-10518
-10460
-10373
-10308
-10243
-10214
-10119
-10042
-9966
-9882
-9823
-10258
-9720
-9661
-9594
-9510
-9483
-9476
-9394
-9294
-9247
-9218
-9167
-9090
-8995
-8981
-8995
-9000
-8964
-8915
-8838
-8777
-8739
-8697
-8647
-8625
-8642
-8659
-8657
-8651
-8651
-8678
-8672
-8638
-8598
-8575
-8592
-8644
-8691
-8688
-8676
-8691
-8691
-8691
-8691
-8691
-8707
-8730
-8773
-8819
-8829
-8815
-8817
-8840
-8865
-8867
-8836
-8821
-8827
-8833
-8802
-8815
-8838
-8867
-8884
-8909
-8892
-8884
-8913
-8945
-8957
-8941
-8936
-8939
-8985
-9012
-9033
-9031
-9069
-9096
-9111
-9102
-9073
-9088
-9094
-9079
-9132
-9168
-9235
-9268
-9291
-9334
-9354
-9359
-9430
-9529
-9590
-9617
-9642
-9686
-9728
-9785
-9865
-9924
-9966
-10016
-10054
-10081
-10092
-10153
-10176
-10188
-10249
-10277
-10285
-10300
-10310
-10271
-10254
-10239
-10191
-10125
-10067
-10050
-10027
-9930
-9804
-9731
-9663
-9619
-9531
-9409
-9302
-9231
-9142
-9025
-8884
-8741
-8657
-8600
-8516
-8432
-8794
-8178
-8113
-8031
-7941
-7863
-7804
-7741
-7682
-7577
-7499
-7460
-7447
-7411
-7817
-7260
-7235
-7212
-7189
-7157
-7094
-7048
-7054
-7058
-7050
-7033
-7012
-7020
-7039
-7042
-7031
-7004
-6974
-7010
-7044
-7088
-7144
-7149
-7134
-7123
-7161
-7210
-7222
-7250
-6850
-7350
-7378
-7457
-7550
-7581
-7590
-7615
-7644
-7689
-7697
-7718
-7785
-7834
-7842
-7873
-7915
-7966
-8014
-8062
-8119
-8132
-8134
-8186
-8235
-7819
-8355
-8403
-8480
-8521
-8556
-8556
-8586
-8640
-8693
-8747
-8792
-8871
-8878
-8886
-8930
-8945
-8987
-9042
-9088
-9128
-9094
-9094
-9149
-9180
-9167
-9128
-9163
-9207
-9243
-9214
-9174
-9128
-9092
-9107
-9134
-9144
-9146
-9134
-9119
-9105
-9083
-9075
-9046
-9006
-8989
-8934
-8844
-8771
-8699
-8647
-8628
-8575
-8512
-8409
-8354
-8315
-8231
-8084
-8008
-7941
-7842
-7770
-7728
-7688
-7623
-7500
-7443
-7369
-7275
-7180
-7083
-6976
-6897
-6762
-6607
-6500
-6401
-6831
-6262
-6117
-5978
-6348
-5770
-5703
-5625
-5466
-5298
-5142
-5073
-5021
-4947
-4852
-4785
-4705
-4640
-4626
-4571
-4506
-4462
-4428
-4415
-4401
-4882
-4382
-4394
-4361
-4371
-3915
-4459
-4521
-4575
-4613
-4613
-4638
-4676
-4739
-4850
-4915
-4970
-5004
-5046
-5115
-5207
-5296
-5392
-5460
-5533
-5619
-5691
-5728
-5781
-5854
-5922
-6018
-6096
-6147
-6228
-6308
-6350
-6401
-6455
-6495
-6554
-6577
-6583
-6613
-6667
-6726
-6827
-6873
-6896
-6926
-6959
-7000
-7050
-7117
-7245
-7262
-7302
-7409
-7514
-7590
-7644
-7695
-7663
-7613
-7600
-7617
-7609
-7573
-7546
-7527
-7539
-7533
-7422
-7409
-7392
-7336
-7310
-7214
-7176
-7128
-7029
-6873
-6777
-6581
-6378
-6172
-6063
-5827
-5659
-5460
-5329
-5142
-5000
-4812
-4619
-4510
-4449
-4399
-4407
-4338
-4212
-4081
-4000
-3926
-3852
-3808
-3745
-3764
-3728
-3731
-3737
-3705
-3699
-3783
-3875
-3938
-4006
-4115
-4186
-4184
-4254
-4315
-4430
-4552
-4604
-4651
-4689
-4808
-4884
-4953
-5002
-5046
-5147
-5310
-5428
-5460
-5542
-5653
-5756
-5836
-5873
-5924
-5953
-5972
-5991
-6018
-6048
-6123
-6128
-6138
-6264
-6323
-6426
-6565
-6684
-6680
-6815
-6857
-6945
-7081
-7186
-7199
-7317
-7466
-7541
-7691
-7886
-7999
-8050
-8224
-8359
-8468
-8525
-8571
-8644
-8653
-8661
-8598
-8588
-8581
-8539
-8529
-8497
-8342
-8319
-8258
-8086
-8008
-7884
-7718
-7529
-7405
-7340
-7172
-7086
-6878
-6733
-6577
-6407
-6231
-6138
-6035
-5907
-5674
-5584
-5487
-5420
-5302
-5165
-5102
-5084
-5069
-5025
-4947
-4915
-5373
-4903
-4918
-4981
-4951
-4896
-4909
-4960
-5004
-5037
-5094
-5144
-5161
-5230
-5302
-5363
-5361
-4890
-5355
-5399
-5396
-5369
-5348
-5283
-5262
-5231
-5184
-5117
-5033
-4905
-4876
-4833
-4808
-4728
-4598
-4541
-4457
-4451
-4417
-4375
-4308
-4226
-4121
-4130
-4098
-4033
-4025
-4058
-4010
-3960
-3920
-3913
-3876
-3789
-3764
-3800
-3821
-3756
-3710
-3688
-3712
-3722
-3710
-3791
-3850
-3909
-4025
-4056
-4178
-4235
-4321
-4384
-4396
-4460
-4539
-4565
-4630
-4670
-4709
-4739
-4777
-4794
-4831
-4913
-4980
-5004
-5096
-5146
-5182
-5197
-5252
-5260
-5334
-5346
-5426
-5418
-5460
-5646
-5680
-5747
-5810
-5934
-6105
-6168
-6247
-6382
-6588
-6710
-6823
-7021
-7207
-6859
-7546
-7741
-7913
-8002
-8165
-8306
-8426
-8634
-8766
-8876
-9069
-9235
-9384
-9441
-9544
-9695
-9861
-9943
-10102
-10317
-10397
-10581
-10291
-10976
-11191
-11350
-11579
-11768
-12029
-12279
-12497
-12676
-12863
-13041
-12750
-13583
-13783
-14018
-14212
-14449
-14646
-14857
-15230
-15161
-15989
-16109
-16344
-16691
-16995
-17235
-17392
-17520
-17598
-17644
-17716
-17749
-17819
-17960
-17590
-18201
-18359
-18533
-18777
-18951
-19189
-19462
-19735
-19957
-20079
-20180
-20350
-20510
-20569
-20541
-20552
-20539
-20575
-20516
-20459
-20405
-20396
-20359
-20319
-20315
-20279
-20184
-20228
-20262
-20193
-20140
-20115
-20165
-20157
-20153
-20140
-20115
-20136
-20128
-20128
-20191
-20300
-20432
-20552
-20730
-20938
-21130
-21348
-21604
-21936
-22220
-21989
-22789
-23130
-23539
-23913
-24201
-24548
-24455
-25323
-25709
-26075
-26516
-26392
-27199
-27546
-27918
-28277
-28592
-28369
-29044
-29279
-29521
-29659
-29346
-29962
-30130
-30203
-30281
-30262
-30283
-30285
-30249
-30176
-30081
-30006
-29855
-29762
-29638
-29474
-29329
-29161
-29002
-28911
-28678
-28497
-28321
-28155
-27978
-28313
-27710
-27636
-27573
-27516
-27373
-27315
-27302
-27228
-27186
-27222
-27157
-27096
-27117
-27115
-27073
-27128
-27199
-27222
-27308
-27441
-27531
-27647
-27844
-27964
-28144
-28390
-28590
-28781
-29029
-29306
-29600
-29834
-30096
-30352
-30699
-30957
-31165
-31401
-31632
-31905
-32125
-32344
-32651
-32918
-33176
-33365
-33584
-33855
-34146
-34346
-34480
-34667
-34802
-34890
-34934
-35111
-35231
-35310
-35407
-35443
-35478
-35563
-35541
-35518
-35462
-35487
-35495
-35371
-35296
-35256
-35105
-35058
-34909
-34779
-34674
-34497
-34354
-34222
-33999
-34165
-33451
