-31880
-31791
-31680
-31594
-31499
-31434
-31344
-31277
-31188
-31050
-30951
-31258
-30693
-30583
-30478
-30371
-30277
-30191
-30113
-30042
-29976
-29964
-29926
-29756
-29756
-29716
-29626
-29604
-29539
-29415
-29365
-29212
-29107
-29031
-28960
-28972
-29031
-29033
-28962
-28995
-29090
-29132
-29147
-29186
-29218
-29220
-29271
-29334
-29407
-29460
-29491
-29499
-29651
-29632
-29632
-29625
-29581
-29562
-29550
-29563
-29535
-29531
-29460
-29411
-29384
-29392
-29394
-29354
-29264
-29203
-29115
-28970
-28903
-28775
-28714
-28640
-28495
-28363
-28189
-28090
-27932
-27724
-27588
-27455
-27300
-27121
-26989
-27357
-26737
-26649
-26623
-26642
-26558
-26548
-26598
-26615
-26592
-26617
-26684
-26682
-26710
-26730
-26674
-26678
-26684
-26686
-26623
-26562
-26558
-26533
-26455
-26409
-26422
-26445
-26508
-26464
-26439
-26430
-26426
-26438
-26354
-26291
-26285
-26266
-26298
-26270
-26210
-26180
-26115
-26039
-25934
-25773
-25663
-25592
-25457
-25300
-25151
-24955
-24783
-24649
-24464
-24361
-24191
-24018
-23941
-23934
-23876
-23775
-23647
-23619
-23602
-23579
-23550
-23556
-23537
-23512
-23493
-23434
-23428
-23397
-23342
-23277
-23237
-23191
-23153
-23050
-23451
-22976
-22991
-22945
-22823
-22661
-22625
-22535
-22396
-22302
-22207
-22090
-22014
-22008
-21955
-21926
-21964
-21899
-21915
-21957
-21972
-21995
-22065
-22065
-22111
-22180
-22218
-22260
-22233
-22155
-22084
-22052
-22052
-21953
-21812
-21703
-21556
-21331
-21207
-21062
-20855
-20642
-20409
-20167
-19964
-19804
-19634
-19525
-19392
-19310
-19178
-19039
-19035
-19004
-18573
-19079
-19126
-19126
-19205
-19342
-19512
-19712
-19865
-20075
-20336
-20052
-20686
-20947
-21142
-21371
-21541
-21665
-21735
-21833
-21863
-21829
-21743
-21699
-21682
-21598
-21978
-21361
-21333
-21302
-21216
-21128
-21058
-21027
-21029
-20926
-20880
-20901
-20903
-20850
-20815
-20813
-20808
-20716
-20678
-20640
-20594
-20594
-20581
-20569
-20600
-20592
-20600
-20663
-20840
-20947
-21495
-20939
-20913
-20953
-20899
-20813
-20747
-20718
-20731
-20674
-20651
-20678
-20686
-20710
-20810
-20976
-21052
-21123
-21254
-21418
-21621
-21720
-21709
-21707
-21779
-21808
-21768
-21764
-21747
-21604
-21539
-21466
-21409
-21346
-21203
-21075
-21495
-20938
-20852
-20739
-20659
-20613
-20523
-20422
-20409
-20390
-20336
-20354
-20378
-20489
-20508
-20039
-20573
-20644
-20705
-20688
-20750
-20842
-20880
-20892
-20938
-20999
-21033
-21018
-21000
-21020
-21041
-20949
-20943
-20936
-20897
-20831
-20722
-20636
-20565
-20445
-20312
-20191
-20500
-19831
-19705
-19584
-19420
-19245
-19153
-18983
-18911
-18844
-18840
-18756
-18737
-18695
-18707
-18728
-18745
-18722
-18720
-18781
-18892
-19054
-19136
-19250
-19365
-19481
-19670
-19823
-19970
-20054
-20186
-20355
-20481
-20573
-20628
-20777
-20869
-20947
-20959
-20876
-20854
-20943
-20896
-20909
-20859
-20848
-20789
-20665
-20556
-20497
-20436
-20491
-20474
-20485
-20478
-20470
-20363
-20313
-20298
