-24195
-24125
-24096
-24090
-24073
-24147
-24126
-24113
-24142
-24142
-24153
-24214
-24241
-24346
-23947
-24533
-24552
-24548
-24600
-24571
-24628
-24701
-24806
-24852
-24850
-24733
-24638
-24642
-24699
-24733
-24783
-24886
-24432
-24957
-25012
-24978
-25096
-25266
-25371
-25447
-25626
-25796
-25890
-26014
-26186
-26329
-26405
-26487
-26569
-26668
-26733
-26787
-26802
-26821
-26396
-27018
-27146
-27209
-27306
-27483
-27611
-27758
-27918
-28077
-28113
-28140
-28273
-28388
-28483
-28611
-28709
-28340
-28924
-28997
-29176
-29350
-29483
-29602
-29668
-29739
-29840
-29907
-29995
-30058
-30092
-30092
-30062
-30086
-30012
-29953
-30268
-29682
-29670
-29514
-29380
-29273
-29180
-29041
-28831
-28720
-28638
-28445
-28308
-28224
-28165
-28081
-27915
-27815
-27775
-27766
-27806
-27802
-27890
-27947
-28023
-28126
-28321
-28546
-28625
-28680
-28758
-28888
-29004
-29144
-29304
-29357
-29428
-29476
-29577
-29712
-29781
-29842
-29869
-29976
-30027
-30044
-30128
-30161
-30048
-30060
-30054
-30050
-30035
-30018
-30069
-30149
-30149
-30077
-30096
-30159
-30168
-30195
-30188
-30117
-30077
-30033
-30014
-29943
-29855
-29783
-29699
-29584
-29527
-29493
-29371
-29279
-29262
-29209
-29207
-29153
-29161
-29111
-29088
-29111
-29071
-29006
-28918
-28785
-28760
-28644
-28495
-28417
-28304
-28241
-28207
-28121
-27976
-27957
-28336
-27773
-27674
-27539
-27436
-27380
-27231
-27168
-27184
-27111
-27060
-27054
-27052
-27067
-27132
-27195
-27300
-27434
-27573
-27691
-27819
-27970
-28151
-28252
-28323
-28428
-28459
-28491
-28529
-28565
-28628
-28636
-28615
-28548
-28497
-28518
-28422
-28247
-28125
-28044
-27964
-27806
-27611
-27468
-27373
-27254
-27084
-26922
-26771
-26634
-26562
-26445
-26863
-26275
-26126
-26041
-26083
-25989
-25896
-25871
-25888
-25848
-25836
-25813
-25773
-25810
-25810
-25718
-25760
-25792
-25821
-25842
-25911
-25928
-25959
-25934
-25985
-26044
-26083
-26107
-26073
-26002
-25959
-25913
-25815
-25680
-25495
-25340
-25277
-25115
-25014
-25000
-24882
-24735
-24680
-24625
-24640
-24657
-24682
-24640
-24678
-24697
-24766
-24840
-24882
-25000
-25121
-25241
-25361
-25491
-25647
-25762
-25941
-26094
-26176
-26247
-26441
-26550
-26569
-26584
-26703
-26691
-26686
-26735
-26701
-26691
-26632
-26556
-26441
-26298
-26167
-26111
-26018
-25817
-25565
-25875
-25260
-25180
-25155
-25178
-25121
-25371
-24731
-24796
-24941
-24957
-25029
-25147
-25191
-25243
-25226
-25245
-25252
-25189
-25168
-25165
-25142
-25107
-25121
-25092
-25000
-24903
-24892
-24792
-24634
-24897
-24094
-23852
-23525
-23178
-22825
-22909
-22048
-21649
-21357
-21090
-20768
-20565
-20386
-20313
-20275
-20218
-20226
-20329
-20441
-20510
-20539
-20623
-20806
-21062
-21302
-21487
-21649
-21642
-21974
-21285
-21088
-20802
-20468
-20331
-20296
-20355
-20086
-20932
-21373
-21915
-22453
-22932
-23210
-23325
-23180
-22920
-22890
-21861
-21079
-20340
-19945
-18647
-18516
-17499
-17243
-17035
-16964
-17081
