-26773
-26691
-26611
-26541
-26546
-26539
-26447
-26418
-26285
-26123
-26006
-25930
-25854
-25850
-25804
-25819
-25802
-25699
-25619
-25592
-25569
-25573
-25602
-25529
-25497
-25478
-25489
-25434
-25441
-25489
-25459
-25439
-25367
-25291
-25220
-25142
-25012
-24928
-24875
-24680
-24583
-24500
-24497
-24438
-24313
-24252
-24201
-24086
-23955
-23899
-23825
-23705
-23542
-23443
-23409
-23315
-23109
-22934
-22913
-22796
-22642
-22569
-22539
-22506
-22428
-22342
-22378
-22365
-22323
-22310
-22334
-22350
-22382
-22386
-22445
-22474
-22451
-22453
-22500
-22571
-22607
-22581
-22613
-22737
-22840
-22905
-22932
-23041
-23195
-23273
-23342
-23396
-23428
-23447
-23485
-23520
-23552
-23583
-23560
-23600
-23604
-23615
-23638
-23699
-23688
-23657
-23701
-23720
-23688
-23693
-23731
-23762
-23756
-23754
-23777
-23791
-23768
-23749
-23716
-23674
-23668
-23663
-23653
-23688
-23693
-23636
-23663
-23722
-23800
-23819
-23924
-24012
-24088
-24107
-24149
-24193
-24287
-24361
-24346
-24325
-24281
-24317
-24300
-24209
-24090
-24018
-23966
-23962
-23907
-23792
-23733
-23646
-23604
-23575
-23529
-23472
-23468
-23405
-23346
-23321
-23285
-23270
-23245
-23226
-23199
-23184
-23222
-23304
-23407
-23516
-23638
-23705
-23855
-24046
-24189
-24319
-24502
-24707
-24840
-24913
-25121
-25275
-25447
-25688
-25848
-26012
-26258
-26436
-26615
-26760
-26844
-26907
-26978
-27073
-27092
-27117
-27218
-27271
-27296
-27382
-27459
-27493
-27567
-27567
-27640
-27642
-27619
-27647
-27657
-27634
-27615
-27638
-27607
-27590
-27539
-27516
-27512
-27521
-27464
-27394
-27340
-27355
-27376
-27354
-27350
-27373
-27459
-27512
-27546
-27672
-27789
-27932
-28073
-28224
-28275
-28439
-28504
-28571
-28596
-28598
-28661
-28672
-28628
-28653
-28613
-28525
-28497
-28430
-28806
-28249
-28243
-28153
-28084
-28027
-27981
-27917
-27865
-27798
-27695
-27657
-27607
-27573
-27487
-27447
-27453
-27552
-27670
-27783
-27915
-28075
-28163
-28279
-28420
-28573
-28747
-28909
-29079
-29260
-28844
-29415
-29615
-29688
-29710
-29649
-29598
-29575
-29483
-29340
-29157
-29035
-28886
-28724
-28567
-28405
-28207
-28046
-27880
-27718
-27592
-27436
-27260
-27111
-26983
-26834
-26728
-26644
-26560
-26554
-26544
-26581
-26705
-26808
-26945
-27079
-27294
-27420
-27562
-27730
-27934
-28109
-28228
-27859
-28523
-28619
-28796
-29006
-29178
-28831
-29417
-29542
-29647
-29865
-30023
-30159
-30247
-30312
-30417
-30474
-30520
-30598
-30598
-30592
-30626
-30615
-30602
-30550
-30567
-30554
-30590
-30619
-30586
-30594
-30600
-30552
-30546
-30499
-30497
-30541
-30628
-30619
-30634
-30686
-30296
-30911
-31067
-31073
-31199
-31342
-31491
-31604
-31728
-31852
-32004
-32180
-32371
-32544
-32726
-32913
-33063
-33287
-33480
-33609
-33741
-33959
-34077
-34241
-34399
-34539
-34605
-34701
-34871
-34947
-35060
-35105
-34695
-35283
-35380
-35417
-35397
-35521
-35651
-35659
-35705
-35819
-35861
-35905
-36035
-36083
-36172
-36319
-36386
