-30031
-30012
-29980
-29936
-29917
-29880
-29779
-29701
-29659
-29636
-29569
-29518
-29407
-29785
-29254
-29172
-29081
-29035
-28978
-28865
-28842
-28733
-28623
-28506
-28432
-28346
-28285
-28197
-28075
-27987
-27999
-27926
-27781
-27668
-27533
-27397
-27367
-27325
-27291
-27306
-27256
-27235
-27199
-27218
-27207
-27268
-27271
-27315
-27245
-27233
-27207
-27300
-27327
-27287
-27283
-27243
-27224
-27262
-27304
-27394
-27422
-27439
-27502
-27573
-27657
-27703
-27789
-27930
-27976
-28083
-28142
-28163
-28216
-28264
-28336
-28821
-28264
-28233
-28189
-28098
-28046
-27945
-27796
-27670
-27600
-27438
-27256
-27182
-27117
-27073
-27140
-27304
-27396
-27432
-27483
-27481
-27459
-27407
-27291
-27165
-26987
-26844
-26674
-26405
-26235
-26075
-25831
-25615
-25840
-25149
-24842
-24604
-24373
-24163
-23894
-23649
-23495
-23275
-23006
-22894
-22764
-22527
-22439
-22401
-22292
-22180
-22128
-22100
-22153
-22220
-22342
-22430
-22562
-22789
-23020
-23195
-23346
-23504
-23747
-23976
-24052
-24004
-23980
-24422
-23731
-23483
-23184
-23426
-22630
-22365
-22144
-22455
-21821
-21691
-21676
-21563
-21518
-21010
-21508
-21508
-21497
-21514
-21460
-21468
-21579
-21623
-21521
-21483
-21438
-21428
-21388
-21302
-21296
-21212
-21178
-21094
-21025
-20934
-20812
-20697
-21008
-20382
-20222
-19943
-19590
-19323
-19531
-18804
-19042
-18392
-18109
-17825
-17634
-17464
-17281
-17575
-16888
-16674
-16394
-16056
-15846
-16107
-15298
-15125
-14876
-15142
-14495
-14373
-14252
-14065
-13861
-13695
-13594
-13571
-13483
-13485
-13546
-13657
-13796
-13978
-14275
-14628
-14991
-15388
-15836
-16336
-16823
-17212
-17460
-17689
-17894
-18073
-18117
-18149
-18056
-17976
-17897
-17783
-17621
-17430
-17216
-16974
-16689
-16436
-16247
-15974
-15682
-15485
-15233
-14987
-14781
-14600
-14401
-14338
-14235
-14655
-14165
-14230
-14428
-14571
-14848
-15138
-15506
-15876
-16277
-16712
-17230
-17777
-18207
-18123
-18972
-19325
-19684
-20000
-20329
-20520
-20754
-21002
-21207
-21323
-21428
-21493
-21520
-21556
-21523
-21483
-21460
-21397
-21270
-21163
-21016
-20844
-20611
-20333
-20058
-19800
-19417
-19142
-18913
-18626
-18279
-17945
-17695
-17459
-17245
-17583
-16945
-16737
-16491
-16304
-16138
-16031
-16006
-15943
-15861
-15875
-15917
-15987
-15653
-16313
-16520
-16728
-16976
-17357
-17689
-18052
-18420
-18806
-19155
-19500
-19770
-20008
-20205
-20460
-20686
-20903
-21128
-21480
-20764
-20649
-20483
-20388
-20357
-20359
-20308
-20319
-20258
-20159
-20201
-20271
-20300
-20310
-20371
-20428
-20449
-20424
-20426
-20436
-20445
-20342
-20235
-20065
-19968
-19915
-19817
-19676
-19562
-19418
-19285
-19184
-19092
-19000
-18936
-18928
-18911
-18913
-19006
-19039
-19132
-19264
-19338
-19430
-19436
-19542
-19617
-19741
-19823
-19989
-20157
-20296
-20426
-20474
-20565
-20647
-20672
-20720
-20758
-20722
-20590
-20565
-20584
-20598
-20552
-20554
-20602
-20659
-20695
-20760
-20833
-20949
-21071
-21123
-21189
