-32861
-32810
-32758
-32710
-32718
-32705
-32653
-32600
-32514
-32445
-32392
-32354
-32298
-32730
-32191
-32132
-32021
-31896
-31773
-31707
-31663
-31594
-31468
-31375
-31749
-31182
-31151
-31067
-30995
-30947
-30941
-30918
-30884
-30892
-30905
-30899
-30924
-30947
-30972
-31037
-31079
-31105
-31165
-31262
-31348
-31354
-31355
-31415
-31445
-31504
-31586
-31638
-31691
-31728
-31768
-31792
-31840
-31903
-31936
-31955
-31966
-31939
-31894
-31802
-31768
-31792
-31794
-31714
-31646
-31628
-31588
-31567
-31542
-31508
-31455
-31392
-31348
-31375
-31340
-31754
-31250
-31222
-31172
-31102
-31048
-31021
-31002
-30985
-30930
-30854
-30796
-30731
-30649
-30615
-30573
-30546
-30548
-30539
-30500
-30436
-30363
-30333
-30304
-30306
-30317
-30357
-30382
-30403
-30390
-30359
-30380
-30462
-30533
-30533
-30531
-30562
-30594
-30596
-30581
-30575
-30604
-30651
-30667
-30659
-30636
-30563
-30497
-30472
-30478
-30489
-30487
-30495
-30497
-30485
-30508
-30550
-30583
-30583
-30567
-30542
-30512
-30478
-30455
-30403
-30350
-30313
-30262
-30205
-30128
-30054
-30010
-29974
-29920
-29876
-29842
-29840
-29876
-29901
-29892
-29865
-29896
-29892
-29878
-29930
-30012
-30083
-30119
-30161
-30197
-30235
-30252
-29812
-30292
-30262
-30270
-30296
-30777
-30275
-30258
-30180
-30159
-30193
-30212
-30199
-30174
-30168
-30149
-30161
-30165
-30151
-30180
-30197
-30233
-29812
-30317
-30315
-30327
-30319
-30321
-30357
-30357
-30354
-30325
-30321
-30334
-30346
-30327
-30245
-30205
-30195
-30189
-30165
-30128
-30071
-30004
-29993
-29978
-29968
-29928
-29888
-29838
-29806
-29775
-29749
-29724
-29653
-29569
-29487
-29422
-29346
-29268
-29174
-29079
-28951
-28850
-28754
-28632
-28504
-28418
-28361
-28281
-28147
-28058
-27945
-27869
-27754
-27617
-27500
-27411
-27334
-27250
-27117
-26995
-26964
-26888
-26760
-26602
-26478
-26403
-26306
-26220
-26146
-26000
-25861
-25737
-25600
-25539
-25499
-25447
-25384
-25331
-25296
-25279
-25287
-25300
-25313
-25325
-25386
-25432
-25462
-25489
-25504
-25542
-25586
-25632
-25718
-25819
-25407
-25964
-26041
-26128
-26260
-26365
-26541
-26718
-26871
-27037
-27230
-27392
-27562
-27743
-27926
-28107
-28296
-28457
-28586
-28750
-28859
-28995
-29083
-29186
-28831
-29375
-29436
-29542
-29604
-29657
-29655
-29663
-29714
-29709
-29699
-29739
-29756
-29733
-29695
-29647
-29625
-29659
-29665
-29659
-29661
-29697
-29750
-29323
-29850
-29932
-30073
-30168
-30277
-30342
-30415
-30573
-30697
-30294
-30882
-30909
-30918
-30936
-30955
-30941
-30962
-30989
-31020
-31058
-31084
-31146
-31241
-31302
-31392
-31520
-31617
-31739
-31880
-31991
-32161
-32308
-32468
-32646
-32762
-32896
-33000
-33069
-33205
-33306
-33342
-33304
-33271
-33245
-33249
-33228
-33142
-33073
-33033
-32957
-32863
-32766
-32617
-32504
-32481
-32449
-32342
-32264
-32193
-32140
-32092
-32008
-31917
-31819
-31758
-31733
-31678
-31632
-31563
-31499
-31451
-31373
-31228
-31088
-30999
-30932
-30924
-30875
-30810
-30739
-30668
-30638
-30630
-30670
-30684
-30720
-30302
-30863
-30941
-31052
-31241
-31409
-31483
-31621
-31754
-31827
-31924
-32023
-32113
-32176
-32191
-32170
-32151
-32126
-32054
-31943
-31789
-31688
-31575
-31455
-31283
-31119
-31002
-30897
-30731
-30586
-30428
-30333
-30775
-30186
-30054
-29976
-29894
-30291
-29709
-29646
-29583
-29504
-29405
-29359
-29333
-29292
-29230
-29151
-29094
-29067
-29027
-29010
-28989
-28930
-28966
-29016
-29060
-29086
-29149
-29231
-29340
-29464
-29653
-29836
-29987
-30201
-30392
-30556
-30304
-30976
-31138
-31325
-31516
-31691
-31888
-32067
-32201
-32350
-32487
-32636
-32785
-32882
-33063
-33199
-33277
-33367
-33441
-33512
-33550
-33575
-33602
-33623
-33600
-33594
-33565
-33525
-33502
-33462
-33426
-33369
-33313
-33233
-33167
-33100
-32997
-32930
-32855
-33220
-32659
-32569
-32502
-32459
-32397
-32300
-32195
-32109
-32039
-31959
-31892
-31854
-31823
-31766
-31752
-31733
-31703
-31678
-31735
-31771
-31758
-31733
-31728
-31779
-31873
-31920
-31985
-32083
-32193
-32291
-32428
-32565
-32709
-32846
-32949
-33092
-33214
-33289
-33411
-33531
-33695
-33859
-33953
-34035
-34138
-33712
-34277
-34441
-34638
-34750
-34852
-34955
-35079
-35130
-35167
-35342
-35520
-35180
-35831
-35987
-36136
-36220
-36243
-36170
-36142
-36050
-35955
-35819
-35705
-35575
-35457
-35348
-35237
-35151
-35111
-35136
-35132
-35132
-35144
-35115
-35142
-35163
-35252
-35292
-35378
-35548
-35710
-35892
-36048
-36186
-36361
-36542
-36672
-36892
-37073
-37201
-37344
-37459
-37575
-37684
-37812
-37834
-37911
-37911
-37947
-37890
-37855
-37857
-37836
-37789
-37758
-37777
-37791
-37791
-37764
-37789
-37777
-37735
-37701
-37739
