-36901
-36966
-37010
-37060
-37052
-37102
-37128
-37161
-37222
-37218
-37203
-37247
-37228
-37140
-37075
-37035
-36964
-36920
-36844
-36745
-36613
-36562
-36483
-36384
-36394
-36354
-36283
-36270
-36273
-36189
-36199
-36243
-36300
-36371
-36409
-36449
-36550
-36762
-36844
-37104
-37308
-37457
-37504
-37646
-37875
-37991
-37636
-38167
-38281
-38352
-38354
-38439
-38457
-38518
-38546
-38550
-38474
-38443
-38497
-38432
-38401
-38411
-38371
-38338
-38228
-38115
-37953
-37852
-37739
-37573
-37384
-37315
-37222
-37060
-37020
-36945
-36892
-36802
-36770
-36722
-36649
-36602
-36575
-36544
-36497
-36579
-36619
-36636
-36672
-36678
-36754
-36770
-36836
-36901
-37033
-37098
-37079
-37121
-37174
-37178
-37174
-37178
-37197
-37084
-36945
-36859
-36834
-36798
-37125
-36481
-36409
-36359
-36226
-36184
-36044
-35875
-35695
-35567
-35430
-35258
-35161
-35046
-34959
-34804
-35165
-34579
-34422
-34438
-34342
-34161
-34144
-34176
-34188
-33722
-34222
-34266
-34310
-34354
-34405
-34418
-34441
-34548
-34644
-34709
-34794
-34878
-34886
-34915
-34907
-34920
-34943
-34960
-34882
-34848
-34850
-34810
-34762
-34785
-34855
-34787
-34796
-34827
-34771
-34709
-34621
-34552
-34508
-34403
-34214
-34153
-34102
-34014
-33957
-33983
-33863
-33791
-33777
-33831
-33766
-33663
-33623
-33642
-33735
-33770
-33873
-33844
-33855
-33924
-33987
-34079
-34155
-33726
-34279
-34331
-34357
-34405
-34447
-34472
-34489
-34491
-34520
-34583
-34539
-34514
-34457
-34432
-34338
-34210
-34083
-33953
-33760
-33567
-33443
-33241
-33012
-32842
-32661
-32508
-32300
-32258
-32182
-32008
-31890
-31867
-32230
-31602
-31493
-31373
-31308
-31222
-31132
-31012
-30941
-30894
-30873
-30714
-30569
-30584
-30577
-30422
-30359
-30352
-30231
-30138
-30102
-30073
-29993
-29924
-29917
-29844
-30289
-29758
-29779
-29760
-29747
-29791
-29758
-29768
-29728
-29659
-29563
-29474
-29361
-29310
-29287
-29167
-29096
-29016
-28920
-28886
-28905
-28838
-28867
-28941
-28928
-28800
-28739
-28747
-28792
-28800
-28842
-28882
-28966
-29035
-29113
-29100
-29004
-28913
-28844
-28653
-28441
-28186
-27945
-27798
-27709
-27581
-27432
-27331
-27275
-27218
-27193
-27113
-27046
-27067
-26970
-26901
-26815
-26728
-26653
-26600
-26569
-26552
-26533
-26542
-26600
-26754
-26926
-27052
-27174
-27321
-27537
-27674
-27867
-27985
-28065
-28271
-28386
-28397
-28428
-28418
-28441
-28487
-28481
-28449
-28397
-28396
-28359
-28306
-28222
-28063
-28021
-27926
-27852
-27796
-27768
-27752
-27693
-27625
-27605
-27579
-27500
-27407
-27382
-27388
-27403
-27397
-27401
-27439
-27487
-27411
-27346
-27329
-27344
-27273
-27218
-27197
-27132
-27098
-27042
-27060
-27039
-27020
-26985
-26983
-26947
-26844
-26766
-26575
-26401
-26224
-26090
-26325
-25571
-25340
-25102
-24936
-24695
-24533
-24354
-24214
-24012
-23861
-23752
-23699
-23598
-23607
-23598
-23604
-23600
-23552
-23619
-23705
-23737
-23794
-23884
-23899
-23945
-23962
-23983
-23966
-23911
