-25035
-24884
-24852
-24760
-24709
-24638
-24512
-24472
-24413
-24315
-24338
-24310
-24271
-24138
-24105
-24077
-24067
-24044
-24004
-23955
-23892
-23852
-23813
-23766
-23699
-23609
-23460
-23417
-23357
-23222
-23180
-23073
-22999
-22876
-22800
-22762
-22680
-22619
-22644
-22581
-22562
-22548
-22502
-22401
-22390
-22355
-22317
-22291
-22226
-22155
-22018
-21924
-21785
-21651
-21529
-21361
-21277
-21191
-21014
-20960
-20802
-20699
-20592
-20470
-20390
-20403
-20352
-20333
-20279
-20249
-20159
-20161
-20189
-20159
-20170
-20128
-20165
-20203
-20174
-20239
-20308
-20283
-20315
-20352
-20300
-20197
-20155
-20054
-19947
-19804
-19619
-19483
-19323
-19176
-19025
-18955
-18901
-18863
-18796
-18737
-18718
-18750
-18779
-18825
-18806
-18741
-18688
-18646
-18584
-18523
-18401
-18373
-18321
-18195
-18109
-18071
-18084
-17972
-17875
-17815
-17844
-17787
-17766
-17699
-17663
-17602
-17584
-17466
-17376
-17371
-17283
-17155
-17021
-16917
-16869
-16758
-16703
-16682
-16705
-16667
-16613
-16563
-16527
-16542
-16495
-16478
-16443
-16397
-16340
-16373
-16298
-16268
-16226
-16128
-16050
-15980
-15947
-15911
-15848
-15792
-15712
-15604
-15455
-15355
-15294
-15165
-15100
-14987
-14928
-14825
-15134
-14550
-14516
-14455
-14363
-14300
-14277
-14275
-14331
-14354
-14355
-14382
-14432
-14510
-14531
-14594
-14653
-14672
-14773
-14903
-14995
-14993
-14995
-15062
-15081
-15083
-15048
-15113
-15031
-14892
-14878
-14859
-14842
-14806
-14699
-14628
-14537
-14478
-14460
-14365
-14214
-14041
-13972
-13880
-14140
-13510
-13441
-13367
-13655
-12939
-12827
-13174
-12575
-12516
-12436
-12302
-12195
-12149
-12176
-12239
-12287
-12346
-12401
-12541
-12857
-13041
-13262
-13430
-13634
-13842
-13901
-13976
-14052
-13974
-13955
-13978
-14025
-13985
-13875
-13850
-13804
-13720
-13674
-13584
-13560
-13485
-13422
-13394
-13453
-13417
-13380
-13378
-13434
-13493
-13422
-13420
-13365
-13273
-13167
-13065
-13102
-13037
-13073
-13186
-13260
-13281
-13357
-13531
-13733
-13934
-14165
-14298
-14415
-14176
-14854
-15084
-15327
-15447
-15569
-15695
-15876
-15993
-16102
-16189
-16228
-16279
-16376
-16455
-16483
-16542
-16598
-16613
-16657
-16628
-16625
-16567
-16521
-16500
-16485
-16417
-16317
-16186
-15989
-15854
-15791
-15659
-15600
-15518
-15441
-15382
-15489
-15651
-15701
-15716
-15747
-15781
-15854
-15875
-15995
-16077
-16138
-16140
-16174
-16245
-16334
-16453
-16504
-16525
-16638
-16709
-16787
-16899
-17004
-17025
-17121
-17197
-17294
-17361
-17375
-17455
-17520
-17626
-17773
-17859
-17920
-18000
-18123
-18380
-18563
-18605
-18720
-18949
-19136
-19277
-19521
-19720
-19802
-19892
-19915
-19932
-19957
-19880
-19785
-19722
-20010
-19426
-19352
-19186
-19521
-18896
-18707
-18485
-18382
-18308
-18201
-18016
-17884
-17804
-17682
-17596
-17409
-17317
-17270
-17119
-17037
-16991
-16953
-16880
-16827
-16842
-16812
-16918
-17012
-16987
-16987
-17035
-17065
-17109
-17121
-17117
-17153
-17191
