-16936
-17075
-17147
-17260
-17394
-17514
-17542
-17573
-17636
-17752
-17844
-17817
-17867
-17918
-17861
-17827
-17806
-17766
-17781
-17758
-17760
-17710
-17726
-17709
-17741
-17726
-17764
-17764
-17804
-17821
-17909
-17886
-17934
-17949
-17991
-18046
-18027
-18062
-18107
-18023
-18063
-18113
-18146
-18119
-18094
-18149
-18239
-18256
-18214
-18304
-18354
-18474
-18600
-18710
-18745
-18823
-18886
-19025
-19155
-19243
-19308
-19346
-19432
-19480
-19508
-19567
-19617
-19668
-19766
-19852
-19878
-19894
-19890
-19930
-19957
-19978
-19991
-20012
-19970
-19949
-19945
-19943
-19907
-19947
-19972
-19934
-19922
-19875
-19779
-19686
-19611
-19577
-19619
-19583
-19523
-19510
-19394
-19304
-19323
-19264
-19117
-18983
-18936
-18903
-18865
-18890
-18943
-18934
-18875
-18833
-18890
-18924
-18894
-18890
-18922
-18869
-18771
-18693
-18628
-18510
-18457
-18369
-18317
-18285
-18226
-18186
-18189
-18199
-18205
-18241
-18302
-18405
-18552
-18605
-18747
-19021
-19235
-19527
-19775
-19577
-20342
-20663
-21000
-21319
-21680
-21521
-22268
-22558
-22896
-23176
-23424
-23653
-23823
-24018
-24201
-24327
-24483
-24575
-24611
-24716
-24798
-24834
-24819
-24857
-24926
-24997
-25006
-25033
-25165
-25233
-25306
-25422
-25514
-25691
-25827
-25428
-26023
-26081
-26149
-26291
-26340
-26453
-26577
-26665
-26766
-26850
-26980
-27020
-27073
-27125
-27132
-27146
-27090
-27096
-27128
-27123
-27054
-27000
-26947
-27359
-26810
-26756
-26712
-26676
-26577
-26500
-26537
-26594
-26630
-26632
-26628
-26684
-26750
-26754
-26695
-26655
-26636
-26651
-26605
-26607
-26518
-26432
-26308
-26287
-26159
-26033
-25980
-25989
-25957
-26378
-25911
-25924
-25951
-26002
-26018
-25995
-26071
-26113
-26063
-25970
-25875
-25798
-25709
-25644
-25472
-25317
-25199
-25098
-24932
-24743
-24661
-24628
-24569
-24542
-24470
-24470
-24476
-24521
-24523
-24544
-24594
-24707
-24787
-24911
-25042
-25205
-25382
-25548
-25749
-25968
-26077
-26304
-26625
-26815
-26924
-27107
-27273
-27472
-27590
-27674
-27731
-27380
-27878
-27932
-27947
-27903
-27888
-27875
-27758
-27716
-27710
-27623
-27556
-27531
-27480
-27439
-27397
-27344
-27327
-27292
-27193
-27121
-27079
-27056
-27084
-26999
-26995
-27039
-27021
-27012
-27020
-27081
-27149
-27153
-27117
-27107
-27105
-27146
-27178
-27144
-27096
-27033
-27027
-27029
-26943
-27355
-26768
-26663
-26602
-26527
-26443
-26436
-26432
-26365
-26319
-25920
-26453
-26466
-26573
-26691
-26800
-26823
-26777
-26726
-26716
-26739
-26834
-26909
-26909
-27014
-27031
-26987
-27060
-27123
-27285
-27403
-27453
-27594
-27672
-27714
-27728
-27810
-27880
-27938
-27909
-27884
-27834
-27813
-27813
-27838
-27909
-27922
-27943
-28037
-28201
-28325
-28438
-28562
-28707
-28825
-28850
-28899
-28970
-29029
-29033
-28959
-28964
-28878
-28833
-28817
-28741
-28697
-28688
-28688
-28684
-28707
-28344
-28930
-29029
-29130
-29228
-28829
-29355
-29455
-29453
-29525
-29602
-29699
-29792
-29886
-29976
-30048
