-34119
-34117
-34167
-34191
-34147
-34092
-33999
-34010
-33966
-33959
-33896
-33794
-33834
-33867
-33880
-33871
-33791
-33693
-33705
-33653
-33630
-33638
-33621
-33668
-33775
-33840
-33903
-33957
-34012
-34163
-34224
-34193
-34220
-34161
-34207
-34168
-34132
-33941
-33911
-33896
-33804
-33730
-33682
-33617
-33558
-33510
-33476
-33483
-33485
-33447
-33489
-33621
-33668
-33743
-33789
-33907
-33918
-33913
-33829
-33731
-33674
-33604
-33485
-33355
-33245
-33178
-33104
-33039
-32938
-32819
-32812
-32810
-33216
-32682
-32670
-32659
-32615
-32573
-32502
-32390
-32354
-32283
-32176
-32147
-32069
-32039
-31859
-31785
-31800
-31865
-31905
-31968
-31920
-31775
-31657
-31417
-31065
-30695
-30329
-29989
-29674
-29430
-29222
-29172
-29081
-29090
-29104
-29170
-29275
-29323
-29275
-29334
-29331
-29306
-29285
-29331
-29394
-29453
-29667
-29333
-30050
-30260
-30428
-30523
-30684
-30783
-30735
-30598
-30415
-30762
-30031
-29773
-29476
-29107
-28783
-28478
-28231
-27876
-27590
-27823
-27056
-26802
-26583
-26430
-26252
-25999
-25834
-25649
-25451
-25350
-25275
-25155
-25107
-25113
-25176
-25165
-25207
-25306
-25500
-25600
-25667
-25697
-25783
-25880
-26008
-26117
-26340
-26688
-26980
-27258
-27470
-27577
-27592
-27577
-27560
-27584
-27621
-27588
-27550
-27499
-27365
-27147
-26938
-26514
-25930
-25294
-24873
-24583
-24430
-24342
-24273
-24105
-23792
-23922
-23451
-22959
-22428
-21390
-20865
-20436
-20472
-19586
-19350
-19186
-19096
-19121
-19165
-19319
-19508
-19665
-19779
-20018
-20252
-20420
-20567
-20703
-20802
-21000
-21237
-21378
-21577
-21781
-21518
-22224
-22361
-21995
-22676
-22779
-22768
-22777
-22800
-22773
-22733
-22651
-22634
-22550
-22462
-22457
-22451
-22426
-22399
-22348
-22273
-22228
-22132
-22052
-21936
-21836
-21781
-21693
-21596
-21974
-21445
-21441
-21441
-21418
-21403
-21350
-21354
-21333
-21317
-21350
-21296
-21260
-21228
-21218
-21220
-21136
-21069
-21062
-21088
-21096
-21105
-21077
-21023
-21014
-20960
-20890
-20813
-20762
-20758
-20768
-20726
-20695
-20649
-20663
-20701
-20653
-20600
-20678
-20605
-20502
-20457
-20350
-20306
-20178
-20107
-20113
-20132
-20092
-20121
-20252
-20300
-20420
-20590
-20617
-20647
-20779
-20886
-20955
-21056
-21191
-21298
-21325
-21363
-21455
-21980
-21459
-21460
-21464
-21449
-21436
-21443
-21361
-21268
-21212
-21216
-21132
-21031
-21491
-20909
-20817
-20750
-20720
-20689
-20640
-20567
-20567
-20567
-20560
-20539
-20575
-20569
-20598
-20632
-20579
-20573
-20628
-20674
-20665
-20699
-20707
-20747
-20794
-20789
-20833
-20859
-20833
-20808
-20787
-20804
-20747
-20712
-20667
-20607
-20445
-20254
-20159
-20052
-19869
-19712
-20027
-19384
-19098
-18894
-18733
-18594
-18445
-18247
-18096
-17972
-17876
-17752
-17644
-17665
-17710
-17716
-17705
-17754
-17823
-17915
-18042
-18224
-18310
-18409
-18510
-18634
-18764
-18838
-18947
-19117
-19191
-19285
-19430
-19510
-19617
-19764
-19892
-19995
-20067
-20136
-20182
