-24705
-24655
-24590
-24544
-24500
-24403
-24367
-24388
-24323
-24256
-24256
-24207
-24163
-24151
-24138
-24167
-24266
-24388
-24499
-24579
-24667
-24749
-24833
-24815
-24737
-24697
-24590
-24439
-24245
-24178
-24075
-23907
-23852
-23810
-23806
-23804
-23794
-23796
-23781
-23794
-23720
-23640
-23602
-23480
-23438
-23338
-23333
-23306
-23292
-23310
-23268
-23264
-23346
-23384
-23426
-23470
-23489
-23523
-23567
-23529
-23544
-23499
-23487
-23489
-23352
-23298
-23281
-23153
-23109
-23004
-23002
-22934
-22886
-22855
-22760
-22730
-22640
-22506
-22336
-22271
-22201
-22021
-21924
-21865
-21695
-21560
-21457
-21342
-21262
-21289
-21413
-21432
-21468
-21502
-21548
-21584
-21596
-21676
-21649
-21502
-21468
-21436
-21331
-21233
-21161
-21069
-20987
-20934
-20804
-20827
-20754
-20739
-20697
-20672
-20693
-20712
-20670
-20674
-20741
-20783
-20833
-20831
-20859
-20918
-20939
-20953
-20529
-21046
-21121
-21180
-21188
-21188
-21237
-21203
-21239
-21252
-21174
-21176
-21188
-21159
-21077
-21485
-20892
-20789
-20709
-20560
-20401
-20296
-20203
-20084
-19939
-19785
-19644
-19577
-19491
-19405
-19254
-19189
-19115
-18987
-18917
-18913
-18871
-18808
-18750
-18651
-18537
-18413
-18342
-18247
-18161
-17983
-17861
-17833
-17695
-18069
-17500
-17359
-17354
-17323
-17264
-17291
-17270
-17354
-17504
-17117
-17714
-17854
-18039
-18207
-18394
-18504
-18098
-18758
-18934
-19084
-19224
-19355
-19523
-19644
-19806
-19544
-20228
-20352
-20071
-20836
-21050
-21235
-21447
-21676
-21838
-21981
-22155
-22325
-22436
-22500
-22590
-22714
-22743
-22680
-22712
-22699
-22678
-22630
-22939
-22279
-22119
-21907
-21680
-21468
-21203
-20938
-20709
-20392
-20123
-19981
-19703
-19445
-19336
-19281
-19352
-19432
-19439
-19497
-19621
-19682
-19773
-19802
-19737
-19676
-19651
-19602
-19550
-19510
-19625
-19712
-19626
-19581
-19558
-20023
-19424
-19514
-18980
-18245
-18247
-18100
-17815
-17605
-17371
-17144
-16932
-16766
-16646
-16554
-16453
-16371
-16256
-16209
-16239
-16321
-16369
-16394
-16527
-16653
-16750
-16897
-16966
-17033
-17060
-17170
-17292
-17220
-17134
-17174
-17170
-17588
-17588
-17052
-17023
-17041
-17069
-17100
-17195
-17331
-17531
-17739
-17968
-18233
-18516
-18796
-19125
-19453
-19693
-19951
-20146
-20241
-20457
-20604
-20737
-20855
-20915
-20525
-21090
-21184
-21266
-21359
-21428
-21010
-21573
-21686
-21789
-21789
-21873
-21884
-21810
-21697
-21590
-21512
-21413
-21329
-21170
-21081
-20978
-20823
-20556
-20415
-20281
-20165
-20063
-20520
-20008
-20077
-20126
-20107
-20201
-20243
-20245
-20178
-20113
-19981
-19863
-19735
-19592
-19491
-19354
-19264
-19235
-19188
-19222
-19348
-19502
-19636
-19754
-19903
-20002
-20140
-20317
-20432
-20544
-20720
-20949
-21092
-21214
-21371
-21027
-21665
-21760
-21829
-21869
-21850
-21665
-21586
-21955
-21247
-20936
-20737
-20995
-20197
-19934
-19623
-19325
-19081
-18857
-18705
-19041
-18413
-18281
-18321
-18399
-18417
-18401
-18460
