-31796
-31896
-32174
-32399
-32646
-32928
-33207
-33502
-33779
-34084
-34321
-34487
-34604
-34829
-34972
-35060
-35167
-35262
-35331
-35403
-35489
-35483
-35563
-35602
-35598
-35676
-35676
-35688
-35743
-35833
-35869
-35930
-36058
-36075
-36130
-36214
-36252
-36287
-36289
-36378
-36401
-36424
-36520
-36594
-36621
-36605
-36607
-36688
-36808
-36924
-37018
-37123
-37195
-37279
-37405
-37521
-37592
-37718
-37857
-37960
-38086
-38186
-38369
-38527
-38705
-38831
-38918
-38917
-39050
-39163
-39172
-39191
-39245
-39235
-39239
-39226
-39144
-39031
-38930
-38829
-38758
-38726
-38544
-38363
-38306
-38193
-38098
-37987
-37945
-37850
-37672
-37581
-37495
-37388
-37354
-37321
-37249
-37100
-37037
-36976
-36880
-36779
-37125
-36499
-36367
-36260
-36128
-36033
-35909
-35773
-35621
-35478
-35401
-35250
-35109
-34949
-34720
-34546
-34336
-34214
-34000
-33750
-33573
-33365
-33168
-32999
-32863
-32693
-32544
-32413
-32285
-32199
-32079
-31922
-31796
-31640
-31489
-31380
-31308
-31172
-31126
-31029
-30930
-30875
-30737
-30644
-30558
-30476
-30396
-30758
-30111
-29913
-29697
-29548
-29367
-29230
-28957
-28688
-28508
-28346
-28231
-28077
-27936
-27796
-27707
-27594
-27453
-27844
-27323
-27220
-27123
-27088
-27033
-27002
-27010
-26939
-26888
-26821
-26854
-26852
-26846
-26871
-26920
-26930
-26913
-27023
-27046
-27079
-27119
-27176
-27298
-27480
-27565
-27636
-27791
-27361
-27922
-27976
-28094
-28130
-28199
-28250
-28336
-28369
-28327
-28289
-28273
-28312
-28277
-28130
-28029
-28023
-27999
-27922
-27871
-27739
-27705
-27655
-27527
-27514
-27470
-27459
-27457
-27375
-27380
-27439
-27460
-27499
-27399
-27300
-27304
-27226
-27188
-27151
-27073
-27021
-26939
-26953
-26930
-27357
-26733
-26659
-26586
-26502
-26415
-26369
-26323
-26184
-26117
-26142
-26172
-26104
-26084
-26109
-26170
-26231
-26285
-26302
-26304
-26369
-26359
-26363
-26352
-26292
-26313
-26323
-26279
-26243
-26230
-26146
-26096
-26010
-25966
-25936
-26375
-25783
-25768
-25758
-25699
-25638
-25562
-25516
-25527
-25499
-25422
-25376
-25338
-25348
-25289
-25212
-25170
-25100
-25037
-24953
-24806
-24638
-24470
-24911
-24329
-24170
-24050
-23899
-23707
-23527
-23382
-23271
-23092
-23434
-22897
-22703
-22619
-22525
-22378
-22315
-22298
-22241
-22216
-22188
-22140
-22117
-22060
-22079
-22109
-22023
-21953
-21894
-21846
-21825
-21741
-21594
-21567
-21550
-21548
-21478
-21411
-21401
-21367
-21247
-21258
-21228
-21220
-21163
-21096
-21497
-20894
-20800
-20733
-20716
-20619
-20533
-20432
-20357
-20247
-20134
-20056
-19951
-19852
-19739
-19621
-20023
-19409
-19319
-19291
-19188
-19147
-19071
-19012
-18939
-18918
-18894
-18884
-18894
-18852
-18905
-18949
-18968
-18959
-18943
-18997
-19111
-19119
-19157
-19310
-19365
-19319
-19285
-19363
-19401
-19392
-19396
-19415
-19338
-19281
-19306
-19289
-19266
-19182
-19062
-19020
-18938
-18850
-18789
-18737
-18623
-18575
-18542
-18523
-18436
-18292
-18214
-18081
