-37270
-37180
-37029
-36865
-36745
-36567
-36405
-36222
-36081
-35924
-35720
-35594
-35567
-35512
-35439
-35521
-35550
-35563
-35184
-35766
-35804
-36023
-36119
-36245
-36298
-36455
-36510
-36491
-36529
-36497
-36462
-36432
-36426
-36390
-36354
-36344
-36371
-36394
-36390
-36375
-36415
-36401
-36428
-36525
-36573
-36541
-36480
-36392
-36388
-36384
-36354
-36298
-36273
-36331
-36298
-36233
-36220
-36268
-36285
-36249
-36178
-36197
-36193
-36115
-35972
-35888
-35810
-35680
-35596
-35508
-35451
-35382
-35291
-35231
-35245
-35146
-35075
-35035
-34972
-34907
-34817
-34750
-35174
-34542
-34411
-34331
-34174
-34121
-34044
-33886
-33827
-33773
-33743
-33625
-33556
-33565
-33565
-33483
-33418
-33438
-33451
-33382
-33405
-33478
-33510
-33544
-33569
-33661
-33739
-33768
-33827
-33917
-34016
-34067
-34172
-34249
-34302
-34352
-34451
-34579
-34649
-34743
-34789
-34869
-34810
-34770
-34779
-34733
-34693
-34733
-34745
-34697
-34665
-34621
-34592
-34541
-34554
-34548
-34550
-34489
-34434
-34376
-34247
-34130
-34035
-33922
-33846
-33743
-33607
-33464
-33342
-33037
-33006
-33012
-33023
-33117
-33115
-33079
-33031
-32909
-32859
-32785
-32653
-32602
-32594
-32506
-32432
-32367
-32312
-32731
-32189
-31960
-31829
-31689
-31497
-31376
-31315
-31754
-31182
-31167
-31214
-31254
-31285
-31333
-31478
-31655
-31812
-32041
-32172
-32308
-32487
-32569
-32605
-32661
-32724
-32745
-32691
-32670
-32577
-32426
-32304
-32266
-32262
-32191
-32073
-31949
-31785
-31636
-31514
-31363
-31270
-31062
-30915
-30752
-30600
-30491
-30357
-30220
-30138
-30050
-29947
-29922
-29918
-29915
-29871
-29941
-29936
-29918
-29951
-30058
-30136
-30109
-30067
-30109
-30153
-30123
-30115
-30167
-30182
-30159
-30140
-30184
-30222
-30231
-30155
-30098
-30071
-29995
-29882
-30287
-29695
-29510
-29333
-29231
-29115
-28968
-28855
-28693
-28569
-28529
-28394
-28277
-28258
-28212
-28182
-28161
-28144
-28109
-28121
-28167
-28224
-28212
-28249
-28294
-28344
-28436
-28424
-28373
-28392
-28415
-28308
-28283
-28277
-28243
-28163
-28086
-28006
-28050
-28050
-28000
-28004
-28102
-28100
-28027
-28037
-28140
-28138
-28098
-28090
-28094
-28094
-28092
-28178
-28199
-28235
-28268
-28394
-28504
-28529
-28510
-28466
-28539
-28533
-28407
-28813
-28256
-28104
-28021
-27899
-27659
-27514
-27327
-27243
-27146
-27081
-26936
-26758
-26695
-26615
-26485
-26334
-26235
-26201
-26163
-26109
-26107
-26054
-26115
-26146
-26231
-26264
-26262
-26319
-26392
-26409
-26359
-25897
-26483
-26445
-26855
-26224
-26050
-25766
-25584
-25453
-25291
-24966
-24760
-24531
-24209
-23871
-23760
-23636
-23548
-23476
-23426
-23464
-23598
-23775
-23985
-24163
-23957
-24728
-24955
-25176
-24922
-25514
-25575
-25615
-25676
-25722
-25670
-25542
-25518
-25510
-25481
-25464
-25886
-25329
-25268
-25224
-25212
-25186
-25180
-25067
-24962
-24945
-24924
-24939
-25027
-25098
-25178
-25294
