-18474
-18363
-18329
-18333
-18357
-18294
-18247
-18260
-18233
-18178
-18102
-18109
-18056
-18023
-17978
-17905
-17743
-17705
-17619
-17596
-17558
-17420
-17308
-17176
-17105
-16964
-16842
-16695
-16573
-16422
-16247
-15985
-15813
-16119
-15460
-15302
-15062
-14838
-15144
-14455
-14292
-14092
-13941
-13798
-13604
-13418
-13207
-12976
-12896
-12798
-12638
-12373
-12027
-11628
-11241
-10917
-10703
-10590
-10567
-10552
-10619
-10693
-10771
-10924
-11062
-11075
-11035
-11014
-10901
-10815
-10833
-11002
-11184
-11361
-11514
-11712
-11899
-12050
-12212
-12365
-12313
-12218
-12693
-12144
-12151
-12250
-12363
-12518
-12678
-12758
-12836
-12865
-12846
-12817
-12787
-12771
-12775
-12705
-12634
-12565
-12569
-12579
-12537
-12459
-12455
-12438
-12386
-12302
-12701
-12168
-12165
-12167
-12151
-12088
-12002
-11964
-11964
-11920
-11899
-11949
-11993
-12006
-11999
-12037
-12081
-12109
-12130
-12146
-12205
-12230
-12247
-12264
-12325
-12422
-12497
-12556
-12558
-12577
-12590
-12661
-12766
-12840
-12890
-12957
-13046
-13136
-13172
-13132
-13123
-13155
-13149
-13136
-13136
-13147
-13151
-13125
-13083
-13037
-13016
-12983
-12901
-12834
-12787
-12745
-12716
-12653
-12573
-12544
-12518
-12424
-12397
-12367
-12323
-12277
-12235
-12189
-12165
-12140
-12092
-12088
-12077
-12062
-12035
-12012
-11962
-11951
-11983
-12004
-11972
-11970
-11938
-11962
-11985
-12046
-12092
-12153
-12207
-12228
-12247
-12327
-12359
-12354
-12378
-12418
-12483
-12571
-12621
-12709
-12800
-12892
-12980
-13048
-13109
-13186
-13291
-13342
-13354
-13386
-13424
-13438
-13516
-13596
-13613
-13634
-13628
-13642
-13670
-13743
-13840
-13945
-14033
-14027
-14002
-14037
-14084
-14105
-14088
-14063
-14069
-14090
-14104
-14119
-14098
-14060
-14025
-13981
-13926
-13869
-13808
-13750
-13667
-13598
-13525
-13460
-13403
-13336
-13254
-13203
-13138
-13069
-13010
-12911
-12844
-12791
-12766
-12722
-12667
-12579
-12464
-12350
-12226
-12098
-12010
-11918
-11762
-11575
-11413
-11250
-11125
-11052
-10875
-10710
-10552
-10397
-10191
-10014
-9785
-9600
-9464
-9298
-9159
-9031
-8869
-8815
-8779
-8605
-8352
-8189
-8125
-8144
-8121
-8052
-7964
-7926
-7943
-8048
-8163
-7850
-8514
-8613
-8647
-8703
-8833
-9050
-8812
-9483
-9634
-9743
-9846
-10041
-9813
-10542
-10785
-10909
-11000
-11146
-11310
-11405
-11493
-11480
-11531
-11689
-11813
-11840
-11844
-11836
-11688
-11625
-11252
-11810
-11813
-11617
-11483
-11447
-11441
-11411
-11298
-11115
-11008
-10886
-10771
-10504
-10182
-10105
-10098
-10006
-9792
-9451
-9199
-9105
-9046
-8945
-8779
-8516
-8264
-8119
-7980
-8306
-7731
-7651
-7609
-7512
-7287
-7113
-7104
-7168
-7191
-7126
-7027
-6909
-7329
-6357
-6876
-6865
-6859
-6859
-6901
-6934
-6930
-6920
-6972
-7033
-7083
-7161
-7222
-7268
-7319
-7417
-7502
-7550
-7592
-7628
-7697
-7741
-7775
-7336
-7892
-7981
-8029
-8075
-8119
-8157
-8209
-8300
-8373
-8428
-8491
-8541
-8567
-8598
-8649
-8676
-8691
-8678
-8667
-8691
-8707
-8676
-8602
-8542
-8441
-8354
-8289
-8193
-8092
-7999
-7890
-7850
-7791
-7686
-7577
-7535
-7445
-7292
-7176
-7081
-6964
-6876
-6806
-6766
-6756
-6689
-6584
-6497
-6403
-6336
-6308
-6273
-6210
-6149
-6126
-6088
-6062
-6044
-6025
-6014
-6004
-5987
-5966
-5962
-5928
-5901
-5896
-5890
-5859
-5840
-5812
-5783
-5789
-5806
-5808
-5794
-5783
-5720
-5676
-5655
-5647
-5661
-5680
-5701
-5714
-5720
-5730
-5695
-5682
-5649
-5638
-5689
-5749
-5770
-5760
-5754
-5808
-5838
-5890
-5901
-5913
-5920
-5928
-5930
-5939
-5964
-5951
-5945
-5941
-5934
-5930
-5865
-5802
-5773
-5741
-5714
-5766
-5737
-5718
-5726
-5689
-5707
-5710
-5535
-5149
-4941
-4980
-4968
-6281
-6392
-7027
-6924
-6842
-6892
-6964
-7035
-7125
-7271
-7443
-7569
-7724
-7817
-7876
-7976
-8117
-8275
-8417
-8563
-8747
-8911
-8884
-9273
-8728
-8308
-8926
-9090
-9138
-9081
-9012
-8939
-8890
-8823
-8691
-8539
-8367
-8155
-7983
-7752
-7508
-7781
-7058
-7313
-6642
-6394
-6188
-6037
-5873
-5714
-5575
-5523
-5485
-5409
-5331
-5264
-5224
-5241
-5310
-4888
-5413
-5430
-5476
-5558
-5604
-5678
-5739
-5798
-5894
-6027
-6117
-6247
-6346
-6491
-6697
-6865
-6936
-7042
-7205
-6848
-7491
-7628
-7762
-7926
-8075
-8186
-8300
-8401
-8514
-8630
-8668
-8728
-8758
-8796
-8838
-8894
-8882
-8855
-8829
-8838
-8827
-8810
-9283
-8806
-8802
-8789
-8779
-8810
-8817
-8812
-8812
-8831
-8861
-8867
-8855
-8842
-8852
-8865
-8901
-8924
-8909
-8875
-8859
-8913
-8995
-9056
-9063
-9037
-8964
-8918
-8922
-8928
-8892
-8833
-8796
-8785
-8781
-8781
-8783
-8724
-8600
-8483
-8447
-8489
-8506
-8460
-8382
-8275
-8197
-8121
-8065
-8031
-7966
-7867
-7739
-7573
-7434
-7317
-7163
-6995
-6871
-6684
-6500
-6378
-6222
-6056
-5945
-5821
-5709
-5607
-5468
-5855
-5304
-5201
-5096
-5046
-5010
-4930
-4888
-4834
-4770
-4714
-4653
-4600
-4575
-4575
-4535
-4516
-4472
-4451
-4468
-4478
-4510
-4546
-4542
-4560
-4609
-4697
-4735
-4775
-4848
-4928
-5012
-5105
-5161
-5212
-5325
-5447
-5579
-5697
-5819
-5905
-5953
-6102
-6262
-6396
-6485
-6594
-6659
-6728
-6829
-6932
-7104
-7258
-7355
-7460
-7579
-7714
-7896
-8083
-8216
-8418
-8583
-8714
-8865
-9027
-9130
-9268
-9422
-9575
-9703
-9794
-9840
-9960
-10096
-10165
-10237
-10336
-10380
-10430
-10506
-10573
-10665
-10716
-10770
-10836
-10909
-10966
-10993
-11021
-11060
-11165
-11268
-11361
-11460
-11583
-11691
-11792
-11855
-11918
-12029
-12174
-12283
-12447
-12594
-12684
-12773
-12871
-12957
-13046
-13134
-13216
-13292
-13363
-13451
-13583
-13672
-13728
-13796
-13806
-13808
-13859
-13962
-13995
-13974
-13987
-14023
-14044
-14058
-14084
-14144
-14157
-13682
-14212
-14239
-14201
-14199
-14199
-14193
-14197
-14201
-14172
-13686
-14222
-14254
-14230
-14189
-14182
-14174
-14180
-14197
-14182
-14155
-14176
-14188
-14155
-14067
-13970
-13920
-13922
-13949
-13917
-13897
-13863
-13771
-13705
-13638
-13615
-13590
-13558
-13485
-13422
-13390
-13321
-13281
-13254
-13230
-13226
-13214
-13178
-13138
-13125
-13105
-13081
-12999
-12876
-12794
-12771
-12720
-12695
-12691
-12647
-12607
-12546
-12502
-12512
-12491
-12457
-12447
-12455
-12485
-12506
-12521
-12510
-12521
-12546
-12573
-12596
-12636
-12670
-12718
-12800
-12840
-12855
-12863
-12907
-12978
-13058
-13128
-13170
-13289
-13380
-13432
-13544
-13632
-13726
-13802
-13901
-13978
-14065
-14193
-14319
-14441
-14558
-14632
-14728
-14798
-14918
-15063
-15186
-15340
-15489
-15592
-15680
-15796
-15913
-16065
-16212
-16350
-16401
-16541
-16691
-16777
-16857
-16928
-17044
-17134
-17193
-17270
-17367
-17474
-17550
-17647
-17693
-17758
-17892
-17978
-18035
-18121
-18184
-18235
-18285
-18338
-18399
-18449
-18483
-18537
-18590
-18638
-18695
-18697
-18676
-18724
-18777
-18825
-18840
-18869
-18897
-18901
-18947
-19014
-19073
-19086
-19058
-19088
-19125
-19132
-19134
-19161
-19195
-19228
-19285
-19308
-19315
-19319
-19312
-19325
-19355
-19417
-19493
-19537
-19556
-19554
-19573
-19588
-19655
-19762
-19855
-19878
-19905
-19939
-19978
-20042
-20168
-20302
-20371
-20457
-20518
-20579
-20680
-20777
-20855
-20964
-21039
-21098
-21180
-21262
-21334
-21394
-21476
-21552
-21605
-21640
-21667
-21737
-21815
-21854
-21869
-21880
-21886
-21918
-21960
-22025
-22092
-22119
-22121
-22142
-22178
-22264
-22291
-22283
-22266
-22273
-22241
-22262
-22325
-22384
-22397
-22418
-22451
-22489
-22510
-22520
-22489
-22468
-22565
-22634
-22583
-22607
-22649
-22674
-22718
-22697
-22695
-22712
-22743
-22714
-22693
-22674
-22674
-22691
-22655
-22596
-22541
-22552
-22521
-22455
-22441
-22392
-22439
-22426
-22342
-22365
-22401
-22327
-22224
-22178
-22130
-21991
-21951
-21911
-21968
-21941
-21884
-21836
-21777
-21745
-21691
-21674
-21737
-21674
-21716
-21739
-21741
-21783
-21878
-21865
-21949
-22092
-22092
-22113
-22182
-22264
-22321
-22367
-22415
-22373
-22459
-22531
-22563
-22571
-22584
-22638
-22646
-22659
-22642
-22703
-22852
-22865
-22836
-22806
-22907
-23008
-23010
-23083
-23109
-23077
-23125
-23197
-23220
-23207
-23182
-23157
-23178
-23230
-23165
-23155
-23163
-23121
-23128
-23149
-23157
-23146
-23165
-23172
-23119
-23115
-23126
-23153
-23115
-23117
-23088
-23094
-23178
-23186
-23191
-23235
-23258
-23296
-23321
-23352
-23354
-23361
-23390
-23405
-23460
-23466
-23495
-23485
-23491
-23529
-23552
-23521
-23480
-23502
-23565
-23569
-23565
-23642
-23667
-23783
-23852
-23821
-23834
-23911
-23466
-24029
-24102
-24153
-24176
-24209
-24210
-24168
-24212
-24243
-24298
-24279
-24237
-24250
-24249
-24279
-24304
-24218
-24222
-24193
-24172
-24142
-24090
-24046
-23993
-23951
-23896
-23848
-23762
-23649
-23577
-23525
-23401
-23319
-23237
-23144
-23025
-22951
-22903
-22745
-22611
-22491
-22350
-22268
-22193
-22125
-21945
-21764
-21699
-21625
-21500
-21413
-21333
-21197
-21138
-21029
-20964
-20913
-20781
-20749
-20714
-20670
-20579
-20586
-20583
-21000
-20438
-20424
-20432
-20428
-20359
-20367
-20376
-20319
-20344
-20375
-20346
-20333
-20312
-20281
-20367
-20359
-20346
-20371
-20352
-20298
-20252
-20167
-20125
-20115
-20075
-20504
-19938
-19888
-19863
-19842
-19817
-19764
-19745
-19699
-19649
-19647
-19577
-19565
-19527
-19464
-19396
-19336
-19359
-19308
-19212
-19188
-19096
-19073
-19020
-18934
-18815
-18691
-18638
-18480
-18212
-18134
-18111
-18016
-18016
-17943
-17880
-17775
-18058
-17466
-17468
-17455
-17438
-17485
-17602
-17731
-17894
-18170
-18325
-18544
-18844
-19163
-19493
-19825
-20170
-20478
-20752
-21126
-21048
-21777
-22115
-22394
-22749
-23046
-23186
-22970
-23594
-23659
-23869
-24027
-24031
-24058
-24151
-24199
-24220
-24195
-24046
-23955
-23789
-23607
-23907
-23241
-23434
-22632
-22376
-22159
-21873
-21596
-21329
-21094
-20808
-20537
-20220
-19970
-19756
-19985
-19237
-18987
-18766
-18592
-18355
-18165
-18556
-17878
-17718
-18073
-17542
-17493
-17462
-17483
-17525
-17605
-17646
-17674
-17703
-17819
-18002
-18231
-18483
-18699
-18947
-19235
-19439
-19695
-19850
-19544
-20210
-20355
-20470
-20638
-20817
-20974
-21042
-21121
-21123
-21130
-21109
-20947
-20749
-20632
-20418
-20189
-19989
-19724
-19491
-19216
-18964
-18596
-18258
-17974
-17609
-17260
-16812
-16407
-16062
-15703
-15386
-14941
-14583
-14180
-13773
-13371
-12922
-12562
-12668
-11815
-11531
-11170
-10915
-10754
-10581
-10390
-10745
-10109
-10039
-9928
-9815
-9733
-9781
-9777
-9716
-9733
-9773
-9808
-9907
-10054
-10140
-10220
-10336
-10439
-10611
-10674
-10798
-10947
-11037
-11142
-11270
-11336
-11422
-11560
-11621
-11726
-11852
-11953
-12002
-12119
-12109
-12167
-12230
-12224
-12291
-12441
-12609
-12787
-12972
-13125
-13287
-13541
-13649
-13754
-13980
-14203
-14455
-14752
-15069
-15348
-15176
-15878
-16105
-16430
-16754
-17084
-17405
-17834
-18142
-18426
-18838
-19119
-19342
-19600
-19974
-20197
-20415
-20794
-21062
-21352
-21609
-21770
-21918
-22125
-22354
-22010
-22672
-22798
-22917
-23014
-23075
-23287
-23346
-23321
-23296
-23334
-23331
-23224
-23092
-23088
-23060
-23021
-22943
-22945
-22991
-23084
-23092
-23054
-23063
-23163
-23174
-23144
-23115
-23031
-22991
-22936
-22871
-22815
-22716
-22558
-22464
-22651
-22483
-22357
-21436
-21266
-21201
-21033
-20848
-20722
-20605
-20600
-20292
-20006
-20073
-19968
-19619
-19451
-19392
-19281
-19065
-18838
-18583
-18342
-18174
-18000
-17852
-17718
-18054
-17453
-17355
-17222
-17586
-16978
-16785
-16665
-16499
-16325
-16128
-15938
-15651
-15361
-15062
-14806
-14565
-14271
