-23810
-23705
-23548
-23338
-23090
-22878
-22642
-22302
-21987
-21674
-21367
-21052
-20750
-20472
-20325
-20136
-20018
-19964
-19953
-19989
-19995
-20090
-20287
-20502
-20756
-21065
-21415
-21726
-22071
-21997
-22888
-23155
-22966
-23750
-23493
-24119
-24323
-24470
-24438
-24460
-24500
-24502
-24411
-24241
-24102
-23968
-23813
-23699
-23512
-23340
-23140
-22926
-22770
-22575
-22438
-22376
-22386
-22392
-22344
-22342
-22438
-22562
-22617
-22716
-22813
-22884
-22493
-23107
-23104
-23224
-23292
-23313
-23399
-23451
-23455
-23531
-23537
-23485
-23460
-23460
-23457
-23375
-23296
-23270
-23161
-23071
-23039
-22909
-22762
-22720
-22691
-22640
-22628
-22617
-22550
-22533
-22520
-22464
-22455
-22369
-22245
-22180
-22121
-22002
-21932
-21500
-21997
-21976
-22027
-22098
-22191
-22275
-22348
-22375
-22355
-22449
-22523
-22594
-22737
-22741
-22781
-22804
-22796
-22867
-22938
-23054
-23115
-23189
-23264
-23354
-23451
-23491
-23470
-23546
-23619
-23665
-23730
-23777
-23800
-23783
-23758
-23781
-23815
-23777
-23787
-23775
-23798
-23817
-23838
-23840
-23831
-23880
-23459
-24054
-24083
-24163
-24184
-24289
-24476
-24535
-24583
-24712
-24894
-25136
-25300
-25560
-25850
-26104
-26376
-26607
-26871
-27140
-27411
-27636
-27829
-28067
-28216
-28432
-28573
-28731
-28896
-28985
-29111
-29239
-29386
-29418
-29344
-29325
-29287
-29268
-29275
-29342
-29794
-29281
-29338
-29355
-29796
-29245
-29289
-29287
-29321
-29289
-29285
-29237
-29209
-29197
-29209
-29254
-29268
-29283
-29321
-29352
-29352
-29352
-29415
-29548
-29590
-29674
-29730
-29745
-29825
-29957
-30102
-30182
-30277
-30275
-30285
-30338
-30329
-30336
-30331
-30260
-30205
-30174
-30100
-30105
-30100
-30096
-30126
-30136
-30161
-30067
-30062
-30079
-30100
-30050
-29966
-29936
-29869
-29836
-29886
-29899
-29878
-29838
-29854
-29934
-29972
-29978
-30002
-30069
-30069
-30126
-30291
-30403
-30514
-30640
-30294
-30848
-30932
-31042
-31023
-31079
-31140
-31168
-31113
-31035
-31020
-31014
-30951
-30985
-30987
-30966
-30978
-31020
-31084
-31147
-31140
-31176
-30800
-31333
-31363
-31466
-31558
-31607
-31613
-31688
-31714
-31676
-31703
-31709
-31747
-32243
-31773
-31836
-31846
-31880
-31932
-31951
-31953
-31957
-31922
-31920
-31888
-31829
-31842
-31918
-31938
-31951
-32039
-32132
-32298
-32466
-32523
-32638
-32844
-32987
-33052
-33165
-33275
-33338
-33375
-33466
-33558
-33563
-33638
-33749
-33773
-33810
-33783
-33756
-33688
-33621
-33558
-33533
-33502
-33407
-33361
-33350
-33422
-33493
-33563
-33619
-33243
-33787
-33894
-34073
-34285
-34430
-34554
-34682
-34834
-34980
-35105
-35214
-35329
-35451
-35495
-35563
-35617
-35676
-35686
-35674
-35628
-35625
-35588
-35533
-35533
-35489
-35457
-35384
-35378
-35376
-35361
-35375
-35438
-35422
-35413
-35453
-35424
-35441
-35535
-35542
-35455
-35443
-35434
-35451
-35417
-35403
-35443
-35500
-35552
-35577
-35684
-35812
-35995
-36144
-36275
-36365
-36491
-36693
-36842
-37027
