-37252
-37455
-37550
-37651
-37760
-37865
-37901
-37985
-38002
-37989
-38006
-37972
-37932
-37791
-37680
-37592
-37457
-37325
-37186
-37094
-37075
-36985
-36920
-36926
-36884
-36945
-37021
-37123
-37224
-37350
-37438
-37134
-37705
-37901
-38014
-37625
-38285
-38415
-38516
-38697
-38773
-38941
-38968
-39063
-39167
-39191
-39226
-39140
-38928
-38672
-38626
-38512
-38480
-38352
-38146
-38002
-37892
-37850
-37896
-37926
-37915
-37913
-37926
-37917
-38084
-38130
-38161
-38277
-38373
-38504
-38111
-38743
-38911
-39012
-39084
-39079
-39163
-39308
-39373
-39424
-39499
-39600
-39649
-39722
-39867
-40029
-40174
-40298
-40413
-40478
-40525
-40691
-40825
-40983
-41228
-41319
-41315
-41292
-41281
-41195
-41102
-41010
-40978
-40932
-40861
-40789
-40754
-40680
-40577
-40516
-40418
-40304
-40203
-40010
-39806
-39605
-39375
-39105
-38871
-39075
-38306
-38140
-37936
-37714
-37518
-37384
-37241
-37071
-36993
-36854
-36791
-36789
-36808
-36825
-36924
-36989
-37094
-37191
-37279
-37417
-37436
-37455
-37548
-37567
-37541
-37651
-37718
-37781
-37794
-37844
-37890
-37924
-38075
-38188
-38270
-38363
-38529
-38684
-38857
-39054
-39167
-39344
-39514
-39552
-39590
-39491
-39338
-39201
-38909
-38647
-38323
-38130
-37791
-37396
-37044
-36836
-37105
-36262
-35949
-35709
-35451
-35256
-35083
-34936
-34867
-34724
-34634
-34537
-34313
-34186
-34163
-34016
-33861
-33766
-33718
-33758
-33825
-33796
-33728
-33791
-33854
-33800
-33859
-33878
-33886
-33875
-33859
-33852
-33760
-33646
-33550
-33386
-33163
-32928
-33216
-32554
-32380
-32273
-32151
-32096
-32140
-31760
-32449
-32810
-33107
-33304
-33533
-33668
-33630
-33563
-33346
-33062
-32779
-32451
-32247
-32063
-31920
-31972
-32083
-32243
-32466
-32682
-32836
-33042
-33163
-33168
-33130
-32972
-32794
-32558
-32686
-31907
-31577
-31306
-31163
-30934
-30701
-30556
-30354
-30104
-29939
-29831
-29741
-29647
-29567
-29602
-29691
-29741
-29722
-29754
-29741
-29728
-29712
-29813
-29875
-29949
-29966
-29943
-30023
-29978
-29875
-29773
-29684
-29535
-29325
-29205
-28993
-28836
-28554
-28348
-28189
-27987
-27768
-27541
-27382
-27243
-27050
-26934
-26720
-26577
-26432
-26231
-26035
-25941
-25907
-25880
-25894
-25970
-26123
-26105
-26086
-26126
-26071
-26014
-26382
-25739
-25619
-25508
-25432
-25323
-25275
-25191
-25062
-25037
-24972
-24899
-24825
-24779
-24808
-24842
-24894
-24441
-25031
-25233
-25346
-24918
-25510
-25565
-25663
-25676
-25691
-25693
-25722
-25775
-25781
-25817
-25794
-25760
-25773
-25796
-25730
-25693
-25655
-25583
-25575
-25491
-25331
-25241
-25231
-25161
-25062
-24976
-24974
-24905
-24833
-24785
-24691
-24609
-24562
-24489
-24476
-24451
-24401
-24338
-24283
-24306
-24344
-24312
-24275
-24289
-24348
-24323
-24306
-24287
-24308
-24319
-24355
-24394
-24476
-24495
-24546
-24659
-24766
-24909
-25014
-25098
-25231
-25312
-25396
-25533
-25657
-25802
-25934
-26155
-26296
-26350
-26451
-26638
-26764
-26724
-26749
