-22966
-23523
-23520
-23533
-23544
-23523
-23426
-23354
-23256
-23214
-23134
-23438
-22808
-22724
-22646
-22390
-22304
-22291
-22222
-22086
-22060
-22071
-22041
-22459
-21976
-22058
-22125
-22193
-22224
-21989
-22646
-22829
-23060
-23321
-23688
-23470
-24258
-24552
-24968
-25283
-25550
-25846
-26163
-26373
-26644
-26918
-27165
-26901
-27575
-27749
-27376
-27974
-28052
-28245
-28304
-28375
-28430
-28502
-28541
-28577
-28636
-28632
-28590
-28632
-28670
-28636
-28617
-28577
-28630
-28667
-28743
-28342
-28346
-28913
-29039
-29115
-29239
-29336
-29449
-29527
-29621
-29724
-29813
-29951
-30029
-30123
-30209
-30218
-30151
-30182
-30203
-30230
-30184
-30151
-30130
-30119
-30012
-29888
-29834
-30289
-29756
-29644
-29640
-29621
-29510
-29518
-29468
-29495
-29426
-29386
-29336
-29325
-29294
-29170
-29104
-29071
-29023
-28970
-28928
-28873
-28855
-28850
-28871
-28930
-28892
-28869
-28886
-28915
-28871
-28846
-28821
-28739
-28773
-28768
-28590
-28497
-28508
-28443
-28384
-28289
-28172
-28094
-28111
-28079
-28018
-27983
-28027
-28012
-27987
-27983
-28060
-28096
-28172
-28163
-28195
-28256
-28306
-28415
-28483
-28552
-28607
-28695
-28783
-28850
-28928
-29033
-29044
-29100
-29167
-29306
-29443
-29533
-29621
-29722
-29827
-29901
-29972
-30063
-30128
-29815
-30346
-30462
-30514
-30567
-30644
-30646
-30747
-30890
-30974
-31060
-31042
-31067
-31193
-31228
-31291
-31386
-31466
-31460
-31493
-31569
-31554
-31548
-31604
-31604
-31674
-31630
-31621
-31691
-31684
-31697
-31775
-31804
-31833
-31865
-31896
-31928
-32027
-32042
-32052
-32132
-32189
-32189
-32201
-32264
-32340
-32367
-32409
-32436
-32447
-32443
-32504
-32560
-32628
-32625
-32657
-32712
-32745
-32800
-32829
-32903
-32909
-32928
-32939
-32880
-32867
-32875
-32802
-32771
-32762
-32764
-33220
-32714
-32672
-32607
-32634
-32642
-32642
-32802
-32934
-33023
-33134
-33243
-33422
-33556
-33760
-33855
-33985
-34105
-34224
-34296
-34336
-34354
-34459
-34424
-34392
-34411
-34422
-34422
-34411
-34457
-34506
-34556
-34680
-34823
-34943
-35058
-35174
-35310
-35438
-35523
-35586
-35697
-35743
-35802
-35896
-35938
-35880
-35800
-35827
-35791
-35785
-35771
-35825
-35808
-35798
-35859
-35901
-35836
-35894
-35934
-35959
-35974
-36058
-36100
-36092
-36205
-36292
-36380
-36441
-36527
-36567
-36625
-36718
-36834
-36957
-37105
-37209
-37273
-37361
-37424
-37428
-37464
-37420
-37357
-37363
-37325
-37235
-37132
-36993
-36812
-37128
-36508
-36417
-36218
-36081
-35949
-35787
-36147
-35556
-35487
-35348
-35292
-35258
-35271
-35359
-35352
-35325
-35382
-35480
-35617
-35703
-35909
-36115
-36247
-36392
-36499
-36619
-36745
-36852
-36876
-36924
-36957
-36953
-36852
-36819
-36760
-36619
-36428
-36230
-36100
-35922
-35680
-35336
-35186
-35077
-34817
-34602
-34439
-34250
-33959
-33766
-33642
-33537
-33436
-33396
-33319
-33210
-33161
-33105
-33107
-33147
-33144
-33165
-33317
-33386
-33369
-33548
-33630
-33693
-33756
-33812
-33888
-34004
