-32579
-32590
-32598
-32615
-32625
-32626
-32634
-32619
-32665
-32621
-32584
-32598
-32604
-32682
-32731
-32792
-32825
-32951
-33098
-33140
-33191
-33338
-33554
-33651
-33766
-33897
-34012
-34088
-33720
-34382
-34563
-34752
-34821
-34970
-35155
-35317
-35470
-35189
-35785
-35865
-35972
-35924
-35966
-36018
-35947
-35859
-35794
-35705
-35644
-35626
-35703
-35638
-35548
-35567
-35594
-35617
-35611
-35533
-35514
-35554
-35552
-35558
-35521
-35565
-35590
-35680
-35756
-35775
-35859
-35993
-35668
-36209
-36334
-36426
-36470
-36558
-36485
-36445
-36417
-36472
-36480
-36468
-36457
-36491
-36516
-36523
-36619
-36640
-36714
-36758
-36869
-36913
-37018
-37071
-37098
-37186
-37172
-37207
-37207
-37247
-37205
-37237
-37268
-37212
-37140
-37170
-37159
-37092
-37050
-36941
-36783
-37117
-36441
-36245
-36044
-35730
-35506
-35193
-34915
-34663
-34460
-34333
-34130
-34035
-33865
-33775
-33684
-33632
-33237
-33863
-33999
-34182
-34390
-34554
-34756
-34951
-34737
-35403
-35611
-35888
-36125
-36340
-36495
-36674
-36936
-37042
-37117
-37273
-37376
-37499
-37638
-37724
-37827
-37852
-37802
-37768
-37766
-37684
-37548
-37355
-37243
-37250
-37205
-37104
-37046
-37069
-37126
-37172
-37212
-37176
-37168
-37170
-37209
-37298
-37264
-37235
-37294
-37285
-37291
-37388
-37417
-37451
-37516
-37478
-37380
-37355
-37285
-37209
-37111
-36997
-36827
-36716
-36611
-36422
-36266
-36197
-36105
-35953
-35863
-35779
-35718
-35594
-35466
-35321
-35252
-35151
-35065
-34989
-34852
-34783
-34703
-34611
-34521
-34470
-34403
-34258
-34117
-33985
-33878
-33731
-33636
-33518
-33323
-33170
-33090
-33012
-32857
-32703
-32676
-32602
-32533
-32502
-32413
-32424
-32466
-32512
-32457
-32438
-32516
-32617
-32661
-32714
-32770
-32848
-32985
-33079
-33170
-33357
-33453
-33508
-33590
-33705
-33781
-33850
-33909
-33985
-34092
-34126
-34109
-34191
-34275
-34342
-34367
-34359
-34355
-34380
-34323
-34220
-34170
-34123
-34100
-34016
-33960
-33924
-33899
-33897
-33894
-33857
-33798
-33739
-34197
-33630
-33455
-33338
-33281
-33180
-33033
-32886
-32829
-33205
-32632
-32626
-32510
-32415
-32420
-32375
-32260
-32119
-32016
-31888
-31712
-31546
-31346
-31090
-30842
-30691
-30443
-30262
-30092
-29941
-29812
-29588
-29512
-29415
-29775
-29197
-29159
-29073
-29052
-28955
-28985
-29062
-29092
-29199
-28829
-29457
-29613
-29756
-29897
-30016
-30147
-29806
-30367
-30455
-30493
-30598
-30630
-30590
-30667
-30688
-30644
-30569
-30497
-30438
-30338
-30285
-30210
-30182
-30096
-30035
-30065
-30020
-29976
-29936
-29848
-29741
-29655
-29556
-29443
-29325
-29167
-29020
-29270
-28609
-28521
-28388
-28228
-28083
-27926
-27855
-27733
-27575
-27476
-27279
-27115
-27046
-26953
-26833
-26697
-26607
-26609
-26590
-26531
-26506
-26542
-26588
-26668
-26770
-26903
-26934
-27010
-27100
-27147
-27121
-27216
-27304
-27289
-27336
-27333
-27413
-27376
-27846
-27308
-27245
-27195
-27128
-26974
-27352
-26625
-26296
-26096
