-10172
-10161
-10172
-10079
-10081
-10083
-10092
-10138
-10231
-10230
-10294
-10355
-10491
-10617
-10653
-10733
-10806
-10884
-10970
-11037
-11123
-11182
-11228
-11256
-11312
-11447
-11558
-11571
-11651
-11252
-11749
-11733
-11821
-11880
-11875
-11918
-11989
-12033
-12090
-12134
-12214
-12384
-12407
-12460
-12558
-12653
-12686
-12220
-12821
-12886
-12918
-13020
-13079
-13092
-13262
-13403
-13460
-13556
-13644
-13768
-13875
-13995
-14063
-14134
-14245
-14340
-14338
-14306
-14392
-14420
-14418
-14357
-14340
-14308
-14331
-14321
-14235
-14176
-14138
-14140
-14146
-14142
-14180
-14199
-14199
-14191
-14147
-14105
-14111
-14123
-14109
-14081
-14086
-14119
-14147
-14149
-14100
-14060
-14041
-14077
-14136
-14144
-14130
-14126
-14155
-14188
-14182
-14159
-14136
-13682
-14262
-14296
-14313
-14333
-14373
-14424
-14476
-14499
-14523
-14588
-14655
-14737
-14810
-14848
-14865
-14930
-15010
-15083
-15161
-15254
-15338
-15405
-15443
-15491
-15615
-15667
-15688
-15739
-15840
-15936
-16006
-16060
-16153
-16216
-16271
-16334
-16382
-16426
-16581
-16720
-16758
-16764
-16823
-16917
-16999
-16615
-17174
-17237
-17333
-17451
-17556
-17667
-17752
-17819
-17907
-17978
-18031
-18130
-18233
-18319
-18380
-18424
-18483
-18565
-18695
-18804
-18886
-18930
-18997
-19077
-19155
-19254
-19342
-19409
-19518
-19619
-19709
-19787
-19859
-19915
-19989
-20027
-20083
-20126
-20226
-20348
-20439
-20556
-20657
-20743
-20796
-20890
-20972
-21044
-21117
-21222
-21308
-21376
-21438
-21010
-21571
-21640
-21699
-21800
-21867
-21938
-22048
-22104
-22142
-22230
-22300
-22396
-22453
-22474
-22489
-22550
-22625
-22741
-22859
-22903
-22955
-22993
-23014
-23060
-23121
-23220
-23298
-23350
-23384
-23413
-23436
-23462
-23487
-23544
-23607
-23665
-23745
-23825
-23886
-23945
-24002
-24008
-24031
-24050
-24077
-24105
-24140
-24157
-24189
-24159
-24186
-24228
-24264
-24270
-24275
-24331
-24411
-23941
-24436
-24468
-24491
-24483
-24476
-24480
-24485
-24481
-24499
-24523
-24514
-24500
-24464
-24447
-24447
-24489
-24523
-24497
-24430
-24388
-24367
-24355
-24315
-24283
-24264
-24270
-24262
-24205
-24115
-24035
-24002
-23966
-23947
-23917
-23894
-23876
-23838
-23794
-23775
-23808
-23815
-23781
-23750
-23718
-23743
-23733
-23726
-23739
-23760
-23737
-23730
-23724
-23750
-23750
-23764
-23812
-23867
-23920
-23453
-23962
-24010
-24073
-24096
-24115
-24147
-24197
-24239
-24279
-24281
-24310
-24357
-24426
-24500
-24584
-24615
-24678
-24749
-24855
-24957
-25021
-25094
-25167
-25235
-25342
-25441
-25531
-25646
-25726
-25792
-25418
-25985
-26029
-26090
-26151
-26260
-25909
-26489
-26590
-26661
-26749
-26855
-26939
-26999
-27041
-27111
-27188
-27262
-27331
-27375
-27445
-27497
-27546
-27621
-27697
-27745
-27785
-27817
-27859
-27896
-27909
-27917
-27936
-27968
-28008
-28006
-28000
-27976
-27949
-27972
-27936
-27905
-27890
-27911
-27928
-27903
-27875
-27836
-27810
-27825
-27865
-27855
-27796
-27764
-27762
-27750
-27752
-27756
-27707
-27649
-27609
-27598
-27642
-27670
-27659
-27636
-27634
-27630
-27611
-27602
-27634
-27699
-27749
-27770
-27794
-27813
-27791
-27800
-27363
-27880
-27917
-27964
-28031
-28058
-28115
-28178
-28230
-28256
-28237
-28220
-28216
-28264
-28315
-28317
-28319
-28359
-28361
-28369
-28409
-28438
-28445
-28478
-28472
-28457
-28460
-28459
-28474
-28499
-28516
-28533
-28550
-28550
-28541
-28537
-28546
-28514
-28468
-28449
-28468
-28472
-28441
-28417
-28439
-28451
-28394
-28371
-28373
-28434
-28449
-28476
-28455
-28428
-28386
-28327
-28306
-28262
-28249
-28294
-28354
-28338
-28300
-28281
-28287
-27852
-28369
-28352
-28319
-28355
-28396
-28453
-28533
-28569
-28596
-28621
-28665
-28726
-28760
-28747
-28771
-28340
-28880
-28911
-28945
-28962
-29033
-29090
-29153
-29235
-29300
-29321
-29371
-29441
-29529
-29552
-29542
-29571
-29636
-29703
-29768
-29838
-29882
-29896
-29897
-29918
-29964
-29985
-30027
-30071
-30094
-30105
-30117
-30121
-30090
-30083
-30077
-30092
-30092
-30098
-30105
-30098
-30100
-30096
-30092
-30102
-30128
-30132
-30079
-30010
-29970
-29985
-30010
-30008
-30023
-30008
-29989
-29955
-29907
-29861
-29857
-29823
-29798
-29781
-29768
-29741
-29703
-29676
-29640
-29613
-29563
-29459
-29401
-29323
-29262
-29174
-29086
-28995
-28928
-28873
-28792
-28728
-28630
-28552
-28451
-28369
-28285
-28161
-28054
-27955
-27876
-27783
-27640
-27521
-27438
-27313
-27189
-27094
-26993
-26892
-26810
-26689
-26562
-26447
-26867
-26321
-26283
-26209
-26142
-26050
-25953
-25899
-25852
-25812
-25781
-25714
-25699
-25695
-25678
-25626
-25592
-25573
-25529
-25499
-25481
-25470
-25478
-25508
-25506
-25495
-25468
-25474
-25499
-25579
-25649
-25747
-25796
-25842
-25928
-26042
-26136
-26235
-26312
-26373
-26468
-26569
-26676
-26813
-26915
-27002
-27094
-27144
-27207
-27271
-27354
-27422
-27504
-27604
-27672
-27754
-27852
-27945
-28006
-28046
-28159
-28203
-28218
-28243
-28319
-28376
-28430
-28455
-28466
-28483
-28541
-28604
-28649
-28686
-28686
-28689
-28682
-28638
-28615
-28623
-28642
-28644
-28619
-28590
-28571
-28531
-28447
-28386
-28352
-28298
-28222
-28149
-28077
-28021
-27976
-27888
-27834
-27789
-27728
-27607
-27520
-27462
-27451
-27417
-27329
-27210
-27102
-27069
-27062
-27021
-26978
-26897
-26802
-26743
-26735
-26730
-26752
-26739
-26712
-26646
-26609
-26577
-26531
-26491
-26420
-26348
-26302
-26216
-26159
-26155
-26128
-26119
-26100
-26042
-26006
-25949
-25867
-25827
-25777
-25693
-25623
-25562
-25533
-25502
-25470
-25445
-25382
-25292
-25201
-25130
-25006
-24833
-24747
-24682
-24625
-24535
-24386
-24233
-24111
-23985
-23854
-23714
-23556
-23394
-23270
-23138
-23012
-22909
-22833
-22720
-22558
-22447
-22342
-22201
-22062
-22466
-21932
-21875
-21779
-21670
-21573
-21964
-21382
-21336
-21264
-21220
-21184
-21142
-21071
-21050
-21065
-21096
-21071
-21050
-21071
-21100
-21060
-21018
-21018
-21021
-21067
-21111
-21111
-21105
-21107
-21151
-21201
-21254
-21296
-21277
-21264
-21313
-21346
-21376
-21449
-21489
-21516
-21562
-21644
-21743
-21842
-21855
-21918
-22000
-22020
-22033
-22084
-22123
-22126
-22155
-22210
-22268
-22275
-22285
-22262
-22249
-22228
-22214
-22214
-22222
-22195
-22149
-22073
-22000
-21955
-21897
-21840
-21798
-21747
-21647
-21560
-21504
-21434
-21361
-21228
-21138
-21042
-20943
-20873
-20754
-20657
-20565
-20457
-20365
-20315
-20218
-20098
-19981
-19882
-19787
-19674
-19544
-19447
-19348
-19245
-19125
-18970
-18838
-18752
-18653
-19054
-18472
-18375
-18266
-18205
-18125
-18016
-17960
-17905
-17857
-17789
-17707
-17621
-17556
-17514
-17483
-17464
-17430
-17382
-17321
-17298
-17271
-17260
-17195
-17138
-17104
-17090
-17098
-16613
-17117
-17146
-17155
-17186
-17228
-17277
-17315
-17369
-17428
-17500
-17529
-17523
-17577
-17621
-17688
-17749
-17754
-17747
-17812
-17842
-17869
-17876
-17884
-17884
-17892
-17913
-17926
-17951
-17966
-17959
-17983
-18025
-18037
-17995
-17968
-18002
-18054
-18105
-18062
-18000
-17943
-17968
-17966
-17909
-17890
-17882
-17852
-17800
-17779
-17743
-17682
-18063
-17497
-17441
-17396
-17354
-17321
-17268
-17182
-17586
-16959
-16838
-16728
-17088
-16468
-16334
-16172
-16027
-15894
-15739
-15602
-15403
-15197
-15079
-14953
-14754
-14544
-14355
-14657
-14000
-13808
-13642
-13514
-13340
-13159
-13023
-12890
-12705
-12552
-12371
-12678
-12096
-12071
-12063
-11985
-11901
-11834
-11777
-11750
-11733
-11735
-11728
-11710
-11247
-11798
-11817
-11829
-11892
-12016
-12071
-12125
-12125
-12153
-12249
-12342
-12415
-12527
-12638
-12668
-12716
-12796
-12861
-12953
-13021
-13098
-12718
-13327
-13447
-13544
-13617
-13703
-13838
-13945
-14023
-14130
-14233
-14329
-14474
-14651
-14823
-15002
-15191
-15371
-15584
-15625
-15733
-15959
-16123
-16216
-16338
-16460
-16577
-16705
-16819
-16943
-17161
-17273
-17375
-17483
-17109
-17655
-17710
-17812
-17861
-17892
-17888
-17863
-17800
-17747
-17695
-18056
-17424
-17281
-17163
-17012
-16852
-16674
-16434
-16170
-15943
-15728
-15493
-15220
-15025
-14720
-14468
-14197
-13949
-13764
-13510
-13308
-13021
-12863
-12571
-12361
-12689
-12073
-11932
-11762
-11649
-11558
-11453
-11418
-11438
-11346
-11252
-11155
-11220
-11205
-11184
-11174
-11226
-11266
-11315
-11386
-11384
-11415
-11512
-11621
-11668
-11665
-11775
-11844
-11941
-11978
-12054
-12109
-11733
-12338
-12375
-12342
-12342
-12399
-12438
-12415
-12409
-12460
-12472
-12512
-12529
-12544
-12598
-12527
-12500
-12623
-12615
-12584
-12659
-12670
-12647
-12676
-12609
-12550
-12512
-12439
-12342
-12243
-12098
-11978
-11842
-11707
-11499
-11271
-11113
-10934
-11203
-10449
-10205
-9882
-9607
-9376
-9090
-8705
-8445
-8226
-7932
-7657
-7422
-7136
-7291
-6640
-6378
-6193
-5980
-5792
-5628
-5529
-5403
-5292
-5201
-5102
-5090
-5104
-5075
-5052
-5081
-5125
-5134
-5210
-5340
-5407
-5409
-5462
-5594
-5657
-5739
-5863
-5989
-6077
-6100
-6138
-6218
-6245
-6308
-6304
-6380
-6394
-6422
-6430
-6327
-6342
-6840
-6312
-6252
-6260
-6243
-6214
-6228
-6230
-6121
-6109
-6075
-5981
-5899
-6352
-5756
-5667
-5613
-5548
-5459
-5333
-5189
-5130
-5014
-4890
-4817
-4716
-4592
-4525
-4451
-4344
-4239
-4159
-4094
-4016
-3951
-3890
-3831
-3804
-3739
-3699
-3688
-3617
-3628
-3567
-3521
-3573
-3632
-3541
-3527
-3544
-3605
-3642
-3674
-3642
-3646
-3676
-3678
-3642
-3598
-3596
-3646
-3676
-3705
-3730
-3785
-3777
-3836
-3983
-4125
-4176
-4189
-4245
-4361
-4409
-4453
-4506
-4605
-4676
-4628
-4619
-4607
-4583
-4613
-4588
-4468
-4886
-4399
-4357
-4313
-4186
-4136
-4035
-3932
-3882
-3813
-3682
-3548
-3493
-3466
-3424
-3285
-3115
-3033
-2993
-3417
-2892
-2869
-2771
-2758
-2768
-2647
-2563
-2560
-2525
-2539
-2506
-2447
-2422
-2361
-2287
-2233
-2193
-2167
-2132
-2060
-2023
-1991
-1936
-1939
-1903
-1865
-1829
-1745
-1684
-1640
-1596
-1584
-1512
-1409
-1367
-1317
-1201
-1092
-1021
-1058
-999
-909
-962
-907
-859
-917
-867
-831
-831
-880
-918
-913
-957
-983
-993
-981
-1062
-1098
-1199
-1264
-1340
-1438
-1510
-1533
-1598
-1663
-1764
-1920
-2008
-2109
-2239
-2397
-2460
-2611
-2712
-2777
-2922
-2964
-2974
-2991
-3046
-3104
-3147
-3172
-3252
-3315
-3275
-3321
-3396
-3451
-3491
-3563
-3674
-3802
-3840
-3890
-3930
-4041
-4033
-4004
-4052
-4146
-4174
-4191
-4220
-4247
-4220
-4243
-4338
-4334
-4361
-4403
-4375
-4411
-4375
-4432
-4470
-4472
-4434
-4426
-4518
-4502
-4539
-4625
-4655
-4667
-4699
-4762
-4747
-4806
-4880
-4917
-4970
-5033
-5010
-5014
-5071
-5096
-5123
-5096
-5086
-4987
-4907
-5371
-4796
-4731
-4678
-4565
-4514
-4457
-4875
-4321
-4199
-4077
-3939
-3834
-3781
-3657
-3478
-3411
-3292
-3163
-3083
-3000
-2829
-2750
-2667
-2544
-2537
-2500
-2432
-2418
-2382
-2392
-2432
-2472
-2472
-2514
-2560
-2625
-2735
-2802
-2911
-3023
-3140
-3300
-3449
-3571
-3733
-3432
-4100
-4275
-4546
-4728
-4939
-5144
-5417
-5626
-5794
-5920
-6119
-6279
-6428
-6516
-6667
-6781
-6932
-7000
-7073
-7086
-7107
-7159
-7214
-7233
-7180
-7111
-7054
-6972
-6819
-6684
-6604
-6420
-6277
-6092
-5911
-5768
-5630
-5455
-5350
-5189
-5054
-4976
-4888
-4773
-4718
-4646
-4584
-4550
-4573
-4638
-4697
-4714
-4724
-4842
-4941
-5058
-5218
-5375
-5548
-5644
-5855
-6119
-6325
-6516
-6691
-6920
-7176
-7399
-7583
-7745
-8004
-8281
-8529
-8768
-9023
-8810
-9605
-9831
-10107
-10432
-10726
-10978
-11214
-11579
-11821
-12100
-12373
-12550
-12747
-12957
-13151
-13371
-13546
-13210
-13745
-13859
-13995
-14083
-14075
