-27355
-27405
-27445
-27474
-27474
-27565
-27647
-27730
-27771
-27819
-27932
-27955
-28041
-28107
-28191
-28258
-28312
-28365
-28409
-28424
-28472
-28460
-28510
-28590
-28632
-28709
-28733
-28371
-28983
-29039
-29050
-29041
-29125
-29218
-29271
-29371
-29378
-29355
-29417
-29474
-29531
-29523
-29432
-29432
-29483
-29415
-29336
-29264
-29086
-28995
-28876
-28731
-28699
-28699
-28764
-28342
-28964
-29176
-29302
-29445
-29563
-29333
-30167
-30422
-30722
-31037
-31220
-31287
-31241
-31144
-31035
-30938
-30922
-31025
-31209
-31544
-31939
-32438
-33008
-33497
-33932
-34235
-34334
-34292
-34096
-34140
-33094
-32605
-32105
-31621
-31186
-30884
-30750
-30724
-30296
-30903
-31073
-31258
-31380
-31497
-31525
-31438
-31352
-31214
-30985
-30720
-30438
-30113
-29917
-30266
-29674
-29563
-29514
-29430
-29791
-29245
-29264
-29365
-29428
-29460
-29497
-29480
-29403
-29483
-29640
-29741
-29792
-29905
-30035
-30123
-30260
-30394
-30449
-30493
-30499
-30392
-30294
-30174
-30008
-29728
-29338
-28978
-28689
-28796
-27985
-27768
-27600
-27415
-27327
-27285
-27100
-27048
-27052
-27031
-27014
-26959
-26993
-27079
-27125
-27260
-27394
-27558
-27802
-28102
-28430
-28741
-29050
-29411
-29779
-30096
-30407
-30651
-30773
-30884
-31035
-31100
-31010
-30995
-30947
-30865
-30768
-30665
-30504
-30348
-30165
-29985
-30277
-29583
-29350
-29138
-28918
-28661
-28365
-28060
-27749
-27539
-27329
-27142
-26943
-26821
-26701
-26659
-26647
-26684
-26659
-26613
-26682
-26783
-26869
-26928
-27021
-27094
-27218
-27268
-27275
-27327
-27348
-27315
-27312
-27304
-27327
-27294
-27260
-27125
-27035
-26968
-26884
-26661
-26273
-25960
-25674
-25418
-25239
-25149
-25188
-25228
-25281
-25315
-25291
-25157
-25092
-25037
-24865
-24638
-24495
-24308
-24081
-23945
-23825
-23762
-23745
-23747
-23741
-23743
-23804
-23831
-23827
-23476
-23989
-23955
-23953
-23974
-23945
-24016
-24016
-23964
-23968
-24081
-24090
-24056
-24054
-24104
-24014
-23897
-23831
-23733
-23659
-23518
-23354
-23252
-23119
-23008
-22957
-22951
-22871
-22728
-22550
-22334
-22132
-22088
-22111
-22056
-21932
-21884
-21852
-21754
-21754
-21884
-22060
-22138
-22281
-22365
-22443
-22550
-22590
-22707
-22792
-22804
-22796
-22794
-22749
-22752
-22764
-22659
-22506
-22449
-22308
-22109
-22031
-22006
-21848
-21701
-21544
-21375
-21262
-21140
-21010
-20951
-20878
-20812
-20750
-20699
-20731
-20737
-20745
-20739
-20707
-20800
-20834
-20806
-20813
-20829
-20880
-20888
-20791
-20749
-20752
-20712
-20636
-20642
-20579
-20504
-20529
-21000
-20460
-20432
-20394
-20378
-20327
-20308
-20281
-20182
-20094
-20002
-19901
-19796
-19731
-19663
-19598
-20021
-19502
-19459
-19277
-19193
-19174
-19539
-18943
-18888
-18783
-18707
-18644
-18586
-18575
-18602
-18611
-18640
-18728
-18825
-18882
-18981
-19086
-19167
-19186
-19275
-19432
-19487
-19525
-19598
-19653
-19649
-19613
-19638
-19649
-19655
-19611
-19636
-19659
-19626
-19642
-19686
-19697
