-21875
-21516
-22193
-22327
-22000
-22531
-22562
-22605
-22649
-22756
-22821
-22899
-23050
-23224
-23273
-23292
-23289
-23275
-23262
-23270
-23220
-23119
-23083
-23075
-23203
-23413
-23447
-23432
-23323
-23386
-23581
-23642
-23542
-23331
-23067
-22850
-22485
-22443
-21348
-20857
-20575
-20312
-20186
-20268
-20428
-20546
-20659
-20745
-20896
-20535
-21209
-21382
-21647
-21897
-22163
-22539
-22579
-23563
-23527
-24352
-24598
-24897
-25063
-25123
-25195
-25153
-25035
-25386
-24739
-24909
-24130
-23768
-23514
-23209
-22773
-22394
-22472
-21663
-21369
-21031
-20695
-20602
-20581
-20535
-20436
-20417
-20432
-20323
-20302
-20182
-20153
-20172
-20077
-19995
-19991
-20041
-20063
-20134
-20231
-20333
-20388
-20481
-20607
-20699
-20754
-20863
-20934
-20529
-21071
-21170
-21283
-21384
-21623
-21792
-21939
-22039
-22134
-22336
-22455
-22573
-22663
-22878
-23042
-23193
-23352
-23491
-23607
-23804
-24044
-24334
-24615
-24462
-25224
-24960
-25640
-25447
-26113
-26222
-26308
-26487
-26670
-26825
-26970
-27069
-27254
-27350
-27355
-27277
-27277
-27231
-27084
-26894
-26739
-26594
-26850
-26113
-25920
-25762
-25709
-25697
-25684
-25659
-25665
-25703
-25731
-25741
-25653
-25613
-25510
-25426
-25382
-25363
-25357
-24924
-25894
-25352
-25455
-25466
-25470
-25481
-25529
-25521
-25508
-25647
-25791
-25959
-26125
-26254
-25913
-26567
-26737
-26796
-26968
-27126
-27161
-27209
-26899
-27523
-27544
-27584
-27791
-27922
-27983
-28107
-28209
-28233
-28231
-28241
-28155
-28086
-27993
-28304
-27647
-27567
-27493
-27439
-27382
-27842
-27319
-27355
-27365
-27355
-27350
-27325
-26873
-27443
-27487
-27544
-27577
-27542
-27544
-27632
-27743
-27825
-27989
-28210
-28378
-28518
-28775
-29014
-29250
-29497
-29737
-29897
-29947
-30134
-30252
-30222
-30209
-30170
-30115
-30063
-29955
-29821
-29775
-29670
-29586
-29512
-29449
-29371
-29231
-29140
-29077
-29031
-28980
-28959
-28903
-28888
-28936
-28960
-28976
-29002
-29119
-29233
-29279
-29367
-29499
-29516
-29541
-29581
-29709
-29762
-29766
-29747
-29712
-29754
-29724
-29592
-29516
-29453
-29424
-29350
-29176
-29021
-28873
-28693
-28556
-28472
-28415
-28296
-28201
-28170
-28132
-28123
-28157
-28165
-28195
-28239
-27850
-28401
-28502
-28594
-28718
-28873
-29039
-29153
-29313
-29512
-29686
-29327
-29983
-30092
-30174
-30287
-30344
-30771
-30216
-30237
-30258
-30197
-30138
-30073
-30006
-29905
-29876
-29750
-29644
-29569
-29434
-29796
-29224
-29147
-29046
-28867
-28756
-28651
-28594
-28504
-28418
-28804
-28205
-28170
-28159
-28098
-28094
-28054
-28004
-27991
-27911
-27796
-27771
-27785
-27680
-27623
-27594
-27539
-27457
-27361
-27287
-27186
-27088
-26980
-26878
-26783
-26682
-26541
-26468
-26338
-26302
-26132
-25970
-25905
-25764
-25649
-25500
-25352
-25281
-25157
-25063
-24949
-24840
-24787
-24716
-24771
-24838
-24834
-24842
-24892
-24938
-24995
-25069
-25098
-25063
-25048
-24953
-24955
-24953
-25399
-24861
-24846
-24838
-24833
-24730
