-21052
-21107
-21147
-21111
-21239
-21378
-21394
-21386
-21459
-21550
-21592
-21596
-21626
-21771
-21855
-21842
-21836
-21960
-22079
-22193
-22233
-22262
-22334
-22357
-22405
-22407
-22396
-22384
-22336
-22338
-22336
-22247
-22262
-22302
-22233
-22230
-22193
-22186
-22193
-22224
-22176
-22182
-22182
-22172
-22168
-22172
-22092
-22084
-22128
-22104
-22100
-22117
-22090
-22136
-22176
-22189
-22214
-22333
-22340
-22354
-22308
-22296
-22313
-22304
-22264
-22266
-22218
-22130
-22006
-21995
-21922
-21861
-21813
-21771
-21739
-21649
-21625
-21554
-21476
-21441
-21497
-21451
-21376
-21386
-21382
-21359
-21342
-21386
-21422
-21476
-21493
-21523
-21506
-21443
-21010
-21604
-21724
-21825
-21968
-22083
-22161
-22285
-22422
-22571
-22737
-22825
-22926
-23052
-23243
-23369
-23520
-23726
-23802
-23884
-23993
-24073
-24115
-24170
-24149
-24178
-24174
-24182
-24245
-24298
-24319
-24359
-24396
-24466
-24573
-24686
-24802
-24453
-25018
-25151
-25270
-25312
-25319
-25319
-25338
-25373
-25405
-25434
-25453
-25470
-25558
-25661
-25680
-25716
-25819
-25894
-25884
-25934
-26083
-26168
-26191
-26193
-26224
-26262
-26210
-26233
-26254
-26315
-25897
-26401
-26397
-26560
-26640
-26720
-26819
-27004
-27084
-27172
-27292
-27441
-27523
-27651
-27758
-27373
-27915
-27941
-28018
-28146
-28270
-28359
-28432
-28535
-28657
-28714
-28714
-28710
-28682
-28646
-28535
-28502
-28417
-28296
-28159
-28069
-28021
-27865
-27785
-27777
-27739
-27695
-27646
-27628
-27590
-27541
-27489
-27560
-27613
-27604
-27577
-27667
-27712
-27741
-27838
-28029
-28138
-28262
-28367
-28453
-28562
-28653
-28730
-28810
-28876
-28871
-28852
-28903
-28896
-28974
-28939
-28875
-28861
-28827
-28730
-28521
-28424
-28275
-28142
-28025
-27918
-27773
-27665
-27604
-27470
-27407
-27434
-27468
-27500
-27560
-27623
-27768
-27901
-28042
-28195
-27884
-28500
-28584
-28703
-28346
-28936
-28981
-29021
-29092
-29109
-29054
-28999
-29027
-28981
-28957
-28876
-28714
-28548
-28403
-28273
-28115
-27989
-27855
-27697
-27581
-27487
-27840
-27231
-27186
-27134
-27134
-27140
-27107
-27125
-27191
-27218
-27306
-27457
-27583
-27716
-27834
-27945
-28063
-28191
-28241
-28376
-28491
-28539
-28604
-28718
-28745
-28749
-28728
-28754
-28712
-28756
-28722
-28607
-28569
-28554
-28539
-28443
-28375
-28357
-28312
-28134
-28039
-28035
-27966
-27968
-27938
-27865
-27848
-28331
-27834
-27779
-27731
-27750
-27747
-27726
-27730
-27718
-27728
-27760
-27791
-27865
-28333
-27823
-27831
-27817
-27722
-27722
-27676
-27556
-27439
-27249
-27083
-26918
-26722
-26500
-26304
-26113
-25989
-25878
-25764
-25646
-25474
-25390
-25420
-25334
-25226
-25054
-24964
-24871
-24802
-24638
-24510
-24436
-24336
-24218
-24128
-23981
-23953
-23918
-23857
-23821
-23647
-23508
-23938
-23313
-23233
-23182
-23042
-22890
-22771
-22726
-22615
-22581
-22541
-22514
-22439
-22355
-22327
-22382
-22417
-22405
-22422
-22441
-22428
-22426
-22447
-22518
-22537
-22539
-22558
