-21392
-21012
-21596
-21758
-21915
-22125
-22352
-22491
-22590
-22806
-23020
-23189
-23344
-23462
-23613
-23716
-23903
-24012
-24111
-24161
-24237
-24294
-24312
-24291
-24182
-24134
-24094
-24041
-23928
-23857
-23777
-23665
-23634
-23632
-23565
-23613
-23596
-23544
-23573
-23556
-23550
-23623
-23609
-23710
-23810
-23863
-23936
-24083
-24245
-24302
-24417
-24539
-24636
-24689
-24686
-24709
-24722
-24697
-24672
-24657
-24602
-24521
-24436
-24277
-24126
-24021
-23915
-23771
-23640
-23567
-23915
-23256
-23042
-23023
-22915
-22779
-22720
-22730
-22709
-22615
-22642
-22680
-22667
-22703
-22707
-22857
-22915
-22480
-23039
-23159
-23268
-23439
-23590
-23813
-24048
-24142
-24218
-24378
-24550
-24684
-24779
-24867
-24886
-24947
-24951
-25020
-25153
-25224
-25172
-25167
-25308
-25361
-25298
-25277
-25250
-25292
-25323
-25291
-25237
-25205
-25092
-25012
-25033
-25041
-25018
-24932
-24432
-24974
-25056
-25090
-25125
-25241
-25386
-25521
-25581
-25701
-25855
-26018
-26144
-26220
-26340
-26462
-26499
-26577
-26661
-26674
-26710
-26758
-26682
-26668
-26678
-26638
-26544
-26489
-26516
-26571
-26560
-26468
-26480
-26592
-26596
-26626
-26724
-26812
-26913
-26993
-27046
-27096
-27176
-27209
-27243
-27294
-27378
-27384
-27476
-27672
-27800
-27884
-27955
-28023
-28149
-28230
-28250
-28287
-28333
-28426
-28439
-28441
-28460
-28529
-28592
-28619
-28598
-28592
-28586
-28686
-28787
-28894
-28953
-28941
-28995
-29125
-29201
-29241
-28844
-29407
-29502
-29575
-29617
-29647
-29796
-29897
-29953
-30044
-30159
-29810
-30329
-30485
-30655
-30764
-30844
-30932
-31035
-31062
-31142
-31292
-31430
-31403
-31453
-31609
-31670
-31640
-31712
-31834
-31873
-31867
-31882
-31890
-31865
-31808
-31808
-31785
-31813
-31808
-31834
-31829
-31829
-31903
-31962
-32012
-32006
-31991
-32008
-32033
-32027
-32128
-32220
-32285
-32325
-32392
-32480
-32533
-32531
-32562
-32495
-32418
-32336
-32252
-32203
-32075
-31972
-31850
-31773
-31680
-31497
-31371
-31294
-31191
-31094
-30989
-30882
-30926
-30846
-30722
-30659
-30539
-30512
-30418
-30323
-30315
-30323
-30762
-30212
-30184
-30167
-30378
-30621
-30695
-30668
-30623
-30617
-30514
-30424
-30468
-30464
-30388
-30386
-30436
-30430
-30417
-30357
-30243
-30176
-30136
-30033
-29819
-29630
-29516
-29417
-29409
-29355
-29283
-29249
-29243
-29235
-28827
-29401
-29439
-29537
-29779
-29997
-30205
-30369
-30518
-30646
-30688
-30705
-30657
-30525
-30388
-30199
-29962
-29873
-29672
-29470
-29785
-29107
-28890
-28720
-28682
-28638
-28541
-28405
-28367
-28365
-28291
-28304
-28243
-28149
-28054
-27983
-27897
-27808
-27840
-27831
-27819
-27791
-27812
-27865
-27918
-28000
-28096
-28115
-28279
-28438
-28533
-28636
-28680
-28714
-28815
-28861
-28886
-28966
-29111
-29140
-29086
-29058
-29052
-28999
-28938
-28833
-28722
-28565
-28384
-28165
-27947
-27766
-27516
-27363
-27191
-27016
-26913
-26693
-26563
-26430
-26354
-26292
-26275
-26302
-26365
-26438
-26556
-26686
