-35249
-35201
-35174
-35665
-35189
-35201
-35199
-35657
-35142
-35109
-35075
-35037
-34964
-34920
-34869
-34808
-34695
-34653
-34619
-34577
-34533
-34476
-34459
-34413
-34323
-34281
-34241
-34180
-34146
-34155
-34138
-34046
-33987
-33913
-33899
-33901
-33852
-33794
-33745
-33718
-33674
-33653
-33611
-33567
-33554
-33573
-33575
-33542
-33451
-33399
-33397
-33390
-33350
-33292
-33203
-33119
-33077
-33012
-32915
-32808
-32737
-32705
-32638
-32590
-32535
-32432
-32323
-32230
-32155
-32102
-32052
-31957
-31791
-31709
-31686
-31674
-31613
-31535
-31487
-31485
-31474
-31453
-31460
-31499
-31483
-31476
-31470
-31481
-31504
-31516
-31508
-31485
-31420
-31396
-31367
-31298
-31197
-31130
-31071
-30983
-30857
-31262
-30709
-30623
-30560
-30527
-30529
-30523
-30512
-30495
-30487
-30533
-30584
-30630
-30691
-30760
-30771
-30810
-30861
-30890
-30926
-30945
-30968
-31016
-31041
-31058
-31029
-31010
-30981
-30943
-30934
-30863
-30794
-30739
-30697
-30678
-30623
-30550
-30506
-30418
-30321
-30252
-30210
-30197
-30193
-30147
-30111
-30079
-30048
-30075
-30079
-30058
-29995
-29951
-29928
-29928
-29938
-29957
-29974
-29947
-29913
-29928
-29945
-29938
-29899
-29848
-29770
-29699
-29638
-29579
-29562
-29527
-29438
-29334
-29237
-29146
-29090
-29041
-28947
-28863
-28768
-28718
-28709
-28691
-28667
-28636
-28586
-28533
-28497
-28489
-28481
-28447
-28438
-28397
-28338
-28300
-28285
-28241
-28134
-27985
-27865
-27760
-27688
-27619
-27548
-27480
-27836
-27287
-27209
-27140
-27073
-27002
-26922
-27359
-26838
-26817
-26804
-26796
-26825
-26867
-26951
-27063
-27174
-27306
-27451
-27565
-27693
-27791
-27863
-27920
-27989
-28012
-28062
-28094
-28071
-27983
-27909
-27819
-27684
-27600
-27525
-27432
-27390
-27369
-27312
-27298
-27313
-27350
-27422
-27480
-27512
-27594
-27684
-27779
-27846
-27890
-27905
-27941
-27955
-27968
-27983
-27949
-27888
-27836
-27787
-27699
-27605
-27594
-27605
-27584
-27541
-27516
-27478
-27459
-27459
-27451
-27401
-27386
-27417
-27462
-27567
-27609
-27621
-27661
-27684
-27695
-27684
-27709
-27726
-27739
-27764
-27796
-27771
-27699
-27632
-27584
-27544
-27500
-27455
-27407
-27373
-27313
-27235
-27195
-27165
-27182
-27165
-27134
-27084
-27058
-27014
-26926
-26834
-26737
-26659
-26615
-26554
-26460
-26321
-26193
-26109
-26039
-25974
-26375
-25749
-25625
-25552
-25476
-25417
-25367
-25258
-25186
-25144
-25140
-25113
-25067
-25033
-24999
-25004
-25016
-24985
-24928
-24878
-24827
-24777
-24720
-24640
-24558
-24500
-24497
-24474
-24476
-24441
-24369
-24396
-24411
-24371
-24369
-24407
-23941
-24917
-23943
-24472
-24533
-24594
-24688
-24752
-24768
-24838
-24899
-25012
-25168
-25308
-25476
-25613
-25855
-26054
-26193
-26359
-26546
-26724
-26924
-27104
-27266
-27447
-27636
-27771
-27917
-28094
-28214
-27859
-28455
-28575
-28707
-28812
-28955
-29109
-29205
-29271
-28836
-29355
-29403
-29493
-29556
-29634
-29720
-29315
-29926
-29987
-29993
-29987
-29962
-29978
-30016
-30056
-30042
-30041
-29980
-29907
-29850
-30287
-29766
-29730
-29625
-29506
-29432
-29348
-29260
-29191
-29121
-29039
-28943
-28863
-28800
-28737
-28680
-28600
-28531
-28485
-28399
-28819
-28321
-28313
-28323
-28291
-28231
-28147
-28111
-28136
-28140
-28151
-28134
-28092
-28088
-28075
-28020
-27970
-27918
-27880
-27836
-27802
-27796
-27810
-27791
-27792
-27804
-27823
-27827
-27815
-27787
-27726
-27682
-27659
-27632
-27623
-27604
-27552
-27489
-27439
-27397
-27331
-27283
-27268
-27214
-27130
-27079
-26993
-26894
-26836
-26724
-26653
-26600
-26512
-26867
-26283
-26193
-26149
-26138
-26144
-26119
-26050
-25991
-25941
-25939
-25947
-25922
-25873
-25871
-25888
-25861
-25813
-25796
-25798
-25854
-25894
-25901
-25897
-25903
-25947
-26037
-26090
-26123
-26134
-26147
-26216
-26312
-25903
-26491
-26541
-26569
-26602
-26684
-26829
-26978
-27086
-27180
-27212
-27260
-27333
-27407
-27468
-27529
-27607
-27674
-27733
-27785
-27367
-27924
-27989
-28023
-28067
-28111
-28159
-28203
-28254
-28304
-28348
-28352
-28348
-28292
-28283
-28327
-28388
-28415
-28413
-28438
-28499
-28563
-28607
-28672
-28722
-28779
-28850
-28909
-28968
-29050
-29088
-29119
-29172
-29228
-29250
-29292
-29363
-29432
-29443
-29438
-29506
-29500
-29449
-29403
-29455
-29548
-29584
-29621
-29712
-29787
-29876
-30020
-30107
-30268
-30420
-30504
-30546
-30592
-30665
-30642
-30569
-30539
-30506
-30508
-30485
-30407
-30378
-30346
-30355
-30359
-30239
-30260
-30230
-30209
-30176
-30113
-30006
-29943
-29943
-29991
-29999
-29957
-30079
-30212
-30271
-30394
-30500
-30617
-30317
-30960
-31136
-31306
-31413
-31539
-31703
-31932
-32083
-32279
-32493
-32596
-32655
-32770
-32880
-33002
-33023
