-43147
-43105
-42959
-42863
-42798
-42792
-42846
-42836
-42806
-42844
-42880
-42953
-42972
-43016
-43098
-43178
-43235
-43230
-43323
-43453
-43531
-43647
-43705
-43829
-43945
-44037
-44126
-44159
-44180
-44182
-44184
-44191
-44235
-44147
-44063
-44062
-44012
-43947
-43886
-43886
-43808
-43785
-43716
-43655
-43583
-43565
-43588
-43535
-43439
-43378
-43283
-43264
-43176
-43039
-42938
-42825
-42728
-42539
-42403
-42268
-42241
-42138
-42132
-42258
-42350
-42397
-42031
-42674
-42750
-42901
-42516
-43140
-43273
-43394
-43508
-43651
-43731
-43819
-43953
-44077
-44142
-44275
-44334
-44380
-44386
-44483
-44943
-44357
-44312
-44302
-44209
-44140
-44260
-44304
-44264
-44333
-44388
-44359
-44279
-44264
-44201
-44210
-44134
-44104
-44041
-44035
-44123
-44209
-44250
-44264
-44369
-44466
-44506
-44544
-44647
-44640
-44634
-44754
-44880
-44928
-45023
-45149
-45298
-45306
-45313
-45392
-45516
-45619
-45661
-45638
-45646
-45754
-45857
-45871
-45791
-45733
-45737
-45728
-45668
-45554
-45415
-45294
-45226
-45054
-45014
-44976
-44932
-44880
-44907
-44464
-45002
-44995
-45002
-45012
-45014
-45016
-45029
-45075
-45111
-45079
-45138
-45285
-45405
-45520
-45667
-45848
-45949
-46125
-46334
-46424
-46462
-46521
-46588
-46613
-46596
-46600
-46625
-46672
-46705
-46720
-46705
-46672
-46659
-46665
-46670
-46667
-46615
-46560
-46541
-46537
-46476
-46439
-46430
-46418
-46403
-46319
-46281
-46241
-46189
-46136
-46090
-46004
-45905
-45815
-45737
-45653
-45533
-45411
-45313
-45195
-45050
-44955
-44907
-44873
-44785
-44657
-44596
-44560
-44539
-44500
-44531
-44562
-44563
-44539
-44500
-44502
-44504
-44489
-44521
-44541
-44508
-44947
-44409
-44342
-44277
-44247
-44273
-44266
-44195
-44140
-44105
-44098
-44107
-44077
-44077
-44098
-44134
-44174
-44168
-44151
-44172
-44203
-44212
-44207
-44212
-44178
-44136
-44079
-44027
-44004
-44012
-43985
-43955
-43888
-43825
-43731
-43615
-43966
-43407
-43327
-43262
-43195
-43151
-43083
-43021
-42957
-42947
-42928
-42936
-42983
-43031
-43048
-43060
-43048
-43096
-43170
-43243
-43239
-43231
-43218
-43191
-43149
-43086
-43460
-42871
-42768
-42686
-42588
-42989
-42420
-42346
-42239
-42210
-42161
-42134
-42104
-42027
-41962
-41928
-41905
-41857
-41804
-41779
-41783
-41731
-41701
-41670
-41701
-41741
-41733
-41657
-41598
-41562
-41481
-41397
-41321
-41271
-41254
-41216
-41144
-41062
-41012
-40972
-40880
-40771
-40674
-40651
-40672
-40686
-40678
-40665
-40600
-40573
-40628
-40722
-40756
-40785
-40802
-40804
-40823
-40829
-40831
-40901
-40932
-40964
-40980
-41006
-41031
-40556
-41075
-41075
-41069
-41104
-41172
-41178
-41207
-41273
-41292
-41325
-41354
-41342
-41331
-41361
-41407
-41462
-41481
-41499
-41514
-41552
-41563
-41550
-41529
-41539
-41556
-41552
-41575
-41586
-41531
-41493
-41497
-41521
-41569
-41609
-41604
-41562
-41512
-41472
-41483
-41466
-41411
-41340
-41298
-41203
-41096
-41020
-40943
-40855
-40724
-40485
-40249
-40100
-39966
-39827
-39703
-39542
-39371
-39252
-39558
-38953
-38869
-38794
-38735
-38680
-38598
-38542
-38544
-38562
-38579
-38584
-38554
-38512
-38457
-38378
-38268
-38161
-38088
-37972
-37821
-37691
-37586
-37487
-37394
-37275
-37182
-37134
-37063
-36997
-36926
-36918
-36897
-36892
-36899
-36936
-37035
-37163
-37258
-37359
-37441
-37487
-37527
-37541
-37552
-37602
-37615
-37533
-37422
-37300
-37172
-37107
-37027
-36897
-36766
-36647
-36558
-36520
-36521
-36502
-36478
-36447
-36432
-36426
-36460
-36550
-36583
-36630
-36670
-36689
-36686
-36691
-36605
-36508
-36426
-36367
-36245
-36056
-35894
-35726
-35529
-35384
-35226
-35109
-34978
-34806
-34621
-34417
-34260
-34147
-34033
-33918
-33817
-33659
-33546
-33464
-33384
-33315
-33245
-33176
-33107
-33006
-32955
-32930
-32890
-32779
-32688
-32605
-32550
-32483
-32392
-32289
-32209
-32128
-32081
-32058
-32020
-31970
-31850
-31745
-31691
-31668
-31642
-31617
-31596
-31625
-31636
-31684
-31730
-31771
-31815
-31861
-31905
-31955
-32012
-32016
-32035
-32104
-32189
-32296
-32357
-32399
-32426
-32478
-32569
-32630
-32676
-32688
-32728
-32752
-32792
-32852
-32886
-32897
-32901
-32888
-32867
-32861
-32886
-32930
-32928
-32918
-32897
