-27680
-27693
-27739
-27743
-27730
-27771
-27770
-27796
-27770
-27777
-27363
-27907
-27922
-27926
-27987
-28044
-28075
-28083
-28128
-28163
-28144
-28109
-28138
-28144
-28167
-28151
-28159
-28157
-28144
-28107
-28115
-28178
-28176
-28126
-28113
-28128
-28138
-28147
-28155
-28123
-28107
-28157
-28151
-28069
-28063
-28046
-28025
-27981
-27924
-27819
-27731
-27707
-27630
-27575
-27518
-27460
-27407
-27836
-27302
-27289
-27241
-27207
-27235
-27201
-27130
-27104
-27125
-27140
-27102
-27044
-26989
-26987
-26951
-26903
-26789
-26745
-26674
-26558
-26544
-26487
-26445
-26436
-26432
-26510
-26556
-26617
-26663
-26707
-26764
-26764
-26726
-26720
-26730
-26743
-26762
-26739
-26626
-26556
-26546
-26512
-26485
-26493
-26598
-26640
-26649
-26739
-26823
-26901
-26936
-26968
-27063
-27105
-27136
-27165
-27203
-27264
-27315
-27352
-27296
-27304
-27302
-27266
-27418
-27497
-27502
-27563
-27594
-27665
-27684
-27718
-27714
-27663
-27678
-27689
-27737
-27710
-27730
-27827
-27363
-27884
-27943
-28018
-28020
-27960
-28000
-28039
-28021
-28056
-28104
-28065
-28069
-27989
-27907
-27842
-27728
-27604
-27571
-27508
-27447
-27417
-27331
-27245
-27195
-27142
-27018
-26941
-26884
-26886
-26741
-26605
-26541
-26495
-26336
-26151
-26077
-25960
-25901
-25869
-25875
-25932
-25976
-25932
-25886
-25844
-25802
-25722
-25611
-25502
-25890
-25289
-25090
-25405
-24794
-24676
-24604
-24544
-24520
-24460
-24470
-24401
-24302
-24210
-24182
-24098
-24010
-23955
-23871
-23789
-23691
-23697
-23697
-23710
-23709
-23743
-23798
-23825
-23792
-23798
-23918
-23980
-24010
-23985
-24058
-24083
-24063
-24044
-23999
-23859
-23789
-23657
-23619
-23592
-23892
-23210
-23060
-22938
-22838
-22701
-22670
-22661
-22562
-22460
-22361
-22283
-22247
-22355
-22382
-22014
-22672
-22625
-22327
-22115
-22109
-22058
-21936
-21817
-21617
-21499
-21430
-21367
-21256
-21260
-21348
-21378
-21436
-21468
-21560
-21617
-21647
-21655
-21577
-21518
-21541
-21562
-21560
-21558
-21609
-21600
-21590
-21632
-21651
-21649
-21600
-21560
-21457
-21363
-21210
-21031
-20938
-20907
-20819
-20674
-20674
-20693
-20712
-20771
-20873
-20546
-21081
-21182
-21313
-21331
-21325
-21380
-21376
-21333
-21308
-21346
-21323
-21300
-21249
-21245
-21239
-21210
-21216
-21250
-21222
-21182
-21168
-21086
-21014
-20949
-20865
-20745
-20575
-20428
-20373
-20313
-20174
-20510
-19932
-19922
-19834
-19730
-19598
-19615
-19621
-19571
-19560
-19554
-19581
-19647
-19749
-19802
-19949
-20092
-20243
-20428
-20508
-20565
-20699
-20854
-20947
-20999
-21031
-21086
-21094
-21102
-21170
-21121
-21119
-21056
-20993
-20962
-20966
-20941
-20949
-20978
-20934
-20959
-21029
-20987
-20951
-20951
-20897
-20871
-20859
-20878
-20932
-20934
-20888
-20932
-21063
-21037
-21111
-21191
-21188
-21228
-21273
-21268
-21250
-21239
-21218
-21209
-21193
-21163
-21079
-21084
-21018
-20972
-20957
-20962
-20846
-20789
-20817
-20775
-20678
-20655
-20548
-20466
-20394
-20283
