-17327
-17415
-17107
-17720
-17745
-17697
-17619
-17394
-17214
-17052
-16827
-16630
-16552
-16539
-16581
-16649
-16762
-16928
-17060
-17237
-17472
-17718
-17922
-18151
-18382
-18079
-18760
-18920
-19109
-19296
-19376
-19480
-19605
-19657
-19703
-19728
-19714
-19615
-19512
-19382
-19228
-18976
-18783
-18668
-18462
-18273
-18107
-17909
-17752
-17500
-17300
-17128
-16512
-16640
-16833
-16962
-17083
-17319
-17550
-17737
-17846
-17997
-18203
-18334
-18502
-18586
-18733
-18922
-18949
-18964
-18892
-18899
-18846
-18791
-18674
-18480
-18344
-18231
-18548
-17848
-18077
-17373
-17262
-17071
-16806
-16695
-16598
-16489
-16367
-16254
-16125
-15980
-15899
-15833
-15712
-16117
-15569
-15491
-15434
-15407
-15430
-15424
-15428
-15439
-15418
-15371
-15409
-15518
-15607
-15665
-15712
-15781
-15892
-15955
-15981
-16054
-16153
-16214
-16254
-16283
-16306
-16365
-16407
-16418
-16451
-16483
-16521
-16579
-16581
-16586
-16609
-16642
-16676
-16697
-16722
-16710
-16724
-16741
-16789
-16798
-16792
-16764
-16724
-16707
-16676
-16649
-16632
-16579
-16510
-16432
-16344
-16270
-16207
-16167
-16077
-16020
-15943
-15840
-15756
-15651
-15579
-15514
-15430
-15329
-15216
-15071
-14962
-14880
-14771
-14680
-14604
-14539
-14438
-14266
-14125
-14033
-13968
-13897
-13821
-13697
-13621
-13552
-13495
-13420
-13361
-13283
-13228
-13167
-13104
-13054
-13016
-13006
-13069
-13132
-13161
-13157
-13182
-13239
-13270
-13352
-13491
-13596
-13705
-13791
-13827
-13882
-14008
-14100
-14212
-14302
-14417
-14485
-14571
-14680
-14770
-14861
-14936
-15020
-15083
-15167
-15249
-15336
-15397
-15506
-15155
-15768
-15896
-16016
-16105
-16231
-16350
-16474
-16594
-16705
-16825
-16920
-17014
-17147
-17279
-17346
-17428
-17502
-17542
-17605
-17676
-17733
-17838
-17934
-18000
-18042
-18056
-18109
-18218
-18302
-18319
-18350
-18407
-18518
-18084
-18613
-18689
-18789
-18840
-18896
-18964
-19008
-19042
-19088
-19153
-19260
-19333
-19329
-19312
-19323
-19315
-19348
-19386
-19384
-19369
-19354
-19350
-19365
-19361
-19359
-19359
-19352
-19336
-19323
-19327
-19342
-19312
-19287
-19249
-19266
-19249
-19252
-19247
-19216
-19180
-19163
-19157
-19157
-19140
-19130
-19117
-19105
-19065
-19056
-19016
-18978
-18955
-18945
-18903
-18827
-18781
-18726
-18718
-18703
-18659
-18590
-18554
-18500
-18459
-18415
-18373
-18329
-18271
-18186
-18165
-18199
-18233
-18239
-18207
-18193
-18176
-18214
-18230
-18249
-18285
-18331
-18348
-18375
-18434
-18487
-18544
-18548
-18575
-18615
-18651
-18716
-18770
-18812
-18850
-18939
-19027
-19117
-19151
-19186
-19254
-19336
-19443
-19060
-19596
-19657
-19777
-19901
-19980
-20065
-20149
-20205
-20260
-20287
-20367
-20516
-20640
-20735
-20791
-20817
-20857
-20903
-20949
-20966
-20972
-20993
-21033
-21065
-21075
-21052
-21025
-20995
-20936
-20901
-20896
-20894
-20873
-20857
-20825
-20777
-20741
-20720
-20710
-20661
-20628
-20588
-20556
-20508
-20459
-20453
-20443
-20432
-20426
-20438
-20418
-20388
-20384
-20386
-20426
-20476
-20502
-20493
-20483
-20497
-20518
-20567
-20665
-20731
-20806
-20865
-20913
-20976
-21000
-21042
-21153
-21283
-21390
-21453
-21531
-21670
-21783
-21834
-21888
-21983
-22084
-22209
-22336
-22409
-22489
-22575
-22674
-22827
-22930
-22480
-23056
-23147
-23220
-23308
-23388
-23485
-23607
-23682
-23752
-23810
-23834
-23928
-24025
-24102
-24180
-24268
-24264
-24216
-24214
-24214
-24212
-24226
-24216
-24224
-24205
-24168
-24113
-24088
-24063
-24039
-24042
-24035
-24041
-24094
-24153
-24178
-24195
-24172
-24176
-24155
-24130
-24155
-24182
-24197
-24245
-24243
-24172
-24163
-24201
-24228
-24262
-24289
-24277
-24285
-24300
-24338
-24363
-24386
-24415
-24449
-24497
-24539
-24539
-24516
-24449
-24403
-24365
-24315
-24252
-24203
-24155
-24144
-24155
-24147
-24111
-24100
-24096
-24117
-24130
-24109
-24100
-24092
-24128
-24180
-24218
-24275
-24344
-24344
-24315
-24271
-24230
-24165
-24104
-24037
-23943
-23876
-23812
-23779
-23754
-23678
-23560
-23502
-23439
-23397
-23334
-23271
-23210
-23138
-23104
-23058
-22987
-22905
-22779
-22695
-22619
-22575
-22550
-22520
-22478
-22371
-22306
-22279
-22273
-22146
-22165
-22184
-22189
-22130
-22084
-22069
-22083
-22109
-22178
-22201
-22239
-22306
-22388
-22399
-22417
-22455
-22504
-22592
-22657
-22726
-22800
-22884
-22941
-22995
-23044
-23086
-23155
-23220
-23264
-23317
-23327
-23342
-23432
-23527
-23596
-23647
-23674
-23697
-23730
-23735
-23749
-23775
-23813
-23831
-23855
