-22621
-22558
-22550
-22518
-22453
-22405
-22380
-22325
-22214
-22172
-22094
-21968
-21886
-21791
-21651
-21579
-21506
-21441
-21386
-21231
-21186
-21184
-21105
-21090
-21472
-20882
-20815
-20724
-20651
-20535
-20521
-20474
-20403
-20310
-20155
-20088
-20000
-19947
-19840
-19766
-19737
-19745
-19703
-19647
-19590
-19611
-19647
-19625
-19609
-19651
-19684
-19737
-19766
-19833
-19899
-19981
-19983
-19544
-20105
-20147
-20252
-20205
-20254
-20312
-20386
-20438
-20520
-20571
-20560
-20546
-20565
-20600
-20626
-20607
-20453
-20411
-20281
-20084
-19960
-19827
-19745
-19573
-19453
-19336
-19275
-19270
-19205
-19161
-19176
-19262
-19319
-19325
-19355
-19426
-19058
-19667
-19812
-19840
-19907
-19981
-20069
-20216
-20302
-20239
-20239
-20344
-20334
-20323
-20315
-20289
-20281
-20186
-20136
-20518
-19892
-19836
-19750
-19661
-19491
-19325
-19218
-19161
-19115
-19016
-18890
-18806
-18783
-18678
-19029
-18464
-18306
-18201
-18558
-18065
-18562
-17964
-17888
-17855
-17899
-17913
-17934
-17960
-17999
-18052
-18119
-18126
-18209
-18239
-18222
-18165
-18161
-18180
-18136
-18084
-18027
-18018
-18039
-18092
-18096
-17949
-17928
-17899
-17896
-17880
-17777
-17659
-18073
-17544
-17460
-17359
-17264
-17205
-17146
-17077
-16934
-16882
-16798
-16764
-16745
-16716
-16686
-16682
-16714
-16707
-16651
-16680
-16712
-16710
-16651
-16626
-16563
-16590
-16586
-16554
-16579
-16684
-16771
-16741
-16760
-16896
-16938
-16962
-16953
-16945
-17027
-16619
-17121
-17210
-17323
-17327
-17319
-17367
-17384
-17417
-17403
-17369
-17256
-17254
-17226
-17577
-16966
-16834
-16678
-16562
-16455
-16294
-16180
-16048
-15886
-15722
-15563
-15424
-15176
-14970
-14825
-14771
-14674
-14521
-14407
-14365
-14304
-14266
-14300
-14291
-14315
-14397
-14504
-14562
-14617
-14676
-14750
-14854
-14955
-15042
-15184
-15285
-15357
-15531
-15693
-15844
-15829
-15995
-16193
-16243
-16300
-16315
-16321
-16292
-16283
-16209
-16033
-15945
-15852
-15716
-15535
-15382
-15252
-15142
-15084
-14970
-14854
-14791
-14749
-14777
-14825
-14911
-14966
-15094
-15313
-15514
-15663
-15920
-15657
-16308
-16504
-16653
-16771
-16796
-16901
-16875
-16829
-16747
-16680
-16493
-16306
-16174
-16000
-15749
-15510
-15319
-15625
-14945
-14745
-14623
-14485
-14346
-14241
-14178
-14111
-14029
-13983
-13976
-14052
-14212
-14357
-14451
-14623
-14705
-14716
-14829
-15075
-15273
-15415
-15600
-15766
-15869
-15957
-16039
-16044
-16167
-16237
-16176
-16170
-16193
-16142
-16130
-16079
-16046
-15924
-15834
-15737
-15693
-15651
-15544
-15438
-15468
-15491
-15523
-15546
-15657
-15842
-15974
-16042
-16193
-16392
-16596
-16873
-17098
-17310
-17518
-17737
-17968
-18142
-18392
-18705
-18911
-19119
-19334
-19104
-19817
-20023
-20222
-20466
-20628
-20775
-20960
-21041
-21126
-21249
-21315
-21319
-21388
-21394
-21420
-21375
-21399
-21474
-21357
-21291
-21306
-21375
-21334
-21151
-21088
-21130
-21121
-21086
-21495
-21006
-21004
-21002
-21029
