-24861
-24897
-24878
-24865
-24880
-24913
-24983
-24981
-24962
-25004
-25125
-25126
-25151
-25161
-25277
-25438
-25575
-25705
-25884
-26159
-26304
-25947
-25813
-24949
-24861
-25065
-25275
-25396
-25329
-25250
-25357
-25417
-25476
-25718
-25808
-25960
-25709
-25312
-25077
-24796
-24668
-24741
-24712
-24592
-24478
-24495
-24577
-24617
-24600
-24600
-24590
-24592
-24544
-24481
-24346
-24210
-24067
-23882
-23709
-23500
-23260
-22991
-22827
-22707
-22409
-22298
-22361
-22329
-21886
-21218
-20854
-20974
-20060
-19913
-19894
-19867
-19854
-19880
-19928
-19873
-19838
-19819
-19808
-19689
-19647
-19598
-19525
-19397
-19340
-19273
-19180
-19104
-18970
-18833
-18773
-18604
-18491
-18338
-18199
-18058
-18008
-17941
-17722
-17523
-17438
-17390
-17285
-17121
-16995
-16938
-16838
-16833
-16857
-16926
-17100
-17298
-17516
-17678
-17867
-17604
-18292
-18451
-18647
-18800
-18995
-18573
-19250
-19434
-19609
-19709
-19876
-19995
-20216
-20352
-20449
-20480
-20516
-20514
-20455
-20397
-20363
-20186
-19993
-19810
-19625
-19457
-19277
-19146
-18964
-18628
-18329
-18138
-18102
-18090
-18075
-18104
-18125
-17999
-17735
-17569
-17331
-17065
-16743
-16390
-16140
-15926
-15741
-15636
-15565
-15521
-15478
-15504
-15596
-15596
-15586
-15529
-15560
-15567
-15544
-15529
-15594
-15586
-15668
-15800
-15920
-16075
-16199
-16338
-16478
-16600
-16752
-16764
-16821
-16840
-16909
-17042
-17342
-17575
-17691
-17657
-17707
-17632
-17373
-16991
-16739
-16621
-16623
-16630
-16663
-16619
-16665
-16750
-16880
-16628
-17310
-17443
-17579
-17628
-17716
-17861
-17945
-18067
-18254
-18369
-18481
-18613
-18670
-18773
-18800
-18781
-18764
-18674
-18588
-18567
-18499
-18411
-18344
-18319
-18354
-18193
-18123
-18081
-18058
-17972
-17897
-17808
-17821
-17766
-17701
-18077
-17468
-17422
-17447
-17392
-17249
-17191
-17125
-17111
-17176
-17146
-17105
-17100
-17142
-17270
-17336
-17399
-17504
-17581
-17743
-17873
-17947
-18000
-18029
-18105
-18151
-18168
-18231
-18247
-18235
-18231
-18176
-18165
-18195
-18230
-18159
-18069
-17980
-17739
-17552
-17333
-17004
-16686
-16313
-16035
-15697
-15361
-15027
-14762
-14451
-14243
-14149
-14004
-13947
-13964
-13978
-13957
-13997
-14134
-14256
-14344
-14422
-14602
-14739
-14884
-14966
-15025
-15134
-15231
-15375
-15459
-15508
-15529
-15596
-15630
-15710
-15741
-15836
-16031
-16010
-15934
-15783
-15581
-15319
-15115
-14899
-14678
-14413
-14222
-14130
-13999
-13926
-14010
-14035
-14048
-14086
-14134
-14203
-14338
-14546
-14672
-14825
-15111
-15315
-15516
-15745
-16065
-16327
-16502
-16716
-16959
-17174
-17436
-17657
-17878
-17609
-18249
-18466
-18724
-18945
-19176
-19365
-19670
-19939
-20142
-20285
-20415
-20056
-20678
-20852
-21052
-21210
-21273
-21376
-21476
-21573
-21737
-21781
-21783
-21833
-21846
-21777
-21710
-21688
-21598
-21459
-21376
-21266
-21186
-21100
-21048
-20981
-20535
-21094
-21142
-21224
-21279
-21292
-21367
-21487
-21600
-21693
-21739
