-31712
-31890
-32067
-31764
-32430
-32544
-32707
-32819
-32894
-33021
-33115
-33115
-33153
-33165
-33104
-33090
-32995
-32915
-32775
-32647
-32493
-32327
-32088
-31857
-31600
-31365
-31117
-30869
-30600
-30392
-30224
-30126
-30014
-29878
-29771
-29817
-29896
-29987
-30144
-30340
-30542
-30770
-31039
-30792
-31462
-31613
-31792
-31939
-32149
-32262
-32306
-32384
-32432
-32453
-32436
-32447
-32443
-32453
-32451
-32397
-32315
-32336
-32388
-32365
-32325
-32247
-32235
-32291
-32209
-32172
-32149
-32035
-32012
-31936
-31875
-31823
-31819
-31707
-31619
-31556
-31514
-31418
-31331
-31283
-31168
-31077
-31006
-31006
-30955
-30899
-30882
-30907
-30871
-30838
-30842
-30892
-30953
-30978
-31025
-31113
-31138
-31201
-31319
-31350
-31334
-31382
-31331
-31315
-31256
-31102
-30999
-30964
-30806
-30628
-30449
-30771
-30073
-29997
-29903
-29813
-29621
-29460
-29357
-29283
-29228
-29096
-28909
-28768
-28693
-28520
-28432
-28287
-28107
-27968
-27873
-27768
-27649
-27621
-27567
-27544
-27493
-27434
-27323
-27277
-27277
-27302
-27279
-27157
-27079
-27069
-27092
-27178
-27174
-27155
-27125
-27092
-27094
-27083
-27046
-26962
-26875
-26768
-26674
-26598
-26485
-26390
-26327
-26292
-26270
-26212
-26126
-26107
-26134
-26084
-26060
-26062
-26012
-25939
-25945
-25913
-26382
-25886
-25819
-25730
-25716
-25745
-25754
-25777
-25770
-25745
-25735
-25745
-25838
-25850
-25884
-25901
-25960
-25945
-26004
-26077
-26063
-26000
-25955
-25936
-25903
-25817
-25718
-25611
-25500
-25380
-25283
-25159
-25060
-25033
-24945
-24852
-24859
-24802
-24731
-24777
-24783
-24762
-24726
-24703
-24642
-24560
-24516
-24459
-24451
-24894
-24317
-24203
-24161
-24111
-24079
-24073
-24016
-23918
-23802
-23693
-23676
-23636
-23527
-23420
-23346
-23281
-23285
-23273
-23149
-23098
-23149
-23174
-23188
-23237
-23313
-23289
-23312
-23228
-23233
-23237
-23125
-23039
-22905
-22829
-22689
-22520
-22367
-22338
-22308
-22222
-22149
-22025
-21863
-21770
-21615
-21449
-21264
-21119
-20947
-20812
-20640
-20439
-20304
-20172
-20512
-19882
-19791
-19762
-19749
-19709
-19680
-19586
-19567
-19628
-19638
-19609
-19581
-19626
-19581
-19520
-19508
-19453
-19480
-19487
-19514
-19521
-19058
-19625
-19703
-19802
-19913
-19556
-20174
-20292
-20422
-20588
-20771
-20880
-21063
-21197
-21312
-21455
-21510
-21563
-21688
-21743
-21783
-21794
-21825
-21768
-21609
-21527
-21386
-21180
-21491
-20764
-20981
-20222
-20500
-19848
-19630
-19365
-19214
-19067
-18918
-18844
-18779
-18676
-18596
-18527
-18489
-18510
-18586
-18581
-18567
-18079
-18588
-18625
-18626
-18598
-18630
-18655
-18659
-18653
-18655
-18617
-18607
-18598
-18586
-18575
-18598
-18527
-18464
-18441
-18413
-18369
-18375
-18365
-18376
-18397
-18447
-18541
-18646
-18686
-18707
-18821
-19014
-19107
-19191
-19283
-19331
-19411
-19480
-19583
-19638
-19676
-19703
-19745
-19855
-19953
-20119
-20312
-20436
-20663
-20899
-21105
-21331
-21619
-21894
-22153
-22411
-22600
