-27834
-27896
-27949
-28012
-28121
-28193
-28275
-28312
-28399
-28491
-28527
-28579
-28638
-28680
-28754
-28777
-28838
-28899
-28974
-29027
-29102
-29172
-29210
-29277
-29363
-29386
-29485
-29470
-29523
-29577
-29537
-29413
-29363
-29798
-29296
-29277
-29191
-29115
-29048
-29039
-29044
-29039
-29079
-29104
-29216
-29298
-29342
-29495
-29588
-29710
-29930
-30117
-30270
-30367
-30500
-30672
-30813
-30949
-31029
-31079
-31136
-31212
-31285
-31327
-31304
-31375
-31405
-31392
-31371
-31369
-31493
-31499
-31472
-31411
-31483
-31476
-31441
-31489
-31535
-31516
-31523
-31584
-31571
-31541
-31550
-31562
-31636
-31653
-31659
-31710
-31754
-31848
-31905
-31909
-31993
-32073
-32138
-32231
-32306
-32384
-32413
-32533
-32607
-32659
-32686
-32695
-32771
-32869
-32936
-33077
-33193
-33205
-33306
-33413
-33430
-33415
-33397
-33334
-33235
-33136
-33060
-32930
-32749
-32632
-32512
-32397
-32260
-32182
-32075
-32037
-31987
-31867
-31827
-31785
-31720
-31735
-31798
-31804
-31861
-31955
-32016
-32111
-32231
-32291
-32394
-32434
-32451
-32470
-32468
-32491
-32428
-32367
-32302
-32151
-32060
-31997
-31890
-31792
-31644
-31531
-31394
-31338
-31235
-31021
-30964
-30907
-30800
-30638
-30512
-30424
-30235
-30111
-29978
-29892
-29871
-29833
-29712
-29735
-29710
-29688
-29672
-29644
-29634
-29586
-29592
-29552
-29447
-29409
-29378
-29239
-29134
-29018
-28859
-28815
-28731
-28630
-28571
-28499
-28340
-28209
-28151
-28113
-27987
-27888
-27750
-27739
-27619
-27508
-27434
-27331
-27291
-27252
-27184
-27113
-27073
-27121
-27151
-27209
-27226
-27195
-27247
-27279
-27268
-27249
-27230
-27188
-27140
-27126
-27077
-27018
-26882
-26787
-26771
-26800
-26745
-26646
-26550
-26512
-26417
-26250
-26193
-26161
-26039
-26371
-25747
-25665
-25523
-25428
-25294
-25151
-25111
-25084
-25010
-24901
-24861
-24915
-25004
-25041
-25168
-25277
-25302
-25325
-25371
-25420
-25449
-25432
-25455
-25447
-25527
-25575
-25533
-25502
-25512
-25594
-25630
-25584
-25565
-25588
-25523
-25451
-25340
-25308
-25279
-25218
-25168
-25123
-25079
-25052
-25044
-25021
-25382
-24800
-24745
-24625
-24529
-24334
-24228
-24147
-24065
-23960
-23901
-23897
-23859
-23909
-24014
-24044
-24018
-24037
-24077
-24050
-24021
-24065
-24071
-24069
-24073
-24016
-23987
-23980
-24018
-24088
-24182
-24237
-24277
-24373
-23951
-24586
-24668
-24644
-24489
-24346
-24313
-24207
-24113
-24016
-23981
-23997
-24006
-23974
-23846
-23709
-23712
-23718
-23649
-23584
-23542
-23462
-23304
-23121
-22995
-22947
-22808
-22619
-22438
-22176
-22035
-21960
-21890
-21724
-21529
-21407
-21357
-21306
-21210
-21157
-21142
-21222
-21212
-21188
-21193
-21418
-21521
-21569
-21586
-21665
-21806
-21869
-21896
-21840
-21792
-21771
-21731
-21584
-21527
-21523
-21403
-21243
-21105
-20962
-20771
-20590
-20411
-20273
-20086
-19976
-19855
-19649
-19520
-19390
-19289
-19188
-19104
-18957
-18817
-18731
-18632
-18478
-18342
-18264
-18207
-18000
-17865
