-18096
-18667
-18775
-18972
-19147
-19451
-19760
-20104
-20100
-20567
-21046
-22105
-22670
-23209
-23787
-24210
-24600
-24478
-25224
-25493
-25703
-25964
-26165
-26287
-26336
-26296
-26313
-26189
-26021
-25911
-25726
-25609
-25357
-25126
-25378
-24552
-24233
-23896
-23495
-23167
-22720
-22403
-22105
-21815
-21630
-21510
-21310
-21128
-21029
-20951
-20859
-20800
-20739
-20659
-20663
-20682
-20716
-20781
-20873
-20949
-21048
-21128
-21334
-21602
-21806
-21972
-22146
-22449
-22665
-22911
-23058
-23260
-23449
-23611
-23716
-23806
-23848
-23470
-24132
-24134
-24243
-24388
-24413
-24407
-24474
-24562
-24626
-24609
-24651
-24676
-24613
-24611
-24626
-24626
-24684
-24773
-24846
-24894
-25052
-25178
-25302
-25449
-25689
-25871
-25957
-26016
-26090
-26172
-26178
-26182
-26161
-26168
-26132
-26104
-26115
-26147
-26119
-26130
-26136
-26149
-26180
-26273
-25907
-26520
-26728
-26394
-27029
-27203
-27359
-27518
-27657
-27836
-27909
-27924
-27943
-27997
-27918
-27873
-27880
-27938
-27926
-27922
-27928
-27934
-27922
-27959
-27890
-27852
-27876
-27876
-27888
-27800
-27703
-27688
-27731
-27670
-27583
-27594
-27558
-27542
-27491
-27441
-27397
-27407
-27422
-27480
-27449
-27537
-27596
-27695
-27380
-28052
-28153
-28273
-28434
-28625
-28787
-28892
-29079
-29207
-29365
-29521
-29663
-29321
-29995
-30203
-30352
-30575
-30731
-30846
-30922
-31096
-31182
-31247
-31302
-31302
-31275
-31256
-31191
-31205
-31155
-31073
-31023
-30951
-30813
-30689
-30649
-30548
-30500
-30459
-30453
-30438
-30415
-30481
-30514
-30558
-30586
-30615
-30613
-30651
-30655
-30674
-30310
-30892
-30913
-30995
-31224
-31363
-31397
-31489
-31586
-31630
-31647
-31655
-31623
-31478
-31386
-31739
-31090
-30857
-30670
-30500
-30762
-30105
-30016
-29962
-30279
-29535
-29361
-29189
-28960
-28676
-28459
-28235
-28056
-27875
-27647
-27508
-27831
-27168
-27130
-27109
-27075
-27083
-27111
-27075
-27104
-27058
-27065
-27052
-27105
-27163
-27245
-26873
-27481
-27577
-27682
-27365
-28067
-27854
-28575
-28819
-28932
-29149
-29373
-29586
-29794
-29951
-30125
-30252
-30426
-30630
-30308
-30911
-31052
-31159
-31300
-31460
-31539
-31604
-31695
-31733
-31714
-31693
-31699
-31625
-31546
-31491
-31375
-31260
-31180
-31031
-30936
-30852
-30703
-30583
-30483
-30380
-30241
-30014
-30266
-29651
-29462
-29279
-29056
-28857
-28701
-28535
-28348
-28210
-28149
-27997
-27938
-27884
-27865
-27894
-28329
-27810
-27363
-27361
-27903
-28046
-28271
-28539
-28781
-29052
-29392
-29676
-29888
-30027
-30209
-30258
-30098
-29959
-29922
-29991
-30086
-30188
-30258
-30422
-30604
-30668
-30667
-30688
-30573
-30388
-30058
-29714
-29773
-28842
-28521
-28250
-27991
-27899
-27798
-27821
-27882
-27962
-28075
-28180
-28336
-28439
-28365
-28319
-28210
-28054
-27907
-27791
-27730
-27684
-27730
-27733
-27802
-27842
-27989
-28144
-28321
-28485
-28630
-28756
-28869
-28932
-28995
-28980
-28903
-28804
-28760
-28693
-28565
-28397
-28355
-28212
-28025
