-20752
-20646
-20483
-20363
-20317
-20340
-20350
-20375
-20445
-20468
-20506
-20655
-20733
-20817
-20857
-20928
-20525
-21052
-21102
-21144
-21142
-21071
-21063
-21098
-21046
-21014
-21018
-20907
-20882
-20789
-20760
-20611
-20487
-20369
-20189
-20035
-19899
-19741
-19560
-19392
-19273
-19147
-19537
-18886
-18720
-18617
-18542
-18430
-18308
-18220
-18149
-18142
-18132
-18195
-18283
-18424
-18619
-18749
-18829
-18997
-19197
-19373
-19489
-19672
-19888
-19999
-20125
-20235
-20285
-20384
-20520
-20600
-20646
-20661
-20670
-20733
-20804
-20792
-20760
-20737
-20720
-20665
-20623
-20625
-20634
-20523
-20441
-20445
-20407
-20277
-20279
-20308
-20294
-20226
-20250
-20306
-20373
-20468
-20520
-20581
-20615
-20653
-20771
-20781
-20909
-21048
-21119
-21203
-21283
-21334
-21424
-21459
-21010
-21510
-21548
-21581
-21636
-21646
-21636
-21630
-21689
-21730
-21743
-21735
-21823
-21905
-21960
-22018
-22115
-22226
-22331
-22518
-22609
-22668
-22722
-22867
-23027
-23165
-23231
-23327
-23409
-23468
-23537
-23619
-23670
-23689
-23697
-23749
-23815
-23854
-23882
-23890
-23888
-23886
-23817
-23674
-23604
-23575
-23493
-23376
-23275
-23260
-23302
-23262
-23222
-23277
-23292
-23287
-23354
-23478
-23510
-23565
-23728
-23848
-23955
-24104
-24241
-24344
-23941
-24579
-24682
-24716
-24791
-24842
-24899
-24955
-24962
-24978
-25016
-25111
-25147
-25147
-25138
-25142
-25165
-25163
-25128
-25109
-25037
-25044
-25027
-25016
-25025
-25054
-25102
-25123
-25165
-25233
-25302
-24922
-25598
-25644
-25754
-25890
-26052
-26081
-26117
-26172
-26153
-26231
-26228
-26128
-26077
-26065
-25985
-25917
-25871
-25812
-25775
-25737
-25628
-25594
-25632
-25646
-25642
-25707
-25710
-25804
-25810
-25865
-25941
-26113
-26258
-26302
-26348
-26411
-26470
-26539
-26628
-26691
-26720
-26750
-26861
-26810
-26386
-26972
-26978
-27000
-27029
-27073
-27178
-27247
-27277
-27418
-27518
-27485
-27497
-27563
-27577
-27726
-27764
-27718
-27754
-27701
-27689
-27663
-27644
-27554
-27438
-27298
-27220
-27144
-27044
-26960
-26831
-26739
-26688
-26613
-26539
-26483
-26500
-26508
-26512
-26598
-26647
-26712
-26840
-26985
-27121
-27350
-27586
-27745
-27968
-28224
-28424
-28615
-28796
-29004
-29189
-29392
-29542
-29634
-29672
-29712
-29871
-29880
-29907
-29878
-29911
-29901
-29882
-29873
-29827
-29760
-29745
-29730
-29657
-29634
-29625
-29598
-29583
-29491
-29407
-29319
-29264
-29249
-29174
-29048
-29027
-29010
-28985
-28993
-28993
-28989
-29012
-29102
-29142
-29241
-29289
-29384
-29527
-29617
-29783
-29888
-29991
-30075
-30197
-30359
-30439
-30518
-30567
-30604
-30640
-30632
-30710
-30779
-30844
-30821
-30771
-30792
-30760
-30775
-30728
-30642
-30592
-30560
-30420
-30380
-30338
-30191
-30147
-30128
-30100
-30050
-30046
-30023
-30044
-30119
-30140
-30176
-30146
-30210
-30283
-30346
-30487
-30529
-30623
-30703
-30829
-30913
-31073
-31100
-31168
-30785
-31331
-31359
-31369
-31365
-31426
-31476
-31531
-31613
