-23861
-23831
-23825
-23842
-23831
-23792
-23758
-23705
-23644
-23594
-23562
-23554
-23537
-23476
-23394
-23340
-23306
-23249
-23216
-23189
-23186
-23207
-23193
-23163
-23134
-23142
-23146
-23159
-23178
-23201
-23231
-23275
-23348
-23411
-23428
-23449
-23464
-23533
-23600
-23657
-23709
-23743
-23787
-23812
-23838
-23880
-23920
-23920
-23913
-23460
-23970
-23943
-23907
-23896
-23917
-23930
-23928
-23943
-23926
-23880
-23806
-23737
-23684
-23626
-23604
-23596
-23581
-23537
-23523
-23548
-23613
-23678
-23716
-23762
-23789
-23789
-23794
-23802
-23810
-23796
-23773
-23762
-23762
-23749
-23735
-23718
-23720
-23739
-23760
-23728
-23716
-23735
-23749
-23760
-23775
-23802
-23834
-23876
-23878
-23911
-23968
-24004
-24041
-24092
-24170
-24210
-24214
-24230
-24245
-24266
-24334
-24378
-23945
-24451
-24460
-24527
-24619
-24697
-24731
-24827
-24871
-24892
-24936
-24966
-25006
-25111
-25157
-25151
-25153
-25203
-25262
-25291
-25308
-25378
-25441
-25460
-25474
-25506
-25556
-25586
-25611
-25657
-25733
-25785
-25779
-25787
-25810
-25812
-25836
-25869
-25871
-25823
-25840
-25863
-25878
-25878
-25890
-25909
-25911
-25930
-25978
-26033
-26084
-26111
-26109
-26128
-26157
-26170
-26214
-26281
-26319
-26376
-26409
-26466
-26521
-26607
-26707
-26821
-26936
-27096
-27212
-27281
-26875
-27478
-27609
-27766
-27873
-27949
-28048
-28203
-28294
-28390
-28472
-28558
-28678
-28775
-28861
-28947
-28991
-29031
-29084
-29147
-29254
-29325
-29365
-29428
-29542
-29619
-29682
-29724
-29741
-29770
-29771
-29798
-29796
-29800
-29850
-29875
-29836
-29789
-29770
-29781
-29838
-29838
-29773
-29670
-29569
-29533
-29533
-29539
-29512
-29483
-29476
-29413
-29352
-29268
-29222
-29163
-29012
-28873
-28806
-28731
-28691
-28644
-28567
-28520
-28460
-28407
-28344
-28287
-28292
-28294
-28291
-28312
-28352
-28367
-28371
-28367
-28428
-28495
-28541
-28577
-28665
-28775
-28899
-28972
-29035
-29146
-29249
-28833
-29396
-29476
-29558
-29657
-29735
-29836
-29989
-30084
-30205
-29812
-30415
-30472
-30586
-30718
-30817
-30955
-31073
-31168
-31214
-30781
-31357
-31420
-31472
-31514
-31518
-31527
-31544
-31562
-31588
-31558
-31497
-31413
-31283
-31209
-31168
-31180
-31168
-31065
-30934
-30802
-30626
-30499
-30382
-30228
-30067
-29949
-29747
-29514
-29789
-29071
-28918
-28764
-28510
-28275
-28042
-28329
-27680
-27523
-27390
-27300
-27161
-27035
-26964
-26905
-26875
-26834
-26813
-26812
-26855
-26905
-26960
-27014
-27104
-27233
-27359
-27497
-27623
-27760
-27926
-28067
-28239
-28384
-28500
-28638
-28813
-28945
-29134
-28857
-29474
-29636
-29325
-29957
-30130
-30279
-30354
-30434
-30487
-30586
-30703
-30292
-30854
-30918
-30972
-31031
-31111
-31163
-31199
-31201
-31174
-31144
-31132
-31132
-31088
-31042
-30981
-30928
-30854
-30764
-30718
-30647
-30571
-30481
-30411
-30310
-30197
-30146
-30113
-30054
-29991
-29903
-29846
-30281
-29726
-29661
-29575
-29508
-29428
-29336
-29237
-29188
-29130
-29031
-28945
-28842
-28750
-28684
-28619
-28569
-28506
-28466
-28392
-28821
-28317
-28292
-28270
-28258
-28245
-28300
-28392
-28432
-28422
-28459
-28529
-28621
-28688
-28735
-28821
-28878
-28936
-29000
-29041
-29168
-29283
-28833
-29405
-29481
-29548
-29588
-29686
-29699
-29644
-29655
-29613
-29491
-29334
-29134
-29014
-28852
-28695
-28546
-28376
-28184
-28027
-27882
-27743
-27571
-27417
-27313
-27161
-27002
-26844
-26796
-26749
-26647
-26707
-26688
-26695
-26752
-26827
-26911
-26905
-27000
-27130
-27199
-27348
-27415
-27428
-27472
-27500
-27529
-27623
-27691
-27577
-27577
-27592
-27518
-27451
-27451
-27417
-27264
-27094
-27052
-26945
-26815
-26653
-26518
-26396
-26231
-26084
-25897
-25781
-25594
-25453
-25300
-25167
-25098
-24964
-24831
-24754
-24684
-24680
-24699
-24735
-24791
-24846
-24909
-24974
-25000
-25050
-25113
-25264
-25258
-25277
-25315
-25336
-25355
-25376
-25327
-25348
-25357
-25308
-25228
-25249
-25149
-25155
-25107
-25027
-24983
-24926
-24827
-24655
-24556
-24474
-24913
-24312
-24205
-24107
-24100
-24054
-23993
-23911
-23957
-23983
-23886
-23875
-23907
-23920
-23918
-23907
-23911
-23855
-23747
-23705
-23621
-23516
-23399
-23302
-23224
-23102
-23002
-23445
-22892
-22863
-22813
-22691
-22674
-22672
-22581
