-10897
-11037
-11159
-11212
-11365
-11464
-11567
-11647
-11647
-11672
-11705
-11659
-11668
-12214
-11644
-11598
-11646
-11653
-11628
-11640
-11667
-11590
-11476
-11470
-11495
-11411
-11331
-11243
-11726
-11073
-10928
-10838
-10714
-10609
-10617
-10630
-10583
-10544
-10665
-10802
-10878
-10985
-11151
-11359
-11518
-11724
-11905
-12115
-11775
-12569
-12802
-13113
-13460
-13821
-13688
-14518
-14867
-15134
-15493
-15808
-16067
-16336
-16539
-16663
-16743
-16846
-16991
-17146
-17279
-17432
-17573
-17630
-17735
-17855
-17980
-18096
-18195
-18302
-18420
-18552
-18653
-18844
-18991
-20491
-20598
-20636
-20691
-20766
-20863
-20957
-21062
-21140
-21247
-21323
-21382
-21457
-21625
-21779
-21894
-21518
-22159
-22294
-22422
-22562
-22716
-22863
-23012
-23170
-23380
-23575
-23672
-23806
-23459
-24094
-24254
-24500
-24684
-24813
-24936
-25073
-25212
-24918
-25583
-25697
-25796
-25926
-26071
-26186
-26275
-26346
-25899
-26426
-26504
-26596
-26691
-26722
-26775
-26831
-26890
-26926
-27027
-27102
-27178
-27237
-27296
-27327
-27359
-27384
-27399
-27420
-27443
-27512
-27562
-27626
-27674
-27676
-27647
-27632
-27647
-27709
-27804
-27806
-27792
-27771
-27770
-27800
-27825
-27848
-27854
-27875
-27901
-27915
-27943
-27980
-27989
-28025
-28069
-28096
-28140
-28188
-28220
-28224
-28247
-28275
-28317
-28354
-28428
-28468
-28487
-28481
-28504
-28544
-28588
-28649
-28659
-28670
-28649
-28586
-28544
-28546
-28584
-28596
-28621
-28590
-28535
-28480
-28445
-28390
-28355
-28312
-28237
-28147
-28084
-28062
-28063
-28010
-27936
-27880
-27819
-27781
-27739
-27686
-27653
-27583
-27447
-27336
-27306
-27296
-27266
-27239
-27182
-27100
-27031
-26957
-26918
-26917
-26926
-26945
-26922
-26875
-26384
-26878
-26899
-26896
-26875
-26854
-26899
-26972
-27027
-27069
-27109
-27186
-27218
-27220
-27285
-27376
-27411
-27491
-27586
-27676
-27781
-27871
-27983
-28098
-28195
-28285
-28369
-28457
-28546
-28623
-28709
-28785
-28817
-28863
-28957
-29092
-29167
-29256
-29329
-29390
-29483
-29544
-29607
-29678
-29794
-29894
-29993
-30060
-30125
-30260
-30392
-30424
-30510
-30636
-30722
-30773
-30821
-30844
-30890
-30926
-31020
-31121
-31189
-31224
-31254
-31304
-31365
-31426
-31506
-31558
-31577
-31594
-31626
-31665
-31710
-31735
-31800
-31808
-31781
-31798
-31844
-31884
-31924
-31943
-31951
-32004
-31991
-32031
-32083
-32138
-32193
-32230
-32260
-32298
-32342
-32401
-32489
-32495
-32562
-32621
-32604
-32567
-32573
-32632
-32670
-32693
-32716
-32747
-32800
-32846
-32892
-32943
-32949
-32949
-32974
-32991
-32997
-33025
-33037
-33086
-33149
-33153
-33134
-33121
-33159
-33216
-33237
-33277
-33361
-33434
-33499
-33562
-33611
-33644
-33686
-33693
-33224
-33764
-33804
-33850
-33894
-33894
-33899
-33930
-33966
-34004
-34029
-34041
-34035
-34014
-34035
-34079
-34126
-34132
-34119
-34098
-34117
-34138
-34184
-34212
-34231
-34243
-34218
-34191
-34144
-34134
-34121
-34071
-34031
-33995
-33918
-33846
-33817
-33798
-33770
-33754
-33733
-33682
-33617
-33571
-33548
-33510
-33445
-33394
-33384
-33384
-33350
-33281
-33184
-33111
-33098
-33048
-32983
-32915
-32827
-32768
-33222
-32697
-32642
-32565
-32533
-32542
-32521
-32432
-32342
-32271
-32203
-32149
-32052
-31981
-31915
-31834
-31730
-31647
-31605
-31569
-31569
-31579
-31573
-31544
-31541
-31535
-31535
-31531
-31521
-31485
-31453
-31426
-31424
-31413
-31399
-31418
-31480
-31544
-31567
-31586
-31613
-31644
-31630
-31657
-31678
-31689
-31709
-31275
-31815
-31838
-31833
-31831
-31836
-31880
-31907
-31905
-31901
-31924
-31957
-31968
-31949
-31920
-31894
-31917
-31928
-31855
-31836
-31791
-31731
-31653
-31558
-31518
-31487
-31476
-31430
-31367
-31275
-31147
-31027
-31006
-30953
-30821
-30737
-30659
-30590
-30485
-30424
-30369
-30273
-30195
-30117
-30023
-29957
-29899
-30285
-29705
-29678
-29638
-29558
-29466
-29411
-29380
-29350
-29298
-29216
-29147
-29104
-29041
-28972
-28886
-28764
-28680
-28577
-28518
-28504
-28462
-28388
-28304
-28218
-28176
-28094
-28029
-27960
-27911
-27871
-27865
-27783
-27716
-27634
-27588
-27546
-27474
-27401
-27319
-27300
-27277
-27243
-27188
-27149
-27105
-27069
-27048
-27027
-27020
-26985
-26934
-26886
-26867
-26913
-26941
-26936
-26915
-26880
-26903
-26943
-26953
-26970
-26968
-26997
-27020
-27006
-26962
-26909
-26941
-26991
-27000
-27023
-27069
-27123
-27117
-27186
-27308
-27369
-27420
-27485
-27529
-27508
-27480
-27476
-27481
-27476
-27453
-27403
-27386
-27382
-27348
-27304
-27212
-27121
-27067
-26991
-26913
-26855
-26810
-26750
-26678
-26563
-26466
-26863
-26260
-26142
-26041
-26355
-25743
-25617
-25432
-25231
-24974
-24775
-24646
-24476
-24333
-24218
-24039
-23890
-23789
-23607
-23413
-23268
-23098
-22926
-22789
-22621
-22420
-22250
-22056
-21873
-21693
-21978
-21302
-21153
-20978
-20762
-20579
-20369
-20199
-20077
-19932
-19770
-19623
-19413
-19201
-19521
-18861
-18707
-18586
-18499
-18426
-18294
-18140
-18037
-17941
-17846
-17766
-17625
-17523
-17438
-17331
-17254
-17210
-17128
-17123
-17144
-17161
-17165
-17189
-17220
-17277
-17319
-17401
-17441
-17502
-17634
-17754
-17831
-17892
-18012
-18149
-18317
-18418
-18523
-18688
-18817
-18947
-18567
-19144
-19271
-19422
-19478
-19071
-19693
-19789
-19871
-19951
-19548
-20081
-20123
-20153
-20212
-20258
-20287
-20306
-20327
-20333
-20308
-20325
-20319
-20268
-20214
-20186
-20178
-20130
-20132
-20128
-20109
-20062
-19991
-19943
-19884
-19834
-19731
-19649
-19575
-19533
-19481
-19457
-19420
-19380
-19357
-19308
-19155
-18859
-18668
-18485
-18407
-18409
-18417
-18388
-18355
-18348
-18355
-18388
-18447
-18485
-18500
-18558
-18609
-18596
-18590
-18588
-18602
-18659
-18674
-18668
-18674
-18689
-18760
-18876
-19012
-19163
-19361
-19073
-19770
-19567
-20262
-20472
-20621
-20831
-21056
-21189
-21367
-21029
-21689
-21844
-21516
-22119
-22193
-22325
-22455
-22558
-22672
-22768
-22834
-22934
-23033
-23119
-23186
-23247
-23296
-23302
-23321
-23336
-23338
-23342
-23327
-23319
-23302
-23283
-23178
-23119
-23077
-23042
-23014
-22976
-22901
-22806
-22735
-22628
-22518
-22439
-22365
-22264
-22178
-22081
-21947
-21813
-21697
-21661
-21613
-21521
-21420
-21365
-21291
-21249
-21222
-21182
-21182
-21203
-21228
-21237
-21209
-21174
-21191
-21245
-21264
-21233
-21195
-21224
-21279
-21312
-21346
-21365
-21401
-21392
-21382
-21441
-21531
-21598
-21665
-21737
-21791
-21918
-22044
-22159
-22256
-22313
-22375
-22451
-22556
-22630
-22731
-22806
-22869
-22951
-23020
-23102
-23146
-23201
-23331
-22974
-23554
-23701
-23836
-23930
-24042
-24161
-24247
-24363
-24491
-24605
-24720
-24810
-24876
-24939
-24968
-24981
-25008
-25077
-25142
-25199
-25210
-25245
-25365
-25489
-25575
-25644
-25718
-25800
-25857
-25852
-25825
-25842
-25924
-26012
-26079
-26056
-25941
-25850
-25739
-25611
-25535
-25523
-25548
-25539
-25459
-25340
-25254
-25163
-25025
-24867
-24731
-24541
-24361
-24199
-23980
-23707
-23924
-23100
-22848
-22632
-22336
-22033
-21783
-21972
-21216
-21480
-20684
-20340
-20516
-19674
-19340
-19111
-18833
-19020
-18254
-17928
-17684
-17384
-17119
-16896
-16651
-16447
-16264
-16004
-15825
-15722
-15586
-15399
-15275
-15621
-14964
-14815
-15138
-14455
-14304
-14647
-14048
-13987
-13917
-13806
-13688
-13563
-13533
-13510
-13451
-13392
-13357
-13315
-13312
-13357
-13417
-13460
-13468
-13481
-13531
-13581
-13653
-13718
-13794
-13907
-14020
-14105
-14195
-14338
-14449
-14575
-14810
-15021
-15216
-15340
-15506
-15728
-15917
-16044
-15646
-16247
-16396
-16514
-16596
-16709
-16823
-16894
-16943
-17002
-16999
-16980
-16981
-16997
-16938
-16871
-16794
-16712
-16523
-16338
-16241
-16602
-15957
-15819
-16113
-15527
-15392
-15279
-15147
-15008
-14957
-14854
-14739
-14674
-14586
-14521
-14422
-14371
-14250
-14180
-14153
-14115
-14023
-13941
-13899
-13848
-13737
-13701
-13689
-13686
-13636
-13565
-13525
-13500
-13520
-13537
-13491
-13403
-13447
-13489
-13520
-13483
-13424
-13432
-13460
-13445
-13405
-13409
-13405
-13426
-13413
-13380
-13401
-13403
-13382
-13336
-13350
-13281
-13224
-13233
-13250
-13224
-13109
-13027
-12959
-12920
-12936
-12951
-12970
-12968
-12947
-13100
-13042
-12999
-13056
-13142
-13144
-13113
-13090
-13071
-13012
-12999
-12892
-12808
-12716
-12623
-12468
-12352
-12266
-12121
-11939
-11888
-11840
-11745
-11699
-11584
-11493
-11464
-11409
-11319
-11207
-11172
-11111
-10981
-10932
-10846
-10817
-10726
-10617
-10562
-10527
-10460
-10388
-10336
-10201
-10140
-9985
-10241
-9596
-9417
-9317
-9260
-9266
-9230
-9161
-9130
-9079
-8976
-8920
-8844
-8764
-8705
-8544
-8441
-8193
-7911
-7770
-7726
-7621
-7436
-7302
-7226
-7126
-6995
-6928
-7323
-6865
-6859
-6792
-6815
-6785
-6781
-6831
-6800
-6792
-6827
-6854
-6871
-6915
-6821
-6762
-6792
-6863
-6917
-6964
-6953
-7027
-7065
-7167
-7203
-7153
-7111
-7119
-7191
-7199
-7237
-7386
-7483
-7478
-7480
-7459
-7443
-7424
-7375
-7277
-7174
-7025
-6894
-6777
-6663
-6562
-6533
-6504
-6420
-6323
-6298
-6214
-6155
-6125
-6084
-5983
-5871
-5787
-5653
-5453
-5342
-5264
-5170
-4991
-4890
-4844
-4791
-4691
-4590
-4493
-4869
-4312
-4222
-4079
-3932
-3846
-3747
-3550
-3493
-3426
-3298
-3138
-3029
-2882
-2722
-2655
-2577
-2541
-2609
-2657
-2705
-2745
-2810
-2896
-3046
-3195
-3291
-3413
-3462
-3481
-3539
-3518
-3605
-3741
-3762
-3899
-4065
-4186
-4241
-4342
-4438
-4355
-4270
-4193
-4062
-4388
-3777
-3655
-3491
-3464
-3894
-3300
-3153
-3016
-2867
-2607
-2909
-2336
-2216
-2117
-2016
-1857
-1676
-1542
-1392
-1189
-1029
-1466
-896
-808
-730
-672
-520
-394
-300
-333
-340
-390
-512
-623
-623
-609
-678
-750
-741
-699
-741
-876
-945
-1014
-1104
-1220
-1258
-1287
-1352
-1516
-1676
-1766
-1896
-2109
-2304
-2497
-2741
-3012
-3279
-3499
-3710
-3455
-4126
-3928
-4676
-4758
-4876
-4985
-5042
-5161
-5237
-5228
-5161
-5109
-5027
-4892
-4728
-4563
-4869
-4128
-4369
-3615
-3243
-2939
-2613
-2235
-1901
-1560
-1212
-808
-397
-23
1
807
1146
1009
1751
2011
2169
2381
2597
2765
2448
3078
3173
3230
3349
3391
3377
3383
3379
3364
3351
3278
3156
3114
3057
2971
2828
2692
2538
2473
2219
2068
1902
1711
1549
1465
1290
1083
889
688
519
303
141
473
-178
-359
-560
-724
-892
-1039
-1155
-1319
-1428
-1460
-1523
-1607
-1678
-1651
-1691
-1728
-1714
-1674
-1730
-1714
-1607
-1625
-1670
-1644
-1569
-1562
-1485
-1397
-1367
-1342
-1310
-1277
-1228
-1230
-1182
-1147
-1165
-1207
-1235
-1224
-1266
-1271
-1306
-1380
-1430
-1443
-1529
-1590
-1613
-1623
-1625
-1730
-1785
-1806
-1812
-1771
-1850
-1913
-1939
-1878
-1915
-1949
-1962
-1903
-1480
-2016
-2035
-1999
-1960
-1991
-1999
-1970
-2020
-2163
-2226
-2168
-2081
-2042
-1987
-1980
-1930
-1855
-1817
-1745
-1710
-1689
-1678
-1583
-1609
-1743
-1859
-1993
-2167
-2319
-2483
-2672
-2766
-2846
-2901
-3098
-3243
-3338
-3386
-3506
-3640
-3756
-3432
-4016
-4172
-4245
-4340
-4481
-4588
-4663
-4731
-4855
-4953
-5029
-5182
-5285
-5365
-5411
-5523
-5642
-5745
-5897
-6021
-6172
-6270
-6331
-6352
-6401
-6499
-6500
-6485
-6480
-6462
-6457
-6485
-6502
-6527
-6497
-6529
-6539
-6571
-6541
-6434
-6331
-6308
-6271
-6212
-6197
-6151
-6195
-6230
-6325
-5867
-6460
-6539
-6520
-6550
-6604
-6701
-6756
-6817
-6953
