-32268
-32329
-32443
-32546
-32569
-32569
-32520
-32575
-32562
-32518
-32552
-32613
-32588
-32605
-32703
-32701
-32252
-32766
-32813
-32863
-32896
-32936
-33020
-33123
-33167
-33203
-33283
-33418
-33571
-33646
-33791
-33901
-33972
-34058
-34165
-34186
-34149
-34153
-34186
-34153
-34090
-34052
-33955
-33934
-33880
-33730
-33630
-33632
-33583
-33441
-33342
-33273
-33188
-33170
-33138
-33067
-33069
-33062
-33033
-33075
-33170
-33256
-33327
-33371
-33510
-33642
-33756
-33838
-33918
-34002
-34105
-33716
-34285
-34342
-34472
-34453
-34462
-34541
-34596
-34632
-34623
-34619
-34630
-34665
-34728
-34831
-34926
-35025
-35073
-35172
-35146
-35165
-35228
-35289
-35260
-35277
-35312
-35344
-35388
-35474
-35428
-35369
-35397
-35375
-35312
-35195
-35105
-34980
-34827
-34638
-34518
-34417
-34302
-34243
-34205
-34197
-34182
-34147
-33722
-34331
-34426
-34508
-34466
-34514
-34516
-34464
-34376
-34308
-34058
-33867
-33726
-33575
-33357
-33094
-32917
-32743
-32518
-32420
-32279
-32075
-31924
-31817
-31617
-31460
-31312
-31239
-31119
-31048
-30909
-30890
-30804
-30731
-30680
-30661
-30678
-30678
-30770
-30848
-30894
-30882
-30960
-31037
-31012
-31071
-31031
-30920
-30817
-30709
-30653
-30584
-30407
-30275
-30189
-30037
-29913
-29770
-29678
-29619
-29516
-29436
-29415
-29424
-29333
-28831
-29340
-29373
-29439
-29512
-29653
-29756
-29323
-29922
-30062
-30271
-30390
-30407
-30562
-30682
-30697
-30294
-30842
-30875
-30907
-30894
-30913
-30939
-30957
-30913
-30857
-30806
-30834
-30789
-30752
-30678
-30605
-30550
-30472
-30417
-30390
-30338
-30266
-30233
-30159
-30115
-30046
-29920
-29896
-30268
-29369
-29050
-29268
-29434
-29485
-29378
-29237
-29178
-29111
-28953
-28539
-28296
-28092
-27888
-27680
-27623
-27625
-27781
-28021
-28273
-28447
-28632
-28695
-28775
-28779
-28749
-28586
-28354
-28117
-27922
-27758
-27623
-27562
-27558
-27644
-27821
-27947
-28090
-28130
-28119
-28128
-28088
-27951
-27806
-27563
-27361
-27117
-26957
-26834
-26750
-26665
-26661
-26596
-26577
-26575
-26634
-26609
-26592
-26504
-26386
-26312
-26210
-26205
-26130
-26010
-25970
-25962
-25924
-26376
-25842
-25810
-25821
-25829
-25728
-25678
-25642
-25621
-25537
-25466
-25892
-25329
-25239
-25125
-25008
-24892
-24754
-24709
-24689
-24630
-24604
-24596
-24611
-24626
-24619
-24634
-24710
-24733
-24724
-24762
-24817
-24823
-24823
-24854
-24850
-24781
-24777
-24806
-24728
-24678
-24579
-24541
-24533
-24487
-24443
-24432
-24369
-24323
-24245
-24165
-24002
-23905
-23852
-23737
-23670
-23621
-23548
-23512
-23481
-23445
-23495
-23508
-23481
-23470
-23480
-23531
-23575
-23518
-23441
-23405
-23434
-23936
-23334
-23287
-23264
-23220
-23149
-23067
-23035
-23042
-22964
-22918
-22905
-22926
-22905
-22894
-22886
-22819
-22802
-22815
-22783
-22747
-22605
-22533
-22464
-22405
-22369
-22317
-22281
-22296
-22230
-22186
-22136
-22094
-22033
-21917
-21812
-21647
-21550
-21384
-21300
-21176
-21056
-20928
