1118
1064
1003
994
1461
919
860
788
551
412
309
238
164
202
148
38
-20
-23
19
-23
32
87
118
175
284
385
480
583
648
729
793
933
1057
1183
1152
1202
1278
1332
1349
1326
1311
1278
1230
1198
1078
1093
1091
1003
809
679
629
492
364
150
461
-172
-407
-577
-750
-949
-1212
-991
-1647
-1865
-2060
-2317
-2542
-2747
-2457
-3107
-3283
-3384
-3485
-3569
-3686
-3804
-3823
-3787
-3871
-3941
-3962
-4012
-4071
-4067
-4105
-4088
-4054
-4063
-4098
-4081
-4081
-4142
-4180
-4241
-4302
-4365
-4264
-4289
-4344
-4371
-4266
-4165
-4188
-4220
-4172
-4042
-3966
-3871
-3792
-3709
-3596
-3478
-3186
-3008
-2939
-2718
-2512
-2329
-2138
-1875
-1680
-1533
-1296
-1004
-773
-581
-455
-317
-123
53
78
101
131
196
257
307
324
316
333
320
326
368
408
389
345
311
303
314
332
343
301
236
206
200
215
213
171
131
87
61
7
-33
-46
-54
-109
-167
-205
-266
-308
-352
-432
-520
-604
-676
-720
-760
-800
-836
-913
-1004
-1052
-1098
-1113
-1132
-1165
-1247
-1327
-1422
-1468
-1518
-1584
-1630
-1689
-1752
-1825
-1903
-1474
-1981
-2025
-2067
-2096
-2201
-2285
-2334
-2380
-2417
-2438
-2464
-2493
-2514
-2535
-2554
-2594
-2583
-2569
-2571
-2607
-2621
-2655
-2653
-2613
-2577
-2523
-2449
-2392
-2344
-2321
-2325
-2302
-2188
-2111
-2063
-2010
-1936
-1861
-1813
-1781
-1735
-1663
-1604
-1541
-1470
-1390
-1323
-1281
-1235
-1159
-1163
-1168
-1188
-1165
-1098
-1023
-964
-938
-947
-964
-491
-1000
-1027
-1035
-1069
-1098
-1109
-1107
-1125
-1197
-1283
-1359
-1432
-1504
-1544
-1581
-1646
-1764
-1825
-1888
-1999
-2115
-2205
-2317
-2401
-2474
-2563
-2617
-2705
-2815
-2447
-3037
-3167
-3359
-3462
-3581
-3667
-3806
-3939
-4081
-4222
-4348
-4459
-4605
-4796
-4943
-5077
-5186
-5275
-5417
-5516
-5646
-5771
-5855
-5959
-6065
-6176
-6258
-5876
-6428
-6510
-6611
-6720
-6804
-6880
-6924
-6968
-7016
-7081
-7189
-7268
-7294
-7304
-7315
-7346
-7378
-7388
-7451
-7512
-7520
-7508
-7485
-7485
-7546
-7550
-7510
-7449
-7457
-7478
-7483
-7483
-7491
-7451
-7375
-7340
-7329
-7323
-7306
-7270
-7226
-7161
-7104
-7075
-7084
-7086
-7044
-7006
-6960
-6903
-6873
-6796
-6743
-6731
-6730
-6737
-6731
-6709
-6695
-6724
-6709
-6676
-6674
-6684
-6689
-6743
-6800
-6357
-6867
-6876
-6907
-6951
-7014
-7067
-7105
-7163
-7230
-7291
-6842
-7369
-7403
-7480
-7556
-7680
-7781
-7875
-8000
-8084
-8155
-8256
-8342
-8466
-8573
-8682
-8829
-8945
-9054
-9180
-9354
-9480
-9609
-9750
-9873
-10004
-10151
-10294
-10438
-10544
-10682
-10775
-10865
-10997
-11153
-11268
-11430
-11562
-11647
-11726
-11791
-11844
-11909
-11987
-12035
-12088
-12138
-12226
-12279
-12317
-12355
-12401
-12449
-12470
-12464
-12447
-12445
-12445
-12409
-12386
-12396
-12378
-12348
-12296
-12231
-12083
-11949
-11890
-11890
-12002
-12039
-11949
-11812
-11680
-11644
-11632
-11605
-11546
-11476
-11428
-11378
-11359
-11308
-11216
-11117
-11039
-10999
-10955
-10813
-10705
-10611
-10533
-10468
-10434
-10424
-10384
-10338
-10350
-10291
-10231
-10188
-10180
-10207
-10241
-10247
-10243
-10235
-10260
-10254
-10285
-10331
-10378
-10459
-10491
-10518
-10544
-10569
-10642
-10745
-10844
-10907
-10957
-11023
-11104
-11214
-11323
-11428
-11514
-11550
-11592
-11655
-11252
-11861
-11972
-12052
-12117
-12178
-12271
-12376
-12434
-12506
-12569
-12636
-12716
-12798
-12918
-12978
-13067
-13189
-13268
-13340
-13409
-13502
-13623
-13201
-13730
-13783
-13894
-13970
-14014
-14071
-14146
-14275
-14394
-14464
-14508
-14546
-14577
-14644
-14697
-14758
-14792
-14867
-14939
-14985
-15048
-15084
-15123
-15125
-14663
-15178
-15245
-15331
-15405
-15447
-15499
-15542
-15592
-15642
-15636
-15634
-15672
-15739
-15760
-15789
-15840
-15886
-15901
-15890
-15901
-15911
-15949
-15962
-15970
-16000
-16023
-16035
-16056
-16050
-16098
-16146
-16170
-16172
-16197
-16222
-16243
-16304
-16348
-16333
-16342
-16357
-16382
-16424
-16474
-16506
-16537
-16516
-16544
-16548
-16565
-16604
-16617
-16667
-16733
-16762
-16833
-16897
-16949
-16951
-16966
-17025
-16623
-17186
-17262
-17321
-17378
-17455
-17541
-17647
-17747
-17844
-17930
-17989
-18063
-18151
-18266
-18329
-18397
-18560
-18651
-18712
-18806
-18890
-18976
-19086
-19195
-19304
-19430
-19056
-19647
-19768
-19899
-19548
-20147
-20275
-20443
-20571
-20668
-20745
-20854
-21004
-21168
-21270
-21378
-21021
-21636
-21792
-21941
-22075
-22241
-22357
-22445
-22546
-22649
-22766
-22894
-23029
-23157
-23247
-23325
-23405
-22970
-23552
-23705
-23897
-24025
-24113
-24176
-24224
-24298
-24386
-24493
-24621
-24665
-24674
-24710
-24747
-24817
-24871
-24934
-24959
-24981
-25012
-25077
-25084
-25060
-25046
-25039
-25086
-25121
-25107
-25058
-25021
-24987
-24951
-24918
-24886
-24833
-24787
-24762
-24741
-24747
-24745
-24752
-24716
-24688
-24661
-24634
-24623
-24617
-24590
-24516
-24451
-24432
-24468
-24508
-24468
-24422
-24455
-24502
-24502
-24481
-24457
-24449
-24468
-24480
-24533
-24562
-24544
-24529
-24525
-24546
-24556
-24520
-24436
-24386
-24415
-24447
-24481
-24508
-24535
-24596
-24714
-24831
-24857
-24869
-24884
-24878
-24892
-24932
-24983
-24974
-24964
-24995
-25077
-25144
-25216
-25241
-25268
-25283
-25304
-25338
-25386
-25399
-25481
-25602
-25663
-25701
-25760
-25743
-25770
-25417
-26031
-26117
-26243
-26333
-26417
-26506
-26569
-26632
-26688
-26747
-26842
-26917
-26989
-27018
-27041
-27088
-27146
-27188
-27256
-26873
-27396
-27445
-27520
-27541
-27596
-27649
-27733
-27817
-27917
-28006
-28044
-28044
-28117
-28226
-28298
-28369
-28436
-28466
-28497
-28521
-28542
-28590
-28596
-28625
-28670
-28657
-28647
-28646
-28646
-28636
-28611
-28583
-28560
-28497
-28474
-28457
-28417
-28382
-28373
-28371
-28342
-28331
-28313
-28254
-28188
-28153
-28180
-28191
-28155
-28092
-28037
-27976
-27890
-27840
-27796
-27743
-27676
-27651
-27605
-27548
-27481
-27424
-27338
-27220
-27155
-27126
-27073
-27029
-27008
-26981
-26928
-26834
-26728
-26680
-26663
-26672
-26632
-26579
-26542
-26535
-26537
-26525
-26550
-26558
-26558
-26581
-26617
-26649
-26670
-26680
-26695
-26735
-26789
-26388
-26968
-27094
-27138
-27178
-27207
-27273
-27378
-27455
-27529
-27584
-27676
-27796
-27920
-27997
-28084
-28201
-27869
-28455
-28535
-28653
-28791
-28888
-28955
-29027
-29113
-29203
-29340
-29464
-29562
-29688
-29831
-29896
-29951
-30042
-30090
-30130
-30157
-30199
-30258
-30304
-30334
-30325
-30315
-30317
-30315
-30312
-30313
-30300
-30777
-30230
-30170
-30117
-30090
-30042
-30012
-29960
-29922
-29884
-30279
-29695
-29653
-29607
-29560
-29487
-29424
-29354
-29250
-29170
-29111
-29037
-28985
-28924
-28867
-29308
-28760
-28701
-28651
-28596
-28537
-28476
-28443
-28438
-28436
-28367
-28317
-28258
-28189
-28153
-28092
-28044
-28029
-28006
-27972
-27934
-27859
-27810
-27756
-27735
-27743
-27754
-27775
-27829
-27913
-28033
-28090
-28104
-28168
-28254
-28329
-28397
-28422
-28426
-28413
-28418
-28365
-28273
-28222
-28142
-28018
-27918
-27789
-27689
-27632
-27583
-27529
-27499
-27466
-27468
-27510
-27590
-27693
-27838
-28014
-28138
-28243
-28333
-28436
-28508
-28485
-28434
-28369
-28336
-28397
-28434
-28462
-28523
-28590
-28644
-28680
-28762
-28876
-29021
-29094
-29107
-29117
-29210
-29348
-29512
-29649
-29754
-29836
-29926
-30033
-30184
-30279
-30413
-30546
-30661
-30850
-31039
-31155
-31292
-31447
-31590
-31283
-31972
-32102
-32239
-32413
-32579
-32716
-32796
-32928
-33048
-33170
-33289
-33350
-33384
-33411
-33445
-33478
-33544
-33546
-33493
-33436
-33415
-33415
-33438
-33415
-33285
-33189
-33035
-32888
-32741
-32579
-32371
-32195
-32004
-31829
-31609
-31359
-31184
-31041
-30796
-30594
-30424
-30348
-30212
-30102
-30033
-30014
-29985
-29962
-29917
-29890
-29901
-29928
-30008
-30002
-30031
-30086
-30012
-30157
-30485
-30539
-30342
-30147
-30083
-30216
-30397
-30544
-30668
-30718
-30731
-30739
-30768
-30760
-30714
-30689
-30709
-30737
-30754
-30745
-30701
-30718
-30758
-30831
-30981
-31136
-31226
-31338
-31552
-31697
-31800
-31892
-32000
-32021
-32071
-31976
-31913
-31848
-32210
-31529
-31294
-31197
-31100
-30943
-30791
-30745
-30617
-30497
-30355
-30292
-30165
-30149
-30138
-30104
-30020
-29970
-29909
-29905
-29894
-30271
-29726
-29655
-29563
-29537
-29451
-29325
-29218
-29094
-28928
-28781
-28609
-28470
-28275
-28077
-27850
-27594
-27270
-27054
-26810
-26468
-26186
-26365
-25617
-25863
-25056
-24764
-24485
-24289
-23989
-23716
-23932
-23201
-22978
-22773
-22500
-22321
-22128
-22000
-21867
-21747
-21602
-21981
-21462
-21485
-21457
-21378
-21436
-21021
-21548
-21634
-21712
-21768
-21974
-22052
-22140
-22199
-22384
-22573
-22712
-22850
-22924
-23058
-23210
-23394
-23521
-23617
-23686
-23794
-23878
-23989
-24077
-24140
-24268
-24308
-24357
-24376
-23962
-24466
-24417
-24462
-24495
-24537
-24550
-24556
-24512
-24464
-24462
-24436
-24367
-24355
-24310
-24291
-24287
-24218
-24163
-24109
-24079
-24065
-24004
-24042
-23972
-23875
-23890
-23905
-23861
-23789
-23810
-23829
-23792
-23726
-23649
-23521
-23510
-23922
-23327
-23287
-23205
-23105
-23029
-23436
-22855
-22743
-22544
-22407
-22291
-22134
-22039
-22000
-21915
-21802
-21661
-21575
-21514
-21382
-21249
-21186
-21025
-20882
-20846
-20762
-20707
-20663
-20707
-20737
-20756
-20750
-20750
-20813
-20758
-20558
-20352
-20205
-20086
-19909
-19691
-19510
-19302
-19056
-18831
-18579
-18399
-18195
-17960
-17781
-17623
-17460
-17271
-16983
-16804
-16554
-16352
-16191
-15976
-15728
-15495
-15321
-15170
-15029
-14915
-14718
-14592
-14575
-14573
-14556
-14422
-14390
-14376
-14378
-14384
-14388
-14382
-14453
-14428
-14430
-14455
-14447
-14342
-14304
-14264
-14188
-14209
-14102
-13938
-13852
-13768
-13730
-13632
-13535
-13411
-13380
-13262
-13151
-13138
-13065
-12981
-12947
-12951
-12817
-13189
-12609
-12592
-12510
-12525
-12520
-12558
-12523
-12535
-12613
-12695
-12770
-12859
-13058
-13271
-13478
-13203
-13857
-13987
-14117
-14275
-14411
-14506
-14628
-14838
-15039
-15218
-15321
-15432
-15546
-15604
-15653
-15680
-15689
-15670
-15636
-15554
-15480
-15334
-15174
-14981
-14813
-14613
-14380
-14188
-13985
-13770
-13502
-13266
-13018
-13134
-12338
-12031
-11735
-11514
-11271
-10861
-10504
-10304
-10012
-9783
-9535
-9291
-9075
-8886
-8649
-8485
-8405
-8235
-8113
-8037
-7991
-7823
-7649
-7628
-7571
-7491
-7506
-7529
-7451
-7399
-7405
-7457
-7483
-7470
-7604
-7731
-7831
-7943
-8096
-8184
-8296
-8388
-8548
-8718
-8783
-8890
-9014
-9062
-9088
-9134
-9214
-9172
-9228
-9167
-9117
-9062
-8976
-8867
-8716
-8583
-8495
-8407
-8247
-8136
-8050
-7983
-7980
-7911
-7781
-7684
-7535
-7468
-7411
-7310
-7090
-6953
-6802
-6749
-6647
-6500
-6445
-6312
-6098
-5894
-5787
-5600
-5470
-5392
-5277
-5228
-5271
-4901
-5500
-5625
-5789
-5382
-6016
-6132
-6283
-6407
-6449
-6468
-6550
-6600
-6663
-6739
-6806
-6890
-6936
-6863
-6770
-6695
-6537
-6420
-6239
-6134
-6081
-5959
-5823
-5709
-5569
-5405
-5352
-5342
-5226
-5140
-5100
-5010
-4936
-4928
-4926
-4876
-4798
-4819
-4825
-4422
-4997
-4989
-5010
-4987
-4932
-4915
-4960
-4936
-4999
-5016
-5037
-5050
-5107
-5115
-5220
-5271
-5277
-5243
-5210
-5226
-5201
-5132
