-17770
-17550
-17357
-17149
-16903
-16623
-16256
-15980
-15707
-15424
-15623
-14802
-14563
-14281
-14138
-13970
-13731
-13542
-13384
-13268
-13132
-13002
-12966
-12917
-12867
-12913
-12970
-13002
-13146
-13319
-13537
-13207
-13995
-14231
-14464
-14771
-15002
-15355
-15632
-15834
-16054
-16224
-16409
-16577
-16663
-16741
-16846
-16896
-16915
-16911
-16882
-16831
-16762
-16676
-17100
-16516
-16411
-16277
-16180
-16039
-15894
-15764
-15672
-15541
-15424
-15443
-15380
-15420
-15521
-15563
-15661
-15796
-15947
-16075
-16245
-16348
-16487
-16640
-16758
-16827
-16892
-16985
-17052
-17157
-17237
-17296
-17235
-17216
-17193
-17560
-16985
-16974
-16863
-16649
-16558
-16481
-16382
-16275
-16159
-16062
-15901
-15848
-15804
-15750
-15743
-15707
-15665
-15602
-15149
-15586
-15539
-15573
-15583
-15575
-15588
-15535
-15460
-15422
-15336
-15224
-15632
-15083
-14980
-14859
-14728
-14594
-14478
-14338
-14212
-14031
-13886
-13770
-13636
-13542
-13521
-13422
-13386
-13367
-13371
-13376
-13426
-13562
-13647
-13718
-13827
-13936
-14010
-14126
-14268
-14434
-14584
-14752
-14911
-15134
-15279
-15371
-15539
-15733
-15861
-15981
-16000
-16033
-16056
-16113
-16180
-16270
-16436
-16546
-16655
-16737
-16852
-16955
-17056
-17233
-17302
-17407
-17575
-17630
-17604
-17691
-17667
-17678
-17667
-17705
-17823
-17819
-17802
-17836
-17842
-17915
-17978
-18056
-18142
-18201
-18369
-18100
-18815
-18959
-19149
-19329
-19104
-19787
-19993
-20170
-20281
-20426
-20592
-20726
-20852
-20978
-21073
-21151
-21189
-21212
-21354
-21445
-21472
-21504
-21544
-21623
-21976
-21312
-21168
-21029
-20918
-20796
-20724
-20638
-20596
-20638
-20615
-20529
-20581
-20594
-20680
-20714
-20764
-20674
-20634
-20588
-20594
-20600
-20438
-20203
-19922
-19766
-19670
-19646
-19621
-20021
-19518
-19500
-19441
-19447
-19527
-19623
-19667
-19775
-19890
-19964
-20096
-20291
-20459
-20619
-20815
-20981
-21031
-21069
-21188
-21327
-21355
-21325
-21394
-21443
-21354
-21260
-21203
-21096
-20943
-20783
-20987
-20174
-19884
-19646
-19352
-18936
-18640
-18294
-17989
-17634
-17315
-17054
-16712
-16453
-16199
-15993
-15735
-15476
-15382
-15344
-15283
-15245
-15336
-15407
-15588
-15764
-15934
-16161
-16457
-16714
-16993
-17235
-17455
-17771
-18016
-18209
-18480
-18644
-18852
-19033
-19172
-19334
-19453
-19063
-19638
-19695
-19695
-19750
-19750
-19775
-19752
-19722
-19640
-19527
-19563
-19592
-19529
-19512
-19523
-19058
-19604
-19680
-19699
-19768
-19848
-19957
-20083
-20241
-20480
-20720
-20980
-21271
-21689
-22083
-22000
-22888
-23308
-23750
-24121
-24560
-25031
-24991
-25850
-26201
-26584
-26399
-27130
-27392
-27588
-27838
-28027
-28203
-28296
-28376
-28373
-28348
-28363
-28279
-28214
-28029
-27903
-27882
-27754
-27565
-27405
-27283
-27209
-27186
-27159
-27142
-27132
-27157
-27176
-27182
-26873
-27449
-27590
-27783
-28000
-28224
-28417
-28615
-28771
-28964
-29147
-29312
-29392
-29533
-29689
-29781
-29896
-29968
