-30136
-30201
-29813
-30336
-30350
-30409
-30459
-30520
-30542
-30722
-30781
-30796
-30827
-30892
-31033
-31079
-31167
-31241
-31325
-31481
-31613
-31709
-31779
-31796
-31848
-31857
-31875
-31781
-31701
-31634
-31460
-31344
-31749
-31079
-30974
-30989
-30873
-30724
-30710
-30634
-30594
-30489
-30447
-30369
-30777
-30138
-29995
-29920
-29873
-29857
-29873
-29812
-29760
-29764
-29896
-29953
-29999
-30088
-30186
-30273
-30354
-30548
-30625
-30680
-30762
-30917
-30964
-31090
-31228
-31367
-31499
-31686
-31871
-32037
-32165
-32348
-32548
-32686
-32792
-32957
-33075
-33197
-33254
-33256
-33252
-33289
-33254
-33205
-33195
-33136
-33050
-32964
-32857
-32745
-32632
-32533
-32327
-32113
-32002
-31844
-32245
-31676
-31699
-31752
-31770
-31770
-31880
-32042
-32153
-31766
-32394
-32514
-32584
-32724
-32897
-33075
-33268
-33481
-33596
-33621
-33262
-33926
-34071
-34178
-34346
-34424
-34438
-34384
-34348
-34323
-34373
-34247
-34084
-33909
-34155
-33474
-33296
-33084
-32886
-32646
-32403
-32069
-31825
-31688
-31535
-31289
-31140
-30955
-30804
-30604
-30489
-30411
-30378
-30493
-30487
-30502
-30588
-30714
-30794
-30888
-30985
-31050
-31113
-31167
-31247
-31333
-31422
-31533
-31707
-31819
-31911
-32044
-32184
-32350
-32499
-32626
-32716
-32878
-33020
-33086
-33147
-33216
-33277
-33342
-33302
-33291
-33418
-33510
-33460
-33380
-33334
-33375
-33262
-33184
-33096
-32951
-32781
-32617
-32476
-32342
-32155
-31995
-31917
-31770
-31615
-31514
-31468
-31392
-31283
-31075
-30999
-30884
-30728
-30609
-30512
-30386
-30216
-30088
-30035
-30004
-30031
-30039
-30084
-30115
-30163
-30250
-29812
-30390
-30500
-30600
-30653
-30749
-30777
-30827
-30875
-30897
-30930
-30949
-30939
-30943
-30960
-30938
-30800
-30693
-30625
-30579
-30405
-30298
-30193
-30025
-29838
-29733
-29646
-29500
-29371
-29300
-29201
-29060
-29023
-28960
-28943
-28993
-29033
-29023
-29104
-29230
-29357
-29460
-29542
-29548
-29542
-29607
-29571
-29504
-29481
-29480
-29455
-29365
-29304
-29222
-29142
-29130
-29042
-28993
-28880
-28794
-28705
-28617
-28525
-28390
-28371
-28264
-28088
-28002
-27892
-27808
-27756
-27604
-27542
-27556
-27539
-27531
-27462
-27407
-27342
-27308
-27249
-27111
-26976
-26886
-26749
-26615
-26409
-26182
-25999
-25838
-25617
-25869
-25132
-25386
-24749
-24655
-24565
-24394
-24317
-24155
-24415
-23779
-23605
-23533
-23924
-23313
-23287
-23157
-23077
-22903
-22829
-22771
-22632
-22569
-22504
-22390
-22340
-22287
-22266
-22239
-22182
-22065
-22472
-21829
-21703
-21605
-21573
-21476
-21338
-21189
-21033
-20915
-20911
-20777
-20619
-20556
-20499
-20428
-20300
-20262
-20209
-20207
-20117
-20056
-20046
-20014
-19959
-19926
-19869
-19752
-19598
-19613
-19607
-19571
-19520
-19525
-19499
-19502
-19523
-19550
-19573
-19581
-19579
-19626
-19544
-19438
-19336
-19266
-19184
-19000
-18907
-18779
-18651
-18556
-18483
-18378
-18188
-18008
-17941
-17857
-17731
-17659
-17562
-17430
-17338
-17193
