-26707
-26728
-26676
-26686
-26646
-26596
-26562
-26531
-26552
-26623
-26680
-26745
-26825
-26999
-27027
-27033
-27029
-27037
-27046
-26974
-26894
-26764
-26682
-26462
-26308
-26084
-26369
-25632
-25441
-25325
-25222
-25035
-24955
-24836
-24812
-24829
-24846
-24844
-24968
-25021
-25130
-25304
-25508
-25730
-25890
-25957
-26075
-26159
-26262
-26338
-26378
-26432
-26420
-26867
-26338
-26294
-26214
-26115
-26016
-26375
-25716
-25550
-25298
-25058
-24743
-24443
-24094
-23875
-23636
-23396
-23296
-23107
-23012
-23449
-22852
-22810
-22817
-22844
-22840
-22796
-22770
-22808
-22840
-22808
-22768
-22867
-22894
-22861
-22855
-22939
-22922
-22920
-22901
-22871
-22888
-22852
-22777
-22752
-22733
-22649
-22562
-22518
-22550
-22569
-22548
-22571
-22569
-22480
-22363
-22342
-22327
-22250
-22174
-22088
-22000
-21913
-21924
-21901
-21869
-21854
-21852
-21863
-21857
-21896
-21867
-21808
-21764
-21781
-21792
-21773
-21741
-21754
-21735
-21691
-21728
-21667
-21642
-21626
-21605
-21619
-21607
-21655
-21636
-21623
-21464
-21287
-21090
-20884
-20558
-20285
-20092
-19911
-19794
-19794
-19852
-19949
-20050
-20264
-20445
-20621
-20739
-20863
-20901
-20897
-20915
-20890
-20928
-20892
-20930
-21048
-21149
-21289
-21384
-21554
-21688
-21770
-21848
-21813
-21770
-21783
-21709
-21535
-21386
-21279
-21090
-20915
-20752
-20592
-20390
-20256
-20109
-20100
-20073
-19985
-19932
-19920
-19892
-19838
-19836
-19890
-19873
-19928
-19936
-19953
-20004
-20079
-20119
-20170
-20254
-20304
-20325
-20361
-20354
-20308
-20333
-20304
-20302
-20308
-20313
-20249
-20149
-19962
-19842
-19758
-19720
-19630
-19520
-19495
-19413
-19336
-19209
-19077
-18989
-18922
-18897
-18924
-18873
-18987
-19111
-19271
-19388
-19063
-19735
-19880
-20111
-20386
-20600
-20684
-20768
-20794
-20827
-20787
-20739
-20722
-20539
-20350
-20235
-20292
-20317
-20260
-20132
-19888
-19571
-19271
-18825
-18313
-17926
-17602
-17407
-17254
-17294
-17552
-17911
-18264
-18762
-19188
-19632
-19964
-20144
-20247
-20235
-20113
-19993
-19792
-19621
-19497
-19418
-19445
-19523
-19604
-19730
-19936
-20138
-20327
-20455
-20409
-20268
-20092
-19922
-19657
-19352
-18915
-18646
-18310
-17964
-17693
-17373
-17292
-17207
-17081
-17069
-16625
-17350
-17109
-17815
-18060
-18279
-18527
-18697
-18852
-18907
-18997
-19008
-19090
-19079
-19041
-18579
-19184
-19283
-19292
-19348
-19361
-19365
-19336
-19228
-19128
-19027
-18880
-18710
-18579
-18384
-18168
-18081
-18558
-17928
-17730
-17617
-18075
-17565
-17489
-17516
-17623
-17647
-17714
-17871
-17960
-18035
-18163
-18321
-18438
-18558
-18611
-18655
-18756
-18783
-18815
-18943
-19094
-19250
-19354
-19487
-19600
-19630
-19619
-19605
-19602
-19523
-19338
-19189
-19493
-18762
-18600
-18575
-18579
-18596
-18634
-18701
-18892
-19123
-19247
-19384
-19571
-19819
-20014
-20199
-20325
-20046
-20752
-20939
-21067
-21199
-21304
-21342
-21422
-21565
-21625
-21655
-21783
-21834
-21754
-21752
-21754
