-13300
-12781
-12396
-12048
-12182
-11434
-11176
-11002
-10850
-10756
-10667
-10646
-10661
-10264
-10871
-10987
-11195
-11449
-11670
-11981
-12317
-12665
-13090
-13457
-13876
-14418
-14991
-15586
-16023
-16146
-16697
-17718
-18304
-18846
-19394
-19934
-20508
-21142
-21626
-22151
-22720
-23268
-23722
-24111
-24556
-24439
-25189
-25533
-25777
-25983
-26149
-26268
-26327
-26394
-26371
-26210
-26029
-25901
-25737
-25422
-25147
-24817
-24552
-24042
-23602
-23243
-22836
-22306
-21781
-21271
-20825
-20271
-19682
-19233
-18764
-18291
-17844
-17468
-17586
-16792
-16521
-16275
-16096
-15905
-15775
-15680
-16115
-15149
-15586
-15584
-15703
-15794
-15873
-15960
-16107
-16241
-16380
-16552
-16701
-16846
-16985
-17231
-17413
-17535
-17625
-17722
-17846
-17957
-17609
-18189
-18289
-18373
-18485
-18611
-18689
-18771
-18834
-18890
-18918
-18955
-19016
-19044
-19062
-19096
-19105
-19125
-19132
-19065
-19016
-18991
-18951
-18890
-18857
-18840
-18842
-18779
-18724
-18678
-18569
-18457
-18363
-18306
-18235
-18119
-17970
-17907
-17819
-17710
-17634
-17567
-17544
-17493
-17439
-17438
-17405
-17373
-17361
-17334
-17306
-17334
-17344
-17296
-17279
-17241
-17233
-17233
-17209
-17180
-17125
-17054
-17010
-17021
-17050
-17020
-16966
-16934
-16943
-16945
-16953
-16922
-16888
-16873
-16850
-16842
-16848
-16829
-16787
-16745
-16726
-16771
-16791
-16775
-16777
-16792
-16848
-16863
-16846
-16846
-16915
-16978
-17067
-17117
-17191
-17266
-17304
-17375
-17438
-17508
-17104
-17689
-17791
-17903
-18056
-18138
-18186
-18283
-18386
-18514
-18667
-18775
-18836
-18938
-19044
-19140
-19262
-19386
-19506
-19604
-19697
-19823
-19915
-20016
-20188
-20336
-20472
-20630
-20758
-20834
-20920
-21081
-21214
-21346
-21020
-21653
-21819
-21960
-22062
-22151
-22252
-22304
-22342
-22331
-22340
-22363
-22407
-22426
-22415
-22438
-22430
-22388
-22313
-22249
-22165
-22140
-22104
-22018
-21939
-21823
-21707
-21642
-21556
-21500
-21424
-21300
-21205
-21138
-21056
-20962
-20859
-20710
-20598
-20535
-20478
-20396
-20294
-20172
-20058
-19968
-19871
-19779
-19684
-19548
-19447
-19331
-19178
-19520
-18894
-18760
-18623
-18500
-18346
-18207
-18541
-17875
-17787
-17689
-17571
-17487
-17359
-17230
-17132
-17050
-16980
-16886
-16760
-16649
-16584
-16552
-16493
-16411
-16283
-16176
-16054
-15911
-15821
-15743
-16117
-15481
-15413
-15357
-15306
-15220
-15063
-14964
-14894
-14810
-14739
-14691
-15144
-14594
-14529
-14470
-14451
-14464
-14438
-14380
-14375
-14369
-14401
-14390
-14350
-14342
-14388
-14449
-14483
-14521
-14483
-14483
-14518
-14604
-14651
-14676
-14697
-14720
-14779
-14813
-14850
-14865
-14882
-14945
-15010
-15046
-15075
-15130
-15163
-15172
-15170
-15140
-15161
-15203
-15252
-15260
-15231
-15203
-15165
-15172
-15197
-15216
-15239
-15230
-15250
-15298
-15312
-15331
-15359
-15397
-15392
-15388
-15380
-15361
-15380
-15376
-15355
-15325
-15287
-15260
-15264
-15258
-15207
-15104
-15025
-14951
-14945
-14909
-14836
-14770
-14714
-14611
-14516
-14438
-14380
-14323
-14270
-14188
-14065
-13983
-13873
-13777
-14165
-13600
-13497
-13392
-13319
-13245
-13168
-13098
-13018
-12941
-12854
-12817
-12731
-12623
-12579
-12575
-12581
-12550
-12459
-12380
-12355
-12325
-12270
-12243
-12199
-12125
-12115
-12104
-12083
-12102
-12123
-12170
-12165
-12142
-12136
-12117
-12104
-12098
-12075
-12098
-12115
-12104
-12174
-12214
-12201
-12207
-12214
-12241
-12268
-12300
-12304
-12268
-12262
-12273
-12260
-12695
-12146
-12104
-12060
-11987
-11901
-11823
-11741
-11663
-11581
-11514
-11418
-11300
-11144
-11035
-10930
-10819
-10726
-10626
-10495
-10365
-10281
-10144
-10014
-9901
-9781
-9691
-9575
-9409
-9758
-9161
-9020
-8865
-8771
-8670
-8602
-8487
-8334
-8205
-8067
-7941
-7838
-7699
-7607
-7510
-7342
-7186
-7113
-7027
-6936
-6812
-6695
-6632
-6573
-6521
-6506
-6417
-6363
-6346
-6283
-6262
-6271
-6277
-6277
-6268
-6224
-6189
-6207
-6252
-6266
-6313
-5867
-6394
-6447
-6508
-6552
-6590
-6653
-6705
-6762
-6355
-6945
-7039
-7147
-7241
-7291
-6844
-7443
-7558
-7649
-7771
-7905
-7980
-8010
-8092
-8180
-8279
-8363
-8436
-8527
-8604
-8661
-8735
-8787
-8863
-8962
-9046
-9121
-9214
-8802
-9331
-9386
-9459
-9514
-9565
-9615
-9657
-9657
-9670
-9688
-9710
-9754
-9796
-9842
-9859
-9876
-9896
-9888
-9857
-9804
-9789
-9773
-9743
-9667
-9527
-9459
-9439
-9378
-9302
-9203
-9128
-9023
-8886
-8789
-8737
-8647
-8531
-8409
-8334
-8254
-8128
-8002
-7918
-7840
-7758
-7730
-7667
-7571
-7485
-7373
-7239
-7113
-7010
-6943
-6882
-6779
-6655
-6558
-6453
-6367
-6281
-6247
-6228
-6123
-6033
-5974
-5926
-5871
-5804
-5750
-5699
-5663
-5663
-5674
-5636
-5592
-5617
-5667
-5689
-5716
-5747
-5762
-5758
-5756
-5785
-5378
-5947
-6023
-6168
-6313
-6422
-6510
-6600
-6686
-6802
-6953
-7086
-7258
-7459
-7605
-7800
-7951
-8025
-8134
-8291
-8424
-8613
-8791
-8907
-9042
-9153
-9231
-9361
-9483
-9575
-9651
-9709
-9718
-9707
-9722
-9762
-9775
-9733
-9699
-9688
-9689
-9735
-9798
-9855
-9892
-9930
-9926
-9953
-10014
-10029
-9997
-9989
-10014
-10046
-10020
-9987
-9878
-9777
-9688
-9594
-9459
-9308
-9207
-9121
-9065
-9008
-8939
-8878
-8850
-8821
-8775
-8741
-8733
-8697
-8592
-8537
-8434
-8789
-8218
-8157
-8094
-8035
-7953
-7831
-7701
-7565
-7411
-7302
-7176
-7086
-7029
-6903
-6783
-6749
-6674
-6584
-6560
-6535
-6445
-6378
-6315
-6254
-6182
-6136
-6111
-6046
-5983
-5953
-5905
-5833
-5792
-5764
-5739
-5749
-5773
-5728
-5714
-5709
-5676
-5617
-5596
-5642
-5651
-5676
-5665
-5657
-5644
-5665
-5728
-5794
-5817
-5794
-5758
-5806
-5882
-5938
-5985
-6046
-6088
-6136
-6163
-6216
-6296
-5875
-6457
-6558
-6667
-6783
-6846
-6917
-6968
-7027
-7098
-7209
-7300
-7361
-7401
-7481
-7584
-7657
-7701
-7796
-7909
-7939
-7976
-8021
-8079
-8134
-8209
-8273
-8306
-8369
-8428
-8468
-8520
-8531
-8527
-8529
-8584
-8647
-8661
-8640
-8691
-8773
-8836
-8844
-8863
-8875
-8909
-8947
-8981
-8960
-8920
-8936
-8960
-8980
-9046
-9086
-9138
-9155
-9174
-9197
-9218
-9245
-9310
-9376
-9382
-9336
-9327
-9344
-9382
-9428
-9500
-9588
-9653
-9739
-9802
-9855
-9930
-9993
-10023
-10056
-10132
-10245
-10346
-10415
-10476
-10565
-10688
-10775
-10876
-10972
-11065
-11178
-11275
-11357
-11447
-11533
-11605
-11665
-11241
-11808
-11876
-11949
-12008
-12077
-12161
-12195
-12235
-12294
-12334
-12363
-12430
-12491
-12558
-12638
-12672
-12218
-12779
-12865
-12903
-12926
-12938
-12993
-13029
-13021
-13071
-13083
-13071
-13113
-13111
-13084
-13023
-12972
-12926
-12917
-12924
-12907
-12855
-12831
-12834
-12831
-12781
-12728
-12730
-12777
-12766
-12766
-12766
-12773
-12781
-12808
-12829
-12850
-12876
-12897
-12905
-12926
-12980
-13021
-13041
-13060
-13121
-12705
-13270
-13321
-13365
-13430
-13510
-13598
-13760
-13953
-14062
-14147
-14292
-14403
-14531
-14647
-14771
-14960
-14668
-15268
-15399
-15521
-15590
-15684
-15808
-15909
-16063
-16178
-16258
-16365
-16562
-16739
-16873
-16981
-17067
-17182
-17357
-17500
-17630
-17709
-17750
-17812
-17899
-17995
-18098
-18184
-18254
-18285
-18359
-18460
-18529
-18630
-18758
-18854
-18947
-18999
-19035
-19052
-19132
-19268
-19413
-19531
-19617
-19714
-19792
-19865
-19980
-20094
-20167
-20252
-20273
-20365
-20046
-20703
-20794
-20894
-20529
-21128
-21287
-21439
-21525
-21602
-21670
-21749
-21857
-21945
-22002
-22065
-22128
-22260
-22417
-22430
-22447
-22521
-22663
-22760
-22831
-22901
-22938
-22949
-23014
-23062
-23117
-23100
-23062
-23031
-23451
-22955
-23000
-23041
-23065
-23205
-23105
-23071
-23142
-23121
-23128
-22981
-22770
-22653
-22573
-22411
-22195
-22079
-21875
-21619
-21474
-21333
-21153
-20978
-20861
-20834
-20741
-20640
-20537
-20355
-20312
-20329
-20226
-20153
-20138
-20084
-20000
-19936
-19924
-19924
-19970
-20069
-20147
-20161
-20281
-20428
-20537
-20670
-20724
-20855
-20930
-21063
-21069
-21203
-21350
-21489
-21495
-21581
-21709
-21840
-21924
-21506
-22058
-22155
-22226
-22258
-22363
-22407
-21989
-22546
-22619
-22651
-22764
-22911
-22951
-23065
-23153
-23250
-23294
-23275
-23279
-23312
-23313
-23268
-23205
-23241
-23289
-23273
-23172
-23105
-23052
-22966
-22905
-22791
-22720
-22617
-22508
-22434
-22489
-22401
-22304
-22289
-22268
-22304
-22348
-22254
-22218
-22256
-22203
-22163
-22237
-22231
-22184
-22218
-22230
-22273
-22161
-22104
-22157
-22216
-22245
-22193
-22186
-22210
-22193
-22100
-22136
-22100
-22071
-22016
-21955
-21932
-21934
-21844
-21878
-21897
-21844
-21781
-21726
-21686
-21703
-21621
-21586
-21636
-21623
-21626
-21613
-21647
-21766
-21779
-21834
-21867
-21924
-21949
-22065
-22188
-22270
-22449
-22544
-22657
-22771
-22894
-23029
-23144
-23231
-23355
-22970
-23586
-23659
-23697
-23737
-23783
-23813
-23796
-23766
-23777
-23754
-23674
-23539
-23502
-23430
-23243
-23159
-23165
-23033
-22907
-22825
-22813
-22651
-22428
-22378
-22283
-22178
-22081
-21943
-21819
-21714
-21556
-21420
-21319
-21111
-20981
-20873
-20735
-20615
-20443
-20388
-20340
-20279
-20247
-20214
-20170
-20075
-20119
-20115
-20119
-20497
-19972
-20048
-20046
-20010
-19960
-19993
-20063
-20520
-20069
-20090
-20094
-20149
-20109
-20023
-20075
-20165
-20130
-20084
-20086
-20067
-20039
-20016
-20008
-19936
-19920
-19842
-19766
-19657
-19588
-19573
-19521
-19441
-19331
-19285
-19256
-19153
-19042
-18976
-18936
-18867
-18789
-18781
-18667
-18628
-18581
-18491
-18462
-18407
-18384
-18262
-18186
-18109
-17970
-17836
-17846
-17754
-17718
-17714
-17632
-17642
-17676
-17707
-17646
-17651
-17611
-17636
-17749
-17771
-17710
-17695
-17796
-17833
-17792
-17758
-17771
-17741
-17768
-17781
-17770
-17863
-17959
-17983
-18004
-17991
-18046
-18020
-17964
-17987
-18027
-17970
-17974
-17964
-17947
-17999
-17993
-18010
-18018
-17951
-17959
-17970
-17966
-17959
-17983
-17991
-18008
-18018
-18062
-18084
-18161
-18218
-18376
-18436
-18462
-18508
-18642
-18785
-18808
-18863
-18976
-18573
-19084
-19104
-19151
-19201
-19245
-19344
-19319
-19354
-19342
-19388
-19399
-19455
-19491
-19493
-19457
-19415
-19512
-19521
-19483
-19436
-19361
-19258
-19331
-19380
-19331
-19361
-19499
-19542
-19640
-19783
-19930
-20123
-20369
-20035
-20733
-20972
-21214
-21014
-21764
-22054
-22386
-22718
-23092
-22966
-23775
-24119
-23964
-24819
-25235
-25520
-25810
-26159
-25926
-26714
-26939
-27119
-26873
-27539
-27709
-27376
-27968
-28084
-28180
-28258
-27859
-28367
-28323
-28323
-28354
-28302
-28283
-28256
-28220
-28216
-28168
-28130
-28079
-28086
-27941
-27716
-27604
-27510
-27453
-27439
-27411
-27405
-27430
-27417
-27369
-27262
-27159
-26997
-26794
-26617
-26518
-26537
-26460
-26480
-26563
-26638
-26720
-26773
-26806
-26833
-26701
-26630
-26625
-26602
-26611
-26678
-26783
-26812
-26907
-26943
-26934
-26905
-26934
-26951
-26938
-26951
-26949
-26903
-26915
-26894
-26808
-26770
-26604
-26438
-26327
-26247
-26031
-25792
-25623
-25850
-25176
-25401
-24592
-24346
-24182
-23987
-23611
-23382
-23121
-22813
-22584
-22243
-22453
-21634
-21338
-21052
-20768
-20481
-20197
-19922
-19697
-19459
-19302
-19071
-18892
-18703
-18533
-18453
-18359
-18210
-18562
-18010
-17884
-17806
-17749
-17750
-17796
-17773
-17878
-18025
-18147
-18348
-18478
-18665
-18865
-19111
-19313
-19126
-19945
-20258
-20039
-20947
-21312
-21632
-21558
-22449
-22813
-23176
-22995
-23460
-24371
-24689
-24491
-25365
-25739
-26016
-26258
-26550
-26796
-27054
-27310
-27537
-27697
-27823
-28025
-28178
-28250
-28271
-28333
-28388
-28390
-28359
-28359
-28281
