-29651
-29563
-29535
-29516
-29436
-29796
-29210
-29130
-29046
-28989
-28959
-28938
-28922
-28905
-28884
-28917
-28959
-28999
-29050
-29075
-29105
-29147
-29146
-29167
-29174
-29182
-29230
-29235
-29224
-29207
-29189
-29161
-29180
-29212
-29220
-29182
-29149
-29107
-29100
-29132
-29195
-29245
-29279
-29308
-29292
-29294
-29271
-29275
-29298
-29264
-29203
-29109
-29041
-28932
-28833
-28750
-28689
-28628
-28581
-28510
-28493
-28472
-28449
-28388
-28348
-28344
-28384
-28432
-28474
-28521
-28552
-28584
-28605
-28663
-28724
-28745
-28338
-28878
-28878
-28884
-28890
-28903
-28947
-28945
-28926
-28938
-28962
-28997
-29039
-29054
-29058
-29018
-29008
-28997
-28989
-28972
-28947
-28926
-28857
-28787
-28722
-28640
-28537
-28413
-28817
-28182
-28025
-27941
-27863
-27798
-27686
-27604
-27516
-27434
-27334
-27289
-27268
-27235
-27193
-27180
-27176
-27199
-27182
-27231
-27329
-27407
-27445
-27527
-27621
-27735
-27825
-27955
-28111
-28218
-28315
-28415
-28548
-28640
-28749
-28865
-28976
-29079
-29197
-29287
-29367
-29436
-29497
-29563
-29596
-29665
-29693
-29741
-29821
-29894
-29938
-29972
-30012
-30052
-30104
-30138
-30180
-30210
-30226
-30228
-30224
-30193
-30174
-30165
-30172
-30123
-30104
-30094
-30126
-30104
-30094
-30144
-30228
-30319
-30428
-30546
-30672
-30850
-31023
-31157
-31239
-31289
-31361
-31438
-31508
-31567
-31642
-31688
-31752
-31773
-31817
-31827
-31859
-31897
-31943
-32021
-32126
-32239
-32296
-32396
-32485
-32581
-32712
-32789
-32854
-32930
-33025
-33079
-33146
-33182
-32737
-33226
-33157
-33079
-33031
-32999
-32960
-32886
-32834
-32756
-32730
-32733
-32247
-32733
-32743
-32745
-32764
-32783
-32815
-32840
-32854
-32871
-32882
-32917
-32901
-32865
-32834
-32789
-32762
-32699
-32630
-32583
-32563
-32531
-32489
-32539
-32596
-32640
-32665
-32684
-32722
-32697
-32754
-32831
-32854
-32920
-33002
-33027
-32999
-33014
-33021
-33006
-32962
-32932
-32896
-32827
-32743
-32688
-32607
-32481
-32350
-32235
-32277
-32256
-32155
-32056
-31985
-31941
-31939
-31905
-31907
-31892
-31863
-31794
-31754
-31695
-31686
-31688
-31642
-31604
-31560
-31523
-31518
-31516
-31523
-31520
-31510
-31510
-31499
-31506
-31541
-31556
-31567
-31569
-31588
-31642
-31718
-31785
-31854
-31871
-31863
-31890
-31974
-32117
-32292
-32365
-32373
-32336
-32308
-32363
-32415
-32462
-32485
-32487
-32468
-32428
-32438
-32413
-32376
-32401
-32447
-32481
-32529
-32596
-32665
-32722
-32808
-32897
-32980
-33109
-33266
-33373
-33493
-33571
-33649
-33739
-33852
-33880
-33867
-33852
-33812
-33747
-33712
-33640
-33600
-33573
-33548
-33481
-33352
-33252
-33189
-32735
-33277
-33342
-33411
-33529
-33670
-33752
-33884
-34056
-33722
-34333
-34413
-34510
-34615
-34653
-34649
-34644
-34625
-34586
-34525
-34500
-34468
-34394
-34321
-34218
-34159
-34067
-34002
-33968
-33951
-33901
-33825
-33806
-33829
-33850
-33875
-33918
-33932
-33953
-34006
-34084
-34180
-34277
-34334
-34399
-34472
-34516
-34539
-34531
-34516
-34546
-34541
-34502
-34478
-34426
-34371
-34317
-34304
-34294
-34254
-34271
-34289
-34323
-34346
-34407
-34510
-34621
-34724
-34850
-34959
-35083
-35168
-35260
-35378
-35434
-35459
-35512
-35584
-35642
-35686
-35709
-35733
-35804
-35836
-35880
-35960
-36000
-36023
-36000
-35974
-35953
-35959
-35976
-35978
-35926
-35867
-35848
-35842
-35840
-35834
-35880
-35894
-35894
-35917
-35953
-35972
-35976
-35995
-36010
-36063
-36189
-36327
-36428
-36521
-36155
-36712
-36850
-36962
-36646
-37334
-37508
-37689
-37861
-38004
-38214
-38449
-38134
-38770
-38901
-38987
-39111
-39241
-39319
-39375
-39409
-39434
-39434
-39453
-39453
-39430
-39350
-39279
-39241
-39233
-39230
-39167
-39565
-39065
-39069
-39069
-39037
-39014
-39037
-39010
-38960
-38924
-38911
-38894
-38897
-38932
-38924
-38892
-38869
-38855
-38810
-38754
-38703
-38646
-38575
-38516
-38460
-38415
-38359
-38323
-38338
-38367
-38397
-38405
-38420
-38449
-38447
-38504
-38539
-38583
-38665
-38737
-38783
-38852
-38930
-38985
-39018
-39083
-39126
-39170
-39247
-39315
-39388
-39455
-39502
-39544
-39592
-39668
-39768
-39930
-40056
-40147
-40209
-40292
-40357
-40403
-40476
-40504
-40483
-40455
-40376
-40304
-40172
-40073
-40018
-39886
-39819
-39730
-39745
-39802
-39865
-39875
-39960
-40062
-40163
-40197
-40249
-40344
-40359
-40453
-40625
-40731
-40775
-40907
-41113
-41277
-41502
-41689
-41842
-41981
-42146
-42275
-42394
-42464
-42491
-42535
-42537
-42491
-42462
-42563
-42644
-42762
-42884
-43062
-43260
-43426
-43604
-43741
-43915
-43970
-43959
-44459
-43888
-43844
-43785
-43764
-43722
-43720
-43684
-43667
-43634
-43588
-43560
-43500
-43434
-43373
