-7130
-6844
-7474
-7562
-7705
-7798
-7800
-7831
-8226
-7626
-7546
-7476
-7203
-7008
-6783
-6531
-6270
-6037
-5737
-5397
-4731
-4882
-4121
-3833
-3577
-3306
-3084
-2854
-2596
-2384
-2142
-1777
-1525
-1399
-1226
-999
-806
-691
-609
-621
-619
-539
-573
-667
-667
-760
-804
-949
-1094
-1233
-989
-1697
-1932
-2199
-2481
-2745
-3065
-3384
-3712
-4065
-4371
-4634
-5035
-5443
-5796
-6132
-6575
-6945
-7271
-7542
-7938
-8260
-8508
-8722
-8993
-9203
-9392
-9583
-9292
-9875
-9865
-9854
-9848
-9785
-9760
-9752
-9605
-9525
-9457
-9331
-9271
-9300
-9249
-9184
-9138
-9071
-8955
-8796
-8596
-8407
-8779
-8142
-7995
-7876
-7773
-7667
-7577
-7514
-7478
-7373
-7226
-7125
-7033
-6970
-6876
-6777
-6668
-6584
-6541
-6506
-6460
-6420
-6397
-6363
-6300
-6252
-6249
-6289
-6300
-6289
-6270
-6268
-6273
-6277
-6302
-5869
-6413
-6432
-6464
-6487
-6539
-6604
-6642
-6699
-6781
-6871
-6983
-7056
-7138
-7201
-7260
-7369
-7483
-7579
-7710
-7846
-7995
-8161
-8306
-8396
-8497
-8611
-8327
-8985
-9128
-9270
-9470
-9632
-9735
-9863
-9981
-10132
-9787
-10365
-10449
-10514
-10651
-10800
-10976
-11109
-11167
-11203
-11273
-11420
-11541
-11636
-11250
-11831
-11959
-12052
-12084
-12147
-12270
-12342
-12420
-12518
-12644
-12224
-12750
-12812
-12882
-12951
-13016
-13094
-13151
-13239
-13306
-13365
-13420
-13468
-13533
-13632
-13199
-14167
-13665
-13699
-13766
-13815
-13821
-13806
-13762
-13762
-13779
-13792
-13787
-13771
-13741
-13724
-13749
-13777
-13815
-13783
-13701
-13634
-13592
-13529
-13449
-13340
-13668
-13035
-12918
-12750
-12583
-12443
-12313
-12178
-12042
-11938
-11846
-11697
-11613
-11533
-11466
-11382
-11310
-11716
-11142
-11083
-11002
-10924
-10867
-10794
-10764
-10710
-10632
-10527
-10441
-10392
-10348
-10292
-10287
-10306
-10310
-10306
-10300
-10312
-10315
-10327
-10346
-10405
-10500
-10537
-10537
-10569
-10615
-10628
-10686
-10739
-10773
-10775
-10806
-10834
-10855
-10852
-10823
-10806
-10785
-10819
-10945
-11014
-11012
-11062
-11109
-11226
-11363
-11476
-11575
-11642
-11640
-11634
-11649
-11661
-11256
-11819
-11842
-11802
-11760
-11749
-11743
-11743
-11714
-11684
-11665
-11623
-11609
-11644
-11657
-11716
-11758
-11813
-11796
-11777
-11834
-11922
-11947
-11920
-11897
-11875
-11810
-11697
-11644
-11621
-11602
-11537
-11500
-11470
-11441
-11428
-11390
-11375
-11401
-11371
-11329
-11354
-11401
-11436
-11432
-11411
-11428
-11508
-11581
-11605
-11644
-11758
-11928
-12079
-12209
-12310
-12415
-12552
-12697
-12863
-13008
-13100
-13153
-13308
-13451
-13613
-13764
-13907
-14111
-14333
-14481
-14186
-14817
-14980
-14672
-15333
-15497
-15670
-15806
-15959
-16098
-16201
-16373
-16602
-16792
-16999
-17214
-17436
-17688
-17873
-18136
-18344
-18483
-18644
-18840
-19035
-19245
-19403
-19542
-19737
-19871
-20021
-20207
-20354
-20453
-20573
-20720
-20844
-20947
-21035
-21094
-21186
-21277
-21428
-21542
-21581
-21556
-21541
-21542
-21600
-21636
-21632
-21605
-21556
-21510
-21508
-21525
-21521
-21428
-21340
-21241
-21109
-21493
-20938
-20831
-20731
-20630
-20531
-20397
-20247
-20147
-20006
-19892
-19817
-19716
-19581
-19449
-19315
-19237
-19170
-19535
-18939
-18773
-18605
-18453
-18296
-18165
-18050
-17894
-17712
-17598
-17453
-17298
-17186
-17071
-16938
-16825
-16716
-16617
-16520
-16464
-16436
-16443
-16392
-16361
-16350
-16308
-16312
-16354
-16394
-16445
-16502
-16544
-16640
-16802
-16917
-17042
-17174
-17312
-17451
-17104
-17741
-17882
-17607
-18302
-18504
-18688
-18857
-18995
-19176
-19434
-19626
-19815
-19991
-20220
-20472
-20665
-20880
-21056
-21291
-21468
-21674
-21876
-22050
-22231
-22418
-22592
-22771
-22949
-23102
-23310
-23500
-23667
-23863
-24002
-24092
-24207
-24298
-23947
-24556
-24653
-24684
-24709
-24743
-24724
-24720
-24724
-24728
-24707
-24697
-24678
-24634
-24573
-24489
-24441
-24415
-24436
-24451
-24401
-24352
-24317
-24271
-24247
-24218
-24191
-24138
-24073
-24042
-24006
-23962
-23842
-23749
-23680
-23590
-23520
-23426
-23382
-23365
-23334
-23298
-23247
-23195
-23147
-23138
-23126
-23046
-22939
-22859
-22821
-22796
-22775
-22728
-22676
-22642
-22630
-22623
-22550
-22531
-22569
-22642
-22651
-22634
-22588
-22575
-22548
-22556
-22583
-22604
-22611
-22615
-22632
-22644
-22617
-22640
-22644
-22674
-22697
-22756
-22817
-22861
-22875
-22892
-22926
-22972
-22981
-23008
-23077
-23163
-23262
-23306
-23291
-23291
-23354
-23441
-23539
-23596
-23638
-23686
-23754
-23831
-23989
-24073
-24151
-24235
-24289
-24371
-24466
-24579
-24642
-24672
-24716
-24806
-24865
-24894
-24960
-24995
-24989
-25010
-25031
-25033
-25092
-25193
-25237
-25266
-25287
-25289
-25285
-25294
-25294
-25325
-25338
-25340
-25365
-25367
-25426
-25468
-25493
-25483
-25491
-25502
-25506
-25518
-25527
-25569
-25552
-25531
-25520
-25527
-25506
-25451
-25890
-25392
-25418
-25415
-25392
-25363
-25333
-25342
-25373
-25401
-25384
-25369
-25354
-25329
-25317
-25281
-25252
-25207
-25186
-25205
-25209
-25176
-25155
-25172
-25174
-25197
-25203
-25214
-25222
-25233
-25230
-25239
-25277
-25300
-25315
-25348
-25396
-25439
-25466
-25480
-25510
-25510
-25512
-25514
-25548
-25584
-25640
-25668
-25710
-25747
-25783
-25823
-25840
-25836
-25888
-25962
-25981
-25991
-25981
-25987
-26016
-26071
-26134
-26159
-26134
-26165
-26132
-26142
-26125
-26079
-26041
-25989
-25987
-25991
-25968
-25966
-25989
-25997
-25959
-25901
-25855
-25855
-25888
-25915
-25869
-25739
-25659
-25674
-25680
-25670
-25642
-25565
-25487
-25413
-25357
-25283
-25180
-25107
-25071
-25031
-24966
-25405
-24878
-24821
-24718
-24592
-24537
-24516
-24483
-24432
-24355
-24310
-24245
-24201
-24178
-24149
-24109
-24084
-24069
-24075
-24084
-24062
-24052
-24014
-23953
-23981
-23985
-23995
-23981
-23974
-23962
-23981
-23993
-24012
-24063
-24098
-24088
-24056
-24006
-23972
-23955
-23947
-23918
-23926
-23959
-23924
-23863
-23844
-23829
-23850
-23875
-23855
-23829
-23815
-23821
-23806
-23771
-23791
-23796
-23798
-23789
-23791
-23813
-23848
-23894
-23911
-23926
-23947
-23976
-23976
-23972
-23987
-23955
-23936
-23974
-24012
-24037
-24046
-24054
-24002
-23957
-23928
-23934
-23939
-23930
-23938
-23974
-24006
-24010
-23991
-23995
-23995
-23991
-24023
-24083
-24088
-24056
-24075
-24119
-24176
-24239
-24281
-24308
-24342
-24359
-24384
-24436
-24468
-24481
-24512
-24527
-24560
-24586
-24586
-24558
-24544
-24550
-24577
-24569
-24554
-24546
-24520
-24508
-24474
-24453
-24449
-24434
-24369
-24331
-24294
-24230
-24216
-24184
-24157
-24098
-24033
-24420
-23869
-23850
-23819
-23792
-23726
-23670
-23609
-23563
-23533
-23493
-23457
-23380
-23329
-23285
-23247
-23189
-23146
-23117
-23090
-23067
-23081
-23075
-23044
-23031
-23000
-22953
-22476
-22981
-22997
-23006
-23021
-23042
-23073
-23153
-23245
-23291
-23275
-23281
-23327
-23359
-23405
-23432
-23459
-23459
-23489
-23542
-23581
-23630
-23640
-23649
-23689
-23724
-23730
-23771
-23840
-23890
-23997
-24071
-24102
-24123
-24153
-24195
-24224
-24249
-24235
-24235
-24209
-24165
-24113
-24035
-23945
-23890
-23827
-23667
-23527
-23407
-23354
-23260
-23134
-23006
-22848
-22754
-22649
-22495
-22396
-22354
-22296
-22163
-21999
-21863
-21701
-21558
-21411
-21228
-21035
-20871
-20791
-20714
-20611
-20525
-20434
-20350
-20313
-20285
-20216
-20125
-20058
-19983
-19855
-19739
-19649
-19617
-19579
-19546
-19474
-19409
-19333
-19279
-19247
-19250
-19243
-19205
-19178
-19138
-19081
-19083
-19098
-19071
-19052
-19046
-19056
-19062
-19044
-19067
-19081
-19056
-19025
-19010
-19000
-19000
-18972
-18934
-18917
-18909
-18876
-18846
-18823
-18779
-18735
-18693
-18665
-18611
-18583
-18535
-18472
-18447
-18426
-18413
-18386
-18350
-18289
-18249
-18233
-18228
-18237
-18300
-18325
-18306
-18313
-18354
-18363
-18434
-18409
-18392
-18459
-18516
-18579
-18661
-18749
-18758
-18930
-18577
-19155
-19241
-19315
-19407
-19516
-19548
-19529
-19525
-19613
-19651
-19699
-19779
-19905
-19899
-19850
-19848
-19804
-19819
-19781
-19697
-19701
-19674
-19592
-19481
-19409
-19291
-19151
-19531
-18924
-18836
-18682
-18577
-18508
-18441
-18394
-18336
-18239
-18123
-18039
-17922
-17855
-17770
-17714
-17623
-17581
-17554
-17497
-17560
-17569
-17539
-17510
-17466
-17439
-17470
-17453
-17474
-17529
-17529
-17512
-17506
-17632
-17686
-17665
-17689
-17745
-17745
-17712
-17703
-17699
-17665
-17600
-17590
-17613
-17508
-17478
-17537
-17615
-17642
-17552
-17481
-17424
-17436
-17396
-17231
-17575
-17050
-17012
-16981
-16842
-16796
-16810
-16867
-16865
-16831
-16813
-16815
-16817
-16741
-16728
-16688
-16623
-17100
-16535
-16428
-16373
-16329
-16281
-16182
-16607
-16021
-15892
-15873
-15857
-15813
-15770
-15749
-15686
-15739
-15661
-15573
-15575
-15554
-15491
-15468
-15434
-15388
-15386
-15396
-15422
-15369
-15350
-15361
-15350
-15411
-15298
-15209
-15228
-15182
-15180
-15172
-15146
-15149
-15109
-15096
-15138
-15136
-15115
-14661
-15197
-15172
-15243
-15313
-15390
-15411
-15449
-15480
-15569
-15619
-15699
-15785
-15863
-16050
-16184
-16226
-16283
-16455
-16560
-16636
-16813
-17000
-17168
-17292
-17273
-17294
-17422
-17529
-17531
-17111
-17657
-17674
-17529
-17231
-16972
-16850
-17004
-17065
-16861
-16825
-16882
-16915
-16953
-16665
-16403
-16151
-15890
-16098
-15245
-15100
-14951
-14563
-14403
-14254
-13936
-13523
-13279
-13056
-13184
-12378
-12117
-11741
-11361
-11707
-11031
-10953
-10894
-10794
-10636
-10541
-10464
-10325
-10146
-10046
-9924
-9812
-9701
-9657
-9651
-9594
-9544
-9688
-9901
-10125
-10315
-10472
-10718
-10882
-11062
-11237
-11384
-11520
-11686
-11836
-11941
-11968
-12100
-12159
-11999
-11846
-11781
-11766
-11792
-11737
-11789
-11775
-11806
-11865
-11806
-11605
-11447
-11310
-11146
-10938
-10668
-10327
-9903
-9516
-9768
-9096
-8962
-8875
-8752
-8598
-8563
-8583
-8577
-8499
-8333
-8245
-8020
-8302
-7749
-7686
-7628
-7562
-7560
-7594
-7552
-7495
-7407
-7390
-7291
-7079
-6779
-6569
-6792
-6163
-6109
-6109
-6111
-6138
-6144
-6188
-6163
-6174
-6163
-6174
-6165
-6184
-6245
-6235
-5882
-6432
-6552
-6672
-6794
-6355
-6955
-7088
-7245
-7361
-7464
-7554
-7733
-7861
-8008
-8138
-7852
-8521
-8707
-8907
-9020
-9193
-9249
-9407
-9544
-9604
-9691
-9754
-9825
-9907
-9915
-9857
-9905
-9974
-9886
-9791
-9802
-9804
-9735
-9623
-9537
-9397
-9312
-9151
-9054
-8978
-8834
-8621
-8470
-8321
-8228
-8098
-7939
-7777
-7676
-7556
-7415
-7348
-7218
-7121
-6974
-6875
-6783
-6773
-6695
-6577
-6500
-6460
-6434
-6279
-6209
-6203
-6100
-6067
-6056
-6023
-5930
-5896
-6023
-6037
-6050
-6151
-6176
-6224
-5888
-6434
-6537
-6661
-6789
-6369
-6997
-7067
-7210
-7315
-7312
-6842
-7812
-7298
-7201
-7109
-6964
-7294
-6632
-6502
-6327
-6191
-6042
-5825
-5693
-5626
-5531
-5563
-5613
-5667
-5705
-5821
-5999
-6167
-6386
-6663
-6911
-7207
-7565
-7871
-8178
-8438
-8319
-9094
-9331
-9588
-9794
-9896
-9991
-10081
-10105
-10044
-9962
-9833
-9699
-9556
-9317
-9000
-8672
-8325
-7924
-7518
-7113
-6724
-6254
-5804
-5802
-5342
-4865
-3938
-3451
-2997
-2615
-2264
-2422
-1550
-1270
-1021
-825
-632
-974
-373
-359
-325
-371
-489
-659
-848
-1031
-1277
-1575
-1875
-2210
-2506
-2806
-3100
-3407
-3703
-3983
-4271
-4558
-4886
-5065
-5308
-5457
-5691
-5859
-5907
-6027
-6172
-6235
-6262
-6285
-6262
-6153
-6105
-6010
-5865
-5668
-5485
-5836
-5168
-4890
-4607
-4354
-4117
-3878
-3577
-3344
-3048
-2779
-2588
-2375
-2167
-1863
