-20838
-20821
-20819
-20789
-20724
-20731
-20726
-20626
-20560
-20468
-20390
-20250
-20155
-20506
-19819
-19634
-19476
-19350
-19279
-19525
-18882
-18792
-18619
-18443
-18315
-18550
-17970
-17886
-17716
-17604
-17491
-17405
-17344
-17304
-17304
-17291
-17376
-17508
-17531
-17535
-17619
-17680
-17756
-17840
-17863
-17936
-18023
-18115
-18146
-18218
-18266
-18338
-18409
-18447
-18451
-18409
-18390
-18327
-18189
-18065
-18060
-17899
-17724
-17615
-17525
-17424
-17281
-17157
-17083
-17018
-16980
-16915
-16911
-16957
-17041
-16623
-17193
-17262
-17455
-17569
-17739
-17949
-18104
-18308
-18560
-18840
-18997
-19176
-19470
-19707
-19955
-20081
-20281
-20474
-20808
-21117
-21352
-21607
-21836
-22168
-22417
-22670
-22865
-23014
-23142
-23195
-23256
-23291
-23380
-23359
-23405
-23413
-23480
-23558
-23684
-23752
-23747
-23785
-23844
-23884
-23842
-23773
-23756
-23735
-23674
-23594
-23455
-23455
-23422
-23407
-23415
-23451
-23485
-23506
-23642
-23783
-23888
-23909
-23978
-24065
-24088
-24126
-24121
-24125
-24134
-24117
-24147
-24182
-24220
-24291
-24342
-24397
-23947
-24584
-24712
-24850
-24941
-25062
-25167
-25354
-25445
-25499
-25546
-25577
-25588
-25632
-25628
-25598
-25581
-25535
-25525
-25499
-25493
-25483
-25441
-25455
-25518
-25646
-25789
-25833
-25876
-26021
-26151
-26287
-26430
-26571
-26703
-26388
-27018
-27147
-27285
-27424
-27604
-27773
-27911
-28065
-28140
-28245
-28382
-28405
-28520
-28644
-28596
-28607
-28581
-28596
-28510
-28445
-28397
-28323
-28201
-28126
-28075
-28054
-28004
-27966
-27922
-27892
-27821
-27798
-27764
-27756
-27741
-27741
-27737
-27779
-27710
-27714
-27699
-27613
-27584
-27546
-27577
-27514
-27499
-27518
-27550
-27642
-27710
-27392
-28012
-28084
-28144
-27867
-28497
-28598
-28678
-28760
-28844
-28924
-29018
-29071
-29102
-29146
-29226
-29249
-29243
-29260
-29210
-29077
-28978
-28920
-28880
-29300
-28804
-28722
-28682
-28625
-28625
-28665
-28720
-28730
-28733
-28718
-28760
-28798
-28348
-28970
-29098
-29214
-28833
-29445
-29460
-29478
-29510
-29541
-29485
-29436
-29373
-29376
-29422
-29495
-29548
-29598
-29699
-29762
-29897
-29993
-30113
-30146
-30134
-30147
-30174
-30212
-30266
-30302
-30216
-30165
-30115
-30083
-30002
-29911
-29882
-29764
-29634
-29554
-29468
-29792
-29142
-29056
-28911
-28724
-28565
-28502
-28464
-28459
-28447
-28483
-28525
-28586
-28628
-28644
-28705
-28710
-28842
-28920
-28949
-29025
-29098
-29254
-29355
-29500
-29682
-29850
-29997
-30084
-30210
-30359
-30516
-30600
-30628
-30695
-30810
-30884
-31016
-31069
-31062
-31104
-31209
-31304
-31319
-31418
-31491
-31615
-31693
-31768
-31821
-31901
-32021
-32056
-32086
-32182
-32266
-32279
-32302
-32430
-32512
-32542
-32642
-32691
-32728
-32789
-32876
-32959
-33014
-33000
-33039
-33083
-33132
-33102
-33094
-33161
-33189
-33210
-33233
-33271
-33323
-33394
-33499
-33539
-33588
-33710
-33859
-33962
-34008
-34052
-34138
-33720
-34283
-34436
-34480
