-25451
-25598
-25798
-26081
-26243
-26350
-26556
-26691
-26777
-26840
-26897
-26911
-26865
-26787
-26781
-26762
-26661
-26558
-26556
-26531
-26466
-26470
-26506
-26481
-26476
-26439
-26502
-26604
-26693
-26783
-26861
-26844
-26901
-27073
-27184
-27344
-27518
-27667
-27737
-27859
-28029
-28167
-28258
-28310
-28294
-28270
-28317
-28249
-28140
-27962
-27867
-27714
-26806
-26848
-26804
-26697
-26674
-26573
-26527
-26445
-26294
-26197
-26128
-26046
-25821
-25676
-25583
-25523
-25485
-25502
-25510
-25521
-25546
-25447
-25548
-25640
-25611
-25539
-25625
-25703
-25791
-25413
-26044
-26230
-25905
-26506
-26590
-26667
-26701
-26632
-26537
-26481
-26436
-26859
-26245
-26239
-26210
-26186
-26119
-26027
-26002
-25939
-25905
-25897
-25852
-25836
-25886
-25962
-26046
-26193
-26382
-26573
-26752
-26936
-27138
-27338
-27453
-27628
-27823
-27966
-28121
-28336
-28460
-28588
-28749
-28907
-28947
-28976
-29029
-28983
-28920
-28917
-28876
-28838
-28812
-28724
-28701
-28613
-28520
-28409
-28365
-28315
-28157
-27999
-27899
-27850
-27720
-27558
-27506
-27516
-27468
-27441
-27483
-27541
-27636
-27749
-27382
-28027
-28230
-28333
-28520
-28783
-29006
-29228
-29539
-29709
-29918
-30128
-30329
-30436
-30546
-30647
-30764
-30846
-30968
-31065
-30957
-30863
-30792
-30657
-30584
-30552
-30483
-30453
-30392
-30388
-30451
-30516
-30520
-30460
-30388
-30397
-30394
-30441
-30407
-30415
-30327
-30313
-30254
-30197
-30098
-30062
-29970
-29833
-29714
-29632
-29539
-29426
-29413
-29363
-29325
-29329
-29371
-29430
-29642
-29747
-29333
-29974
-30149
-30333
-30462
-30615
-30825
-31021
-31170
-31291
-31432
-31668
-31848
-31997
-32153
-32338
-32476
-32609
-32754
-32802
-32897
-32930
-32966
-32997
-32945
-32953
-32911
-32813
-32718
-32646
-32567
-32539
-32478
-32441
-32430
-32430
-32483
-32510
-32577
-32583
-32609
-32611
-32682
-32815
-32917
-33041
-33132
-33197
-33319
-33449
-33579
-33771
-33957
-34107
-34306
-34562
-34777
-34987
-35212
-35462
-35596
-35743
-35882
-35980
-36027
-36098
-36039
-36067
-36033
-36041
-35980
-35897
-35842
-35861
-35829
-35789
-35813
-35880
-35930
-35970
-36016
-36121
-36170
-36212
-36270
-36357
-36422
-36483
-36548
-36680
-36733
-36743
-36817
-36861
-36907
-36880
-36865
-36894
-36932
-36941
-37020
-37069
-36993
-36951
-36911
-36896
-36838
-36791
-36750
-36691
-36596
-36506
-36434
-36397
-36346
-36231
-36176
-36180
-36161
-36067
-36065
-36138
-36210
-36273
-36401
-36560
-36170
-36798
-37002
-36665
-37329
-37466
-37518
-37138
-37728
-37771
-37873
-37880
-37899
-37976
-37945
-37987
-37625
-38096
-38096
-38069
-38046
-38025
-37995
-37959
-37962
-37987
-37995
-37911
-37897
-37985
-38027
-37966
-37938
-37972
-37974
-38014
-37970
-37913
-37917
-37850
-37775
-37712
-38096
-37571
-37432
-37254
-37105
-36970
-36823
-36825
-36852
-36710
-36693
-36701
-36710
-36777
-36791
-36792
-36783
-36871
-36897
