-21855
-21884
-21819
-21779
-21735
-21670
-21583
-21581
-21581
-21581
-21544
-21550
-21554
-21560
-21579
-21623
-21730
-21813
-21806
-21838
-21897
-21939
-21941
-21999
-22140
-22207
-22325
-22428
-22688
-22800
-22876
-23039
-23176
-23348
-23439
-23544
-23646
-23670
-23718
-23785
-23794
-23791
-23775
-23672
-23663
-23680
-23533
-23417
-23327
-23216
-23146
-23002
-22819
-22676
-22537
-22447
-22422
-22365
-22287
-22168
-22056
-22035
-22468
-21794
-21602
-21510
-21384
-21258
-21111
-20936
-20720
-20626
-20453
-20296
-20193
-20084
-19915
-19808
-19709
-19615
-19651
-19651
-19676
-19739
-19810
-19911
-19556
-20138
-20252
-20399
-20588
-20756
-20865
-21058
-21260
-21466
-21590
-21716
-21854
-22025
-22191
-22277
-22378
-22558
-22634
-22661
-22705
-22703
-22695
-22722
-22680
-22665
-22688
-22674
-22609
-22573
-22560
-22563
-22623
-22596
-22638
-22678
-22760
-22825
-22487
-23063
-23210
-23434
-23581
-23707
-23915
-24144
-24321
-24504
-24728
-24962
-25151
-25334
-25508
-25688
-25787
-25420
-26054
-26147
-26214
-26260
-25897
-26426
-26422
-26500
-26667
-26709
-26728
-26802
-26405
-27067
-27096
-27168
-27289
-27354
-27415
-27480
-27474
-27588
-27710
-27821
-27968
-28092
-28214
-27867
-28504
-28674
-28861
-29014
-29134
-28829
-29493
-29542
-29562
-29718
-29789
-29804
-29813
-29823
-29760
-29773
-29821
-29834
-29785
-29819
-29836
-29840
-29815
-29775
-29752
-29720
-29695
-29588
-29508
-29455
-29481
-29348
-29306
-29346
-29292
-29292
-29291
-29271
-29296
-29321
-29375
-29396
-29481
-29527
-29537
-29670
-29661
-29682
-29735
-29789
-29836
-29859
-29838
-29854
-29834
-29861
-29878
-29840
-29850
-29815
-29882
-29880
-29854
-29842
-29768
-29707
-29728
-29701
-29647
-29581
-29483
-29376
-29296
-29146
-29025
-28934
-28792
-28611
-28483
-28397
-28376
-28214
-28188
-28058
-27934
-27855
-27823
-27829
-27756
-27672
-27605
-27617
-27628
-27676
-27674
-27691
-27722
-27833
-27968
-27951
-28008
-28132
-28237
-28392
-28523
-28647
-28340
-28953
-29088
-29258
-29355
-29489
-29623
-29670
-29728
-29327
-29909
-29840
-29855
-29941
-29936
-29957
-30023
-30020
-30016
-30065
-30048
-30035
-30054
-30025
-29981
-29978
-29917
-29829
-29836
-29875
-29812
-29733
-29718
-29657
-29609
-29625
-29615
-29607
-29775
-29779
-29789
-29844
-29932
-29934
-29886
-29899
-29823
-29859
-29768
-29735
-29678
-29594
-29590
-29584
-29569
-29590
-29481
-29438
-29407
-29426
-29367
-29298
-29228
-29231
-29203
-29115
-29079
-29113
-29060
-29035
-29079
-29090
-29128
-29123
-29230
-29348
-29495
-29638
-29758
-29903
-30060
-30231
-30317
-30409
-30533
-30594
-30688
-30836
-30894
-30911
-30964
-31037
-31138
-31180
-31168
-31247
-31348
-31317
-31392
-31436
-31420
-31464
-31493
-31581
-31647
-31577
-31523
-31596
-31691
-31733
-31730
-31789
-31844
-31920
-32014
-32073
-32060
-32170
-32226
-32195
-32142
-32107
-32014
-31934
-31850
-31798
-31802
-31718
-31728
-31695
-31739
-31821
-31924
-32016
-32165
