-19191
-19165
-19149
-19132
-19529
-19048
-18995
-18855
-18834
-18833
-18770
-18693
-18689
-18701
-18689
-18695
-18735
-18762
-18819
-18915
-19096
-19233
-19367
-19584
-19932
-20203
-20462
-20749
-21006
-21289
-21470
-21571
-21655
-21720
-21728
-21638
-21976
-21384
-21247
-21023
-20922
-20762
-20554
-20445
-20373
-20291
-20140
-20039
-20060
-20100
-20056
-19995
-20073
-20088
-20146
-20209
-20287
-20329
-20367
-20346
-20399
-20464
-20417
-20439
-20481
-20468
-20449
-20399
-20308
-20189
-20128
-20062
-19918
-19825
-19785
-19701
-19626
-19495
-19394
-19304
-19329
-19342
-19287
-19264
-19252
-19264
-19313
-19378
-19529
-19665
-19783
-19550
-20249
-20481
-20619
-20682
-20756
-20773
-20896
-21077
-21132
-21226
-21344
-21417
-21565
-21695
-21680
-21779
-21855
-21907
-21932
-21959
-22067
-22117
-22027
-21842
-21808
-21703
-21508
-21355
-21306
-21189
-21474
-20848
-20756
-20613
-20542
-21004
-20518
-20514
-20441
-20439
-20470
-20037
-20584
-20684
-20792
-20949
-21115
-21224
-21367
-21586
-21794
-21871
-21959
-22188
-22315
-22474
-22621
-22720
-22850
-22936
-23002
-23083
-23155
-23233
-23262
-23344
-23382
-23420
-23415
-23434
-23500
-23518
-23464
-23472
-23512
-23472
-23420
-23411
-23350
-23279
-23317
-23298
-23184
-23069
-23050
-22985
-22987
-22928
-22846
-22834
-22834
-22806
-22848
-22960
-23077
-23167
-23264
-23294
-23355
-23396
-23373
-23380
-23418
-23472
-23472
-23449
-23386
-23315
-23315
-23254
-23147
-23094
-23031
-22981
-22959
-22983
-23065
-23188
-23216
-23350
-23445
-23598
-23724
-23800
-23852
-23924
-23920
-23905
-23892
-23875
-23825
-23785
-23653
-23594
-23583
-23938
-23376
-23327
-23317
-23388
-23418
-23371
-23392
-23449
-23457
-23548
-23646
-23733
-23819
-23462
-24144
-24308
-23978
-24636
-24768
-24894
-25081
-25239
-25312
-25470
-25598
-25665
-25771
-25854
-25907
-25985
-25939
-25903
-25861
-25932
-25913
-26378
-25762
-25737
-25720
-25647
-25558
-25485
-25329
-25264
-25180
-25096
-25081
-25115
-25126
-25111
-25228
-25384
-25500
-25661
-25924
-26144
-26350
-26571
-26773
-26970
-27119
-27287
-27409
-27460
-27602
-27722
-27812
-27817
-27373
-28029
-28146
-28239
-28237
-28273
-28333
-28321
-28327
-28354
-28340
-28250
-28186
-28102
-28012
-27947
-27886
-27804
-27668
-27594
-27563
-27466
-27441
-27430
-27504
-27611
-27676
-27775
-27907
-28092
-28294
-28489
-28646
-28792
-28907
-29048
-29136
-29222
-29250
-29298
-29397
-29441
-29405
-29443
-29500
-29600
-29688
-29758
-29827
-29850
-29888
-29894
-29960
-29980
-29911
-29941
-29926
-29922
-29897
-29886
-29926
-29905
-29777
-29834
-29959
-29989
-30081
-30153
-30239
-30340
-30438
-30661
-30829
-30917
-31052
-31254
-31399
-31560
-31735
-31825
-32060
-32153
-32174
-31762
-32294
-32302
-32401
-32436
-32443
-32392
-32392
-32388
-32325
-32247
-32188
-32084
-32048
-32041
-31993
-31926
-31861
-31842
-31813
-31749
-31712
-31693
-31638
-31705
-31691
-31718
-31800
-31886
-31981
-32111
-32197
