-28890
-29109
-29352
-29611
-29838
-29999
-30161
-30312
-30457
-30569
-30583
-30607
-30642
-30668
-30722
-30728
-30731
-30688
-30657
-30604
-30529
-30575
-30579
-30584
-30583
-30563
-30602
-30646
-30720
-30815
-30867
-30936
-30974
-30987
-31046
-31113
-31104
-31039
-31041
-31073
-31065
-31002
-30930
-30897
-31004
-31094
-31090
-31084
-31195
-31218
-31306
-31363
-31388
-31447
-31443
-31541
-31548
-31586
-31634
-31688
-31701
-31749
-31897
-31991
-32079
-32130
-32182
-32291
-32359
-32430
-32531
-32653
-32745
-32741
-32771
-32827
-32836
-32834
-32834
-32796
-33205
-32693
-32663
-32619
-32594
-32562
-32550
-32590
-32630
-32609
-32554
-32521
-32550
-32586
-32619
-32689
-32731
-32779
-32861
-32915
-33042
-33132
-33191
-33285
-33346
-33354
-33480
-33544
-33531
-33619
-33791
-33854
-33846
-33819
-33897
-33938
-33892
-33794
-33817
-33766
-33768
-33689
-33617
-33542
-33394
-33352
-33252
-33149
-33054
-32993
-32909
-32827
-32697
-32680
-32640
-32626
-32663
-32577
-32506
-32546
-32569
-32533
-32487
-32441
-32485
-32457
-32411
-32380
-32315
-32178
-32136
-32071
-31957
-31915
-31899
-31829
-31770
-31710
-31689
-31630
-31544
-31502
-31462
-31453
-31441
-31478
-31537
-31518
-31567
-31615
-31550
-31491
-31485
-31539
-31478
-31489
-31459
-31378
-31354
-31304
-31230
-31050
-30865
-30689
-30504
-30770
-30088
-29829
-29663
-29544
-29449
-29336
-29270
-29250
-29237
-29285
-29361
-29386
-29468
-29623
-29653
-29720
-29319
-29886
-29897
-29892
-29884
-29829
-29850
-30285
-29691
-29590
-29476
-29415
-29336
-29277
-29142
-29058
-28974
-28840
-28777
-28638
-28478
-28367
-28180
-28062
-27939
-27859
-27760
-27710
-27672
-27596
-27646
-27661
-27562
-27584
-27632
-27674
-27676
-27583
-27525
-27470
-27373
-27279
-27134
-26968
-27352
-26701
-26481
-26346
-26214
-26031
-25817
-25579
-25855
-25237
-25056
-24871
-24676
-24525
-24907
-24250
-24056
-23949
-23897
-23794
-23670
-23602
-23504
-23396
-23338
-23304
-23260
-23228
-23241
-23273
-23397
-23569
-23546
-23409
-23342
-23333
-23348
-23438
-23518
-23474
-23428
-23397
-23312
-23207
-23214
-23231
-23218
-23086
-23010
-22924
-22857
-22684
-22487
-22367
-22241
-22075
-21840
-21636
-21478
-21275
-21144
-20892
-20743
-20562
-20420
-20300
-20180
-20065
-19544
-19991
-19920
-19911
-19920
-19913
-19936
-19924
-19934
-19957
-19938
-19873
-19878
-19861
-19804
-19689
-20025
-19397
-19283
-19146
-18947
-18756
-19052
-18367
-18233
-18027
-17808
-17636
-17468
-17289
-17115
-16924
-16808
-16640
-16527
-16411
-16310
-16277
-16308
-16252
-16186
-16172
-16197
-16317
-16430
-16491
-16571
-16642
-16688
-16770
-16873
-17016
-17077
-17073
-17151
-17245
-17270
-17285
-17260
-17233
-17178
-17577
-16991
-16917
-16857
-16750
-16663
-16579
-16537
-16460
-16420
-16397
-16376
-16350
-16363
-16422
-16520
-16605
-16626
-16716
-16764
-16813
-16897
-17012
-17067
-17079
-17188
-17331
-17451
-17630
-17747
-17812
-17976
-18121
-18186
-18277
-18298
-18279
