-19646
-19668
-19777
-19825
-19785
-19720
-19808
-19842
-19802
-19829
-19938
-19905
-19920
-19880
-19917
-19939
-19953
-19924
-19886
-19863
-19758
-19688
-19604
-19483
-19283
-19207
-19056
-18884
-18699
-18497
-18352
-18199
-18086
-17989
-17949
-17878
-17789
-17825
-17867
-17894
-17905
-17922
-17934
-17939
-17939
-18010
-18033
-18094
-18132
-18157
-18241
-18292
-18291
-18394
-18481
-18508
-18565
-18615
-18619
-18621
-18642
-18634
-18588
-18590
-18552
-18584
-19054
-18609
-18609
-18655
-18714
-18768
-18792
-18813
-18873
-18869
-18915
-18943
-18960
-18995
-19083
-19128
-19174
-19270
-19422
-19502
-19556
-19619
-19710
-19760
-19913
-20002
-20029
-20084
-20107
-20084
-20155
-20262
-20252
-20235
-20250
-20233
-20270
-20231
-20193
-20210
-20245
-20310
-20313
-20291
-20292
-20329
-20426
-20497
-20529
-20584
-20615
-20730
-20792
-20821
-20886
-20945
-20936
-20894
-20852
-20749
-20634
-20985
-20344
-20216
-20126
-20052
-19794
-19651
-19500
-19376
-19140
-18941
-18823
-18674
-19042
-18390
-18346
-18291
-18203
-18195
-18228
-18191
-18186
-18245
-18344
-18434
-18105
-18749
-18909
-19023
-19151
-19313
-19514
-19659
-19808
-19970
-20098
-20201
-20308
-20436
-20567
-20626
-20672
-20752
-20869
-20932
-21050
-21115
-21132
-21157
-21174
-21226
-21205
-21243
-21277
-21270
-21243
-21207
-21149
-21138
-21142
-21060
-20938
-20878
-20909
-20955
-20947
-20947
-20951
-20983
-20993
-20525
-21039
-21046
-21058
-21161
-21184
-21161
-21170
-21176
-21231
-21228
-21149
-21104
-21035
-21029
-20949
-20943
-20529
-21132
-21207
-21285
-21388
-21541
-21644
-21771
-21863
-21888
-22012
-21999
-21930
-21955
-21897
-21825
-21802
-21777
-21745
-21697
-21642
-21609
-21960
-21325
-21218
-21104
-21018
-20962
-20834
-20686
-20615
-20617
-20703
-20796
-20854
-20974
-21165
-21394
-21640
-21884
-22111
-22441
-22771
-23016
-23235
-23008
-23859
-24174
-24413
-24674
-24478
-25235
-25480
-25598
-25712
-25880
-25978
-25939
-25981
-25974
-25920
-25934
-25836
-25665
-25441
-25157
-24962
-24798
-24789
-24703
-24668
-24709
-24718
-24703
-24747
-24838
-25041
-25273
-25506
-25628
-25726
-25913
-26027
-26146
-26333
-26510
-26529
-26563
-26607
-26638
-26617
-26625
-26646
-26550
-26424
-26338
-26249
-26107
-25976
-25867
-25699
-25670
-25611
-25510
-25460
-25327
-25355
-25336
-25203
-25205
-25243
-25264
-25210
-25178
-25147
-25092
-25060
-25044
-24997
-24930
-24882
-24838
-24802
-24792
-24705
-24571
-24506
-24499
-24911
-24275
-24113
-24073
-23983
-23886
-23821
-23764
-23695
-23684
-23724
-23775
-23838
-23462
-24037
-24092
-24199
-24313
-24367
-24384
-24453
-24514
-24544
-24623
-24716
-24754
-24787
-24854
-24915
-24997
-25121
-25172
-25247
-25313
-25350
-25397
-25481
-25480
-25485
-25573
-25581
-25642
-25626
-25638
-25600
-25644
-25625
-25651
-25678
-25701
-25815
-25953
-26086
-26241
-26334
-26447
-26623
-26783
-26936
-27018
-27115
-27268
-27355
-27352
-27432
-27550
-27571
-27584
-27625
-27730
