-28491
-28470
-28384
-28277
-28203
-28081
-27968
-27920
-27886
-27985
-28033
-28088
-28207
-27854
-28439
-28594
-28709
-28737
-28735
-28728
-28707
-28628
-28596
-28609
-28611
-28588
-28596
-28651
-28712
-28768
-28865
-28991
-29111
-29302
-29493
-29602
-29323
-29894
-30000
-30016
-30012
-30033
-30115
-30092
-30104
-30218
-30333
-30415
-30535
-30647
-30745
-30773
-30861
-30909
-30880
-30791
-30762
-30691
-30533
-30541
-30529
-30504
-30516
-30554
-30609
-30661
-30726
-30813
-30943
-31020
-31092
-31224
-31447
-31548
-31594
-31720
-31867
-31915
-32025
-32197
-32312
-32426
-32542
-32651
-32810
-32844
-32825
-32810
-32768
-32792
-32766
-32749
-32783
-32812
-32749
-32712
-32777
-32825
-32791
-32882
-32993
-33052
-33044
-33094
-33180
-33247
-33273
-33302
-33308
-33411
-33529
-33594
-33750
-33888
-34067
-34270
-34443
-34567
-34607
-34647
-34726
-34720
-34728
-34607
-34592
-34537
-34460
-34365
-34313
-34279
-34275
-34306
-34258
-34296
-34243
-34201
-34241
-34218
-34218
-34165
-34165
-34098
-34098
-34067
-34163
-34199
-34268
-34394
-34588
-34791
-35012
-34705
-35336
-35605
-35836
-35987
-36090
-36197
-36266
-36243
-36231
-36298
-36367
-36333
-36329
-36292
-36308
-36233
-36178
-36123
-36054
-35959
-35876
-35825
-35726
-35588
-35527
-35573
-35613
-35630
-35653
-35707
-35779
-35857
-35953
-36031
-36081
-36189
-36296
-36354
-36407
-36497
-36594
-36718
-36865
-37006
-37115
-37199
-37285
-37373
-37476
-37584
-37695
-37796
-37873
-37917
-37995
-38107
-38203
-38279
-38329
-38327
-38292
-38271
-38312
-38333
-38313
-38291
-38250
-38237
-38241
-38209
-38147
-38119
-38069
-37987
-37913
-37865
-37876
-37861
-37852
-37840
-37806
-37749
-37695
-37661
-37653
-37634
-37630
-37644
-37642
-37680
-37680
-37674
-37703
-37739
-37756
-37785
-37834
-37880
-37890
-37897
-37920
-37957
-38046
-38121
-38130
-38115
-38121
-38125
-38142
-38184
-38245
-38294
-38323
-38354
-38396
-38464
-38499
-38516
-38544
-38607
-38653
-38676
-38670
-38747
-38798
-38792
-38754
-38731
-38722
-38716
-38726
-38714
-38693
-38659
-38600
-38535
-38476
-38430
-38384
-38336
-38304
-38271
-38249
-38218
-38195
-38172
-38140
-38090
-38071
-38052
-38027
-38073
-38125
-38113
-38115
-38117
-38594
-38090
-38086
-38052
-38000
-37976
-37974
-37911
-37836
-37802
-37789
-37768
-37726
-37686
-37636
-37583
-37552
-37495
-37428
-37373
-37319
-37275
-37241
-37216
-37151
-37048
-36932
-36878
-36880
-36836
-36766
-36722
-36689
-36682
-36665
-36621
-36590
-36575
-36569
-36544
-36521
-36510
-36529
-36539
-36577
-36594
-36640
-36672
-36703
-36743
-36800
-36846
-36863
-36903
-36976
-37077
-37119
-37126
-37174
-37243
-37287
-37233
-37230
-37270
-37344
-37420
-37445
-37457
-37512
-37583
-37642
-37661
-37651
-37609
-37630
-37655
-37659
-38107
-37571
-37533
-37558
-37560
-37573
-37583
-37554
-37493
-37432
-37388
-37354
-37294
-37176
-37096
-37067
-37014
-36926
-36827
-36728
-37121
-36541
-36413
-36304
-36222
-36105
-35987
-35934
-35840
-35745
-36151
-35535
-35455
-35378
-35323
-35224
-35163
-35109
-35054
-35016
-34985
-34955
-34917
-34865
-34846
-34802
-34781
-34781
-34735
-34691
-34670
-34668
-34647
-34615
-34537
-34485
-34466
-34447
-34478
-34531
-34565
-34600
-34644
-34638
-34634
-34661
-34676
-34674
-34680
-34705
-35176
-34693
-34661
-34653
-34657
-34667
-34684
-34686
-34674
-34689
-34699
-34733
-34707
-34674
-34680
-34661
-34649
-34644
-34642
-34667
-34672
-34716
-34787
-34852
-34876
-34871
-34911
-34959
-34972
-34980
-35002
-34989
-34991
-34995
-35027
-35060
-35067
-35062
-35041
-35025
-34985
-34978
-34993
-34953
-34959
-35014
-35050
-35031
-35020
-35037
-35031
-35035
-35035
-35021
-35014
-35031
-35035
-35033
-34997
-34976
-34932
-34907
-34876
-34857
-34817
-34731
-34680
-34602
-34550
-34533
-34514
-34466
-34441
-34411
-34403
-34443
-34481
-34483
-34468
-34474
-34481
-34508
-34537
-34546
-34529
-34544
-34575
-34613
-34609
-34623
-34644
-34680
-34682
-34682
-34724
-34741
-34739
-34752
-34800
-34871
-34924
-34972
-35039
-35081
-35100
-35107
-35149
-35212
-35205
-35188
-35197
-35165
-35130
-35121
-35104
