-27936
-27960
-28004
-28081
-28086
-28075
-28098
-28195
-28165
-28147
-28188
-28115
-28031
-28090
-28088
-28104
-28102
-28121
-28222
-28235
-28373
-28401
-28451
-28504
-28537
-28594
-28672
-28779
-28823
-28888
-28997
-29025
-29046
-29060
-29058
-29058
-29151
-29098
-29144
-29090
-29119
-29146
-29084
-29018
-28985
-28934
-28857
-28745
-28577
-28380
-28344
-28170
-28012
-27808
-27632
-27438
-27258
-27092
-27346
-26642
-26445
-26220
-26063
-25783
-25632
-25476
-25212
-25000
-25390
-24682
-24478
-24403
-24371
-24233
-24134
-24027
-23997
-23878
-23892
-23917
-23918
-23949
-23939
-23985
-24048
-24105
-24260
-24304
-24315
-23959
-24455
-24554
-24628
-24659
-24615
-24676
-24676
-24565
-24613
-24573
-24441
-24348
-24291
-24115
-23953
-23789
-23688
-23571
-23934
-23350
-23060
-22750
-22567
-22439
-22336
-22228
-22275
-22310
-22359
-22460
-22577
-22644
-22749
-22758
-22819
-22903
-22951
-22865
-22821
-22810
-22796
-22768
-22731
-22714
-22665
-22651
-22602
-22577
-22590
-22605
-22682
-22747
-22750
-22758
-22764
-22840
-22936
-23098
-23214
-23270
-23313
-23373
-23441
-23531
-23613
-23672
-23726
-23766
-23766
-23768
-23775
-23787
-23764
-23697
-23625
-23575
-23562
-23548
-23472
-23355
-23266
-23197
-23104
-23031
-22983
-22909
-22813
-22651
-22541
-22420
-22306
-22199
-22088
-21999
-21938
-21867
-21823
-21773
-21693
-21617
-21554
-21502
-21470
-21420
-21312
-21218
-21147
-21105
-21060
-21018
-21008
-20966
-20840
-20712
-20628
-20571
-20548
-21006
-20466
-20428
-20346
-20268
-20205
-20138
-20111
-20098
-20514
-19957
-19960
-19981
-20000
-20016
-20044
-20069
-20102
-20138
-20161
-20209
-20306
-20373
-20420
-20483
-20548
-20670
-20760
-20859
-20955
-21039
-21125
-21216
-21294
-21409
-21544
-21615
-21716
-21812
-21903
-22035
-22147
-22249
-22323
-22394
-22499
-22583
-22651
-22745
-22861
-22991
-23092
-23170
-23262
-23361
-23506
-23626
-23770
-23848
-23863
-23928
-24029
-24130
-24220
-24249
-24294
-24340
-24336
-24350
-24409
-24417
-24432
-24436
-24436
-24392
-24382
-24354
-24310
-24275
-24212
-24149
-24111
-24088
-24048
-24002
-24415
-23823
-23779
-23724
-23640
-23560
-23455
-23312
-23189
-23063
-22966
-22825
-22657
-22955
-22283
-22092
-21899
-21613
-21281
-21023
-20745
-20981
-20281
-19934
-19613
-19249
-18903
-18636
-18270
-17909
-17676
-17380
-17573
-16863
-17092
-16331
-16130
-15918
-15709
-15459
-15273
-15155
-15014
-14875
-14775
-15136
-14531
-14420
-14296
-14180
-14117
-14021
-13932
-13838
-13766
-13733
-14168
-13661
-13604
-13502
-13409
-13352
-13315
-13313
-13294
-13224
-13165
-13083
-13050
-13063
-13117
-13149
-13140
-13184
-13228
-13237
-13262
-13287
-13342
-13369
-13399
-13508
-13600
-13197
-13779
-13873
-13924
-14016
-14109
-14252
-14403
-14512
-14630
-14775
-14905
-15056
-15180
-15262
-15346
-15493
-15590
-15720
-15791
-15865
-15957
-16048
-15640
-16207
-16237
-16298
-16388
-16445
-16485
-16542
-16584
-16668
-16768
-16888
-16964
-17031
-17079
-17119
-17159
-17228
-17264
-17256
-17256
-17281
-17271
-17193
-17109
-17079
-17020
-16976
-16938
-16834
-16739
-16661
-16592
-16525
-16430
-16249
-16588
-15936
-15754
-15588
-15384
-15218
-15063
-14903
-14768
-14590
-14373
-14174
-13981
-13796
-13621
-13403
-13661
-13000
-12857
-12731
-12590
-12361
-12205
-12060
-11930
-11829
-11737
-11659
-11542
-11367
-11283
-11180
-11092
-11056
-11018
-11004
-10999
-11021
-11037
-11041
-11075
-11144
-10770
-11376
-11445
-11537
-11613
-11724
-11829
-11922
-12073
-12197
-12308
-12415
-12583
-12749
-12859
-12970
-13146
-13298
-13438
-13590
-13709
-13865
-13999
-14096
-14155
-14205
-14279
-14388
-14455
-14539
-14646
-14731
-14829
-14920
-14995
-15033
-15071
-15138
-15157
-15209
-15256
-15336
-15376
-15380
-15378
-15401
-15390
-15348
-15369
-15420
-15424
-15357
-15256
-15617
-15052
-14997
-14936
-14865
-14806
-14747
-14632
-14529
-14451
-14319
-14207
-14086
-14002
-13936
-13834
-13743
-14168
-13613
-13516
-13434
-13346
-13283
-13218
-13140
-13065
-13016
-12978
-12913
-12812
-12735
-12716
-12665
-12619
-12586
-12558
-12485
-12399
-12310
-12264
-12239
-12224
-12203
-12174
-12113
-12077
-12090
-12119
-12102
-12060
-12033
-12018
-11993
-11953
-11901
-11867
-11840
-11813
-11794
-11800
-11810
-11749
-11705
-11680
-11647
-11619
-11626
-11640
-11621
-11541
-11472
-11436
-11397
-11361
-11327
-11285
-11252
-11231
-11218
-11207
-11168
-11113
-11090
-11090
-11102
-11079
-11010
-10981
-10966
-10960
-10953
-10960
-10924
-10936
-10947
-10966
-10951
-10899
-10875
-10897
-10867
-10840
-10844
-10865
-10848
-10846
-10834
-10840
-10827
-10812
-10792
-10796
-10794
-10808
-10827
-10794
-10802
-10808
-10773
-10722
-10684
-10634
-10604
-10617
-10655
-10630
-10575
-10481
-10432
-10411
-10375
-10369
-10336
-10745
-10195
-10147
-10130
-10090
-10067
-10029
-9953
-9863
-9796
-9735
-9691
-9628
-9560
-9472
-9373
-9308
-9264
-9205
-9107
-8976
-8850
-8796
-8743
-8695
-8676
-8598
-8487
-8378
-8266
-8161
-8056
-7995
-7983
-7926
-7794
-7686
-7571
-7432
-7302
-7178
-7084
-7006
-6884
-6771
-6657
-6535
-6466
-6380
-6312
-6262
-6195
-6107
-6052
-5934
-5865
-5376
-5888
-5844
-5787
-5741
-5695
-5699
-5703
-5712
-5688
-5617
-5567
-5560
-5544
-5548
-5558
-5510
-5445
-5443
-5462
-5466
-5466
-5451
-5378
-5292
-5249
-5218
-5178
-5157
-5102
-5056
-5037
-5018
-4985
-4966
-4949
-4926
-4909
-4915
-4899
-4859
-4852
-4867
-4903
-4934
-4945
-4968
-4983
-5008
-4989
-4939
-4928
-4951
-4964
-4922
-4949
-4939
-5369
-4867
-4825
-4787
-4737
-4689
-4661
-4619
-4562
-4544
-4527
-4455
-4403
-4340
-4270
-4254
-4243
-4189
-4159
-4134
-4119
-4073
-4048
-3997
-4000
-4010
-3980
-3989
-3985
-4042
-4081
-4065
-4071
-4130
-4203
-4212
-4243
-4289
-4333
-4363
-3911
-4476
-4583
-4623
-4640
-4699
-4760
-4779
-4840
-4901
-4972
-5060
-5138
-5170
-5178
-5250
-5304
-5312
-5323
-5329
-5340
-5352
-5327
-5292
-5291
-5239
-5210
-5186
-5182
-5167
-5178
-5163
-5115
-5079
-5042
-5023
-4983
-4903
-4817
-4773
-4750
-4688
-4636
-4583
-4520
-4464
-4417
-4329
-4230
-4151
-4090
-4065
-4041
-4006
-3945
-3905
-3850
-3806
-3810
-3852
-3888
-3884
-3897
-3943
-3978
-4027
-4048
-4088
-4178
-4289
-4357
-4386
-4426
-4438
-4485
-4544
-4634
-4709
-4771
-4857
-4917
-5010
-5111
-5210
-5302
-5342
-5397
-5476
-5571
-5647
-5735
-5750
-5808
-5917
-6039
-6134
-6188
-6245
-6306
-6325
-6325
-6344
-6352
-6363
-6367
-6428
-6462
-6457
-6441
-6390
-6375
-6369
-6317
-6210
-6167
-6117
-6060
-5991
-5907
-5836
-5773
-5709
-5657
-5554
-5445
-5348
-5249
-5159
-5067
-4932
-4791
-4670
-4546
-4441
-4329
-4254
-4193
-4104
-3968
-3875
-3739
-3604
-3529
-3394
-3292
-3245
-3180
-3065
-3401
-2775
-2661
-2542
-2932
-2319
-2207
-2134
-2021
-1903
-1789
-1684
-1594
-1525
-1420
-1336
-1264
-1151
-1016
-945
-873
-823
-812
-798
-756
-701
-726
-764
-771
-741
-718
-766
-834
-867
-873
-884
-922
-966
-1014
-1083
-1130
-1178
-1300
-1441
-1506
-1596
-1686
-1800
-1911
-2031
-2168
-2300
-2413
-2548
-2668
-2760
-2882
-2981
-3067
-3214
-3310
-3394
-3487
-3544
-3625
-3733
-3836
-3896
-3981
-4083
-4147
-4226
-4310
-4386
-4405
-4441
-4512
-4586
-4651
-4691
-4667
-4647
-4644
-4642
-4642
-4676
-4649
-4607
-4539
-4474
-4882
-4308
-4222
-4147
-4039
-4378
-3743
-3655
-3588
-3495
-3892
-3249
-3077
-2934
-2810
-2699
-2573
-2409
-2281
-2126
-2006
-1894
-1714
-1531
-1399
-1273
-1168
-1012
-800
-665
-506
-359
-249
-136
-42
91
269
419
538
646
748
851
956
1015
1087
1190
1314
1427
1524
1612
1667
1713
1761
1774
1795
1828
1889
1465
2024
2055
2049
2009
1973
1963
1925
1923
1870
1761
1679
1604
1477
1349
1154
1431
730
444
202
66
-224
-567
-920
-1174
-1002
-1716
-2102
-1983
-2735
-3073
-3384
-3709
-3947
-4186
-4447
-4642
-4836
-5155
-5436
-5705
-5396
-6084
-6275
-6418
-6468
-6550
-6592
-6621
-6663
-6722
-6697
-6663
-6670
-6558
-6418
-6369
-6271
-6065
-5936
-5773
-5584
-5424
-5237
-4926
-4695
-4541
-4348
-4159
-3947
-3781
-3691
-3483
-3270
-3132
-2997
-2861
-2791
-2810
-2693
-2562
-2487
-2415
-2306
-2315
-2331
-2361
-2352
-1960
-2518
-2583
-2686
-2762
-2880
-3054
-3142
-3256
-3401
-3594
-3827
-3928
-4100
-4250
-3928
-4546
-4672
-4722
-4418
-5117
-5228
-4924
-5594
-5854
-5966
-6115
-6252
-6396
-6542
-6571
-6626
-6701
-6760
-6787
-6829
-6798
-6766
-6741
-6644
-6565
-6518
-6457
-6392
-6264
-6149
-6069
-5966
-5848
-5750
-5649
-5472
-5428
-5275
-5113
-5008
-4844
-4680
-4468
-4380
-4201
-4067
-3894
-3735
-3632
-3441
-3285
-3233
-3205
-3098
-3042
-3002
-3016
-3033
-3088
-3115
-3134
-3184
-3329
-2938
-3529
-3686
-3775
-3901
-4060
-4146
-4271
-3911
-4563
-4657
-4783
-5000
-5165
-5325
-5449
-5565
-5705
-5915
-6044
-6170
-6394
-6539
-6609
-6787
-6964
-7052
-7165
-6857
-7499
-7703
-7909
-8058
-8180
-8409
-8634
-8785
-8955
-9065
-9226
-9312
-9434
-9550
-9689
-9743
-9779
-9859
-9920
-10000
-10098
-10180
-10252
-10325
-10422
-10537
-10607
-10689
-10844
-10966
-11029
-11207
-11373
-11420
-11546
-11659
-11812
-11909
-12071
-12191
-12300
-12443
-12607
-12670
-12785
-12970
-13105
-13258
-13313
-13447
-13504
-13619
-13779
-13838
-13941
-14027
-14054
-14195
-14308
-14348
-14365
-14434
-14480
-14422
-14502
-14539
-14588
-14560
-14518
-14523
-14525
-14466
-14455
-14422
-14409
-14363
-14304
-14342
-14348
-14292
-14365
-14401
-14460
-14550
-14571
-14172
-14739
-14800
-14884
-14966
-15069
-15180
-15266
-15348
-15371
-15506
-15600
-15720
-15852
-15939
-16054
-16170
-16333
-16455
-16544
-16632
-16789
-16938
-17010
-16653
-17281
-17382
-17451
-17575
-17733
-17861
-17941
-18025
-17598
-18180
-18306
-18397
-18401
-18432
-18518
-18626
-18701
-18678
-18665
-18699
-18722
-18760
-18808
-18806
-18846
-18911
-18943
-18915
-18882
-18896
-18968
-18978
-18949
-18938
-18999
-18974
-18947
-18960
-18949
-18911
-18867
-18857
-18855
-18840
-18821
-18796
-18800
-18754
-18771
-18760
-18812
-18794
-18798
-18798
-18819
-18813
-18907
-18917
-18959
-18951
-19042
-19081
-19071
-19176
-19239
-19323
-19352
-19344
-19453
-19518
-19569
-19626
-19720
-19861
-19888
-19945
-20094
-20195
-20243
-20304
-20420
-20035
-20653
-20762
-20886
-20943
-21008
-21136
-21228
-21264
-21319
-21430
-21554
-21647
-21808
-21852
-21947
-22079
-22151
-22264
-22342
-22457
-22569
-22701
-22760
-22892
-22478
-23077
-23212
-23323
-23424
-23560
-23680
-23825
-23922
-24067
-24228
-24363
-24487
-24634
-24754
-24903
-25073
-25203
-25291
-25361
-25470
-25548
-25617
-25697
-25758
-25846
-25848
-25842
-25878
-25813
-25798
-25766
-25663
-25596
-25634
-25602
-25556
-25487
-25485
-25474
-25470
-25518
-25575
-25653
-25758
-25865
-26002
-26105
-26292
-26428
-26552
-26707
-26949
-27065
-27176
-27289
-27447
-27661
-27756
-27764
-27802
-27791
-27804
-27894
-28021
-28153
-28252
-28283
-28271
-28220
-28073
-27930
-27707
-27424
-27212
-27004
-26857
-26659
-26502
-26319
-26147
-26029
-26363
-25770
-25716
-25634
-25506
-25884
-25336
-25373
-25411
-25451
-25424
-25478
-25518
-25556
-25520
-25472
-25474
-25495
-25542
-25653
-25651
-25632
-25682
-25668
-25625
-25623
-25514
-25434
-25420
-25354
-25285
-25207
-25084
-25029
-24934
-24831
