-1760
-1789
-1896
-2042
-2050
-2104
-2239
-2375
-2506
-2649
-2800
-2983
-3203
-3361
-3649
-3817
-4050
-4233
-4350
-4571
-4779
-4972
-5119
-5243
-5420
-5579
-5623
-5787
-5882
-5991
-6048
-6063
-6020
-5962
-5955
-5905
-5833
-5825
-5716
-5535
-5439
-5336
-5230
-5073
-5359
-4728
-4573
-4417
-4310
-4138
-3842
-3651
-3460
-3262
-3058
-2848
-2739
-2563
-2390
-2264
-2161
-2067
-2031
-2033
-2438
-1926
-1953
-2006
-1985
-2058
-2117
-2172
-2266
-2336
-2403
-2426
-1964
-2527
-2575
-2592
-2752
-2760
-2764
-2821
-2844
-2846
-2834
-2844
-2802
-2750
-2768
-2829
-2871
-2833
-2752
-2718
-2676
-2592
-2584
-2541
-2487
-2464
-1959
-2460
-2930
-2390
-2426
-2422
-2424
-2413
-2417
-2420
-2384
-2333
-2338
-2340
-2333
-2344
-2317
-2323
-2327
-2333
-2361
-2405
-2392
-2390
-2508
-2499
-2499
-2491
-2499
-2499
-2554
-2579
-2552
-2514
-2518
-2577
-2640
-2705
-2724
-2722
-2712
-2691
-2701
-2750
-2777
-2789
-2815
-2869
-2951
-3054
-3027
-2957
-2968
-3002
-3132
-3226
-3235
-3239
-3296
-3384
-3443
-3487
-3539
-3619
-3684
-3781
-3890
-3980
-4029
-4092
-4165
-4224
-4275
-4275
-4300
-4378
-4478
-4525
-4567
-4581
-4583
-4604
-4596
-4625
-4689
-4688
-4686
-4701
-4665
-4638
-4646
-4636
-4630
-4607
-4611
-4626
-4632
-4613
-4575
-4560
-4588
-4619
-4613
-4600
-4611
-4646
-4647
-4657
-4655
-4665
-4684
-4691
-4726
-4733
-4714
-4735
-4752
-4749
-4741
-4747
-4718
-4716
-4812
-4903
-4922
-4915
-4930
-4959
-4964
-4987
-5025
-5065
-5107
-5193
-5249
-5264
-5260
-5245
-5258
-5304
-5327
-5373
-5487
-5546
-5548
-5567
-5600
-5668
-5691
-5705
-5722
-5720
-5737
-5750
-5735
-5716
-5668
-5638
-5668
-5693
-5672
-5649
-5611
-5609
-5562
-5476
-5378
-5312
-5273
-5233
-5199
-5159
-5138
-5144
-5167
-5149
-5134
-5132
-5128
-5132
-5161
-5195
-5226
-5239
-5241
-5292
-5371
-5430
-5489
-5542
-5628
-5705
-5764
-5394
-6044
-6176
-6264
-6384
-6523
-6623
-6781
-6918
-7056
-7214
-7378
-7552
-7752
-7897
-8046
-8201
-8373
-8594
-8791
-8957
-9170
-9405
-9623
-9859
-10060
-10249
-10447
-10615
-10815
-11018
-11167
-11397
-11667
-11880
-12113
-12323
-12476
-12621
-12815
-13000
-13233
-13476
-13630
-13829
-14023
-14163
-14371
-14541
-14720
-14867
-15027
-14672
-15271
-15378
-15462
-15590
-15701
-15804
-15928
-16020
-16094
-16168
-16197
-16249
-16323
-16355
-16424
-16460
-16495
-16495
-16474
-16464
-16457
-16506
-16506
-16476
-16420
-16367
-16350
-16317
-16287
-16254
-16237
-16172
-16607
-16092
-16042
-16012
-15987
-15922
-15844
-15783
-15703
-15674
-15672
-15619
-15539
-15497
-15455
-15386
-15289
-15191
-15121
-15063
-15002
-14951
-14867
-14810
-14758
-14691
-15144
-14630
-14560
-14468
-14407
-14357
-14319
-14300
-14287
-14275
-14222
-14146
-14109
-14107
-14107
-14134
-13688
-14228
-14216
-14191
-14233
-14273
-14323
-14373
-14411
-14474
-14542
-14615
-14710
-14800
-14892
-14993
-15056
-15117
-15180
-15275
-15418
-15556
-15651
-15768
-15884
-15947
-16050
-16159
-16268
-16375
-16491
-16600
-16750
-16871
-16959
-16626
-17287
-17401
-17502
-17586
-17668
-17827
-17949
-18021
-18096
-18193
-18333
-18428
-18510
-18621
-18710
-18770
-18855
-18953
-19035
-19142
-19252
-19315
-19365
-19399
-19443
-19056
-19602
-19640
-19707
-19749
-19789
-19833
-19855
-19903
-19960
-20008
-20044
-20044
-20018
-20018
-20035
-20060
-20119
-20138
-20140
-20140
-20142
-20168
-20157
-20147
-20165
-20128
-20121
-20109
-20079
-20084
-20073
-20041
-20004
-19983
-19943
-19918
-19882
-19842
-19800
-19766
-19739
-19718
-19710
-19663
-19640
-19613
-19581
-19565
-19569
-19550
-19100
-19630
-19626
-19619
-19689
-19718
-19720
-19775
-19829
-19884
-19966
-19556
-20119
-20191
-20319
-20394
-20443
-20033
-20600
-20670
-20743
-20840
-20959
-21073
-21136
-21247
-21338
-21426
-21535
-21628
-21716
-21867
-21962
-22075
-22178
-22287
-22415
-22512
-22604
-22693
-22819
-22918
-23012
-23132
-23233
-23357
-23504
-23626
-23775
-23876
-23928
-24033
-24174
-24289
-24399
-24445
-24500
-24581
-24638
-24709
-24787
-24865
-24434
-25002
-25073
-25119
-25149
-25186
-25260
-25319
-25334
-24918
-25474
-25504
-25541
-25537
-25537
-25544
-25548
-25544
-25562
-25596
-25586
-25552
-25552
-25579
-25625
-25617
-25602
-25567
-25541
-25510
-25521
-25541
-25552
-25558
-25556
-25504
-25480
-25464
-25436
-25453
-25462
-25455
-25424
-25403
-25403
-25397
-25361
-25292
-25245
-25258
-25216
-25167
-25170
-25167
-25134
-25107
-25107
-25102
-25073
-25029
-24985
-24951
-24924
-24909
-24917
-24913
-24915
-24884
-24838
-24838
-24838
-24802
-24775
-24779
-24785
-24794
-24812
-24804
-24791
-24791
-24838
-24890
-24928
-24951
-25000
-25050
-25123
-25176
-25191
-25216
-25281
-25363
-25441
-25514
-25588
-25609
-25621
-25691
-25777
-25831
-25886
-25943
-26020
-26107
-26180
-26188
-26212
-26260
-26331
-26430
-26483
-26525
-26579
-26649
-26718
-26771
-26773
-26813
-26892
-26945
-26999
-27065
-27142
-27207
-27231
-27252
-27270
-27315
-26876
-27422
-27500
-27552
-27571
-27640
-27716
-27796
-27857
-27880
-27928
-27947
-27980
-28044
-28088
-28104
-28115
-28157
-28199
-28249
-28292
-28321
-28300
-28287
-28291
-28308
-28348
-28361
-28401
-28386
-28376
-28340
-28344
-28344
-28357
-28392
-28441
-28447
-28422
-28413
-28384
-28365
-28363
-28382
-28415
-28422
-28388
-28378
-28378
-28344
-28319
-28317
-28327
-28302
-28235
-28216
-28226
-28224
-28159
-28084
-28029
-28000
-27951
-27894
-27829
-27789
-27743
-27701
-27668
-27617
-27544
-27510
-27480
-27470
-27428
-27401
-27382
-27319
-27300
-27281
-27252
-27281
-27271
-27254
-27245
-27247
-27220
-27161
-27149
-27155
-27184
-27226
-27205
-27191
-27218
-27193
-27180
-27231
-27243
-27254
-27254
-27268
-27279
-27313
-27342
-27357
-27375
-27384
-27390
-27390
-27426
-27489
-27527
-27563
-27527
-27504
-27500
-27575
-27636
-27686
-27726
-27724
-27724
-27693
-27680
-27709
-27730
-27724
-27752
-27735
-27678
-27636
-27628
-27621
-27638
-27661
-27674
-27634
-27571
-27529
-27520
-27481
-27439
-27403
-27365
-27378
-27367
-27300
-27250
-27188
-27083
-27044
-27088
-27105
-27069
-26985
-26960
-26932
-26932
-26939
-26978
-26966
-26928
-26928
-26934
-26945
-26917
-26897
-26920
-26962
-26993
-26981
-26987
-27033
-27069
-27126
-27159
-27157
-27168
-27245
-27275
-27273
-27319
-27336
-26880
-27401
-27401
-27439
-27453
-27489
-27569
-27634
-27663
-27693
-27750
-27808
-27846
-27894
-27918
-27922
-27959
-28008
-28077
-28105
-28111
-28167
-28224
-28260
-28260
-28289
-28302
-28300
-28312
-28334
-28346
-28373
-28394
-28420
-28451
-28464
-28499
-28514
-28539
-28590
-28623
-28657
-28667
-28665
-28676
-28691
-28705
-28722
-28739
-28764
-28737
-28705
-28672
-28665
-28695
-28739
-28743
-28709
-28642
-28609
-28596
-28619
-28632
-28615
-28563
-28558
-28554
-28525
-28523
-28518
-28518
-28504
-28480
-28474
-28464
-28474
-28514
-28546
-28562
-28575
-28552
-28487
-28464
-28459
-28483
-28499
-28493
-28527
-28512
-28504
-28485
-28449
-28447
-28449
-28439
-28430
-28434
-28432
-28434
-28430
-28415
-28396
-28371
-28350
-28329
-28323
-28336
-28352
-28340
-28304
-28304
-28283
-28258
-28222
-28214
-28224
-28228
-28214
-28222
-28207
-28191
-28170
-28140
-28117
-28107
-28105
-28100
-28098
-28104
-28041
-28031
-28018
-27993
-27957
-27943
-27928
-27888
-27863
-27834
-27808
-27773
-27728
-27749
-27760
-27720
-27657
-27621
-27602
-27619
-27588
-27525
-27510
-27514
-27516
-27489
-27480
-27506
-27506
-27485
-27428
-27388
-27405
-27396
-27371
-27313
-27285
-27283
-27302
-27262
-27201
-27172
-27172
-27205
-27195
-27157
-27149
-27147
-27126
-27102
-27083
-27067
-27058
-27035
-27006
-26987
-26964
-26926
-26901
-26892
-26855
-26840
-26810
-26779
-26760
-26808
-26827
-26842
-26831
-26846
-26859
-26855
-26867
-26886
-26924
-26978
-27033
-27065
-27092
-27224
-27283
-26878
-27485
-27520
-27571
-27542
-27596
-27607
-27651
-27634
-27592
-27516
-27451
-27470
-27483
-27413
-27304
-27260
-27151
-27058
-27041
-26928
-26813
-26657
-26590
-26563
-26495
-26399
-26271
-26125
-25989
-25899
-25770
-25581
-25489
-25325
-25138
-24960
-24869
-24695
-24531
-24363
-24224
-24056
-23917
-23771
-23609
-23491
-23359
-23247
-23125
-23447
-22848
-22771
-22632
-22544
-22441
-22352
-22241
-22100
-21951
-21876
-21859
-21749
-21640
-21634
-21575
-21472
-21334
-21243
-21216
-21176
-21084
-21031
-21065
-20968
-20880
-20878
-20869
-20911
-20892
-20875
-20894
-20913
-20896
-20918
-20964
-21002
-21008
-21025
-21029
-21063
-21104
-21083
-21069
-21067
-21050
-21027
-21004
-20926
-20792
-20693
-20640
-20556
-20312
-20130
-19821
-19611
-19411
-19188
-19004
-18754
-19046
-18281
-18550
-17928
-17770
-17642
-17497
-17388
-17287
-17214
-17144
-17102
-17029
-17004
-16924
-16878
-16798
-16716
-16546
-16436
-16352
-16209
-16058
-15978
-15878
-15810
-15777
-15686
-15670
-15728
-15794
-15922
-16012
-16092
-16207
-16468
-16602
-16716
-16964
-17189
-17376
-17583
-17710
-17949
-18170
-18329
-18476
-18665
-18846
-18978
-19147
-19271
-19388
-19451
-19451
-19426
-19460
-19418
-19333
-19298
-19212
-19117
-19000
-18833
-18663
-18518
-18333
-18142
-17909
-17676
-17466
-17281
-17016
-16833
-16657
-16500
-16199
-15997
-15806
-15560
-15334
-15000
-14800
-14573
-14239
-14004
-13743
-13432
-13207
-13052
-12823
-12613
-12422
-12271
-12180
-12006
-11924
-11827
-11813
-11768
-11737
-11739
-11730
-11678
-11707
-11731
-11754
-11848
-11926
-12016
-12125
-12256
-12409
-12569
-12775
-13052
-13388
-13625
-13762
-13989
-14302
-14632
-14871
-14676
-15462
-15718
-15983
-16226
-16468
-16638
-16827
-17008
-17079
-17170
-17266
-17281
-17319
-17342
-17348
-17302
-17285
-17279
-17214
-17079
-16917
-16720
-16562
-16327
-16018
-15655
-15346
-15035
-15132
-14268
-13825
-13462
-13090
-13153
-12684
-11800
-11472
-11096
-11180
-10361
-9905
-9554
-9209
-8815
-8443
-8123
-7754
-7443
-7193
-6947
-6737
-6533
-6300
-6128
-6065
-6023
-5899
-5848
-5867
-5804
-5764
-5733
-5791
-5917
-6037
-6107
-6163
-6270
-6430
-6611
-6800
-6966
-7126
-7325
-7626
-7884
-8104
-8279
-8636
-8918
-9149
-9459
-9302
-10056
-10382
-10703
-10966
-11325
-11621
-11999
-12323
-12621
-12886
-13134
-13375
-13661
-13939
-14115
-14302
-14520
-14180
-14817
-14941
-14970
-15058
-15132
-14665
-15226
-15209
-15163
-15067
-14951
-14882
-14722
-14497
-14342
-14176
-14033
-13771
-13497
-13279
-13010
-12731
-12417
-12100
-11802
-11468
-11180
-10854
-10495
-10172
-9955
-9686
-9348
-9062
-8834
-8634
-8476
-8212
-7978
-7754
-7600
-7407
-7304
-7104
-7020
-6901
-6749
-6705
-6653
-6592
-6554
-6586
-6577
-6577
-6596
-6567
-6600
-6697
-6714
-6785
-6947
-7033
-7105
-7203
-7262
-7317
-7373
-7500
-7575
-7588
-7693
-7766
-7331
-7913
-7985
-8018
-8033
-8039
-8058
-8006
-7991
-8042
-8065
-8060
-7972
-7934
-7924
-7886
-7894
-7875
-7794
-7762
-7770
-7684
-7600
-7607
-7537
-7438
-7375
-7281
-7144
-7050
-6989
-6932
-6819
-6741
-6659
-6573
-6539
-6481
-6384
-6344
-6292
-6271
-6168
-6098
-6138
-6146
-6180
-6157
-6243
-6346
-6380
-6434
-6531
-6710
-6808
-6907
-6989
-7088
-7233
-7338
-7468
-7556
-7676
-7752
-7831
-7886
-7938
-8020
-8065
-8123
-8151
-8146
-8134
-8107
-8060
-8025
-7926
-8298
-7764
-7684
-7615
-7453
-7392
-7340
-7281
-7210
-7132
-7126
-7081
-7063
-7155
-7209
-7239
-7365
-7418
-7489
-7655
-7754
-7838
-7941
-8151
-8380
-8571
-8720
-8926
-9088
-9275
-9441
-9613
-9292
-9894
-10060
-10226
-10333
-10430
-10562
