-29661
-29747
-29812
-29918
-30083
-30132
-30249
-30384
-30397
-30443
-30502
-30731
-30905
-30995
-31151
-30791
-31340
-31436
-31422
-31516
-31485
-31373
-31329
-31285
-31237
-31239
-31195
-31142
-31197
-31163
-31191
-31230
-31180
-31207
-31165
-31199
-31168
-31054
-30943
-30876
-30850
-30712
-30621
-30546
-30502
-30466
-30451
-30407
-30432
-30449
-30489
-30577
-30670
-30741
-30880
-31033
-31237
-31338
-31443
-31569
-31285
-31939
-32094
-32350
-32550
-32773
-32920
-33063
-32750
-33447
-33626
-33775
-33926
-33892
-33960
-33959
-34014
-33909
-33768
-33655
-33512
-33317
-33126
-33002
-33222
-32523
-32424
-32216
-32023
-31880
-31651
-31472
-31321
-31134
-30957
-30810
-30619
-30481
-30382
-30319
-30220
-30168
-30163
-30241
-30350
-30466
-30537
-30649
-30315
-31004
-31104
-31258
-31420
-31592
-31668
-31285
-31857
-31838
-31855
-31911
-31917
-31829
-31783
-31689
-31626
-31588
-31481
-31413
-31329
-31207
-31077
-30899
-30659
-30310
-30031
-29747
-29426
-29228
-29012
-29287
-28693
-28621
-28579
-28476
-28418
-28455
-28491
-28541
-28604
-28686
-28737
-28798
-28938
-29002
-29138
-29270
-29378
-29403
-29403
-29478
-29533
-29611
-29617
-29562
-29495
-29472
-29487
-29428
-29384
-29287
-29239
-29167
-29065
-28932
-28859
-28764
-28655
-28546
-28434
-28348
-28239
-28165
-28090
-28094
-28023
-27928
-27911
-27936
-27924
-27857
-27770
-27754
-27710
-27579
-27510
-27422
-27378
-27338
-27266
-27203
-27216
-27201
-27214
-27210
-27275
-27304
-26873
-27411
-27399
-27430
-27527
-27520
-27539
-27613
-27644
-27586
-27508
-27483
-27457
-27375
-27317
-27191
-27149
-27071
-27035
-26985
-26997
-26974
-26903
-26941
-26894
-26834
-26859
-26890
-26880
-26943
-26974
-27039
-27117
-27155
-27184
-27224
-27287
-27342
-27376
-27417
-27422
-27401
-27338
-27285
-27201
-27113
-27081
-27021
-27021
-27067
-27079
-27100
-27180
-27231
-27291
-27428
-27646
-27378
-28021
-28121
-28197
-28243
-28277
-28281
-28151
-28056
-27932
-27733
-27554
-27378
-27243
-27216
-27128
-26951
-26861
-26789
-26649
-26588
-26514
-26871
-26163
-26355
-25646
-25873
-25180
-25008
-24800
-24613
-24518
-24518
-24502
-24447
-24371
-24289
-24273
-24273
-24218
-24212
-24222
-24228
-24193
-24203
-24128
-24062
-24018
-24035
-23970
-23926
-23918
-23892
-23896
-23833
-23760
-23693
-23697
-23680
-23676
-23691
-23707
-23718
-23672
-23617
-23667
-23726
-23653
-23628
-23649
-23699
-23783
-23968
-24084
-24247
-24338
-24384
-24426
-24396
-24386
-24321
-24262
-24197
-24115
-24052
-24004
-23894
-23749
-23581
-23938
-23388
-23313
-23195
-23132
-23084
-23079
-23102
-23163
-23180
-23157
-23109
-23167
-23119
-22993
-22873
-22766
-22663
-22491
-22331
-22214
-22149
-22151
-22115
-22027
-21983
-22014
-22021
-22016
-21896
-21846
-21808
-21785
-21741
-21668
-21661
-21655
-21714
-21728
-21813
-21878
-21878
-21978
-22004
-22121
-22203
-22252
-22300
-22394
-21991
-22531
-22548
-22554
-22512
-22504
-22489
-22459
-22340
-22260
