-22844
-22926
-22987
-23010
-22945
-22983
-23058
-23155
-23264
-23291
-23394
-23556
-23680
-23789
-23882
-23815
-23794
-23813
-23825
-23453
-23859
-23336
-23105
-23376
-23512
-24560
-26102
-26510
-27750
-28230
-28409
-28191
-27695
-26947
-25926
-25247
-23655
-22523
-21573
-20897
-20113
-19960
-18869
-18462
-18081
-17670
-17342
-17268
-17584
-16848
-16625
-16508
-16523
-16581
-16684
-16901
-17233
-17575
-17972
-18304
-18689
-19144
-19510
-19918
-20264
-20067
-20880
-21168
-21474
-21735
-22029
-22243
-22390
-22647
-22846
-23031
-23271
-23445
-23651
-23804
-24073
-24350
-24584
-24731
-24882
-25098
-25350
-25499
-25644
-25758
-25813
-25859
-25949
-26021
-26060
-26163
-26291
-25934
-26552
-26710
-26823
-26915
-27048
-27195
-27344
-27459
-27577
-27699
-27703
-27756
-27674
-27646
-27625
-27604
-27541
-27478
-27365
-27195
-27104
-27102
-26999
-26947
-26894
-26812
-26710
-26640
-26499
-26432
-26348
-26308
-26218
-26147
-26094
-26029
-26031
-25959
-25911
-25857
-25909
-25960
-25993
-26104
-26136
-26209
-26224
-26298
-26361
-26869
-26413
-26409
-26401
-26459
-26415
-26359
-26325
-26275
-26218
-26098
-25932
-25808
-25680
-25512
-25308
-25123
-24953
-24813
-24644
-24449
-24231
-24090
-23823
-23716
-23628
-23596
-23459
-23420
-23369
-23354
-23313
-23302
-23291
-23237
-23275
-23334
-23340
-23394
-23390
-23352
-23334
-23329
-23340
-23365
-23403
-23424
-22972
-23552
-23667
-23731
-23775
-23863
-23882
-24048
-24201
-24250
-24390
-24529
-24653
-24766
-24459
-25126
-25268
-25397
-25577
-25789
-25890
-25980
-26121
-26294
-26499
-26653
-26823
-27172
-27489
-27688
-27407
-28186
-28411
-28558
-28771
-28924
-29042
-29125
-29157
-29174
-29186
-29256
-29413
-29483
-29502
-29548
-29611
-29663
-29798
-29934
-30067
-30216
-30281
-30403
-30495
-30571
-30565
-30663
-30770
-31268
-30810
-30939
-31050
-31081
-31094
-31147
-31224
-31245
-31334
-31417
-31447
-31472
-31512
-31590
-31731
-31792
-31894
-31989
-32050
-32062
-32071
-32153
-32224
-32350
-32413
-32552
-32733
-32821
-33004
-33142
-33292
-33472
-33657
-33878
-34096
-34294
-34491
-34665
-34792
-34970
-35165
-35241
-35354
-35403
-35460
-35514
-35533
-35539
-35506
-35541
-35636
-35594
-35558
-35630
-35701
-35705
-35844
-35997
-36039
-35993
-35955
-35861
-35812
-35709
-35682
-35625
-35527
-35493
-35489
-35445
-35392
-35417
-35483
-35563
-35642
-35798
-35926
-36119
-36291
-36443
-36592
-36728
-36911
-37079
-37260
-37312
-37386
-37520
-37604
-37630
-37584
-37544
-37487
-37422
-37336
-37214
-37617
-37079
-36876
-36770
-36667
-36546
-36424
-36338
-36184
-36046
-35924
-35771
-35668
-35586
-35480
-35447
-35438
-35346
-35319
-35310
-35373
-35342
-35348
-35376
-35386
-35413
-35447
-35455
-35504
-35550
-35459
-35409
-35376
-35394
-35415
-35382
-35359
-35357
-35365
-35407
-35459
-35443
-35483
-35581
-35600
-35583
-35604
-35583
-35546
-35569
-35619
-35583
-35500
-35459
-35418
-35355
-35245
-35140
-35050
-34911
-34791
-34661
