-33418
-33394
-33430
-33418
-33420
-33378
-33317
-33237
-33207
-33191
-33130
-33094
-33014
-32974
-32915
-32880
-32831
-32812
-32779
-32810
-32833
-32863
-32876
-32886
-32957
-33033
-33054
-33062
-33046
-33149
-33163
-33176
-33176
-33167
-33167
-33203
-33281
-33266
-33260
-33359
-33403
-33447
-33480
-33592
-33693
-33815
-33836
-33829
-33920
-33863
-33831
-33842
-34197
-33661
-33560
-33420
-33306
-33176
-33042
-32905
-32653
-32455
-32287
-32073
-31894
-32218
-31563
-31340
-31168
-31046
-30886
-30714
-30602
-30426
-30334
-30764
-30199
-30062
-29974
-30002
-29997
-30000
-29964
-29959
-30006
-30031
-30121
-30178
-29806
-30352
-30401
-30493
-30491
-30586
-30636
-30588
-30619
-30569
-30562
-30521
-30556
-30535
-30521
-30497
-30502
-30577
-30565
-30502
-30504
-30470
-30453
-30371
-30268
-30235
-30138
-30031
-29981
-29842
-29726
-29623
-29541
-29439
-29346
-29256
-29199
-29086
-29018
-29014
-28966
-28928
-28918
-28915
-28892
-28913
-28943
-28934
-28907
-28905
-28974
-29021
-29033
-29027
-29042
-29014
-28993
-29044
-28987
-28974
-28934
-28880
-28873
-28869
-28720
-28609
-28554
-28562
-28516
-28411
-28300
-28277
-28182
-28136
-28100
-27981
-27917
-27915
-27802
-27745
-27621
-27527
-27466
-27371
-27333
-27289
-27199
-27165
-27104
-26943
-26821
-26712
-26502
-26863
-26247
-26111
-25939
-25865
-25722
-25640
-25542
-25499
-25447
-25415
-25428
-25394
-25348
-25294
-25310
-25268
-25275
-25312
-25285
-25271
-25214
-25184
-25117
-25081
-25008
-25403
-24823
-24813
-24716
-24605
-24512
-24481
-24396
-24262
-24149
-24075
-24002
-23878
-23726
-23642
-23571
-23533
-23466
-23413
-23317
-23195
-23231
-23239
-23210
-23130
-22995
-22894
-22852
-22852
-22878
-22871
-22842
-22941
-22945
-22834
-22838
-22897
-23029
-23121
-23146
-23069
-23048
-23105
-23090
-23039
-22997
-23447
-22827
-22731
-22714
-22703
-22581
-22510
-22502
-22480
-22499
-22443
-22338
-22348
-22403
-22497
-22951
-22420
-22415
-22417
-22415
-22470
-22466
-22455
-22449
-22420
-22388
-22413
-22438
-22449
-22451
-22443
-22459
-22422
-22451
-22399
-22365
-22409
-22352
-22268
-22273
-22195
-22130
-22063
-21932
-21741
-21563
-21464
-21268
-21052
-20760
-21004
-20262
-20481
-19766
-19455
-19258
-18960
-18728
-18497
-18334
-18209
-18554
-17957
-17850
-17876
-17894
-17953
-17955
-18023
-18161
-18224
-18285
-18344
-18533
-18781
-18579
-19243
-19424
-19680
-20031
-20306
-20594
-20861
-21117
-21388
-21680
-21981
-22212
-22000
-22792
-22497
-23170
-23340
-23472
-23577
-23680
-23756
-23821
-23825
-23787
-23676
-23521
-23424
-23279
-23065
-22836
-22571
-22239
-21936
-21661
-21321
-20970
-20655
-20378
-20065
-19800
-19989
-19226
-18972
-19054
-18277
-18081
-17844
-17460
-17140
-16941
-16712
-16447
-16235
-15913
-15684
-15556
-15319
-15092
-14947
-14859
-14733
-14613
-14539
-14483
-14386
-14336
-14354
-14329
-14308
-14388
-14476
-14207
-14842
-14968
-15123
-15365
-15613
-15812
-16014
-16199
-16418
-16533
-16668
