-39180
-39147
-39102
-39029
-38938
-38869
-38817
-38768
-38680
-38609
-38558
-38478
-38399
-38292
-38237
-38184
-38584
-37959
-37859
-37796
-37745
-37712
-37638
-37537
-37434
-37355
-37289
-37207
-37094
-36949
-36857
-36771
-36720
-36682
-36617
-36541
-36460
-36399
-36338
-36249
-36195
-36140
-36090
-36027
-35909
-35855
-35829
-35800
-35768
-35750
-35705
-35756
-35783
-35764
-35730
-35714
-35728
-35739
-35798
-35836
-35854
-35899
-35943
-35987
-36054
-36075
-36121
-36189
-36243
-36294
-36378
-36418
-36432
-36447
-36478
-36491
-36489
-36491
-36418
-36342
-36277
-36235
-36203
-36165
-36083
-36016
-35978
-35932
-35873
-35829
-35741
-36149
-35604
-35558
-35542
-35504
-35462
-35415
-35300
-35186
-35130
-35052
-34985
-34917
-34827
-34716
-34640
-34550
-34439
-34315
-34212
-34083
-34025
-34018
-33999
-33905
-33831
-33749
-33699
-33653
-33626
-33588
-33562
-33537
-33470
-33409
-33378
-33392
-33390
-33365
-33334
-33296
-33262
-33235
-33701
-33161
-33136
-33121
-33077
-33031
-33006
-32991
-32993
-32981
-32930
-32897
-32876
-32863
-32863
-32890
-32926
-32953
-32970
-33000
-33037
-33020
-33016
-33031
-33035
-33077
-33098
-33102
-33142
-33174
-33189
-33207
-33249
-33268
-33270
-33279
-33264
-33245
-33252
-33258
-33231
-33258
-33292
-33306
-33285
-33226
-33203
-33207
-33212
-33212
-33153
-33107
-33065
-33023
-32995
-32949
-32901
-32857
-32771
-32724
-32703
-32691
-32693
-32661
-32581
-32512
-32480
-32508
-32533
-32523
-32474
-32447
-32434
-32392
-32384
-32426
-32481
-32497
-32487
-32478
-32466
-32495
-32510
-32508
-32499
-32483
-32481
-32521
-32539
-32520
-32472
-32411
-32397
-32415
-32418
-32378
-32313
-32270
-32230
-31758
-32271
-32268
-32277
-32273
-32218
-32195
-32184
-32205
-32237
-32270
-32281
-32279
-32287
-32292
-32323
-32333
-32308
-32296
-32287
-32283
-32327
-32388
-32443
-32462
-32455
-32459
-32468
-32457
-32491
-32537
-32617
-32695
-32250
-32762
-32791
-32833
-32882
-32911
-32903
-32920
-32962
-33006
-33023
-33033
-33039
-32995
-32980
-32978
-32943
-32897
-32850
-32810
-32749
-32709
-32623
-32518
-32451
-32376
-32298
-32210
-32146
-32033
-31913
-31777
-31672
-31605
-31541
-31441
-31336
-31237
-31136
-31025
-30943
-30812
-30697
-30584
-30483
-30384
-30302
-30218
-30105
-29978
-29855
-29779
-29686
-29569
-29459
-29376
-29279
-29176
-29004
-28861
-28789
-28718
-28649
-28615
-28573
-28487
-28354
-28275
-28245
-28222
-28201
-28172
-28136
-28155
-28178
-28165
-28123
-28086
-28044
-28023
-28006
-27959
-27938
-27939
-27924
-27899
-27876
-27850
-27840
-27819
-27775
-27749
-27764
-27762
-27787
-27819
-27873
-27896
-27934
-28000
-28031
-28079
-28121
-28125
-28136
-28111
-28084
-28067
-28062
-28065
-28071
-28002
-27951
-27924
-27871
-27810
-27773
-27712
-27632
-27573
-27512
-27455
-27417
-27403
-27363
-27321
-27287
-27252
-27167
-27102
-27079
-27077
-27063
-26999
-26907
-26873
-26834
-26817
-26747
-26647
-26554
-26459
-26354
-26264
-26218
-26182
-26136
-26048
-25959
-25873
-25850
-25804
-25791
-25810
-25779
-25735
-25701
-25623
-25586
-25621
-25691
-25733
-25766
-25768
-25735
-25733
-25777
-25831
-25861
-25878
-25905
-25957
-26058
-26142
-26205
-26262
-26331
-26422
-26550
-26636
-26731
-26833
-26922
-27073
-27193
-27249
-27310
-27346
-27394
-27459
-27535
-27577
-27640
-27693
-27714
-27768
-27783
-27806
-27815
-27838
-27840
-27771
-27731
-27728
-27680
-27531
-27397
-27334
-27292
-27168
-27077
-27050
-27014
-27042
-27084
-27170
-27300
-27436
-27697
-27838
-28006
-28170
-28304
-28462
-28615
-28764
-28911
-29021
-29094
-29090
-29149
-29151
-29144
-29144
-29130
-29046
-28972
-28951
-28808
-28657
-28502
-28348
-28140
-27899
-27670
-27504
-27834
-27249
-27178
-27046
-26922
-26918
-26899
-26838
-26846
-26850
-26810
-26781
-26850
-26917
-26989
-26989
-27027
-27052
-27092
-27092
-27042
-27077
-27031
-26918
-26852
-26791
-26762
-26625
-26497
-26428
-26275
-26081
-25938
-25798
-25600
-25884
-25254
-25207
-25142
-24976
-24817
-24787
-24861
-24936
-25403
-24911
-25020
-25121
-25170
-25176
-25260
-24926
-25516
-25562
-25602
-25676
-25745
-25771
-25743
-25794
-25787
-25716
-25602
-25447
-25313
-25119
-24995
-24959
-24897
-24859
-24871
-24978
-25067
-25153
-25340
-25537
-25747
-26018
-26352
-26653
-26997
-27258
-27470
-27787
-28090
-27875
-28529
-28688
-28869
-29029
-29157
-29159
-29132
