-22184
-22153
-22104
-22062
-22018
-21934
-21907
-21865
-21800
-21728
-21642
-21970
-21334
-21254
-21018
-20821
-20626
-20985
-20270
-20481
-19655
-19420
-19102
-18810
-18508
-18121
-17796
-17495
-17172
-16846
-16554
-16426
-16254
-16063
-15909
-15815
-15670
-16117
-15560
-15573
-15548
-15504
-15533
-15159
-15720
-15768
-15785
-15939
-16115
-16268
-16455
-16138
-16831
-17065
-17304
-17516
-17815
-18039
-18294
-18472
-18733
-19027
-19302
-19062
-19737
-19938
-20079
-20174
-20298
-20375
-20336
-20249
-20180
-20174
-20189
-20090
-19995
-19922
-19802
-19607
-19344
-19079
-18867
-18649
-18373
-18558
-17882
-17728
-17563
-17487
-17439
-17380
-17325
-17331
-17371
-17378
-17418
-17447
-17499
-17115
-17707
-17813
-17909
-18044
-18205
-18365
-18472
-18563
-18569
-18514
-18563
-18625
-18781
-18974
-19165
-19481
-19665
-19823
-19959
-20147
-20390
-20563
-20602
-20615
-20623
-20619
-20583
-20499
-20411
-20375
-20189
-20518
-19945
-19878
-19789
-19722
-19695
-19710
-19667
-19605
-19655
-19676
-19667
-19611
-19586
-19644
-19668
-19640
-19670
-19750
-19808
-19888
-20014
-20119
-20235
-20361
-20514
-20678
-20817
-21000
-21163
-21304
-21449
-21682
-21792
-21917
-22084
-22153
-22186
-22258
-22333
-22338
-22268
-22258
-22252
-22170
-22117
-22079
-22021
-21974
-21865
-21800
-21674
-21604
-21537
-21468
-21403
-21344
-21321
-21346
-21445
-21548
-21651
-21775
-21974
-22073
-22067
-22186
-22338
-22443
-22541
-22615
-22701
-22773
-22831
-22846
-22922
-22478
-23000
-23010
-23016
-23020
-22983
-22978
-22974
-23451
-22911
-22907
-22833
-22829
-22750
-22709
-22613
-22588
-22562
-22493
-22392
-22325
-22271
-22205
-22113
-22060
-22006
-21938
-21901
-21878
-21897
-21852
-21827
-21829
-21855
-21949
-21939
-21983
-22069
-22102
-22153
-22214
-22167
-22188
-22199
-22235
-22201
-22149
-22142
-22096
-22027
-21978
-21957
-21880
-21775
-21709
-21661
-21594
-21502
-21459
-21313
-21210
-21201
-21107
-21046
-20987
-20974
-20949
-20976
-21067
-21067
-21107
-21231
-21264
-21346
-21413
-21581
-21712
-21833
-21960
-22035
-22165
-22304
-22430
-22586
-22644
-22762
-22483
-23096
-23163
-23218
-23363
-23443
-23462
-23489
-23554
-23588
-23605
-23541
-23493
-23533
-23529
-23512
-23478
-23556
-23609
-23642
-23680
-23785
-23880
-23460
-24069
-24184
-24310
-24403
-24518
-24649
-24777
-24884
-24983
-25090
-25168
-25235
-25359
-25493
-25665
-25775
-25884
-26004
-26046
-26079
-26126
-26220
-26247
-26245
-26228
-26298
-26306
-26275
-26333
-26415
-26409
-26432
-26481
-26512
-26546
-26586
-26689
-26651
-26693
-26829
-26854
-26855
-26905
-27060
-27157
-27216
-26876
-27493
-27588
-27701
-27800
-27827
-27875
-27943
-27918
-27896
-28323
-27749
-27731
-27680
-27615
-27508
-27499
-27514
-27544
-27523
-27523
-27527
-27548
-27573
-27565
-27485
-27369
-27235
-27203
-27119
-26981
-26913
-26947
-27352
-26794
-26833
-26884
-26897
-26880
-26953
-27174
-27285
-27352
-27533
-27766
-27974
-28235
-28499
