-27544
-27544
-27541
-27525
-27495
-27434
-27369
-27304
-27247
-27201
-27151
-27069
-26970
-27354
-26775
-26674
-26615
-26552
-26495
-26418
-26386
-26392
-26417
-26430
-26441
-26464
-26516
-26550
-26577
-26657
-26762
-26392
-26978
-27065
-27115
-27189
-27271
-27382
-27468
-27573
-27684
-27758
-27882
-27987
-28090
-28203
-28321
-28428
-28537
-28590
-28640
-28718
-28779
-28812
-28863
-28911
-28981
-28978
-28980
-29002
-29025
-28989
-28953
-28934
-28917
-28930
-28930
-28894
-28873
-28806
-28722
-28684
-28628
-28569
-28565
-28558
-28514
-28445
-28413
-28376
-28825
-28302
-28228
-28174
-28176
-28167
-28142
-28090
-28016
-27949
-27897
-27854
-27833
-27829
-27833
-27882
-27959
-27978
-27997
-28071
-28195
-28319
-28413
-28548
-28731
-28857
-28938
-29002
-29060
-29186
-28834
-29466
-29560
-29630
-29691
-29739
-29819
-29894
-29991
-30062
-30105
-30125
-30188
-30287
-30361
-30386
-30415
-30499
-30577
-30607
-30665
-30741
-30802
-30844
-30909
-30943
-30939
-30959
-31023
-31084
-31126
-31188
-31220
-31237
-31239
-31354
-31451
-31546
-31647
-31739
-31817
-31884
-31960
-32081
-32147
-32201
-32237
-32285
-32302
-32340
-32363
-32361
-32354
-32348
-32373
-32350
-32313
-32254
-32176
-32138
-32104
-32050
-31989
-31951
-31928
-31855
-31768
-31707
-31632
-31542
-31474
-31376
-31312
-31258
-31235
-31220
-31161
-31056
-30978
-30857
-30758
-30703
-30661
-30581
-30500
-30447
-30413
-30386
-30386
-30403
-30371
-30273
-30220
-30197
-30214
-30252
-30279
-30308
-30350
-30365
-30415
-30500
-30649
-30766
-30855
-30978
-31123
-30804
-31476
-31617
-31289
-31943
-32083
-32224
-32331
-32420
-32521
-32644
-32735
-32787
-32855
-32888
-32903
-32915
-32947
-33002
-33042
-33067
-33079
-33044
-32989
-32989
-32995
-33021
-33077
-33128
-33140
-33163
-33182
-33207
-33184
-33168
-33157
-32741
-33321
-33405
-33468
-33485
-33514
-33544
-33562
-33558
-33623
-33586
-33541
-33455
-33249
-33096
-32930
-32789
-32613
-32504
-32386
-32361
-32319
-32333
-32380
-32384
-32491
-32581
-32247
-32882
-32957
-33050
-33126
-33207
-33233
-33167
-33214
-33191
-33126
-33088
-33084
-33084
-33063
-33100
-33128
-33123
-33109
-33094
-33083
-33086
-33014
-32903
-32878
-32869
-32804
-32724
-32670
-32640
-32625
-32556
-32478
-32487
-32516
-32508
-32592
-32705
-32934
-33220
-33500
-33802
-34157
-34457
-34209
-34917
-35088
-35188
-35207
-35268
-35252
-35241
-35291
-35296
-35304
-35275
-35302
-35254
-35237
-35249
-35203
-35199
-35663
-35088
-35008
-34938
-34909
-34934
-34861
-34854
-34886
-34941
-34955
-34981
-35067
-35146
-35174
-35222
-35304
-35350
-35350
-35300
-35321
-35355
-35365
-35350
-35390
-35403
-35460
-35502
-35562
-35626
-35626
-35703
-35773
-35760
-35770
-35852
-35857
-35875
-35876
-35758
-35701
-35626
-35600
-35573
-35527
-35491
-35506
-35571
-35626
-35703
-35750
-35834
-35917
-36050
-36186
-36333
-36533
-36750
-36987
-37115
-37199
-37331
-37460
-37480
-37499
-37480
-37396
-37323
-37285
-37281
-37275
-37264
-37336
-37424
-37478
-37544
-37138
-37625
-37613
-37575
-37558
-37474
-37439
-37323
-37237
-37182
-37105
-37100
-37109
-37123
-37147
-37170
-37228
-37266
-37287
-37340
-37453
-37447
-37449
-37403
-37346
-37270
-37210
-37168
-37136
-37121
-37027
-36970
-37008
-37092
-37065
-37104
-37188
-37222
-37207
-37266
-37331
-37338
-37346
-37369
-37352
-37462
-37563
-37632
-37716
-37833
-37907
-38021
-38172
-38270
-38338
-38422
-38575
-38697
-38821
-38955
-39161
-39418
-39094
-39691
-39850
-40010
-40123
-40222
-40338
-40409
-40436
-40495
-40565
-40668
-40819
-40565
-41193
-41277
-41399
-41480
-41548
-41560
-41535
-41569
-41625
-41615
-41640
-41661
-41598
-41609
-41607
-41592
-41590
-41684
-41735
-41768
-41787
-41823
-41869
-41894
-41875
-41838
