-24813
-24758
-24686
-24655
-24682
-24638
-24659
-24632
-24695
-24712
-24735
-24800
-24890
-24945
-24995
-25020
-25126
-25205
-25312
-25331
-25506
-25571
-25607
-25720
-25813
-25894
-25899
-25953
-26014
-26096
-26113
-26042
-26102
-26096
-26104
-26042
-26065
-26035
-25936
-26378
-25850
-25730
-25560
-25407
-25224
-25107
-24964
-24903
-24823
-24709
-24571
-24436
-24334
-24256
-24184
-24105
-23991
-23792
-23737
-23651
-23588
-23518
-23550
-23521
-23436
-23417
-23392
-23510
-23560
-23573
-23726
-23855
-23918
-23997
-24119
-24262
-23966
-24651
-24831
-25002
-25201
-25382
-25533
-25688
-25842
-26031
-26054
-26067
-26098
-26176
-26153
-26134
-26052
-26016
-25938
-25846
-25798
-25701
-25588
-25470
-25441
-25480
-25529
-25560
-25523
-25892
-25247
-25069
-24871
-24646
-24531
-24401
-24228
-24056
-23978
-23959
-23852
-23829
-23796
-23863
-23915
-23968
-24111
-24373
-24640
-24836
-25075
-25464
-25783
-26088
-26359
-26644
-26911
-27231
-27579
-27787
-28033
-28199
-27871
-28506
-28642
-28764
-28854
-28951
-29039
-29136
-29254
-29342
-29409
-29478
-29518
-29556
-29575
-29569
-29550
-29506
-29480
-29474
-29430
-29365
-29287
-29239
-29210
-29142
-29098
-29046
-29010
-28936
-28859
-28783
-28716
-28638
-28508
-28380
-28270
-28203
-28134
-28035
-27901
-27764
-27718
-27695
-27628
-27541
-27502
-27424
-27296
-27157
-27315
-26583
-26710
-27144
-27489
-27672
-27512
-27844
-27245
-27266
-27327
-27292
-27188
-27065
-26913
-26779
-26646
-26500
-26373
-26207
-26077
-25957
-25775
-25682
-25634
-25584
-25577
-25560
-25460
-25418
-25388
-25396
-25426
-25415
-25378
-25325
-25312
-25271
-25216
-25100
-24959
-24852
-24750
-24672
-24533
-24913
-24367
-24262
-24186
-24134
-24109
-24115
-24102
-24081
-24073
-24117
-24123
-24105
-24136
-24220
-24275
-24317
-24357
-24403
-24470
-24480
-24487
-24508
-24594
-24640
-24695
-24747
-24762
-24792
-24812
-24829
-24836
-24875
-24855
-24819
-24810
-24854
-24850
-24823
-24802
-24831
-24833
-24825
-24804
-24800
-24791
-24785
-24722
-24693
-24678
-24710
-24710
-24686
-24619
-24577
-24546
-24520
-24472
-24441
-24411
-24390
-24334
-24210
-24100
-23997
-23924
-23867
-23775
-23670
-23563
-23474
-23397
-23319
-23199
-23096
-23016
-22865
-22728
-22611
-22439
-22292
-22153
-22029
-21913
-21771
-21661
-21571
-21436
-21323
-21230
-21117
-21020
-20867
-20762
-20670
-20600
-20497
-20384
-20268
-20161
-20075
-19957
-19880
-19802
-19680
-19615
-19569
-19525
-19472
-19352
-19260
-19235
-19260
-19235
-19216
-19231
-19245
-19228
-19214
-19247
-19283
-19310
-19321
-19344
-19375
-19417
-19441
-19493
-19573
-19663
-19712
-19733
-19764
-19804
-19852
-19928
-19999
-20098
-20180
-20256
-20334
-20449
-20586
-20657
-20724
-20802
-20913
-20993
-21012
-21083
-21151
-21214
-21310
-21376
-21413
-21464
-21562
-21653
-21714
-21827
-21936
-21981
-22016
-22054
-22065
-22119
-22176
-22170
-22146
-22168
-22237
-22287
-22294
-22249
-22203
-22161
-22193
-22191
-22161
-22142
-22151
-22210
-22209
-22157
-22071
-22025
-22012
-21978
-21955
-21896
-21768
-21668
-21628
-21630
-21611
-21579
-21506
-21459
-21439
-21405
-21397
-21394
-21371
-21371
-21359
-21363
-21333
-21310
-21275
-21266
-21239
-21220
-21247
-21260
-21210
-21136
-21128
-21144
-21140
-21094
-21033
-20962
-20945
-20959
-20943
-20957
-20953
-20913
-20903
-20901
-20922
-21008
-21058
-21092
-21094
-21094
-21115
-21084
-21495
-21016
-21054
-21052
-21033
-20987
-20936
-20897
-20888
-20890
-20831
-20794
-20766
-20735
-20710
-20693
-20674
-20621
-20596
-20565
-20541
-20504
-20451
-20428
-20417
-20367
-20340
-20292
-20231
-20201
-20155
-20132
-20060
-19953
-19875
-19810
-19758
-19697
-19625
-19502
-19417
-19313
-19205
-19113
-19004
-18888
-18745
-18642
-18542
-18457
-18359
-18266
-18159
-18021
-17930
-17844
-17762
-17684
-17611
-17554
-17546
-17514
-17459
-17373
-17329
-17319
-17371
-17403
-17352
-17277
-17241
-17252
-17270
-17292
-17279
-17264
-17287
-17292
-17333
-17367
-17388
-17430
-17411
-17338
-17294
-17312
-17346
-17363
-17333
-17275
-17239
-17222
-17252
-17260
-17235
-17210
-17197
-17178
-17146
-17588
-17081
-17081
-17088
-17117
-17113
-17073
-17021
-16983
-16957
-16915
-16876
-16871
-16890
-16894
-16875
-16800
-16743
-16691
-16653
-16630
-16602
-16573
-16508
-16470
-16434
-16441
-16418
-16378
-16390
-16376
-16348
-16352
-16375
-16407
-16413
-16388
-16399
-16394
-16392
-16329
-16281
-16239
-16252
-16266
-16287
-16268
-16241
-16264
-16271
-16279
-16252
-16231
-16207
-16165
-16147
-16094
-16016
-15966
-15960
-15909
-15867
-15810
-15796
-15745
-16113
-15560
-15516
-15434
-15361
-15292
-15199
-15626
-15054
-14928
-14785
-14670
-14556
-14462
-14340
-14256
-14186
-14027
-13846
-13728
-13592
-13457
-13310
-13119
-12968
-12876
-12718
-12565
-12420
-12264
-12130
-11985
-11863
-11768
-11663
-11541
-11430
-11334
-11249
-11111
-11006
-10915
-10869
-10810
-10756
-10695
-10615
-10554
-10489
-10441
-10363
-10312
-10308
-10298
-10279
-10258
-10270
-10258
-10270
-10241
-10210
-10174
-10157
-10146
-10132
-10125
-10096
-10075
-10096
-10121
-10104
-10121
-10138
-10146
-10123
-10098
-10084
-10088
-10159
-10228
-10214
-10178
-10125
-10077
-10077
-10067
-10119
-10180
-10237
-10233
-10209
-10178
-10203
-10233
-10256
-10264
-10300
-10291
-10300
-10355
-10401
-10418
-10401
-10392
-10367
-10382
-10348
-10359
-10378
-10397
-10397
-10365
-10365
-10375
-10376
-10371
-10340
-10300
-10289
-10294
-10304
-10285
-10220
-10176
-10167
-10157
-10134
-10088
-9972
-9918
-9852
-9773
-9695
-9623
-9539
-9434
-9334
-9758
-9161
-9073
-8995
-8852
-8716
-8563
-8417
-8292
-8176
-8062
-7980
-7882
-7783
-7728
-7638
-7569
-7533
-7466
-7411
-7373
-7359
-7342
-7298
-7271
-7273
-7264
-7239
-7191
-7153
-7084
-7058
-7063
-7044
-7029
-7016
-7004
-7012
-6978
-6926
-6886
-6812
-6747
-6647
-6541
-6438
-6831
-6262
-6172
-6035
-5876
-5749
-5651
-5560
-5520
-5470
-5397
-5315
-5189
-5138
-5096
-5010
-4913
-4836
-4770
-4697
-4583
-4468
-4407
-4371
-4302
-4216
-4096
-4035
-3938
-3798
-3718
-3663
-3615
-3577
-3529
-3453
-3373
-3285
-3220
-3226
-3201
-3176
-3125
-3096
-3090
-3109
-3144
-3184
-3218
-3241
-3254
-3270
-3294
-3340
-3445
-3529
-3575
-3613
-3655
-3762
-3852
-3901
-3939
-3989
-4062
-4090
-4083
-4086
-4147
-4155
-4182
-4235
-4294
-4357
-4384
-4405
-4449
-4518
-4577
-4613
-4663
-4678
-4672
-4668
-4680
-4684
-4724
-4716
-4699
-4655
-4611
-4548
-4504
-4407
-4313
-4275
-4266
-4203
-4138
-4042
-3957
-3867
-3766
-3705
-3617
-3521
-3493
-3466
-3403
-3310
-3209
-3140
-3086
-3021
-2978
-3415
-2890
-2882
-2842
-2779
-2773
-2752
-2716
-2714
-2709
-2724
-2741
-2766
-2762
-2754
-2735
-2760
-2770
-2777
-2842
-2917
-2924
-2922
-2945
-2972
-3020
-3075
-3142
-3199
-3231
-3277
-3344
-3355
-3336
-3354
-3399
-3472
-3546
-3577
-3600
-3605
-3674
-3705
-3749
-3794
-3815
-3783
-3770
-3758
-3758
-3754
-3733
-3697
-3642
-3607
-3584
-3598
-3609
-3588
-3504
-3907
-3378
-3352
-3329
-3292
-3260
-3230
-3195
-3165
-3119
-3090
-3071
-3041
-3008
-2980
-3012
-2993
-2960
-2934
-2913
-2892
-2884
-2857
-2821
-2838
-2865
-2903
-2953
-2955
-2943
-2934
-2936
-2936
-2907
-2871
-2855
-2840
-2821
-2812
-2834
-2865
-2850
-2852
-2886
-2915
-2892
-2859
-2819
-2813
-2852
-2930
-2920
-2905
-2917
-2926
-2964
-2980
-2974
-2995
-2983
-2981
-2997
-3008
-3018
-3023
-3044
-3069
-3090
-3098
-3088
-3065
-3081
-3134
-3161
-3167
-3168
-3184
-3231
-3218
-3189
-3189
-3270
-3329
-3352
-3357
-3392
-3413
-3405
-3428
-3434
-3434
-3468
-3495
-3485
-3516
-3560
-3600
-3615
-3609
-3619
-3640
-3653
-3674
-3745
-3791
-3789
-3796
-3819
-3878
-3871
-3857
-3903
-3907
-3907
-3882
-3836
-3768
-3731
-3731
-3703
-3665
-3628
-3640
-3619
-3562
-3504
-3449
-3432
-3403
-3380
-3336
-3256
-3170
-3083
-3090
-3004
-2865
-2792
-2657
-2581
-2579
-2460
-2304
-2228
-2308
-2499
-2548
-2541
-2621
-2575
-2500
-2447
-2386
-2369
-2428
-2531
-2625
-2802
-2924
-3042
-3147
-3252
-3298
-3355
-3447
-3480
-3565
-3569
-3611
-3693
-3731
-3709
-3701
-3743
-3707
-3693
-3680
-3634
-3487
-3371
-3291
-3188
-3071
-2968
-2802
-2527
-2247
-2380
-1598
-1344
-1138
-980
-808
-747
-691
-668
-563
-443
-457
-508
-602
-710
-827
-957
-1102
-1239
-1439
-1644
-1783
-1997
-2331
-2552
-2779
-3083
-3392
-3716
-3983
-4296
-4567
-4875
-5117
-5483
-5741
-6115
-6487
-6823
-7218
-7661
-8105
-8527
-9008
-9541
-9991
-10535
-11033
-11611
-12146
-12256
-13271
-13855
-14386
-14903
-15472
-16021
-16544
-16951
-17474
-17945
-18380
-18737
-19020
-19275
-19600
-19781
-19960
-20189
-20296
-20359
-20474
-20489
-20468
-20403
-20230
-20033
-19737
-19464
-19115
-18798
-18449
-18098
-17722
-17350
-16953
-16667
-16325
-15928
-15521
-15168
-14909
-14581
-14394
-14170
-13983
-13804
-13779
-13653
-13621
-13676
-13796
-13844
-14083
-14317
-14514
-14684
-14903
-14691
-15495
-15636
-15554
-15739
-15707
-16157
-16651
-17136
-18149
-18155
-18586
-19197
-19188
-19083
-19552
-20329
-20067
-20800
-21117
-21312
-21376
-21489
-21667
-21770
-21705
-21743
-21833
-21867
-21831
-21754
-21768
-21756
-21686
-21527
-21392
-21388
-21153
-20920
-20693
-20434
-20184
-19884
-19647
-19396
-19146
-18911
-18724
-19046
-18399
-18250
-18140
-18014
-17951
-17857
-17813
-17750
-17699
-17636
-17560
-17502
-17485
-17527
-17533
-17617
-17716
-17859
-18121
-18462
-18754
-19189
-19474
-19859
-20271
-20672
-21092
-21025
-21953
-21987
-22890
-23222
-23031
-23873
-24239
-24460
-24819
-25098
-25312
-25527
-25726
-25852
-25876
-25936
-26000
-25930
-25846
-25730
-25481
-25300
-25065
-24777
-24462
-24184
-24388
-23649
-23401
-23195
-22970
-22789
-22663
-22529
-22378
-22247
-22180
-22102
-22084
-22121
-22107
-22193
-22342
-22397
-22451
-22552
-22705
-22823
-23077
-23287
-23403
-23548
-23791
-24000
-24107
-24334
-24586
-24834
-25117
-25334
-25548
-25699
-26014
-26205
-25911
-26640
-26867
-27056
-27165
-27304
-27472
-27607
-27730
-27936
-28083
-28167
-28188
-28264
-28319
-28388
-28396
-28483
-28558
-28573
-28636
-28602
-28670
-28653
-28644
-28573
-28531
-28445
-28292
-28245
-28214
-28144
-28075
-27876
-27743
-27626
-27443
-27270
-27157
-27006
-27348
-26733
-26615
-26451
-26256
-26002
-25682
-25508
-25317
-25132
-24953
-24762
-24586
-24371
-24144
-24396
-23640
-23481
-23264
-23035
-22821
-22699
-22558
-22436
-22235
-22010
-21863
-21722
-21563
-21361
-21163
-21018
-20972
-20897
-20739
-20695
-20674
-20445
-20344
-20319
-20243
-20165
-20048
-20029
-19978
-19983
-20084
-20182
-20264
-20315
-20231
-20174
-20063
-19983
-19859
-19779
-19749
-19678
-19584
-19491
-19422
-19430
-19392
-19323
-19243
-19525
-18686
-18785
-18938
-18899
-18911
-19035
-19109
-18943
-18739
-18411
-18128
-17892
-17688
-17500
-17361
-17334
-17390
-17375
-17373
-17436
-17460
-17491
-17468
-17451
-17420
-17384
-17367
-17334
-17292
-17344
-17363
-17302
-17357
-17426
-17445
-17422
-17464
-17527
-17577
-17642
-17674
-17897
-18014
-18077
-18193
-18247
-18342
-18411
-18384
-18388
-18415
-18380
-18373
-18386
-18401
-18432
-18518
-18560
-19044
-18525
-18544
-18489
-18428
-18355
-18298
-18216
-18558
-17955
-17871
-17756
-17590
-17380
-17325
-17245
-17577
-16876
-16754
-16737
-16491
-16304
-16207
-16014
-15812
-15674
-15531
-15388
-15170
-14947
-14722
-14510
-14315
-14077
-13876
-14119
-13371
-13210
-12936
-12750
-12554
-12340
-12172
-12010
-11764
-11617
-11533
