-24668
-24758
-24810
-24531
-24407
-24791
-25209
-25230
-25048
-25115
-25147
-25048
-25033
-24960
-24857
-24840
-24854
-24768
-24710
-24695
-24699
-24665
-24575
-24459
-24323
-24193
-24102
-23991
-23999
-23855
-23730
-23705
-23640
-23600
-23493
-23470
-23376
-23325
-23125
-22947
-22926
-22834
-22668
-22495
-22338
-22168
-22006
-21926
-21693
-21516
-21523
-21504
-21388
-21308
-21222
-21130
-21063
-20976
-20833
-20709
-20623
-20483
-20352
-20235
-20083
-19859
-19638
-19493
-19369
-19184
-19020
-18941
-18716
-18537
-18432
-18275
-18084
-17911
-17810
-17703
-17604
-17399
-17224
-17056
-16917
-16781
-16634
-16483
-16352
-16184
-16092
-15930
-15754
-15646
-15508
-15325
-15262
-15147
-14951
-14794
-14775
-14720
-14625
-14586
-14613
-14619
-14560
-14550
-14563
-14649
-14726
-14731
-14802
-14888
-14928
-14974
-15016
-15027
-15056
-15119
-15180
-15209
-15210
-15178
-15182
-15241
-15277
-15277
-15262
-15270
-15264
-15256
-15260
-15302
-15338
-15342
-15373
-15432
-15466
-15449
-15439
-15453
-15508
-15558
-15592
-15602
-15607
-15602
-15607
-15659
-15697
-15726
-15686
-15657
-15628
-15604
-15586
-15607
-15644
-15634
-15584
-15560
-15552
-15525
-15562
-15575
-15569
-15533
-15558
-15552
-15584
-15609
-15583
-15542
-15544
-15565
-15592
-15625
-15647
-15628
-15571
-15531
-15550
-15573
-15586
-15544
-15478
-15407
-15336
-15292
-15249
-15172
-15098
-15016
-14951
-14939
-14936
-14922
-14882
-14810
-14770
-14730
-14691
-14668
-14636
-14575
-14533
-14544
-14504
-14474
-14438
-14399
-14376
-14363
-14329
-14344
-14344
-14352
-14298
-14250
-14224
-14653
-14132
-14115
-14121
-14121
-14121
-14092
-14050
-14016
-14027
-14052
-14065
-13987
-13926
-13918
-13947
-13976
-13997
-13985
-13993
-14014
-14025
-14071
-14132
-14155
-14167
-14199
-14239
-14262
-14285
-14336
-14392
-14480
-14581
-14655
-14668
-14699
-14758
-14861
-14943
-15027
-15073
-15138
-15195
-15271
-15355
-15462
-15548
-15617
-15691
-15785
-15871
-15972
-16020
-16052
-16098
-16167
-16199
-16224
-16258
-16329
-16384
-16460
-16527
-16573
-16596
-16651
-16709
-16766
-16760
-16750
-16764
-16779
-16833
-16869
-16854
-16810
-16842
-16863
-16861
-16848
-16806
-16794
-16783
-16754
-16691
-16567
-16514
-16491
-16455
-16417
-16350
-16298
-16279
-16279
-16252
-16249
-16268
-16281
-16312
-16310
-16300
-16308
-16310
-16336
-16342
-16338
-16346
-16382
-16428
-16432
-16455
-16497
-16493
-16506
-16579
-16642
-16667
-16688
-16714
-16745
-16773
-16800
-16836
-16882
-16930
-16941
-16911
-16918
-16987
-17069
-17105
-17588
-17058
-17042
-17035
-17010
-17002
-17010
-17027
-17012
-17014
-16964
-16968
-16966
-16938
-16901
-16907
-16913
-16894
-16840
-16789
-16750
-16752
-16752
-16728
-16697
-16644
-16590
-16573
-16558
-16497
-16422
-16399
-16382
-16357
-16298
-16243
-16184
-16144
-16147
-16155
-16193
-16222
-16247
-16254
-16231
-16239
-16266
-16306
-16348
-16367
-16411
-16460
-16502
-16502
-16546
-16617
-16674
-16689
-16670
-16688
-16667
-16688
-16716
-16745
-16775
-16800
-16810
-16808
-16804
-16787
-16775
-16737
-16710
-16726
-16731
-16730
-16684
-16623
-16556
-16478
-16392
-16323
-16243
-16167
-16600
-16042
-15938
-15886
-15817
-15781
-15754
-15697
-15615
-15535
-15453
-15371
-15308
-15209
-15151
-15130
-15060
-14999
-14909
-14808
-14768
-14707
-14588
-14520
-14499
-14460
-14420
-14399
-14378
-14285
-14212
-14153
-14126
-14119
-14079
-14027
-14025
-14020
-14006
-13991
-13972
-13981
-13995
-14010
-14021
-13995
-14033
-14094
-14138
-14155
-13682
-14228
-14275
-14331
-14382
-14397
-14418
-14497
-14588
-14632
-14670
-14737
-14787
-14873
-14983
-15094
-15205
-15348
-15445
-15546
-15159
-15739
-15869
-15995
-16081
-16155
-16243
-16352
-16474
-16573
-16745
-16913
-17065
-17203
-17317
-17405
-17476
-17573
-17684
-17848
-17972
-18069
-18155
-18184
-18216
-18258
-18268
-18312
-18375
-18380
-18348
-18323
-18321
-18338
-18344
-18329
-18291
-18228
-18157
-18088
-18039
-18008
-17959
-17897
-17806
-17701
-18077
-17502
-17415
-17365
-17308
-17254
-17186
-17584
-16980
-16863
-16737
-16653
-16594
-16485
-16434
-16363
-16252
-16149
-16081
-15962
-15857
-15794
-15745
-15739
-15747
-15718
-15609
-15529
-15439
-15363
-15344
-15331
-15279
-15203
-15157
-15144
-14661
-15151
-15130
-15163
-15207
-15254
-15292
-15357
-15378
-15390
-15399
-15443
-15491
-15535
-15527
-15541
-15621
-15684
-15705
-15728
-15737
-15754
-15775
-15787
-15806
-15819
-15815
-15838
-15897
-15924
-15957
-15974
-15989
-16037
-16042
-16000
-15993
-16037
-16094
-16151
-16168
-16201
-16264
-16329
-16373
-16417
-16411
-16438
-16459
-16466
-16499
-16523
-16546
-16569
-16573
-16558
-16542
-16548
-16567
-16590
-16565
-16537
-16514
-16514
-16516
-16504
-16460
-16415
-16417
-16413
-16357
-16338
-16352
-16359
-16331
-16312
-16283
-16262
-16252
-16216
-16180
-16168
-16168
-16136
-16109
-16105
-16081
-16046
-15962
-15917
-15875
-15855
-15798
-15762
-15731
-15728
-15661
-15586
-15539
-15474
-15409
-15348
-15310
-15271
-15230
-15151
-15113
-15041
-14987
-14924
-14880
-14825
-14798
-14792
-14798
-14745
-14693
-14615
-14527
-14451
-14375
-14315
-14275
-14254
-14239
-14258
-14239
-14151
-14031
-13962
-13953
-13938
-13943
-13949
-13964
-13955
-13964
-13896
-13831
-13798
-13787
-13802
-13806
-13771
-13743
-13693
-13668
-13665
-13193
-13667
-13628
-13611
-13604
-13609
-13602
-13579
-13577
-13602
-13628
-13600
-13546
-13527
-13523
-13539
-13565
-13562
-13546
-13560
-13577
-13611
-13588
-13575
-13556
-13588
-13611
-13649
-13670
-13676
-13678
-13699
-13703
-13710
-13693
-13665
-13653
-13699
-13762
-13781
-13758
-13731
-13720
-13722
-13745
-13777
-13768
-13695
-13621
-13542
-13480
-13453
-13453
-13451
-13407
-13325
-13243
-13195
-13188
-13159
-13104
-13075
-13063
-13023
-12955
-12892
-12878
-12857
-12812
-13191
-12653
-12623
-12584
-12565
-12577
-12562
-12531
-12460
-12409
-12354
-12325
-12291
-12243
-12147
-12130
-12075
-12029
-11999
-11955
-11899
-11855
-11804
-11747
-11716
-11693
-11638
-11588
-11548
-11506
-11470
-11415
-11354
-11323
-11270
-11214
-11180
-11134
-11060
-11016
-11014
-11031
-11035
-11020
-11004
-10970
-10970
-10970
-10920
-10876
-10848
-10888
-10928
-10905
-10850
-10831
-10791
-10808
-10848
-10869
-10855
-10840
-10823
-10796
-10812
-10829
-10815
-10783
-10766
-10770
-10775
-10794
-10791
-10760
-10724
-10689
-10743
-11233
-10670
-10613
-10577
-10542
-10544
-10518
-10487
-10455
-10397
-10369
-10386
-10390
-10371
-10304
-10239
-10230
-10245
-10222
-10146
-10111
-10109
-10104
-10102
-10092
-10155
-10218
-10174
-10151
-10203
-10222
-10235
-10277
-10315
-10363
-10390
-10415
-10439
-10441
-10457
-10443
-10430
-10424
-10443
-10443
-10476
-10474
-10424
-10376
-10363
-10357
-10327
-10266
-9773
-10252
-10231
-10201
-10159
-10092
-10044
-9972
-9909
-9884
-9825
-9737
-9649
-9605
-9548
-9439
-9331
-9266
-9222
-9151
-9062
-8962
-8938
-8930
-8859
-9268
-8665
-8615
-8600
-8575
-8527
-8449
-8380
-8315
-8245
-8195
-8159
-8151
-8123
-8071
-8025
-8008
-7951
-7892
-7787
-7741
-7750
-7739
-7733
-7714
-7689
-7670
-7649
-7655
-7659
-7647
-7657
-7686
-7697
-7735
-7806
-7844
-7867
-7850
-7855
-7913
-7980
-8037
-8105
-8180
-8220
-8254
-8281
-8344
-8472
-8556
-8625
-8663
-8705
-8768
-8825
-8871
-8905
-8913
-8917
-8936
-8970
-8962
-8939
-8941
-8989
-9000
-8962
-8901
-8861
-8800
-8758
-8703
-8638
-8573
-8493
-8397
-8333
-8258
-8157
-8088
-7989
-7930
-7911
-7888
-7834
-7766
-7649
-7577
-7571
-7562
-7556
-7562
-7598
-7604
-7611
-7596
-7584
-7613
-7674
-7737
-7794
-7331
-7852
-7876
-7991
-8081
-8149
-8193
-8243
-8304
-8376
-8439
-8462
-8495
-8554
-8596
-8638
-8663
-8672
-8640
-8653
-8657
-8642
-8613
-8584
-8548
-8457
-8342
-8231
-8163
-8079
-7959
-7848
-7699
-7546
-7397
-7210
-7042
-6938
-6773
-6615
-6369
-6039
-5768
-5499
-5205
-4899
-4638
-4407
-4210
-4014
-3834
-3680
-3596
-3626
-3525
-3468
-3537
-3560
-3592
-3705
-3897
-4079
-4241
-4434
-4670
-4869
-5031
-5250
-5413
-5583
-5745
-5995
-6188
-6375
-6525
-6731
-6909
-7067
-7178
-6871
-7506
-7560
-7749
-7955
-8037
-8062
-8088
-8094
-8077
-8004
-7924
-8283
-7615
-7521
-7451
-7209
-7125
-7027
-6920
-6789
-6667
-6579
-6481
-6439
-6386
-6367
-6373
-6369
-6260
-6273
-6207
-6119
-5995
-5938
-5884
-5760
-5651
-5663
-5651
-5581
-5554
-5613
-5699
-5730
-5785
-5384
-6346
-5861
-6002
-6081
-6111
-6214
-6281
-6417
-6525
-6579
-6647
-6766
-6869
-6999
-7136
-7193
-7241
-7348
-7806
-6876
-7037
-7813
-8281
-8186
-8060
-8130
-8189
-8262
-8247
-8197
-8214
-8289
-8302
-8291
-8319
-8327
-7823
-8237
-8098
-8014
-7886
-8304
-7722
-7586
-7483
-7350
-7271
-7235
-7102
-6987
-6903
-6758
-6642
-6527
-6415
-6325
-6264
-6039
-5901
-5800
-5649
-5625
-5609
-5439
-5382
-5334
-5359
-5327
-5312
-5315
-5325
-5344
-5354
-5359
-5394
-5491
-5504
-5499
-5495
-5541
-5594
-5689
-5752
-5863
-5932
-6063
-6126
-6230
-5901
-6558
-6726
-6777
-6785
-6892
-7069
-7174
-7273
-7390
-7491
-7560
-7674
-7758
-7867
-7926
-7915
-7934
-7999
-8041
-7981
-8018
-8029
-7981
-7995
-7932
-7920
-7938
-7882
-7833
-7833
-7800
-7768
-7785
-7689
-7661
-7691
-7634
-7554
-7485
-7474
-7487
-7539
-7455
-7455
-7413
-7405
-7384
-7401
-7396
-7394
-7418
-7445
-7493
-7531
-7649
-7632
-7663
-7783
-7886
-7955
-8000
-7966
-8075
-8115
-8193
-8262
-8367
-8516
-8623
-8647
-8728
-8829
-8903
-9044
-9142
-9250
-9325
-9413
-9495
-9586
-9668
-9705
-9781
-9773
-9812
-9859
-9854
-9897
-9938
-10002
-9985
-9922
-9909
-9899
-9802
-9718
-9697
-9621
-9499
-9380
-9302
-9224
-9138
-9020
-8959
-8884
-8844
-9283
-8739
-8663
-8640
-8604
-8527
-8541
-8510
-8493
-8567
-8579
-8546
-8550
-8640
-8703
-8775
-8308
-8934
-9079
-9178
-9386
-9476
-9646
-9823
-10054
-10245
-10430
-10621
-10821
-11060
-11352
-11575
-11785
-11980
-12210
-12464
-12701
-12913
-13128
-13308
-13506
-13745
-14010
-13691
-14375
-14525
-14655
-14840
-14997
-15199
-15375
-15590
-15728
-15915
-16063
-16140
-16119
-16218
-16338
-16407
-16382
-16411
-16392
-16407
-16325
-16294
-16249
-16224
-16073
-15974
-15894
-15882
-15812
-15733
-16117
-15521
-15464
-15348
-15283
-15235
-15176
-15102
-14995
-14913
-14928
-14926
-14991
-14978
-14981
-15018
-15073
-15113
-14663
-15243
-15323
-15396
-15512
-15617
-15771
-15939
-15642
-16258
-16352
-16537
-16743
-16947
-17176
-17336
-17497
-17709
-17901
-18155
-18350
-18504
-18760
-18980
-19201
-19401
-19602
-19773
-20081
-20249
-20394
-20604
-20842
-21090
-21231
-21411
-21575
-21695
-21882
-21964
-21499
-22027
-22098
-22201
-22247
-22268
-22281
-22243
-22266
-22350
-22367
-22300
-22277
-22291
-22230
-22205
-22271
-22308
-22270
-22224
-22172
-22147
-22123
-22092
-22041
-22084
-22142
-22168
-22205
-22308
-22397
-22466
-22623
-22750
-22808
-22928
-23065
-23207
-23350
-23548
-23714
-23823
-24023
-24144
-24321
-24447
-24575
-24764
-24892
-25056
-25243
-25357
-25533
-25726
-25875
-26037
-26163
-26357
-26531
-26617
-26644
-26775
-26899
-27004
-27046
-27132
-27210
-27270
-27289
-27336
-27380
-27397
-27384
-27453
-27481
-27428
-27468
-27565
-27609
-27653
-27764
-27846
-27844
-27833
-27796
-27869
-27905
-27854
-27735
-27768
-27718
-27678
-27638
-27651
-27596
-27533
-27451
-27459
-27396
-27352
-27317
-27264
-27180
-27138
-27182
-27102
-27054
-27018
-26970
-27004
-26968
-26924
-27352
-26794
-26716
-26670
-26684
-26615
-26542
-26453
-26390
-26308
-26258
-26191
