-40355
-40365
-40367
-40367
-40367
-40375
-40363
-40363
-40352
-40312
-40294
-40292
-40298
-40319
-40352
-40388
-40407
-40466
-40493
-40459
-40415
-40392
-40346
-40281
-40241
-40209
-40151
-40063
-39941
-39833
-39749
-39657
-39607
-39535
-39436
-39331
-39243
-39142
-39063
-39054
-39012
-39027
-39079
-39132
-39224
-39281
-39363
-39401
-39478
-39634
-39712
-39840
-39913
-39962
-40004
-40054
-40086
-40138
-40191
-40233
-40281
-40331
-40382
-40466
-40548
-40605
-40699
-40819
-40920
-40974
-41035
-41121
-41176
-41207
-41264
-41352
-41363
-41321
-41247
-41189
-41142
-41069
-40987
-40886
-40733
-40556
-40462
-40409
-40338
-40254
-40182
-40149
-40195
-40275
-40346
-40424
-40480
-40544
-40644
-40745
-40804
-40867
-40962
-41031
-41098
-41144
-41161
-41191
-41193
-41128
-41077
-41065
-41025
-40991
-40920
-40842
-40783
-40701
-40596
-40499
-40445
-40432
-40407
-40390
-40367
-40319
-40291
-40291
-40294
-40275
-40237
-40189
-40107
-40060
-40031
-39981
-39934
-39897
-39855
-39815
-39764
-39686
-39655
-39604
-39535
-39508
-39462
-39445
-39481
-39523
-39094
-39619
-39667
-39758
-39840
-39899
-39957
-39987
-39987
-39981
-40004
-40020
-40037
-39962
-39888
-39829
-39823
-39817
-39821
-39817
-39827
-39890
-39941
-40025
-40132
-40235
-40338
-40493
-40646
-40859
-40565
-41222
-41380
-41497
-41539
-41615
-41647
-41642
-41647
-41646
-41611
-41499
-41371
-41266
-41081
-40913
-40756
-40640
-40541
-40417
-40325
-40228
-40203
-40176
-40159
-40161
-40178
-40222
-40256
-40308
-40384
-40430
-40457
-40495
-40523
-40537
-40520
-40480
-40407
-40323
-40233
-40182
-40113
-40014
-39922
-39884
-39850
-39773
-39709
-39703
-39747
-39798
-39894
-40016
-40086
-40182
-40289
-40338
-40405
-40462
-40512
-40583
-40619
-40619
-40583
-41039
-40455
-40327
-40205
-40031
-39855
-39623
-39355
-39541
-38783
-38453
-38153
-37930
-37626
-37327
-37588
-36850
-36590
-36375
-36602
-35897
-35602
-35306
-35058
-34783
-34500
-34289
-34050
-33815
-33628
-33487
-33384
-33271
-33186
-33117
-33046
-33062
-33113
-33128
-33130
-33167
-33245
-33346
-33436
-33544
-33634
-33699
-33802
-33953
-34037
-34121
-34199
-34323
-34481
-34628
-34733
-34844
-35020
-35153
-35327
-35546
-35707
-35903
-36079
-36224
-36401
-36535
-36172
-36806
-36911
-37071
-37245
-37401
-37537
-37647
-37754
-37852
-37970
-38073
-38123
-38144
-38260
-38417
-38541
-38663
-38783
-38892
-39023
-39132
-39201
-39266
-39319
-39354
-39451
-39541
-39086
-39605
-39605
-39594
-39577
-39567
-39548
-39466
-39359
-39205
-39027
-38926
-38773
-39075
-38401
-38182
-38012
-37911
-37810
-37709
-37604
-37506
-37415
-37352
-37359
-37373
-37380
-37413
-37436
-37455
-37529
-37602
-37670
-37697
-37749
-37815
-37894
-37930
-37947
-37953
-37968
-37978
-37981
-37968
-37939
-37865
-37812
-37825
-37823
-37800
-37806
-37806
-37821
-37821
-37833
-37819
-37823
-37857
-37918
-38006
-38060
-38054
-38067
-38104
-38161
-38218
-38270
-38279
-38264
-38254
-38256
-38239
-38228
-38193
-38577
-37970
-37886
-37848
-37760
-37646
-37592
-37508
-37350
-37199
-37044
-36918
-36846
-36754
-36667
-36600
-36529
-36443
-36413
-36321
-36226
-36205
-36167
-36113
-36058
-36010
-35949
-35939
-35915
-35857
-35792
-35720
-35640
-35554
-35504
-35470
-35378
-35258
-35138
-34991
-34865
-34741
-34562
-34411
-34275
-34102
-33920
-33815
-34178
-33523
-33361
-33189
-33035
-32932
-32815
-32712
-32577
-32413
-32308
-32178
-32029
-31899
-31785
-31688
-31611
-31474
-31354
-31279
-31199
-31098
-31020
-30955
-30903
-30821
-30756
-30691
-30621
-30556
-30504
-30481
-30466
-30439
-30430
-30363
-30302
-30289
-30315
-30352
-30396
-30399
-30380
-30373
-30361
-30376
-30369
-30357
-30386
-30424
-30489
-30518
-30481
-30455
-30472
-30506
-30527
-30525
-30512
-30510
-30531
-30516
-30506
-30487
-30447
-30394
-30241
-30090
-29945
-29852
-29775
-29617
-29468
-29380
-29275
-29170
-29090
-29033
-28997
-28987
-28959
-28985
-28999
-28983
-28949
-28917
-28928
-28949
-28922
-28865
-28808
-28709
-28605
-28558
-28460
-28380
-28270
-28111
-27951
-27792
-27672
-27600
-27537
-27396
-27289
-27195
-27136
-27081
-27052
-27041
-27042
-27031
-27016
-27023
-27042
-27044
-27029
-27037
-27054
-27027
-27002
-27004
-27021
-26983
-26938
-26899
-26840
-26777
-26752
-26697
-26634
-26613
-26575
-26495
-26453
-26441
-26436
-26434
-26443
-26478
-26531
-26571
-26621
-26642
-26663
-26686
-26758
-26815
-26844
-26888
-26962
-27008
-27075
-27128
-27159
-27195
-27249
-27287
-27338
-27367
-27848
-27346
-27327
-27294
-27289
-27277
-27231
-27184
-27182
-27174
-27174
-27151
-27117
-27094
-27086
-27096
-27111
-27123
-27115
-27060
-27048
-27083
-27130
-27128
-27077
-26989
-26917
-26894
-27359
-26836
-26758
-26691
-26615
-26560
-26541
-26523
-26504
-26464
-26411
-26403
-26474
-26596
-26672
-26703
-26777
-26852
-26941
-27031
-27075
-27165
-27228
-27256
-27268
-27344
-27418
-27434
-27418
-27438
-27487
-27541
-27548
-27533
-27518
-27504
-27544
-27552
-27520
-27483
-27464
-27478
-27481
-27466
-27474
-27468
-27487
-27520
