-18212
-18201
-18560
-17957
-17726
-17653
-17623
-17439
-17237
-17161
-17054
-16938
-16873
-16771
-16646
-16581
-16455
-16310
-16176
-16191
-16247
-16186
-16149
-16180
-16174
-16161
-16216
-16323
-16397
-16512
-16609
-16810
-16957
-17210
-17565
-17922
-17619
-18405
-18630
-18802
-18985
-19178
-19321
-19514
-19647
-19707
-19808
-19831
-19865
-19980
-19558
-20092
-20125
-20107
-20174
-20245
-20271
-20344
-20060
-20665
-20836
-20978
-21155
-21336
-21497
-21581
-21791
-21962
-22084
-22174
-22275
-22285
-22310
-22392
-22449
-22397
-22390
-22363
-22355
-22268
-22205
-22186
-22086
-21930
-21840
-21720
-21607
-21453
-21296
-21134
-20951
-20754
-20554
-20394
-20117
-19936
-19813
-19642
-19554
-19438
-19365
-19266
-19222
-19243
-19235
-19262
-19291
-19342
-19327
-19390
-19392
-19376
-19371
-19350
-19331
-19212
-19123
-19035
-18983
-18888
-18785
-18632
-18472
-18405
-18396
-18441
-18388
-18346
-18386
-18449
-18535
-18533
-18518
-18636
-18693
-18781
-18836
-18873
-18964
-18997
-18980
-19023
-19077
-19075
-19117
-19159
-19161
-19115
-19084
-19062
-18999
-18957
-18928
-18865
-18760
-18647
-18520
-18474
-18445
-18438
-18455
-18466
-18497
-18558
-18628
-18720
-18829
-18926
-18983
-19081
-19201
-19239
-19346
-19430
-19478
-19523
-19520
-19489
-19428
-19445
-19451
-19428
-19378
-19281
-19207
-19191
-19191
-19104
-19088
-19079
-19149
-19174
-19142
-19201
-19350
-19567
-19747
-19922
-20174
-20388
-20691
-20978
-21308
-21598
-21972
-22296
-22588
-22882
-23037
-23319
-23510
-23646
-23819
-23936
-23999
-23991
-23985
-23976
-23959
-23915
-23798
-23667
-23554
-23462
-23283
-23155
-23071
-22970
-22957
-22896
-22806
-22794
-22825
-22684
-22667
-22701
-22783
-22819
-22827
-22493
-23205
-23354
-23502
-23722
-23518
-24275
-24483
-24642
-24714
-24896
-25050
-25077
-25018
-25010
-25031
-25016
-24918
-24859
-24768
-24596
-24480
-24430
-24331
-24134
-23947
-23756
-23617
-23481
-23313
-23209
-23117
-23052
-22985
-22941
-22854
-22806
-22829
-22783
-22775
-22813
-22834
-22865
-22840
-22796
-22728
-22741
-22819
-22871
-22936
-22995
-23048
-23172
-23281
-23418
-23556
-23649
-23691
-23766
-23842
-23903
-23966
-24014
-24054
-24104
-24180
-24180
-24207
-24249
-24312
-24355
-24403
-24445
-24483
-24472
-24460
-24409
-24439
-24455
-24417
-24373
-24376
-24354
-24300
-24287
-24310
-24317
-24306
-24329
-24348
-24415
-24516
-24598
-24609
-24724
-24854
-24888
-24436
-25062
-25111
-25157
-25235
-25310
-25315
-25396
-25508
-25613
-25625
-25609
-25716
-25754
-25792
-25859
-25836
-25875
-25861
-25804
-25861
-25827
-25812
-25722
-25628
-25581
-25491
-25378
-25308
-25270
-25182
-25182
-25168
-25125
-25178
-25271
-25270
-25310
-24932
-25480
-25521
-25508
-25575
-25613
-25592
-25569
-25560
-25619
-25649
-25638
-25661
-25619
-25710
-25693
-25686
-25728
-25709
-25693
-25743
-25808
-25789
-25840
-25932
-26086
-26207
-26340
-26478
-26581
-26735
-26396
-27010
-27138
-27250
-27382
-27438
-27518
-27556
