-29317
-29867
-29819
-29825
-29861
-29886
-29852
-29754
-29739
-29695
-29640
-29586
-29533
-29397
-29224
-29132
-29016
-28911
-28749
-28508
-28289
-28042
-27857
-27554
-27231
-27334
-26502
-26220
-25947
-25644
-25876
-25300
-25075
-24962
-24791
-24709
-24716
-24693
-24705
-24743
-24852
-25010
-25136
-25207
-25338
-25573
-25728
-25865
-26098
-26275
-26371
-26567
-26791
-27012
-27149
-27315
-27499
-27672
-27367
-27964
-28109
-28224
-28321
-28390
-28470
-28500
-28579
-28668
-28770
-28773
-28848
-28892
-28880
-28890
-28796
-28758
-28726
-28619
-28542
-28821
-28083
-27875
-27583
-27388
-27258
-27083
-26878
-26722
-26563
-26415
-26256
-26126
-25993
-25909
-25817
-25735
-25651
-25565
-25432
-25340
-25250
-25182
-25132
-25117
-25138
-25140
-25105
-25102
-25115
-25123
-25092
-25058
-25086
-25153
-25218
-25275
-25312
-25348
-25386
-25403
-25413
-25462
-25527
-25655
-25823
-25888
-26382
-25917
-25934
-25959
-25995
-26033
-26025
-26031
-26039
-26052
-26102
-26165
-26292
-26403
-26478
-26556
-26605
-26668
-26758
-26894
-26993
-27044
-27048
-27081
-27130
-27182
-27174
-27174
-27146
-27104
-27044
-27020
-26983
-26922
-26880
-26899
-26913
-27354
-26817
-26789
-26798
-26794
-26762
-26747
-26716
-26712
-26701
-26689
-26667
-26625
-26592
-26556
-26531
-26539
-26548
-26508
-26439
-26430
-26392
-26338
-26296
-26279
-26228
-26161
-26117
-26042
-25960
-26378
-25823
-25722
-25615
-25521
-25453
-25342
-25237
-25081
-24941
-24859
-24747
-24661
-24567
-24894
-24237
-24119
-23941
-23842
-23750
-23621
-23527
-23390
-23250
-23159
-23092
-22932
-22773
-22628
-22502
-22359
-22239
-22149
-22031
-21913
-21840
-21743
-21636
-21523
-21399
-21321
-21256
-21184
-21063
-20980
-20922
-20833
-20754
-20688
-20636
-20607
-20605
-20604
-20537
-20481
-20417
-20342
-20325
-20342
-20302
-20245
-20203
-20138
-20096
-20100
-20058
-19993
-19915
-19854
-19852
-19834
-19806
-19779
-19743
-19672
-19605
-20025
-19497
-19510
-19521
-19510
-19489
-19472
-19445
-19462
-19504
-19525
-19516
-19518
-19571
-19600
-19604
-19636
-19724
-19785
-19840
-19892
-19943
-20004
-20042
-20092
-20176
-20270
-20405
-20478
-20531
-20678
-20800
-20909
-21004
-21109
-21218
-21390
-21581
-21754
-21968
-22134
-22300
-22016
-22651
-22817
-22999
-23168
-23333
-23510
-23668
-23800
-23466
-24180
-24371
-24544
-24661
-24808
-24949
-25002
-25058
-25147
-25228
-25378
-25453
-25455
-25451
-25436
-25438
-25460
-25468
-25474
-25457
-25888
-25354
-25308
-25300
-25273
-25207
-25144
-25104
-25052
-24968
-24846
-24714
-24575
-24890
-24266
-24147
-24048
-23955
-23819
-23605
-23394
-23184
-23031
-22875
-22684
-22487
-22230
-22002
-21806
-21598
-21378
-21203
-21483
-20764
-20577
-20354
-20151
-19995
-19846
-19636
-19476
-19304
-19176
-19058
-18968
-18873
-18712
-18583
-18510
-18405
-18340
-18289
-18279
-18268
-18256
-18247
-18220
-18197
-18193
-18235
-18296
-18361
-18436
-18506
-18092
-18630
-18743
-18859
-18999
-19159
-19275
-19418
-19056
-19680
-19813
-19945
-20134
-20252
-20373
-20500
-20619
-20768
-20901
-20521
-21163
-21315
-21424
-21546
-21661
-21789
-21869
-21932
-22006
-22044
-22117
-22180
-22226
-22235
-22235
-22252
-22260
-22273
-22283
-22306
-22317
-22306
-22250
-22178
-22123
-22094
-22056
-22466
-21913
-21857
-21833
-21764
-21655
-21588
-21504
-21424
-21287
-21155
-21054
-20974
-20855
-20716
-20548
-20394
-20281
-20138
-19993
-19890
-19750
-19640
-19424
-19228
-19125
-19006
-18871
-18714
-18531
-18319
-18157
-18020
-17945
-17863
-17747
-17665
-17565
-17472
-17403
-17291
-17205
-17147
-17113
-17067
-17021
-16974
-16907
-16857
-16852
-16836
-16825
-16825
-16785
-16781
-16804
-16840
-16833
-16812
-16838
-16894
-16905
-16934
-16959
-16957
-16978
-16997
-16978
-16966
-17033
-17090
-17130
-17178
-17233
-17310
-17411
-17457
-17535
-17567
-17613
-17670
-17726
-17792
-17844
-17936
-17985
-18065
-18113
-18144
-18167
-18165
-18210
-18245
-18266
-18281
-18264
-18258
-18273
-18264
-18245
-18197
-18161
-18151
-18109
-18088
-18086
-18037
-17980
-17939
-17913
-17863
-17796
-17739
-17720
-17699
-17636
-17577
-17520
-17422
-17317
-17239
-17182
-17125
-17027
-16951
-16890
-16842
-16743
-16632
-16516
-16365
-16258
-16186
-16073
-15987
-15882
-15730
-16123
-15523
-15411
-15289
-15172
-15092
-14955
-14833
-14764
-14684
-14613
-14531
-14436
-14327
-14258
-14174
-14096
-14039
-13968
-13909
-13865
-13785
-13707
-13682
-13668
-13646
-13611
-13575
-13562
-13512
-13500
-13541
-13581
-13594
-13626
-13640
-13653
-13674
-13722
-13762
-13819
-13871
-13924
-13966
-13981
-14018
-14081
-14121
-14180
-14222
-14283
-14363
-14418
-14474
-14516
-14546
-14565
-14646
-14733
-14806
-14852
-14880
-14892
-14913
-14955
-15002
-15021
-15062
-15065
-15054
-15056
-15083
-15098
-15060
-15010
-14976
-14989
-15004
-14972
-14938
-14865
-14787
-14722
-14689
-14609
-14485
-14417
-14357
-14283
-14209
-14121
-14062
-14008
-13920
-13821
-14167
-13502
-13380
-13199
-12928
-13146
-12334
-12063
-11838
-11619
-11438
-11304
-11178
-11092
-11048
-11000
-11002
-10970
-10926
-10932
-10983
-11044
-11086
-11119
-11075
-10989
-10888
-10817
-10718
-10575
-10447
-10319
-10205
-10088
-9915
-9819
-9781
-9737
-9741
-9762
-9768
-9779
-9775
-9768
-9760
-9758
-9741
-9720
-9689
-9682
-9659
-9659
-9649
-9617
-9565
-9499
-9430
-9365
-9355
-9350
-9262
-9163
-9048
-8980
-8894
-8770
-8663
-8541
-8396
-8277
-8130
-7959
-7838
-7707
-7584
-7453
-7334
-7207
-7037
-6890
-6777
-6676
-6602
-6546
-6449
-6384
-6334
-6239
-6151
-6155
-6191
-6209
-6224
-6281
-6308
-6317
-6325
-6338
-5875
-6430
-6434
-6466
-6542
-6632
-6741
-6812
-6857
-6901
-6941
-6987
-7052
-7092
-7136
-7155
-7203
-7312
-7380
-7388
-7422
-7432
-7449
-7504
-7552
-7563
-7569
-7600
-7649
-7653
-7617
-7560
-7518
-7439
-7397
-7378
-7342
-7306
-7264
-7193
-7109
-7048
-6945
-7317
-6737
-6678
-6644
-6558
-6460
-6367
-6262
-6180
-6111
-6094
-6018
-5941
-5850
-5758
-5693
-5584
-5531
-5535
-5527
-5520
-5468
-5424
-5390
-5338
-5264
-5224
-5207
-5184
-5147
-5117
-5086
-5033
-4978
-4926
-4871
-4800
-4716
-4686
-4634
-4518
-4388
-4292
-4228
-4233
-4214
-4128
-4014
-3875
-3724
-3621
-3525
-3457
-3386
-3266
-3149
-3039
-2941
-2852
-2689
-2542
-2453
-2390
-2306
-2180
-2016
-1817
-1684
-1558
-1441
-1346
-1210
-1079
-995
-899
-817
-741
-674
-621
-548
-978
-436
-384
-396
-382
-346
-300
-264
-252
-226
-222
-230
-249
-289
-317
-321
-321
-367
-405
-439
-462
-500
-542
-615
-688
-762
-825
-943
-1069
-1126
-1193
-1264
-1354
-1457
-1558
-1668
-1810
-1897
-2018
-2165
-2298
-1957
-2560
-2670
-2779
-2863
-2918
-2978
-3069
-3191
-3338
-3407
-3506
-3596
-3659
-3716
-3785
-3804
-3855
-3909
-3922
-3968
-4014
-4044
-4054
-4044
-4039
-3993
-3947
-3938
-3976
-4008
-3995
-3913
-3831
-3770
-3749
-3691
-3607
-3563
-3525
-3481
-3453
-3409
-3380
-3359
-3390
-3420
-3909
-3357
-3302
-3239
-3163
-3063
-2896
-2728
-2594
-2460
-2420
-2411
-2401
-2401
-2434
-2481
-2491
-2466
-2434
-2390
-2333
-2304
-2277
-2262
-2270
-2325
-2350
-2359
-2386
-2384
-2405
-2451
-2502
-2550
-2594
-2649
-2749
-2840
-2903
-2964
-3016
-3090
-3174
-3247
-3294
-3346
-3348
-3371
-3439
-3495
-3520
-3497
-3426
-3403
-3403
-3407
-3384
-3376
-3327
-3277
-3230
-3174
-3109
-3081
-3065
-3041
-3039
-3021
-2981
-2962
-2949
-2913
-2894
-2875
-2825
-2781
-2789
-2781
-2766
-2770
-2792
-2804
-2804
-2695
-2684
-2680
-2646
-2636
-2619
-2590
-2571
-2596
-2621
-2602
-2663
-2646
-2596
-2529
-2525
-2424
-2228
-2376
-2613
-2556
-2544
-2586
-2478
-2199
-1974
-1691
-1939
-1294
-1102
-791
-619
-586
-497
-203
-25
192
461
618
809
1034
1200
1425
1580
1692
1788
1469
2001
2068
2143
2150
2270
2305
2301
2291
2236
2232
2175
2108
2045
2036
1938
1860
1769
1696
1633
1526
1429
1375
1295
1242
1125
977
845
742
660
568
509
396
358
263
196
137
19
-119
-176
-222
-228
-279
-226
-210
-212
-123
-109
-98
-75
-132
-136
-113
-21
101
125
125
99
89
38
3
-25
-39
-125
-193
-224
-256
-397
-485
-512
-600
-815
-962
-1029
-1121
-1312
-1573
-1731
-1863
-1938
-2172
-2313
-2512
-2693
-2899
-3130
-3292
-3584
-3791
-3997
-4113
-4310
-4428
-4615
-4831
-4943
-5069
-5226
-5325
-5460
-5588
-5653
-5768
-5834
-5968
-6008
-6025
-6062
-6144
-6147
-6191
-6197
-6174
-6079
-6060
-6039
-6056
-6073
-6056
-6014
-5993
-6006
-5997
-5938
-5911
-5951
-6044
-6041
-6023
-6054
-6147
-6262
-6417
-6459
-6584
-6724
-6800
-6970
-7142
-7268
-7409
-7533
-7592
-7705
-7897
-8042
-8075
-8197
-7844
-8459
-8544
-8659
-8682
-8710
-8819
-8918
-8980
-9004
-9088
-9188
-9205
-9231
-9283
-9354
-9447
-9537
-9653
-9743
-9901
-10037
-10191
-10289
-10483
-10686
-10819
-10941
-11090
-11270
-11354
-11512
-11632
-11758
-11876
-12018
-12132
-12209
-12334
-12487
-12609
-12222
-12787
-12972
-13056
-13069
-13113
-13256
-13342
-13392
-13407
-13500
-13571
-13649
-13693
-13693
-13754
-13926
-14056
-14128
-14266
-14399
-14495
-14562
-14621
-14186
-14808
-14959
-15138
-15346
-15560
-15710
-15823
-16000
-16155
-16228
-16438
-16680
-16876
-17027
-17163
-17336
-17510
-17712
-17896
-18100
-18325
-18504
-18630
-18754
-18926
-19163
-19354
-19422
-19487
-19604
-19884
-20115
-20300
-20491
-20646
-20686
-20747
-20800
-20730
-20718
-20722
-20739
-20686
-20655
-20682
-20722
-20684
-20625
-20577
-20573
-20546
-20462
-20336
-20277
-20306
-20415
-20562
-20560
-20417
-20084
-19823
-19709
-19609
-19579
-19500
-19480
-19466
-19283
-19327
-19447
-19476
-19481
-19466
-19361
-19262
-19195
-19130
-19136
-19235
-19350
-19062
-19728
-19924
-20174
-20432
-20611
-20846
-20554
-21125
-21184
-21310
-21457
-21558
-21674
-21796
-21907
-21947
-22117
-22306
-22436
-22611
-22735
-22867
-22924
-23000
-23092
-23130
-23222
-23239
-23182
-23159
-23117
-23092
-23142
-23050
-23039
-22970
-22901
-22844
-22871
-22905
-22905
-22901
-22941
-22972
-23018
-23069
-23136
-23159
-23079
-23042
-23079
-23136
-23188
-23168
-23222
-23271
-23331
-23386
-23388
-22964
-23546
-23651
-23657
-23703
-23733
-23750
-23791
-23787
-23770
-23773
-23855
-23846
-23833
-23852
-23865
-23840
-23834
-23760
-23745
-23756
-23712
-23651
-23674
-23649
-23628
-23695
-23728
-23783
-23917
-23894
-23806
-23768
-23787
-23743
-23737
-23701
-23758
-23791
-23812
-23850
-23907
-23880
-23871
-23806
-23819
-23787
-23791
-23701
-23672
-23628
-23693
-23716
-23623
-23623
-23581
-23520
-23396
-23308
-23220
-23046
-23441
-22817
-22785
-22714
-22634
-22649
-22552
-22468
-22453
-22495
-22451
-22394
-22346
-22300
-22279
-22218
-22195
-22216
-22170
-22115
-22149
-22193
-22231
-22275
-22317
-22397
-21993
-22607
-22689
-22825
-22915
-23071
-23256
-23430
-23647
-23836
-24048
-24327
-24565
-24808
-25084
-24951
-25655
-25443
-26220
-26567
-26390
-27231
-27625
-28094
-28468
-28689
-29063
-29352
-29594
-29342
-30086
-30268
-30401
-30583
-30726
-30917
-31090
-31243
-31434
-31563
-31630
-31724
-31888
-31938
-31947
-32020
-32018
-31953
-31907
-31737
-31625
-31571
-31428
-31243
-31041
-30842
-30617
-30312
-30002
-29646
-29376
-29086
-28785
-28394
-28065
-27720
-27373
-27014
-26663
-26321
-26373
-25541
-25205
-24930
-24525
-24195
-24376
-23556
-23142
-22834
-22609
-22342
