-20161
-20069
-19985
-19855
-19728
-19630
-19560
-19443
-19329
-19146
-18970
-18792
-18771
-18636
-18459
-18378
-18285
-18170
-18060
-17953
-17859
-17739
-17625
-17489
-17304
-17235
-17195
-17084
-17025
-17052
-17073
-16972
-17000
-17042
-17098
-17123
-17096
-17067
-17065
-17025
-16976
-16966
-16922
-16888
-16911
-16922
-16978
-17016
-16613
-17165
-17218
-17277
-17331
-17386
-17468
-17569
-17623
-17663
-17691
-17777
-17829
-17840
-17941
-17949
-18016
-18035
-18020
-18041
-18062
-18069
-18094
-18083
-18063
-17976
-17924
-17901
-17800
-17709
-17548
-17489
-17394
-17250
-17140
-17075
-17079
-17119
-17170
-17144
-17123
-17115
-17186
-17287
-17357
-17369
-17399
-17407
-17355
-17436
-17541
-17512
-17525
-17630
-17724
-17718
-17655
-17604
-17596
-17499
-17401
-17378
-17436
-17455
-17562
-17663
-17787
-17894
-18021
-18128
-18302
-18531
-18625
-18678
-18833
-19004
-19159
-19249
-19317
-19336
-19375
-19396
-19476
-19596
-19581
-19541
-19579
-19617
-19592
-19604
-19586
-19556
-19485
-19415
-19340
-19266
-19153
-19016
-18913
-18854
-18791
-18745
-18680
-18680
-18724
-18716
-18636
-18678
-18701
-18709
-18605
-18575
-18577
-18546
-18481
-18453
-18449
-18487
-18491
-18550
-18632
-18758
-18869
-18899
-19041
-19207
-19403
-19596
-19743
-19917
-20121
-20245
-20361
-20392
-20063
-20668
-20762
-20781
-20794
-20854
-20844
-20859
-20821
-20655
-20529
-20472
-20355
-20144
-20081
-19932
-19730
-19571
-19466
-19497
-19411
-19346
-19376
-19388
-19434
-19058
-19646
-19781
-19939
-20044
-20172
-20392
-20567
-20644
-20800
-21006
-21146
-21285
-21453
-21552
-21758
-21957
-22149
-22243
-22403
-22527
-22607
-22684
-22794
-22838
-22865
-22905
-22930
-22901
-22901
-22886
-22915
-22951
-22978
-22999
-23069
-23083
-23058
-23046
-23067
-23012
-22901
-22686
-22396
-22035
-21560
-21254
-21113
-20869
-20640
-21006
-20464
-20348
-20256
-20174
-20167
-20329
-20413
-20480
-20598
-20604
-20699
-20840
-20857
-20930
-21105
-21212
-21306
-21355
-21480
-21571
-21598
-21661
-21754
-21773
-21730
-21743
-21758
-21680
-21600
-21533
-21396
-21296
-21203
-21128
-21018
-20985
-20981
-20974
-20938
-20905
-20897
-20947
-20882
-20869
-20907
-20884
-20964
-20993
-21054
-21056
-21084
-21178
-21289
-21340
-21336
-21355
-21399
-21352
-21373
-21417
-21384
-21350
-21300
-21245
-21182
-21115
-21039
-20983
-20917
-20880
-20798
-20735
-20693
-20598
-20531
-20512
-20472
-20489
-20472
-20506
-20481
-20514
-20510
-20552
-20625
-20688
-20764
-20899
-20535
-21216
-21313
-21415
-21521
-21609
-21747
-21848
-21873
-21915
-21964
-22031
-22107
-22241
-22275
-22277
-22392
-22565
-22684
-22743
-22836
-22480
-23081
-23142
-23216
-23258
-23375
-23474
-23544
-23615
-23712
-23825
-23922
-24037
-24172
-24333
-24474
-24562
-24636
-24819
-25016
-25134
-25241
-24928
-25552
-25682
-25747
-25844
-25955
-26115
-26203
-26237
-26334
-26434
-26441
-26504
-26592
-26638
-26743
-26844
-26959
-27006
-27020
-27123
-27235
