-27838
-28084
-27876
-28611
-28365
-29054
-29195
-29304
-29449
-29584
-29611
-29623
-29720
-29754
-29766
-29741
-29766
-29865
-29915
-29947
-30008
-30052
-30138
-30199
-30354
-30466
-30619
-30756
-30917
-31144
-31354
-31583
-31735
-31901
-32182
-32313
-32420
-32483
-32588
-32605
-32577
-32560
-32527
-32407
-32268
-32205
-32109
-32042
-31959
-31913
-31867
-31810
-31752
-31766
-31707
-31714
-31741
-31724
-31745
-31888
-32002
-32102
-32199
-32310
-32430
-32573
-32268
-32890
-32974
-33083
-33205
-33273
-33249
-33302
-33230
-33172
-33113
-33039
-32905
-32768
-32703
-32590
-32535
-32397
-32310
-32199
-32123
-32102
-32041
-32004
-31926
-31875
-31888
-31857
-31739
-31665
-31651
-31573
-31625
-31642
-31649
-31707
-31756
-31791
-31867
-31943
-32002
-32075
-32186
-32254
-32359
-32445
-32470
-32491
-32562
-32604
-32579
-32630
-32686
-32596
-32600
-32556
-32571
-32611
-32560
-32525
-32520
-32554
-32613
-32558
-32514
-32466
-32418
-32312
-32205
-32126
-31928
-31655
-31493
-31329
-31125
-30897
-30720
-30497
-30350
-30249
-30130
-30012
-29913
-29762
-29695
-29615
-29521
-29504
-29525
-29548
-29653
-29791
-30100
-30403
-30430
-30390
-30405
-30464
-30590
-30703
-30710
-30728
-30718
-30697
-30609
-30523
-30436
-30756
-30111
-30027
-29861
-29670
-29518
-29340
-29178
-29029
-29268
-28560
-28392
-28294
-28218
-28126
-28018
-27875
-27771
-27766
-27657
-27457
-27844
-27308
-27241
-27186
-27098
-26978
-26888
-26810
-26754
-26693
-26642
-26560
-26468
-26439
-26392
-26354
-26308
-26313
-26359
-26424
-26426
-26535
-26607
-26655
-26716
-26766
-26397
-26983
-27046
-27039
-27065
-27161
-27144
-27205
-27285
-27277
-27283
-27270
-27279
-27313
-27308
-27235
-27165
-27132
-27073
-27006
-26930
-26938
-26934
-26892
-26901
-26938
-26936
-26949
-26939
-27050
-27010
-26930
-26943
-26876
-26770
-26714
-26651
-26626
-26579
-26464
-26348
-26306
-26271
-26191
-26111
-26086
-26090
-26155
-26144
-26228
-25901
-26590
-26659
-26752
-26855
-27039
-27329
-27552
-27789
-27968
-28151
-28243
-27861
-28375
-28373
-28413
-28792
-28182
-28100
-28006
-27917
-27794
-27750
-27710
-27764
-27796
-27888
-27978
-28094
-28134
-28048
-27962
-27924
-28312
-27741
-27737
-27798
-27897
-27861
-27854
-27361
-27896
-27926
-27981
-28044
-28088
-28176
-28224
-28241
-28188
-28189
-28113
-28079
-27970
-27890
-27886
-27810
-27762
-27701
-27621
-27554
-27478
-27449
-27848
-27224
-27104
-26936
-26812
-26718
-26573
-26417
-26336
-26308
-26254
-26128
-26069
-26073
-26083
-26105
-26079
-26021
-26039
-26084
-26073
-26025
-25926
-25915
-25932
-25848
-25756
-25730
-25617
-25459
-25329
-25142
-24976
-25401
-24779
-24668
-24560
-24917
-24315
-24205
-24000
-23802
-23670
-23483
-23252
-23107
-23006
-22888
-22781
-22691
-22615
-22535
-22523
-22518
-22552
-22590
-22567
-22531
-22535
-22439
-22436
-22500
-22500
-22432
-22407
-22342
-22344
-22340
-22292
-22241
-22271
-22235
-22262
-22348
-22386
-22369
-22438
-22418
