-20321
-20329
-20296
-20285
-20254
-20230
-20224
-20144
-20071
-20104
-20037
-20002
-19548
-20052
-20090
-20518
-20010
-20054
-20138
-20098
-20094
-20228
-20313
-20417
-20472
-20607
-20821
-20978
-21216
-21308
-21443
-21567
-21714
-21852
-22031
-22073
-22180
-22376
-22000
-22516
-22466
-22556
-22592
-22542
-22514
-22529
-22512
-22502
-22457
-22432
-22430
-22386
-22346
-22319
-22342
-22361
-22365
-22384
-22373
-22439
-22523
-22607
-22720
-22859
-22999
-23079
-23281
-22978
-23600
-23775
-23457
-24111
-24313
-24535
-24701
-24903
-25077
-25167
-25344
-25499
-25602
-25752
-25907
-25972
-26073
-26191
-26233
-26224
-26254
-26279
-26250
-26239
-26239
-26249
-26250
-26186
-26161
-26142
-26126
-26178
-26222
-26271
-26271
-26317
-26382
-26455
-26586
-26586
-26651
-26749
-26863
-26960
-26999
-27065
-27155
-27163
-27233
-27325
-27354
-27409
-27409
-27296
-27258
-27184
-27044
-26903
-26770
-26563
-26836
-26201
-25997
-25775
-25628
-25518
-25485
-25380
-25306
-25313
-25352
-25380
-25376
-25380
-25417
-24928
-25472
-25413
-25323
-25281
-25151
-25100
-25092
-25161
-25207
-25264
-25401
-25560
-25640
-25750
-25812
-25861
-25938
-25976
-26002
-25970
-25913
-25846
-25756
-25655
-25667
-25770
-25773
-25731
-25693
-25703
-25789
-25804
-25762
-25752
-25716
-25584
-25607
-25544
-25500
-25485
-25417
-25346
-25300
-25319
-25438
-25554
-25583
-25689
-25894
-26107
-26233
-25899
-26539
-26670
-26735
-26789
-26917
-27025
-27100
-27140
-27273
-27388
-27466
-27560
-27750
-27934
-28092
-27854
-28575
-28800
-29077
-29188
-29128
-29102
-29189
-29378
-29550
-29756
-29873
-30071
-30369
-30646
-30882
-31134
-31355
-31655
-31829
-31989
-31766
-32552
-32764
-32976
-33161
-33371
-33562
-33710
-33850
-33920
-34014
-34065
-34071
-33983
-33813
-33659
-33493
-33300
-33020
-32777
-32655
-32529
-32407
-32315
-32306
-32323
-32289
-32346
-32375
-32443
-32485
-32489
-32525
-32586
-32558
-32491
-32506
-32472
-32453
-32422
-32369
-32354
-32310
-32262
-32197
-32212
-32728
-32186
-31762
-32354
-32386
-32348
-32285
-32260
-32186
-32119
-32107
-32147
-32163
-32191
-32291
-32365
-32436
-32630
-32812
-32999
-33094
-33214
-33338
-33468
-33596
-33661
-33752
-33863
-33955
-34029
-34058
-34098
-34191
-34233
-34686
-34188
-34222
-34193
-34167
-34113
-34046
-34004
-33918
-33779
-33644
-33546
-33510
-33361
-33709
-33159
-33077
-32934
-32842
-32750
-32596
-32485
-32376
-32264
-32165
-31880
-31512
-31193
-31121
-31189
-31361
-31462
-31497
-31434
-31367
-31340
-31226
-31025
-30865
-30731
-30668
-30710
-30825
-30869
-30972
-31218
-31439
-31640
-31283
-31953
-32050
-32088
-32218
-32256
-32182
-32123
-32031
-31911
-31850
-31804
-31745
-31686
-31710
-31691
-31712
-31770
-31802
-31796
-31827
-31913
-31897
-31861
-31920
-31907
-31833
-31792
-31785
-31640
-31560
-31438
-31333
-31250
-31107
-30924
-30905
-30789
-30728
-30735
-30699
-30539
-30499
-30560
-30546
-30588
-30691
-30312
-30918
-31084
-31243
-31384
