-392
-333
-380
-415
-399
-413
-485
-459
-462
-468
-472
-451
-2
-495
-4
-493
-470
-487
-491
-451
-457
-518
-510
-497
-436
-438
-424
-413
-455
-493
-439
-417
-380
-363
-350
-396
-399
-401
-380
-369
-401
-354
-382
-382
-397
-312
-327
-367
-338
-334
-338
-367
-279
-340
-371
-350
-319
-279
-270
-285
-292
-271
-243
-258
-291
-268
-249
-333
-241
-241
-252
-214
-176
-168
-191
-170
-191
-130
-134
-153
-174
-167
-130
-130
-117
-104
-125
-121
-149
-172
-188
-155
-153
-176
-168
-168
-207
-214
-226
-168
-125
-128
-209
-184
-176
-199
-157
-264
-287
-247
-258
-210
-224
-287
-260
-203
-262
-271
-210
-245
-210
-212
-126
-182
-191
-121
-81
-117
-60
0
-71
-90
-73
-65
-88
-81
-73
-117
-125
-163
-142
-151
-88
-86
-153
-134
-163
-151
-159
-168
-117
-98
-161
-230
-191
-197
-163
-174
-191
-199
-172
-155
-170
-252
-304
-277
-271
-271
-334
-396
-359
-298
-296
-310
-346
-331
-310
-304
-300
-382
-2
-472
-422
-443
-476
-455
-407
-480
-506
-432
-462
-527
-518
-976
-438
-462
-470
-476
-455
-483
-518
-535
-500
-502
-512
-487
-417
-392
-407
-392
-346
-338
-329
-313
-325
-336
-289
-256
-266
-231
-195
-218
-147
-161
-188
-130
-84
-107
-20
3
-6
15
51
68
89
74
66
97
38
20
97
116
72
61
99
112
64
32
22
22
47
87
129
131
125
72
32
70
133
120
152
196
185
154
154
146
183
200
162
150
135
114
108
127
110
118
141
150
124
118
112
40
66
118
183
175
179
230
175
185
125
106
112
82
45
36
28
28
55
0
38
-14
-102
-104
-79
-23
-63
-77
-18
-39
-104
-65
-25
-63
-12
-23
-50
-54
-37
-10
19
26
-10
-33
-35
-12
-6
45
19
-25
-77
-77
-96
-56
-25
9
51
-16
-33
-33
-12
53
68
59
7
43
70
34
-18
-31
-35
-2
-20
-27
-16
-109
-197
-121
-23
9
-35
-77
-98
-83
-128
-117
-100
-105
-92
-81
-136
-157
-149
-109
-138
-100
-149
-226
-188
-126
-174
-182
-168
-172
-165
-172
-264
-233
-168
-159
-197
-220
-260
-298
-264
-275
-256
-241
-292
-222
-203
-191
-195
-241
-245
-203
-165
-180
-231
-256
-249
-176
-197
-189
-186
