-304
-220
-205
-239
-203
-149
-195
-252
-271
-197
-184
-147
-123
-161
-149
-155
-176
-186
-165
-130
-109
-174
-172
-140
-126
-100
-161
-123
-138
-92
-96
-170
-140
-67
-50
-102
-123
-41
-18
-4
15
-41
-16
486
-25
-27
20
41
-21
-52
-35
-58
-37
-485
484
-56
-41
-35
-27
-54
-83
-86
-69
-126
-136
-126
-153
-153
-138
-149
-155
-184
-182
-159
-170
-195
-184
-146
-126
-174
-182
-155
-111
-111
-157
-147
-109
-188
-218
-180
-195
-226
-184
-125
-126
-147
-170
-170
-147
-115
-100
-75
-39
-90
-75
-94
-138
-138
-113
-119
-81
-41
-42
-92
-73
5
-21
-73
-102
-33
-6
-65
-69
-31
-41
-483
1
11
-31
-73
-52
-12
40
1
15
-25
-50
-48
-62
-109
-126
-125
-67
-90
-165
-165
-121
-77
-63
-71
-109
-92
-56
-56
-84
-39
-41
-107
-117
-75
-75
-121
-176
-104
-92
-149
-157
-157
-130
-147
-161
-126
-130
-167
-172
-176
-100
-109
-136
-147
-117
-167
-155
-144
-113
-111
-123
-111
-107
-123
-77
-98
-92
-96
-67
-33
-42
-25
-60
-42
-12
76
49
106
95
85
89
74
57
103
154
202
135
127
152
190
211
208
229
236
269
339
290
223
250
284
291
240
229
225
255
259
251
234
190
167
148
160
146
141
185
171
131
131
127
125
135
154
127
158
120
116
114
475
-27
74
82
11
-8
-18
-56
-73
-14
-14
-483
-14
15
17
-6
-44
-77
-39
36
55
5
28
36
-33
-27
28
7
-41
-41
5
-23
-35
-67
-37
-29
-54
-58
-8
15
11
-18
-14
19
47
24
66
148
133
143
143
164
230
217
158
213
232
217
206
162
177
227
188
166
160
145
158
156
137
125
114
181
229
188
190
232
223
215
206
238
219
211
209
194
158
198
143
146
133
122
114
122
91
95
85
116
28
20
32
43
89
95
64
64
24
72
91
85
82
55
36
85
93
40
-62
-96
-109
-92
-77
-105
-136
-140
-128
-121
-168
-161
-157
-142
-212
-218
-212
-201
-189
-165
-199
-252
-220
-228
-243
-254
-235
-199
-205
-231
-243
-188
-165
-126
-168
-170
-128
-92
-107
-119
-100
-140
-100
-73
-107
-136
-102
-60
