-285
-283
-271
-300
-390
-313
-273
-365
-363
-313
-304
-342
-344
-321
-323
-333
-338
-340
-323
-359
-384
-399
-344
-338
-291
-348
-420
-464
-420
-424
-399
-294
-302
-373
-315
-367
-354
-302
-340
-321
-310
-338
-415
-415
-367
-375
-445
-418
-376
-411
-472
-434
-455
-438
-411
-453
-453
-518
-462
-424
-453
-504
-462
-424
-434
-521
-495
-453
-417
-460
-459
-449
-422
-451
-451
-392
-432
-462
-405
-403
-384
-388
-338
-333
-319
-333
-313
-319
-306
-277
-247
-241
-254
-268
-237
-209
-207
-210
-252
-254
-191
-157
-186
-224
-168
-140
-201
-210
-188
-178
-142
-128
-107
-75
-155
-132
-104
-123
-159
-168
-136
-117
-163
-165
-125
-119
-136
-94
-54
-98
-123
-176
-163
-117
-113
-86
-104
-104
-92
-102
-105
-100
-37
-8
-79
-111
-176
-178
-79
-41
-46
-39
-41
-29
-21
-46
-54
-21
36
70
97
26
-52
-88
-54
-73
-25
0
-75
-96
-33
-16
-50
-25
1
-16
-12
17
-41
-81
-105
-153
-134
-149
-199
-147
-123
-163
-201
-199
-199
-210
-235
-184
-125
-191
-271
-178
-189
-180
-218
-222
-224
-252
-268
-243
-205
-226
-250
-209
-270
-292
-247
-304
-291
-298
-260
-218
-249
-266
-346
-394
-390
-348
-331
-338
-321
-308
-357
-380
-380
-365
-376
-317
-281
-296
-247
-239
-271
-287
-310
-289
-281
-216
-235
-247
-214
-250
-300
-294
-262
-256
-264
-292
-340
-382
-334
-264
-231
-304
-287
-329
-352
-313
-275
-270
-306
-292
-262
-271
-193
-117
-199
-197
-193
-182
-172
-188
-203
-212
-197
-184
-207
-209
-172
-142
-184
-220
-102
-100
-113
-146
-105
-83
-126
-98
-71
-128
-138
-94
-83
-128
-178
-130
-126
-138
-149
-193
-212
-132
-163
-186
-115
-94
-128
-163
-197
-174
-161
-182
-197
-222
-197
-142
-41
-111
-172
-146
-159
-147
-123
-81
-81
-86
-88
-71
-31
-42
-69
28
484
28
66
24
55
97
145
110
108
120
85
141
95
70
133
181
188
167
217
244
194
148
225
198
171
175
215
206
171
164
185
162
164
135
120
139
122
91
36
72
28
0
0
-21
-12
-8
7
-84
-60
-94
-100
-86
-77
-39
-41
-86
-119
-60
-98
-134
-105
-132
-125
-130
-149
-167
-167
-218
-153
-199
-243
-235
-245
-289
-315
