-432
-413
-396
-403
-474
-476
-476
-518
-514
-485
-493
-514
-468
-430
-411
-399
-352
-348
-359
-289
-296
-273
-302
-291
-270
-291
-260
-243
-268
-250
-220
-205
-203
-256
-207
-186
-212
-195
-214
-207
-161
-182
-220
-224
-241
-237
-233
-218
-146
-191
-268
-277
-310
-338
-352
-386
-399
-388
-399
-369
-369
-367
-338
-325
-336
-346
-348
-396
-331
-319
-310
-268
-273
-281
-250
-285
-287
-180
-197
-245
-237
-182
-159
-168
-153
-125
-153
-197
-165
-88
-58
-21
24
-31
-104
-23
-4
20
0
-21
43
34
-8
-6
-4
13
-33
-2
15
49
486
-73
-69
-25
-10
-25
-16
-62
-44
-31
-29
93
82
53
116
104
125
190
202
204
208
194
202
202
217
223
225
194
103
62
112
133
57
38
72
97
89
41
47
53
55
5
43
38
-21
-18
-48
-44
-21
-42
-71
-126
-140
-121
-105
-123
-96
-222
-258
-178
-130
-186
-161
-163
-218
-231
-260
-243
-210
-249
-256
-250
-247
-237
-271
-325
-308
-279
-275
-233
-228
-279
-273
-289
-247
-226
-203
-180
-224
-207
-201
-218
-243
-289
-252
-292
-317
-233
-189
-138
-178
-186
-180
-159
-77
-92
-105
-83
-50
-25
-105
-60
-41
-50
-65
-77
-18
-12
-31
-21
17
9
19
32
28
-52
-75
-109
-117
-77
-54
-149
-163
-60
-69
-90
-132
-163
-222
-264
-270
-270
-245
-254
-256
-258
-256
-279
-291
-334
-354
-376
-413
-361
-373
-413
-396
-434
-426
-403
-451
-481
-476
-499
-499
-504
-485
-510
-510
-529
-569
-596
-541
-527
-556
-621
-607
-598
-588
-565
-586
-579
-605
-577
-605
-644
-651
-651
-714
-710
-699
-710
-773
-770
-726
-676
-724
-731
-785
-749
-695
-646
-626
-674
-710
-670
-636
-693
-684
-661
-691
-701
-659
-577
-602
-567
-565
-598
-588
-617
-600
-577
-548
-613
-682
-701
-655
-716
-699
-665
-703
-749
-705
-703
-730
-684
-695
-724
-728
-735
-682
-697
-705
-678
-735
-747
-760
-743
-777
-747
-703
-750
-781
-806
-815
-777
-701
-676
-646
-665
-632
-586
-588
-554
-539
-493
-478
-411
-434
-451
-363
-250
-275
-304
-333
-331
-308
-283
-260
-271
-230
-220
-235
-250
-245
-235
-235
-233
-249
-287
-292
-323
-336
-298
-254
-296
-298
-310
-333
-294
-329
-382
-363
-325
