120
106
108
87
49
53
36
20
43
34
20
17
11
-27
-35
-73
-138
-157
-111
-58
-105
-153
-157
-119
-147
-167
-155
-147
-92
-142
-128
-111
-109
-170
-146
-128
-123
-96
-92
-123
-123
-109
-67
-73
-75
-69
-107
-119
-100
-113
-163
-205
-188
-155
-207
-241
-262
-239
-241
-214
-243
-247
-199
-237
-209
-203
-281
-220
-205
-193
-178
-189
-159
-188
-182
-203
-207
-201
-130
-125
-174
-189
-165
-195
-153
-105
-86
-119
-119
-92
-100
-159
-153
-180
-184
-117
-117
-174
-130
-119
-100
-84
-100
-144
-117
-121
-100
-111
-119
-65
-62
-90
-117
-50
15
1
-104
-83
-75
-44
-20
-81
-119
-130
-113
-134
-199
-167
-151
-228
-147
-67
-77
-157
-132
-157
-123
-140
-163
-172
-130
-126
-107
-128
-109
-172
-140
-195
-180
-117
-104
-109
-104
-161
-182
-199
-205
-146
-136
-189
-203
-178
-191
-222
-205
-151
-168
-260
-266
-214
-218
-172
-222
-254
-199
-176
-214
-228
-218
-210
-310
-306
-235
-245
-209
-146
-126
-191
-186
-214
-235
-231
-182
-165
-186
-201
-262
-252
-262
-260
-270
-294
-250
-287
-275
-313
-315
-291
-357
-319
-313
-298
-264
-260
-331
-313
-279
-300
-304
-350
-344
-277
-262
-292
-342
-344
-352
-375
-375
-365
-375
-350
-323
-334
-323
-336
-390
-375
-365
-361
-432
-459
-438
-409
-418
-464
-434
-407
-394
-348
-279
-315
-403
-392
-373
-319
-338
-306
-260
-287
-354
-327
-292
-298
-283
-214
-207
-258
-222
-230
-268
-327
-254
-161
-193
-222
-210
-214
-231
-184
-146
-180
-163
-153
-165
-188
-189
-128
-81
-96
-84
-65
-77
-60
-56
-65
-42
-56
-105
-21
-31
-67
-69
-41
-50
-69
-81
-90
-65
-63
-29
-16
19
-14
-14
-25
-2
15
482
-35
-56
-6
480
22
20
7
-50
-10
480
-88
-113
-33
5
-63
-83
-84
-46
-62
-125
-153
-37
19
-46
-37
-37
-48
-54
-65
-31
484
-96
-69
-41
-79
-123
-100
-146
-136
-107
-98
-73
-149
-207
-233
-188
-161
-262
-308
-199
-218
-207
-224
-250
-277
-271
-189
-165
-163
-132
-102
-153
-168
-130
-157
-174
-157
-123
-146
-193
-138
-98
-155
-178
-155
-170
-230
-237
-182
-222
-228
-170
-184
-228
-199
-250
-247
-230
-199
-228
-294
-239
-243
-321
-252
