118
175
208
206
194
208
246
211
240
257
194
148
211
291
244
208
251
213
230
291
255
190
200
175
206
208
103
89
91
135
156
89
34
51
64
57
-23
7
-35
-96
-41
486
-60
-81
-100
-62
-83
-113
-107
-65
-88
-67
-105
-157
-193
-157
-119
-115
-155
-167
-176
-146
-146
-277
-260
-191
-147
-167
-193
-180
-174
-224
-241
-216
-216
-268
-207
-163
-201
-205
-178
-168
-201
-220
-220
-220
-182
-146
-195
-214
-203
-170
-180
-218
-220
-216
-231
-252
-239
-239
-271
-292
-287
-308
-275
-245
-207
-237
-250
-287
-268
-279
-287
-210
-188
-195
-237
-264
-250
-222
-216
-172
-125
-231
-260
-207
-195
-125
-90
-188
-193
-170
-142
-140
-153
-191
-155
-134
-197
-222
-243
-214
-178
-209
-250
-313
-273
-283
-285
-254
-306
-281
-203
-233
-270
-308
-273
-281
-296
-354
-323
-323
-306
-315
-363
-417
-384
-344
-321
-300
-333
-378
-417
-369
-376
-443
-413
-338
-275
-310
-350
-354
-359
-371
-365
-338
-308
-352
-367
-378
-342
-310
-321
-340
-333
-363
-363
-331
-329
-355
-357
-363
-354
-348
-346
-348
-350
-338
-331
-317
-369
-344
-329
-300
-210
-273
-363
-386
-346
-329
-344
-346
-329
-310
-323
-342
-336
-325
-357
-357
-317
-340
-371
-340
-382
-359
-346
-403
-430
-386
-342
-359
-447
-424
-344
-359
-403
-382
-375
-403
-413
-355
-388
-411
-390
-367
-338
-338
-355
-340
-294
-268
-300
-315
-302
-270
-302
-317
-327
-348
-319
-281
-336
-367
-361
-382
-327
-294
-294
-334
-336
-300
-336
-354
-350
-292
-323
-365
-317
-306
-348
-409
-361
-350
-312
-336
-331
-371
-357
-334
-304
-359
-313
-277
-291
-354
-371
-376
-394
-363
-365
-371
-401
-365
-342
-321
-354
-338
-346
-411
-378
-336
-363
-340
-323
-264
-291
-306
-294
-327
-237
-191
-258
-291
-292
-247
-258
-243
-186
-218
-285
-264
-245
-268
-249
-222
-224
-209
-188
-233
-235
-205
-222
-189
-105
-163
-165
-205
-218
-231
-218
-203
-180
-195
-256
-235
-226
-252
-220
-264
-317
-287
-239
-271
-277
-256
-233
-270
-287
-292
-245
-279
-287
-245
-258
-323
-291
-308
-321
-365
-333
-315
-352
-369
-369
-346
-375
-375
-403
-407
-386
-405
-438
-420
-397
-363
-363
-342
-323
-329
-357
-333
-289
-254
-315
