-352
-313
-287
-306
-334
-329
-245
-207
-233
-210
-176
-168
-184
-121
-140
-161
-153
-147
-104
-128
-125
-149
-147
-83
-44
-485
43
11
-20
41
11
24
28
-56
-54
19
24
0
-14
-23
-8
-10
-23
-54
-46
-23
-14
-14
-50
-63
-62
-25
-63
-92
-109
-111
-147
-144
-176
-144
-134
-159
-142
-147
-123
-60
-126
-149
-113
-123
-128
-163
-149
-144
-159
-184
-115
-117
-138
-134
-102
-144
-105
-111
-197
-226
-161
-178
-210
-245
-201
-188
-235
-313
-319
-260
-252
-334
-291
-230
-283
-325
-306
-258
-350
-338
-268
-308
-323
-352
-388
-375
-405
-443
-375
-380
-434
-453
-481
-520
-516
-483
-514
-552
-579
-563
-556
-556
-542
-510
-518
-512
-468
-457
-2
-512
-493
-483
-434
-420
-417
-390
-371
-373
-363
-344
-331
-317
-321
-283
-313
-376
-315
-289
-243
-245
-271
-233
-209
-209
-170
-226
-222
-186
-136
-159
-167
-104
-126
-132
-105
-94
-83
-41
-6
-58
-73
-100
-115
-102
-100
-25
-56
-119
-111
-117
-83
-140
-121
-132
-144
-138
-111
-86
-73
-69
-126
-62
-39
-39
-96
-128
-109
-102
-105
-83
-121
-52
-23
-92
-67
-134
-126
-92
-46
-39
-75
-73
-33
-33
-16
30
87
85
40
7
-6
13
-21
-18
-27
-37
15
482
5
38
475
-54
-69
-44
-8
-52
-20
-8
17
1
-16
-12
-46
-31
-50
-39
-41
-42
-73
-50
-83
-159
-130
-153
-119
-88
-88
-140
-172
-90
-102
-182
-134
-134
-107
-90
-94
-73
-90
-138
-121
-98
-113
-79
-42
-60
-117
-130
-60
-94
-149
-123
-136
-165
-157
-212
-182
-149
-216
-182
-180
-168
-167
-176
-100
-125
-144
-172
-184
-125
-172
-168
-119
-126
-155
-126
-73
-23
-16
484
-20
-62
-163
-212
-191
-203
-210
-197
-273
-262
-291
-331
-365
-394
-352
-342
-411
-409
-445
-459
-485
-525
-586
-569
-512
-537
-529
-539
-512
-512
-491
-552
-518
-504
-487
-464
-447
-491
-457
-422
-422
-434
-464
-434
-439
-396
-380
-384
-394
-439
-455
-445
-430
-378
-432
-415
-399
-401
-380
-357
-386
-394
-308
-313
-321
-296
-281
-323
-298
-273
-230
-205
-142
-147
-174
-155
-134
-107
-126
-184
-210
-147
-71
-69
-115
-96
-128
-117
-33
-39
-88
-98
-153
-155
-149
-126
-153
-207
-184
