-327
-384
-409
-439
-350
-334
-392
-460
-428
-428
-487
-516
-451
-489
-493
-567
-630
-588
-546
-563
-623
-579
-575
-539
-533
-602
-602
-548
-491
-480
-504
-432
-413
-441
-405
-350
-369
-390
-388
-375
-409
-405
-403
-378
-382
-325
-355
-327
-296
-296
-386
-344
-323
-243
-268
-275
-285
-239
-270
-308
-315
-300
-247
-275
-291
-289
-294
-271
-243
-245
-186
-172
-233
-302
-273
-283
-275
-256
-186
-212
-239
-233
-220
-193
-239
-271
-268
-252
-266
-252
-231
-168
-161
-256
-270
-300
-306
-300
-338
-296
-252
-212
-195
-235
-230
-209
-243
-231
-275
-292
-308
-243
-302
-325
-300
-241
-277
-323
-367
-291
-275
-321
-380
-361
-313
-321
-342
-357
-413
-418
-388
-315
-350
-380
-405
-432
-443
-478
-462
-462
-472
-474
-472
-411
-394
-336
-333
-355
-283
-264
-275
-289
-266
-210
-184
-163
-195
-216
-186
-142
-65
-83
-84
-39
11
-39
-39
-42
-84
-39
-489
41
-16
-16
-20
-23
-42
-23
-25
-14
-54
-48
-35
-39
-20
-33
-50
57
82
40
47
53
1
74
95
83
55
22
484
-4
-10
-10
-42
-48
-84
-35
-6
-14
-46
-117
-138
-111
-123
-60
-21
-83
-73
-56
-52
-44
-54
-50
-20
-6
28
78
47
51
76
95
47
32
104
97
32
17
45
28
482
-50
-23
19
26
-31
11
19
-18
15
-12
-21
-52
-75
-63
-77
-94
-94
-65
15
-35
-94
-102
-75
-65
-63
-146
-174
-128
-115
-102
-102
-44
-56
-125
-161
-186
-191
-210
-189
-153
-128
-163
-168
-170
-176
-168
-153
-138
-146
-123
-107
-96
-109
-46
-46
-27
19
9
83
89
87
61
19
26
24
68
9
-489
82
80
80
131
120
150
202
221
209
198
217
250
253
242
270
236
261
259
282
284
282
356
326
314
328
299
297
309
314
305
345
356
383
333
314
364
339
274
240
232
234
309
259
187
198
192
229
229
139
160
169
200
160
141
122
145
152
154
122
95
118
124
137
85
68
137
101
7
-27
20
11
11
-52
-144
-121
-128
-73
-98
-132
-189
-186
-153
-161
-203
-167
-168
-170
-165
-189
-260
-224
-188
-207
-228
-228
-268
-258
-233
-235
-241
-245
-235
-245
-226
-216
-298
-329
