-315
-283
-292
-216
-203
-268
-230
-222
-210
-138
-126
-203
-172
-157
-109
-75
-121
-151
-172
-136
-126
-172
-180
-157
-176
-237
-191
-182
-195
-230
-191
-212
-205
-178
-176
-92
-98
-167
-186
-151
-94
-102
-123
-128
-96
-149
-123
-81
-149
-165
-149
-123
-144
-209
-220
-163
-241
-302
-275
-256
-216
-237
-256
-260
-241
-285
-266
-291
-235
-241
-296
-373
-300
-235
-230
-247
-268
-256
-210
-235
-207
-165
-138
-168
-161
-107
-88
-144
-199
-188
-100
-48
-77
-102
-83
-60
-79
-79
-94
-117
-75
-96
-50
-77
-142
-111
-73
-104
-140
-104
-60
-94
-123
-105
-48
-31
-104
-157
-168
-115
-151
-155
-155
-184
-188
-182
-134
-128
-149
-138
-90
-121
-136
-176
-163
-188
-184
-123
-125
-69
-84
-157
-105
-65
-75
-111
-117
-125
-123
-94
-134
-117
-111
-100
-134
-125
-90
-119
-125
-105
-165
-123
-125
-168
-140
-98
-83
-81
-109
-79
-58
-44
-111
-83
-60
-105
-105
-46
-98
-115
-21
-10
1
-29
-58
-69
-73
-2
34
40
-23
-4
3
15
30
72
70
158
227
206
148
183
190
219
166
116
202
259
223
221
200
230
272
288
236
251
261
284
370
362
299
326
349
324
326
318
282
259
270
229
251
208
160
196
209
164
145
127
169
131
89
129
101
101
82
72
89
83
59
80
55
9
40
85
53
-14
-69
-146
-188
-146
-186
-230
-220
-235
-285
-279
-292
-380
-373
-367
-369
-401
-424
-399
-375
-405
-415
-407
-420
-447
-432
-434
-459
-464
-445
-462
-508
-489
-2
-510
-974
-424
-390
-399
-436
-445
-418
-441
-447
-464
-417
-405
-422
-438
-420
-436
-403
-417
-355
-350
-418
-382
-331
-256
-262
-252
-273
-294
-331
-291
-308
-331
-298
-294
-304
-264
-289
-292
-270
-260
-279
-294
-241
-289
-315
-357
-300
-294
-283
-357
-304
-346
-298
-287
-270
-256
-247
-224
-230
-247
-296
-231
-184
-128
-119
-125
-104
-151
-140
-147
-105
-79
-60
-63
-67
-73
-69
-71
-31
9
480
-33
-73
-33
-20
-20
-63
-39
-60
-71
-96
-121
-121
-182
-94
-46
-88
-84
-107
-41
-29
-23
-4
7
7
24
51
32
36
15
13
36
22
15
0
13
68
24
-18
47
38
45
41
43
141
