34
-12
9
41
26
36
26
13
38
13
-29
40
76
72
41
40
3
-4
26
32
7
-14
-39
-37
-79
-138
-142
-65
-105
-147
-176
-180
-193
-266
-216
-289
-340
-287
-258
-273
-342
-357
-338
-310
-302
-325
-283
-306
-264
-252
-287
-296
-292
-338
-292
-199
-233
-230
-210
-243
-271
-289
-310
-245
-193
-191
-224
-243
-186
-180
-149
-144
-191
-191
-157
-113
-134
-134
-104
-105
-100
-54
-33
-487
-23
-84
-107
-73
-25
-37
-75
-94
-94
-56
-29
15
43
19
3
-58
-90
-113
-58
-41
-23
-67
-54
-79
-18
64
0
-65
-86
-67
-65
-75
-25
-63
-63
26
-21
-6
-71
-100
-94
-69
-96
-102
-94
-105
-92
-63
-39
-77
-81
-54
-48
-84
-88
-50
-86
-100
-73
-52
-46
-60
-21
17
484
20
5
-35
-25
38
55
76
40
61
61
32
17
30
51
99
57
40
70
45
38
32
76
57
53
103
82
124
101
72
59
53
36
78
87
40
15
24
3
-6
51
20
41
484
-29
-62
-58
-14
-41
-58
-58
-48
-487
-21
-20
-42
-56
-98
-104
-48
-98
-132
-132
-138
-115
-109
-111
-138
-168
-193
-193
-182
-155
-170
-153
-184
-178
-174
-195
-182
-142
-168
-249
-231
-184
-214
-235
-243
-310
-342
-338
-338
-323
-312
-310
-306
-287
-262
-220
-233
-230
-184
-197
-239
-245
-189
-167
-205
-174
-207
-252
-302
-306
-277
-197
-254
-273
-260
-266
-262
-287
-271
-331
-336
-321
-376
-361
-336
-338
-344
-298
-357
-355
-355
-342
-331
-333
-292
-291
-271
-325
-399
-371
-334
-359
-403
-378
-392
-405
-418
-405
-428
-436
-394
-375
-407
-455
-468
-438
-394
-405
-415
-430
-525
-539
-502
-974
-457
-460
-525
-974
-472
-485
-462
-470
-495
-491
-527
-523
-521
-529
-569
-613
-571
-562
-584
-567
-588
-592
-590
-590
-586
-607
-634
-636
-653
-674
-604
-560
-577
-611
-573
-579
-705
-636
-516
-518
-584
-590
-539
-590
-598
-546
-546
-583
-563
-514
-485
-466
-426
-430
-413
-354
-342
-378
-348
-317
-355
-394
-308
-296
-308
-258
-273
-323
-397
-321
-312
-378
-340
-262
-281
-252
-226
-230
-262
-230
-256
-237
-172
-184
-228
-191
-172
-138
-199
-195
-146
-109
-149
-159
-184
-197
-165
-138
-178
-132
