5
-487
40
17
40
28
13
62
76
143
120
91
118
41
45
49
24
-2
-10
-27
-50
-29
-29
-104
-88
-94
-123
-138
-136
-155
-149
-92
-130
-180
-151
-126
-132
-149
-136
-159
-69
-60
-90
-119
-102
-73
-92
-132
-81
-147
-138
-63
-35
-67
-73
-58
-60
-119
-111
-29
-8
-81
-37
41
24
40
51
9
38
101
95
72
133
122
150
217
202
190
204
164
133
137
200
158
154
160
135
103
106
129
83
80
40
74
97
30
-18
-27
-16
20
-21
-104
-79
-73
-90
-86
-69
-71
-92
-54
-102
-88
-94
-84
-35
-16
-18
-20
17
45
47
74
93
135
95
76
133
114
24
11
-10
9
3
40
40
68
70
43
45
59
68
116
135
103
62
64
156
97
104
85
82
80
104
47
80
62
85
68
24
484
-8
20
47
28
26
62
62
62
38
24
17
34
64
74
97
83
101
133
129
146
169
196
173
133
122
209
187
64
83
87
125
146
141
167
120
41
9
68
62
68
-18
-42
9
17
24
20
-31
-83
-126
-98
-84
-123
-130
-140
-205
-176
-151
-165
-243
-222
-207
-203
-266
-271
-279
-273
-346
-363
-315
-338
-298
-294
-294
-313
-334
-315
-348
-329
-331
-270
-249
-340
-380
-291
-264
-287
-329
-323
-287
-245
-231
-191
-214
-199
-180
-176
-205
-201
-193
-184
-210
-170
-163
-130
-113
-193
-180
-184
-161
-157
-184
-178
-132
-186
-191
-142
-188
-201
-191
-165
-189
-243
-285
-245
-226
-209
-163
-153
-147
-60
-58
-46
-84
-27
-487
28
19
-42
-4
-84
-41
-10
-54
-75
-88
-81
-109
-65
-67
-125
-65
-62
-111
-67
-96
-117
-123
-84
-96
-159
-144
-142
-105
-123
-168
-176
-174
-146
-241
-333
-302
-239
-271
-250
-235
-193
-310
-333
-334
-319
-249
-268
-294
-313
-289
-273
-260
-230
-218
-241
-207
-216
-245
-250
-218
-184
-149
-210
-231
-233
-174
-138
-113
-167
-207
-186
-149
-144
-128
-83
-92
-136
-92
-44
-58
24
19
13
5
49
70
45
-12
41
78
76
43
59
91
116
93
55
19
-20
41
-8
15
-39
-77
-126
-147
-125
-126
-167
-193
-243
-230
-170
-140
-222
-262
