-12
17
-71
-119
-109
-75
-23
-8
-52
-107
-105
-77
-102
-102
-117
-144
-218
-214
-199
-182
-222
-230
-231
-226
-294
-271
-188
-218
-285
-271
-292
-262
-249
-260
-302
-304
-344
-312
-268
-260
-291
-258
-216
-258
-207
-178
-163
-147
-195
-178
-159
-125
-168
-186
-172
-172
-107
-132
-165
-178
-136
-107
-146
-157
-161
-180
-193
-147
-113
-159
-144
-128
-153
-191
-113
-86
-94
-96
-77
-46
-56
-54
-37
-130
-119
-75
-83
-44
-52
-52
-71
-69
-18
486
479
-39
-62
-48
-41
-67
-20
-33
-27
-58
-102
-90
-79
-81
-62
-25
-105
-138
-113
-146
-170
-188
-174
-134
-121
-126
-163
-146
-128
-125
-136
-109
-155
-188
-161
-128
-115
-104
-165
-161
-121
-84
-107
-113
-138
-123
-132
-136
-104
-94
-125
-161
-170
-170
-146
-105
-117
-126
-140
-153
-159
-186
-153
-136
-134
-172
-205
-163
-147
-126
-130
-123
-140
-104
-115
-128
-111
-75
-119
-167
-92
-77
-52
-23
-56
-56
-75
-48
-44
-8
7
-37
-31
-10
-37
-79
-75
-123
-157
-119
-77
-42
-119
-111
-123
-107
-98
-31
-35
-157
-212
-254
-210
-252
-271
-233
-222
-289
-281
-254
-254
-323
-325
-378
-392
-457
-464
-451
-464
-483
-497
-512
-514
-472
-510
-548
-521
-495
-497
-544
-613
-659
-615
-556
-592
-550
-537
-575
-560
-539
-508
-506
-539
-569
-548
-476
-474
-541
-521
-474
-516
-480
-480
-481
-434
-445
-460
-468
-459
-432
-394
-407
-386
-417
-411
-384
-312
-323
-331
-325
-302
-313
-308
-254
-260
-325
-252
-220
-228
-300
-292
-260
-233
-205
-130
-142
-79
-109
-184
-128
-100
-117
-88
-50
-37
5
-58
-100
-88
-81
-54
-81
-71
-18
-31
3
24
5
-4
5
-489
22
-8
-20
-44
-2
13
-39
-42
22
32
66
45
13
80
32
26
477
-10
3
-25
24
28
28
-487
-10
49
45
-37
-21
34
22
-14
-8
19
20
51
13
-33
-56
-60
-42
-12
-35
-100
-71
-100
-151
-132
-146
-134
-134
-168
-136
-151
-117
-182
-168
-140
-107
-107
-147
-163
-130
-105
-92
-111
-94
-83
-98
-132
-172
-212
-138
-132
-113
-111
-130
-121
-107
-48
-52
-119
-130
-63
-37
5
-48
-8
-14
-20
-77
-69
-84
-58
-92
-86
-56
-67
-83
-37
