-270
-235
-228
-256
-292
-277
-287
-258
-220
-237
-268
-245
-218
-159
-180
-201
-182
-132
-161
-195
-149
-174
-220
-205
-163
-157
-168
-144
-111
-149
-233
-186
-161
-172
-155
-184
-218
-256
-233
-231
-308
-281
-252
-212
-233
-344
-338
-258
-344
-348
-344
-250
-329
-340
-304
-300
-367
-376
-327
-365
-457
-518
-466
-445
-466
-438
-392
-384
-359
-344
-369
-329
-367
-399
-352
-369
-401
-386
-430
-439
-392
-426
-407
-407
-447
-462
-460
-510
-468
-447
-472
-472
-485
-476
-464
-420
-399
-394
-426
-390
-390
-355
-317
-308
-273
-273
-270
-264
-260
-283
-186
-180
-174
-126
-104
-107
-109
-83
-140
-165
-73
-111
-94
-96
-109
-63
-96
-81
-44
-48
-33
-69
-69
-96
-41
-86
-84
-165
-144
-163
-199
-159
-88
-123
-178
-258
-241
-203
-197
-209
-224
-212
-214
-224
-233
-222
-209
-182
-235
-249
-254
-266
-262
-277
-292
-283
-281
-231
-298
-243
-230
-237
-291
-237
-245
-250
-256
-281
-287
-321
-298
-258
-212
-224
-270
-365
-365
-382
-361
-302
-201
-218
-176
-188
-233
-218
-239
-233
-296
-329
-270
-281
-264
-237
-245
-220
-266
-302
-281
-247
-273
-279
-249
-191
-214
-279
-271
-292
-304
-331
-334
-321
-333
-308
-279
-260
-327
-329
-325
-373
-331
-287
-245
-250
-285
-268
-258
-273
-271
-336
-273
-271
-231
-289
-310
-262
-260
-235
-209
-220
-235
-214
-214
-218
-199
-260
-205
-262
-338
-306
-294
-300
-292
-256
-262
-243
-231
-266
-258
-218
-266
-333
-260
-220
-289
-250
-235
-270
-273
-226
-218
-195
-233
-277
-281
-281
-277
-252
-312
-304
-283
-289
-289
-235
-209
-247
-292
-268
-195
-210
-220
-243
-239
-252
-281
-235
-188
-214
-247
-237
-226
-256
-237
-233
-212
-222
-214
-161
-153
-249
-222
-220
-231
-226
-239
-191
-151
-146
-153
-174
-157
-172
-178
-142
-186
-237
-266
-210
-147
-189
-224
-237
-153
-146
-222
-170
-147
-174
-182
-157
-157
-174
-182
-195
-203
-241
-243
-256
-296
-218
-209
-220
-252
-273
-254
-224
-258
-271
-254
-266
-262
-292
-298
-325
-338
-285
-283
-336
-336
-327
-355
-348
-325
-394
-394
-331
-336
-331
-321
-363
-401
-354
-333
-392
-394
-371
-378
-346
-342
-407
-382
-317
-352
-376
-401
-405
-373
-321
-367
-342
-388
-411
-439
-399
