-21
0
-8
-31
-52
-44
-52
-111
-69
-54
-56
-65
-71
-20
-37
-42
-8
-63
-63
-94
-71
-94
-92
-105
-79
-77
-161
-201
-176
-167
-157
-174
-216
-184
-168
-163
-186
-149
-123
-168
-220
-224
-195
-155
-189
-231
-151
-163
-178
-180
-167
-176
-159
-136
-128
-212
-250
-203
-224
-258
-235
-319
-294
-306
-321
-275
-243
-281
-235
-254
-331
-294
-250
-275
-266
-289
-270
-247
-233
-247
-258
-222
-247
-258
-258
-195
-174
-191
-184
-153
-157
-207
-220
-210
-216
-201
-182
-184
-180
-146
-142
-151
-134
-140
-102
-126
-113
-115
-115
-69
-94
-161
-197
-167
-218
-207
-201
-193
-243
-214
-165
-218
-277
-289
-233
-224
-250
-233
-239
-294
-233
-210
-243
-205
-201
-195
-128
-138
-176
-207
-170
-123
-195
-197
-210
-210
-199
-210
-176
-176
-245
-231
-193
-209
-256
-270
-258
-250
-241
-228
-230
-230
-186
-195
-235
-262
-226
-191
-233
-266
-312
-312
-313
-350
-336
-277
-262
-302
-376
-376
-289
-273
-365
-441
-396
-342
-333
-357
-365
-405
-445
-464
-418
-417
-405
-405
-434
-481
-518
-535
-491
-478
-470
-453
-6
-510
-527
-495
-422
-483
-502
-441
-399
-422
-409
-439
-390
-333
-430
-430
-376
-344
-308
-336
-392
-384
-397
-415
-424
-409
-428
-386
-376
-438
-405
-432
-443
-481
-520
-510
-514
-558
-609
-602
-586
-506
-523
-544
-571
-548
-493
-481
-6
-504
-447
-441
-481
-4
-468
-449
-455
-464
-459
-403
-369
-373
-415
-354
-308
-304
-361
-312
-220
-222
-172
-184
-163
-195
-230
-188
-138
-163
-142
-134
-151
-136
-126
-121
-107
-60
-65
-83
-44
-29
-42
-20
-79
-58
-62
-79
-134
-134
-153
-184
-149
-182
-191
-193
-186
-165
-168
-126
-134
-203
-241
-264
-245
-188
-191
-237
-264
-228
-254
-226
-155
-163
-220
-197
-128
-69
-98
-109
-77
-90
-71
-33
38
484
-18
-489
-12
-46
-35
-75
-71
-71
-54
-52
-56
-115
-79
-50
-83
-75
-86
-102
-153
-178
-224
-230
-224
-230
-186
-201
-207
-209
-197
-216
-161
-193
-195
-147
-144
-163
-157
-168
-191
-147
-73
-100
-161
-184
-186
-209
-216
-174
-216
-216
-226
-241
-167
-174
-184
-201
-205
-140
-119
-144
-128
-147
-77
-100
-125
-81
-69
-102
-98
-104
-94
-117
-90
-83
-25
-73
