-279
-214
-172
-195
-191
-136
-140
-178
-174
-254
-291
-235
-231
-218
-302
-275
-237
-256
-249
-226
-256
-319
-315
-329
-340
-336
-342
-325
-254
-283
-298
-333
-291
-250
-285
-230
-197
-275
-281
-250
-199
-210
-262
-250
-231
-254
-262
-300
-262
-306
-304
-308
-327
-319
-350
-373
-357
-344
-355
-376
-333
-363
-375
-365
-302
-325
-384
-430
-422
-331
-306
-338
-384
-359
-375
-361
-386
-336
-378
-434
-466
-411
-396
-441
-413
-407
-449
-472
-478
-422
-432
-415
-460
-453
-436
-441
-474
-527
-445
-411
-443
-449
-436
-415
-449
-439
-409
-4
-504
-466
-447
-441
-434
-468
-521
-525
-474
-481
-516
-483
-976
-470
-436
-485
-478
-500
-508
-499
-455
-533
-554
-569
-556
-562
-592
-556
-590
-600
-607
-518
-525
-544
-548
-493
-434
-396
-430
-426
-457
-430
-338
-365
-355
-375
-415
-399
-407
-373
-334
-344
-373
-348
-310
-325
-346
-361
-376
-371
-373
-373
-306
-317
-338
-363
-350
-321
-304
-310
-308
-329
-352
-306
-352
-386
-363
-367
-382
-405
-375
-354
-323
-396
-384
-327
-369
-376
-367
-327
-340
-365
-346
-306
-355
-382
-357
-310
-365
-344
-258
-262
-355
-354
-300
-313
-334
-302
-338
-352
-329
-312
-352
-346
-300
-298
-249
-336
-325
-313
-287
-275
-268
-247
-291
-287
-277
-285
-250
-235
-270
-365
-338
-289
-260
-287
-338
-306
-279
-313
-331
-327
-273
-258
-268
-304
-260
-266
-321
-270
-266
-285
-296
-279
-228
-226
-283
-249
-226
-222
-218
-233
-230
-222
-270
-321
-315
-310
-292
-224
-296
-336
-334
-285
-342
-308
-256
-334
-373
-313
-317
-315
-331
-285
-289
-260
-283
-357
-300
-277
-319
-375
-375
-342
-354
-327
-329
-333
-352
-300
-308
-396
-375
-348
-361
-348
-340
-350
-312
-371
-392
-405
-367
-378
-344
-277
-146
-6
19
-153
-382
-529
-491
-441
-399
-380
-357
-323
-369
-451
-413
-386
-388
-464
-447
-367
-390
-468
-453
-407
-403
-420
-472
-506
-420
-411
-434
-453
-470
-455
-504
-491
-460
-397
-422
-405
-443
-529
-974
-424
-376
-407
-434
-439
-436
-386
-361
-310
-239
-249
-247
-231
-266
-271
-270
-283
-308
-336
-312
-296
-245
-289
-306
-277
-270
-298
-237
-197
-252
-252
-174
-142
-191
-184
-159
-113
-111
-73
-69
-31
13
20
70
47
57
64
89
