-464
-529
-544
-957
-434
-483
-516
-470
-447
-2
-533
-569
-516
-480
-541
-525
-556
-466
-529
-541
-512
-500
-460
-468
-531
-493
-548
-529
-508
-562
-632
-533
-535
-970
-472
-523
-552
-579
-539
-533
-567
-516
-468
-472
-499
-468
-438
-439
-451
-476
-455
-449
-443
-451
-466
-472
-445
-422
-468
-480
-504
-500
-512
-516
-459
-445
-405
-432
-481
-441
-464
-447
-466
-506
-493
-428
-407
-464
-546
-493
-489
-443
-424
-430
-478
-441
-392
-390
-415
-449
-432
-394
-409
-396
-380
-386
-380
-388
-417
-409
-388
-384
-342
-338
-375
-344
-304
-352
-384
-388
-348
-302
-222
-258
-334
-411
-376
-319
-325
-344
-459
-455
-424
-373
-371
-466
-426
-411
-460
-508
-466
-439
-485
-525
-506
-401
-403
-375
-384
-407
-426
-384
-405
-407
-367
-315
-367
-348
-327
-331
-329
-342
-310
-331
-323
-365
-325
-289
-298
-308
-306
-300
-266
-283
-298
-247
-260
-287
-266
-241
-271
-287
-266
-258
-254
-306
-254
-226
-250
-233
-188
-167
-176
-212
-203
-146
-161
-168
-144
-184
-210
-163
-50
-27
-65
-136
-189
-83
-73
-63
-25
-92
-63
-71
-86
-83
-25
-79
-96
-90
-105
-65
-69
-104
-128
-134
-136
-126
-151
-128
-119
-130
-128
-109
-102
-98
-115
-67
-83
-77
-96
-136
-201
-147
-136
-128
-172
-193
-230
-243
-270
-266
-218
-254
-256
-250
-287
-325
-245
-195
-250
-279
-254
-247
-271
-271
-287
-283
-306
-321
-256
-247
-231
-291
-289
-327
-306
-260
-239
-249
-262
-222
-260
-296
-270
-285
-306
-298
-285
-348
-373
-342
-342
-430
-466
-457
-438
-449
-504
-504
-518
-535
-523
-537
-516
-970
-8
-542
-535
-523
-523
-544
-562
-537
-537
-521
-537
-495
-480
-518
-571
-583
-562
-554
-569
-632
-632
-632
-607
-682
-693
-640
-638
-653
-628
-646
-609
-567
-581
-594
-552
-535
-541
-459
-6
-487
-978
-472
-4
-466
-388
-394
-422
-409
-371
-319
-325
-327
-380
-340
-292
-279
-352
-315
-300
-302
-302
-329
-329
-375
-413
-386
-392
-403
-397
-426
-397
-354
-371
-367
-363
-401
-394
-352
-376
-367
-384
-363
-359
-394
-428
-415
-451
-460
-527
-584
-605
-634
-617
-670
-653
-630
-644
-676
-653
-607
-626
-584
-552
-554
-508
-516
-502
-493
-504
-531
-474
-415
-415
-432
-418
-403
-418
-436
-373
