-500
-464
-512
-499
-520
-514
-439
-441
-418
-424
-447
-438
-373
-371
-384
-375
-359
-325
-350
-378
-392
-382
-392
-361
-365
-392
-375
-319
-291
-266
-313
-323
-313
-291
-210
-270
-291
-277
-239
-218
-289
-289
-291
-315
-333
-371
-346
-325
-279
-275
-325
-333
-292
-298
-390
-363
-287
-298
-325
-313
-237
-233
-281
-292
-270
-273
-247
-178
-203
-180
-172
-149
-151
-123
-163
-188
-186
-125
-56
-84
-121
-142
-104
-104
-105
-102
-125
-88
-117
-123
-126
-71
-60
-84
-94
-69
-16
9
-16
20
26
41
36
11
15
49
26
66
95
78
95
106
112
66
43
97
171
198
139
103
106
162
164
129
137
122
139
131
120
122
124
104
129
194
152
156
208
221
236
213
187
213
211
223
173
196
204
124
131
152
148
135
74
101
114
133
101
57
24
-21
-73
-23
9
26
3
9
-35
-84
-10
-35
-14
-29
-50
-41
-105
-107
-94
-180
-155
-191
-197
-235
-189
-155
-195
-260
-268
-226
-239
-245
-273
-256
-250
-283
-298
-302
-310
-310
-222
-266
-313
-336
-270
-346
-363
-376
-384
-336
-361
-350
-384
-365
-308
-285
-371
-388
-367
-346
-312
-340
-312
-277
-338
-338
-275
-277
-300
-277
-264
-258
-271
-231
-283
-361
-333
-306
-291
-283
-220
-275
-313
-338
-331
-243
-239
-271
-258
-300
-304
-260
-207
-237
-291
-308
-218
-197
-222
-201
-239
-237
-249
-237
-243
-304
-312
-289
-312
-323
-294
-271
-334
-327
-382
-346
-350
-355
-312
-384
-399
-390
-373
-380
-338
-306
-313
-321
-336
-291
-321
-300
-300
-279
-277
-302
-323
-325
-365
-359
-283
-308
-319
-300
-315
-287
-319
-365
-375
-325
-336
-344
-354
-336
-313
-325
-338
-342
-344
-338
-338
-350
-273
-197
-233
-319
-302
-228
-233
-281
-264
-310
-338
-308
-333
-359
-350
-399
-415
-354
-401
-453
-424
-409
-394
-455
-449
-449
-443
-424
-443
-474
-527
-466
-541
-516
-453
-468
-537
-586
-602
-632
-636
-642
-621
-615
-640
-644
-626
-615
-636
-613
-586
-577
-619
-604
-628
-609
-628
-657
-716
-655
-647
-630
-602
-636
-642
-630
-625
-630
-626
-602
-604
-611
-619
-586
-598
-523
-539
-569
-535
-552
-554
-512
-466
-510
-518
-525
-550
-586
-544
-504
-537
-558
-518
-537
-575
