-346
-321
-352
-415
-359
-342
-315
-331
-333
-407
-327
-329
-294
-300
-287
-334
-329
-291
-304
-317
-300
-331
-334
-350
-323
-289
-323
-325
-310
-273
-279
-279
-275
-226
-239
-210
-180
-180
-155
-98
-115
-165
-123
-46
-29
-75
-100
-109
-96
-115
-96
-35
-83
-107
-58
-2
17
-48
-39
34
38
-113
-79
-487
11
-21
-62
-60
-79
-35
-16
-119
-153
-98
-130
-111
-111
-77
-41
11
-29
-63
-29
-21
15
-33
-489
45
1
-23
36
59
26
-12
-468
87
49
26
-4
-483
59
30
1
85
72
40
-16
-485
43
51
40
11
49
89
91
38
32
24
13
41
51
-27
-20
-46
-75
-31
-27
-65
-33
-50
-105
-105
-102
-151
-149
-81
-105
-138
-104
-84
-128
-119
-100
-161
-157
-231
-222
-249
-233
-199
-218
-270
-245
-214
-218
-214
-250
-258
-294
-256
-216
-243
-279
-292
-205
-172
-270
-270
-195
-228
-247
-189
-186
-168
-153
-104
-149
-155
-134
-81
-83
-81
-125
-167
-132
-136
-153
-201
-281
-289
-209
-218
-247
-264
-239
-277
-323
-287
-270
-294
-302
-367
-329
-304
-264
-235
-256
-317
-367
-323
-252
-289
-298
-270
-270
-298
-287
-321
-312
-302
-329
-359
-375
-373
-376
-375
-375
-403
-418
-363
-363
-361
-350
-346
-441
-489
-974
-417
-392
-447
-493
-388
-325
-403
-466
-396
-418
-472
-422
-459
-439
-480
-441
-462
-455
-422
-430
-438
-373
-397
-396
-375
-369
-346
-354
-346
-367
-350
-317
-336
-325
-375
-346
-371
-329
-382
-367
-359
-333
-292
-271
-346
-313
-249
-277
-312
-315
-331
-333
-325
-321
-375
-380
-344
-315
-291
-279
-317
-294
-270
-304
-334
-336
-340
-308
-228
-289
-275
-252
-298
-289
-249
-277
-231
-201
-275
-260
-268
-235
-209
-239
-252
-212
-207
-222
-176
-144
-197
-231
-241
-161
-140
-126
-123
-184
-193
-258
-247
-245
-237
-287
-271
-243
-306
-302
-367
-354
-327
-319
-409
-428
-428
-445
-405
-361
-418
-487
-464
-417
-470
-531
-493
-371
-407
-2
-474
-455
-2
-527
-485
-453
-483
-468
-470
-457
-495
-548
-529
-527
-560
-546
-533
-518
-478
-518
-533
-525
-468
-500
-439
-428
-470
-460
-407
-417
-396
-365
-415
-409
-392
-375
-397
-472
-478
-420
-390
-354
-430
-460
-512
-978
-457
-441
-478
-481
