-109
-144
-163
-119
-182
-163
-153
-155
-197
-178
-176
-155
-180
-205
-172
-149
-151
-220
-167
-149
-121
-195
-231
-228
-245
-273
-266
-159
-195
-289
-273
-178
-193
-241
-220
-210
-252
-308
-342
-329
-300
-298
-292
-308
-329
-375
-333
-336
-357
-300
-352
-382
-371
-361
-359
-334
-260
-271
-294
-245
-214
-258
-222
-216
-168
-142
-132
-142
-149
-144
-111
-151
-125
-98
-46
7
0
-21
-37
38
82
82
57
70
95
53
55
62
82
97
59
82
99
64
82
93
34
486
34
49
-14
22
-37
-39
61
24
-23
-14
5
-60
-67
-58
-62
-77
-117
-90
-56
-83
-102
-119
-203
-216
-235
-222
-252
-226
-207
-249
-292
-325
-415
-405
-407
-457
-434
-399
-472
-510
-514
-518
-537
-525
-550
-615
-588
-596
-596
-571
-609
-569
-544
-539
-598
-562
-577
-655
-590
-573
-554
-535
-514
-537
-565
-560
-539
-512
-525
-533
-552
-556
-535
-560
-569
-535
-544
-586
-600
-573
-563
-590
-619
-579
-537
-573
-552
-533
-535
-512
-466
-976
-451
-445
-441
-445
-518
-464
-422
-445
-455
-451
-466
-439
-432
-457
-445
-428
-453
-439
-483
-415
-363
-415
-455
-396
-378
-355
-342
-369
-352
-298
-283
-321
-294
-321
-355
-369
-382
-344
-342
-340
-355
-348
-354
-409
-420
-409
-420
-392
-359
-342
-390
-483
-470
-432
-392
-415
-443
-445
-459
-493
-453
-422
-472
-527
-512
-978
-468
-462
-424
-417
-432
-4
-405
-375
-390
-426
-430
-390
-438
-430
-418
-430
-428
-409
-466
-468
-418
-426
-470
-512
-497
-474
-502
-495
-562
-542
-485
-552
-581
-586
-554
-514
-558
-575
-541
-512
-516
-495
-508
-531
-565
-539
-577
-560
-607
-604
-571
-592
-621
-619
-674
-676
-625
-699
-773
-739
-699
-710
-743
-747
-802
-779
-836
-804
-764
-802
-768
-760
-754
-728
-745
-726
-770
-812
-813
-842
-859
-867
-836
-846
-836
-865
-800
-825
-913
-917
-926
-924
-886
-918
-920
-882
-878
-876
-850
-840
-842
-834
-804
-812
-836
-796
-806
-844
-896
-890
-909
-852
-815
-813
-802
-829
-852
-775
-758
-773
-707
-728
-762
-768
-724
-668
-680
-686
-621
-575
-617
-586
-588
-552
-550
-508
-598
-554
-531
-459
-468
-480
-499
-476
-468
-462
-439
-413
-380
-413
-445
-376
-361
-334
-359
-371
-327
-327
