-546
-521
-539
-533
-535
-546
-615
-529
-4
-504
-563
-588
-500
-447
-485
-441
-459
-470
-468
-449
-462
-478
-529
-510
-430
-422
-432
-432
-397
-399
-399
-380
-376
-336
-371
-329
-312
-361
-363
-331
-363
-342
-346
-319
-298
-336
-373
-359
-365
-373
-367
-396
-323
-264
-317
-355
-262
-285
-298
-310
-310
-277
-275
-287
-250
-210
-304
-363
-262
-291
-323
-315
-298
-262
-239
-342
-365
-254
-279
-344
-329
-266
-277
-285
-247
-283
-310
-292
-321
-268
-222
-233
-258
-254
-277
-306
-302
-262
-203
-273
-312
-315
-281
-226
-279
-283
-298
-296
-363
-396
-384
-384
-403
-401
-390
-401
-392
-336
-350
-365
-384
-403
-394
-378
-411
-376
-325
-346
-334
-270
-260
-321
-306
-285
-292
-247
-271
-222
-220
-220
-237
-222
-189
-216
-230
-220
-237
-197
-222
-271
-239
-222
-163
-167
-212
-237
-209
-193
-203
-212
-212
-235
-216
-136
-191
-201
-189
-195
-199
-228
-209
-209
-239
-252
-283
-270
-262
-247
-271
-243
-302
-296
-235
-233
-287
-283
-205
-184
-191
-195
-241
-252
-235
-189
-214
-312
-279
-310
-275
-237
-247
-199
-159
-258
-292
-214
-193
-180
-191
-195
-193
-247
-226
-197
-226
-292
-283
-266
-306
-258
-266
-193
-186
-170
-161
-212
-201
-147
-176
-205
-109
-75
-109
-69
-56
-54
-27
24
30
15
17
53
89
36
51
145
146
83
85
133
185
192
166
221
240
208
187
190
234
246
250
238
259
202
179
200
229
301
234
110
120
166
200
179
192
156
135
171
112
106
175
131
97
114
124
141
148
120
145
110
87
64
78
78
93
17
-20
-485
32
15
5
-46
-21
24
-14
-65
-130
-151
-115
-172
-197
-176
-138
-167
-123
-151
-189
-209
-203
-170
-132
-90
-126
-163
-159
-115
-75
-151
-146
-168
-216
-231
-168
-146
-174
-212
-199
-119
-140
-132
-151
-56
-62
-77
-83
-60
-41
-86
-83
-71
-63
-33
-8
7
-12
-12
486
-23
0
-20
-489
1
7
482
-487
26
9
22
59
13
-481
85
62
74
74
20
1
7
87
93
93
7
-10
11
482
-62
-56
-12
484
-83
-44
-16
-16
-54
-71
-10
486
-478
32
15
-39
-58
38
26
-16
-52
-16
15
-23
-63
-84
-31
-41
-489
-27
