-292
-231
-189
-193
-201
-230
-212
-186
-163
-165
-193
-136
-134
-140
-94
-117
-130
-146
-121
-161
-115
-102
-168
-186
-184
-144
-100
-88
-126
-176
-184
-170
-83
-54
-75
-73
-54
-39
-33
-48
-33
-23
11
20
30
9
-37
-39
-18
-10
-16
-41
-62
-62
-105
-180
-184
-138
-92
-94
-193
-168
-149
-134
-159
-186
-199
-188
-249
-249
-243
-306
-376
-302
-306
-386
-354
-354
-367
-388
-462
-396
-355
-415
-346
-312
-418
-478
-354
-365
-384
-405
-373
-296
-268
-325
-291
-294
-321
-291
-333
-310
-262
-218
-199
-231
-186
-220
-258
-218
-230
-264
-188
-94
-126
-125
-46
-119
-168
-117
-33
482
-58
-88
-58
-63
-113
-144
-146
-115
-119
-88
-54
-94
-157
-130
-147
-121
-126
-153
-130
-132
-138
-147
-138
-189
-201
-170
-174
-157
-184
-228
-188
-186
-252
-275
-264
-237
-306
-304
-304
-317
-306
-315
-302
-300
-375
-407
-365
-310
-336
-415
-487
-520
-500
-476
-493
-508
-512
-480
-506
-548
-560
-563
-588
-600
-584
-560
-493
-466
-560
-514
-443
-14
-512
-546
-571
-560
-525
-546
-596
-581
-592
-621
-638
-625
-609
-628
-562
-577
-634
-653
-609
-607
-583
-605
-554
-533
-558
-527
-541
-459
-424
-508
-968
-453
-447
-462
-436
-424
-441
-426
-432
-451
-426
-409
-397
-432
-478
-428
-415
-417
-418
-422
-376
-355
-352
-371
-363
-334
-367
-367
-342
-354
-392
-369
-420
-447
-470
-405
-392
-384
-390
-367
-355
-403
-384
-394
-428
-441
-399
-394
-464
-489
-520
-491
-432
-422
-468
-504
-443
-417
-430
-434
-403
-382
-382
-426
-367
-350
-354
-359
-384
-380
-382
-415
-342
-355
-386
-329
-266
-235
-310
-252
-287
-258
-258
-275
-268
-271
-321
-323
-292
-292
-275
-312
-294
-258
-300
-308
-304
-306
-291
-342
-350
-346
-325
-327
-296
-287
-338
-352
-392
-399
-367
-380
-411
-418
-451
-424
-439
-439
-392
-462
-531
-502
-541
-569
-581
-562
-542
-569
-605
-552
-541
-630
-661
-640
-630
-615
-588
-565
-590
-563
-560
-605
-598
-531
-527
-510
-439
-10
-523
-480
-481
-508
-518
-497
-415
-418
-447
-420
-439
-481
-464
-413
-415
-352
-371
-434
-392
-403
-441
-447
-375
-327
-302
-317
-319
-285
-245
-209
-247
-231
-247
-237
-210
-218
-247
-250
-283
-256
-243
-222
-235
