-241
-271
-252
-250
-235
-250
-279
-247
-191
-161
-197
-214
-222
-182
-224
-203
-199
-210
-172
-151
-184
-199
-178
-180
-210
-189
-140
-111
-128
-111
-90
-92
-109
-58
-54
-67
-75
-12
-46
-75
-71
-37
-4
-75
-109
-67
-23
40
22
5
-14
30
68
53
70
68
28
89
135
124
76
47
32
7
17
28
47
45
3
-44
-88
-73
-35
-69
-84
-140
-107
-142
-172
-121
-153
-167
-178
-220
-220
-199
-235
-218
-197
-189
-172
-226
-283
-252
-237
-231
-249
-231
-226
-199
-184
-176
-170
-203
-189
-167
-186
-172
-159
-153
-182
-153
-125
-100
-102
-73
-50
-67
-130
-151
-88
-44
-29
34
20
7
3
28
28
-14
-480
47
72
72
17
15
41
20
-63
-58
-485
22
-8
-18
-23
-42
-25
-20
-20
-50
11
-46
-147
-105
-77
-77
-107
-83
-25
-86
-102
-100
-25
-18
-73
-113
-105
-146
-191
-201
-176
-207
-228
-249
-226
-245
-250
-313
-304
-323
-355
-390
-399
-411
-401
-420
-417
-472
-445
-422
-407
-453
-510
-493
-464
-445
-6
-500
-457
-394
-401
-392
-474
-481
-472
-432
-518
-510
-457
-453
-542
-497
-584
-598
-565
-499
-525
-550
-533
-531
-541
-523
-518
-497
-565
-573
-577
-573
-533
-552
-594
-613
-562
-539
-634
-634
-577
-617
-602
-613
-630
-607
-613
-588
-563
-529
-542
-542
-527
-542
-569
-518
-476
-455
-445
-459
-415
-430
-375
-367
-413
-441
-399
-439
-417
-344
-348
-357
-396
-355
-321
-235
-241
-294
-298
-289
-237
-212
-216
-205
-195
-222
-216
-209
-222
-228
-209
-191
-176
-214
-264
-292
-285
-304
-294
-285
-296
-327
-292
-367
-308
-313
-319
-338
-338
-415
-415
-388
-401
-420
-422
-422
-373
-438
-426
-378
-289
-287
-369
-344
-336
-327
-312
-317
-300
-336
-338
-359
-380
-340
-292
-249
-300
-323
-275
-247
-228
-233
-245
-193
-136
-147
-222
-191
-195
-230
-186
-149
-161
-126
-96
-165
-161
-146
-132
-123
-92
-128
-123
-119
-146
-159
-121
-105
-149
-168
-167
-230
-264
-189
-138
-228
-260
-241
-249
-228
-264
-254
-256
-298
-256
-245
-193
-241
-245
-289
-266
-218
-226
-268
-289
-281
-258
-205
-258
-184
-201
-149
-121
-71
-44
-50
-12
22
17
-54
-29
13
7
-6
-37
7
43
30
-8
