120
51
30
26
477
-27
32
139
116
62
7
36
-39
-37
-63
-63
-77
-41
-35
-119
-134
-69
-25
-104
-115
-136
-136
-167
-167
-144
-104
-98
-132
-134
-90
-138
-195
-176
-189
-172
-147
-170
-188
-210
-203
-161
-113
-136
-105
-123
-126
-69
-84
-77
-63
-12
-81
-69
-23
41
55
24
85
127
192
166
164
175
248
248
276
286
328
328
362
417
416
454
496
473
402
410
469
421
364
398
408
448
419
463
416
410
534
450
438
471
469
421
446
459
408
417
398
402
356
353
375
379
417
393
337
288
278
330
240
188
211
248
259
272
265
215
185
244
242
183
171
217
229
175
133
190
213
152
125
141
183
225
206
127
127
167
148
177
150
87
80
93
110
11
-27
-487
-20
-52
-60
-46
-23
-21
15
-21
-73
-54
-79
-130
-79
-168
-199
-147
-115
-147
-81
-50
-46
-54
-81
-75
-104
-111
-94
-98
-104
-130
-90
-144
-243
-189
-167
-207
-283
-300
-285
-271
-270
-277
-268
-247
-205
-239
-252
-256
-266
-254
-218
-256
-268
-241
-241
-195
-212
-182
-210
-214
-220
-243
-273
-237
-250
-271
-291
-296
-281
-258
-283
-300
-306
-373
-396
-340
-312
-340
-361
-338
-357
-350
-313
-336
-346
-392
-399
-329
-354
-352
-327
-363
-333
-304
-394
-371
-340
-348
-344
-317
-252
-220
-207
-218
-163
-157
-107
-92
-140
-140
-136
-140
-157
-203
-189
-104
-128
-130
-136
-165
-174
-134
-134
-188
-237
-189
-210
-195
-182
-180
-209
-243
-239
-220
-235
-289
-323
-342
-323
-302
-294
-317
-357
-443
-441
-417
-422
-403
-453
-401
-399
-436
-459
-480
-470
-447
-430
-430
-409
-424
-420
-432
-396
-365
-390
-365
-386
-439
-460
-439
-436
-417
-373
-403
-390
-355
-388
-428
-397
-409
-445
-447
-460
-504
-489
-500
-512
-521
-514
-546
-602
-552
-539
-579
-586
-609
-579
-598
-676
-647
-594
-674
-667
-600
-605
-642
-701
-741
-688
-646
-613
-676
-709
-684
-703
-709
-710
-724
-731
-720
-689
-724
-754
-724
-712
-644
-611
-607
-584
-527
-535
-548
-468
-436
-422
-439
-474
-512
-449
-382
-325
-346
-327
-348
-405
-409
-361
-355
-392
-394
-367
-338
-321
-298
-306
-298
-252
-281
-294
-279
-277
-283
