-52
-52
-4
-2
11
-14
-29
-39
-92
-58
-42
-48
-54
-21
-65
-54
-37
-46
-84
-65
-8
1
-16
-86
-12
13
15
-14
-14
11
-29
-77
-42
-42
-83
-39
-65
-142
-134
-69
-56
-77
-58
-79
-102
-128
-168
-149
-136
-180
-168
-144
-149
-128
-136
-184
-235
-237
-218
-268
-287
-306
-277
-275
-291
-237
-256
-285
-306
-300
-285
-250
-214
-268
-302
-285
-233
-231
-256
-220
-191
-270
-277
-250
-218
-214
-233
-247
-182
-161
-125
-144
-174
-123
-121
-147
-146
-88
-102
-134
-83
-37
-487
-14
-25
-63
-56
-88
-113
-60
-71
-128
-128
-90
-104
-136
-157
-125
-128
-71
-102
-128
-100
-50
-69
-56
-63
-65
-21
-4
-18
-37
-63
-31
-31
-6
-48
-31
-25
-100
-123
-54
-48
-8
-14
-33
7
40
22
49
68
76
17
32
59
0
40
53
51
66
5
-4
85
150
122
61
137
148
116
114
104
11
13
82
76
66
62
15
41
5
24
80
19
19
3
24
55
-31
-27
-41
-75
-58
-84
-79
-65
-41
-83
-67
-126
-113
-128
-149
-98
-121
-117
-77
-41
-44
-94
-48
-2
480
-10
-35
-23
20
53
36
82
135
160
200
169
169
192
246
263
263
217
288
322
305
349
353
328
324
330
370
404
444
389
402
431
452
450
437
431
396
402
448
461
423
494
463
467
461
471
490
511
519
528
520
963
440
410
1
522
509
528
526
507
536
952
381
442
427
419
433
435
425
328
337
332
381
345
337
337
318
358
295
261
242
286
269
307
270
234
259
221
188
263
248
160
91
83
114
74
34
78
55
11
-56
-14
-44
-86
-65
-62
-73
-98
-142
-155
-132
-163
-157
-138
-157
-222
-193
-230
-199
-237
-237
-296
-310
-340
-361
-323
-367
-394
-390
-428
-468
-459
-510
-518
-483
-514
-546
-531
-497
-502
-462
-455
-474
-481
-500
-525
-506
-531
-460
-481
-476
-489
-516
-500
-533
-554
-535
-512
-516
-518
-510
-483
-487
-453
-417
-468
-397
-348
-346
-380
-413
-354
-312
-317
-300
-367
-405
-474
-396
-348
-397
-415
-401
-371
-449
-481
-455
-472
-470
-464
-428
-436
-466
-428
-2
-516
-487
-974
-426
-417
-432
-424
-449
