-27
-33
-487
-10
-31
-52
-18
34
17
20
20
47
41
28
7
-25
-63
-48
-483
11
-54
-92
-126
-92
-65
-83
-86
-67
-75
-109
-96
-100
-132
-130
-92
-75
-88
-134
-102
-142
-168
-111
-182
-222
-189
-186
-195
-176
-218
-191
-180
-209
-216
-199
-186
-210
-195
-157
-170
-157
-142
-149
-132
-107
-155
-138
-96
-18
-155
47
-31
-155
-132
-75
-489
53
43
62
7
-52
-109
-50
26
41
41
55
61
61
108
40
120
175
171
166
192
240
200
213
177
192
263
213
194
232
251
188
179
250
248
234
253
284
255
259
238
255
291
309
223
211
282
269
272
261
230
179
194
188
164
152
194
250
141
78
78
106
61
78
61
47
9
7
41
32
80
95
34
-8
59
38
-12
-489
26
47
484
-54
-105
-123
-130
-77
-138
-144
-109
-100
-31
-10
-105
-157
-125
-134
-193
-176
-180
-165
-172
-155
-115
-161
-165
-168
-193
-201
-203
-212
-254
-199
-155
-142
-149
-167
-159
-88
-75
-146
-239
-128
-105
-84
-77
-73
-111
-159
-109
-92
-41
-42
-83
-21
7
24
43
-23
-4
17
24
45
78
66
49
133
129
160
139
156
166
158
104
55
64
187
145
162
175
198
192
125
124
125
154
112
125
146
187
259
181
152
164
61
64
173
164
114
43
64
118
66
486
-6
36
486
-20
-56
-94
-102
-65
-73
-81
-83
-14
5
-92
-111
-105
-90
-48
-105
-69
-4
0
-37
-69
-54
-56
-69
-138
-126
-117
-147
-168
-178
-107
-189
-193
-172
-176
-205
-224
-216
-216
-207
-201
-205
-247
-262
-218
-180
-163
-220
-243
-188
-161
-201
-168
-188
-222
-140
-167
-220
-216
-149
-230
-271
-231
-205
-209
-199
-184
-235
-193
-182
-197
-209
-203
-250
-306
-205
-184
-209
-218
-283
-342
-306
-313
-313
-281
-302
-350
-386
-346
-315
-327
-315
-285
-294
-382
-413
-417
-392
-415
-441
-420
-438
-405
-439
-489
-462
-449
-449
-459
-460
-459
-468
-470
-462
-483
-449
-457
-491
-460
-464
-481
-430
-390
-397
-407
-422
-392
-394
-384
-363
-323
-355
-354
-313
-338
-294
-287
-308
-319
-308
-268
-228
-207
-235
-233
-239
-230
-264
-294
-256
-193
-161
-107
-107
