-142
-230
-243
-189
-174
-121
-92
-62
-92
-159
-186
-203
-195
-226
-220
-207
-191
-254
-230
-224
-218
-260
-298
-294
-264
-285
-342
-357
-409
-415
-399
-474
-459
-464
-520
-552
-495
-525
-584
-598
-596
-621
-649
-621
-558
-560
-588
-632
-605
-600
-600
-626
-680
-674
-625
-691
-756
-712
-686
-707
-730
-737
-735
-733
-743
-726
-743
-680
-628
-613
-665
-625
-621
-607
-598
-611
-609
-563
-516
-542
-634
-615
-529
-562
-682
-638
-521
-588
-674
-638
-625
-676
-680
-634
-626
-632
-628
-642
-657
-613
-563
-607
-607
-590
-556
-649
-630
-537
-562
-569
-537
-514
-502
-518
-516
-500
-462
-480
-466
-432
-459
-457
-403
-394
-453
-464
-388
-445
-434
-489
-453
-462
-405
-403
-438
-520
-457
-415
-453
-460
-455
-516
-537
-504
-418
-424
-449
-432
-439
-434
-455
-447
-411
-336
-287
-304
-302
-338
-300
-260
-310
-325
-226
-231
-266
-241
-291
-302
-266
-268
-296
-373
-378
-329
-325
-312
-354
-329
-321
-310
-319
-327
-354
-333
-317
-296
-283
-319
-338
-359
-439
-409
-342
-367
-342
-350
-405
-376
-354
-331
-359
-340
-289
-287
-323
-333
-348
-277
-289
-310
-310
-292
-279
-273
-285
-308
-294
-285
-304
-334
-266
-231
-218
-209
-231
-237
-228
-153
-172
-230
-241
-254
-243
-237
-270
-308
-254
-226
-237
-292
-279
-243
-268
-285
-340
-310
-310
-321
-352
-348
-321
-325
-350
-344
-308
-270
-254
-273
-304
-283
-291
-264
-281
-291
-306
-292
-331
-396
-348
-348
-348
-394
-401
-405
-333
-321
-357
-327
-294
-312
-346
-382
-292
-231
-312
-310
-264
-249
-243
-230
-222
-241
-220
-199
-184
-184
-113
-155
-161
-159
-113
-146
-174
-159
-128
-142
-153
-165
-193
-147
-149
-182
-157
-159
-203
-180
-180
-191
-180
-136
-210
-180
-168
-195
-197
-151
-92
-157
-172
-153
-146
-96
-107
-176
-168
-56
-20
-50
-88
-81
-73
-138
-180
-157
-102
-126
-207
-172
-123
-142
-159
-119
-100
-151
-136
-138
-96
-86
-128
-130
-98
-96
-44
-52
-44
-33
-23
-56
-54
-8
19
13
11
-4
-27
-27
-42
-37
-50
-84
-50
-16
-46
-39
-12
38
36
-10
-16
-21
-33
-63
-81
-77
-105
-111
-42
-20
-65
-50
-62
-29
-62
-77
-75
-79
-56
-41
-29
-56
-67
-73
-73
-83
-67
