-315
-348
-315
-296
-275
-352
-338
-334
-344
-275
-277
-271
-289
-300
-285
-201
-256
-270
-285
-275
-296
-291
-209
-151
-188
-193
-170
-167
-147
-140
-136
-113
-138
-153
-182
-180
-125
-207
-207
-188
-146
-188
-209
-193
-189
-168
-157
-220
-220
-224
-209
-176
-189
-188
-195
-136
-151
-134
-126
-130
-142
-151
-172
-104
-105
-123
-86
-92
-115
-136
-155
-146
-119
-100
-126
-165
-176
-176
-151
-195
-205
-167
-168
-209
-205
-140
-159
-230
-222
-174
-147
-214
-189
-195
-231
-258
-241
-220
-207
-199
-203
-262
-230
-273
-279
-245
-237
-193
-193
-199
-233
-258
-247
-247
-289
-260
-230
-235
-266
-270
-260
-203
-226
-230
-216
-191
-128
-172
-203
-178
-142
-121
-100
-67
-44
47
87
122
99
486
-73
-483
66
78
19
22
30
7
26
13
-31
-58
-52
-54
-100
-189
-128
-102
-168
-159
-86
-83
-146
-167
-128
-104
-92
-63
-44
-69
-62
-71
-94
-102
-115
-84
-90
-25
-12
-31
-98
-86
-29
-21
-21
-105
-109
-52
-100
-146
-144
-174
-161
-176
-138
-126
-159
-77
-60
-71
-100
-52
-50
-56
-35
15
15
91
83
120
95
78
95
188
156
116
164
164
154
127
177
261
257
194
200
213
284
295
274
270
307
375
385
301
291
370
374
333
311
311
345
387
341
318
276
244
267
326
301
263
251
223
179
158
187
173
217
179
145
127
137
145
87
87
95
36
486
7
36
28
-18
-29
-79
-84
-67
-67
-88
-155
-123
-102
-96
-126
-153
-136
-210
-199
-256
-275
-279
-250
-285
-315
-275
-283
-271
-275
-273
-250
-247
-203
-247
-281
-239
-184
-151
-226
-273
-186
-105
-155
-174
-180
-174
-126
-121
-138
-144
-107
-102
-136
-104
-147
-163
-167
-184
-188
-199
-195
-180
-126
-147
-191
-149
-186
-180
-163
-168
-231
-209
-224
-184
-161
-151
-174
-174
-178
-195
-184
-209
-186
-188
-233
-230
-237
-256
-258
-289
-306
-325
-357
-369
-420
-384
-270
-340
-378
-327
-304
-352
-418
-384
-331
-367
-417
-359
-334
-323
-342
-420
-401
-371
-422
-409
-390
-439
-436
-436
-478
-472
-443
-451
-470
-447
-504
-500
-487
-489
-497
-426
-480
-510
-462
-466
-4
-453
-417
-420
-397
-432
-424
-399
-474
-499
-445
-428
