-441
-325
-369
-438
-390
-323
-327
-397
-428
-365
-373
-363
-354
-417
-457
-462
-426
-369
-367
-321
-346
-365
-325
-279
-270
-252
-266
-302
-340
-323
-294
-268
-273
-252
-258
-233
-230
-271
-218
-222
-260
-197
-226
-237
-230
-245
-220
-224
-233
-231
-243
-203
-167
-167
-123
-115
-92
-90
-94
-126
-113
-14
-121
-182
-105
-113
-86
-84
-113
-138
-149
-125
-113
-159
-205
-203
-144
-153
-188
-220
-207
-256
-218
-147
-283
-323
-266
-256
-275
-247
-224
-243
-279
-323
-319
-285
-325
-344
-373
-378
-357
-365
-304
-380
-403
-375
-340
-359
-430
-396
-359
-417
-6
-464
-449
-481
-508
-518
-451
-445
-489
-497
-506
-445
-401
-355
-441
-403
-365
-361
-312
-315
-384
-365
-275
-277
-304
-268
-281
-304
-298
-298
-271
-298
-340
-313
-325
-308
-327
-304
-289
-250
-270
-285
-247
-228
-235
-283
-289
-262
-268
-226
-199
-193
-210
-224
-184
-161
-243
-231
-163
-165
-151
-151
-151
-147
-138
-176
-119
-151
-140
-149
-184
-104
-75
-86
-105
-126
-109
-115
-132
-63
-46
-52
-146
-130
-63
-94
-130
-69
-94
-113
-109
-67
-165
-123
-79
-60
-109
-96
-107
-146
-102
-71
-73
-104
-67
-16
-37
-54
-35
-20
-33
-35
-27
-21
-79
-67
-41
-65
-62
-35
-16
-2
0
1
36
53
22
26
47
76
41
36
76
55
-14
-483
103
95
47
480
20
62
62
30
-18
-39
-2
30
480
-23
5
32
-29
-35
-33
-39
-35
-14
-46
-29
-6
-46
-90
-77
-37
-86
-83
-46
-31
-123
-168
-125
-132
-203
-216
-201
-201
-241
-237
-279
-243
-298
-310
-321
-323
-268
-304
-306
-294
-287
-375
-373
-382
-407
-459
-441
-424
-462
-510
-510
-521
-476
-434
-455
-468
-476
-483
-481
-558
-514
-502
-516
-514
-539
-596
-552
-500
-510
-539
-512
-542
-569
-565
-508
-518
-531
-487
-516
-556
-531
-453
-451
-472
-504
-502
-525
-535
-529
-508
-460
-441
-514
-533
-504
-508
-533
-413
-449
-506
-476
-451
-428
-466
-451
-476
-455
-18
-968
-447
-529
-533
-567
-508
-449
-470
-531
-590
-615
-632
-569
-537
-516
-575
-581
-537
-508
-470
-6
-441
-447
-480
-480
-460
-451
-493
-432
-468
-466
-445
-453
-441
-468
-493
-464
-422
-453
-483
-487
-485
-500
-481
-424
-390
-403
