154
162
145
156
154
127
120
114
59
34
15
24
49
70
45
22
-29
-35
22
57
1
-56
-48
-48
-62
-153
-98
-79
-102
-115
-144
-83
-56
-81
-115
-130
-94
-109
-117
-86
-132
-117
-100
-136
-140
-189
-165
-182
-184
-167
-170
-224
-216
-180
-168
-161
-188
-205
-220
-256
-231
-249
-262
-184
-188
-176
-182
-174
-224
-230
-159
-146
-147
-197
-174
-138
-140
-149
-81
-170
-186
-212
-197
-243
-189
-157
-226
-197
-180
-207
-201
-203
-233
-203
-212
-256
-233
-231
-189
-147
-197
-212
-174
-146
-165
-224
-220
-172
-180
-186
-182
-270
-230
-245
-235
-224
-294
-250
-188
-233
-256
-252
-249
-294
-329
-292
-205
-218
-268
-252
-273
-277
-254
-193
-195
-256
-281
-275
-270
-281
-310
-323
-275
-260
-254
-310
-399
-432
-386
-333
-354
-443
-405
-361
-399
-407
-359
-373
-348
-357
-306
-302
-334
-380
-312
-245
-258
-285
-270
-247
-220
-270
-256
-266
-306
-378
-319
-371
-438
-420
-409
-420
-420
-373
-396
-424
-399
-363
-382
-371
-392
-401
-376
-369
-415
-411
-401
-426
-409
-369
-403
-438
-451
-417
-439
-439
-384
-411
-457
-428
-420
-474
-976
-480
-495
-455
-449
-476
-457
-485
-480
-430
-476
-518
-497
-483
-546
-504
-441
-2
-544
-533
-581
-552
-541
-594
-562
-550
-579
-554
-529
-531
-554
-541
-504
-481
-2
-493
-478
-460
-466
-455
-478
-470
-453
-489
-508
-462
-4
-535
-592
-642
-638
-611
-527
-537
-550
-571
-573
-565
-539
-500
-978
-468
-493
-474
-436
-468
-481
-462
-420
-401
-397
-365
-386
-386
-386
-384
-403
-411
-411
-352
-363
-313
-336
-338
-291
-302
-373
-333
-300
-302
-302
-302
-302
-277
-262
-264
-235
-233
-228
-180
-172
-233
-273
-262
-201
-222
-214
-210
-182
-172
-147
-176
-235
-258
-277
-306
-241
-220
-231
-270
-308
-317
-285
-308
-262
-249
-271
-292
-279
-245
-260
-279
-247
-312
-277
-249
-254
-292
-365
-426
-386
-357
-346
-376
-436
-407
-363
-386
-399
-375
-342
-346
-340
-317
-315
-336
-300
-308
-315
-363
-342
-394
-376
-354
-344
-354
-378
-359
-348
-407
-449
-460
-487
-466
-434
-14
-514
-495
-10
-535
-462
-409
-422
-407
-453
-462
-523
-533
-539
-500
-518
-502
-472
-472
-554
-539
-516
-487
-521
-495
-504
-544
-562
