-441
-363
-365
-357
-336
-304
-304
-298
-271
-235
-283
-271
-287
-302
-260
-249
-281
-271
-266
-218
-210
-205
-159
-178
-214
-216
-203
-159
-115
-130
-153
-163
-132
-140
-153
-119
-109
-153
-151
-105
-73
-63
-84
-62
-77
-48
-39
-75
-71
-58
-39
-8
17
19
-50
-67
26
45
55
-18
-37
1
-20
-4
-48
-60
-4
41
-29
-41
-16
-21
-63
-56
-94
-96
-119
-155
-174
-174
-161
-237
-256
-205
-220
-243
-298
-312
-270
-239
-264
-258
-201
-218
-252
-262
-199
-188
-214
-199
-176
-161
-163
-176
-159
-184
-157
-138
-125
-123
-104
-71
-31
-31
-33
-48
-481
66
64
74
76
122
137
78
104
116
108
131
110
122
137
97
99
103
87
22
49
91
122
82
76
87
57
141
148
120
85
139
158
156
116
93
129
175
166
118
112
158
156
24
40
124
145
133
87
74
15
74
95
83
91
38
22
62
26
-31
-27
-27
11
43
78
57
15
-487
64
17
-39
-2
1
-42
-14
484
-35
-4
45
30
9
57
38
482
-478
131
137
78
41
118
127
97
120
89
78
133
110
122
64
49
45
47
72
82
57
82
61
40
34
40
74
76
78
57
104
87
53
51
80
41
76
112
59
93
238
194
129
116
167
206
211
196
175
116
116
125
125
131
166
194
160
156
190
183
219
208
215
179
177
223
213
213
179
166
118
129
97
41
-6
34
36
20
32
30
-21
-21
-23
-4
-10
482
-39
-18
-23
-489
-37
-52
-14
473
-83
-73
9
-29
-54
-21
-6
9
15
9
19
61
61
76
57
7
28
62
51
53
72
68
59
80
122
78
103
125
211
190
129
162
215
230
251
196
181
213
236
232
246
188
192
213
244
181
120
120
139
91
99
108
106
26
9
36
41
40
40
15
55
66
57
53
57
70
36
-12
-480
41
-39
-58
-25
-39
-94
-96
-174
-188
-168
-189
-216
-167
-155
-197
-239
-212
-254
-237
-199
-209
-178
-214
-199
-207
-254
-250
-292
-231
-170
-250
-298
-237
-230
-304
-302
-233
-273
-355
-371
-323
-287
-268
-338
-327
-336
-292
-283
-382
-357
-321
-344
