-298
-226
-197
-249
-233
-222
-222
-258
-292
-250
-247
-230
-260
-256
-239
-270
-262
-296
-285
-277
-254
-279
-289
-252
-216
-312
-334
-298
-281
-260
-218
-209
-214
-249
-300
-226
-226
-231
-224
-159
-188
-191
-161
-207
-191
-188
-170
-125
-126
-144
-123
-100
-96
-75
-50
-21
-52
-69
20
61
19
-42
-54
-37
-62
-56
-46
-2
-21
53
47
76
82
87
101
66
43
64
91
99
78
74
82
108
89
57
82
127
62
9
43
76
70
-21
-6
-16
-33
-21
-35
-12
-20
-12
17
22
0
-27
-485
15
47
59
68
32
0
-21
30
57
486
15
24
482
-52
-60
-35
-27
-42
-39
-35
-69
-67
-69
-142
-180
-186
-109
-100
-146
-140
-128
-142
-186
-197
-149
-186
-214
-207
-176
-149
-228
-245
-287
-254
-241
-268
-302
-271
-243
-283
-264
-271
-245
-249
-271
-279
-329
-296
-323
-336
-292
-308
-308
-334
-340
-354
-369
-369
-376
-361
-294
-283
-283
-331
-291
-191
-186
-184
-184
-214
-184
-207
-243
-252
-249
-277
-325
-289
-270
-334
-361
-380
-369
-411
-371
-388
-367
-340
-338
-367
-340
-333
-327
-336
-415
-449
-407
-376
-354
-355
-340
-363
-384
-359
-342
-373
-434
-384
-346
-375
-411
-447
-497
-439
-449
-447
-483
-548
-544
-535
-493
-476
-514
-537
-575
-485
-508
-533
-565
-544
-520
-581
-521
-460
-472
-470
-970
-489
-533
-518
-462
-563
-573
-579
-533
-520
-487
-556
-560
-537
-533
-573
-527
-514
-548
-562
-588
-583
-571
-565
-625
-642
-583
-567
-583
-632
-680
-672
-609
-592
-579
-625
-623
-598
-623
-659
-668
-653
-663
-651
-586
-617
-655
-634
-636
-655
-644
-695
-701
-682
-640
-617
-642
-655
-670
-689
-667
-718
-737
-756
-787
-796
-789
-758
-838
-854
-829
-846
-869
-873
-880
-850
-833
-873
-867
-817
-773
-840
-932
-945
-857
-873
-890
-882
-855
-825
-859
-852
-844
-865
-846
-802
-840
-854
-800
-817
-730
-806
-821
-827
-731
-728
-730
-766
-800
-756
-731
-716
-638
-678
-741
-699
-653
-630
-653
-703
-598
-590
-611
-600
-630
-623
-647
-611
-581
-573
-592
-598
-562
-520
-499
-483
-531
-535
-535
-966
-409
-441
-500
-472
-470
-420
-415
-418
-359
-348
-334
-355
-365
-386
-401
-378
-380
-407
-392
-399
-394
