-277
-239
-304
-340
-367
-333
-342
-373
-342
-329
-388
-359
-354
-382
-407
-451
-462
-470
-401
-428
-420
-428
-424
-375
-424
-390
-392
-363
-363
-378
-367
-329
-306
-329
-315
-357
-355
-291
-329
-403
-386
-331
-378
-375
-296
-325
-291
-321
-333
-325
-325
-302
-340
-298
-323
-417
-392
-350
-273
-317
-390
-346
-342
-327
-313
-250
-319
-317
-289
-354
-350
-312
-296
-317
-283
-300
-348
-365
-346
-342
-415
-380
-390
-386
-430
-405
-403
-396
-375
-409
-376
-388
-445
-434
-426
-443
-422
-499
-499
-459
-396
-413
-399
-399
-346
-336
-344
-321
-292
-310
-310
-250
-247
-224
-146
-161
-153
-123
-151
-84
-100
-102
-111
-81
-113
-86
-123
-117
-86
-92
-147
-167
-151
-155
-207
-226
-203
-220
-228
-226
-174
-203
-237
-277
-302
-300
-289
-310
-348
-264
-241
-317
-313
-306
-313
-294
-342
-344
-338
-346
-302
-313
-308
-342
-342
-312
-371
-411
-392
-350
-378
-373
-329
-291
-266
-289
-350
-340
-291
-239
-245
-271
-279
-270
-233
-197
-168
-182
-186
-205
-168
-155
-199
-207
-151
-100
-96
-111
-104
-142
-180
-157
-201
-243
-270
-260
-224
-252
-237
-268
-250
-336
-319
-333
-373
-361
-327
-346
-279
-313
-296
-254
-289
-289
-241
-245
-186
-155
-209
-205
-210
-178
-123
-178
-207
-170
-79
-63
-92
-60
-48
15
484
-42
-27
5
5
59
110
91
145
156
97
66
104
108
114
59
45
129
166
101
62
97
53
53
49
47
32
41
64
62
61
55
11
0
45
66
19
87
118
101
83
133
175
139
43
62
120
110
57
127
85
124
118
85
99
93
51
20
41
41
32
45
45
9
40
41
49
93
99
99
43
74
158
164
124
110
139
148
131
137
103
131
156
158
167
162
137
135
145
76
93
68
74
70
76
85
24
482
-29
-39
-35
-41
-21
-62
-111
-104
-84
-81
-63
-52
-73
-35
-81
-60
24
36
26
-37
-50
9
32
26
24
26
7
-39
-54
-48
-20
-8
-12
-485
45
20
-27
-83
-90
-102
-23
-23
-48
-485
-2
3
-6
482
7
34
61
91
112
62
87
80
106
95
93
114
99
97
64
13
40
70
87
62
482
5
30
38
40
106
