-386
-405
-371
-294
-151
-100
-151
-180
-245
-214
-201
-174
-174
-140
-149
-132
-178
-224
-235
-310
-252
-247
-319
-319
-336
-268
-287
-369
-388
-302
-277
-249
-207
-193
-250
-268
-216
-191
-176
-155
-182
-153
-144
-144
-212
-226
-243
-176
-115
-174
-174
-142
-220
-249
-249
-214
-239
-249
-256
-275
-241
-220
-207
-277
-277
-283
-344
-331
-313
-323
-292
-354
-390
-361
-365
-394
-424
-413
-422
-428
-382
-409
-466
-504
-462
-401
-384
-405
-424
-436
-436
-415
-424
-371
-373
-367
-363
-418
-430
-392
-371
-378
-378
-430
-430
-371
-357
-361
-331
-397
-453
-413
-344
-321
-323
-298
-258
-266
-268
-273
-275
-312
-323
-319
-313
-296
-268
-262
-260
-298
-262
-250
-233
-191
-165
-168
-126
-65
-117
-153
-140
-176
-159
-132
-136
-161
-121
-63
-79
-142
-126
-42
-56
-75
-92
-50
-31
-25
-4
484
-21
11
64
61
43
108
177
108
72
104
129
80
40
7
11
40
45
64
74
70
61
87
64
34
68
72
82
112
146
145
145
116
85
101
162
139
55
24
38
32
-489
26
19
7
-25
-29
15
62
85
104
20
20
45
51
43
49
66
83
57
53
45
34
477
-10
482
-23
5
-12
-21
-44
-14
-33
-20
-54
-83
-96
-126
-84
-96
-86
-94
-132
-128
-18
9
482
-39
-6
-12
-94
-98
-60
-50
-71
-44
-31
-41
-92
-104
-88
-81
-105
-77
-88
-84
-77
-113
-163
-163
-132
-90
-130
-128
-109
-115
-100
-42
-33
-67
-75
-14
11
-8
-12
3
22
47
64
51
68
49
13
24
47
43
34
22
30
78
83
135
118
124
82
104
108
139
162
89
87
110
101
124
131
82
57
64
76
95
55
40
34
93
70
51
83
19
-18
32
3
5
7
-21
-23
486
-14
13
-21
-60
-56
-31
-84
-140
-123
-94
-33
-81
-90
-81
40
59
30
83
114
154
145
116
188
217
229
223
280
307
314
280
295
274
333
393
339
333
374
362
314
284
330
356
374
360
332
332
335
345
345
311
293
349
324
270
272
303
332
270
219
236
288
219
219
253
246
238
230
162
156
125
135
124
124
129
118
55
30
17
20
