-224
-233
-191
-216
-182
-170
-195
-195
-205
-163
-184
-230
-193
-178
-193
-212
-241
-180
-231
-207
-167
-226
-216
-174
-228
-222
-241
-268
-235
-220
-222
-210
-172
-167
-224
-256
-283
-235
-231
-273
-304
-289
-312
-319
-321
-275
-245
-271
-350
-338
-346
-329
-346
-371
-359
-357
-392
-411
-418
-376
-399
-382
-403
-399
-384
-342
-323
-367
-388
-367
-392
-388
-371
-338
-350
-382
-359
-390
-411
-315
-325
-424
-436
-413
-418
-459
-399
-527
-563
-495
-422
-460
-441
-455
-485
-968
-445
-451
-500
-455
-457
-527
-497
-483
-537
-520
-460
-405
-413
-480
-495
-449
-426
-464
-459
-455
-439
-16
-506
-506
-499
-504
-539
-552
-554
-583
-569
-544
-546
-550
-512
-520
-560
-563
-523
-573
-550
-552
-533
-470
-21
-544
-531
-481
-520
-562
-575
-552
-508
-556
-542
-541
-565
-502
-2
-539
-541
-546
-550
-535
-535
-478
-512
-550
-542
-560
-508
-483
-502
-472
-483
-512
-533
-533
-558
-544
-531
-506
-497
-483
-472
-457
-508
-464
-409
-2
-476
-474
-499
-520
-470
-512
-472
-462
-464
-464
-441
-495
-510
-531
-493
-497
-495
-525
-497
-464
-455
-459
-453
-497
-500
-426
-401
-441
-438
-380
-338
-371
-388
-403
-388
-394
-378
-331
-317
-376
-386
-403
-413
-334
-350
-380
-392
-413
-365
-373
-352
-348
-304
-367
-378
-363
-325
-313
-241
-268
-277
-252
-205
-228
-207
-205
-191
-186
-203
-155
-161
-157
-159
-264
-230
-184
-205
-172
-212
-275
-262
-220
-228
-243
-212
-239
-207
-203
-197
-207
-239
-231
-226
-165
-205
-172
-178
-220
-191
-142
-163
-220
-205
-212
-270
-252
-268
-312
-340
-329
-331
-361
-319
-331
-373
-386
-472
-384
-367
-283
-270
-270
-260
-275
-273
-287
-273
-249
-212
-186
-239
-201
-147
-167
-209
-243
-218
-188
-178
-168
-149
-199
-252
-271
-241
-249
-285
-180
-184
-207
-186
-207
-168
-184
-205
-266
-247
-195
-224
-254
-191
-125
-140
-184
-195
-191
-159
-159
-157
-136
-163
-142
-128
-170
-159
-163
-176
-203
-201
-172
-86
-172
-212
-138
-128
-123
-188
-210
-226
-151
-153
-109
-128
-153
-151
-119
-105
-35
-33
-83
-94
-73
-58
-16
-35
-62
-39
-50
-35
32
53
49
64
78
76
76
118
156
133
78
125
158
160
166
169
162
198
236
198
