-83
-121
-159
-142
-119
-144
-142
-167
-153
-178
-136
-102
-102
-102
-119
-138
-172
-155
-176
-203
-285
-319
-264
-178
-157
-256
-266
-189
-189
-231
-294
-331
-348
-294
-281
-294
-258
-315
-21
-705
-672
-520
-342
-209
-142
-180
-243
-275
-287
-285
-300
-262
-249
-233
-254
-254
-333
-313
-292
-296
-344
-319
-346
-323
-342
-350
-397
-438
-438
-401
-413
-447
-434
-441
-397
-371
-438
-445
-422
-4
-460
-451
-485
-504
-447
-432
-430
-388
-380
-397
-407
-386
-365
-361
-376
-359
-338
-363
-365
-313
-355
-338
-365
-357
-373
-355
-422
-443
-409
-409
-434
-399
-439
-439
-375
-375
-386
-384
-407
-371
-403
-411
-474
-376
-373
-394
-405
-334
-323
-373
-422
-399
-386
-390
-376
-346
-294
-334
-342
-386
-359
-359
-319
-336
-375
-411
-426
-405
-357
-319
-319
-310
-306
-268
-268
-231
-197
-245
-220
-214
-283
-296
-298
-422
-466
-588
-684
-688
-571
-394
-279
-243
-222
-220
-239
-210
-262
-294
-271
-195
-210
-302
-302
-260
-277
-273
-239
-304
-302
-294
-401
-449
-424
-439
-394
-355
-334
-373
-384
-359
-338
-384
-380
-401
-397
-401
-350
-378
-453
-460
-415
-415
-436
-411
-451
-424
-415
-376
-367
-308
-348
-376
-396
-371
-338
-298
-302
-315
-340
-346
-306
-294
-250
-273
-310
-260
-224
-212
-275
-292
-291
-277
-250
-231
-266
-277
-252
-275
-302
-268
-329
-354
-310
-313
-308
-317
-283
-296
-338
-317
-331
-359
-371
-306
-313
-365
-338
-315
-291
-346
-304
-277
-273
-237
-302
-319
-241
-287
-260
-317
-327
-352
-363
-354
-399
-415
-348
-344
-436
-443
-420
-434
-415
-447
-449
-438
-457
-459
-439
-432
-439
-384
-432
-4
-978
-434
-420
-418
-415
-384
-390
-378
-342
-397
-394
-306
-296
-399
-413
-308
-268
-321
-340
-334
-291
-260
-283
-302
-308
-260
-247
-216
-230
-226
-195
-104
-96
-100
-90
-4
3
480
1
59
47
80
141
131
131
116
87
127
177
103
62
89
148
148
72
116
152
141
141
106
112
167
208
177
190
188
108
70
131
114
139
152
127
118
135
171
137
131
166
145
125
124
146
106
47
83
76
5
40
47
38
-23
7
-8
30
19
-21
-37
-16
-98
-88
-6
-46
-83
-83
-83
-77
-75
19
-25
