-430
-483
-430
-357
-396
-386
-371
-338
-319
-357
-359
-386
-380
-375
-369
-375
-306
-287
-312
-329
-323
-308
-333
-352
-327
-312
-348
-296
-325
-334
-319
-310
-296
-361
-359
-380
-338
-329
-273
-308
-298
-296
-285
-252
-243
-188
-168
-155
-121
-138
-153
-142
-193
-184
-126
-71
-96
-125
-33
-123
-180
-140
-134
-167
-151
-136
-157
-176
-138
-86
-125
-151
-75
-54
-42
-90
-86
-54
-46
-29
-29
-73
-41
480
-111
-119
-83
-88
-54
-77
-111
-140
-117
-75
-98
-107
-107
-125
-178
-149
-159
-224
-247
-241
-306
-292
-289
-312
-308
-319
-331
-342
-331
-333
-352
-373
-319
-313
-338
-313
-287
-331
-348
-319
-386
-380
-371
-409
-441
-451
-380
-396
-392
-426
-468
-502
-436
-464
-472
-497
-499
-489
-504
-476
-432
-436
-438
-401
-338
-308
-348
-357
-317
-323
-340
-336
-304
-359
-376
-357
-354
-420
-396
-371
-373
-342
-397
-417
-438
-369
-392
-441
-441
-396
-409
-478
-420
-357
-390
-481
-495
-403
-415
-420
-411
-447
-424
-415
-373
-403
-483
-495
-441
-462
-481
-493
-476
-439
-470
-552
-508
-518
-499
-2
-521
-542
-514
-521
-558
-529
-472
-6
-512
-521
-470
-438
-399
-392
-424
-396
-384
-340
-313
-319
-336
-380
-363
-371
-407
-359
-334
-388
-420
-462
-373
-371
-378
-373
-388
-317
-262
-224
-205
-275
-235
-188
-147
-147
-182
-182
-113
-126
-165
-167
-130
-140
-134
-142
-105
-98
-163
-115
-96
-126
-75
-52
-90
-23
-50
-44
-126
-174
-174
-115
-134
-146
-96
-142
-96
-157
-128
-125
-197
-245
-262
-291
-275
-296
-306
-237
-250
-270
-304
-273
-354
-298
-285
-300
-321
-386
-396
-399
-415
-380
-405
-386
-392
-382
-367
-405
-443
-449
-478
-493
-438
-413
-415
-474
-478
-453
-426
-476
-459
-506
-533
-455
-430
-508
-535
-508
-514
-542
-539
-462
-466
-489
-457
-434
-474
-523
-548
-491
-445
-434
-510
-472
-508
-506
-457
-447
-464
-417
-439
-470
-394
-424
-512
-533
-487
-445
-466
-466
-441
-417
-367
-390
-407
-367
-409
-476
-460
-354
-336
-443
-365
-321
-331
-310
-308
-378
-430
-376
-357
-329
-342
-346
-378
-376
-344
-365
-331
-348
-397
-392
-331
-321
-300
-346
-359
-329
-346
-371
-363
-363
-312
-367
-405
-369
-371
-375
-382
-365
-342
-384
