356
333
293
328
406
362
311
293
332
375
374
354
309
259
221
284
274
211
154
171
202
227
229
190
150
162
131
122
200
146
99
106
146
93
87
97
95
85
97
89
93
103
72
49
19
7
-35
-18
-489
24
-21
-58
-31
-42
-16
-35
9
22
43
480
-21
-14
17
66
55
83
85
64
83
133
133
89
156
229
194
209
227
185
146
187
223
221
240
276
255
209
248
265
291
297
318
318
312
318
320
301
293
261
253
345
328
284
299
297
303
272
267
288
238
305
297
339
309
261
261
286
356
332
375
295
303
326
303
299
257
229
246
234
255
248
236
229
213
188
202
190
143
154
187
179
93
49
74
112
64
53
45
11
-487
57
26
-54
-31
22
17
-39
-58
-2
61
479
-33
-485
-35
-4
43
47
-21
-4
17
-54
-35
-10
-90
-41
-10
-18
-20
-54
-10
45
-29
-73
-29
-37
-134
-172
-92
-62
-79
-147
-138
-128
-96
-58
-79
-94
-20
-20
-27
-42
-83
-56
-39
-31
-29
-16
-41
-44
-4
1
5
-18
55
34
-52
-77
-46
-18
26
3
24
-41
-46
-39
13
-18
13
19
17
-14
-16
15
-23
-44
-62
-21
20
9
-20
-52
-41
-33
-31
-65
-125
-94
-63
-58
-94
-109
-174
-178
-104
-100
-115
-111
-121
-130
-146
-111
-102
-77
-170
-199
-180
-146
-144
-197
-222
-168
-147
-209
-252
-268
-239
-165
-188
-191
-153
-170
-201
-153
-144
-184
-180
-71
-96
-126
-109
-105
-151
-115
-100
-134
-153
-107
-146
-134
-147
-178
-180
-149
-58
-121
-132
-132
-195
-209
-163
-100
-151
-214
-182
-157
-163
-189
-210
-201
-176
-161
-193
-256
-292
-296
-329
-333
-310
-279
-336
-338
-312
-279
-336
-361
-336
-357
-285
-260
-336
-317
-352
-312
-222
-218
-287
-275
-262
-296
-277
-233
-226
-250
-237
-298
-275
-256
-239
-264
-334
-365
-312
-327
-355
-365
-399
-397
-336
-376
-441
-436
-403
-413
-436
-462
-449
-399
-365
-439
-430
-434
-388
-428
-430
-489
-491
-506
-489
-506
-518
-558
-497
-512
-523
-573
-640
-598
-583
-638
-661
-659
-583
-602
-634
-636
-558
-571
-579
-615
-575
-533
-556
-571
-584
-567
-560
