33125
33190
32734
33257
33167
33217
33324
33345
33395
33467
33494
33494
33547
33578
33576
33666
33748
33765
33774
33889
33965
34020
34074
34167
34288
34398
34408
34459
34648
34727
34784
34914
35007
35112
35143
35250
35377
35484
35532
35187
35761
35837
35910
35956
36093
36166
36234
36291
36305
36332
36414
36530
36637
36681
36761
36822
36895
36980
37034
37108
37181
37278
37316
37353
37404
37452
37492
37503
37541
37591
37572
37543
37578
37631
37660
37624
37666
37721
37677
37753
37744
37721
37782
37837
37847
37879
37919
37910
37965
38038
38087
38072
38103
38156
38219
38286
38318
38398
38396
38473
38593
38622
38664
38748
38799
38849
38933
39000
39139
39190
39255
39364
39410
39406
39513
39652
39698
39770
39902
40005
40072
40204
40303
40379
40458
40639
40805
40856
40971
41196
41368
41522
41708
41879
41549
42198
42347
42564
42791
42940
43072
43259
43438
43645
43799
43881
44118
44244
44446
44622
44757
44885
45011
45041
45112
45263
45398
45465
45509
45583
45732
45893
45959
46019
46066
46150
46194
46324
46374
46349
46467
46465
46461
46572
46624
46547
46519
46622
46694
46721
46719
46677
46650
46664
46736
46755
46729
46765
46814
46822
46795
46786
46812
46414
46889
46849
46986
47009
46963
47000
47013
47040
47101
47101
47070
47112
47154
47261
47251
47158
47139
47183
47110
47053
46914
46837
46807
46748
46666
46540
46456
46377
46238
46137
46000
45858
45732
45627
45526
45921
45270
45095
44954
44811
44666
44501
44270
44066
43912
43755
43562
43395
43124
42919
42652
42421
42234
42500
41759
41454
41274
40969
40721
40482
40131
39835
39612
39337
39555
38801
38601
38297
37988
37812
37532
37288
37038
36782
36549
36286
36080
35959
35715
35498
35328
35175
34988
34788
34690
34547
34387
34278
34685
34055
33942
33862
33753
33645
33610
33528
33438
33395
33385
33375
33311
33253
33240
33284
33288
33223
33261
33223
33162
33190
33167
33196
33213
33284
33269
33213
33242
33190
33255
33276
33150
33097
33080
33076
32959
32931
32885
33213
32604
32540
32494
32463
32450
32389
32421
32452
32427
32471
32463
32528
32553
32614
32643
32606
32534
32620
32604
32603
32635
32685
32772
32793
32858
32988
33024
33019
33043
32994
33211
32501
32711
33095
33255
34490
34866
34574
33862
33959
34137
34419
34639
34763
34860
34925
34946
34977
34982
35026
35059
35150
35261
35337
35351
35391
35410
35450
35454
35429
35450
35570
35566
35452
35601
35814
35952
36043
36125
36211
36257
36232
36250
36265
36303
36326
36421
36467
36482
36437
36427
36458
36400
36385
36427
36463
36505
36543
36467
36528
