19333
19332
19314
19364
19391
19385
19353
19320
19303
19307
19246
19188
19097
19028
18927
18889
18864
18839
18782
18740
18677
18601
18511
18450
18417
18303
18536
17937
17849
17687
17477
17312
17148
16959
16770
16612
16452
16381
16198
16041
15940
15803
15765
15683
15580
15442
15406
15404
15335
15293
15251
15164
15169
15154
15093
15005
14904
14904
14875
14772
14717
14666
14673
15135
14620
14507
14429
14452
14383
14383
14416
14377
14347
14354
14370
14343
14320
14358
14395
14416
14427
14438
14404
14335
14318
14343
14339
14374
14398
14427
14456
14459
14448
14442
14437
14429
14461
14498
14492
14480
14496
14519
14536
14505
14492
14486
14469
14467
14423
14414
14377
14339
14337
14345
14324
14261
14230
14234
14261
14221
14181
14148
14125
14127
14154
14150
14066
14013
13963
13906
13868
13862
13885
13898
13904
13898
13866
13851
13799
13797
13791
13799
13795
13738
14162
13679
13709
13711
13692
13637
13580
13585
13589
13580
13559
13534
13490
13421
13406
13385
13335
13312
13299
13253
13219
13162
13082
13047
13034
13019
13017
12994
12959
12870
12793
12755
12723
12687
12622
12568
12511
12458
12465
12450
12406
12343
12240
12158
12164
12152
12125
12078
12053
12030
11996
11927
11879
11814
11776
11805
11803
11744
11643
11578
11536
11480
11416
11395
11393
11333
11269
11185
11127
11059
11022
11007
10963
10877
10839
10839
10788
10645
10549
10501
10458
10391
10351
10280
10198
10104
10003
9925
9919
9866
9730
9627
9559
9461
9364
9751
9154
9055
8975
8875
9280
8696
8664
8568
8471
8379
8251
8106
7988
7910
7847
7767
7713
7622
7515
7412
7814
7227
7150
7116
7009
6917
7322
6702
6570
6463
6387
6288
6183
6118
6057
5933
5824
5708
5646
5574
5444
5345
5261
5141
5015
4925
4820
4725
4645
4559
4452
4354
4282
4223
4122
4009
4393
3833
3769
3633
3526
3438
3326
3208
3099
3061
3009
2942
2839
2748
2639
2564
2513
2419
2358
2311
2240
2145
2078
2038
1963
1895
1845
1780
1700
1618
1551
1492
1458
1406
1332
1276
1236
1230
1196
1118
1036
952
891
820
784
744
732
727
666
646
595
526
475
442
391
364
370
364
326
284
261
251
242
232
209
167
164
137
141
137
139
158
162
150
127
110
125
91
83
106
145
200
244
240
229
230
269
309
322
341
347
360
387
421
423
406
408
463
473
484
461
484
520
549
582
564
545
541
541
568
614
681
700
688
717
778
799
845
839
818
799
839
874
868
908
946
952
959
986
988
977
969
980
1013
1026
1038
1038
1049
1036
1022
1028
1026
1049
1080
1101
1108
1131
1137
1124
1112
1122
1133
1148
1154
1139
1143
1148
1158
1206
1242
1217
1209
1217
1238
1269
1251
1240
1236
1276
1354
1379
1389
1410
1431
1459
1496
1496
1498
1946
1435
1458
1484
1501
1498
1530
1528
1509
1526
1562
1616
1597
1557
1551
1583
1643
1725
1727
1660
1608
1616
1639
1641
1673
1706
1713
1685
1627
1589
1583
1618
1629
1618
1601
1608
1601
1582
1559
1555
1566
1545
1490
1513
1557
1551
1524
1500
1463
1459
1475
1475
1435
1387
1341
1301
1274
1255
1229
1234
1229
1175
1164
1139
1124
1106
1112
1061
1001
956
937
929
895
849
851
843
820
786
767
774
763
776
757
759
746
706
698
698
704
715
725
729
709
671
650
685
679
681
683
685
681
685
702
717
715
683
645
610
656
730
803
805
822
818
862
881
883
929
963
996
1038
1076
1154
1225
1246
1280
1326
1396
1446
1511
1589
1637
1669
1751
1854
1917
1988
2036
2085
2148
2221
2255
2316
2385
1961
2522
2610
2706
2795
2887
2961
3028
3062
3095
3131
3215
3295
3351
3370
3402
3408
3437
3507
3576
3608
3616
3648
3694
3750
3811
3847
3856
3887
3898
3900
3959
4011
4040
4076
4089
4131
4185
4230
4234
4217
4223
4242
4270
4343
4437
4488
4496
4473
4423
4433
4473
4463
4414
4389
4379
4419
4482
4517
4490
4465
4505
4540
4568
4580
4545
4522
4540
4532
4526
4520
4490
4490
4450
4877
4316
4299
4301
4328
4341
4322
4311
4303
4286
4240
4209
4206
4196
4183
4169
4133
4145
4183
4223
4251
4255
4253
4297
4326
4366
4429
4440
4444
4448
4484
4522
4543
4580
4616
4648
4671
4765
4864
4896
4898
4889
4944
5040
5116
5173
5244
5314
5387
5440
5496
5610
5717
5761
5832
5946
6036
6133
6238
6341
6416
6456
6494
6597
6683
6723
6826
6937
6956
6967
6980
7047
7148
7280
7456
7753
8064
8236
8347
8408
8463
8553
8608
8706
8847
8929
8988
9057
9196
9257
9301
9349
9364
9379
9419
9461
9496
9515
9555
9616
9658
9677
9690
9746
9809
9853
9860
9902
9984
10032
10095
10127
10185
10242
10272
10248
10267
10318
10364
10387
10416
10431
10459
10463
10490
10551
10593
10625
10635
10658
10685
10700
10704
10265
10801
10839
10839
10854
10902
10931
11003
11053
11137
11232
11282
11383
11471
11496
11534
11582
11618
11622
11656
11708
11769
11826
11906
11933
11935
11982
12038
12114
12196
12169
12146
12166
12166
12148
12198
12274
12391
12513
12597
12660
12687
12772
12891
12996
13036
13074
13177
13263
13400
13555
13646
13748
13839
13893
13971
14038
14080
14064
14061
14074
14093
14114
14089
13984
13927
13912
13937
13979
14076
14244
14395
14551
14700
14770
14769
14685
14597
14507
14517
14608
14677
14669
14641
14625
14654
14702
14742
14780
14793
14862
14944
15089
15248
15431
15603
15715
15757
15793
15811
15837
15891
15919
15933
15900
15885
15874
15847
15811
15713
15616
15576
15564
15568
15614
15673
15761
15839
15914
15952
15956
15940
15975
16020
16062
16057
16059
16043
16036
16045
16019
16001
16000
16003
16026
16045
16053
16068
16062
16103
16141
16194
16213
16244
16301
16364
16437
16513
16395
16375
16549
16671
16679
16667
16635
16606
16637
16713
16770
16822
16835
16847
16872
16862
16879
16921
16965
16977
17024
17108
17158
17188
17185
17175
17209
17276
17316
17314
17297
17332
17347
17339
17381
17458
17473
17475
17475
17541
17625
17690
17708
17700
17692
17666
17708
17811
17898
17986
18032
18059
18122
18181
18204
18250
18290
18295
18332
18395
18469
18536
18603
18652
18675
18677
18666
18671
18706
18757
18874
18942
18963
18940
18921
18948
19013
19062
19112
19148
19221
19276
19318
19400
19446
19519
19593
19685
19816
19843
19824
20009
20158
20263
20375
20461
20526
20585
20629
20744
20837
20872
20906
20524
21150
21175
21208
21295
21320
21391
21435
21501
21534
21646
21782
21870
21904
21498
22103
22219
22326
22440
22463
22522
22643
22786
22856
22980
23047
23112
23181
23261
23360
23492
23580
23660
23801
23458
24024
24141
24270
23942
24568
24688
24847
24971
25106
25270
25364
25435
25511
25667
25856
26000
26114
26280
26456
26601
26742
26404
26959
27114
27217
27316
27450
27536
27645
27744
27910
28009
28043
28133
28276
28379
28477
28517
28549
28622
28664
28767
28809
28885
28946
28971
28994
29049
29068
29106
29135
29099
29099
29078
29083
29032
29045
29068
29091
29110
29162
29122
29143
29181
29114
29085
29110
29125
29099
29057
29066
29040
28916
28862
28879
28923
28877
28809
28772
28811
28767
28685
28660
28698
28736
28723
28769
28784
28809
28335
28835
28835
28868
28994
29013
28986
29030
29139
29215
29223
29242
28828
29482
29549
29536
29622
29698
29786
29887
29935
29977
30051
30068
30103
30114
30158
30179
30198
30234
30248
30274
30332
30400
30343
30368
30389
30354
30297
30251
30274
30261
30244
30269
30322
30337
30332
30303
30291
30274
30269
30333
30328
30351
30377
30412
30414
30404
30442
30431
30444
30557
30660
30692
30738
30860
30956
31051
31074
31061
31118
31169
31177
31154
31181
31192
31167
31167
31190
31156
31154
31166
31167
31179
31139
31141
31150
31085
31049
30986
30994
31005
30908
30858
30885
30851
30881
30839
30761
30709
30738
30736
30700
30662
30603
30526
30555
30536
30480
30484
30570
30524
30488
30505
30522
30461
30450
30465
30513
30545
30568
30528
30488
30505
30618
30603
30561
30631
30618
30568
30561
30520
30450
30452
30385
30324
30242
30276
30295
30251
30250
29805
30765
30183
30219
30274
30236
30198
30202
30141
30032
30013
29994
29937
29904
29847
29833
29790
29780
29750
29677
29637
29669
29681
29578
29519
29442
29333
29305
29320
29267
29213
29106
29011
28979
28990
29047
29019
28948
28902
28923
28973
28967
28961
28937
28992
28975
28937
28933
28969
29038
29124
29104
29097
29133
29156
29202
29171
29179
29274
28828
29351
29318
29345
29333
29356
29362
29408
29375
29318
29282
29274
29288
29255
29232
29169
29143
29103
29053
29041
29051
28984
28919
28872
29307
28856
29286
28692
28652
28658
28629
28604
28494
28446
28416
28295
28230
28225
28188
28118
28034
28000
27908
27824
27799
27761
27677
27555
27574
27566
27492
27389
27276
27206
27173
27082
26959
27345
26774
26708
26597
26492
26431
26341
26240
26133
26059
25963
25851
25774
25690
25620
25526
25454
25316
25246
25160
25019
24937
24835
24772
24738
24643
24551
24912
23875
23797
23719
23618
23547
23927
23408
23303
23135
23045
22998
23444
22889
22755
22683
22589
22484
22437
22343
22341
22166
22080
22059
21990
21937
21875
21837
21770
21727
21723
21776
21799
21675
21578
21582
21965
21421
21400
21377
21305
21291
21223
21169
21093
21038
20959
20938
20935
20887
20854
20818
20681
20612
20530
20414
20372
20326
20236
20232
20301
20068
19868
19833
19856
19807
19698
19543
19414
19425
19387
19305
19246
19290
19362
19232
18992
18889
18837
18853
18864
18816
18774
18757
18770
18713
18706
18746
18702
18667
18624
18614
18620
18639
18578
18526
18538
18574
18578
18578
18566
18572
18555
18520
18458
18477
18479
18423
18402
18400
18349
18316
18307
18236
18166
18190
18175
18543
17954
17900
17856
17746
17729
17635
17519
17482
17398
17250
17173
17104
17015
16923
16818
16738
16616
16503
16458
16395
16335
16255
16595
16028
15921
15950
16076
15946
15713
15547
15492
15480
15438
15314
