43929
43820
43654
43963
43381
43215
43049
42931
42740
42530
42337
42179
42458
41780
41559
41345
41190
41017
40809
40658
40517
40297
40112
39998
39828
39652
39559
39385
39229
39095
38908
38835
38748
39070
38505
38498
38433
38297
38230
38133
38080
38057
38017
37973
37977
37879
37818
37776
37721
37622
37566
37484
37488
37431
37314
37263
37253
37192
37087
36967
36870
36799
37124
36488
36366
36246
36083
35891
35782
35618
35501
35362
35190
34946
34784
35166
34480
34305
34110
33929
33774
33639
33482
33694
32965
32875
32734
32557
32393
32687
32001
31833
31658
31570
31454
31278
31099
30975
30822
30719
30624
30423
30753
30167
30030
29979
29887
29805
29725
29708
29719
29660
29679
29629
29635
29709
29782
29870
29858
29923
30040
30135
30217
29826
30454
30589
30721
30763
30851
30954
31049
31143
30797
31416
31475
31564
31656
31734
31793
31883
32013
32083
32139
32270
32339
32421
32545
32646
32687
32717
32774
32837
32874
32942
33099
33200
33261
33288
33341
33461
33456
33494
33557
33585
33648
33706
33820
33895
34022
34116
34156
34217
34303
34417
34490
34561
34620
34717
34826
34902
35028
35160
35257
35372
35534
35599
35702
35875
35973
36045
36125
36276
36385
36437
36545
36692
36791
36833
36902
36988
37055
37162
37250
37370
37389
37520
37133
37656
37704
37786
37862
37875
37916
37977
37935
37967
37998
38015
38040
38055
38066
38124
38150
38204
38230
38274
38343
38375
38402
38366
38353
38421
38446
38498
38541
38114
38631
38574
38553
38538
38568
38561
38530
38534
38456
38417
38333
38381
38387
38333
38322
38332
38320
38345
38269
38146
38068
38019
37990
38011
37959
37877
37803
37646
37583
37708
37702
37841
37900
37927
37948
37935
37895
37896
37854
37816
37713
37643
37541
37541
37486
37398
37314
37356
37301
37221
37221
37162
37145
37095
36979
36925
36906
36979
37070
37053
37103
37158
37221
37206
37160
37188
37293
37358
37391
37417
37473
37515
37591
37637
37671
37746
37803
37860
37948
38036
38103
38139
38255
38372
38479
38591
38822
38996
39108
39135
39309
39446
39545
39675
39748
39803
39875
39933
39593
40188
40234
40335
40402
40465
40540
40646
40734
40832
40849
40969
40984
40555
41120
41232
41307
41284
41272
41299
41299
41335
41374
41408
41406
41377
41419
41446
41444
41412
41452
41496
41517
41551
42009
41557
41614
41622
41704
41719
41759
41790
41864
41883
41832
41864
41883
41950
41961
41982
42038
42036
41988
41925
42040
42041
41992
41979
41875
41826
41816
41841
41816
41753
41736
41761
41698
41660
41627
41597
41549
41498
41513
41498
41040
41528
41479
41469
