11234
10704
10625
10551
10454
10358
10345
10307
10187
10082
10066
10013
10013
9902
10251
9700
9688
9650
9616
9543
9511
9461
9374
9356
9297
9251
9150
9150
9248
9169
9091
9087
9072
9026
9070
9078
9108
9124
9141
9217
9238
9312
9416
9423
9454
9528
9624
9654
9721
9818
9824
9883
10053
10106
10181
10240
10347
10438
10519
10624
10706
10738
10864
10940
11043
11120
11219
11314
11408
11488
11595
11698
11858
12019
12127
12175
12259
12427
12433
12519
12620
12788
12824
12875
12965
13041
13169
13293
13427
13540
13660
13746
13910
14137
14194
14198
14341
14513
14692
14837
14954
15083
15204
15368
15501
15555
15767
15938
16049
16232
16305
16425
16513
16145
16750
16895
17032
17143
17274
17467
17606
17721
17772
17887
17990
18108
18274
18473
18610
18713
18744
18776
18984
19127
19194
19187
19303
19408
19469
19511
19549
19599
19585
19622
19690
19803
19862
19895
19917
19980
19545
20082
20066
20106
20215
20330
20437
20511
20570
20618
20681
20730
20807
20875
20948
20990
21043
21099
21240
21356
21412
21438
21431
21402
21353
21364
21416
21471
21009
21543
21587
21612
21620
21635
21627
21685
21770
21826
21837
21875
21938
21965
22007
22011
21986
22043
22104
22127
22162
22208
22230
22242
22290
22347
22431
22463
21984
22446
22379
22353
22377
21984
22589
22688
22690
22656
22622
22637
22643
22639
22618
22618
22616
22570
22568
22635
22660
22681
22736
22772
22765
22780
22818
22858
22917
22959
23000
23020
23038
23038
23041
23038
23036
23055
23093
23133
23171
23196
23230
23261
23295
23328
23354
23347
23353
23356
23353
23374
23398
23431
23448
23500
23513
23541
23574
23562
23585
23618
23679
23751
23769
23797
23818
23799
23793
23832
23885
23919
23992
24064
24120
24181
24196
24248
24314
23942
24555
24669
24727
24746
24744
24692
24620
24572
24505
24492
24501
24561
24583
24582
24557
24574
24641
24740
24828
24902
24948
24980
25019
25011
25028
25120
25169
25217
25238
25238
25297
25372
25408
25421
25437
25467
25492
25528
25574
25603
25652
25694
25698
25717
25748
25786
25835
25416
25986
25994
26007
26049
26059
26051
26089
26148
26188
26229
26248
26278
26284
26349
26404
26389
25896
26431
26477
26517
26549
26562
26564
26616
26683
26746
26769
26776
26776
26770
26751
26723
26755
26814
26881
26948
27015
27051
27009
27000
27024
27045
27068
27091
27085
27131
27223
27284
27270
27246
27251
27282
27274
27295
27326
27356
27379
27423
27448
27419
27391
27412
27463
27492
27519
27530
27503
27498
27515
27538
27532
27545
27561
27582
27595
27608
27646
27648
27637
27622
27624
27633
27656
27673
27702
27685
27650
27641
27593
27568
27576
27603
27620
27612
27593
27562
27561
27593
27601
27568
27530
27484
27467
27467
27492
27528
27534
27536
27526
27524
27509
27515
27503
27465
27469
27463
27488
27507
27500
27551
27574
27582
27599
27597
27576
27570
27603
27683
27721
27732
27765
27780
27816
27851
27830
27778
27753
27757
27797
27847
27870
27872
27858
27816
27814
27839
27847
27358
27879
27929
27980
27973
28009
28051
28082
28108
28120
28135
28141
28122
28082
28072
28083
28108
28108
28114
28118
28118
28143
28133
28087
28045
28000
27965
27908
27862
27797
27753
27746
27729
27677
27660
27688
27692
27706
27751
27772
27786
27809
27839
27849
27833
27839
27835
27824
27805
27751
27717
27688
27645
27631
27610
27599
27585
27549
27505
27522
27524
27505
27463
27444
27398
27351
27316
27316
27293
27246
27188
27118
27011
26979
26988
27078
27160
27229
27290
27280
27230
27179
27145
27169
27145
27093
27089
27110
27124
27156
27179
27171
27143
27146
27166
27141
27152
27166
27139
27068
27045
27091
27112
27122
27124
27150
27209
27230
27223
27215
27223
27213
27202
27219
27240
27223
27227
27250
27255
27265
27282
27288
27269
27246
27209
27250
27339
27469
27637
27744
27799
27791
27723
27683
27700
27730
27738
27763
27753
27805
27803
27759
27698
27662
27666
27646
27610
27578
27524
27488
27456
27440
27389
27362
27335
27312
27278
27267
27274
27259
27190
27114
27150
27209
27106
26986
26881
26832
26833
26837
26812
26767
26673
26559
26461
26335
26276
26269
26276
26290
26244
26181
26162
26154
26148
26118
26103
26080
26040
25990
25977
25998
26024
26047
26068
26076
26120
26188
26253
26284
26272
26263
26303
26353
26417
26450
26492
26568
26612
26610
26633
26666
26727
26839
26950
27009
26988
27005
27045
27122
27154
27196
27251
27332
27381
27393
27404
27419
27484
27555
27614
27601
27587
27608
27645
27645
27629
27597
27589
27604
27667
27646
27536
27437
27442
27467
27490
27509
27501
27437
27437
27427
27358
27301
27213
27204
27225
27209
27194
27167
27125
27017
26923
26874
26849
26866
26872
26791
26694
26654
26610
26557
26488
26459
26423
26364
26311
26263
26219
26204
26171
26129
26049
25944
25854
25811
25774
25770
25782
25803
25753
25704
25612
25513
25482
25498
25515
25501
25463
25440
25433
25414
25374
25341
25303
25333
25337
25351
25353
25337
25288
25219
25181
25188
25208
25215
25169
25127
25074
25011
24982
24973
24938
24921
24866
24872
24874
24866
24788
24715
24664
24643
24637
24662
24648
24631
24654
24706
24744
24763
24759
24723
24618
24517
24452
24416
24372
24286
24225
24118
24017
23902
23828
23807
23921
24070
24255
24290
24179
23971
23816
23729
23606
23906
23261
23125
23062
23024
22982
22885
22763
22599
22475
22347
22286
22248
22208
22169
22125
22051
21959
21896
21845
21780
21732
21648
21564
21965
21381
21330
21276
21173
21049
20980
20885
20755
20690
20635
20559
20465
20421
20381
20324
20217
20120
20064
19975
19893
19805
19711
19635
19574
19517
19484
19425
19312
19234
19177
19143
19091
18990
18883
18778
18704
18669
19045
18437
18335
18227
18141
18108
18062
18022
17940
17898
17841
17740
17616
17543
17488
17419
17345
17238
17152
17578
17026
16967
16864
16759
16692
16671
16618
16580
16498
16375
16282
16215
16082
15990
15931
15845
15744
15681
15620
15545
15480
15374
15270
15188
15022
14875
14797
14723
15139
14543
14433
14309
14206
14097
14028
13967
13860
13770
13711
13625
13532
13437
13314
13671
13055
12917
12801
13188
12587
12477
12410
12320
12679
12091
11952
11805
11706
11645
11482
11358
11274
11196
11087
10938
10812
10706
10572
10444
10316
10209
10097
10019
9958
9862
9704
9557
9393
9286
9242
9177
9066
9005
8872
8778
8700
8639
8564
8410
8316
8221
8124
8051
7973
7874
7757
7706
7627
7524
7410
7299
7251
7295
7391
7446
7404
7269
7164
7024
6937
6854
6757
6660
6604
6593
6568
6517
6477
6437
6387
6337
6312
6278
6242
6238
6200
6156
6145
6135
6122
6074
6034
6007
5969
5961
5979
5973
5942
5927
5933
5973
5979
5948
5946
5944
5938
5959
6011
6076
6129
6160
6192
6206
6206
6227
6263
6305
6345
6381
6444
6524
6635
6748
6358
6986
7137
7314
7398
7356
7232
7169
7173
7232
7246
7240
7202
7177
7179
7219
7244
7242
7232
7270
7356
7450
7477
7505
7541
7572
7578
7549
7541
7570
7582
7627
7646
7641
7652
7660
7713
7782
7868
7948
7971
8028
8124
8141
8240
8320
8398
8442
8435
8608
8753
8835
8929
8942
9040
9175
8801
9322
9356
9375
9503
9646
9851
10091
10122
10114
10181
10332
10431
10513
10597
10629
10700
10698
10593
10622
10660
10559
10438
10618
10956
11085
10958
10837
10853
10883
10870
10759
10648
10484
10276
10156
9994
9872
9732
9538
9429
9343
9223
9080
8906
8801
8660
8606
8492
8366
8305
8206
8103
7986
7917
7847
7700
7545
7538
7566
7606
7568
7362
7209
7038
6975
6916
7324
6729
6641
6423
6280
6076
5895
5791
5765
5793
5713
5576
5477
5851
5265
5112
5337
4692
4553
4404
4200
4091
4036
3839
3702
3620
3519
3895
3280
3192
3120
3393
2681
2549
2469
2416
2358
2293
2116
2437
1801
1658
1585
1520
1320
1162
1120
1150
1160
1089
958
795
797
832
898
820
713
704
799
761
685
696
763
763
753
761
772
795
849
950
961
488
1003
1024
1011
1028
1045
1083
1114
1181
1225
1215
1274
1284
1286
1366
1396
1440
1454
1454
1536
1637
1715
1740
1788
1828
1824
1837
1927
2001
2030
2087
2194
2206
2232
2322
2370
1956
2547
2557
2635
2713
2803
2923
2982
3055
3139
3215
3351
3458
3557
3629
3690
3801
3967
4036
4167
4221
4343
4438
4559
4650
4759
4853
4958
5062
5171
5265
5364
5482
5587
5721
5895
5944
6043
6177
6311
6419
6515
6696
6767
6809
6954
7053
7211
6856
7448
7515
7580
7709
7870
7948
8072
8152
8225
8324
8417
8541
8666
8755
8305
8856
8948
9032
9116
9194
9269
9362
9463
9608
9667
9708
9807
9916
10020
10093
10156
10227
10358
10456
10526
10650
10734
10801
10916
11017
11156
11295
11343
11410
11490
11547
11658
11782
11870
11954
11961
12020
12080
12167
12175
12246
12276
12312
12314
12318
12423
12448
12469
12442
12425
12463
12589
12666
12606
12582
12671
12704
12776
12772
12770
12776
12839
12900
12912
12902
12996
13040
13099
13125
13053
12946
12984
13114
13055
13041
12925
12772
12833
12881
12858
12959
12933
12797
12799
12824
12788
12807
12835
12814
12854
12860
12803
12805
12774
12687
12669
12608
12568
12627
12776
12788
12729
12597
12576
12645
12599
12482
12370
12314
12391
12467
12387
12312
12318
12265
12690
12116
12024
11980
12040
12116
12120
12007
11923
11952
11980
11971
11893
11948
11965
11938
11860
11839
11868
11938
12034
12076
12095
12062
12066
12074
11904
11833
11845
11856
11917
11917
11977
12061
12110
12166
12173
12206
12206
12272
12219
12208
12238
12286
12297
12320
12347
12353
12431
12522
12618
12648
12667
12227
12845
12845
12835
12958
13001
13020
13061
13104
13145
13257
13343
13416
13450
13465
13509
13538
13507
13459
13541
13582
13585
13652
13786
13950
14093
14230
14267
14280
14337
14349
14328
14320
14333
14362
14396
14463
14496
14500
14625
14683
14732
14786
14851
14914
14954
15026
15072
14662
15261
15311
15381
15507
15545
15612
15725
15795
15870
15950
16070
16190
16250
16335
16406
16503
16643
16746
16900
17009
17032
17110
17135
17192
17272
17328
17402
17528
17648
17736
17854
18022
17593
18143
18234
18360
18417
18461
18572
18688
18736
18849
18956
18564
