39312
39326
39288
39225
39559
38952
38816
38774
38742
38770
38744
38801
38750
38669
38614
38578
38461
38362
38301
38187
38078
38011
37940
37874
37870
37833
37822
37853
37774
37658
37620
37557
37526
37488
37450
37459
37358
37261
37211
37194
37169
37074
37026
37015
36933
36889
36845
36832
36757
36633
36643
36553
36469
36463
36358
36291
36295
36257
36637
36068
36072
36020
35975
35944
35929
35917
35923
35875
35849
35883
35885
35853
35807
35807
35769
35755
35757
35778
35788
35708
35688
35688
35700
35730
35706
35679
35656
35645
35643
35671
35650
35652
35635
35656
35631
35625
35612
35591
35603
35610
35610
35585
35551
35503
35530
35450
35479
35469
35501
35570
35541
35566
35564
35507
35520
35553
35585
35631
35618
35595
35654
35677
35683
35708
35727
35782
35814
35854
35917
35923
35851
35893
35908
35856
35879
35940
35994
35996
36089
36148
36209
36322
36375
36341
36391
36480
36566
36601
36601
36706
36780
36820
36862
36986
37064
36652
37251
37322
37404
37469
37589
37698
37832
37837
37935
38068
38173
38326
38372
38482
38620
38639
38774
38921
39072
39167
39278
39427
39505
39715
39912
40028
40177
40400
40061
40730
40954
41124
41288
41467
41662
41847
41536
42183
42324
42433
42500
42578
42679
42772
42923
42975
43122
43311
43532
43742
43482
44156
44330
44583
44784
44917
45011
45141
45280
45402
45437
45465
45574
45702
45809
45854
45843
45875
45944
46015
46043
46152
46232
46242
46290
46395
46454
46494
46536
46633
46625
46612
46646
46704
46675
46679
46709
46671
46635
46658
46669
46711
46753
46742
46753
46744
46698
46633
46599
46545
46538
46534
46540
46496
46410
46469
46452
46425
46391
46459
46438
46345
46343
46425
46458
46465
46448
46496
46578
46524
46484
46480
46421
46446
46408
46505
46526
46475
46463
46540
46532
46461
46469
46473
46484
46473
46360
46368
46341
46330
46341
46318
46250
46154
46099
46038
46022
45961
46000
45929
45788
45772
45736
45669
45616
45524
45473
45900
45347
45259
45244
45185
45154
45076
45036
45005
44952
44895
44820
44765
44694
44641
44618
44541
44498
44488
44383
44303
44301
44269
44232
44177
44162
44116
44080
44062
44000
43906
43851
43799
43811
43757
43660
43608
43557
43406
43339
43280
43244
43179
43187
43143
43051
42971
42965
42908
42835
42824
42807
42776
42759
42738
42791
42797
42782
42791
42748
42755
42822
42767
42713
42744
42729
42719
42711
42675
42698
42685
42677
42675
42595
42593
42570
42543
42543
42467
42448
42484
42438
42337
42354
42320
42209
42244
42223
42198
42188
42177
42143
42177
42181
42104
42103
42150
42125
42141
