34005
34019
34074
34139
34148
34188
34257
34290
34278
34332
34349
34438
34547
34614
34694
34759
34853
34895
34994
35085
35221
35360
35494
35580
35188
35782
35877
35933
35996
36076
36135
36156
36145
36131
36171
36183
36177
36127
36089
36076
36070
36032
35990
35935
35904
35830
35765
35803
35727
36143
35595
35517
35515
35538
35494
35408
35293
35255
35248
35217
35238
35183
35078
35017
35028
35072
35080
35011
34998
35057
35003
35043
35116
35118
35083
35135
35190
35152
35116
35173
35229
35183
35173
35143
35135
35152
35217
35662
35150
35148
35194
35187
35188
35181
35196
35190
35269
35187
35181
35208
35225
35181
35236
35219
35650
35148
35177
35192
35187
35175
35125
35200
35236
35196
35177
35066
35015
35072
35103
35034
35028
35076
35009
34946
34910
34860
34811
34751
34812
34898
34914
34896
34824
34854
34801
34751
34753
34717
34660
34711
34725
34751
34832
34917
34923
34912
34994
35049
35137
35108
35131
35213
35234
35250
35309
35463
35494
35519
35509
35541
35530
35540
35624
35721
35751
35692
35738
35772
35818
35826
35845
35904
35881
35847
35872
35935
35933
35919
35908
35948
35940
35988
36059
36047
36020
35979
35990
36019
36028
36045
36078
36087
36131
36639
36152
36146
36103
36072
36036
36055
36066
36057
36022
35956
35959
35994
35977
35959
35927
35881
35891
35853
35818
35820
35755
35706
35694
35698
35751
35744
35814
35738
35618
35501
35423
35406
35440
35465
35427
35433
35368
35366
35458
35463
35419
35454
35431
35456
35484
35450
35429
35423
35339
35341
35320
35349
35303
35250
35120
35064
35043
34931
34885
34845
34822
34729
34599
34517
34520
34402
34299
34253
34204
34129
34049
34015
34032
33975
33811
33742
33757
33715
33700
33822
34171
33517
33585
33761
33774
33593
33568
33681
33784
33874
33849
33935
33982
34047
34152
34272
34366
34578
34853
35057
35274
35435
35244
36009
36353
36585
36772
37036
37402
37791
38230
38538
38719
38916
39303
39730
40019
40206
40078
40900
41139
41337
41072
41849
42078
42309
42019
42543
42748
42980
43133
43221
43290
43412
43530
43545
43593
43603
43608
43622
43595
43582
43549
43524
43427
43301
43164
43116
43001
42891
42755
42660
42572
42412
42280
42166
42471
41807
41593
41408
41200
40994
40809
40637
40393
40230
40104
39881
39608
39484
39301
39093
38948
38755
38648
38500
38427
38408
38349
38333
38370
38437
38519
38553
38591
38641
38688
38769
38799
38830
38956
39028
39030
39072
39110
39083
39020
38971
38927
38832
38715
38690
38612
38446
38248
38127
38003
37759
37570
37400
37190
37011
36835
36587
36345
36213
36038
35799
35534
