48929
48898
48933
48929
48854
48877
48929
48942
48895
48870
48828
48776
48692
48576
48423
48853
48251
48272
47891
48541
48595
48522
48297
48041
47881
47738
47507
47291
46919
46583
46893
46108
45816
45549
45293
45061
44784
44639
44387
44167
44435
43795
43681
43511
43324
43200
43471
42793
42666
42975
42251
42053
41872
41650
41496
41364
41112
40954
40782
40599
40475
40267
40108
39950
39816
39645
39530
39354
39232
39564
38963
38862
38772
38654
38486
38263
38162
38053
37904
37746
37574
37511
37379
37601
37043
36977
36879
36736
37118
36530
36375
36311
36242
36229
36099
36007
35946
35919
35919
35851
35765
35692
35696
35673
35540
35492
35435
35429
35406
35244
35206
35152
35108
35089
35085
35116
35101
35120
35158
35162
35135
35166
35204
35200
35192
35255
35276
35221
35261
35305
35362
35328
35337
35320
35375
35343
35293
35341
35328
35272
35225
35188
35158
35124
35101
35038
34929
34864
34860
34891
34778
34761
34780
34729
34730
34767
34717
34692
35171
34608
34562
34465
34370
34322
34297
34257
34177
34101
34047
34009
33973
33887
33843
33738
33643
33635
33620
33541
33490
33431
33435
33429
33372
33328
33265
33234
33255
33175
33038
33024
32952
32896
32853
32843
32824
32751
32662
32646
32643
32522
32454
32393
32374
32347
32723
31763
32284
32255
32188
32158
32208
32276
32286
32272
32312
32370
32320
32322
32393
32450
32480
32528
32519
32540
32568
32624
32694
32690
32721
32700
32730
32708
32730
32769
32816
32811
32805
32738
32740
32757
32704
32662
32698
33219
32687
32658
32648
32664
32610
32587
32660
32511
32402
32393
32370
32305
32303
32225
32137
32154
32129
32001
31927
31893
31845
31780
31772
31708
31694
31671
31683
31673
31633
31587
31618
31599
31568
31559
31545
31507
31532
31536
31498
31450
31494
31513
31498
31479
31551
31616
31645
31675
31669
31685
31740
31797
31875
31885
31847
31837
31938
31946
31902
31893
31896
31902
31919
31959
31891
31887
31906
31895
31864
31832
31875
31854
31843
31864
31858
31826
31778
31809
31805
31830
31845
31826
31898
31904
31925
31891
31891
31900
31948
31944
32019
32041
32051
32108
32070
32074
32091
32104
32101
32133
32158
32198
32162
32169
32219
32274
32312
32284
32311
32414
32416
32400
32416
32406
32398
32410
32343
32312
32358
32318
32328
32351
32320
32259
32246
32208
32230
32280
32303
32345
32414
32396
32469
32484
32444
32551
32534
32591
32677
32704
32767
32782
32881
32912
32956
32998
33036
33049
33103
32740
33276
33330
33412
33551
33604
33700
33801
33870
33963
34022
34133
34251
34475
34776
34549
32938
32645
33022
33356
