26379
26427
26522
26662
26715
26740
26851
26961
27024
27087
27166
27234
27351
27456
27606
27658
27740
27830
27904
27963
28124
28230
28312
28431
28515
28650
28341
28916
29051
29124
29213
29366
29562
29677
29843
29980
30083
30242
30383
30423
30543
30719
30805
30914
31007
31202
31297
31353
31505
31593
31650
31795
31854
31883
31973
32072
32112
32200
32213
32332
32370
32414
32486
32532
32494
32574
32639
32614
32683
32253
32849
32862
32958
33030
33066
33095
33137
33200
33272
33341
33387
33395
33423
33484
33553
33597
33692
33784
33879
33971
34019
34154
34238
34293
34326
34372
34374
34515
34612
34681
34797
34780
34748
34729
34793
34902
34994
35118
35244
35358
35448
35538
35629
35746
35824
35891
35967
36120
36274
36276
36320
36370
36396
36543
36719
36828
36862
36854
37047
37190
37274
37330
37383
37503
37608
37706
37770
37925
38040
38141
38257
38446
38629
38748
38942
39080
39274
39385
39528
39721
39895
40104
40305
40526
40721
40927
41122
41354
41585
41711
41898
42095
42263
42370
42024
42662
42755
42923
42517
43114
43230
43278
43370
43479
43677
43811
43891
43927
44015
44082
44028
44047
44143
44185
44198
44225
44320
44309
44303
44295
44270
44156
44122
44122
44141
44110
44043
44051
44129
44188
44221
44288
44333
44375
44358
44377
43973
44522
44503
44501
44498
44505
44484
44438
44417
44404
44337
44332
44305
44347
44270
44208
44188
44164
44158
44061
44034
43914
43868
43805
43690
43669
43658
43675
43633
43549
43375
43307
43229
43085
42996
42843
42742
42551
42452
42333
42198
42122
41988
41906
41784
41616
41490
41318
41162
41520
40931
40759
40587
40425
40293
40187
40528
39870
39744
39597
39358
39219
39043
38895
38801
38702
38568
38379
38253
38557
37919
37772
37572
37438
37263
37101
36916
36706
36604
36425
36223
36068
35879
35725
35580
35435
35320
35196
35076
34940
34847
34750
34645
34610
34517
34442
34419
34395
34351
34349
34364
34301
34253
34135
34150
34156
34133
34187
34162
34154
34158
34139
34137
34118
34103
34087
34026
34032
34036
33982
33948
33954
33893
33877
33921
33862
33729
33719
33725
33631
33543
33540
33532
33431
33435
33395
33293
33288
33293
33291
33211
33194
33137
33108
33118
33112
33062
33053
33074
33108
33024
32965
32944
32925
32944
32990
32963
32990
32950
32927
32940
32908
32923
32881
32902
32910
32858
32786
32795
32864
32868
32891
32954
32958
32940
32986
33034
33085
33156
33211
33219
33188
33192
33253
33312
33335
33358
33345
33360
33341
33360
33366
33419
33429
33421
33414
33433
33488
33463
33444
33437
33469
33545
33570
33517
33566
