17501
17387
17328
17209
17120
17068
16980
16826
16736
16671
16566
16435
16332
16288
16175
16097
15998
15856
15805
15748
15576
15471
15366
15303
15158
15011
14872
14730
14616
14509
14402
14234
14061
13908
13767
13643
13454
13284
13106
12959
12814
13177
12500
12383
12190
12055
11916
11772
11566
11427
11238
11030
10935
11219
10587
10450
10299
10087
9969
9786
9551
9442
9290
9106
8973
8832
8625
8383
8118
7938
7826
7679
7530
7395
7303
7206
7137
7057
6967
6929
7322
6631
6541
6524
6494
6421
6351
6261
6217
6139
6091
6030
5973
5971
5961
5904
5862
5822
5700
5473
5437
5509
5452
5500
5488
5519
5614
5692
5751
5902
6043
6091
6202
6301
6433
6463
6513
6601
6698
6656
6751
6793
6906
6965
7028
7068
7148
7202
7257
7303
7337
7404
7467
7444
7500
7528
7534
7551
7664
7673
7669
7706
7765
7328
7845
7854
7862
7881
7900
7973
8040
8101
8122
8166
8230
8301
8368
8446
8480
8541
8593
8637
8677
8755
8784
8826
8864
8889
8940
9019
9083
9160
9255
9335
9396
9410
9454
9505
9576
9622
9683
9750
9803
9885
9937
9944
9980
10066
10158
10242
10276
10278
10291
10309
10333
10377
10404
10448
10503
10570
10641
10734
10801
10845
10832
10835
10851
10916
10977
11022
11036
11059
11108
11116
11118
11133
11187
11238
11272
11282
11263
11265
11320
11375
11437
11461
11488
11488
11492
11496
11498
11509
11534
11543
11568
11591
11589
11622
11641
11629
11629
11618
11597
11620
11629
11629
11662
11669
11637
11622
11637
11685
11694
11667
11652
11629
11618
11620
11641
11650
11639
11681
11704
11730
11732
11700
11666
11679
11690
11713
11740
11744
11740
11744
11748
11727
11679
11683
11675
11683
11732
11751
11732
11683
11639
11637
11616
11601
11585
11576
11583
11610
11618
11614
11553
11501
11463
11433
11400
11391
11400
11400
11381
11339
11316
11314
11278
11246
11229
11723
11200
11133
11076
11057
11045
11026
11011
10980
10965
10965
10938
10908
10862
10837
10828
10803
10809
11219
10643
10597
10597
10582
10561
10572
10583
10547
10479
10412
10341
10299
10301
10309
10307
10282
10229
10166
10135
10127
10139
10124
10074
10057
10034
9988
9984
9980
9963
9937
9877
9856
9803
9751
9711
9708
9688
9627
9616
9702
9853
9952
9902
9706
9536
9452
9408
9354
9305
9276
9322
9366
9374
9374
9347
9332
9326
9307
9221
9183
9152
9171
9164
9118
9108
9103
9110
9120
9114
9093
9059
9049
9049
8986
8963
8927
8925
8954
8973
8979
8971
8975
8967
8959
8975
9030
9072
9066
9022
8994
8944
8917
8954
8973
8904
8849
8841
8853
8847
8835
8820
8807
8763
8717
8706
8700
8723
8738
8713
8666
8643
8622
8648
8618
8574
8547
8549
8559
8534
8486
8479
8480
8473
8456
8463
8452
8444
8446
8414
8364
8320
8301
8282
8282
8255
8206
8217
8223
8267
8291
8267
8225
8183
8133
8062
8057
8091
8139
8127
8139
8133
8101
8089
8083
8101
8095
8083
8082
8082
8095
8047
8047
8066
8072
8083
8124
8146
8127
8108
8133
8135
8112
8104
8087
8106
8160
8158
8169
8188
8192
8185
8181
8208
8238
8248
8248
8242
8225
8253
7818
8316
8316
8297
8332
8356
8347
8324
8316
8374
8421
8452
8423
8400
8433
8465
8492
8538
8559
8585
8593
8597
8582
8566
8629
8679
8692
8704
8700
8685
8673
8683
8708
8708
8713
8671
8671
8694
8763
8814
8833
8845
8858
8872
8893
8908
8946
8950
8944
8954
9009
9062
9112
9116
9106
9112
9162
9229
9267
9290
9307
9356
9400
9417
9435
9475
9486
9500
9536
9593
9666
9671
9650
9641
9692
9750
9786
9814
9841
9896
9923
9959
10013
10041
10080
10106
10150
10194
10177
10204
9774
10347
10400
10446
10417
10423
10423
10406
10400
10450
10515
10580
10660
10723
10788
10774
10751
10751
10736
10711
10704
10683
10667
10660
10694
10711
10723
10671
10629
10572
10532
10549
10559
10574
10566
10522
10498
10505
10509
10498
10463
10410
10362
10366
10343
10337
10375
10433
10473
10438
10324
10156
10068
10061
10099
10097
10078
10064
10083
10070
10103
10125
10112
10055
9961
9914
9910
9958
9988
9916
9799
9727
9658
9612
9606
9587
9580
9540
9456
9345
9309
9276
9255
9213
9127
9049
8959
8910
8881
8851
8744
8629
8534
8492
8517
8488
8406
8318
8198
8129
8114
8091
8038
7954
7833
7746
7681
7601
7500
7427
7349
7270
7183
7076
6990
6925
6881
6868
7324
6734
6603
6492
6383
6288
6221
6154
6082
5996
5923
6341
5801
5776
5734
5687
5589
5480
5389
5299
5263
5257
5211
5129
4998
4898
4763
4702
4702
4666
4559
4479
4408
4370
4335
4278
4190
4135
4122
4078
3982
4377
3812
3755
3681
3599
3505
3433
3383
3293
3229
3181
3146
3078
3026
2975
3408
2866
2791
2669
2583
2515
2442
2410
2333
2244
2183
2127
2062
2015
2431
1879
1832
1776
1744
1719
1702
1688
1652
1593
1511
1437
1358
1316
1314
1314
1265
1179
1127
1116
1122
1099
1139
1164
1137
1085
1030
1003
992
988
988
1028
1022
1022
1007
980
977
977
1001
1036
1085
1097
1093
1064
1057
1120
1171
1166
1160
1208
1217
1215
1227
1242
1269
1280
1278
1290
1330
1356
1400
1404
1395
1406
1412
1410
1423
1471
1519
1559
1587
1601
1641
1685
1729
1765
1786
1776
1811
1843
1877
1919
1958
2019
2112
2181
2280
2343
2353
2343
2396
2465
2538
2627
2692
2746
2816
2881
2967
3017
3040
3106
3219
3332
3446
3511
3587
3660
3740
3814
3900
4007
4087
4173
4246
4280
4309
4383
4484
4585
4635
4719
4811
4916
4961
5019
5089
5162
5244
5291
5389
5456
5530
5604
5654
5717
5767
5803
5860
5973
6057
6104
6166
6208
6223
6259
6303
6330
6366
6469
6543
6601
6622
6618
6654
6706
6742
6774
6795
6828
6864
6921
6963
7020
7057
7085
7101
7125
7135
7169
7234
7282
7261
7272
7282
7322
7353
7358
7389
7421
7463
7486
7452
7431
7484
7559
7608
7622
7614
7583
7583
7606
7633
7620
7629
7635
7591
7566
7637
7713
7734
7713
7679
7692
7709
7738
7786
7814
7833
7822
7805
7809
7805
7824
7858
7860
7870
7893
7900
7889
7872
7866
7868
7868
7872
7870
7862
7881
7893
7906
7933
7944
7940
7950
7980
7963
7956
7952
7942
7940
7990
7979
7980
7967
7950
7988
8019
8000
7986
7988
8013
8040
8020
8007
8024
8019
8003
8028
8106
8150
8194
8213
8188
8162
8196
8259
8270
8244
8261
8265
8272
8278
7820
8341
8393
8429
8450
8433
8450
8458
8473
8490
8534
8570
8572
8620
8639
8627
8603
8643
8709
8736
8750
8778
8770
8748
8742
8765
8843
8940
9009
9047
9108
9160
9175
9188
9171
9190
9259
9326
9351
9391
9398
9431
9458
9484
9538
9545
9583
9580
9553
9610
9690
9788
9883
9963
10017
10013
10043
10135
10166
10194
10230
10328
10446
10459
10513
10625
10673
10875
11038
11057
11020
11072
10753
11370
11456
11503
11580
11692
11719
11759
11902
12011
12139
11736
12383
12408
12513
12582
12660
12774
12929
13041
13129
13227
13381
13520
13637
13748
13788
13807
13874
14080
14324
14473
14610
14673
14790
14944
15106
15175
15309
15536
15625
15828
16049
16146
16229
16387
16131
16740
16896
17024
17125
17276
17398
17534
17645
17757
17902
17633
18125
18272
18461
18093
18709
18816
18967
19196
19337
19448
19603
19790
19982
20072
20209
20339
20437
20627
20782
20917
21049
21125
21227
21395
21572
21681
21799
21853
21977
22139
22255
22368
22448
22591
22719
22841
22946
23059
23110
23234
23358
22967
23530
23572
23675
23828
23927
24083
24137
24202
24364
24421
24454
24492
24633
24763
24837
24879
24893
24946
25066
25093
25190
25270
25372
25433
25463
25482
25507
25543
25606
25723
25793
25889
25980
25973
26032
26104
26125
26284
26278
26374
26471
26547
26591
26622
26652
26729
26837
26868
26879
26921
26958
27030
27038
27112
27133
27137
27162
27167
27188
27255
27377
27395
27427
27423
27475
27486
27513
27530
27545
27574
27580
27599
27662
27696
27673
27681
27685
27694
27753
27820
27828
27812
27849
27818
27364
27895
27883
27889
27875
27877
27898
27874
27925
27954
27923
27917
27931
27898
27937
27931
27958
27961
27917
27914
27950
27982
27979
27988
27929
27969
27984
27986
27958
27940
27950
27990
27973
27977
27961
27971
27956
27935
27946
27895
27935
27942
27910
27854
27887
27904
27853
27791
27772
27358
28332
27769
27730
27715
27772
27709
27667
27631
27658
27750
27755
27723
27698
27700
27694
27711
27698
27664
27646
27631
27608
27585
27612
27595
27570
27576
27555
27572
27599
27650
27612
27557
27541
27555
27557
27574
27666
27687
27696
27753
27841
28326
27759
27677
27616
27614
27442
27320
27303
27259
27255
27242
27251
27217
27148
27076
27020
26935
26872
26877
26807
26753
26687
26564
26477
26404
26402
26339
26251
26114
26011
25938
25870
25734
25633
25639
25520
25404
25324
25244
25196
25208
25179
25093
25000
24919
24856
24734
24620
24503
24898
24312
24204
24055
23843
23723
23654
23601
23492
23351
23250
23187
23101
22969
22738
22639
22633
22658
22616
22946
22395
22274
22131
22085
22045
21984
21935
21889
21786
21599
21456
21324
21267
21103
20906
20822
20736
20643
20564
20980
20356
20146
20072
20083
20074
20038
19958
19862
19791
19675
20022
19494
19421
19383
19295
19250
19208
19185
19095
19007
18958
18931
18866
18788
18708
18610
18530
18486
18458
18427
18406
18417
18400
18370
18351
18349
18364
18364
18366
18324
18335
18311
18272
18202
18118
18291
18522
18566
18620
18658
19045
18454
18475
18545
18597
18641
18606
18564
18519
18458
18362
18263
18148
17959
17849
17803
17763
17625
17496
17335
17200
17103
17022
16895
16738
16704
16610
16530
16492
16467
16412
16305
16208
16255
16278
16250
16240
16160
16188
16125
16293
16458
16587
16620
16620
16125
16627
16637
16744
16755
16782
16828
16914
17009
17080
17179
17244
17305
17347
17360
17395
17562
17727
17788
17824
17874
17925
18003
18049
18041
18061
18133
18133
18181
18190
18167
18158
18087
17998
18026
17975
17950
17935
17929
17952
17889
17851
17797
17751
17753
17751
