40480
40440
40429
40335
40303
40248
40240
40219
40261
40250
40204
40183
40148
40125
40131
40099
40543
40095
40097
40047
40030
39977
39916
39917
39902
39893
39923
39910
39862
39856
39862
39843
39900
39908
39889
39879
39832
39847
39868
39967
39956
39923
39935
39929
39988
40040
40103
40141
40166
40169
40240
40362
40410
40416
40419
40580
40637
40641
40702
40790
40816
40887
40961
40553
41080
41171
41261
41320
41364
41404
41482
41536
41645
41772
41898
41977
41526
42124
42200
42387
42555
42677
42725
42866
43045
43192
43326
43427
43496
43599
43692
43856
43501
44078
44225
44335
44454
44629
44769
44854
45028
45146
45261
44958
45627
45765
45887
46020
46162
46305
46404
46461
46576
46679
46784
46417
47041
47103
47185
47417
47566
47711
47769
47868
47881
47919
47988
47975
48013
48114
48188
48335
48412
48496
48601
48637
48729
48828
48929
49024
49152
49177
49282
49337
49385
49391
49452
49467
49416
49385
49351
49282
49261
49257
49135
49070
48973
48864
48833
48727
48685
48538
48393
48284
48219
48175
48085
47942
47856
47784
47690
47597
47551
47423
47209
47072
46967
46778
46627
46437
46267
46082
45931
45847
45664
45479
45366
45221
44988
44809
44635
44931
44259
44150
44444
43740
43482
43354
43192
42942
42700
42448
42257
42072
41820
41566
41406
41236
41040
40833
40637
40437
40270
40122
39986
39822
39673
39538
39356
39160
39007
38917
38795
38635
38543
38494
38370
38204
38129
38127
38141
38064
37977
37963
37988
37975
37961
37885
37866
37866
37858
37824
37755
37744
37757
37690
37685
37631
37540
37479
37414
37332
37291
37238
37251
37206
37187
37091
37074
37110
37101
37097
37125
37118
37125
37160
37215
37164
37156
37190
37274
37301
37335
37379
37396
37452
37538
37551
37614
37673
37730
37774
37868
37900
37914
37988
38032
38066
38074
38162
38158
38209
38272
38400
38450
38496
38541
38534
38112
38666
38757
38847
38900
39013
38599
39175
39187
39316
39419
39454
39517
39583
39618
39715
39763
39833
39906
39998
40022
40028
40131
40209
40255
40293
40345
40408
40469
40463
40509
40585
40614
40618
40608
40629
40616
40662
40721
40767
40811
40772
40812
40740
40803
40875
40912
40883
40881
40891
40875
40872
40954
40996
41034
41040
41036
41122
41131
41146
41213
41232
41257
41290
41326
41351
41347
41437
41488
41555
41578
41597
41633
41690
41757
41837
41887
41921
41950
42040
42099
42137
42171
42141
42190
42236
42259
42248
42236
42223
42215
42181
42143
42133
42133
42074
42068
42019
41973
41977
41891
41774
41729
41711
41669
41591
41482
41398
41324
41265
41200
41143
41104
41074
