33643
33675
33681
33664
33688
33673
33744
33763
33750
33837
33906
33919
33896
33963
34043
34093
34103
34167
34229
34244
34265
34333
34381
34467
34528
34547
34637
34732
34812
34877
34942
35026
35110
35225
35274
35320
35419
35511
35553
35595
35744
35788
35832
35973
36053
36125
36143
36181
36223
36238
36328
36423
36490
36509
36511
36555
36612
36589
36536
36555
36517
36526
36561
36505
36486
36482
36463
36427
36400
36318
36250
36167
36139
36145
36066
36000
35952
35900
35832
35692
35604
35561
35555
35496
35500
35507
35429
35431
35347
35257
35251
35229
35232
35137
35080
35087
35083
35003
34914
34935
34895
34774
34790
34757
34717
34576
34566
34566
34507
34450
34461
34492
34463
34454
34385
34389
34456
34456
34435
34440
34465
34458
34473
34458
34486
34520
34551
34559
34541
34530
34469
34417
34446
34414
34387
34385
34396
34452
34440
34385
34349
34354
34358
34318
34209
34685
33709
34206
34685
34204
34175
34169
34177
34166
34135
34083
34074
34083
34026
33986
33984
33979
33944
33851
33835
33799
33832
33799
33746
33687
33698
33591
33576
33641
33585
33513
33498
33492
33482
33492
33438
33398
33398
33395
33396
33364
33368
33402
33410
33406
33480
33414
33406
33396
33477
33494
33486
33463
33524
33606
33673
33625
33610
33687
33753
33839
33916
33937
33973
34040
34047
34127
34232
34332
34412
34513
34618
34734
34799
34807
34868
34933
35047
35232
35377
35456
35515
35622
35732
35822
35900
35969
35667
36198
36328
36438
36492
36536
36627
36706
36803
36893
36895
36923
36975
37038
37124
37242
37295
37309
37269
37330
37391
37442
37440
37473
37505
37545
37601
37555
37576
37593
37566
37570
37664
37698
37706
37751
37753
37746
37784
37854
37885
37875
37950
38040
38061
38015
38003
38028
38087
38041
38013
38022
38026
38030
38061
38045
38057
38032
38005
37954
37946
37891
37862
37816
37774
37683
38103
37622
37635
37580
37540
37509
37528
37570
37587
37591
37582
37589
37568
37530
37557
37614
37580
37612
37727
37700
37666
37698
37770
37791
37780
37742
37727
37673
37681
37671
37557
37507
37458
37374
37278
37211
37181
37101
37089
37061
37013
36954
36822
36740
36660
36570
36446
36374
36328
36282
36171
36087
36024
35988
35883
35814
35797
35713
35664
35587
35484
35500
35488
35587
35625
35627
35646
35641
35446
35206
34975
34843
34761
34696
34603
34648
34610
34528
34442
34358
34269
34242
34675
34145
34099
34013
33956
33860
33811
33776
33761
33770
33719
33725
33709
33673
33673
33645
33587
33576
33488
33387
33349
33364
33358
33389
33393
33423
33454
33467
33583
33610
33654
33671
