34954
34946
34902
34938
34900
34854
34828
34805
34776
34770
34776
34736
34650
34698
34681
34646
34578
34543
34480
34475
34463
34389
34345
34286
34278
34263
34183
34101
34032
33914
33959
33885
33833
33866
33811
33828
33835
33830
33799
33809
33847
33875
33858
33883
33900
33917
34003
34040
34078
34101
34089
34085
34135
34097
34114
34127
34158
34213
34202
34137
34106
34124
34146
34124
34041
33963
33952
33879
33769
33646
33608
33601
33597
33553
33545
33564
33599
33570
33450
33295
33251
33150
33124
33093
33074
33040
33062
33057
32986
32919
32841
32822
32847
32862
32837
33217
32673
32646
32620
32568
32530
32503
32520
32500
32471
32377
32314
32284
32234
32192
32160
32162
32104
32095
32062
32040
32078
32072
32013
31996
32049
32074
32108
32129
32229
32433
32522
32509
32435
32347
32255
31759
32267
32263
32375
32463
32606
32706
32767
32864
32870
32937
33047
33208
33299
33318
33379
33437
33387
33425
33519
33524
33520
33555
33660
33744
33748
33872
33990
34190
34219
34261
34335
34358
34381
34395
34379
34452
34490
34456
34532
34576
34604
34639
34748
34896
34925
34933
34919
34893
34900
34967
34996
35015
35062
35089
35129
35211
35290
35330
35393
35444
35505
35520
35578
35656
35667
35177
35723
35887
36043
36040
36093
35667
36234
36379
36406
36538
36629
36753
36811
36916
37045
36646
37248
37345
37349
37416
37511
37610
37624
37725
37820
37849
37910
37937
37973
38019
38070
38160
38232
38179
38171
38137
38152
38276
38389
38459
38524
38637
38669
38641
38654
38723
38618
38589
38769
38746
38774
38845
38950
39045
39110
39173
39270
39259
39269
39345
39452
39526
39654
39683
39770
39868
39950
39572
40116
40175
40204
40253
40270
40358
40354
40408
40423
40477
40501
40507
40589
40658
40694
40641
40729
40845
40898
40917
40885
40889
40883
40874
40919
40937
40979
40992
40963
40963
40990
40980
40927
40896
40904
40883
40864
40870
40851
40793
40830
40774
40717
40675
40664
40614
40627
40627
40620
40570
41036
40482
40459
40337
40305
40309
40393
40530
40585
40582
40583
40520
40402
40406
40448
40383
40433
40442
40465
40450
40458
40438
40391
40368
40417
40372
40353
40333
40372
40417
40404
40406
40339
40343
40267
40206
40213
40215
40288
40301
40278
40288
40322
40299
40293
40305
40305
40312
40242
40251
40288
40267
40263
40288
40282
40318
40370
40423
40517
40561
40484
40339
40492
40664
40723
40746
40753
40753
40717
40778
40904
40958
41013
41061
41131
41162
41167
41190
41187
41229
41293
41280
41328
41410
41419
41402
41297
41248
41223
41158
41169
41091
41026
41017
41030
41051
