34083
34091
34154
34181
34188
34270
34295
34290
34324
34341
34396
34459
34545
34612
34652
34669
34698
34791
34851
34952
34959
34982
35019
35041
35085
35120
35124
35242
35276
35314
35320
35360
35318
35375
35429
35438
35492
35557
35608
35616
35585
35587
35606
35620
35610
35675
35814
35854
35919
35925
35998
36089
36068
35667
36204
36259
36251
36324
36458
36501
36582
36604
36599
36662
36738
36841
36959
36986
37043
37179
37278
37417
37505
37597
37732
37860
37923
37940
37937
37979
38055
37624
38154
38246
38293
38347
38402
38395
38450
38559
38667
38750
38748
38727
38769
38832
38889
38929
38925
38881
38925
38927
38921
38917
38898
38906
38906
38925
38935
38982
38959
38893
38896
38927
38809
38845
38866
38788
38715
38620
38110
38681
38778
38933
38604
39103
39148
39198
39229
39177
39162
39181
39187
39137
39131
39166
39211
39213
39198
39166
39198
39181
39133
39127
39150
39110
39173
39202
39232
39345
39395
39417
39452
39448
39467
39458
39414
39316
39261
39301
39345
39227
39190
39223
39194
39040
38988
38988
38982
38914
38849
38790
38746
38667
38583
38559
38530
38494
38513
38511
38437
38408
38416
38314
38236
38150
38183
38164
38083
37950
37881
37805
37795
37742
37650
37536
37500
37467
37395
37337
37293
37244
37162
37087
37059
37108
37118
37074
36982
36895
36879
36795
36711
37125
36582
36524
36456
36385
36322
36288
36250
36639
36076
36001
36005
36017
35954
35898
35841
35711
35725
35769
35708
35591
35500
35553
35507
35458
35469
35486
35471
35423
35337
35351
35377
35349
35349
35282
35219
35242
35288
35270
35106
35040
35072
35074
34982
34969
34919
34956
34961
34938
34870
34830
34750
34694
34738
34646
34587
34610
34570
34473
34440
34444
34402
34343
34324
34244
34200
34118
34114
34099
34120
34051
34019
33961
33908
33864
33872
33883
33835
33782
33770
33770
33683
33662
33681
33643
33690
33677
33618
33593
33562
33503
33477
33456
33435
33370
33282
33198
33167
33091
32992
32900
32843
32751
33217
32688
32572
32461
32372
32324
32723
32150
32148
32135
32059
31950
31898
31935
31906
31839
31816
31772
31778
31730
31666
31687
31270
31727
31713
31654
31633
31639
31549
31505
31467
31435
31341
31353
31349
31299
31139
31087
31066
31017
30967
30927
30839
30853
30839
30780
30759
30717
30721
30736
30730
30694
30709
30688
30690
30648
30633
30675
30633
30587
30578
30570
30540
30486
30473
30459
30391
30404
30414
30343
30318
30274
30284
30307
30259
30265
30269
30284
30265
30257
30324
30259
30236
30261
30253
30276
30307
30337
30332
30776
30259
30335
30772
30152
30206
30265
