30309
30341
30364
30395
30408
30467
30511
30501
30498
30576
30616
30683
30715
30719
30719
30811
30862
30904
30938
30948
30940
30961
30963
30959
30984
30963
30963
30919
30919
30935
30902
30879
30805
30690
30648
30618
30603
30572
30536
30547
30503
30477
30519
30498
30501
30463
30423
30437
30446
30473
30446
30452
30503
30526
30570
30580
30583
30561
30566
30580
30580
30551
30587
30610
30629
30685
30704
30742
31263
30826
30935
31024
31049
31062
31082
31238
31362
31416
31479
31511
31517
31608
31690
31784
31835
31854
31868
31925
31980
32047
32133
32169
32160
31755
32356
32425
32492
32572
32604
32597
32694
32820
32883
32984
33076
33244
33356
33360
33482
33582
33688
33744
33854
34005
34045
34106
33709
34349
34477
34498
34591
34719
34833
34935
35005
34694
35299
35377
35395
35480
35622
35700
35748
35807
35937
35963
36062
36183
36297
36379
36520
36593
36677
36854
36967
37053
37146
37242
37328
37429
37454
37450
37534
37610
37652
37725
37893
37916
37925
37975
38068
38154
38185
38230
38291
38337
38328
38301
38307
38431
38438
38377
38364
38383
38360
38381
38372
38332
38312
38244
38251
38242
38221
38129
38022
37954
37902
37769
37740
37591
37429
37459
37555
37597
37601
37618
37549
37456
37475
37524
37479
37402
37360
37427
37148
37791
37938
38085
38208
38234
38374
38540
38744
38948
39040
39141
39270
39429
39540
39610
39822
39908
39929
39582
40221
40223
40272
40458
40606
40690
40767
40776
40906
41070
41204
41248
41303
41341
41389
41456
41583
41679
41780
41879
41971
42118
42278
42360
42019
42694
42849
43047
43202
43339
43419
43444
43496
43574
43671
43769
43795
43830
43490
44070
44141
44209
44332
44410
44477
44612
44698
44809
44935
45024
45146
45291
45351
45479
45675
45751
45841
45902
45910
45952
46061
46190
46270
46276
46356
46465
46492
46524
46631
46709
46816
46866
46914
46971
47030
47171
47297
47217
47040
46851
46820
46837
46431
46979
47030
47049
47080
47141
47217
47234
47190
47230
47314
47387
47444
47488
47570
47631
47700
47706
47761
47708
47755
47824
47866
47929
47992
48030
48049
48045
48068
48082
48062
48022
47954
47975
47986
47904
47860
47830
47732
47648
47597
47618
47566
47500
47442
47320
47286
47255
47169
47110
47066
46998
46912
46900
46830
46669
46648
46604
46498
46374
46276
46164
46040
45967
45862
45730
45677
45578
45486
45440
45343
45215
45127
45020
44895
44784
44818
44788
44715
44694
44667
44599
44578
44627
44666
44715
44702
44746
44843
44891
44900
44973
45082
45108
45181
45236
45244
45215
45248
45253
45221
45250
45270
45286
45318
45356
45360
