32750
33213
32679
32652
32620
32576
32664
32696
32566
32528
32482
32477
32435
32442
32435
32328
32246
32270
32244
32227
32169
32143
32110
32061
32131
32146
32162
32125
32068
32110
32158
32129
32221
32234
32284
32381
32423
32538
32645
32687
32786
32887
32904
32965
33110
33213
33320
33391
33452
33624
33727
33868
34024
34135
34267
34458
34530
34648
34793
34933
35040
35122
35284
35461
35574
35709
35835
36026
36208
36412
36580
36166
36782
36950
37108
37171
37322
37406
37524
37662
37832
37908
37986
38072
38185
38343
38498
38635
38723
38875
39041
39221
39349
39465
39671
39818
39959
40089
40253
40381
40494
40643
40797
40904
41017
41162
41288
41477
41650
41780
41994
42188
42356
42051
42791
43078
43328
43479
43711
43910
44196
44003
44685
44935
45156
45349
45412
45458
45484
45528
45543
45551
45580
45627
45610
45555
45549
45610
45589
45629
45624
45587
45620
45624
45520
45919
45396
45335
45269
45242
45229
45120
45099
45146
45089
44986
45431
44904
44898
44805
44767
44736
44667
44574
44530
44421
44324
44232
44156
44043
43917
43891
43780
43654
43524
43360
43213
43129
43475
42709
42572
42377
42200
42494
41866
41740
42005
41362
41227
41093
40969
40828
40746
40654
40597
40528
40414
40282
40125
39984
39910
39778
39610
39494
39400
39316
39257
39152
39095
39003
38908
38845
38723
39074
38526
38517
38435
38458
38442
38368
38324
38278
38311
38354
38305
38204
38206
38290
38278
38314
38297
38194
38171
38173
38145
38137
38124
38196
38145
38135
38213
38183
38150
38223
38272
38261
38188
38263
38282
38379
38452
38540
38522
38585
38675
38727
38858
38914
39059
39177
39274
39349
39458
39087
39711
39791
39868
39973
40089
40269
40290
40387
40507
40627
40694
40799
40904
41036
41133
41206
41284
41360
41431
41471
41549
41637
41763
41805
41881
42003
42028
42068
42166
42276
42290
42408
42467
42570
42660
42635
42662
42742
42847
42866
42906
42979
43013
42971
43024
43127
43156
43173
43194
43217
43251
43278
43332
43341
43333
43332
43309
43387
43419
43414
43425
43450
43473
43452
42992
43505
43610
43656
43696
43763
43791
43822
43902
43925
43889
43959
44032
44007
43986
44032
44053
44091
44154
44208
44202
44244
44251
44311
44343
44351
44406
44500
44438
44469
44500
44524
44561
44490
44559
44641
44629
44608
44664
44744
44763
44782
44774
44797
44780
44761
44837
44845
44849
44935
45001
45082
45179
45230
45293
45391
45429
45524
45629
45685
45814
45874
45438
46061
46124
46166
46227
46347
46459
46559
46610
46694
46870
46929
47089
47154
47278
46900
47517
47599
47635
47757
47866
47927
