33969
34103
33717
34318
34450
34526
34641
34717
34824
34948
35030
35120
35206
35362
35417
35528
35643
35713
35837
36020
36101
35664
36328
36458
36583
36742
36898
37019
37097
37194
37356
37396
37500
37624
37723
37883
37971
38083
37625
38215
38341
38463
38496
38545
38664
38683
38706
38746
38776
38765
38874
38984
39034
39066
39068
39101
39122
39097
39099
39129
39129
39160
39164
39097
39087
39114
39131
39055
39038
39129
39166
39139
39146
39196
39200
39561
39108
39156
39114
39101
39093
39101
38597
39190
39274
39263
39240
39230
39284
39225
39085
39080
39564
39020
38940
38887
38900
38879
38786
38770
38770
38719
38658
39068
38500
38490
38442
38345
38259
38269
38238
38179
38152
38108
38057
38022
38009
37986
37998
37967
37917
37891
37906
37839
37765
37704
37582
37545
37541
37522
37456
37314
37150
36929
36820
36807
36681
36566
36480
36416
36375
36404
36282
36164
36089
36043
35961
35874
35875
35784
35711
35629
35498
35339
35190
35097
35040
34931
34791
34690
34547
34347
34141
34038
34009
33854
33694
33562
33450
33362
33229
33141
33083
33020
32937
32875
32803
32769
33209
32664
32603
32618
32570
32520
32463
32408
32389
32337
32303
32332
32328
32259
32272
32278
32230
32727
32194
32171
32204
32190
32169
32236
32263
32209
32232
32246
32250
32364
32400
32442
32461
32574
32629
32687
32755
32778
32881
32946
33043
33112
33148
33215
33356
33528
33587
33574
33696
33809
33868
33969
34076
34158
34238
34374
34440
34461
34562
34809
34872
34919
34984
35089
35253
35297
35345
35389
35509
35194
35790
35864
35935
36038
36078
36188
36326
36417
36520
36576
36156
36755
36866
36975
37062
36643
37194
37259
37362
37423
37522
37545
37553
37580
37612
37675
37751
37776
37759
37805
37828
37879
37889
37902
37942
37975
38015
38059
38003
38036
38066
38022
38043
38110
38110
38185
38208
38133
38181
38234
38312
38345
38389
38381
38395
38555
38681
38683
38734
38786
38851
38910
38965
39045
39131
39177
39194
39272
39375
39429
39505
39551
39601
39694
39753
39780
39814
39961
40082
40120
40169
40230
40322
40427
40456
40528
40610
40721
40763
40906
41049
41078
41179
41219
41253
41349
41488
41574
41618
41732
41811
41908
42032
42152
42265
42366
42429
42540
42671
42746
42870
43059
43158
43288
43356
43398
43570
43706
43780
43895
44024
44072
44141
44246
44389
43975
44595
44748
44874
44937
45000
45078
45141
45240
45341
45458
45519
45559
45696
45828
45437
45998
46171
46223
46391
46513
46610
46679
46803
46887
47000
47133
47196
47251
47282
47286
47282
47328
47345
47364
47417
47473
47526
47540
47585
