37013
37120
37242
37347
37379
37463
37486
37606
37713
37767
37791
37881
37959
38057
38074
38133
38316
38124
38814
38847
38732
38606
38580
38576
38606
38664
38757
38795
38812
38946
38902
38965
39015
39062
39141
39181
39272
39263
39225
39301
39341
39391
39450
39482
39530
39583
39557
39637
39618
39648
39650
39627
39641
39696
39721
39729
39750
39757
39818
39843
39706
39604
39536
39461
39503
39549
39083
39646
39694
39675
39616
39557
39610
39578
39505
39505
39500
39507
39561
39559
39541
39568
39570
39610
39618
39572
39503
39549
39564
39536
39543
39553
39543
39519
39435
39385
39395
39301
39290
39291
39181
39108
39059
39034
38977
38929
38868
38811
38755
38717
38658
38528
38398
38297
38127
38001
37948
37824
37738
37627
37511
37381
37332
37200
37078
36952
36874
36780
36595
36490
36330
36251
36152
36049
35875
35784
35688
35435
35303
35246
35200
35051
34858
34772
34639
34477
34433
34372
34232
34089
33996
33847
33740
33667
33557
33501
33431
33349
33253
33120
32992
32860
32753
32669
32599
32461
32318
32221
32041
31929
31856
31709
31593
31490
31419
31383
31307
31150
31032
30969
30910
30845
30715
30616
30549
30559
30515
30406
30349
30328
30295
30232
30198
30280
30293
30257
30356
30467
30437
30395
30375
30316
30229
30160
30083
30020
30011
30076
30091
30110
30076
29986
29895
29772
29772
29729
29694
29643
29561
29467
29417
29461
29458
29465
29526
29519
29469
29461
29566
29633
29685
29314
29916
29986
29967
29996
30074
30120
30106
30166
30141
30229
30387
30595
30774
30986
31190
31383
31673
31885
32003
32099
32301
32461
32698
32950
32748
33507
33681
33761
33767
33744
33759
33778
33797
33833
33931
34068
34162
34339
34423
34230
35019
35209
35236
35141
35146
35154
35208
35297
35341
35421
35538
35698
35742
35818
35977
35664
36288
36423
36538
36788
37043
37211
37375
37452
37524
37551
37587
37641
37719
37820
37948
38082
38209
38326
38477
38698
38881
38990
39164
39337
39557
39675
39935
40125
40278
40414
40620
40788
40824
40862
41036
41198
41265
41347
41475
41608
41679
41734
41851
41958
41944
42003
42028
41540
42024
42057
42124
42133
42089
42156
42204
42274
42360
42421
42438
42459
42383
42425
42461
42427
42416
42396
42423
42312
42286
42183
42129
42127
42080
42488
41969
41917
41891
41769
41698
41688
41646
41639
41601
41585
41570
41618
41620
41673
41685
41748
41774
41875
41937
41994
42030
42101
42215
42320
42427
42484
42616
42746
42805
42891
43015
43047
43156
43246
43267
43330
43437
43524
43595
43599
43635
43641
43669
43742
43807
43851
43919
43990
44062
44116
44162
