32776
32568
32416
32358
32711
32099
31946
31807
31696
31494
31339
31230
31166
31068
30937
31244
30677
30557
30402
30253
30101
29982
29891
30261
29633
29473
29778
29160
29064
28982
29288
28641
28572
28414
28345
28330
28175
27984
27965
27854
27704
27555
27545
27446
27297
27261
27295
27251
27221
27139
27076
27114
27061
26996
26980
26927
26843
26797
26784
26740
26629
26543
26515
26484
26517
26437
26351
26343
26351
26284
26253
26202
26146
26120
26103
26064
26062
26030
26024
26041
26059
26040
26026
26072
26057
26032
26022
26049
26116
26110
26125
26206
26202
26223
26238
26291
26377
26438
26387
26402
26473
26511
26534
26582
26612
26639
26774
26807
26839
26967
27091
27120
27209
27309
27412
27509
27549
27540
27551
27639
27706
27776
27814
27770
27753
27799
27866
27944
27988
28047
28083
28116
28156
28167
28213
28257
28274
28309
28307
28333
28822
28368
28429
28551
28604
28637
28666
28700
28713
28744
28769
28811
28832
28841
28860
28906
28965
28998
29032
29080
29171
29301
29400
29425
29450
29486
29484
29480
29522
29614
29719
29782
29805
29814
29860
29927
30013
30085
30145
30150
30179
30187
30183
30219
30312
30435
30513
30566
30585
30610
30646
30704
30757
30875
30935
30931
30990
31082
31171
31295
31354
31389
31461
31490
31524
31620
31679
31717
31715
31732
31835
31940
32022
32091
32158
32188
32225
32269
32324
32337
32398
32435
32475
32507
32528
32526
32612
32708
32780
32832
32854
32891
32921
33013
33074
33095
33131
33190
33219
33278
33309
33337
33400
33469
33503
33585
33656
33671
33729
33759
33761
33797
33841
33856
33893
33938
34049
34127
34141
34141
34183
34270
34324
34341
34353
34370
34402
34423
34440
34452
34488
34532
34561
34589
34645
34730
34772
34797
34849
34885
34944
35009
35072
35127
35145
35162
35215
35263
35286
35347
35417
35477
35572
35635
35646
35677
35729
35753
35818
35839
35843
35881
35912
35931
35954
35971
35990
36038
36104
36112
36110
36158
36179
36206
36248
36290
36312
36326
36324
36335
36393
36395
36417
36421
36416
36412
36437
36465
36479
36503
36522
36566
36572
36526
36522
36538
36568
36568
36597
36669
36719
36757
36790
36772
36782
36786
36822
36849
36868
36866
36895
36916
36929
36963
36946
36971
37028
37049
37066
37072
37040
37019
37062
37118
37162
37188
37196
37200
37246
37269
37301
37324
37353
37398
37459
37492
37498
37465
37452
37490
37528
37547
37568
37582
37572
37541
37524
37545
37562
37601
37660
37685
37692
37681
37677
37677
37677
37715
37725
37715
37708
37772
37832
37862
37862
37826
37801
37780
37786
37790
37803
37790
37820
37904
37900
37868
37858
37874
37908
37959
38001
37994
37969
37954
37916
37891
37925
38009
38051
38049
38038
38064
38095
38125
38146
38194
38269
38293
38330
38364
38366
38421
38450
38480
38536
38582
38625
38650
38687
38723
38770
38818
38870
38933
38998
39011
39043
38597
39129
39166
39276
39381
39454
39492
39524
39585
39660
39709
39799
39908
39952
40020
40154
40274
40354
40370
40423
40528
40650
40732
40765
40816
40933
41007
41049
41164
41332
41431
41475
41498
41551
41635
41732
41843
41969
42061
42103
42164
42211
42229
42280
42396
42536
42687
42795
42841
42893
42979
43049
43127
43244
43322
43417
43509
43566
43631
43671
43751
43839
43940
44053
44154
44253
44362
43979
44545
44624
44698
44778
44828
44881
45017
45108
45158
45202
45229
45263
45299
45339
45404
45446
45482
45572
45646
45687
45723
45784
45837
45883
45944
45992
46000
46068
46133
46169
46217
46297
46377
46427
46454
46454
46446
46444
46456
46519
46572
46681
46702
46690
46742
46784
46814
46856
46896
46946
46998
47074
47127
47137
47122
47104
47124
47200
47282
47332
47341
47354
47391
47396
47433
47503
47543
47566
47566
47616
47667
47732
47782
47803
47854
47891
47921
47963
48019
48083
48152
48215
48288
48291
48263
48213
48230
48274
48337
47879
48396
48402
