33284
33166
33108
33070
33066
33028
33003
32980
33087
33087
33030
32954
32988
32994
32988
33047
33146
33192
33179
33215
33229
33213
33286
33400
33444
33513
33614
33671
33683
33725
33769
33910
33963
33944
34013
34169
34290
34370
34488
34629
34765
34830
34864
34994
35133
35251
35440
35555
35715
35862
36005
36148
36293
36492
36167
36769
36973
36666
37379
37503
37694
37929
38076
38267
38444
38582
38717
38919
38597
39328
39486
39692
39927
40082
40230
40412
40534
40738
40877
40559
41288
41458
41572
41750
41923
42116
42305
42477
42679
42885
43068
43265
43475
43625
43772
43942
44041
44160
44286
44421
44585
44708
44870
45024
45181
45265
45421
45583
45751
45830
45444
46106
46194
46301
46437
46555
46681
46832
46937
47072
47206
46916
47610
47673
47816
47954
48061
48116
48179
48276
48379
48477
48482
48480
48540
48666
48782
48828
48837
48921
49003
49108
49223
49261
49259
49341
49400
49459
49505
49540
49538
49520
49488
49459
49519
49555
49498
49429
49383
49435
49387
49316
49209
49129
49020
48963
48883
48767
48675
48595
48438
48311
48196
48082
47942
47791
47658
47477
47341
47202
47095
46967
46780
46595
46458
46353
46208
46068
45971
45872
45788
45656
45559
45454
45341
45169
45057
44984
44833
44717
44601
44475
44356
44251
44078
43898
43791
43748
43610
43954
43291
43169
43095
42948
42843
42690
42601
42444
42301
42209
42112
41961
41862
41770
41671
41562
41503
41398
41353
41303
41206
41091
41524
40967
40895
40748
40709
40645
40520
40501
40448
40368
40274
40129
40112
40083
39992
39937
39849
39822
39736
39629
39509
39488
39467
39406
39383
39364
39328
39293
39236
39282
39311
39309
39360
39435
39429
39419
39391
39416
39444
39423
39450
39469
39530
39526
39564
39587
39572
39652
39782
39879
39963
40022
40125
40164
40221
40291
40347
40438
40528
40606
40669
40786
40841
40925
41051
41181
41238
41301
41387
41519
41675
41725
41847
41906
41998
42141
42276
42370
42437
42427
42580
42688
42769
42811
42895
43017
43057
43110
43232
43288
43343
43402
43498
43513
43507
43532
43616
43673
43730
43729
43717
43687
43616
43593
43624
43637
43658
43629
43616
43599
43608
43595
43543
43555
43559
43561
43549
43532
43505
43440
43391
43356
43326
43364
43393
43368
43391
43341
43360
43444
43456
43454
43003
43570
43620
43713
43763
43851
43937
43931
44036
44129
44259
44333
44423
44479
44580
44648
44706
44837
44910
44938
45017
45085
45167
45282
45381
45416
45511
45633
45683
45734
45793
45877
45980
46013
46083
46154
46145
46150
46244
46307
46288
46311
46343
46278
46146
46177
46217
46171
