48826
48847
48921
49015
49045
49072
49087
49108
49133
49187
49255
49312
49374
49414
49477
49528
49578
49656
49711
49755
49788
49824
49900
49982
50040
50112
50217
50263
50305
50311
50354
50412
50473
50553
50608
50656
50719
50753
50780
50818
50883
50925
50998
51053
51118
51183
51230
51314
51379
51438
51484
51555
51616
51704
51778
51889
51994
52082
52164
52236
52343
52444
52503
52562
52625
52742
52895
52965
52998
52977
53024
53122
53202
53280
53353
53435
53498
53562
53641
53688
53738
53830
53893
53959
54009
54049
54076
54127
54206
54270
54293
54332
54381
54444
54509
54614
54232
54801
54887
54938
54980
55051
55173
55284
55379
55452
55494
55540
55645
55770
55847
55902
55931
55956
55969
56032
56108
56112
56127
56146
56169
56202
56242
56274
56328
56337
56316
56332
56372
56402
56370
56337
56320
56312
56307
56314
56332
56324
56278
56272
56274
56244
56200
56135
56066
55772
55669
55801
55925
56017
56024
55938
55801
55669
55671
55723
55715
55614
55503
55410
55372
55316
55251
55133
54994
54891
54841
54782
54662
54515
54349
54135
53891
53891
53956
53954
53816
53614
53448
53311
53272
53259
53198
53078
52938
52763
52622
52534
52421
52291
52217
52148
52049
51954
51811
51677
51561
51440
51339
51229
51131
51040
50931
50853
50791
50702
50595
50532
50423
50790
50202
50093
49994
49904
50314
49713
49639
49526
49414
49351
49253
49127
49049
48963
48891
48809
48706
48614
48526
48505
48425
48349
48265
48162
48072
47971
47879
47769
47669
47589
47473
47391
47324
47242
47175
47101
46982
46874
46822
46765
46723
46669
46591
46524
46477
46435
46383
46383
46312
46248
46196
46179
46125
46080
46019
45958
45889
45812
45778
45708
45608
45559
45553
45519
45473
45393
45328
45269
45190
45082
45019
44929
44906
44879
44805
44729
44673
44608
44553
44505
44469
44387
44330
44299
44318
44284
44246
44196
44158
44120
44047
44024
44030
44030
44032
44456
43914
43898
43891
43875
43820
43767
43799
43791
43742
43690
43652
43667
43708
43711
43675
43646
43629
43606
43603
43583
43564
43538
43541
43555
43526
43486
43480
43473
43496
43496
43477
43465
43463
43477
43494
43580
43614
43618
43625
43633
43612
43606
43608
43614
43625
43635
43652
43679
43708
43748
43776
43793
43820
43826
43858
43883
43896
43480
44051
44064
44062
44080
44116
44181
44200
44223
44253
44270
44291
44309
44345
44339
44351
44383
44416
44463
44519
44593
44669
44717
44776
44862
44944
44986
45019
45047
45074
45108
45143
45160
45188
45240
45267
45332
45368
45374
44954
45513
45587
45639
45729
45801
45858
45914
45982
46076
46139
46181
46232
46272
46333
46444
46501
46574
46664
46711
46750
46784
46805
46811
46870
46919
46971
47013
47020
47030
47066
47112
47190
47240
47253
47267
47290
47332
47374
47429
47479
47486
47458
47414
47421
47458
47488
47505
47522
47545
47589
47633
47631
47669
47730
47738
47719
47723
47770
47822
47917
47937
47961
48020
48160
48196
48187
48257
48354
48471
48517
48547
48652
48755
48801
48839
48885
48885
48927
48986
49022
49095
49213
49278
49246
49267
49412
49547
49622
49711
49669
49645
49637
49591
49635
49708
49750
49744
49780
49805
49770
49793
49776
49711
49662
49555
49492
49452
49429
49425
49467
49450
49816
49217
49166
49005
48917
48896
48826
48700
48574
48402
48263
48062
47832
47591
47408
47217
47062
46866
46624
46374
46145
46360
45683
45887
45068
44698
44435
44204
44024
43832
43604
43536
43398
43261
43104
42956
42774
42677
42503
42370
42259
42246
42145
42038
41933
41881
41805
41770
41652
41555
41501
41427
41269
41125
41020
40998
40914
40765
40685
40597
40488
40425
40282
40143
40080
40017
39887
39809
39795
39704
39591
39534
39458
39395
39244
39106
39017
38879
38765
38650
38532
38414
38309
