41164
41150
41095
41519
40959
40929
40881
40832
40767
40748
40746
40713
40669
40637
40585
40551
40501
40463
40442
40412
40391
40377
40368
40372
40312
40284
40311
40309
40282
40232
40225
40196
40194
40215
40242
40248
40204
40188
40187
40188
40198
40234
40303
40307
40354
40412
40416
40395
40488
40509
40471
40448
40498
40547
40580
40629
40681
40683
40688
40757
40885
40895
40921
40937
40946
40990
41045
41085
41133
41185
41236
41255
41257
41255
41238
41225
41190
41194
41179
41175
41171
41141
41114
41158
41158
41133
41125
41103
41049
41020
41011
40967
40975
40958
40929
40912
40868
40853
40833
40807
40801
40811
40809
40786
40793
40816
40895
40917
40885
40889
40887
40975
40551
41139
41198
41225
41248
41303
41393
41477
41568
41610
41700
41784
41837
41921
42001
42064
42162
42227
42311
42395
42475
42515
42570
42652
42721
42778
42822
42881
42977
43074
43152
43175
43240
43330
43414
43448
43515
43595
43658
43709
43761
43833
43885
43958
44041
44127
44227
44301
44372
44421
44463
44524
44582
44658
44738
44830
44898
44984
45040
45072
45101
45150
45250
45332
45419
45486
45496
45570
45677
45698
45698
45713
45793
45895
45998
46070
46078
46097
46171
46244
46307
46353
46383
46446
46524
46604
46667
46708
46736
46793
46885
46992
47099
47122
47164
47213
47267
47385
47461
47522
47580
47627
47681
47742
47824
47925
48009
48104
48196
48291
48408
48513
48568
48631
48675
48727
48795
48881
48937
48982
49041
49114
49194
49255
49328
49358
49379
49444
49501
49549
49601
49658
49696
49709
49727
49759
49805
49856
49862
49820
49839
49889
49948
50030
50118
50120
50083
50068
50101
50116
50112
50131
50169
50173
50139
50137
50143
50183
50227
50244
50265
50318
50318
50337
50387
50383
50387
50381
50398
50421
50444
50452
50465
50507
50509
50557
50616
50660
50656
50654
50660
50700
50711
50694
50675
50706
50729
50738
50757
50803
50801
50767
50795
50816
50780
50765
50774
50791
50322
50828
50824
50820
50814
50828
50818
50822
50797
50748
50708
50681
50654
50662
50656
50658
50662
50639
50660
50690
50711
50702
50658
50610
50566
50574
50582
50580
50593
50589
50580
50543
50509
50465
50429
50406
50410
50414
50421
50398
50349
50307
50278
50253
50206
50183
50152
50110
50093
50089
50040
50030
49992
49916
49885
49851
49868
49904
49891
49860
49839
49812
49797
49788
49780
49765
49761
49738
49692
49658
49679
49694
49696
49725
49688
49643
49643
49675
49685
49725
49717
49692
49704
49729
49719
49729
49769
49784
49748
49702
49700
49698
49730
49769
49769
49732
49711
49698
49690
49698
49734
49769
49753
49748
49742
49706
49645
49618
49601
49614
49633
49664
49711
49719
49702
49711
49708
49719
49715
49711
49687
49658
49643
49637
49646
49664
49654
49627
49652
49708
49711
49706
49717
49709
49740
49799
49814
49824
49835
49845
49879
49914
49898
49902
49919
49950
49954
49959
49967
50019
50078
50112
50150
50137
50099
50112
50167
50278
50387
50404
50400
50438
50458
50486
50543
50557
50562
50603
50614
50625
50645
50666
50721
50765
50776
50788
50841
50858
50883
50916
50931
50961
50994
51026
51019
51036
51047
51082
51131
51167
51213
51265
51312
51333
51318
51269
51276
51332
51337
51324
51354
51398
51416
51400
51414
51423
51423
51404
51414
51442
51431
51454
51484
51507
51498
51492
51488
51480
51475
51498
51561
51587
51562
51534
51496
51484
51456
51444
51461
51511
51545
51524
51490
51473
51484
51496
51458
51412
51396
51419
51419
51406
51375
51351
51333
51341
51337
51341
51335
51305
51265
51257
51263
51240
51250
51261
51238
51187
51148
51137
51143
51166
51150
51101
51055
51036
51034
51022
51068
51053
51007
50961
50958
50931
50921
50904
50912
50881
50847
50811
50786
50830
50898
50895
50877
50868
50828
50814
50324
50830
50851
50858
50839
50814
50824
50854
50891
50864
50843
50856
50868
50874
50891
50919
50938
50931
50948
50990
51036
51062
51061
51072
51124
51175
51188
51173
51152
51127
51143
51169
51202
51219
51257
51295
51311
51312
51782
51295
51288
51307
51341
51395
51429
51442
51446
51463
51465
51461
51463
51498
51543
51566
51568
51578
51578
51604
51643
51667
51671
51654
51675
51740
51820
51822
51807
51786
51790
51830
51877
51906
51935
51971
51984
51994
51980
52009
52066
52087
52103
52135
52158
52158
52223
52211
52196
52217
52234
52219
52213
52255
52291
52299
52290
52316
