36450
36410
36316
36272
36206
36181
36124
36164
36114
36045
35948
35885
35881
35851
35774
35736
35673
35645
35610
35543
35479
35412
35364
35225
35639
35049
35007
35078
35034
35000
34942
34874
34778
34767
35167
34541
34471
34417
34356
34303
34246
34114
34040
34034
34009
34007
34007
33975
33938
33885
33807
33772
33742
33683
33597
33599
33566
33498
33477
33461
33337
33242
33200
33166
33087
33030
32956
32933
32864
32809
32786
33217
32708
32666
32643
32559
32465
32442
32370
32339
32248
32162
32112
32076
31963
31887
31847
31774
31708
31637
31562
31511
31404
31301
31299
31753
31154
31011
30917
30879
30793
30782
30727
30606
30562
30520
30589
30610
30377
30148
30053
30145
30349
30509
30551
30604
30646
30662
30730
30732
30643
30629
30648
30662
30669
30667
30721
30763
30748
30734
30732
30759
30788
30738
30740
30736
30772
30732
30702
30719
30767
30751
30639
30473
30433
30458
30532
30629
30658
30624
30604
30639
30646
30597
30538
30582
30564
30528
30471
30469
30482
30494
30488
30442
30385
30448
30498
30438
30429
30467
30463
30459
30492
30545
30530
30601
30603
30603
30561
30631
30614
30694
30646
30732
30293
30862
30893
30927
30992
31017
31106
31229
31324
31463
31528
31509
31627
31698
31826
31948
31988
32093
32137
32225
32282
32324
32406
32437
32519
32603
32662
32751
32832
32885
32952
33026
33032
33076
33173
33276
33257
33286
33356
33425
33492
33458
33509
33585
33608
33616
33566
33534
33545
33648
33706
33704
33715
33698
33734
33826
33822
33824
33879
33910
33921
33881
33832
33868
33942
33902
33862
33828
33818
33862
33801
33790
33736
33725
33719
33694
33650
33568
33545
33566
33559
33555
33562
33519
33471
33438
33393
33364
33343
33349
33295
33244
33162
33099
33055
32977
32900
32837
32778
32685
32580
32421
32389
32337
32179
32072
31944
31795
31725
31652
31545
31438
31290
31204
31068
30940
30793
30736
30557
30419
30328
30217
30095
29933
29805
29770
29658
29559
29477
29366
29223
29116
29026
28858
28717
28654
28526
28377
28299
28261
28179
28070
28053
28047
27929
27898
27860
27358
27723
27551
27509
27402
27293
27208
27124
27028
26954
26805
26774
26687
26559
26456
26452
26393
26259
26158
26146
26055
25990
26013
26020
25925
25906
25906
25874
25914
25856
25807
25875
26377
25866
25833
25904
25404
26372
25862
25837
25921
25971
25927
25883
25841
25858
25870
25854
25885
25860
25818
25833
25780
25767
25709
25753
25751
25719
25721
25818
25769
25729
25730
25761
25822
25833
25845
25839
25866
25832
25767
25770
25853
25921
25963
25948
25950
25998
26125
26200
26290
26299
