21513
21377
21257
21198
21053
20902
20812
20681
20540
20412
20299
20118
19921
19801
19648
19452
19284
19114
18975
18761
18568
18505
18328
18185
18559
17917
17740
17540
17379
17253
17062
16938
16757
16574
16366
16240
16091
15969
15826
15681
15454
15261
15011
14528
13769
13324
13267
14280
14641
14780
14574
14204
13921
13650
13503
13322
13152
12908
12574
12269
12070
11950
11992
12055
12083
11950
12209
11408
11112
10872
10620
10467
10425
10416
10461
10335
10125
9916
9654
9421
9234
8933
8593
8248
7864
7833
8118
8414
8562
8620
8658
8526
8406
8442
8459
8484
8433
8339
8328
8458
8452
8446
8475
8578
8702
9125
9421
8986
8347
8003
8045
8196
8509
8767
8887
9003
9080
9171
9242
9276
9335
9433
9427
9284
9000
8648
8345
8120
7990
7868
7822
7854
7887
7874
7830
7805
7841
7879
7839
7742
7639
7656
7805
7996
8141
8278
8423
8629
8776
8730
8480
8085
8272
7566
7593
7729
7904
8011
8143
8385
8660
8879
9072
9194
9280
9402
9593
9879
10133
10232
10185
10045
9877
9780
9713
9671
9683
9732
9750
9738
9700
9685
9700
9698
9648
9654
9736
9830
9872
9887
9868
9814
9812
9870
9900
9881
9811
9729
9574
9459
9404
9356
9301
9278
9290
9339
9330
9309
9301
9326
9370
9379
9393
9402
9425
9431
9421
9446
9448
9417
9385
9353
9326
9303
9763
9253
9248
9209
9169
9072
8986
8938
8854
8807
8782
8746
8763
8729
8711
8730
8704
8641
8599
8564
8511
8395
8282
8162
8045
7967
7925
7910
7883
7820
7742
7721
7709
7667
7646
7559
7509
7530
7479
7387
7312
7219
7167
7190
7242
7215
7173
7104
7059
7059
7034
6984
6956
6916
6860
6835
6809
6698
6622
6595
6564
6486
6456
6429
6383
6326
6255
6162
6076
6015
5998
5998
5958
5925
6333
5755
5702
5643
5595
5520
5412
5316
5263
5282
5244
5171
5062
4982
4921
4875
4809
4734
4688
4645
4599
4562
4528
4444
4362
4324
4270
4229
4188
4127
4114
4085
4022
3959
3887
3799
3770
3782
3799
3780
3730
3666
3622
3622
3576
3534
3530
3519
3507
3526
3509
3435
3368
2935
3442
3437
3417
3425
3427
3385
3379
3395
3400
3425
3438
3429
3425
3437
3431
3412
3469
3484
3480
3467
3503
3553
3532
3530
3551
3574
3610
3624
3593
3576
3574
3599
3622
3620
3631
3643
3635
3627
3637
3648
3696
3711
3719
3725
3700
3704
3765
3786
3786
3824
3442
4116
4261
4305
4286
4175
4124
4127
4089
4028
3937
3830
3759
3727
3730
3734
3770
3759
3755
3738
3708
3696
3727
3742
3763
3769
3780
3782
3790
3767
3685
3624
3608
3629
3635
3643
3635
3599
3555
3524
3530
3524
3520
3522
3515
3534
3559
3599
3610
3593
3559
3553
3551
3553
3562
3557
3568
3561
3557
3530
3503
3488
3515
3496
3475
3467
3433
3419
3425
3404
3387
3370
3379
3364
3335
3259
3263
3274
3213
3154
3150
3183
3167
3114
3070
3064
3097
3150
3143
3093
3003
2969
2954
2940
2944
2931
2952
2992
2998
2971
2969
2950
2910
2917
2952
2990
3011
2959
2917
2910
2923
2948
2965
2979
2990
3000
3017
3007
2973
2961
2977
3036
3043
3051
3062
3040
3041
3061
3059
3049
3009
3009
3015
3003
3003
2980
3022
3091
3089
3064
3064
3066
3068
3062
3064
3083
3114
3160
3162
3171
3162
3167
3181
3242
3297
3314
3353
3385
3366
3364
3402
3458
3501
3545
3576
3576
3585
3601
3622
3627
3624
3631
3698
3763
3782
3791
3835
3872
3419
3935
3925
3916
3937
3965
4019
4047
4078
4124
4158
4202
4225
4236
4288
4333
4364
4387
4433
4479
4532
4574
4595
4543
4561
4612
4685
4730
4790
4812
4835
4396
4980
5043
5085
5127
5167
5251
5324
4893
5448
5507
5513
5511
5583
5635
5704
5786
5816
5877
5950
6000
6040
6070
6127
6242
6345
6412
6456
6513
6593
6648
6692
6725
6774
6830
6864
6923
6959
7009
7059
7076
7127
7166
7173
7169
7188
7227
7250
7284
7291
6839
7309
7274
7288
7343
7381
7393
7368
7351
7351
7360
7381
7377
7368
7395
7412
7416
7410
7393
7431
7446
7452
7456
7492
7498
7494
7509
7526
7524
7549
7599
7637
7650
7666
7675
7664
7604
7566
7520
7450
7393
7417
7488
7517
7507
7389
7337
7293
7269
7261
7198
7129
7085
7082
7072
7055
6986
6887
6797
6700
6624
6572
6549
6515
6459
6280
6095
6034
6049
6082
6074
6015
5961
5893
5814
5730
5681
5627
5568
5498
5379
5274
5229
5196
5173
5116
5043
4994
4940
4864
4790
4713
4631
4580
4524
4458
4425
4421
4417
4370
4328
4269
4209
4179
4078
4034
3996
3973
3950
3879
3816
3742
3625
3513
3456
3406
3374
3353
3316
3303
3307
3238
3139
3009
2977
2979
2961
2952
2887
2809
2748
2769
2774
2711
2654
2595
2622
2643
2656
2639
2603
2519
2480
2446
2368
2345
2368
2387
2450
2452
2416
2408
2416
2429
2429
2410
2431
2404
2368
2364
2354
2372
2377
2400
2440
2444
2450
2461
2454
2459
2458
2486
2496
2541
2549
2534
2591
2679
2708
2721
2750
2801
2841
2843
2843
2870
2908
2442
2980
3068
3133
3208
3267
3339
3406
3467
3553
3627
3685
3750
3830
3927
4001
4074
4131
4200
4244
4295
4395
4501
4585
4654
4753
4860
4944
5001
5099
5188
5286
5354
5482
5578
5645
5746
5862
6005
6114
6139
6202
6324
6446
6597
6696
6761
6354
6965
7072
7190
6847
7454
7566
7702
7333
7982
8143
8253
8381
8507
8587
8694
8814
8992
9139
9250
9410
9540
9631
9732
9853
9973
10160
10339
10446
10593
10267
10858
10973
11099
11227
11421
11585
11709
11856
11990
12104
11730
12372
12513
12654
12770
12917
13062
12702
13282
13414
13509
13595
13727
13891
13975
14106
14229
14291
14368
14444
14601
14751
14854
14963
15032
15116
15230
15345
15429
15511
15627
15740
15879
16003
16053
16150
16251
16318
16400
16522
16629
16723
16799
16896
16994
17055
17127
17198
17288
17379
17469
17500
17532
17578
17639
17761
17885
17937
17965
18028
18118
18190
18251
18282
18259
18280
18312
18360
18442
18513
18561
18593
18610
18618
18627
18635
18681
18763
18830
18843
18824
18830
18832
18818
18782
18797
18824
18862
18864
18875
18935
18977
19013
19085
19082
19038
19032
18564
19030
19047
19106
19141
19160
19185
19185
19162
19185
19206
19248
19225
19204
19261
19322
19374
19396
19374
19330
19286
19284
19314
19375
19375
19320
19261
19257
19286
19305
19339
19358
19335
19341
19358
19356
19364
19383
19393
19360
19326
19311
19307
19286
19291
19303
19349
19395
19444
19461
19496
19517
19547
19568
19620
19664
19708
19732
19730
19721
19723
19729
19805
19877
19940
19973
20005
20017
20045
20150
20244
20326
20423
20358
20370
20500
20593
20677
20797
20866
20916
20971
21053
21097
21185
21276
21387
21412
21459
21517
21610
21675
21719
21847
21971
22078
22173
22154
22223
22291
22440
22517
22629
22696
22746
22832
22482
23064
23204
23290
23372
23404
23459
23513
23618
23704
23845
23450
23900
23996
24141
24227
24261
24383
24532
24652
24690
24803
24438
25057
25129
25181
25291
24925
25524
25656
25803
25404
25942
26045
26158
26248
26307
26410
26526
26625
26713
26776
26889
27030
27125
27150
27286
27427
27530
27599
27622
27687
27799
27937
27967
28085
28139
28181
28257
28404
28503
28500
28629
28673
28685
28772
28803
28335
28914
28998
29064
29122
29158
29209
29238
29286
29339
29368
29435
29524
29530
29522
29576
29576
29610
29645
29717
29820
29849
29833
29854
29828
29875
29908
29908
29916
29948
29950
30011
30036
30013
30005
30043
30036
30015
29992
30017
30041
30022
30005
29944
29982
29992
29994
29996
30009
29940
29984
29971
29980
29931
29977
30005
30137
30127
30082
30068
30074
30133
30124
30108
30120
30118
30171
30139
30053
30026
30015
30045
30082
30041
30019
30040
30001
30015
30020
30001
30015
30091
30087
30078
30009
30003
30017
30011
29994
29973
29982
29954
29965
30001
29979
29942
29887
29942
29881
29872
29870
29912
29885
29818
29807
29797
29805
29772
29759
29696
29704
29696
29683
29669
29637
29610
29597
29620
29559
29578
29519
29475
29505
29501
29551
29543
29553
29507
29450
29433
29387
29358
29347
29263
29248
29236
29223
29208
29146
29083
29019
29062
29030
28956
28916
29305
28770
28717
28669
28704
28627
28513
28374
28381
28812
28173
28089
28028
27980
27900
27824
27776
27702
27631
27545
27473
27425
27362
27368
27305
27167
27030
27007
26948
26824
26748
26698
26662
26555
26864
26286
26272
26143
26030
25980
25914
25814
25708
25593
25519
25475
25879
25253
25085
25028
25402
24755
24660
24545
24448
24406
24347
24286
24175
24028
23898
23818
23765
23650
23484
23400
23364
23280
23171
23022
22923
22811
22627
22503
22448
22377
22267
22169
22009
21814
21610
21452
21333
21167
21047
20954
20784
20574
20465
20381
20183
20032
19870
19736
20017
19389
19246
19095
18980
18837
18755
18660
18624
18467
18232
18534
17889
17820
17730
17629
17532
17372
17206
17148
17066
16984
16805
16694
16591
16524
16448
16372
16332
16290
16234
16240
16230
16608
16043
16003
15935
15910
15933
15862
15793
15820
15811
15786
15841
15799
15786
15818
15822
15820
15849
15904
15958
15895
15914
15969
16045
16080
16045
16015
16068
16129
16036
15864
15809
15816
15776
15755
15742
15717
15612
15553
15486
15475
15368
15291
15253
15599
14963
14896
14778
14694
14524
14393
14303
14183
14001
13839
13751
13639
13488
13332
13265
13177
13040
12961
12847
12734
12660
12625
12656
12667
12589
12570
12505
12486
12469
12463
12500
12501
12438
12400
12364
12488
12606
12603
12646
12675
12675
12709
12820
12933
12980
13053
13095
12711
13333
13454
13486
13566
13746
13832
13921
14041
14133
14200
14291
14354
14467
14561
14593
14690
14727
14717
14757
14738
14757
14793
14811
14770
14715
14759
14776
14730
14675
14614
14513
14456
14458
14410
14297
14167
14066
13971
13895
13856
13740
13646
13572
13480
13362
13318
13293
13225
13131
13032
13034
13022
12971
12904
12937
12896
12874
12816
12835
12832
12786
12740
12742
12706
12608
12585
12616
12549
12461
12358
12375
12343
12263
