-4396
-3842
-3798
-3792
-3789
-3726
-3674
-3611
-3560
-3466
-3459
-3359
-3249
-3174
-3109
-3018
-2938
-2813
-2697
-2638
-2529
-2386
-2306
-2218
-2065
-1936
-1783
-1651
-1544
-1430
-1239
-1136
-1012
-913
-787
-672
-508
-409
-331
-149
-10
72
164
251
385
580
715
866
931
1101
1269
1416
1566
1734
1877
1986
2082
2276
1954
2593
2706
2849
2979
3145
3291
3519
3641
3706
3814
3969
4041
4106
4173
4353
4513
4601
4681
4801
4959
5045
5167
5230
5303
5448
5522
5606
5688
5849
5919
6017
6125
6236
5896
6522
6624
6736
6816
6969
7066
7145
7242
7358
7419
7526
7618
7711
7757
7809
7849
7889
7914
7948
7998
8038
8061
8133
8204
8230
8269
8314
8368
8440
8498
8545
8604
8660
8694
8711
8751
8780
8835
8872
8914
8990
9040
9041
9076
9120
9181
9236
9311
9362
9385
9450
9479
9498
9566
9671
9291
9835
9851
9870
9898
9958
10022
10110
10198
10251
10284
10307
10353
10395
10471
10553
10616
10658
10723
10805
10912
10992
11104
11146
11177
10750
11295
11377
11498
11593
11625
11673
11770
11845
11961
11994
12030
12131
12192
12286
12349
12463
12513
12536
12580
12666
12711
12769
12858
12937
12986
13070
13160
13198
13227
13316
13385
13473
13540
13580
13601
13646
13704
13719
13715
13769
13868
13969
14036
14114
13679
14250
14286
14303
14318
14366
14396
14461
14564
14627
14679
14719
14763
14824
14881
14944
14975
15036
15082
15131
15200
15263
15316
15330
15368
15458
15557
15585
15604
15652
15732
15801
15877
15956
16022
16076
16137
16215
16311
16368
16402
16416
16475
16545
16589
16666
16780
16891
16967
16996
17030
17070
17120
17175
17274
17381
17482
17534
17624
17706
17782
17927
18040
18145
18284
18412
18501
18082
18681
18772
18889
19009
19187
19339
19500
19654
19816
19963
20103
20236
20362
20465
20578
20753
20956
21085
21217
21307
21408
21572
21746
21856
22011
22154
22261
22381
22500
22616
22746
22856
22959
23110
23261
23402
23580
23729
23828
23969
24045
24114
24234
24391
24541
24683
24847
24984
25118
25227
25328
25490
25641
25730
25835
25942
26045
26158
26242
26335
26398
26494
26595
26664
26702
26759
26908
27009
27108
27194
27255
27301
27387
27513
27637
27694
27784
27883
28011
28141
28259
28375
28479
28614
28715
28805
28889
28958
29034
29118
29229
28824
29410
29509
29601
29673
29700
29774
29872
29975
30038
30110
30171
30202
30280
30414
30511
30616
30687
30740
30843
30916
30979
31066
31122
31229
31330
31374
31431
31519
31629
31772
31843
31891
31929
31965
32003
32074
32166
31769
32347
32396
32429
32463
32484
32507
32601
32671
32730
32763
32807
32872
32971
33030
33051
33072
33089
33141
32742
33284
33343
33433
33490
33528
33570
33616
33683
33738
33763
33807
33870
33933
33990
34041
34116
34164
34194
34209
34288
34370
34406
34377
34379
34393
34448
34507
34583
34675
34732
34770
34788
34814
34854
34856
34895
34959
35047
35074
35070
35082
35101
35125
35166
35204
35227
35276
35299
35330
35362
35433
35461
35459
35452
35503
35580
35620
35646
35679
35736
35786
35812
35847
35881
35923
35977
36026
36064
36148
36200
36208
36240
36291
36343
36408
36461
36496
36501
36526
36568
36610
36664
36725
36769
36790
36830
36893
36937
36967
36977
36994
37003
37059
37114
37152
37198
37278
37358
37410
37461
37522
37570
37604
37616
37685
37761
37805
37830
37874
37975
38043
38085
38133
38185
38240
38307
38400
38473
38540
38593
38660
38732
38791
38830
38856
38906
38959
38998
39051
39129
39190
39269
39301
39322
39372
39438
39471
39517
39570
39679
39746
39778
39812
39845
39883
39942
40022
40080
40122
40162
40213
40276
40301
40337
40400
40473
40515
40564
40616
40664
40690
40727
40776
40833
40885
40965
40553
41082
41106
41131
41192
41229
41261
41269
41299
41332
41381
41437
41471
41473
41452
41456
41486
41557
41568
41574
41561
41576
41606
41620
41604
41608
41645
41681
41683
41658
41639
41652
41666
41690
41688
41669
41643
41633
41645
41679
41687
41616
41572
41597
41633
41648
41610
41561
41553
41562
41551
41522
41519
41471
41450
41456
41412
41383
41404
41404
41372
41332
41311
41305
41276
41240
41242
41267
41316
41351
41307
41272
41259
41215
41192
41187
41194
41238
41246
41265
41291
41276
41263
41255
41261
41259
41276
41312
41339
41324
41309
41297
41286
41288
41353
41402
41410
41393
41379
41379
41398
41387
41395
41435
41477
41501
41496
41469
41465
41459
41473
41486
41471
41450
41444
41458
41501
41484
41479
41480
41475
41448
41412
41383
41383
41417
41417
41395
41379
41358
41368
41345
41316
41290
41261
41229
41206
41185
41183
41179
41166
41131
41091
41051
40994
40937
40902
40874
40853
40832
40757
40727
40698
40599
40471
40452
40431
40383
40324
40209
40120
40534
39967
39881
39824
39788
39688
39585
39480
39402
39309
39208
39125
39009
38896
38818
38757
38673
38566
38402
38284
38261
38187
38587
38038
37952
37853
37761
37673
37576
37479
37364
37255
37175
37116
37030
36925
36788
36658
36574
36526
36419
36307
36215
36087
35984
35864
35751
35671
35562
35477
35375
35276
35204
35141
35074
35003
34910
34799
34729
34645
34564
34494
34396
34295
34683
34055
33940
33856
33786
33742
33698
33646
33534
33446
33353
33263
33173
33091
33022
33000
32967
32933
32858
32765
32669
32616
32580
32515
32461
32379
32309
32259
32202
32167
32089
32013
31944
31874
31854
31832
31772
31721
31664
31574
31500
31456
31368
31309
31253
31211
31146
31080
30965
30883
30843
31248
30683
30658
30580
30507
30456
30368
30270
30230
30244
30198
30047
29916
29801
29706
29685
29685
29599
29496
29412
29322
29250
29194
29062
28937
28868
28770
28654
28551
28446
28370
28305
28242
28181
28097
27977
27853
27748
27614
27549
27509
27459
27400
27311
27187
27095
27019
26969
26914
26847
26763
26658
26574
26475
26381
26312
26267
26219
26131
26032
25942
25839
25759
25687
25603
25471
25375
25297
25209
25141
25049
24954
24841
24696
24557
24486
24440
24351
24265
24156
24020
23891
23763
23660
23582
23513
23423
23318
23232
23154
23108
23028
22950
22818
22685
22574
22946
22372
22276
22187
22099
22019
21952
21881
21746
21591
21982
21431
21349
21272
21173
21057
20940
20811
20664
20530
20463
20396
20309
20209
20139
20076
19965
19881
19814
19727
19631
19551
19473
19412
19356
19282
19217
19160
19089
19066
19007
18908
18835
18767
18671
18576
18547
18507
18416
18351
18270
18213
18190
18120
18057
18000
17956
17883
17801
17759
17721
17666
18068
17509
17463
17431
17377
17322
17240
17152
17114
17064
17000
16979
16954
16900
16845
16809
16788
16734
16667
16580
16545
16511
16490
16500
16469
16417
16358
16309
16301
16314
16278
16229
16171
16139
16131
16083
16074
16045
16007
15938
15874
15824
15784
15788
15772
15725
15669
15582
15509
15498
15498
15482
15442
15381
15299
15246
15148
15068
15051
14860
14732
15129
14566
14463
14423
14366
14250
14101
14015
13994
13937
13854
13774
13696
13631
13498
13425
13278
13209
13669
13080
12973
12872
12791
12736
12625
12559
12475
12374
12312
12314
12683
12124
12026
11896
11849
11853
11751
11635
11578
11601
11562
11498
11475
11395
11265
11244
11261
11196
11179
11164
11160
11051
10984
10942
10923
10841
10784
10713
10635
10620
10553
10475
10398
10280
10227
10208
10078
9994
9902
9799
9690
9625
9553
9473
9406
9295
9150
9070
9005
8942
8801
8709
8700
8534
8452
8351
8257
8129
7980
7898
7761
7616
7551
7522
7419
7274
7173
7055
6938
6841
6723
6564
6450
6286
6120
5986
6349
5696
5576
5383
5223
5068
5343
4625
4330
4074
3990
3977
3935
3973
3828
3723
3496
3291
3209
3087
2986
2910
2870
2801
2770
2730
2652
2528
2391
2166
2038
1927
1740
1580
1473
1393
1286
1175
1024
853
679
576
391
223
68
-81
-226
-426
-653
-855
-949
-1168
-1331
-1432
-1508
-1600
-1682
-1760
-1829
-1480
-2188
-2350
-2413
-2531
-2563
-2621
-2720
-2762
-2838
-2926
-2980
-2959
-2999
-3065
-3092
-3134
-3149
-3245
-3306
-3201
-3165
-3189
-3180
-3121
-3115
-3140
-3125
-3104
-3063
-3065
-3125
-3125
-3121
-3107
-3109
-3102
-3115
-3144
-3090
-3002
-3037
-3023
-3010
-2959
-2934
-2880
-2852
-2819
-2720
-2625
-2602
-2584
-2468
-2424
-2312
-2243
-2218
-2214
-2184
-2128
-2060
-2071
-2020
-2021
-2438
-1876
-1806
-1733
-1665
-1604
-1520
-1487
-1955
-1411
-1323
-1249
-1130
-1079
-1084
-1041
-1020
-1033
-1035
-1002
-1004
-1451
-880
-798
-802
-709
-617
-634
-630
-611
-588
-512
-470
-384
-279
-258
-186
-119
-21
7
59
59
30
53
26
479
-16
-10
32
-4
24
13
64
78
24
-44
19
22
-29
-27
36
91
70
55
19
61
118
158
110
93
80
103
66
7
76
85
110
55
68
64
66
104
137
221
280
269
274
227
225
198
240
223
146
103
64
72
5
-71
-46
-94
-134
-180
-195
-222
-260
-256
-285
-350
-8
-560
-588
-579
-636
-682
-709
-747
-800
-842
-798
-840
-834
-865
-924
-495
-1035
-1025
-1084
-1172
-1199
-1205
-1210
-1224
-1252
-1243
-1268
-1285
-1354
-1384
-1375
-1392
-1401
-1396
-1449
-1447
-981
-1518
-1504
-1518
-1594
-1672
-1668
-1653
-1649
-1689
-1731
-1718
-1731
-1794
-1796
-1777
-1817
-1817
-1808
-1833
-1852
-1871
-1844
-1804
-1857
-1791
-1689
-1636
-1609
-1667
-1649
-1577
-1527
-1506
-1394
-1268
-1252
-1243
-1096
-1002
-1012
-1031
-972
-936
-892
-842
-749
-686
-651
-598
-508
-493
-417
-312
-285
-220
-104
-39
28
68
114
244
362
442
522
627
671
780
927
1024
1066
1152
1259
1356
1438
1580
1729
1879
1975
1979
2036
2133
2244
2328
2421
2547
2683
2845
2841
2895
3030
3175
3200
3167
3341
3479
3522
3582
3666
3729
3763
3877
3919
3979
4083
4188
4255
4314
4339
4475
4570
4673
4765
4845
4925
5020
5122
5190
5272
5398
5526
5645
5719
5400
6026
6072
6190
5896
6538
6688
6801
6914
7032
7227
7368
7530
7692
7879
8026
8188
8406
8557
8683
8872
9053
9263
9404
9562
9282
9940
10091
10343
10549
10732
10904
11145
11353
11519
11677
11870
12053
12293
12500
12681
12872
13043
13265
13480
13667
