31561
31303
32227
32509
32507
32410
32471
32520
32603
32696
32816
32900
32996
32975
33062
33204
33326
33343
33398
33448
33471
33480
33465
33414
33423
33360
33291
33282
33270
33236
33185
33101
33101
33085
32990
32948
32938
32900
32776
32702
32667
32641
32549
32473
32440
32442
32316
32290
32270
32137
32076
32066
31900
31877
31853
31843
31845
31811
31780
31723
31805
31757
31677
31679
31650
31633
31677
31664
31687
31269
31793
31761
31742
31790
31851
31887
31864
31931
31937
32000
32137
31759
32379
32379
32351
32307
32345
32417
32458
32507
32547
32564
32595
32616
32694
32757
32795
32879
32975
33011
33015
33036
33078
33095
33148
33209
33251
33297
33303
33320
33332
33381
33421
33465
33511
33519
33530
33515
33562
33612
33635
33641
33635
33667
33704
33704
33700
33740
33753
33761
33795
33851
33881
33900
33902
33931
33988
33980
33975
33979
33986
34020
34080
34124
34167
34215
34215
34238
34246
34303
34332
34368
34410
34440
34473
34494
34526
34564
34587
34599
34601
34616
34646
34685
34702
34732
34816
34872
34937
34979
34994
34998
34979
35015
35053
35087
35145
35198
35219
35246
35274
35282
35307
35366
35444
35458
35459
35433
35427
35454
35479
35522
35587
35610
35622
35625
35677
35709
35729
35715
35742
35740
35708
35698
35702
35717
35711
35677
35654
35667
35664
35662
35650
35637
35643
35641
35608
35557
35547
35522
35534
35498
35452
35437
35448
35461
35482
35456
35429
35400
35400
35419
35427
35417
35398
35385
35400
35383
35356
35366
35395
35372
35343
35318
35311
35301
35280
35290
35314
35341
35400
35461
35530
35543
35492
35381
35286
35181
35053
34906
34790
34650
34532
34500
34501
34465
34419
34387
34349
34284
34204
34148
34143
34110
34061
34028
34017
33990
33937
33835
33788
33786
33763
33709
33635
33606
33536
33503
33471
33433
33398
33356
33312
33307
33303
33288
33251
33183
33135
33108
33080
32990
32919
32837
32784
32706
32643
32624
32540
32500
32469
32421
32370
32332
32719
32089
31975
31870
31841
31839
31803
31702
31620
31522
31452
31381
31282
31229
31192
31133
31049
31007
30952
30898
30870
30812
30730
30694
30620
30545
30448
30305
30167
30085
30032
29977
29937
29900
29828
29708
29576
29522
29475
29379
29291
29166
29022
28906
28826
28744
28622
28477
28337
28223
28103
27998
27879
27757
27650
27574
27471
27295
27179
27032
26923
26822
26706
26564
26389
26211
26110
25971
25757
25585
25435
25263
25087
24929
24711
24486
24318
24114
24412
23748
23520
23295
23124
23427
22713
22498
22309
22156
22463
21730
21536
21356
21137
20914
20704
20524
20375
20213
19980
19801
19675
19490
19314
19160
18971
18805
18692
18536
18408
18311
18209
18095
17998
17874
17778
17675
17536
17452
17421
17349
17244
17198
17143
17074
17062
17049
17051
17017
16973
16937
16908
16902
16921
16933
16959
16977
16954
16938
16940
16990
17034
17083
17082
17070
17040
17051
17045
17068
17083
17083
17103
17118
17143
17152
17160
17148
17160
17190
17217
17208
17223
17230
17204
17175
17154
17141
17101
17080
17110
17122
17146
17156
17139
17585
17059
17013
17009
17007
16956
16954
16969
16919
16874
16872
16835
16761
16709
16669
16637
16610
16583
16551
16513
16496
16461
16431
16379
16322
16305
16242
16173
16133
16106
16114
16104
16097
16057
16013
15971
15958
15946
15942
15925
15919
15906
15904
15872
15818
15797
15793
15793
15753
15740
15750
15729
15709
15675
15650
15633
15618
15582
15564
15572
15578
15601
15610
15622
15641
15643
15639
15637
16116
15610
15599
15583
15578
15593
15146
15635
15658
15677
15694
15709
15694
15715
15763
15755
15767
15822
15862
15906
15923
15910
15916
15954
15979
16005
16055
16093
15641
16219
16267
16284
16318
16312
16337
16353
16383
16421
16450
16469
16528
16541
16494
16458
16505
16578
16583
16578
16593
16603
16625
17095
16572
16570
16597
16650
16687
16660
16637
16578
16532
16541
16599
16593
16526
16477
16475
16425
16383
16366
16398
16431
16404
16347
16324
16316
16282
16265
16225
16196
16187
16208
16213
16171
16158
16169
16127
16085
16040
16059
16083
16097
16083
16061
16051
16103
16125
16089
16019
15986
15963
15971
15965
15954
15961
15933
15874
15839
15801
15811
15812
15822
15784
15750
15666
15603
15541
15477
15456
15425
15410
15372
15328
15293
15295
15269
15227
15215
15217
15227
15240
15240
15219
15190
15152
15093
15043
15024
15038
15040
15066
15074
15045
15009
14998
14979
14908
14841
14797
14788
14812
14799
14772
14715
15143
14624
14624
14618
14595
14530
14480
14396
14328
14293
14280
14227
14187
14122
14074
14022
13975
13917
13833
13744
13692
13650
13610
13549
13459
13381
13290
13200
13103
13038
12990
12967
12927
12849
12734
12662
12618
12551
12444
12402
12343
12284
12177
12074
12000
11910
11799
12204
11639
11566
11505
11435
11324
11715
11135
11017
10919
10874
10811
10719
10618
10456
10349
10297
10244
10137
10036
9938
9877
9812
9738
9662
9589
9480
9356
9759
9148
9061
9020
8998
8931
8847
8700
8562
8520
8490
8414
8330
8250
8156
8091
8028
7967
7935
7881
7837
7809
7706
7601
7564
7541
7528
7517
7479
7446
7372
7274
7198
7215
7204
7169
7150
7135
7125
7087
7072
7036
6965
6919
6938
6980
7007
7005
6956
6912
6904
6937
6938
6948
6938
6866
6780
6786
6812
6854
6870
6866
6853
7322
6807
6786
6780
6782
6790
6788
6814
6826
6837
6845
6826
6351
6883
6904
6896
6872
6910
6944
6973
6980
6967
6946
6965
7003
7011
7011
7009
7053
7089
7135
7158
7179
7173
7154
7169
7263
7333
7332
7362
7404
7417
7444
7452
7484
7515
7520
7501
7507
7524
7599
7683
7729
7721
7708
7730
7767
7845
7895
7889
7898
7914
7969
7988
8051
8108
8152
8173
8204
8221
8253
8257
8257
8284
8293
8337
8366
8375
8416
8446
8459
8454
8456
8463
8471
8492
8500
8507
8540
8543
8557
8559
8541
8486
8431
8452
8484
8496
8490
8459
8484
8477
8431
8395
8358
8339
8345
8366
8309
8217
8148
8112
8087
8080
8076
8019
7944
7898
7895
7887
7839
7826
7811
7750
7711
7650
7601
7547
7486
7437
7396
7364
7358
7343
7322
7291
7274
7246
7181
7114
7091
7099
7103
7110
7085
7041
6982
6954
6912
6883
6874
6841
6820
6788
6774
6750
6755
6744
6694
6612
6568
6578
6622
6688
6664
6570
6505
6448
6417
6398
6383
6372
6314
6267
6236
6198
6131
6093
6061
6028
5988
5956
5912
6345
5872
5851
5824
5761
5696
5673
5669
5633
5601
5540
5494
5482
5467
5444
5385
5364
5351
5374
5370
5379
5341
5318
5263
5213
5173
5208
5232
5221
5181
5146
5095
5022
5022
5078
5082
5062
5036
5007
4998
4961
4937
4948
4938
4935
4948
4956
4967
4969
4942
4946
4948
4895
4843
4835
4845
4896
4971
4992
4980
4944
4929
5001
5019
5022
5038
5089
5166
5185
5219
5244
5236
5311
5372
5391
5425
5520
5517
5564
5608
5631
5667
5715
5788
5776
5790
5843
5912
5959
6022
6074
6078
6093
6110
6135
6219
6251
6290
6360
6408
6480
6520
6524
6538
6622
6643
6660
6681
6753
6772
6830
6837
6885
6935
7019
7103
7141
7116
7167
7263
7286
7309
7372
7427
7459
7509
7507
7513
7509
7503
7534
7524
7496
7501
7574
7574
7580
7528
7543
7524
7530
7522
7494
7555
7541
7500
7500
7492
7488
7458
7526
7530
7461
7425
7494
7543
7603
7593
7580
7604
7526
7591
7580
7570
7601
7562
7438
7398
7385
7360
7353
7227
7175
7146
7026
6973
6889
6862
6795
6715
6618
6488
6360
6314
6206
6162
6068
5990
5963
5923
5841
5696
5620
5576
5437
5406
5854
5242
5177
5129
4998
5366
4809
4832
4822
4679
4604
4559
4540
4406
4322
4244
4154
4093
4034
3914
3830
3770
3721
3645
3547
3473
3433
3343
3213
3135
3131
3041
2948
2872
2770
2738
2656
2583
2553
2480
2910
2326
2255
2221
2179
2108
2003
1948
1919
1889
1877
1833
1793
1795
1748
1751
1704
1645
1740
1757
1809
1784
1812
1833
1795
1824
1872
1912
1931
1910
1977
2045
2135
2206
2301
2278
2284
2417
2572
2669
2767
2916
2973
3013
3158
3297
2948
3566
3652
3843
4022
4156
4272
4475
4610
4708
4910
5095
5244
5364
5540
5732
5896
6007
6104
6274
6454
6562
6740
6866
6986
7101
7316
7519
7658
7765
7807
7950
8040
8171
8290
8322
8459
8620
8685
8767
8803
8799
8938
9000
9007
9041
9156
9234
9246
8812
9440
9509
9519
9599
9612
9599
9700
9906
9963
9959
9969
10082
10145
10227
10301
10343
10364
10416
10492
10534
10599
10633
10660
10681
10265
10811
10811
10916
10969
10927
10956
11038
11135
11162
11185
10753
11263
11320
11293
11259
11297
11444
11465
11437
11448
11526
11603
11538
11629
11704
11246
11803
11870
11937
12024
12146
12257
12288
12337
12429
12627
12765
12935
12986
13066
13229
13345
13450
13583
13746
13916
13687
14286
14400
14570
14826
14984
15053
15131
15288
15562
15717
15835
16053
16269
16459
16589
16814
17009
17156
17356
17526
17700
17896
18146
18374
18553
18715
18874
19026
19215
19379
19490
19706
19889
20013
20135
20322
20469
20629
20744
20921
21045
21112
21248
21360
21007
21639
21826
21963
22104
22288
22416
22549
22675
22832
23040
23150
23223
23404
23496
23662
23713
23868
24019
24095
24213
24351
24522
24564
24692
24904
25024
25108
25173
25358
25469
25555
25685
25776
25925
26097
26179
26238
26339
26515
26616
26774
26404
27032
27108
27194
27318
27479
27547
27645
27784
27912
27998
28085
28238
28362
28419
28557
28618
28667
28780
28833
28895
28982
29043
29133
29145
29251
29309
29406
29452
29459
29480
29610
29660
29639
29706
29746
29770
29828
29845
29883
29969
29971
29940
29979
29952
30011
30053
30011
30024
30007
29977
30101
30101
30070
30026
30007
30051
30070
30015
29958
29927
29935
29931
29853
29832
29866
29841
29812
29795
29782
29715
29727
29738
29688
29685
29591
29557
29541
29538
29463
29440
29425
29354
29248
29183
29120
29082
28971
28933
29000
29011
28971
28971
28946
28984
29003
28933
28874
28797
28681
28639
28717
28921
29030
29116
29225
29295
29395
29461
29513
29604
29723
29753
29740
29769
29937
30026
30085
30139
30173
30198
30263
30349
