39427
39227
38996
38814
38570
38396
38246
38003
37713
37473
37217
37011
36696
36498
36190
35906
35687
35368
35089
34782
34429
34169
33917
33599
33259
32933
32500
31958
31620
31736
30845
30438
30011
29643
29362
28900
28570
28192
27715
27805
26935
26608
26246
25837
25480
25099
24753
24883
24089
23660
23253
23410
22671
22341
22043
21740
21437
21145
20849
20564
20385
20139
19858
19639
19421
19169
18946
18736
18641
18507
18301
18148
18091
17944
17780
17690
17612
17519
17368
17316
17316
17276
17181
17047
17000
16967
16958
16940
16902
16839
16874
16921
16963
16963
16975
16984
17068
17080
17059
17082
17217
17293
17280
17379
17412
17454
17526
17627
17660
17696
17818
17946
17937
18022
18146
18125
18150
18160
18276
18395
18557
18730
18866
18998
19139
19297
19419
19583
19832
20001
20122
20404
20648
20877
21093
21356
21561
21795
22091
22345
22625
22921
23194
23555
23877
24135
23958
24698
24980
25272
25585
25448
26188
26490
26816
27093
26927
27669
27971
28255
28446
28738
28975
29177
29408
29660
29879
30040
29839
30543
30744
30948
31200
31437
31650
31864
32089
31782
32479
32711
32875
33055
33270
33471
33629
33828
34076
34246
34480
34748
34948
35091
35299
35524
35725
35961
36209
36421
36188
36917
36677
37400
37601
37864
38074
38417
38759
38958
39146
39459
39704
40055
40299
40475
40688
40952
41255
41629
41847
42001
42244
42461
42708
42906
43095
43307
43005
43748
43923
44091
44263
44454
44614
44811
44971
45187
45385
45522
45629
45750
45959
46062
46215
46343
46545
46650
46769
46822
46416
47007
47051
47104
47230
47318
47349
47421
47545
47572
47494
47448
47538
47645
47656
47650
47673
47753
47786
47828
47830
47835
47839
47395
47942
47954
47969
47963
47980
48043
48108
48095
48061
48066
48093
48055
48062
47992
48000
47919
47919
47904
47833
47769
47685
47625
47599
47587
47482
47875
47343
47324
47332
47265
47103
47022
47017
46946
47377
46814
46631
46515
46446
46337
46265
46148
46040
46406
45820
45736
45625
45515
45377
45278
45143
45093
44982
44805
44635
44549
44368
44251
44104
44444
43759
43553
43410
43251
43064
42927
42769
42591
42975
42314
42124
41979
41812
41666
41998
41309
41167
41000
40790
40637
40501
40339
40125
39979
39839
39675
39515
39328
39145
39017
38843
38708
38551
38414
38177
38000
37883
37736
37561
37412
37320
37175
36950
36818
36687
37122
36461
36381
36236
36635
36024
35902
35818
35698
35656
35595
35511
35463
35351
35305
35215
35131
35053
35040
35005
34912
34902
34881
34833
34793
34816
34853
34904
34868
34847
34885
34948
34900
34916
34908
