45488
45532
45595
45719
45803
45809
45870
45895
45998
46127
46204
46217
46259
46362
46396
46410
46488
46557
46616
46599
46683
46763
46811
46824
46801
46854
46416
46925
46977
46973
46982
47053
47099
47078
47124
47131
47158
47219
47204
47242
47250
47242
47270
47316
47332
47383
47423
47440
47465
47490
47501
47549
47541
47568
47610
47671
47673
47564
47482
47541
47524
47452
47374
47351
47288
47215
47103
46950
46893
46845
46738
46637
46562
46524
46454
46358
46263
46156
46080
45937
45811
45715
45551
45917
45282
45091
44980
44921
44797
44564
44370
44183
44011
43864
43704
43925
43238
43036
42851
42614
42954
42225
41883
41664
41410
41190
40879
40616
40402
40183
39971
39868
39667
39433
39261
39085
38940
38755
39064
38406
38274
38122
38009
37860
37725
37545
37402
37351
37175
37131
36975
36864
36755
36645
36503
36354
36295
36219
36089
35988
35877
35715
35641
35442
35305
35253
35211
35137
35003
34896
34801
34711
34622
34522
34421
34408
34423
34335
34305
34370
34372
34307
34288
34278
34681
34133
34124
34162
34118
34166
34276
34185
34240
34666
33996
33948
34020
33944
33866
33868
33826
33734
33709
33572
33490
33490
33511
33528
33488
33442
33389
33354
33389
33406
33412
33421
33437
33435
33456
33517
33513
33570
33603
33652
33769
33860
33952
34005
34087
34229
34265
34377
34517
34576
34711
34826
34979
35150
35259
35431
35570
35702
35822
35950
36129
36375
36500
36633
36784
36980
37175
37341
37530
37675
37839
38034
38246
38366
38501
38673
38837
38988
39164
39322
39416
39561
39673
39908
40038
40158
40322
40543
40673
40803
40979
41162
41311
41503
41618
41753
41864
41998
42114
42188
42261
42374
42459
42459
42488
42507
42583
42646
42713
42807
42868
42896
42904
42893
42975
42998
43028
43095
43145
43200
43269
43259
43272
43326
43356
43368
43333
43381
43385
43351
43364
43377
43402
43461
43417
43370
43330
43353
43330
43290
43227
43265
43181
43177
43171
43154
43103
43110
43043
42931
42872
42826
42784
42713
42685
42635
42549
42986
42484
42444
42360
42259
42250
42169
42057
41994
41969
41862
41753
41696
41541
41448
41362
41282
41162
41011
40883
40765
40660
40530
40450
40286
40131
40066
39946
39830
39778
39645
39543
39446
39328
39234
39524
38917
38891
38757
39080
38442
38332
38244
38116
37956
37811
37664
37587
37431
37240
37606
37047
36864
36702
36555
36402
36219
36089
35937
35826
35803
35572
35341
35248
35196
35158
35020
34898
34872
34814
34734
34656
34608
34528
34440
34324
34219
34089
34070
34013
33874
33748
33658
33597
33582
33543
33509
33454
33381
33349
33337
