48480
48540
48618
48744
48853
48967
49013
49097
49206
49311
49404
49519
49620
49709
49784
49853
49944
50034
50089
50146
50248
50356
50480
50555
50629
50688
50711
50767
50830
50910
50984
51034
51030
51045
51062
51093
51141
51232
51290
51286
51322
51343
51322
51305
51324
51379
51406
51425
51421
51375
51356
51362
51385
51444
51484
51484
51467
51459
51461
51477
51490
51501
51488
51496
51507
51496
51513
51540
51549
51545
51559
51568
51576
51597
51624
51627
51643
51639
51629
51629
51587
51566
51553
51555
51582
51580
51551
51522
51488
51452
51435
51429
51435
51412
51410
51372
51337
51324
51293
51324
51364
51396
51332
51288
51255
51240
51223
51208
51179
51150
51097
51070
51057
51022
50948
50925
50917
50866
50839
50809
50742
50662
50583
50513
50463
50419
50398
50356
50253
50095
49992
49921
49847
49824
49797
49767
49711
49601
49526
49482
49433
49383
49372
49267
49148
49066
49001
48944
48895
48812
48723
48635
48540
48530
48507
48456
48391
48343
48288
48234
48185
48129
48068
48007
47891
47812
47759
47704
47656
47595
47520
47458
47431
47374
47272
47202
47091
47024
46975
46923
46853
46797
46755
46692
46631
46591
46549
46484
46435
46402
46370
46311
46272
46232
46175
46089
46017
45975
45984
45967
45904
45841
45822
45780
45729
45685
45646
45601
45555
45519
45498
45482
45488
45488
45400
45303
45276
45229
45223
45217
45208
45263
45270
45253
45229
45217
45190
45190
45209
45257
45272
45230
45198
45194
45158
45162
45181
45217
45255
45250
45244
45255
45269
45274
45236
45209
45209
45238
45219
45190
45204
45248
45246
45192
45160
45141
45137
45143
45187
45200
45213
45225
45192
45177
45204
45250
45276
45320
45339
45358
45400
45433
45421
45417
45410
45383
45398
45454
45494
45538
45551
45534
45520
45513
45505
45540
45591
45622
45625
45631
45677
45770
45866
45910
45912
45935
45958
45954
45998
46043
46074
46133
46125
46129
46177
46202
46248
46309
46343
46356
46374
46374
46375
46372
46423
46461
46530
46564
46562
46536
46551
46582
46603
46601
46591
46599
46666
46683
46662
46646
46669
46723
46767
46801
46835
46833
46816
46814
46856
46910
46942
47005
47059
47068
47072
47064
47087
47118
47131
47158
47181
47204
47223
47227
47229
47253
47311
47347
47370
47400
47423
47442
47469
47500
47522
47534
47540
47566
47608
47648
47711
47729
47713
47738
47759
47784
47811
47822
47841
47883
47877
47908
47946
47950
47912
47851
47847
47841
47826
47814
47837
47395
47889
47866
47856
47820
47780
47730
47704
47736
47769
47755
47757
47727
47713
47719
47730
47738
47748
47757
47744
47759
47780
47788
47791
47750
47709
47690
47698
47713
47727
47723
47723
47776
47835
47851
47851
47864
48364
47856
47841
47837
47849
47389
47891
47946
47979
47952
47937
47946
47977
48013
48028
48028
48024
48074
48080
48089
48082
48068
48070
48057
48070
48080
48103
48108
48145
48190
48190
48200
48213
48181
48192
48114
48095
48085
48095
48041
47971
47975
47879
47797
47801
47770
47692
47677
47603
47564
47488
47438
47458
47442
47874
47307
47251
47234
47175
47114
47085
46956
46956
46958
46900
46835
46763
46696
46536
46446
46435
46368
46324
46229
46097
45961
45851
45774
45656
45540
45910
45303
45148
45030
45414
44744
44561
44458
44305
44200
44049
43891
43736
43545
43391
43263
43074
42912
42700
42515
42339
42204
42091
41887
41700
41547
41379
41200
40967
40791
40688
41017
40366
40162
39961
39805
39654
39582
39389
39183
39561
38866
38782
38694
38553
38391
38209
38110
38040
37938
37801
37706
38101
37543
37500
37377
37320
37250
37171
37099
37020
36977
36990
36954
36908
36824
36774
36797
36715
36618
36568
36477
36398
36387
36414
36312
36261
36267
36196
36099
36013
36005
36053
35910
35750
35666
35690
36150
35604
35568
35475
35427
