38068
38032
38017
37917
37874
37877
37816
37753
37664
37578
37561
37490
37509
37429
37263
37240
37179
37085
37059
36975
36826
36812
36770
36664
36587
36528
36486
36400
36358
36240
36145
36066
36005
35877
35715
35727
35730
35582
35545
35498
35417
35354
35280
35248
35286
35269
35187
35169
35187
35150
35118
35028
35041
35009
34965
34952
34935
34921
34872
34841
34784
34750
34702
34666
34679
34629
34547
34555
34492
34458
34406
34383
34333
34324
34282
34217
34141
34118
34074
34093
34068
34095
34047
33996
33938
33937
33937
33887
33780
33721
34181
33608
33555
33517
33419
33406
33356
33303
33276
33234
33146
33137
33106
33055
33026
33024
32971
33017
33003
32994
33022
33017
32935
33007
33055
33034
33013
33076
33040
33074
33101
33129
33131
33146
33219
33244
33244
33238
33332
33314
33316
33341
33406
33469
33442
33471
33532
33541
33488
33494
33593
33635
33643
33662
33744
33889
33940
33998
34078
34101
34190
34316
34341
34410
34503
34597
34654
34708
34776
34860
34904
34937
35005
35066
34698
35278
35383
35475
35549
35645
35704
35801
35900
36030
36051
35679
36272
36330
36421
36528
36551
36538
36152
36730
36782
36818
36858
36982
37120
37232
37299
37387
37438
37517
37496
37492
37520
37562
37662
37786
37791
37898
38007
37629
38322
38425
38578
38662
38788
38788
38746
38772
38803
38879
38961
38963
39059
39190
39295
39351
39383
39438
39564
39576
39452
39354
39505
39564
39582
39524
39450
39387
39383
39362
39358
39322
39251
39114
39089
39150
39238
39303
39137
39093
39085
39066
39045
39020
38954
39017
39055
39043
39110
39169
39097
38940
38910
38975
39009
38969
38967
38977
39015
39118
39093
39078
39120
39173
39154
39118
39154
39215
39158
39183
39124
39131
39120
39196
39204
39169
39171
39227
39213
39274
39309
39347
39477
39089
39734
39818
39830
39898
39954
39893
39845
39835
39824
39767
39700
39639
39540
39505
39477
39433
39299
39145
39024
38904
38822
38736
38658
38536
38456
38402
38343
38288
38250
38164
38066
37977
37952
37933
37940
37896
37824
37740
37698
37643
37631
37578
37503
37503
37446
37372
37345
37402
37431
37417
37387
37299
37242
37261
37238
37202
37225
37217
37204
37217
37238
37301
37312
37303
37360
37362
37345
37335
37379
37400
37454
37410
37408
37437
37368
37299
37339
37301
37295
37282
37236
37185
37181
37118
37108
37080
37074
37026
37041
37022
36956
37041
37085
37057
36990
36990
37068
37028
37022
36994
37015
36986
36919
36908
36975
37062
37053
36969
37001
37017
37007
37020
37038
37009
36979
36973
36979
36988
36971
37061
36641
37143
37167
37185
