52522
52492
52458
52440
52427
52412
52375
52328
52295
52265
52265
52278
52755
52234
52167
52082
52047
52062
52087
52064
51973
51883
51858
51847
51868
51837
51786
51753
51715
51656
51633
51633
51631
51585
51534
51513
51498
51507
51541
51490
51425
51366
51328
51343
51395
51410
51375
51343
51316
51278
51259
51274
51276
51251
51244
51261
51242
51187
51160
51148
51150
51125
51160
51175
51171
51156
51125
51145
51208
51225
51232
51236
51208
51175
51183
51192
51217
51202
51200
51208
51208
51206
51209
51219
51244
51257
51278
51339
51356
51347
51353
51364
51351
51351
51349
51366
51406
51431
51417
51402
51398
51370
51395
51421
51396
51389
51368
51347
51347
51358
51341
51328
51333
51309
51288
51280
51225
51192
51181
51169
51145
51095
51064
51062
51022
50940
50864
51293
50757
50730
50736
50696
50593
50500
50461
50410
50339
50295
50255
50173
50099
50080
50051
49990
49910
49801
49711
49646
49551
49463
49419
49383
49282
49181
49083
49015
48967
48902
48860
48786
48694
48639
48576
48494
48423
48843
48309
48309
48280
48169
48074
47994
47891
47830
47807
47742
47654
47578
47479
47414
47362
47305
47227
47183
47139
47097
47024
46902
46803
46767
46734
46677
46610
46484
46396
46364
46328
46230
46158
46070
46000
45963
45938
45883
45818
45770
45715
45633
45524
45446
45372
45366
45328
45227
45127
45038
45001
44992
45421
44860
44797
44759
44732
44694
44618
44488
44421
44416
44345
44253
44164
44049
43982
43950
43889
43814
43740
43624
43536
43463
43366
43274
43183
43045
42942
42864
42769
42671
42587
42463
42326
42221
42103
42490
41898
41757
41589
41471
41343
41251
41183
41091
40975
40849
40688
40551
40423
40314
40213
40103
40009
39910
39832
39725
39585
39471
39312
39219
39129
39041
38973
38908
38807
38675
38620
38568
38454
38377
38312
38242
38154
38034
37935
37874
37860
37870
37858
37814
37757
37723
37648
37582
37543
37517
37480
37475
37492
37473
37471
37446
37385
37358
37381
37387
37356
37301
37267
37267
37269
37278
37301
37324
37270
37202
37173
37150
37162
37192
37200
37171
37137
37143
37131
37120
37108
37112
37137
37150
37152
37162
37131
37089
37110
37139
37135
37108
37099
37118
37106
37087
37040
36979
36946
36938
36948
36967
36979
36988
36990
37017
37051
37062
37095
37148
37219
37286
37293
37305
37248
37206
37230
37309
37320
37297
37295
37312
37314
37364
37433
37469
37471
37520
37566
37574
37549
37507
37522
37532
37557
37591
37608
37646
37711
37744
37784
37839
37875
37895
37952
37961
37980
38007
38045
38066
38064
38095
38114
38129
38181
38211
38253
38299
38305
38290
38272
38267
38284
38316
38387
38402
38429
38448
38490
38540
38587
38616
38652
38683
38698
38725
38740
38769
38826
38860
38908
39007
39045
39043
39041
39072
39122
39183
39211
39253
39301
39332
39372
39442
39496
39536
39085
39572
39599
39629
39656
39679
39645
39622
39637
39656
39666
39687
39700
39742
39759
39776
39793
39818
39791
39793
39812
39853
39860
39919
39917
39910
39956
40005
39982
40017
40013
40030
40114
40173
40187
40229
40229
40251
40326
40370
40343
40395
40496
40511
40509
40522
40591
40610
40643
40639
40585
40538
40604
40627
41034
40541
40582
40620
40650
40671
40769
40780
40828
40904
40969
41093
41169
41229
41314
41381
41450
41534
41566
41633
41580
41629
41635
41652
41645
41583
41616
41587
41517
41500
41435
41387
41332
41269
41166
41057
40959
40858
40738
40639
40482
40339
40188
40082
39946
39805
39681
39645
40028
39389
39299
39219
39160
38969
38877
38750
38666
38616
38500
38337
38196
38112
38003
37853
37683
37479
37395
37297
37179
36967
36826
36717
36578
36501
36291
36175
36072
35942
35879
35708
35559
35437
35353
35232
35104
35020
34898
34801
34704
34622
34456
34341
34328
34679
34061
33944
33868
33725
33549
33343
33230
33087
32958
