8034
8101
8164
8135
8122
8122
8217
8389
8528
8585
8685
8732
8652
8589
8570
8541
8524
8501
8496
8505
8458
8452
8465
8458
8450
8480
8450
8438
8412
8343
8408
8335
8330
8272
8179
8215
8335
8448
8515
8601
8637
8708
8759
8786
8843
8917
8946
9036
9152
9190
8807
9332
9408
9463
9540
9662
9759
9816
9895
10020
10162
9790
10452
10582
10645
10270
10919
11009
11129
11290
11374
11541
11625
11717
11980
12082
12169
12375
12471
12597
12767
12908
12992
13133
13246
13341
13458
13461
13545
13658
13757
13935
13729
14450
14517
14646
14755
14875
14994
15133
15312
15435
15572
15740
15843
16003
16110
16208
16347
16458
16551
16677
16780
16839
16948
16622
17253
17326
17398
17530
17656
17730
17841
17893
18022
18202
18383
18520
18541
18662
18856
19036
19125
19208
19366
19530
19709
19872
19975
20122
20276
20416
20513
20585
20694
20791
20860
20956
21043
21110
21179
21219
21316
21475
21622
21664
21740
21837
21931
22061
22143
22211
22276
22343
22404
22528
22627
22721
22809
22883
22988
23082
23175
23227
23309
23358
23435
23570
23702
23751
23801
23900
23961
23998
24101
24181
24242
24328
24395
24513
24625
24681
24723
24790
24868
24938
25000
25066
25114
25167
25229
25328
24917
25452
25561
25652
25700
25750
25826
25946
26041
26103
26188
26253
26299
26372
26442
26501
26564
26618
26690
26763
26387
26948
27019
27106
27148
27202
27251
27282
27320
27389
27437
27490
27574
27622
27666
27698
27738
27832
27933
27998
28076
28148
28188
28242
28316
28379
28507
28597
28639
28702
28729
28761
28337
28912
28979
29068
29127
29185
29265
29345
29393
29461
29538
29593
29606
29685
29738
29742
29723
29776
29923
30064
30137
30179
30265
30295
30318
30353
30379
30421
30465
30522
30593
30606
30639
30734
30832
30877
30902
30942
30990
31024
31097
31166
31227
31253
31291
31354
31427
31490
31543
31559
31593
31641
31690
31734
31799
31839
31826
31801
31814
31786
31788
31776
31791
31828
31908
32030
32152
32234
32259
32335
32400
32442
32471
32528
32589
32641
32667
32706
32761
32761
32765
32755
32770
32793
32872
32925
32950
32973
32977
32990
32998
33007
33026
33068
33120
33204
33219
33248
33261
33248
33274
33311
33326
33291
33702
33171
33156
33137
33139
33135
33148
33217
33261
33316
33396
33406
33416
33467
33496
33480
33477
33471
33417
33375
33341
33270
33188
33166
33211
33295
33360
33383
33353
33324
33230
33215
33242
33276
33314
33351
33385
33543
33261
34022
34274
34490
34675
34858
35030
34698
35351
35555
35721
35780
35778
35729
35631
35515
35454
35473
35500
35477
35396
35269
35133
35099
34692
35332
35450
35578
35708
35843
35994
36124
36188
36229
36225
36213
36204
36200
36133
36019
35940
35874
35805
35713
35585
35501
35440
35410
35402
35379
35364
35326
35288
35654
35059
35005
35032
35116
35192
35290
35320
35335
35379
35377
35328
35240
35135
35043
35013
35013
35005
34986
35007
35068
35167
35284
35404
35490
35547
35593
35658
35685
35616
35389
35654
34904
34604
34362
34114
33868
33746
33711
33730
33740
33738
34188
33660
33608
33547
33547
33652
33841
34001
34150
34297
34446
34585
34631
34643
34652
34633
34559
34509
34501
34488
34442
34404
34349
34293
34305
34330
34328
34288
34253
34219
34167
34036
33887
33797
33801
33843
33858
33956
34043
34089
34122
34143
34154
34162
34129
34118
34133
34148
34160
34215
34251
34225
34183
34152
34106
34083
34049
34020
33971
33963
33996
33979
33956
33973
33994
34005
34013
34003
34007
34040
34061
34093
34114
34103
34082
34083
34080
34085
34110
34133
34127
34124
34110
34097
34122
34141
34139
34137
34133
34114
34103
34095
34076
34051
34062
34053
34043
34043
34028
34019
34032
33975
33950
33944
33935
33912
33879
33816
33788
33772
33711
33687
33687
33730
33725
33708
33692
33683
33673
33633
33583
33553
33532
33515
33469
33414
33414
33423
33385
33312
33324
33330
33326
33312
33274
33246
33225
33190
33177
33124
33083
33064
33076
33059
33043
33038
33017
32979
32929
32931
32952
32923
32877
32832
32734
32706
32681
32669
32669
32646
32601
32555
32511
32463
32429
32383
32335
32303
32293
32290
32246
32164
32120
32124
32125
32064
32007
31969
31923
31858
31828
31793
31744
31700
31675
31664
31641
31587
31562
31541
31524
31509
31490
31503
31538
31492
31410
31395
31393
31383
31347
31339
31316
31295
31295
31272
31236
31167
31141
31135
31097
31072
31055
31015
30984
30931
30883
30856
30862
30851
30812
30780
30729
30685
30633
30603
30562
30505
30479
30435
30450
30444
30408
30341
30293
30259
30213
30150
30112
30116
30101
30064
30019
29977
29916
29849
30274
29723
29717
29694
29637
29545
29465
29435
29419
29408
29349
29246
29192
29129
29085
29080
29040
28996
28956
28854
28788
28681
28603
28562
28501
28437
28358
28299
28278
28238
28160
28036
27971
27914
27849
27772
27702
27641
27555
27459
27326
27234
27192
27145
27112
27036
26946
26851
26772
26696
26616
26570
26500
26417
26293
26200
26139
26085
26024
25944
25837
25763
25666
25597
25513
25431
25341
25295
25232
25108
25001
24933
24862
24784
24690
24583
24486
24330
24232
24183
24116
24055
23971
23824
23736
23679
23627
23585
23555
23465
23374
23282
23169
23085
23040
23446
22881
22843
22776
22662
22593
22479
22400
22330
22232
22167
22099
22032
21954
21874
21824
21786
21683
21582
21479
21412
21459
21421
21320
21202
21137
21104
21062
21494
20942
20862
20776
20692
20587
20522
20463
20431
20354
20253
20131
20040
20007
19967
19919
19843
19761
19633
19545
19473
19398
19297
19211
19146
19087
19022
18935
18856
18799
18757
18708
18625
18572
18454
18337
18303
18274
18223
18166
18561
17967
17870
17801
17765
17729
17667
17597
17517
17444
17364
17284
17198
17137
17585
17000
16833
16729
16614
16524
16473
16387
16288
16166
15977
15814
15711
15589
15465
15383
15368
15427
15543
15700
15839
15900
15959
15988
15971
15937
15881
15811
15727
15666
15677
15694
15688
15662
15639
15648
15677
15683
15692
15730
15744
15757
15822
15896
15969
15965
15973
15982
15986
16005
16062
16072
16104
16116
16104
15635
16160
16154
16135
16124
16608
15633
16129
16145
16145
16110
16110
16099
16047
16055
16059
16062
16055
16087
16299
16553
16505
16204
15849
15652
15589
15148
15681
15666
15520
15375
15311
15370
15456
15568
15669
15759
15851
15835
15761
15660
15620
15622
15637
15589
15459
15225
15068
15003
14948
14898
14858
14833
14824
14790
14723
14639
14591
14583
14631
14620
14561
14589
14587
14566
14482
14442
14414
14374
14354
14328
14311
14290
14288
14301
14301
14238
14206
14196
14177
14185
14654
14162
14198
14219
14223
14232
14246
14282
14291
14385
14461
14515
14555
14564
14524
14500
14437
14408
14372
14347
14345
14377
14431
14467
14498
14524
14540
14583
14629
14666
14717
14759
14803
14803
14807
14828
14837
14822
14801
14805
14824
14860
14893
14893
14889
14887
14864
14828
14782
14763
14788
14814
14818
14799
14795
14786
14774
14769
14753
14719
14667
14635
14662
14667
14660
14624
14570
14501
14482
14486
14469
14438
14419
14387
14337
14255
14188
14156
14114
14032
14051
14005
13887
13746
13683
13610
13475
13356
13204
13131
13076
12973
12833
12671
12578
12450
12284
12204
12068
11914
11818
11658
11454
11316
11150
11024
10958
10767
10608
10417
10290
10398
10133
9935
9791
9715
9587
9419
9314
9131
9000
8912
9250
8635
8547
8469
8324
8221
8080
8017
7967
7856
7723
7604
7500
7433
7814
7206
7135
6996
6908
6748
6585
6534
6580
6482
6374
6255
6108
5992
5868
5757
5627
5480
5286
5118
4988
4786
4610
4486
4356
4190
3971
3786
3566
3343
3093
2990
2818
2688
2522
2374
2282
2213
1986
1797
1681
1549
1412
1188
1083
906
688
528
387
196
51
-54
-250
-384
-537
-674
-840
-1008
-1125
-1209
-1380
-1583
-1756
-1873
-1983
-2086
-2250
-2336
-2403
-2493
-2577
-2628
-2686
-2735
-2833
-2901
-2922
-2911
-2957
-2955
-2957
-2999
-3048
-2980
-2917
-2911
-2905
-2792
-2771
-2735
-2632
-2611
-2499
-2430
-2392
-2321
-2231
-2052
-1970
-1876
-1762
-1651
-1497
-1355
-1289
-1233
-1088
-932
-812
-771
-661
-562
-445
-355
-329
-207
-67
-52
-16
87
171
192
263
332
303
404
540
599
706
742
820
914
950
1061
1055
1047
1055
1085
1190
1244
1250
1261
1318
1356
1463
1471
1444
1458
1498
1564
1576
1614
1541
1545
1507
1500
1480
1520
1585
1583
1652
1803
1809
1784
1795
1830
1778
1729
1761
1811
1833
1803
1753
1751
1791
1791
1814
1799
1769
1715
1646
1673
1629
1604
1585
1597
1568
1587
1566
1500
1473
1469
1446
1383
1370
1341
1236
1177
1166
1154
1104
1089
1103
1089
1066
1049
1095
1087
1032
959
963
961
1036
1062
1040
1099
1095
1047
1074
1110
1192
1150
1177
1238
1301
1196
1074
1024
1076
1150
1112
1070
1047
1040
1127
1194
1114
1097
1118
1133
1124
1104
1103
1112
1120
1188
1164
1183
1272
1225
1240
1307
1332
1295
1272
1282
1297
1272
1332
1385
1406
1383
1383
1503
1578
1585
1553
1574
1601
1690
1746
1729
1734
1801
1799
1856
1914
1971
1988
2030
2070
2022
2116
2041
2034
2139
2171
2196
2188
2190
2167
2118
2076
2030
2055
2118
2083
2059
2051
2068
2057
2055
2072
2001
1994
2053
2015
1944
1898
1469
1977
1870
1889
1860
1919
1881
1793
1761
1753
1770
1774
1751
1750
1725
1736
1757
1746
1763
1767
1780
1723
1675
1633
1698
1723
1669
1650
1654
1589
1683
1633
1595
1633
1690
1692
1624
1650
1660
1673
1646
1658
1646
1711
1709
1618
1660
1740
1748
1727
1730
1709
1717
1803
1824
1761
1738
1734
1784
1782
1772
1727
1793
1776
1761
1759
1814
1746
1738
1730
1734
1797
1786
1793
1757
1723
1797
1784
1795
1862
1931
1889
1902
1973
1944
1975
1992
1984
1986
2076
2198
2255
2200
2219
2265
2324
2368
2425
2410
2398
2461
2513
2553
2583
2677
2715
2700
2780
2860
2912
2971
2998
3043
3059
3106
3164
3194
3221
3278
3339
3368
3387
3446
3492
3482
3500
3604
3587
3555
3557
3587
3629
3608
3618
3667
3646
3677
3746
3729
3753
3706
3715
3755
3814
3824
3832
3866
