31038
30980
30904
30879
30822
30786
30765
30803
31248
30736
30750
30702
30685
30736
30603
30578
30635
30612
30536
30488
30503
30519
30591
30589
30572
30528
30549
30694
30679
30643
30667
30654
30654
30694
30660
30673
30675
30688
30717
30717
30719
30696
30727
30776
30763
30770
30803
30811
30826
30877
30906
30921
30904
30872
30919
30956
30963
30984
30971
30986
30992
31043
30994
31049
31150
31181
31158
31154
31160
31152
31127
31211
31169
31150
31125
31135
31209
31150
31087
31177
31240
31242
31211
31104
31062
31083
31085
31082
31106
31166
31145
31190
31192
31085
31093
31110
31148
31040
31057
31112
31068
31020
31047
31057
31024
31099
31095
30980
30998
31061
31083
31106
31125
31103
31122
31131
31114
31127
31114
31131
31129
31127
31049
31003
31007
31026
30992
30948
30958
30925
30837
30833
30811
30807
30780
30793
30719
30700
30673
30664
30618
30597
30538
30438
30473
30551
30505
30475
30425
30358
30326
30255
30208
30169
30066
30122
30095
29975
29929
29900
29898
29872
29816
29702
29669
29635
29593
29530
29448
29410
29374
29364
29301
29248
29217
29156
29127
29078
28948
28902
28896
28845
28736
28664
28612
28477
28423
28362
28255
28133
27994
28333
27822
27732
27631
27566
27433
27297
27265
27183
27087
26950
26921
26807
26734
26648
26591
26467
26866
26311
26259
26213
26074
25973
25858
25816
25734
25633
25545
25461
25387
25278
25169
25026
24948
24895
24694
24585
24534
24904
24328
24194
24055
23946
23816
23667
23473
23347
23196
23074
23438
22753
22566
22400
22305
22137
22001
21843
21664
21500
21353
21272
21187
21026
20816
20687
20587
20480
20299
20175
20503
19929
19877
19786
19690
19606
19477
19301
19171
19062
18986
18887
18757
18671
18604
19041
18442
18295
18272
18270
18187
18164
18125
18145
18167
18112
18112
18179
18188
18309
18351
18349
18423
18530
18599
18557
18650
18664
18770
18866
18856
18891
18973
18566
19099
19133
19125
19110
19169
19196
19274
19299
19330
19366
19406
19435
19473
19520
19500
19524
19620
19624
19585
19654
19610
19616
20019
19494
19419
19372
19276
19135
18946
18807
18643
18536
18330
18120
17917
17713
17469
17267
17072
16856
16704
16561
16402
16272
16591
16013
15835
15706
15690
15669
15559
15440
15404
15410
15393
15383
15381
15379
15385
15364
15414
15526
15570
15566
15146
15664
15666
15746
15833
15906
16009
16001
16051
16120
16246
16278
16276
16370
16454
16454
16564
16662
16709
16690
16717
16822
16860
16843
16893
16895
16908
16914
16950
16986
16977
16952
16942
16938
16946
16906
16887
16927
16958
16931
16895
16925
16963
16925
16877
16837
16822
16799
16784
16736
16719
16721
16711
16671
16639
16645
16666
16620
16561
16528
16511
16486
16437
16423
16402
16381
16333
16295
16274
16242
16215
16183
16175
16137
16101
16036
15975
15931
15908
15950
15969
15917
15824
15740
15708
15725
15732
15696
15660
15646
15606
15536
15488
15459
15437
15427
15404
15375
15324
15248
15164
15131
15166
15175
15160
15114
15017
14963
14937
14912
14881
14818
14738
14723
14732
14702
15141
14614
14595
14589
14566
14515
14448
14408
14339
14291
14293
14282
14236
14194
14171
14652
14116
14061
14001
13959
13938
13923
13912
13866
13807
13746
13732
13690
13660
13597
13561
13545
13490
13438
13412
13395
13345
13257
13192
13135
13064
13024
12940
12902
12893
12898
12849
12751
12656
12582
12551
12513
12450
12387
12318
12246
12166
12110
12030
11946
11877
11803
11725
11664
11582
11503
11458
11393
11354
11326
11236
11120
11022
10938
10908
10891
10833
10755
10667
10587
10524
10475
10398
10744
10188
10139
10124
10068
9980
9935
9889
9793
9719
9633
9572
9509
9454
9396
9364
9297
9253
9188
9127
9080
9072
9064
9005
8948
8912
8877
8832
8778
8736
8729
8704
8685
8666
8618
8593
8551
8503
8467
8459
8459
8427
8417
8402
8366
8314
8293
8290
8322
8295
8251
8209
8160
8148
8171
8213
8248
8255
8232
8229
8198
8177
8179
8177
8143
8124
8085
8097
8080
8066
8053
8034
8034
8007
7998
7967
7948
7984
8011
8015
7975
7950
7931
7910
7925
7944
7965
7956
7948
7965
7946
7916
7902
7900
7908
7900
7952
7975
7982
7994
7977
7979
7979
7982
7990
7988
8022
8059
8089
8078
8074
8061
8057
8082
8091
8085
8053
8051
8093
8146
8162
8158
8158
8164
8110
8129
8137
8167
8173
8196
8236
8263
8270
8291
8322
8335
8345
8358
8406
8437
8444
8435
8440
8467
8477
8505
8515
8561
8562
8519
8503
8517
8530
8564
8625
8654
8641
8616
8572
8583
8643
8656
8639
8645
8658
8631
8603
8570
8559
8566
8574
8646
8633
8568
8574
8587
8587
8574
8540
8469
8398
8381
8402
8442
8456
8463
8469
8465
8458
8427
8437
8404
8347
8293
8299
8314
8311
8288
8295
8307
8309
8307
8227
8169
8150
8103
8089
8080
8091
8066
8007
7938
7923
7950
7942
7935
7870
7799
7736
7734
7730
7696
7641
7570
7480
7459
7503
7530
7482
7431
7332
6839
7368
7349
7286
7238
7190
7148
7139
7116
7061
6998
6977
6948
6914
6881
6841
6805
6784
6750
6708
6679
6669
6660
6597
6509
6452
6440
6419
6364
6341
6299
6267
6190
6122
6076
6053
6015
5958
5921
5870
5824
5807
5795
5772
5727
5650
5620
5593
5513
5419
5395
5856
5314
5291
5280
5248
5196
5127
5080
5070
5057
5011
4948
5370
4822
4807
4788
4757
4694
4639
4597
4553
4538
4540
4505
4454
4879
4320
4282
4293
4299
4257
4187
4141
4106
4059
4080
4059
4019
3984
3923
3870
3864
3862
3851
3820
3740
3685
3671
3671
3692
3692
3660
3606
3557
3509
3438
3429
3400
3368
3356
3343
3307
3215
3202
3248
3267
3185
3137
3097
3061
3034
3005
3011
3001
2956
2900
2807
2767
2757
2772
2721
2654
2603
2578
2534
2522
2488
2421
2391
2339
2284
2225
2150
2125
2091
2051
2438
1881
1874
1853
1757
1721
1694
1633
1570
1583
1559
1500
1425
1366
1354
1291
1223
1120
1064
1045
998
950
927
841
862
837
769
734
692
622
597
583
606
589
541
490
19
522
425
433
442
440
419
385
396
437
437
444
1
551
528
561
599
633
652
666
717
790
843
866
908
944
956
1034
1124
1152
1217
1311
1330
1354
1381
1458
1500
1599
1664
1704
1791
1874
1950
1980
2038
2085
2099
2198
2269
2333
2410
2461
2450
2522
2641
2709
2786
2784
2824
2883
2898
2452
3015
3001
3166
3187
3093
3118
3232
3358
3375
3370
3370
3410
3503
3578
3545
3528
3572
3666
3690
3675
3687
3803
3444
3977
3956
4013
4049
4055
4097
4146
4192
4242
4288
4309
4395
4396
4448
4543
4490
4551
4620
4687
4664
4687
4782
4856
4906
4998
5024
5013
5089
5152
5177
5255
5322
5349
5433
5501
5505
5543
5583
5612
5679
5740
5765
5833
5853
5845
5908
5965
6049
6043
6083
6188
6215
6297
6358
6381
6492
6561
6597
6681
6709
6801
6822
6864
6917
6963
7007
7076
7038
7091
7152
7127
7108
7150
7187
7227
7204
7276
6841
7347
7389
7496
7570
7534
7564
7652
7736
7742
7793
7837
7864
7944
7933
7895
7854
7826
7839
7866
8297
7713
7671
7673
7646
7547
7467
7343
7299
7246
7166
7089
6935
6858
6839
6589
6524
6526
6375
6223
6240
6169
6124
6055
6003
5969
5881
5782
5748
5713
5702
5639
5564
5517
5536
5492
5448
5423
5433
5400
5322
5318
5345
5333
5354
5362
5440
5433
5412
5433
5475
5498
5566
5656
5624
5641
5713
5851
5917
6011
6043
6118
6164
6202
6269
6339
6396
6406
6395
6479
6564
6679
6721
6778
6906
6942
7019
7139
7263
7349
7421
7477
7612
7725
7332
7900
8024
8166
8274
8301
8458
8589
8759
8805
8820
8975
9190
9295
9429
9522
9690
9797
9874
10070
10248
10351
10437
10597
10744
10898
10996
11080
10748
11374
11530
11648
11761
11935
12024
12118
12230
12393
12538
12591
12219
12805
12956
13099
13211
13316
13406
13519
13616
13683
13746
13839
13977
14120
14204
14307
14351
14368
14490
14618
14683
14759
14797
14879
14959
15034
15129
15188
15250
15375
15408
15471
15545
15608
15666
15704
15761
15830
15979
16047
16000
16043
15650
16208
16261
16282
16374
16381
16440
16500
16501
16570
16648
16675
16732
16736
16830
16885
16906
16937
16963
16984
17009
17074
17112
17106
17164
17150
17188
17234
17301
17307
17366
17375
17345
17353
17366
17421
17337
17505
17517
17513
17520
17580
17650
17719
17641
17627
17704
17740
17801
17788
17887
17919
17988
18045
18103
18162
18173
18295
18402
18458
18500
18597
18656
18767
18866
18944
18954
18576
19150
19217
19347
19379
19490
19625
19669
19734
19805
19906
20022
20131
20280
20291
20398
20442
20034
20654
20744
20822
20971
21070
21208
21291
21353
21446
21513
21614
21742
21841
21969
22089
22112
22145
22259
22341
22448
22524
22597
22597
22711
22805
22791
22904
22998
23061
23097
23183
23261
23370
23511
23582
23658
