35030
35024
35078
35116
35101
35131
35160
35187
35208
35232
35270
35177
35122
35118
35135
35118
35080
35078
34996
34958
34990
34937
34866
34832
34734
34620
34612
34578
34503
34427
34320
34148
34118
34057
33998
33912
33835
33750
33715
33650
33595
33587
33524
33400
33282
33246
33150
33080
32954
32833
32770
32692
32589
32486
32459
32473
32414
32265
32204
32177
32148
32072
31982
31853
31791
31767
31698
31593
31524
31444
31353
31274
31217
31120
31020
30935
30889
30814
30696
30639
30566
30492
30362
30250
30202
30152
30045
29925
29814
29599
29402
29314
29223
29146
29059
28979
28872
29303
28727
28671
28612
28582
28471
28505
28490
28484
28486
28509
28486
28456
28440
28513
28507
28475
28412
28419
28423
28391
28389
28442
28465
28482
28469
28520
28494
28530
28603
28648
28675
28750
28833
28938
29068
29110
29230
29303
29360
29444
29477
29547
29654
29698
29736
29795
29868
29940
30003
30040
30040
30070
30110
30190
30341
30427
30538
30646
30715
30801
30885
30973
31066
31150
31114
31133
31238
31353
31412
31511
31627
31730
31793
31864
31967
32038
32146
32301
32482
32541
32662
32820
32980
33112
33158
32734
33370
33450
33559
33643
33767
33931
33967
34082
33725
34280
34423
34541
34608
34209
34872
34973
35040
35091
35124
35232
35301
35414
35488
35610
35732
35891
36017
36083
35683
36305
36354
36410
36545
36732
36893
37022
37049
37152
37282
37448
37526
37580
37685
37868
38026
38083
38190
38265
38347
38398
38446
38520
38557
38652
38667
38685
38738
38788
38845
38910
38937
38937
38921
38988
38595
39097
39154
39211
39230
39314
39349
39372
39410
39482
39551
39085
39633
39709
39746
39715
39761
39809
39853
39948
39973
40011
40101
40229
40293
40312
40345
40393
40427
40473
40461
40479
40505
40564
40608
40624
40685
40732
40736
40681
40711
40770
40778
40782
40770
40791
40816
40753
40759
40740
40725
40694
40648
40622
40587
40606
40576
40540
40482
40456
40396
40358
40332
40286
40192
40097
39984
39904
39835
39772
39713
39662
39574
39440
39366
39307
39229
39209
39185
39106
39055
38979
38956
38954
38963
38872
38809
38774
38748
38742
38732
38738
38688
38641
38603
38601
38648
38631
38627
38664
38641
38597
38618
38654
38767
38723
38748
38799
38851
38866
38912
38967
39034
39181
39328
39374
39429
39501
39604
39725
39832
39877
39925
39574
40158
40236
40263
40354
40437
40500
40488
40477
40440
40459
40465
40442
40442
40507
40412
40459
40469
40526
40589
40580
40566
40620
40664
40646
40641
40692
40763
40797
40824
40866
40940
40975
41034
41043
41066
41106
41160
41167
41187
41194
