45362
45421
45545
45652
45700
45725
45748
45799
45858
45938
46005
46051
46110
46166
46236
46295
46333
45931
46536
46591
46603
46622
46690
46761
46853
46938
46988
47007
47020
47068
47122
47135
47146
47230
47326
47417
47446
47471
47503
47614
47729
47805
47830
47902
47980
48057
48118
48175
48196
48230
48269
48293
48337
48440
48524
48526
48582
48627
48664
48696
48738
48786
48833
48853
48889
48959
49049
49072
49057
49085
49129
49143
49152
49145
49150
49145
49122
49137
49148
49125
49099
49066
49066
49062
49087
49093
49034
49007
49003
48996
48959
48919
48881
48809
48776
48721
48692
48656
48616
48604
48555
48471
48423
48404
48372
48337
48257
48194
48206
48190
48122
48040
47979
47923
47896
47879
47837
47769
47652
47595
47528
47427
47320
47232
47162
47057
47007
46956
46864
46757
46685
46566
46471
46372
46290
46177
46108
46053
45967
45891
45790
45725
45648
45528
45377
45269
45181
45122
45053
44912
44822
44725
44583
44458
44353
44240
44164
44049
43898
43786
43662
43547
43440
43284
43160
43017
42851
42755
42645
42530
42456
42351
42229
42118
42492
41914
41788
41692
41616
41541
41417
41305
41175
41062
40961
40843
40730
40625
40509
40360
40263
40143
40000
39889
39790
39687
39614
39452
39303
39148
38998
38872
38786
38683
38549
38421
38259
38148
38051
37944
37826
37708
37583
37477
37377
37293
37232
37166
37080
36938
36828
36694
36522
36429
36372
36305
36234
36108
35986
35923
35858
35816
35753
35671
35597
35551
35507
35446
35385
35351
35351
35320
35288
35272
35187
35122
35066
35022
35026
35074
35139
35143
35095
35043
35005
34961
34933
34938
34923
34935
34954
34971
34946
34942
34958
34946
34963
35007
35005
35015
35020
35024
35022
35057
35061
35120
35169
35192
35202
35658
35167
35234
35286
35322
35341
35377
35423
35494
35507
35496
35503
35545
35597
35637
35662
35706
35793
35854
35931
35973
35992
35956
35973
36053
36143
36183
36225
36269
36309
36353
36414
36440
36469
36520
36580
36660
36744
36790
36828
36887
36916
36986
37059
37110
37188
37204
37221
37276
37358
37425
37480
37538
37641
37715
37753
37818
37893
37946
37990
38020
38076
38148
38206
38253
38320
38358
38395
38427
38444
38456
38480
38549
38624
38673
38667
38704
38763
38849
38885
38889
38862
38904
38984
39017
39015
38998
38998
39032
39076
39085
39099
39133
39185
39225
39274
39288
39278
39278
39293
39307
39324
39339
39318
39318
39314
39303
39288
39259
39246
39223
39145
39078
39001
38935
38879
38801
38772
38772
38723
38688
38669
38618
39078
38566
38559
38555
38541
38488
38452
38435
38404
38349
38291
38225
38156
38083
38017
37933
37862
37801
37761
37715
37688
37675
37629
37576
37543
37477
37427
37427
37454
37429
37345
37293
37272
37248
37213
37604
37074
37080
37087
37055
37034
37003
36990
36967
36958
36896
36860
36883
36874
36832
36793
36786
36769
36751
36702
36652
36652
36719
36742
36734
36719
36685
36654
36633
36154
36704
36797
36793
36782
36751
36770
36805
36879
36923
36937
36919
36883
36870
36891
36912
36887
36887
36872
36841
36832
36837
36851
36849
36832
36845
36858
36841
36784
36767
36748
36669
36667
36646
37125
37125
36160
36713
36757
36761
36719
36744
36822
36784
36750
36786
36845
36889
36870
36816
36799
36807
36772
36822
36902
36933
36879
36910
36977
37001
37022
37061
37062
37030
37076
37154
37101
37156
37240
37251
37246
37223
37190
37171
37204
37183
37187
37160
37103
37148
37112
37112
36986
36921
36910
36833
36809
36750
37122
36618
36564
36507
36461
36343
36349
36322
36267
36179
36118
36059
35938
35769
36135
35543
35513
35442
35286
35229
35124
35076
35026
34973
34875
34778
34669
34576
34519
34480
34383
34299
34286
34261
34253
34183
34108
34150
34085
34030
33969
33881
33805
33755
33679
33572
33538
33496
33372
33280
33272
33250
33196
33114
33019
33007
33034
32988
32881
32824
32772
