39246
39261
39261
39265
39278
39291
39278
39242
39190
39143
39219
39150
39114
39104
39059
39057
39106
39066
39007
38975
38938
38921
38917
38874
38803
38767
38748
38751
38774
38694
38671
38687
38666
38633
38601
38541
38545
38471
38414
38402
38343
38282
38225
38284
38229
38112
38583
38007
37992
37975
37858
37814
37841
37858
37774
37704
37725
37744
37753
37740
37816
37835
37816
37839
37868
37896
37875
37919
37933
37954
37977
38083
38118
37627
38194
38183
38185
38179
38225
38257
38257
38225
38204
38238
38314
38393
38456
38456
38469
38452
38349
38278
38303
38387
38406
38395
38402
38396
38417
38465
38498
38496
38587
38648
38650
38576
38618
38688
38730
38738
38763
38860
38843
38931
39000
39038
38595
39154
39234
39351
39454
39477
39101
39688
39801
39868
39937
40057
40129
40253
40385
40480
40578
40669
40732
40814
40849
40896
41020
41124
41160
41219
41314
41404
41479
41547
41574
41656
41772
41946
42066
42120
42177
42324
42442
42017
42538
42637
42704
42757
42790
42933
42980
42954
43036
43124
43158
43183
43234
43284
43301
43301
43270
43362
43500
43580
43612
43643
43709
43805
43807
43847
43887
43948
43990
44022
44066
44082
44057
44057
44116
44116
44135
44160
44146
44145
44158
44133
44148
44173
44116
44080
44032
44028
44055
44015
43965
43916
43910
43856
43769
43698
43652
43622
43585
43500
43427
43339
43221
43190
43131
43070
43003
42956
42812
42734
42631
42511
42400
42368
42305
42179
42053
41940
41879
41832
41765
41627
41482
41433
41389
41244
41129
40967
40854
40719
40603
40473
40318
40175
40078
39935
39826
39687
40041
39433
39303
39215
39534
38877
38780
38696
38543
38389
38282
38276
38131
37772
37591
37769
37912
37353
36980
37124
37227
37007
36738
36603
36511
36423
36358
36276
36164
36032
35973
35900
35826
35767
35698
35572
35564
35561
35471
35458
35465
35406
35396
35396
35324
35353
35354
35360
35370
35343
35395
35358
35398
35437
35429
35469
35564
35582
35624
35685
35797
35904
35946
36068
36133
36177
36345
36444
36509
36631
36786
37011
37101
37272
37414
37458
37555
37139
37696
37788
37921
38043
38143
38303
38503
38637
38774
38931
38597
39164
39221
39269
39253
39549
38803
38933
39364
39763
39610
40232
40297
40427
40469
40530
40501
40635
41669
41341
41225
41248
41196
41204
41360
41566
41583
41587
41610
41730
41770
41727
41618
41625
41685
41696
41629
41591
41583
41538
41431
41448
41543
41622
41709
41711
41698
41635
41645
41658
41627
41570
41612
41618
41597
41618
41700
41746
41711
41719
41769
41837
41912
41973
42007
41992
41975
42005
41977
