40750
40687
40696
40629
40616
40604
41034
40500
40429
40354
40278
40154
40097
40099
40051
39998
39927
39902
39896
39940
39874
39832
39755
39688
39681
39620
39574
39582
39532
39488
39435
39353
39358
39356
39389
39332
39301
39332
39408
39343
39293
39284
39335
39347
39416
39400
39332
39358
39374
39337
39332
39372
39341
39318
39295
39229
39219
39223
39217
39135
39129
39083
39047
39019
38938
38877
38864
38870
38790
38654
38524
38530
38507
38391
38312
38343
38187
38089
38062
37950
37872
37780
37681
37572
37496
37473
37387
37248
37171
37610
37013
36975
36956
36807
36774
36761
36721
36671
36664
36646
36593
36536
36583
36576
36627
36666
37127
36618
36612
36669
36702
36650
36635
36646
36627
36633
36671
36606
36572
36639
36568
36543
36557
36591
36509
36496
36524
36583
36543
36505
36536
36618
36614
36545
36557
36618
36643
36624
36576
36551
36568
36610
36666
36709
36826
36858
36883
36967
37009
37087
37230
37278
37389
37507
37135
37696
37807
37866
37988
37629
38253
38381
38534
38786
39202
39475
39408
39192
38946
38799
38786
38839
38856
38849
38990
39074
39083
39284
39637
39551
39738
39738
39458
39330
39396
39458
39438
39435
39534
39683
39738
39732
39744
39687
39603
39582
39568
39568
39526
39509
39679
39719
39677
39627
39538
39469
39450
39480
39540
39511
39452
39406
39383
39419
39412
39353
39404
39473
39511
39530
39559
39513
39501
39545
39568
39599
39721
39709
39761
39801
39853
39854
39854
39931
39954
39977
40059
40091
40179
40219
40272
40339
40316
40395
40454
40412
40429
40505
40578
40616
40648
40650
40671
40688
40677
40687
40717
40784
40795
40843
40858
40872
40885
40856
40904
40975
40929
40933
41003
41024
41030
40998
41017
41101
41125
41160
41118
41131
41238
41267
41314
41374
41467
41509
41513
41566
41604
41658
41709
41755
41786
41851
41891
41961
42013
42040
42089
42085
42074
42072
42148
42167
42156
42145
42099
42080
42083
42059
42074
41982
41906
41717
41608
41557
41522
41515
41461
41482
41475
41414
41366
41167
40986
40814
40603
40473
40276
40005
39849
39593
39368
39120
38954
38711
38433
38232
38137
37887
37587
37381
37013
36744
36589
36381
36639
35866
35587
35372
35082
34849
34538
34339
34045
33776
33574
33408
33229
32948
32669
32458
32713
32036
31839
31614
31433
31297
31083
30921
30744
30574
30391
30274
30104
29959
30257
29637
29498
29793
29148
29022
28837
28639
28530
28374
28246
28133
27956
27883
27853
27765
27652
27578
27473
27423
27379
27360
27328
27330
27291
27257
27291
27303
27291
27280
27293
27309
27328
27406
27444
27496
27500
27482
