44240
44280
44332
44442
44522
44603
44633
44660
44734
44765
44772
44776
44845
44954
45011
45053
45104
45145
45127
45188
45257
45278
45255
45270
45322
45381
45385
45416
45454
45431
45458
45465
45500
45557
45589
45572
45591
45723
45713
45708
45717
45765
45812
45837
45879
45906
45992
46087
46127
46181
46204
46244
46314
46356
46438
46471
46530
46568
46625
46702
46790
46826
46891
46900
46896
46986
47059
47095
47099
47148
47143
47177
47229
47255
47217
47250
47360
47438
47423
47395
47423
47501
47536
47557
47622
47646
47660
47717
47704
47742
47795
47853
47900
47872
47914
47906
47963
47986
48034
48022
48013
48087
48129
48106
48162
48229
48293
48307
48280
48263
48229
48215
48270
48322
48272
48320
48337
48330
47885
48368
48349
48374
48309
48278
48311
48343
48358
48354
48263
48209
48232
48246
48332
48341
48303
48221
48255
48309
48259
48234
48307
48312
48311
48250
48229
48194
48164
48143
48127
48064
48032
48070
48120
48022
47967
47916
47891
47837
47820
47816
47734
47685
47679
47658
47639
47597
47551
47473
47433
47412
46902
47335
47276
47248
47297
47225
47194
47175
47125
47106
47114
47122
47093
47011
46963
46950
46919
46931
46982
47000
46956
46963
46969
46975
46954
46921
47001
47095
47095
47055
46979
46950
47377
46849
46429
46959
47019
47074
47076
47061
47019
46946
46940
46881
46883
46832
46774
46763
46767
46742
46704
46709
46673
46631
46648
46673
46637
46671
46679
46608
46589
46616
46583
46543
46520
46524
46505
46524
46458
46414
46408
46442
46358
46282
46353
46372
46293
46219
46150
46154
46160
46057
45994
45938
45904
45870
45740
45633
45624
45604
45530
45910
45282
45236
45080
44946
44833
44742
44587
44484
44395
44251
44103
43921
43778
43650
43541
43387
43223
43017
42864
42744
42603
42442
42276
42053
41996
41872
41795
41675
41593
41528
41347
41177
40996
40811
40631
40450
40431
40295
40540
39916
39742
39572
39372
39181
38996
38895
38667
38446
38246
38055
37786
37646
37505
37349
37183
37007
36801
36717
37091
36366
36265
36120
35977
35843
36141
35498
35381
35303
35645
35013
34833
35169
34509
34345
34221
34097
33927
33788
33604
33517
33353
33196
33097
33022
32866
32750
32673
32654
32520
32353
32259
32139
32062
32024
31927
31849
31795
32232
31620
31490
31429
31442
31400
31351
31318
31366
31370
31320
31288
31261
31280
31276
31227
31148
31204
31211
31171
31185
31131
31108
31135
31127
31116
31185
31164
31139
31158
31244
31230
31229
31242
31293
31297
31368
31459
31553
31637
31658
31675
31286
31879
31902
31973
32097
32213
31755
32297
32425
32509
32522
