33057
33005
32967
33011
33041
32990
32992
32994
33001
33017
33026
33028
33028
33040
32992
32998
33062
33053
33019
33015
32980
32942
32937
32940
32919
32910
32904
32885
32881
32832
32774
32753
32761
32791
32763
32675
32658
32587
32589
32629
32620
32576
32519
32465
32419
32387
32301
32291
32223
32072
31994
31956
31908
31824
31717
31658
31618
31574
31446
31377
31351
31307
31194
31116
31022
30958
30877
30778
30708
30664
30562
30526
30536
30406
30297
30188
30158
30061
29963
29803
29791
29677
29597
29530
29408
29282
29198
29099
28958
28772
28681
28566
28467
28385
28814
28257
28131
27971
27864
27774
27658
27471
27366
27288
27221
27110
26971
27345
26753
26759
26748
26643
26562
26511
26435
26391
26347
26297
26282
26232
26166
26097
26041
25979
25923
25835
25746
25696
25624
25547
25480
25433
25417
25368
25301
25221
25152
25082
25028
25011
24961
24898
24830
24717
24645
24635
24585
24519
24448
24337
24276
24232
24208
24175
24118
24041
23961
23856
23843
23868
23828
23751
23673
23593
23528
23528
23477
23398
23337
23280
23253
23211
23146
23083
23041
23024
22942
22864
22809
22761
22729
22723
22683
22652
22612
22549
22954
22404
22356
22318
22286
22267
22213
22139
22106
22080
22047
22019
22471
21937
21881
21816
21738
21723
21708
21625
21591
21547
21977
21423
21395
21408
21354
21307
21248
21215
21190
21166
21068
21486
20937
20862
20828
20769
20730
20698
20593
20528
21003
20467
20406
20354
20265
20171
20101
20041
19998
19952
19919
19885
19828
19774
19694
19656
19629
19580
19509
19467
19461
19446
19438
19414
19362
19305
19263
19223
19217
19234
19219
19179
19146
19175
19179
19171
19167
19167
19234
19251
19208
19175
19185
19267
19318
19278
19234
19234
19244
19257
19257
19314
19362
19360
19343
19354
19368
19354
19379
19364
19368
19423
19467
19507
19536
19448
19429
19486
19068
19620
19582
19492
19461
19473
19503
19589
20017
19435
19400
19431
19465
19501
19467
19448
19410
19318
19248
19217
19173
19162
19154
19129
19112
19032
18994
19000
18967
18914
18822
18704
18595
18498
18454
18419
18414
18400
18351
18286
18204
18133
18041
17984
17959
17914
17856
17791
17709
17643
18072
17515
17438
17408
17318
17253
17219
17204
17171
17150
17116
17062
17017
17026
17015
16977
16923
16847
16807
16816
16853
16875
16893
16883
16856
16774
16721
16729
16732
16761
16799
16814
16772
16736
16700
16729
16767
16809
16809
16820
16847
16811
16784
16778
16791
16816
16851
16853
16860
16837
16799
16793
16803
16832
16841
16832
16790
16736
16729
16729
16751
16791
16807
16748
16719
16694
16662
16616
16582
16524
16442
16406
16408
16389
16400
16389
16372
16347
16316
16301
16282
16232
16192
16169
16133
16083
16019
15961
15919
15875
15845
15790
15738
15702
15660
15662
15648
15564
15530
15486
15459
15433
15375
15345
15322
15274
15221
15181
15629
15108
15124
15139
15106
15066
15034
15019
14992
14950
14900
14856
14851
14803
14776
14751
14683
14620
14604
14582
14547
14458
14410
14381
14356
14305
14253
14211
14179
14129
14068
14032
14005
13982
13902
13832
13803
13770
13683
13595
13517
13475
13465
13479
13465
13427
13416
13385
13360
13295
13211
13146
13059
12944
12889
12841
12776
12723
12629
12566
12530
12505
12433
12345
12295
12221
12185
12154
12120
12116
12068
11977
11866
11799
11734
11702
11669
11595
11524
11488
11444
11383
11333
11286
11723
11190
11129
11104
11055
11013
10965
10923
10874
10833
10784
10770
10761
10730
10706
10658
10622
10589
10522
10488
10456
10400
10347
10301
10234
10229
10206
10137
10080
10043
10005
9965
9963
9959
9954
9935
9917
9885
9849
10242
9631
9519
9435
9398
9389
9290
9202
9137
9061
8980
8866
8765
8721
8683
8595
8524
8486
8469
8383
8326
8286
8255
8208
8120
8059
8017
7980
7917
7885
7833
7759
7717
7709
7700
7696
7715
7673
7639
7572
7555
7555
7501
7425
7354
7301
7238
7223
7208
7164
7124
7101
7080
7055
6994
6952
6896
6845
6811
6824
6791
6711
6666
6614
6555
6532
6522
6490
6438
6416
6406
6412
6383
6354
6318
6261
6265
6248
6206
6177
6164
6141
6118
6087
6047
6051
6059
6022
5994
5958
5933
5921
5866
5841
5826
5797
5740
5713
5677
5627
5589
5572
5545
5503
5435
5374
5335
5316
5238
5211
5187
5164
5135
5125
5124
5101
5091
5030
4982
4942
4896
4841
4826
4400
5372
4845
4763
4713
4688
4549
4526
4520
4515
4501
4479
4459
4423
4404
4391
4389
4387
4353
4360
4374
4410
4421
4404
4354
4291
4263
4299
4291
4230
4215
4202
4206
4246
4280
4251
4209
4169
4114
4083
4070
4099
4120
4127
4103
4036
4020
4041
4057
4053
4009
3956
3948
3971
3956
3925
3856
3795
3780
3801
3801
3793
3769
3759
3738
3736
3732
3730
3734
3723
3698
3633
3583
3610
3664
3671
3648
3633
3631
3614
3562
3528
3551
3587
3606
3627
3604
3595
3576
3570
3551
3538
3541
3566
3572
3551
3553
3585
3637
3683
3669
3624
3624
3620
3620
3662
3690
3685
3681
3679
3660
3656
3646
3639
3641
3645
3679
3723
3750
3719
3666
3631
3625
3622
3620
3614
3608
3589
3561
3524
3500
3492
3503
3522
3543
3532
3494
3477
3454
3482
3490
3467
3467
3473
3459
3412
3349
3290
3286
3290
3333
3354
3328
3354
3345
3316
3280
3253
3259
3274
3278
3303
3303
3311
3328
3284
3263
3267
3274
3276
3301
3343
3349
3307
3330
3341
3316
3332
3318
3318
3316
3333
3349
3332
3326
3322
3322
3333
3341
3337
3343
3372
3396
3402
3400
3375
3362
3381
3402
3429
3423
3440
3425
3421
3421
3400
3412
3458
3515
3541
3536
3534
3557
3564
3540
3561
3559
3578
3583
3557
3528
3555
3599
3618
3641
3679
3685
3708
3755
3780
3774
3746
3713
3727
3759
3772
3765
3769
3740
3761
3753
3742
3784
3776
3759
3774
3788
3746
3719
3709
3734
3725
3702
3690
3723
3746
3732
3711
3719
3709
3685
3677
3669
3652
3662
3656
3633
3595
3582
3629
3625
3591
3595
3599
3614
3610
3582
3568
3564
3555
3585
3576
3553
3507
3500
3503
3534
3559
3551
3528
3507
3509
3507
3511
3520
3505
3456
3454
3469
3467
3475
3448
3400
3381
3356
3303
3290
3301
3297
3293
3307
3320
3303
3295
3288
3265
3215
3211
3188
3179
3169
3127
3122
3148
3141
3093
3068
3047
3057
3085
3091
3062
3028
2980
2969
2938
2910
2900
2908
2917
2900
2902
2874
2883
2870
2841
2816
2790
2828
2851
2833
2807
2793
2763
2746
2723
2742
2770
2742
2675
2631
2629
2637
2641
2629
2654
2679
2643
2557
2507
2490
2482
2465
2463
2524
2536
2509
2482
2465
2458
2427
2402
2385
2368
2360
2341
2351
2360
2332
2276
2278
2284
2328
2333
2282
2297
2332
2395
2341
2307
2324
2341
2347
2356
2347
2356
2353
2307
2339
2372
2295
2353
2374
2362
2396
2427
2461
2429
2490
2454
2568
2599
2566
2576
2614
2633
2683
2698
2782
2782
2839
2858
2906
2959
2927
2994
3074
3137
3122
3238
3290
3322
3360
3414
3492
3551
3591
3614
3656
3692
3805
3864
3889
3946
4040
4127
4202
4204
4293
4362
4490
4582
4633
4690
4725
4816
4858
4860
4935
5009
5101
5196
5202
5208
5223
5301
5356
5400
5496
5452
5454
5486
5543
5528
5526
5559
5603
5568
5589
5603
5616
5624
5650
5687
5687
5646
5656
5778
5824
5832
5874
5916
5971
6043
6087
6106
6223
6330
6377
6349
6414
6532
6683
6746
6797
6866
6984
7082
7158
7200
7181
7257
7303
7303
7351
7364
7381
7353
7419
7421
7446
7475
7532
7564
7585
7549
7540
7589
7604
7551
7547
7511
7505
7477
7437
7370
7291
7206
7232
7221
7160
7072
6944
6845
6814
6837
6688
6511
6519
6423
6295
6251
6091
6034
6007
5929
5874
5738
5606
5568
5543
5469
5374
5291
5179
5158
5053
4996
4931
4832
4744
4683
4637
4566
4459
4416
4402
4337
4272
4175
4133
4196
4078
3969
3956
3958
4391
3801
3767
3740
3709
3631
3568
3511
3513
3488
3320
3263
3116
3164
3146
3087
2982
2883
2853
2780
2692
2604
2538
2534
2511
2419
2398
2427
2356
2299
2263
2274
2314
2333
2326
2347
2343
2299
2318
2398
2395
2395
2396
1958
2490
2538
2566
2627
2641
2629
2694
2767
2885
2954
3041
3085
3156
3305
3368
3520
3589
3599
3721
3885
3998
4085
4125
4223
3925
4543
4650
4763
4419
5053
5076
5162
5343
5467
5604
5759
5805
5925
6097
6187
6265
6412
6496
6612
6774
6952
7001
7030
7133
7255
7421
7595
7717
7841
7938
8066
8209
8345
8486
8618
8708
8320
8925
9089
9217
9358
9471
9597
9679
9814
9954
10097
10208
10295
10395
10566
10700
10814
10923
11020
11116
11213
11280
11387
11477
11582
11688
11757
11734
11809
11954
12009
12041
12200
12225
12179
12257
12396
12364
12391
12530
12541
12589
12662
12646
12717
12734
12784
12822
12818
12801
12891
12919
12904
12952
12958
13015
13074
13101
13116
12709
13242
13272
13351
13456
13580
13639
13192
13782
13826
13900
14001
14076
14190
14261
14370
14477
14572
14604
14606
14183
14751
14872
15001
15087
15206
15236
15280
15349
15417
15477
15576
15625
15759
15881
15990
15652
16194
16219
16288
16446
16603
16683
16761
16948
17053
17148
17213
17314
17444
17608
17755
17780
17839
17996
18093
18198
18297
18458
18603
18709
18887
18952
19032
19139
19213
19339
19524
19620
19717
19889
19559
20143
20221
20372
20492
20637
20748
20881
21000
21091
21238
21438
21007
21582
21696
21864
21967
22053
22150
22288
22402
22582
22700
22812
22950
23112
23238
23349
23532
23660
23778
23929
23998
24187
24387
24465
24604
24759
24431
25013
25143
25248
25385
25475
25603
25698
25750
25864
26074
26171
26286
26393
26465
26559
26650
26706
26799
26391
27030
27135
27112
27135
27234
26872
27374
27410
27509
27660
27755
27708
27740
27866
27910
27862
27362
27952
27980
28000
28017
28022
28003
28076
28053
28051
28091
28133
28175
28143
28116
28011
28290
28257
28177
28158
28219
28251
28278
28250
28270
28270
28309
28307
28347
28366
28372
