45276
45326
45366
45339
45337
45351
45374
45431
45473
45517
45541
45561
45545
45564
45631
45667
45683
45717
45770
45843
45874
45845
45795
45812
45849
45919
45963
45973
46001
46007
46001
46040
46082
46087
46097
46108
46135
46114
46097
46085
46080
46082
46072
46095
46097
46059
46038
46034
46080
46085
46061
45992
45933
45875
45860
45879
45856
45803
45750
45738
45715
45690
45698
45654
45572
45543
45551
45532
45515
45507
45480
45450
45398
45333
45261
45225
45188
45152
45083
45003
44965
44938
44929
44912
44877
44801
44774
44753
44700
44650
44604
44557
44524
44492
44438
44414
44366
44318
44295
44234
44190
44145
44108
44091
44059
44022
43996
44001
43950
43921
43914
43906
43856
43809
43740
43715
43715
43700
43637
43601
43572
43538
43463
43393
43335
43278
43230
43196
43166
43070
42994
42919
42868
42824
42767
42713
42646
42553
42473
42360
42269
42194
42139
42112
42062
42017
41908
41784
41725
41669
41625
41606
41557
41448
41316
41238
41190
41143
41061
40982
40948
40896
40805
40727
40694
40633
41030
40488
40408
40332
40217
40179
40120
40541
39988
39986
39931
39858
39791
39692
39633
39582
39507
39448
39356
39248
39169
39095
38998
38914
38837
38727
38645
38559
38479
38400
38278
38169
38059
37963
37870
37750
37635
37498
37381
37290
37158
37005
36931
36872
36765
36679
36549
36433
36351
36221
36095
35959
35868
35841
35780
35666
35553
35467
35362
35286
35221
35129
35038
34942
34843
34763
34673
34624
34583
34545
34486
34438
34410
34377
34347
34314
34290
34263
34208
34162
34114
34129
34148
34131
34133
34137
34118
34087
34080
34070
34045
34038
34032
34076
34108
34103
34059
34036
34024
34076
34101
34129
34196
34219
34190
34177
34185
34211
34259
34274
34295
34293
34293
34307
34332
34366
34402
34471
34494
34484
34486
34511
34517
34534
34562
34595
34625
34645
34673
34645
34618
34599
34559
34570
34635
34664
34679
34681
34715
34713
34723
34740
34727
34729
34730
34713
34690
34715
34750
34786
34790
34784
34750
34746
34746
34753
34791
34841
34883
34849
34778
34774
34791
34832
34849
34845
34891
34925
34927
34982
35040
35101
35110
35133
35152
35137
35160
35208
35274
35324
35387
35431
35471
35500
35555
35576
35622
35715
35820
35851
35843
35835
35839
35875
35908
35935
35969
36000
36053
36074
36076
36106
36185
36250
36278
36295
36312
36343
36364
36395
36419
36452
36511
36517
36498
36528
36547
36587
36633
36639
36627
36625
36677
36744
36793
36837
36896
36946
36988
37038
37101
37156
37206
37253
37305
37339
37375
37391
37437
37520
37591
37654
37723
37822
37904
37973
38064
38093
38152
38206
38255
38311
38395
38482
38549
38606
38688
38765
38814
38835
38908
38984
39062
39120
39152
39181
39225
39270
39343
39374
39404
39475
39083
39631
39646
39667
39727
39828
39992
40122
40253
40393
40610
40790
40971
41158
41263
41377
41494
41625
41862
41534
42181
42383
42532
42566
42713
42847
42938
43091
43259
43372
43601
43721
43902
44015
44141
44259
44395
44524
44618
44788
44475
45103
45209
45339
45425
45540
45639
45681
45765
45851
45856
45910
46032
46101
46160
46200
46250
46276
46408
46498
46454
46511
46530
46622
46727
46769
46780
46795
46803
46854
46835
46818
46881
47022
47011
47017
47001
47026
47078
47070
47082
47152
47104
47125
47103
47087
47143
47154
47040
46988
47022
47049
47015
46996
46971
47064
47051
47015
46996
46963
47005
46992
46940
46860
46887
46870
46780
46788
46824
46793
46803
46748
46729
46759
46780
46729
46675
46585
46606
46631
46561
46475
46425
46414
46465
46293
46213
46255
46227
46166
46093
46080
46078
46040
45975
45927
45914
45950
46402
45818
45784
45732
45677
45597
45658
45604
45486
45463
45381
45381
45246
45190
45160
45137
45070
