36816
36791
36694
36700
36700
36690
36732
36740
36818
36826
36801
36877
36864
36908
36990
37118
37194
37404
37402
37036
36748
36692
36717
36736
36755
36658
36437
36297
36175
36036
35952
35879
35854
35822
35729
35666
35635
35618
35583
35629
35683
35692
35723
35854
35904
35879
35791
35734
35732
35704
35635
35610
35664
35562
35517
35471
35450
35450
35482
35385
35389
35433
35408
35381
35393
35375
35398
35396
35385
35421
35458
35520
35498
35465
35423
35419
35398
35458
35541
35562
35627
35671
36148
35662
35723
35759
35671
35557
35520
35559
35557
35562
35459
35383
35406
35496
35553
35547
35580
35580
35559
35541
35593
35599
35608
35566
35568
35534
35517
35492
35480
35461
35450
35484
35517
35561
35564
35515
35500
35492
35517
35536
35446
35383
35385
35465
35555
35570
35501
35440
35450
35469
35379
35333
35425
35463
35501
35538
35570
35616
35603
35547
35513
35475
35458
35438
35479
35488
35490
35500
35557
35637
35685
35687
35629
35574
35549
35582
35486
35353
35274
35213
35122
35059
35013
34996
34919
34801
34740
34696
34675
34603
34553
34503
34480
34425
34467
34471
34456
34494
34473
34496
34507
34437
34421
34469
34442
34414
34408
34358
34318
34263
34230
34288
34238
34240
34211
34185
34196
34129
34122
34156
34135
34133
34162
34124
34169
34215
34293
34267
34240
34288
34311
34232
34257
34299
34274
34255
34200
34229
34278
34225
34175
34171
34133
34143
34106
34070
34057
33992
33942
33893
33826
33801
33807
33774
33769
34190
33633
33593
33492
33406
33379
33265
33194
33183
33127
33083
33038
32980
32938
32931
32950
32872
32820
32799
32824
32835
32858
32900
32875
32916
32954
32963
32971
32971
32982
33034
33062
33036
33041
33032
33055
33082
33154
33066
33041
33032
33045
32994
32952
33032
33080
33032
33000
32990
33009
32977
32980
32988
33003
32961
32938
32929
32912
32954
32954
32952
32979
33013
32996
33017
32961
32952
33000
33015
33032
33007
33036
33062
33064
33064
33083
33095
33099
33135
33106
33082
33118
33171
32732
33244
33704
33200
33211
33236
33257
33311
33391
33402
33446
33515
33532
33568
33580
33650
33706
33727
33729
33816
33835
33875
33986
33998
33990
34093
34179
34185
34227
34257
34297
34284
34396
34456
34452
34522
34553
34545
34551
34587
34612
34585
34618
34633
34698
34713
34738
34769
34795
34801
34854
34874
34893
34874
34958
35005
34946
34956
35064
35116
35049
35080
35103
34688
35251
35208
35124
35148
35217
35194
35217
35267
35110
34744
33929
33776
34059
34541
34961
35250
35269
34828
34954
35358
35580
35622
35637
35723
35778
35683
35471
35353
35242
