33687
33805
33908
33961
34013
34038
34089
34179
34276
34364
34429
34402
34498
34637
34761
34788
34807
34946
34998
34992
35089
35171
35181
35217
35330
35307
35368
35410
35425
35395
35353
35450
35509
35456
35456
35446
35465
35519
35465
35479
35520
35509
35509
35490
35484
35534
35538
35482
35482
35541
35547
35528
35553
35582
35576
35627
35597
35551
35520
35524
35541
35519
35471
35459
35431
35400
35391
35349
35370
35372
35316
35299
35274
35213
35192
35145
35097
35053
35057
35007
34908
34862
34820
34757
34666
34683
34650
34562
34519
34530
34475
34404
34431
34414
34381
34412
34404
34295
34232
34240
34230
34240
34683
34133
34080
34091
34074
34051
34068
34062
34076
33961
33979
33969
33900
33807
33761
33727
33639
33587
33589
33543
33572
33555
33543
33541
33524
33555
33549
33475
33404
33299
33198
33104
33062
33091
33047
33001
32982
32996
32959
32952
32950
32889
32826
32803
32742
32746
32732
32732
32704
32690
32641
32656
32637
32524
32540
32528
32532
32576
32583
32532
32486
32473
32473
32458
32498
32530
32433
32343
32393
32414
32375
32368
32372
32375
32312
32255
32259
32284
32297
32250
32236
32164
32192
32230
32238
32244
32223
32215
32213
32713
32129
32089
32108
32097
32066
31998
31990
31986
32001
31950
31929
31870
31786
31721
31692
31645
31566
31501
31429
31395
31343
31316
31303
31742
31187
31124
31122
31097
31041
30998
30893
30885
30868
30824
30828
30816
30719
30671
30627
30604
30608
30582
30582
30513
30482
30480
30513
30526
30421
30442
30431
30435
30414
30375
30402
30379
30326
30347
30305
30774
30229
30255
30183
30089
30034
29975
29938
29919
29805
29662
29614
29608
29561
29500
29433
29788
29251
29171
29101
29026
29005
28986
28931
28860
28835
28814
28734
28744
28776
28719
28681
28639
28646
28633
28687
28692
28660
28774
28772
28778
28845
28950
29041
29059
29133
29250
29343
29490
29635
29784
29948
30145
29809
30417
30532
30774
30925
31015
31074
31171
31320
31416
31522
31603
31727
31851
31883
31921
32015
32093
32156
32234
32339
32431
32517
32620
32654
32250
32809
32917
32914
32971
33078
33187
33211
33293
33381
33479
33536
33582
33646
33673
33725
33746
33811
33856
33935
33977
33977
34110
33727
34272
34303
34303
34364
34475
34416
34372
34450
34530
34643
34704
34748
34786
34885
34952
35108
35139
35154
34690
35257
35332
35406
35469
35480
35532
35181
35681
35742
35715
35805
35919
35956
35984
36034
36127
36152
36169
36263
36358
36500
36496
36543
36541
36559
36583
36603
36675
36673
36727
36729
36763
36744
36793
36929
36944
37040
37125
36645
37160
