33162
33148
33064
33000
32965
32980
32979
33196
33372
33391
33351
33356
33364
33347
33339
33465
33479
33473
33496
33534
33568
33583
33643
33694
33738
33748
33730
33725
33772
33791
33780
33765
33738
33229
33830
33790
33769
33744
33748
33803
33809
33849
33824
33744
33704
33782
33816
33799
34188
33709
33675
33675
33660
33582
33587
33578
33507
33467
33412
33343
33290
33232
33177
33202
33108
33057
33120
33036
32938
32910
32906
32811
33213
32713
32717
32616
32551
32479
32461
32354
32719
32188
32135
32089
31996
31933
31812
31736
31683
31566
31520
31383
31299
31295
31209
31041
30948
30877
30679
30568
30547
30486
30421
30324
30213
30076
29992
29902
29776
29660
29624
29555
29501
29444
29393
29339
29288
29230
29190
29162
29093
29034
29057
29101
29125
29106
29032
28919
28742
28345
28881
28740
28612
28549
28482
28459
28452
28438
28406
28303
28122
27958
27856
27750
27666
27608
27551
27461
27404
27286
27156
27068
27007
26954
26881
26811
26736
26646
26551
26494
26437
26393
26345
26232
26125
26080
26053
26015
25984
25910
25824
25734
25650
25566
25513
25482
25889
25303
25246
25219
25179
25110
25028
24948
24874
24814
24736
24643
24583
24509
24406
24312
24225
24190
24162
24104
24030
24421
23847
23828
23729
23635
23578
23551
23484
23398
23299
23242
23194
23137
23072
23011
22967
22935
22923
22893
22795
22700
22662
22614
22562
22509
22444
22351
22263
22206
22208
22156
22043
21937
21830
21774
21755
21715
21606
21528
21482
21440
21383
21309
21230
21143
21030
20940
20845
20744
20706
20629
20526
20446
20335
20238
20158
20080
20507
19956
19868
19849
19864
19870
19885
19906
19898
19841
19780
19706
19624
20022
19404
19284
19185
19118
19057
19017
18969
18908
18860
18799
18748
18721
18738
18786
18828
18858
18870
18843
18801
18793
18790
18801
18801
18715
19051
18337
18139
18066
18043
18051
18049
18022
18020
18038
18051
18034
18003
18005
18009
17975
17858
17721
17658
17599
17520
17398
17267
17127
16975
16851
16711
16624
16585
16561
16505
16482
16492
16486
16501
16494
16461
16471
16471
16435
16391
16372
16326
16293
16246
16213
16202
16229
16265
16286
16286
16335
16242
16156
16154
16181
16166
16156
16148
16116
16129
16164
16152
16116
16118
16133
16139
16122
16076
16038
16053
16053
16015
15996
15965
15950
15942
15931
15891
15875
15843
15811
15793
15730
15667
15604
15570
15547
15541
15538
15498
15446
15391
15314
15267
15244
15177
15150
15125
15104
15091
15076
15019
14980
14950
14923
14896
14866
14814
14774
14711
15143
14625
14606
14604
14553
14421
14324
14307
14269
14219
14204
14152
14120
14072
13986
13923
13908
13860
13799
13740
13648
13547
13471
13444
13398
13347
13280
13219
13196
13196
13133
13064
13022
12990
12986
13022
13085
13064
13043
13030
13028
12982
12940
12942
12929
12919
12902
12843
12807
12803
12782
12774
12784
12812
12872
12904
12895
12858
12870
12906
12906
12927
12902
12896
12937
12975
13013
13020
13055
13082
13076
13066
13099
13169
13227
13265
13288
13270
13261
13261
13274
13267
13255
13255
13280
13322
13328
13339
13326
13326
13375
13412
13490
13517
13557
13585
13589
13633
13196
13696
13713
13719
13719
13715
13736
13799
13841
13843
13845
13872
13872
13885
13872
13887
13921
13948
13937
13929
13927
13917
13937
13967
13994
13984
13942
13914
13914
13916
13896
13809
13778
13778
13782
13750
13685
13614
13553
13488
13368
13282
13251
13190
13072
12982
12914
12851
12772
12671
12604
12549
12488
12427
12354
12272
12162
12087
11982
11891
11809
12211
11641
11582
11526
11461
11400
11282
11173
11110
11043
10984
10900
10786
10669
10585
10486
10396
10345
10261
10125
10022
9935
9843
9776
9690
9595
9500
9414
9299
9190
9097
8998
8900
8772
8687
8606
8509
8419
8326
8181
7992
7860
7791
7702
7576
7408
7284
7221
7110
6938
6788
6639
6534
6459
6816
6139
5988
5862
5755
5622
5442
5314
5225
5078
4940
4843
4709
4595
4490
4312
4156
4009
3832
3692
3597
3433
3290
3192
3074
3417
2807
2687
2538
2416
2301
2171
2089
1977
1822
1696
1583
1952
1349
1250
1166
1087
977
887
801
687
561
969
416
320
238
183
104
15
-113
-149
-186
-216
-262
-315
-378
-445
-8
-607
-674
-712
-724
-781
-823
-850
-876
-884
-939
-991
-1010
-1052
-1098
-1142
-1176
-1195
-1168
-1151
-1180
-1226
-1243
-1264
-1264
-1230
-1184
-1163
-1155
-1180
-1167
-1144
-1128
-1126
-1119
-1067
-1023
-1464
-930
-892
-875
-823
-787
-737
-705
-674
-611
-579
-567
-523
-428
-294
-245
-210
-186
-157
-50
24
127
217
284
395
482
549
635
715
763
816
881
973
1089
1206
1272
1404
1534
1631
1729
1828
1916
2024
2148
2211
2307
1971
2589
2679
2767
2860
2967
3097
3209
3324
2938
3503
3589
3711
3793
3896
3998
4114
4259
3917
4526
4646
4732
4812
4931
5026
5127
5227
5311
5395
5496
5595
5633
5694
5725
5769
5845
5929
6000
6080
6148
6229
6328
6408
6435
6461
6543
6622
6687
6765
6809
6833
6847
6874
6952
7009
7041
7078
7158
7221
7255
7286
6839
7374
7406
7404
7417
7459
7490
7517
7526
7587
7719
7814
7801
7729
7622
7553
7574
7631
7700
7769
7801
7830
7917
8022
8083
8124
8148
8152
8141
8110
8078
8049
8011
7950
7856
7729
7669
7618
7599
7595
7622
7591
7541
7452
7385
7351
7337
7345
7311
7282
7232
7158
7101
7045
7000
6935
6854
6847
6826
6755
6700
6648
6599
6547
6501
6444
6398
6833
6280
6200
6141
6099
6059
5982
5938
5900
5814
5725
5660
5604
5582
5551
5484
5416
5356
5290
5173
5101
5070
5000
4937
4898
4807
4702
4633
4585
4540
4511
4471
4877
4335
4272
4211
4208
4223
4171
4110
4026
3958
3946
3956
3896
3849
3784
3700
3656
3599
3555
3509
3448
3381
3322
3337
3311
3225
3171
3103
3024
2977
3416
2917
2925
2864
2791
2725
2669
2622
2551
2479
2433
2417
2396
2362
2335
2276
2217
2169
2120
2072
2032
2001
1977
1929
1854
1786
1778
1788
1774
1723
1652
1616
1559
1496
1454
1429
1374
1288
1272
1250
1190
1145
1108
1082
1047
1001
979
967
969
912
881
845
788
740
717
696
675
641
608
566
538
543
536
541
973
416
387
385
389
389
395
387
353
291
274
270
261
248
270
280
251
230
211
225
230
251
253
229
213
225
240
244
230
217
206
236
248
255
257
257
291
332
351
339
349
354
324
307
324
343
349
354
345
333
324
318
383
423
454
465
0
534
557
562
555
551
561
582
597
635
656
683
704
694
685
702
721
770
851
908
917
912
956
990
1007
1026
1032
1040
1055
1082
1127
1187
1255
1332
1290
1305
1358
1398
1429
1553
1536
1479
1566
1681
1732
1784
1833
1864
1912
1948
1977
2061
2175
2217
2248
2297
2343
2395
2479
2572
2587
2706
2809
2895
2454
2998
3045
3108
3131
3265
3328
3364
3459
3543
3641
3750
3822
3885
3893
3425
4007
4085
4106
4137
4234
4251
4322
3912
4452
4501
4490
4507
4568
4633
4660
4595
4580
4627
4698
4713
4692
4690
4683
4723
4778
4772
4730
4805
4839
4772
4730
4776
4793
4826
4862
4874
4900
4866
4818
4853
4910
4881
4929
4958
4998
5041
5097
5187
5240
5215
5253
5368
5438
5429
5461
5608
5713
5786
5374
5965
6062
6137
5870
6480
6536
6654
6736
6898
7017
7125
7274
7337
7482
7578
7669
7788
7891
8064
8164
8364
8498
8593
8734
8866
8988
9135
8803
9440
9561
9679
9858
9959
10103
10250
10370
10500
10564
10692
10740
10788
10996
11078
10975
10929
11055
11152
11145
11114
11057
11019
11066
11118
11097
11005
10973
10925
10952
11003
10927
10872
10875
10862
10784
10786
10851
10750
10639
10660
10650
10587
10547
10566
10543
10396
10375
10400
10395
10404
10351
10312
10272
10208
10206
10181
10146
10099
10101
10108
10087
10064
10026
10026
9971
9948
9940
9875
9874
9849
9770
9801
9803
9667
9589
9553
9545
9511
9433
9333
9303
9255
9257
9223
9196
8797
9322
9311
9375
9463
9532
9526
9681
9780
9854
9982
10097
10200
9774
10375
10559
10679
10805
10925
11104
11265
11421
11557
11658
11828
12001
11727
12396
12503
12730
12946
13133
13253
13498
13673
13854
14101
14299
14492
14641
14820
14996
15192
15396
15604
15774
15910
16080
16259
16486
16646
16835
17026
17175
17396
17106
17744
17896
17629
18326
18530
18688
18860
18593
19311
19473
19648
19837
20103
20270
20467
20662
20816
20534
21290
21022
21725
21979
22265
22416
22580
22799
23015
23278
23549
23713
23896
24099
24322
24532
24692
24427
25177
25353
25551
25748
25952
26152
26312
26530
26690
26828
26967
27265
27456
27597
27671
27784
27975
28062
28166
28211
28280
28421
28562
28580
28603
28673
28753
28805
28757
28788
28791
28826
28790
28805
28839
28774
28786
28774
28769
28770
28784
28723
28732
28729
28706
28683
28627
28624
28671
28643
28629
28650
28660
28639
28635
28645
28624
28643
28624
28664
28610
28595
28646
28719
28715
28751
28763
28750
28780
28797
28818
28847
28816
28812
28791
28832
28864
28849
28862
28833
28795
28769
28742
28778
28736
28727
28799
28740
28711
28729
28706
28725
28711
28709
28709
28673
28704
28679
28597
28637
28639
28646
28625
28620
28599
28620
28574
28541
28559
28536
28480
28461
28406
28467
28456
28343
28314
28303
28303
28360
28339
28351
28341
28379
28362
28326
28311
28297
28297
27851
28379
28398
28377
28389
28353
28368
28412
28429
28421
28389
28412
28402
28448
28496
28513
28555
28561
28585
28656
28711
28730
28755
28818
28868
28906
28895
29003
29057
29108
29101
29106
29202
29250
29297
29339
29366
29408
29480
29522
29549
29595
29696
29312
29780
29814
29877
29940
29927
29959
30000
30005
30045
30083
30183
30169
30217
30211
30238
30295
30356
30410
30398
30427
30381
30450
30484
30461
30501
30509
30480
30511
30505
30555
30595
30587
30625
30549
30515
30538
30500
30511
30458
30494
30479
30416
30356
30358
30364
30375
30356
30240
30120
30112
30125
30057
29971
29919
