35303
35437
35490
35532
35561
35568
35625
35597
35570
35503
35492
35645
35795
36078
36366
36467
36532
36538
36429
36385
36354
36400
36435
36459
36431
36416
36383
36458
36496
36578
36620
36164
36742
36748
36786
36807
36832
36742
36708
36755
36687
36622
36606
36540
36507
36503
36467
36416
36416
36412
36442
36433
36404
36400
36456
36480
36551
36587
36570
36154
36654
36732
36738
36780
36843
36832
36895
37020
37108
37169
37269
37316
37377
37404
37547
37667
37767
37795
37837
37893
37963
38082
38162
38202
38198
38183
38202
38240
38272
38354
38437
38583
38778
38961
39160
39372
39612
39799
39933
40057
40192
40295
40431
40534
40580
40597
40625
40648
40763
40811
40818
40826
40795
40866
40944
41026
41110
41158
41267
41412
41562
41673
41723
41635
41709
41706
41845
42005
41874
41849
41958
41988
41979
42000
42026
42087
42141
42190
42240
42259
42282
42259
42278
42370
42416
42444
42465
42440
42471
42540
42473
42015
42517
42524
42601
42553
42564
42599
42578
42572
42547
42538
42482
42423
42318
42314
42301
42217
42293
42305
42160
41988
41820
41740
41599
41429
41261
41072
40883
40704
40555
40387
40173
40028
39790
39603
39414
39202
39036
38774
38606
38498
38288
38574
37942
37711
37486
37276
37131
36923
36729
36555
36473
36372
36290
36255
36114
35984
35977
36007
35946
35782
35610
35459
35333
35309
35326
35410
35532
35509
35459
35458
35469
35358
35341
35408
35379
35251
35066
34841
34784
34769
34757
34755
34641
34543
34396
34202
34013
33761
33383
33139
33122
33204
33282
33454
33248
33910
33977
33980
34020
33992
33904
33822
33805
33770
33746
33801
33772
33761
33812
33839
33803
33778
33803
33843
33843
33807
33774
33753
33734
33748
33715
33593
33582
33545
33482
33442
33374
33354
33337
33257
33250
33240
33694
33032
32990
32883
32774
32687
32614
32593
32530
32488
32446
32368
32280
32188
32087
31971
31839
31732
31610
31463
31278
31106
31049
30986
30990
31064
30965
30906
30872
30809
30748
30698
30673
30538
30551
30509
30507
30507
30593
30730
30866
30908
30998
31036
31167
31181
31261
31351
31486
31440
31452
31673
31853
32051
31782
32408
32492
32618
32729
32820
32889
32898
32965
33057
33068
33072
33171
33167
33274
33312
33311
33368
33448
33492
33509
33549
33650
33688
33776
33833
33885
33956
34062
34162
34171
34181
34173
34240
34284
34349
34383
34370
34488
34576
34660
34692
34198
34788
34797
34727
34774
34896
34925
34908
34965
35047
35097
35097
35127
35139
35145
35187
35177
35246
35265
35261
35311
35326
35265
35181
35135
35129
35127
35129
35095
35093
35055
34996
