47610
47528
47507
47570
47572
47572
47578
47606
47635
47683
47757
47769
47719
47727
47799
47860
47912
47921
47927
47942
48024
48166
48318
48471
48589
48402
49000
48885
48597
48183
48082
48120
48173
48196
48154
48223
48332
48828
49034
49049
48856
48486
48251
48160
48198
48232
48314
48328
48248
48116
48003
47958
48364
47839
47757
47713
47673
47622
47541
47503
47421
47341
47183
47043
46929
46799
46734
46698
46662
46736
46660
46437
46312
46135
45942
45770
45583
45362
45152
45028
44805
44667
44465
44351
44183
44433
43759
43595
43444
43284
43020
42847
42683
42541
42377
42187
42068
41952
41713
41595
41473
41286
41097
40942
40753
40603
40454
40314
40143
40020
39912
39770
39667
39543
39425
39332
39215
39089
38954
38805
38721
38614
38538
38385
38290
38223
38112
37954
37875
37851
37776
38078
37448
37324
37311
37234
37139
37082
36927
36851
36767
36658
36603
36561
36435
36351
36251
36242
36198
36114
36101
36066
35986
35872
35868
35856
35864
35824
35816
35765
35706
35746
35757
35723
35715
35713
35704
35687
35685
35702
35725
35671
35698
35744
35774
35791
35759
35812
35885
35940
35975
35990
35979
36001
36120
36181
36129
36129
36185
36221
36217
36250
36272
36293
36250
36225
36230
36265
36311
36282
36246
36278
36360
36351
36374
36419
36461
36473
36559
36566
36610
36654
36677
36652
36708
36782
36820
36835
36849
36851
36895
36908
37038
37047
36984
37026
37091
37127
37181
37267
37297
37261
37274
37299
37366
37375
37402
37442
37458
37572
37559
37555
37629
37671
37713
37748
37770
37761
37784
37818
37818
37818
37824
37837
37889
37946
37946
37946
38011
38032
38082
38114
38070
38068
38068
38137
38164
38158
38154
38190
38253
38248
38206
38152
38589
38049
38038
38055
38017
37984
38017
38020
37979
37959
37910
37835
37824
37835
37780
37729
37658
37580
37566
37524
37477
37389
37353
37368
37349
37269
37192
37133
37064
37015
36986
36862
36837
36778
36688
36582
36524
36528
36475
36400
36347
36301
36251
36152
36049
35988
35977
35933
35889
35805
35750
35673
35641
35507
35459
35419
35328
35259
35198
35080
35087
35041
35007
34944
34824
34778
34770
34700
34641
34595
34555
34530
34402
34301
34223
34204
34152
34068
33980
33908
33856
33811
34185
33570
33490
33416
33297
33295
33225
33137
33005
32946
32870
32784
33206
32595
32513
32425
32396
32322
32204
32091
32030
31940
31822
31736
31727
31667
31524
31400
31364
31345
31307
31750
31217
31166
31166
31188
31162
31139
31112
31131
31122
31152
31234
31278
31255
31221
31290
31301
31305
31293
31290
31337
31389
31383
31400
31410
