35343
35290
35187
35154
35097
35026
34946
34891
34811
34748
34690
34604
34530
34471
34427
34354
34290
34330
34301
34219
34171
34139
34091
34146
34167
34198
34129
34162
34232
34198
33713
34291
34410
34423
34416
34458
34538
34624
34658
34719
34847
34967
35041
35095
35156
35267
35360
35471
35606
35729
35839
35906
35956
36049
36185
36320
36463
36526
36591
36738
36851
36944
37045
37112
37244
37381
37456
37496
37608
37753
37887
38001
38156
38272
38330
38385
38574
38706
38839
38921
39011
38618
39280
39345
39381
39517
39721
39805
39914
39576
40192
40314
40374
40492
40593
40612
40713
40746
40770
40847
40914
40549
41030
41068
41131
41204
41248
41282
41284
41339
41374
41433
41515
41585
41610
41572
41606
41652
41679
41687
41658
41625
41671
41593
41583
41576
41522
41520
41461
41440
41454
41435
41395
41444
41438
41438
41412
41372
41370
41351
41328
41293
41375
41463
41482
41488
41417
41332
41337
41335
41276
41267
41198
41150
41139
41124
41057
40994
41003
40969
40898
40811
40820
40801
40723
40696
40673
40656
40603
40652
40606
40578
40492
40419
40435
40423
40410
40410
40349
40259
40257
40206
40124
40120
40538
40015
39963
39891
39868
39801
39780
39763
39769
39795
39772
39713
39669
39687
39696
39688
39706
39675
39627
39612
39585
39530
39515
39541
39555
39551
39509
39494
39484
39433
39385
39375
39372
39385
39417
39421
39440
39396
39351
39305
39311
39288
39299
39299
39328
39347
39356
39335
39320
39343
39339
39351
39335
39341
39358
39370
39391
39417
39437
39444
39433
39437
39444
39425
39429
39450
39479
39486
39536
39564
39604
39603
39599
39576
39612
39648
39658
39677
39727
39738
39765
39772
39784
39814
39856
39900
39946
39973
40020
40080
40118
40146
40167
40173
40187
40200
40202
40244
40274
40345
40406
40473
40545
40631
40694
40727
40757
40833
40935
41003
41064
41118
41188
41261
41324
41341
41395
41509
41593
41603
41620
41610
41675
41729
41795
41858
41952
41992
41988
41526
42080
42112
42167
42208
42250
42280
42318
42354
42404
42419
42421
42433
42015
42540
42587
42601
42643
42692
42717
42755
42839
42927
42990
43055
43074
43078
43133
43188
43219
43257
43278
43322
43379
43410
43429
43500
43587
43635
43696
43698
43717
43765
43797
43805
43803
43820
43820
43843
43875
43937
43984
44009
44019
44011
44047
44070
44093
44106
44150
44227
44251
44238
44246
44276
44316
44328
44333
44364
44385
44408
44395
44425
44456
44498
44477
44490
44482
44513
44496
44513
44570
44645
44667
44648
44635
44635
44639
44669
44681
44687
44677
44683
44692
44704
44692
44671
44645
44646
44656
44688
44690
44692
44727
44711
44685
44660
44631
44635
44645
44625
44624
44599
44591
44616
44620
44601
44576
44582
44597
44591
44591
44618
44656
44658
44652
44622
44608
44622
44622
44660
44696
44725
44715
44673
44666
44694
44715
44734
44761
44765
44770
44776
44816
44826
44807
44803
44847
44877
44866
44841
44824
44811
44858
44881
44853
44889
44937
44954
44938
44935
44458
44954
44973
45009
45013
45007
45026
45032
45017
45007
45022
45036
45051
45076
45106
45087
45108
45148
45162
45141
45120
45137
45139
45179
45229
45244
45236
45261
45312
45362
45374
45358
45314
45318
45396
45442
45482
45515
45519
45522
45538
45530
45534
45620
45669
45677
45715
45803
45841
45875
45917
45944
45961
45977
46020
46097
46124
46169
46202
46234
46290
46360
45927
46480
46501
46520
46551
46593
46627
46671
46715
46759
46854
46414
46958
47003
47103
47127
47135
47171
47234
47278
47282
47314
47372
47429
47423
47459
47503
47553
47589
