10362
10408
10425
10425
10452
10496
10566
10597
10652
10723
10736
10799
10853
10908
10996
11091
11175
11232
11259
11280
11320
11396
11543
11616
11788
11956
12030
12110
12208
12437
12522
12667
12830
12988
13181
13368
13587
13765
13958
14124
14316
14496
14717
14942
15114
15282
15486
15681
15904
16118
16309
16545
16805
17028
17177
17387
17104
17778
18041
18272
18488
18675
18864
19034
19215
19395
19070
19778
20022
20206
20396
20032
20723
20944
21145
21374
21553
21704
21887
22080
22244
22000
22732
22896
23125
23297
23500
23673
23891
24087
24240
23986
24744
24956
25164
25354
25540
25782
25982
26194
26452
26639
26835
27059
27238
27400
27667
27364
28000
28225
28414
28580
28769
28900
29108
29385
29511
29646
29341
30013
30211
30389
30526
30625
30795
30984
31148
31288
31417
31513
31604
31780
31889
31988
32061
32103
32160
32208
32250
32297
32345
32389
32488
32559
32591
32583
32547
32545
32545
32606
32679
32755
32791
32795
32812
32843
32875
32935
32959
32948
32961
32954
32969
32940
32923
32914
32919
32925
32908
32843
32805
32833
32870
32893
32868
32849
32851
32864
32864
32885
32900
32902
32866
32799
32770
32799
32809
32780
32744
32713
32669
32639
32627
32620
32612
32580
32580
32597
32610
32612
32622
32601
32585
32574
32574
32562
32536
32505
32461
32412
32385
32391
32368
32345
32335
32353
32354
32339
32324
32320
32295
32301
32311
32362
32374
32358
32332
32368
32343
32290
32217
32173
32177
32177
32196
32187
32156
32124
32146
32221
32269
32272
32265
32295
32312
32353
32356
32333
32316
32305
32314
32297
32290
32278
32265
32225
32192
32127
32076
32064
32089
32087
32051
32043
32043
32032
31998
32007
31998
31977
31967
31963
31944
31900
31843
31755
31688
31608
31541
31496
31444
31377
31282
31204
31148
31122
31131
31137
31137
31116
31085
31007
30942
30872
30843
30818
30782
30711
30620
30534
30440
30366
30303
30250
30167
30082
29977
29885
29851
29849
29854
29807
29772
29729
29660
29624
29635
29652
29648
29669
29627
29610
29580
29538
29437
29780
29114
28982
28973
29022
29007
29017
29000
28916
28851
28778
28694
28620
28519
28400
28822
28255
28187
28152
28152
28108
28103
28122
28062
28013
27982
28026
28122
28274
28406
28574
28791
28942
28994
29041
29061
29026
28887
28776
28687
28599
28524
28507
28465
28465
28467
28526
28557
28530
28459
28351
28202
28068
28026
28076
28185
28269
28314
28374
28416
28389
28393
28385
28381
28419
28454
28486
28530
28517
28501
28540
28526
28456
28429
28425
28366
28293
28257
28250
28372
28549
28652
28704
28561
28364
28213
28137
28173
28250
28314
28353
28358
28383
28437
28473
28463
28475
28452
28440
28446
28479
28524
28622
28683
28709
28744
28723
28633
28549
28467
28414
28370
28353
28400
28440
28484
28490
28486
28444
28370
28309
28211
28095
28049
28078
28116
28108
28110
28131
28143
28166
28190
28234
28305
28356
28377
28431
28505
28540
28561
28564
28551
28622
28742
28843
28904
28847
28688
28503
28414
28496
28732
28988
29288
29494
29603
29641
29524
29353
29106
28879
28750
28603
28494
28492
28589
28732
28807
28839
28786
28645
28438
28816
28280
28188
28101
28003
27893
27677
27379
26940
26461
26173
26129
26379
26769
27303
27765
28057
28272
28379
28416
28414
28360
28820
28299
28303
28370
28473
28530
28522
28522
28498
28417
28801
28198
28152
28053
27980
27887
27734
27633
27555
27469
27391
27398
27461
27519
27587
27679
27700
27750
27362
27889
27917
27937
27908
27841
27694
27536
27410
27295
27131
26986
26902
26832
26734
26658
26568
26471
26332
26072
25797
25620
25448
25374
24921
25541
25677
25751
25820
25843
25816
25811
25788
25736
25681
25650
25625
25595
25604
25606
25591
25595
25580
25551
25492
25444
25351
25261
25204
25101
24984
24898
24791
24687
24612
24522
24433
24383
24356
24332
24250
24139
24059
23959
23828
23744
23696
23633
23519
23429
23358
23309
23246
23185
23110
23055
23448
22893
22858
22774
22646
22532
22412
22305
22213
22108
21990
21868
21784
21637
21520
21448
21362
21276
21187
21080
20969
20893
20774
20708
20625
20519
20393
20316
20286
20293
20293
20255
20156
20064
19990
19906
19845
19776
19669
19570
19477
19360
19227
19068
18935
18776
18643
18570
18524
18473
18454
18442
18393
18347
18297
18188
18108
18003
17914
17870
17822
17790
17767
17717
17666
17627
17557
17515
17490
17437
17393
17368
17284
17263
17248
17171
17110
17053
17013
16980
16942
16879
16820
16738
16681
16664
16662
16704
16673
16646
16618
16570
16534
16480
16444
16431
16431
16425
16410
16393
16354
16293
16246
16202
16211
16227
16223
16179
16160
16137
16131
16143
16152
16141
16141
16145
16124
16074
16028
15990
15975
15954
15942
15914
15904
15908
15933
15919
15875
15837
15809
15791
15763
15734
15704
15671
15656
15610
15570
15543
15511
15511
15477
15419
15406
15400
15375
15362
15337
15280
15225
15192
15629
15125
15124
15087
15057
15049
15085
15083
14977
14896
14839
14809
14812
14790
14765
14729
14702
14690
14637
14604
14583
14551
14511
14484
14484
14471
14437
14379
14375
14358
14349
14335
14326
14316
14322
14339
14312
14244
14188
14148
14196
14202
14194
14167
14143
14143
14122
14070
14049
14032
14049
14030
13992
13948
13946
13967
13990
13990
13977
13963
13977
13942
13948
13980
13963
13914
13893
13919
13946
13973
13959
13927
13923
13938
13925
13893
13853
13847
13822
13797
13774
13776
13740
13725
13717
13679
13631
13627
13568
13517
13503
13465
13425
13419
13402
13379
13354
13328
13270
13248
13192
13162
13177
13158
13173
13143
13082
13040
13009
12961
12969
12977
12916
12853
12822
12770
12763
12725
12734
12706
12650
12597
12570
12532
12484
12456
12396
12375
12345
12257
12154
12082
12053
12003
11919
11889
11906
11837
11740
11625
11549
11524
11490
11458
11410
11322
11236
11143
11011
10908
10856
10809
10803
10778
10698
10585
10522
10463
10412
10349
10272
10209
10194
10167
10099
10070
10022
9967
9917
9889
9841
9784
9751
9694
9633
9612
9601
9557
9520
9459
9416
9393
9349
9276
9227
9209
9192
9124
9057
9020
9026
9019
8967
8868
8778
8713
8622
8547
8475
8423
8393
8379
8330
8227
8148
8122
8095
8005
7927
7874
8303
7784
7711
7654
7612
7540
7477
7391
7328
7278
7227
7156
7129
7101
7040
6956
6870
6782
6709
6656
6606
6570
6498
6437
6395
6324
6274
6213
6141
6091
6024
5908
5805
5748
5698
5641
5595
5511
5433
5353
5284
5200
5082
4979
4900
4824
4727
4616
4501
4879
4322
4232
4139
4066
3956
3870
3784
3694
3648
3587
3482
3389
3314
3221
3124
3062
2961
2921
2900
2839
2748
2673
2555
2482
2442
2375
2307
2272
2232
2164
2114
2003
2440
1914
1837
1807
1818
1790
1734
1650
1553
1526
1568
1614
1606
1578
1490
1385
1349
1316
1284
1286
1265
1267
1255
1196
1143
1120
1072
1055
1087
1118
1089
1030
1463
917
933
971
1001
982
967
919
914
904
906
933
925
921
891
864
860
874
908
929
916
919
925
912
921
952
965
956
935
494
1108
1072
996
1028
1101
1173
1122
1148
1204
1240
1181
1141
1118
1166
1229
1250
1221
1200
1190
1173
1171
1166
1150
1192
1187
1125
1148
1127
1116
1139
1164
1152
1177
1167
1166
1156
1183
1213
1169
1112
1106
1103
1127
1099
1045
1011
1032
1015
1452
919
946
938
849
874
830
757
759
746
763
719
639
656
624
585
572
595
526
450
448
473
381
311
291
290
234
152
68
34
15
-42
-96
-134
-138
-207
-260
-268
-340
-405
-455
-472
-527
-594
-655
-703
-771
-802
-798
-903
-941
-502
-1031
-1077
-1073
-1102
-1214
-1262
-1264
-1346
-1378
-1363
-1436
-1472
-1474
-1487
-1508
-1474
-1474
-983
-1493
-1506
-1573
-1592
-1529
-1476
-1491
-1523
-1554
-1604
-1649
-1710
-1718
-1707
-1745
-1764
-1771
-1760
-1770
-1787
-1808
-1833
-1842
-1831
-1823
-1802
-1804
-1796
-1834
-1825
-1783
-1783
-1798
-1821
-1833
-1787
-1789
-1773
-1747
-1724
-1722
-1676
-1672
-1691
-1649
-1638
-1632
-1649
-1621
-1567
-1512
-1483
-1508
-1558
-1493
-1445
-987
-1500
-1476
-1453
-1453
-1441
-1476
-1521
-1554
-1552
-1521
-1554
-1542
-1554
-1508
-1506
-1508
-1565
-1609
-1546
-1514
-1489
-1583
-1615
-1583
-1560
-1590
-1588
-1560
-1562
-1613
-1632
-1569
-1552
-1628
-1588
-1611
-1663
-1695
-1705
-1730
-1728
-1720
-1783
-1812
-1859
-1905
-1926
-1903
-1852
-1886
-1934
-1939
-1997
-2071
-2067
-2058
-2050
-2092
-2144
-2107
-2065
-2132
-2191
-2134
-2125
-2113
-2203
-2249
-2258
-2260
-2304
-2310
-2235
-2266
-2352
-2367
-2371
-2338
-2294
-2308
-2388
-2386
-2384
-2384
-2436
-2397
-2396
-2453
-2487
-2478
-2438
-2464
-2508
-2567
-2548
-2552
-2525
-2558
-2514
-2497
-2500
-2527
-2510
-2525
-2588
-2567
-2516
-2493
-2476
-2409
-2355
-2470
-2468
-2378
-2312
-2264
-2210
-2224
-2167
-2111
-2092
-2065
-2060
-2037
-2025
-2441
-1924
-1901
-1867
-1789
-1804
-1749
-1691
-1676
-1668
-1596
-1569
-1514
-1438
-1462
-1373
-1279
-1189
-1218
-1224
-1165
-1075
-1008
-987
-960
-945
-894
-846
-815
-762
-646
-562
-594
-506
-453
-378
-298
-209
-209
-140
-6
45
118
133
225
360
429
448
572
648
736
830
492
1059
1066
1137
1234
1366
1429
984
1572
1730
1837
1860
1484
2080
2135
2230
2333
2406
2528
2637
2751
2786
2807
2994
3106
3141
3166
3297
3404
3477
3562
3738
3784
3877
4078
4179
4311
3917
4500
4614
4727
4811
4402
4988
5099
5167
5288
5410
5490
5625
5736
5814
5818
5988
6091
6209
5862
6498
6624
6734
6814
6900
6908
6971
7112
7290
7408
7456
7423
7452
7541
7650
7664
7660
7597
7561
7599
7606
7574
7540
7511
7335
7093
6538
5784
4486
5020
6072
7488
7786
7708
7425
7104
7041
6990
6990
7030
7043
7137
7175
7263
7291
7377
7437
7536
7519
7442
7339
7200
7001
6870
6782
6824
6988
7118
7213
7213
7160
6982
6839
6725
6561
6593
6736
6832
6725
6690
6830
7143
7389
7643
7660
7492
7278
7206
7162
7188
7311
7438
7603
7797
7952
8059
8009
7956
7933
7958
7916
7950
8093
8116
8181
8179
8120
8282
8402
8414
8406
8389
8225
