37236
37253
37255
37330
37364
37349
37400
37437
37416
37440
37574
37555
37517
37549
37597
37566
37532
37561
37603
37643
37599
37587
37629
37645
37135
37715
37759
37744
37816
37921
37963
38020
38093
38124
38112
38175
38250
38303
38377
38412
38438
38561
38677
38696
38776
38868
38912
39040
39169
39259
39320
39435
39541
39612
39746
39841
39916
39963
40104
40190
40257
40356
40480
40578
40612
40677
40748
40782
40891
41030
41089
41131
41236
41276
41303
41362
41417
41458
41488
41463
41503
41582
41578
41616
41677
41778
41780
41883
41868
41868
41935
42030
42078
42116
42110
42152
42185
42122
42145
42085
41994
41938
41929
41952
42005
42028
42501
41986
41952
41923
41904
41835
41778
41694
41664
41587
41488
41417
41280
41158
41007
40889
40719
40549
40417
40324
40166
40070
39944
39856
39818
39650
39551
39484
39290
39230
39127
39562
38942
38851
38725
38635
38566
38469
38351
38246
38164
38066
37971
37875
37753
37572
37515
37486
37387
37324
37215
37169
37082
36986
36790
36753
36725
37103
36505
36446
36368
36343
36305
36253
36204
36110
36049
36064
36053
36032
35948
35895
35908
35887
35856
35803
35788
35790
35778
35713
35671
35675
35778
35853
35776
35774
35791
35811
35816
35900
35891
35862
35931
36028
36043
36019
36085
36171
36230
36270
36257
36326
36400
36538
36582
36700
36793
36877
36921
37019
37124
37183
37248
37345
37469
37536
37601
37648
37704
37759
37853
37923
38026
38103
38110
38167
38267
38366
38442
38562
38669
38784
38912
39019
39177
39232
39322
39473
39097
39690
39801
39914
39597
40145
40297
40431
40501
40604
40652
40828
40919
40992
41064
41112
41200
41276
41337
41387
41421
41465
41486
41606
41694
41654
41750
41843
41853
41879
41902
42007
42024
42064
42122
42175
42223
42293
42343
42389
42423
42416
42501
42553
42576
42580
42629
42702
42723
42818
42858
42839
42837
42900
42902
42841
42839
42849
42885
42847
42820
42778
42770
42757
42761
42767
42675
42597
42650
42700
42601
42477
42400
42467
42435
42269
42253
42307
42225
42223
42198
42141
42488
41925
41900
41799
41799
41744
41744
41744
41706
41742
41633
41578
41585
41564
41534
41498
41501
41475
41463
41038
41509
41435
41396
41372
41377
41354
41244
41188
41135
41066
40979
40864
40845
40805
40702
40648
41036
40444
40395
40347
40290
40215
40185
40125
40543
39980
39944
39908
39874
39805
39738
39708
39597
39522
39507
39448
39374
39301
39223
39175
39541
38971
38902
38757
38784
38790
38769
38729
38606
38479
38353
38227
38177
38229
38164
38013
37889
37799
37730
37654
37593
37513
37479
37330
37208
