35826
35774
35765
35748
35721
35750
35746
35729
35721
35805
35881
35931
35992
36007
36045
36001
36034
36053
36089
36059
36061
36089
36108
36078
36139
36639
36055
36022
36064
36034
35895
35786
35811
35841
35879
35833
35706
35690
35664
35603
35534
35530
35501
35427
35341
35236
35219
35660
35085
35017
34958
34969
34927
34874
34832
34868
34874
34860
34864
34843
34820
34778
34843
34887
34828
34774
34746
34704
34687
34675
34646
34631
34622
34589
34572
34555
34507
34543
34583
34515
34545
34572
34561
34503
34515
34578
34622
34616
34622
34637
34625
34648
34622
34562
34494
34496
34437
34274
34251
34162
34041
33910
33809
33637
33505
33410
33375
33368
33391
33242
33169
33005
32734
32706
32967
33248
32963
32820
32858
33015
33160
33196
33269
33246
33093
33108
33215
33307
33393
33517
33627
33667
33755
33872
34034
34022
34000
34087
34196
34404
34639
34828
35061
34688
35284
35480
35562
35631
35750
35883
35958
35967
35946
35990
36087
36330
36572
36910
37093
37217
37217
37335
37479
37160
37833
37959
37620
38194
38316
38440
38477
38566
38729
38824
38980
39072
39177
39303
39427
39494
39475
39549
39610
39635
39702
39780
39912
40028
40043
40038
40160
40219
40299
40337
40391
40511
40633
40681
40790
40845
40877
40979
41087
41192
41305
41417
41492
41601
41742
41868
41538
42198
42276
42377
42017
42654
42774
42891
42973
43129
43284
43314
43391
43509
43601
43725
43828
43832
43916
43944
43956
43498
44061
44143
44139
44221
44351
44414
44412
43977
44559
44610
44669
44717
44774
44839
44929
44967
45036
45026
45011
45032
45093
45087
45127
45160
45122
45095
45085
45141
45173
45185
45171
45259
45234
45255
45230
45171
45177
45204
45272
45295
45269
45217
45255
45248
45211
45156
45095
45011
44984
44809
44767
44805
44862
44885
44914
44784
44633
44595
44585
44595
44675
44738
44770
44809
44812
44776
44812
44835
44774
44740
44702
44629
44608
44564
44375
44251
44213
44213
44244
44217
44217
44192
44131
44003
43891
43885
43769
43625
43507
43501
43402
43272
43232
43169
43076
43028
43009
42893
42763
42692
42629
42509
42404
42293
42196
42066
41925
41872
41709
41597
41461
41347
41261
41183
41093
41055
40982
40914
40793
40769
40824
40801
40713
40709
40715
40664
40654
40727
40742
40757
40765
40761
40788
40883
40851
40835
40832
40874
40889
40902
40963
40998
41015
41522
41089
41129
41118
41188
41196
41227
41311
41330
41360
41440
41427
41416
41429
41503
41570
41620
41646
41690
41681
41688
41770
41874
41967
42032
42013
42118
42213
42286
42381
42444
42494
42608
42690
42759
42820
42963
