41015
41057
41162
41288
41416
41479
41646
41738
41854
41979
42003
42093
42145
42250
42364
42492
42618
42738
42877
42971
43125
43274
43381
42992
43561
43694
43860
43914
43948
43977
44057
44143
44162
44198
44259
44318
44309
44343
44406
44406
44410
44419
44425
44454
44933
44417
44347
44125
44009
43862
43696
43570
43519
43475
43425
43305
43223
43208
43083
42870
42713
42669
42608
42973
42303
42154
42133
42053
41900
41791
41633
41484
41383
41221
41089
40967
40830
40692
41024
40370
40242
40131
39998
39864
39704
39538
39406
39253
39148
39009
38832
38709
39082
38452
38276
38183
38062
37889
37746
37591
37522
37395
37196
37049
36919
36753
36671
36593
36427
36291
36095
35975
35870
36122
35423
35192
35049
34898
34750
34631
34532
34450
34379
34293
34223
34101
34032
34000
33887
33807
33753
33641
33604
33496
33391
33356
33311
33278
33700
33118
33032
32982
33000
32998
32898
32875
32807
32824
32849
32809
32757
32694
32744
32770
32788
32847
32830
32833
32872
32916
32896
32906
32927
32908
32908
32967
32961
33011
33059
33129
33158
33162
33131
33164
33213
33288
33343
33332
33349
33387
33438
33513
33599
33618
33635
33679
33708
33727
33818
33870
33933
34017
34085
34125
33721
34297
34301
34261
34358
34458
34494
34520
34532
34599
34673
34704
34652
34200
34767
34830
34839
34885
34902
34895
34818
34853
34896
34900
34906
34916
34914
34967
34982
34937
35019
35089
35129
35112
35112
35156
35196
35196
35297
35389
35459
35442
35479
35551
35622
35673
35732
35812
35881
35946
36015
36110
36097
36213
36301
36364
36416
36454
36545
36631
36675
36753
36843
36914
37001
37099
37242
37324
37540
37641
37578
37137
37788
37923
38009
38074
38190
38322
38416
38488
38589
38698
38828
38904
38963
39082
39229
39353
39492
39690
39828
39938
39990
40055
40152
40068
40030
40095
40169
40263
40448
40484
40437
40375
40387
40337
40402
40427
40396
40454
40498
40566
40570
40551
40625
40675
40658
40612
40610
40616
40568
41034
40501
40419
40337
40244
40076
39870
39822
39923
39937
39595
40188
40263
40269
40282
40335
40393
40408
40354
40360
40351
40404
40419
40410
40419
40448
40507
40520
40583
40646
40658
40608
40612
40652
40698
40664
40631
40601
40561
40604
40639
40666
40696
40650
40604
40532
40547
40530
40473
40475
40538
40488
40477
40501
40452
40400
40339
40286
40250
40202
40198
40198
40082
39990
39910
39797
39679
39633
39448
39330
39255
39093
38948
38835
38759
38654
38463
38339
38253
38585
37937
37835
37667
37561
37395
37307
37190
37015
36906
36755
36662
36498
36332
36206
36112
36009
35793
