38347
38049
37874
37662
37463
37204
36952
36742
36547
36330
36106
35935
35685
35459
35341
35185
34935
35169
34503
34295
34167
34072
34011
33919
33765
33624
33406
33297
33206
32994
32830
32667
32520
32425
32312
32196
32143
32093
31984
31967
31883
31835
31822
31732
31679
31635
31562
31456
31446
31406
31343
31284
31236
31230
31160
31032
31007
30959
30919
30956
30906
30847
30896
30874
30826
30812
31263
30755
30729
30753
30769
30751
30744
30826
30780
30866
30988
31001
31051
31091
31141
31177
31248
31320
31456
31540
31608
31717
31807
31902
32011
32064
32198
32341
32461
32572
32251
32881
32950
33062
33183
33364
33543
33624
33667
33782
33967
34066
34104
34190
34333
34444
34555
34669
34763
34917
35017
35104
35253
35364
35522
35610
35799
35977
36108
36257
36402
36532
36725
36845
37030
37303
37461
37595
37730
37935
38076
38198
38421
38585
38709
38841
38893
39053
39225
39414
39547
39639
39738
39862
39582
40167
40160
40358
40528
40700
40778
40904
40952
41020
41059
41179
41343
41427
41538
41641
41763
41809
41893
42028
42091
42177
42269
42305
42341
42295
42341
42395
42431
42500
42530
42534
42990
42538
42545
42562
42656
42629
42639
42679
42778
42809
42822
42845
42891
42950
42965
42942
42973
42973
42963
43024
43032
43041
43015
43059
43062
43093
43045
42996
42916
42875
42820
42791
42746
42690
42530
42393
42377
42358
42288
42145
42062
42501
41959
41853
41750
41713
41637
41564
41517
41442
41288
41198
41103
41003
40908
40807
40742
40750
40612
40488
40437
40395
40303
40240
40187
40229
40146
40106
40019
39906
39858
39801
39736
39648
39624
39614
40055
39500
39469
39391
39318
39312
39326
39322
39278
39211
39091
39072
39089
39074
39020
38986
38954
38795
38713
38698
38580
38419
38248
38185
38083
37929
37837
37694
38097
37431
37238
37616
37019
36870
36669
36568
36532
36347
36639
36097
36003
35833
35738
35566
35469
35345
35225
35068
34868
34729
34482
34339
34227
34013
33830
34171
33517
33377
33234
33143
32990
32881
32732
32656
32616
32486
32377
32301
32270
32221
32154
32043
31998
31929
31896
31849
31772
31725
31650
31679
31648
31631
31656
31648
31646
31694
31801
31881
31895
31958
32040
32169
31755
32291
32354
32448
32616
32257
32795
32921
32963
33108
32746
33333
33383
33480
33597
33660
33690
33772
33793
33853
33921
33946
33902
33923
34001
34001
33971
33912
33917
33881
33833
33820
33795
33734
33698
33746
33660
33614
33530
33444
33482
33385
33234
33208
33169
33145
33083
32952
32849
32750
32698
32696
32633
32526
32469
32437
32385
32270
32106
32061
32036
31956
31923
