31417
31385
31431
31437
31425
31471
31421
31437
31488
31452
31459
31471
31473
31444
31423
31459
31442
31467
31404
31381
31433
31486
31406
31400
31438
31412
31330
31330
31290
31311
31312
31358
31410
31482
31520
31601
31606
31618
31709
31746
31807
31906
31898
31967
32082
32169
32284
32328
32387
32484
32589
32675
32692
32723
32811
32912
32958
33005
33112
33152
33183
33217
33248
33312
33364
33435
33507
33541
33561
33564
33583
33662
33730
33742
33851
33933
33933
33938
33994
34156
34234
34213
34183
34274
34318
34276
34328
34375
34337
34402
34410
34400
34404
34473
34517
34555
34467
34438
34471
34480
34511
34557
34587
34620
34645
34648
34727
34826
34833
34851
34900
34986
35024
35091
35127
35150
35240
35360
35435
35501
35532
35645
35732
35774
35805
35889
36019
35667
36240
36263
36358
36500
36557
36633
36671
36765
36835
36858
36895
36910
36994
37082
37070
37125
37167
37225
37225
37206
37255
37225
37240
37206
37164
37188
37213
37198
37190
37211
37211
37246
37236
37137
37171
37160
37148
37087
37061
37104
37093
37015
36982
37022
37013
37038
37104
37083
37080
37038
37049
37051
37017
37020
37051
37045
37055
37040
37051
37047
37038
36994
36994
37059
37074
37053
37146
37036
36988
37009
37026
37034
37080
36645
37187
37167
37179
37187
37211
37221
37255
37251
37303
37366
37351
37364
37406
37477
37513
37576
37551
37135
37721
37763
37748
37770
37791
37887
37986
38076
38583
38135
38217
38272
38299
38400
38383
38360
38423
38366
38379
38463
38530
38538
38515
38574
38629
38677
38748
38770
38793
38805
38896
38906
38948
38931
38973
39038
39103
39108
39120
39173
39257
39324
39362
39395
39459
39488
39564
39648
39656
39732
39778
39858
39898
39916
39946
39979
39994
40074
40156
40209
40194
40146
40188
40303
40379
40351
40381
40417
40446
40419
40482
40543
40530
40515
40501
40488
40515
40486
40494
40505
40538
40536
40519
40480
40461
40492
40479
40437
40398
40417
40356
40305
40272
40225
40253
40227
40208
40183
40185
40219
40236
40282
40282
40250
40242
40240
40263
40270
40267
40305
40343
40374
40356
40372
40383
40381
40358
40379
40364
40353
40345
40316
40312
40345
40379
40354
40433
40458
40526
40061
40557
40561
40538
40538
40528
40503
40452
40417
40442
40402
40408
40354
40368
40358
40366
40337
40345
40364
40353
40343
40375
40370
40375
40410
40450
40458
40454
40459
40068
40650
40627
40622
40662
40711
40748
40793
40921
41005
41106
41135
41131
41114
41137
41139
41116
41104
41154
41097
41041
41030
41049
40992
40940
40898
40818
40729
40612
40404
40251
40209
40089
39937
39687
