26110
26124
26187
26192
26246
26297
26272
26225
26368
26452
26396
26423
26427
26465
26562
26662
26648
26646
26643
26706
26746
26790
26908
26912
26885
26910
27022
27057
27095
27122
27188
27171
27164
27194
27177
27169
27208
27129
27089
27066
27118
27101
27085
27040
27028
26799
26692
26727
26950
27051
27003
26927
26742
26591
26597
26570
26517
26444
26858
26314
26215
26164
26070
26000
25938
25923
25835
25772
25732
25740
25769
25730
25736
25732
25631
25568
25578
25557
25633
25669
25696
25704
25727
25757
25742
25748
25805
25868
25919
25946
25942
25958
26017
26116
26219
26309
26354
26408
26469
26505
26547
26606
26666
26713
26769
26799
26835
26881
26958
27041
27104
27162
27240
26874
27486
27538
27591
27664
27774
27916
28026
28085
28124
28192
28286
28377
28473
28536
28597
28698
28790
28854
28887
28946
29020
29059
29106
29198
29311
29372
29410
29488
29582
29618
29652
29692
29755
29820
29877
29938
29990
30043
30099
30145
30158
30148
30183
30217
30282
30343
30354
30353
30354
30343
30402
30469
30513
30545
30622
30660
30681
30713
30753
30786
30801
30750
30711
30736
30774
30770
30765
30774
30858
30929
30952
30923
30912
30958
31013
31085
31062
31022
31064
31120
31187
31167
31141
31162
31240
31270
31280
31248
31250
31282
31328
31370
31387
31387
31391
31412
31438
31442
31427
31448
31479
31528
31555
31526
31498
31538
31576
31583
31576
31603
31666
31730
31759
31765
31788
31835
31862
31912
31927
32009
32093
32139
32152
32187
32253
32326
32372
32435
32513
32561
32597
32624
32635
32658
32635
32589
32589
32643
32725
32795
32849
32921
32982
32971
32958
32898
32856
32874
32877
32853
32849
32853
32891
32931
32973
33003
33028
33049
33019
33009
32994
33007
33005
32979
32958
32958
32935
32933
32851
33204
32624
32593
32595
32614
32629
32648
32671
32669
32622
32595
32589
32631
32652
32658
32664
32666
32671
32677
32715
32835
33001
33131
32744
33272
33690
33007
32652
32335
31980
31717
31601
31517
31484
31421
31379
31360
31362
31379
31364
31746
31160
31135
31106
31034
30984
30961
30917
30847
30791
30748
30641
30526
30427
30374
30332
30769
30213
30190
30135
30038
29965
29914
29872
29803
29721
29599
29543
29519
29477
29404
29324
29257
29196
29139
29062
29015
28977
28881
28833
28801
28778
28761
28687
28599
28490
28417
28404
28353
28290
28229
28148
28064
28028
28005
27933
27860
27822
27791
27744
27673
27635
27608
27570
27524
27494
27465
27843
27265
27158
27116
27099
27080
27019
27001
26948
27351
26816
26788
26761
26667
26591
26530
26471
26854
26265
26167
26080
26028
25975
25940
25893
25784
25698
25629
25541
25459
25389
25333
25309
25293
25188
25146
25125
25049
24967
25396
24858
24856
24826
24772
24696
24635
24606
24576
24498
24440
24395
24383
24396
24370
24345
24337
24324
24278
24250
24198
24167
24141
24099
24043
24003
24049
24083
24072
24057
24059
24032
23990
23979
23982
24011
24041
24034
24011
23998
23977
23973
24005
24041
24020
24030
24032
24026
24036
24045
24057
24099
24148
24198
24206
24227
24250
24255
24259
24259
24269
24276
24299
24335
24314
24284
24263
24269
24290
24257
24238
24248
24204
24158
24129
24074
24020
23975
23954
23940
24425
23906
23833
23784
23742
23721
23675
23578
23530
23484
23375
23278
23242
23173
23022
22914
22843
22805
22740
22639
22538
22448
22377
22324
22259
22196
22129
22038
21963
21914
21860
21791
21717
21646
21582
21540
21475
21389
21383
21332
21278
21240
21179
21133
21076
21013
20944
20931
20929
20927
20919
20908
20866
20824
20795
20778
20759
20690
20648
20656
20698
20759
20770
20776
20757
20736
20709
20729
20761
20828
20870
20853
20870
20887
20877
20904
20925
20940
20946
20992
21059
21122
21127
21146
21162
21143
21122
21156
21196
21257
21341
21345
21337
21351
21360
21360
21406
21417
21480
21540
21568
21610
21633
21669
21662
21652
21675
21704
21765
21818
21849
21833
21839
21866
21891
21917
21917
21872
21818
21811
21822
21854
21914
21963
22038
22103
22127
22108
22087
22036
21952
21862
21833
21845
21906
21986
22087
22188
22250
22269
22234
22211
22187
22120
22059
22022
21984
21919
21853
21818
21801
21782
21719
21637
21540
21446
21383
21349
21318
21290
21280
21276
21259
21242
21183
21152
21118
21099
21110
21080
21030
21017
21011
20948
20835
20757
20673
20641
20646
20631
20553
20490
20473
20458
20419
20387
20335
20286
20238
20246
20293
20305
20265
20177
20101
20051
20041
20024
19946
19879
19853
19851
19864
19874
19862
19822
19763
19753
19757
19740
19683
19618
20028
19509
19519
19492
19416
19339
19332
19305
19267
19223
19179
19135
19076
18986
18923
18889
18896
18856
18784
18784
18755
18656
18583
18501
18469
18444
18419
18368
18284
18230
18206
18208
18137
18066
18009
17954
17881
17872
17864
17797
17730
17650
17597
17561
17503
17391
17324
17257
17164
17110
17064
17000
16935
16854
16713
16620
16562
16520
16448
16347
16248
16162
16074
15988
15881
15767
15664
15524
15421
15374
15284
15631
15030
14902
14832
14723
14530
14351
14250
14131
14040
13954
13860
13696
13520
13322
13669
13080
12929
12751
12622
12473
12303
12690
12093
11973
11816
11616
11431
11286
11146
10998
10872
11223
10561
10429
10326
10206
10020
9872
9738
9591
9479
9383
9290
9145
8984
8845
8694
8622
8500
8402
8301
8171
8049
7963
7826
7677
7585
7496
7375
7263
7166
7118
7078
7017
6902
6803
6723
6645
6589
6511
6448
6377
6299
6261
6177
6104
6036
5980
5919
5881
5833
5801
5807
5776
5742
5690
5664
5601
5574
5606
5553
5461
5391
5330
5351
5370
5370
5375
5854
5290
5248
5223
5236
5265
5272
5282
5251
5217
5219
5234
5206
5160
5127
5091
5103
5118
5124
5148
5167
5141
5101
5083
5097
5148
5141
5135
5131
5148
5166
5166
5120
5097
5122
5139
5162
5204
5192
5158
5133
5112
5129
5141
5167
5139
5148
5185
5230
5265
5274
5322
5341
5364
5370
5324
5291
5282
5280
5269
5280
5263
5261
5255
5263
5278
5293
5284
5301
5316
5341
5339
5345
5337
5303
5286
5316
5314
5307
5309
5303
5311
5284
5255
5261
5253
5269
5311
5343
5368
5374
5385
5421
5408
5389
5366
5362
5383
5860
5370
5419
5450
5473
5490
5482
5532
5549
5520
5475
5463
5498
5519
5564
5576
5534
5484
5435
5423
5435
5448
5490
5540
5568
5557
5532
5469
5427
5440
5442
5465
5488
5480
5452
5416
5427
5435
5412
5402
5417
5410
5417
5431
5469
5471
5477
5438
5408
5400
5374
5332
5288
5282
5299
5312
5307
5280
5303
5322
5297
5291
5251
5188
5192
5202
5200
5187
5185
5175
5204
5204
5209
5225
5192
5137
5089
5085
5066
5055
5074
5068
5154
5129
5106
5097
5118
5072
5083
5135
5137
5108
5087
5200
5248
5177
5208
5282
5278
5280
4895
5408
5368
5410
5473
5475
5505
5574
5635
5633
5616
5669
5786
5854
5874
5875
5877
5963
6030
6059
6129
6114
6158
6240
6267
6307
6377
6429
6408
6410
6477
6549
6540
6597
6631
6650
6725
6772
6811
6826
6906
6948
7022
7013
6990
6982
7078
7139
7217
7244
7211
7240
7263
7284
7288
6841
7368
7427
7517
7570
7564
7614
7641
7574
7629
7732
7757
7332
7916
7967
7998
8041
8070
8106
8169
8324
8314
8333
8416
8454
8461
8545
8612
8706
8765
8826
8874
8940
8988
9047
9150
9196
9255
9322
9391
9400
9425
9517
9612
9694
9750
9284
9826
9864
9866
9904
9988
10068
10158
10332
10456
10469
10486
10570
10595
10599
10656
10727
10872
11076
11175
10994
10820
10774
10811
10839
10793
10746
10772
10786
10709
10576
10490
10557
10656
10616
10568
10503
10395
10324
10374
10440
10500
10553
10643
10660
10583
10515
10456
10280
10030
9645
8104
8051
8362
9385
9368
9763
9152
8994
8883
8979
9145
9269
9311
9257
9062
9263
8589
8419
8229
7875
7345
7295
6568
6603
6671
6706
6704
6568
6272
6051
5910
5872
5772
5599
5433
5143
4937
4725
4559
4410
4269
4108
3929
3818
3683
3482
3240
3011
2843
2616
2358
2204
2089
1971
1854
1685
1940
1351
1246
1125
1057
919
788
683
492
387
236
36
-102
-241
-375
-407
-37
-674
-792
-844
-918
-1104
-1168
-1241
-1306
-1407
-1588
-1701
-1762
-1834
-1976
-2125
-2249
-2418
-2575
-2575
-2560
-2598
-2634
-2682
-2749
-2829
-2798
-2787
-2739
-2781
-2781
-2758
-2762
-2735
-2737
-2770
-2785
-2733
-2747
-2749
-2693
-2630
-2663
-2644
-2604
-2539
-2533
-2508
-2504
-2527
-2504
-2453
-2384
-2279
-2209
-2170
-2044
-1918
-1888
-1819
-1743
-1667
-1558
-1516
-1426
-1445
-1363
-1294
-1216
-1142
-1052
-949
-827
-718
-590
-978
-367
-220
-98
32
150
240
343
410
389
383
398
461
486
591
658
734
744
812
837
916
971
1049
1103
1137
1217
1290
1324
1372
1438
1520
1585
1662
1618
1549
1404
1341
1375
1377
1414
1486
1456
979
1480
1437
1458
1498
1543
1568
1549
1572
1583
1639
1677
1633
1566
1595
1646
1729
1784
1824
1862
1889
2022
2026
2070
2070
2143
2202
2318
2400
2484
2568
2631
2658
2715
2816
2916
3104
3183
3259
3417
3442
3446
3570
3809
3935
3914
3946
4093
4192
4332
4498
4687
4795
4416
5066
5204
5349
5461
5652
5818
5963
6141
6291
6440
6616
6774
6916
7028
7215
7358
7559
7807
7811
7887
8108
8270
8463
8574
8692
8917
9106
9278
9429
9498
9606
9809
9952
10150
10328
10513
10675
10782
10948
11154
11333
11492
11620
11786
11923
12097
12408
12578
12696
12847
13043
12736
13377
13597
13759
13910
14154
14312
14519
14694
14996
15288
15414
15604
15917
16229
16423
16664
16891
17137
17440
17750
18036
18362
18541
18791
19036
19356
19715
19988
20196
20446
20793
21051
21269
21458
21673
21952
22200
22400
22578
22727
22496
23198
23412
23564
23736
23471
24135
24318
24681
25005
25889
25698
25458
25501
25603
25732
25864
26066
26185
26242
26335
26480
26717
26381
27041
27160
27259
26885
27515
27648
27770
27851
27887
27971
28141
28261
28353
28408
28515
28648
28696
28774
28889
29019
29127
29253
29286
29400
29549
29620
29730
29841
29841
29900
30061
30219
29818
30387
30429
30490
30603
30307
30914
31041
31190
31240
31326
