37166
37133
37097
37043
36961
36895
36851
36828
36702
36708
36606
36589
36532
36467
36372
36229
36162
36108
36135
36091
35950
35929
35872
35847
35769
35681
35614
35652
36141
35520
35520
35480
35442
35406
35402
35448
35370
35431
35486
35580
35627
35645
35633
35738
35816
35835
35893
35980
35994
36005
36061
36072
35671
36257
36253
36259
36278
36339
36421
36465
36509
36574
36694
36700
36746
36826
36906
36994
37013
37091
37135
37206
37263
37261
37291
37328
37356
37438
37505
37526
37574
37572
37591
37129
37608
37610
37557
37530
37541
37454
37425
37467
37391
37280
37314
37353
37339
37345
37337
37311
37309
37377
37322
37244
37255
37190
37158
37141
37070
36986
36977
36906
36900
36830
36715
36742
36677
36570
36536
36435
36385
36295
36177
36167
36139
36020
35883
35847
35763
35603
35526
35471
35358
35209
35114
34982
34908
34809
34687
34595
34507
34513
34471
34372
34328
34282
34253
34238
34232
34223
34683
34255
34353
34379
34412
34520
34683
34767
34847
34938
35001
35103
35223
35261
35316
35395
35465
35488
35513
35513
35482
35433
35438
35498
35593
35729
35799
35841
35883
35931
35887
35851
35830
35746
36139
35616
35494
35480
35562
35591
35620
35561
35404
35354
35290
35223
35177
35146
35041
35038
35020
34975
34952
34912
34889
34870
34791
34786
34790
34780
34708
34648
34700
34757
34727
34791
34811
34765
34746
34835
34862
34874
34904
34910
34988
34992
35022
35026
35030
35066
35055
35078
35148
35215
35234
35320
35360
35303
35358
35431
35473
35480
35549
35188
35729
35738
35811
35874
35906
35916
35956
35994
35998
35958
35925
35961
35996
35963
35944
35977
36017
35961
35933
35919
35977
35938
35927
35933
35940
35948
35923
35883
35923
35906
35872
35841
35820
35830
35826
35755
35765
35835
35828
35809
35818
35765
35801
35818
35820
35866
35866
35927
35948
35975
35954
35971
35979
35967
35904
35937
36036
36080
36070
36070
36045
36080
36087
36095
36127
36104
36097
36137
36135
36124
36108
36104
36072
36026
36064
36188
36253
36631
36169
36282
36269
36278
36354
36385
36437
36475
36559
36673
36748
36788
36797
36837
36956
37068
37200
37253
37303
37362
37437
37515
37543
37666
37723
37774
37839
37889
37961
37994
38068
38137
38166
38213
38219
38295
38301
38326
38360
38330
38318
38374
38435
38459
38486
38429
38423
38492
38561
38635
38650
38683
38721
38782
38767
38868
38895
38938
38908
38906
38954
39000
38996
38986
39000
38967
38937
38980
38990
38933
38910
38938
38952
38977
39040
39051
39022
38601
39087
39082
39108
39145
39131
39139
39177
39177
39137
39179
39211
