33019
33001
32952
32912
32931
32889
32881
32851
32839
32788
32759
32761
32814
32759
32786
32849
32895
32900
32849
32755
32246
32755
32805
32801
32742
32650
32654
32650
32656
32633
32564
32528
32496
32433
32375
32330
32259
32192
32141
32045
31961
31961
31843
31772
31652
31507
31417
31312
31744
31093
31148
31200
31118
31127
31188
31139
31009
30967
30929
30860
30786
30660
30517
30538
30477
30396
30324
30263
30093
29916
29889
29833
29669
29492
29778
28919
28589
28572
28694
28759
28698
28622
28572
28482
28225
28026
27900
27698
27444
27125
26929
26908
26851
26759
26477
26244
26053
25769
25555
25339
25145
25400
24664
24452
24187
24410
23660
23498
23251
22986
22614
22282
22450
21828
21700
21614
21540
21437
21379
21291
21156
21080
21480
20896
20805
20683
20559
20444
20290
20185
20082
19952
19862
19751
19635
19553
19496
19425
19385
19337
19267
19185
19187
19164
19089
19043
19030
19032
19040
19087
19139
19154
19169
19177
19152
19148
19127
19103
19064
19064
19059
19028
19017
19032
19047
19055
19066
19074
19076
19076
19064
19059
19087
19114
19082
19062
19055
19083
19114
19120
19110
19095
19076
19040
19007
18992
18950
18961
18982
18902
18847
18889
18910
18883
18875
18874
18807
18755
18719
18662
18580
18511
18471
18427
18374
18303
18242
18156
18110
18040
17975
17910
17843
17791
17751
17727
17702
17673
17601
17538
17503
17423
17381
17356
17309
17263
17177
17120
17080
16973
16853
16912
16927
16900
16809
16631
16404
16244
16156
16148
16139
16604
16108
16064
15990
15891
15830
15757
15700
15671
15677
15658
15656
15614
15524
15484
15448
15383
15335
15311
15291
15261
15219
15196
15158
15631
15112
15110
15068
15009
14973
14969
14952
14935
14925
14921
14923
14898
14874
14843
14782
14751
14763
14740
14729
14738
14709
14727
14774
14803
14793
14751
14742
14736
14748
14727
14727
14748
14770
14797
14793
14755
14755
14736
14713
14717
14685
14704
14685
14673
15141
14614
14568
14570
14578
14562
14500
14440
14393
14410
14410
14404
14360
14299
14272
14253
14263
14253
14240
14223
14236
14198
14124
14068
14036
14041
14040
14005
13963
13954
13940
13935
13900
13866
13845
13854
13858
13830
13788
13765
13746
13704
13673
13660
13614
13555
13492
13479
13463
13398
13322
13288
13253
13234
13204
13158
13091
13043
13019
12990
12937
12889
12851
12788
12746
12706
12610
12520
12498
12463
12404
12330
12274
12232
12167
12085
12049
11988
11935
11853
11782
11723
11664
11637
11614
11513
11425
11362
11284
11240
11209
11192
11141
11103
11041
10980
10954
10940
10921
10889
10824
10748
10679
10604
10545
10576
10549
10463
10354
10312
10259
10242
10202
10162
10093
10003
9874
9837
9822
9757
9709
9675
9643
9587
9505
9433
9404
9343
9290
9219
9135
9080
9013
8925
8805
8683
8645
8582
8511
8440
8381
8784
8167
8093
8019
7965
7921
7854
7770
7645
7528
7419
7803
7215
7125
7057
6965
6854
6730
6622
6467
6370
6324
6251
6139
6026
5925
5843
5767
5645
5541
5490
5417
5341
5265
5154
5055
4980
4940
4866
4807
4753
4687
4608
4545
4427
4362
4295
4209
4158
4101
4080
4064
4020
3919
3870
3837
3818
3793
3788
3738
3669
3616
3587
3553
3473
3383
3347
3364
3393
3389
3366
3341
3314
3293
3267
3248
3229
3227
3253
3221
3177
3171
3188
3196
3171
3173
3175
3158
3131
3116
3116
3125
3103
3072
3083
3116
3125
3127
3101
3061
3043
3040
3062
3055
3041
3061
3091
3108
3124
3093
3070
3053
3072
3104
3148
3167
3185
3146
3097
3118
3179
3215
3229
3248
3270
3297
3293
3311
3379
3417
3446
3463
3465
3486
3530
3583
3624
3614
3660
3730
3776
3853
3883
3419
3937
4000
4020
4032
4045
4085
4099
4118
4146
4173
4166
4206
4251
4299
4312
4293
4309
4324
4347
4375
4406
4408
4387
4358
4337
4337
4343
4339
4312
4314
4343
4402
4396
4364
4349
4385
4427
4431
4408
4414
4498
4536
4519
4484
4484
4480
4469
4433
4421
4425
4423
4438
4486
4517
4486
4419
4349
4309
4326
4354
4370
4368
4385
4362
4295
4253
4219
4215
4196
4223
4244
4265
4227
4169
4177
4139
4106
4062
4047
4051
4053
4041
3986
3912
3896
3912
3927
3916
3898
3877
3837
3776
3740
3734
3685
3633
3631
3625
3637
3599
3530
3465
3404
3337
3291
3297
3284
3185
3097
3053
3057
3064
3000
3417
2879
2805
2742
2706
2631
2616
2591
2541
2456
2400
2354
2318
2246
2127
2057
2026
2013
2437
1877
1822
1784
1755
1698
1633
1568
1513
1482
1444
1379
1299
1250
1209
1156
1116
1064
984
919
856
812
790
793
755
690
583
515
438
339
291
267
213
175
145
64
-46
-117
-189
-256
-283
-334
-392
-480
-512
-571
-625
-659
-697
-709
-733
-798
-876
-903
-924
-968
-997
-1029
-1092
-1151
-1203
-1207
-1224
-1302
-1388
-1422
-1447
-985
-1541
-1573
-1537
-1539
-1558
-1552
-1552
-1567
-1562
-1565
-1621
-1693
-1705
-1703
-1701
-1701
-1693
-1712
-1752
-1791
-1760
-1779
-1791
-1783
-1756
-1728
-1644
-1581
-1562
-1584
-1625
-1644
-1647
-1636
-1590
-1531
-1487
-1441
-1417
-1426
-1426
-1413
-1409
-1373
-1300
-1270
-1228
-1199
-1146
-1073
-980
-951
-936
-892
-812
-747
-758
-752
-720
-663
-602
-537
-972
-418
-363
-361
-325
-239
-210
-176
-92
-489
45
78
127
196
251
299
322
372
450
505
568
614
645
704
763
780
814
824
814
826
893
952
1036
1080
1091
1135
1127
1116
1135
1225
1274
1301
1349
1379
1406
1440
1461
1494
1536
1566
1583
1639
1667
1658
1692
1765
1851
1896
1900
1895
1910
1950
2019
2118
2148
2164
2173
2158
2179
2251
2297
2291
2316
2356
2433
2488
2532
2553
2572
2618
2624
2683
2750
2822
2854
2881
2946
3000
3043
3064
3085
3127
3209
3253
3316
3354
3375
3437
3469
3517
3566
3589
3597
3603
3662
3696
3759
3765
3772
3788
3833
3839
3841
3835
3814
3795
3757
3786
3788
3809
3845
3862
3822
3797
3782
3753
3715
3704
3717
3702
3656
3669
3687
3652
3574
3528
3507
3482
3446
3349
3251
3211
3166
3124
3082
3032
3005
3007
2982
2937
2872
2807
2801
2824
2782
2683
2620
2583
2564
2534
2484
2404
2343
2257
2213
2204
2185
2162
2125
2066
1965
1887
1824
1736
1688
1610
1541
1479
1412
1364
1333
1318
1293
1257
1179
1082
1032
959
914
868
807
750
679
587
532
503
475
448
406
389
374
372
339
267
187
97
1
-98
-186
-256
-315
-336
-323
-310
-283
-333
-426
-636
-852
-970
-1063
-1186
-1258
-1319
-1361
-1399
-1438
-1502
-1548
-1615
-1682
-1733
-1756
-1785
-1823
-1815
-1815
-1787
-1787
-1787
-1787
-1802
-1810
-1802
-1823
-1873
-1922
-1978
-2048
-2210
-2264
-2331
-2485
-2623
-2695
-2741
-2829
-2451
-3060
-3111
-3252
-3350
-3474
-3546
-3623
-3733
-3821
-3873
-4039
-4119
-4243
-4291
-4275
-4317
-4346
-4432
-4592
-4667
-4621
-4575
-4642
-4661
-4709
-4762
-4768
-4737
-4720
-4607
-4531
-4481
-4436
-4413
-4348
-4323
-4226
-4123
-4044
-3981
-3861
-3768
-3649
-3472
-3329
-3136
-2876
-2667
-2531
-2312
-2130
-1903
-1644
-1430
-1161
-980
-773
-959
-205
-480
229
417
658
923
1167
1419
1616
1824
2114
2393
2595
2830
3057
3240
3391
3603
3854
4032
4204
3916
4612
4723
4870
5061
5236
5370
5557
5671
5820
5958
6106
6221
6381
6425
6562
6729
6780
6870
6923
7057
7215
6839
7364
7480
7612
7656
7725
7883
7946
8005
8091
8175
8290
8324
8379
8459
8519
8580
8704
8812
8822
8864
8898
8992
9064
9103
9124
9192
9227
9299
9305
9326
9333
9383
9456
9448
9465
9526
9578
9543
9498
9557
9547
9564
9574
9625
9679
9624
9645
9685
9734
9694
9717
9793
9782
9772
9757
9725
9715
9744
9816
9790
9717
9688
9742
9851
10232
9667
9744
9803
9809
9782
9748
9734
9776
9750
9730
9736
9795
9799
9788
9790
9839
9868
9881
9868
9927
10005
10022
10015
9954
9967
10101
10164
10129
10183
10248
10349
10372
10375
10431
10515
10614
10662
10700
10782
10833
10809
10858
10891
10969
11061
11133
11213
11257
11356
11438
11467
11568
11679
11769
11791
11879
11984
12003
12083
12158
12263
12316
12375
12438
12536
12587
12656
12708
12786
12904
13038
13070
13095
13127
13227
13360
13417
13488
13223
13923
14122
14194
14248
14412
14448
14534
14169
14807
14875
14937
15020
15064
15095
15167
15236
15366
15391
15471
15559
15624
15685
15732
15746
15723
15692
15816
16017
16082
16015
15963
16082
16246
16368
16396
16406
16578
16719
16799
16879
16942
16950
17089
17238
17328
17404
17528
17604
17770
17883
17895
17954
17597
18166
18290
18368
18467
18545
18677
18805
18950
19085
19156
19280
19417
19494
19568
19694
19795
19889
20011
20118
20183
20284
20364
20383
20452
20488
20576
20723
20814
20864
20973
21055
21148
21204
21288
21383
21494
21603
21702
21839
21902
21505
22034
22091
22219
22362
21992
22622
22669
22746
22740
22757
22805
22849
22895
22919
22940
22935
22975
23003
22990
22986
22965
22994
23070
23125
23221
23270
23301
23335
23354
23374
23370
23423
23503
23564
23601
23610
23643
23671
23715
23704
23694
23767
23801
23791
23858
23822
23822
23845
23908
23868
23875
23975
24026
23996
23979
24015
24032
24064
24089
24156
24229
24206
24200
24230
24234
24244
24295
24312
24347
24416
24370
24332
24356
24362
23946
24467
24404
24417
24417
24437
24437
24448
24435
24419
24377
24400
24429
24396
24391
24333
24311
24364
24349
24305
24295
24311
24316
24270
24253
24293
24280
24219
24190
24211
24234
24244
24221
24280
24250
24204
24188
24185
24103
24083
24070
24032
23988
23984
24416
23862
23837
23837
23797
23799
23767
23751
23727
23694
23658
23635
23618
23585
23526
23935
23400
23408
23423
23387
23333
23270
23267
23229
23236
23190
23160
23116
23120
23104
23045
23024
23009
22994
22961
22937
22950
23001
23024
23028
23013
23057
23045
23051
23041
23032
23049
23020
23040
23024
23045
23013
22954
22958
22992
23015
22986
22988
22969
22986
22963
22952
22942
22971
23040
23001
22917
22895
22929
23019
23026
