32242
31780
31843
31937
31933
31919
31940
32053
32089
32120
32179
32190
32192
32265
32307
32333
32381
32417
32496
32610
32744
32692
32694
32770
32822
32902
32942
32992
33070
33156
32738
33293
33375
33435
33467
33545
33612
33629
33681
33763
33812
33862
33946
33998
34103
34108
34150
33711
34248
34221
34270
34324
34351
34347
34396
34402
34404
34393
34395
34480
34452
34448
34442
34437
34395
34324
34251
34259
34259
34685
34152
34127
34141
34118
34101
34030
33967
34007
34068
34099
34070
34099
34120
34062
34072
34127
34087
34036
33990
34019
34000
33938
33881
33788
33761
33729
33654
33496
33425
33408
33354
33227
33166
33250
33244
33221
33137
33047
33055
33038
32977
32916
32933
32910
32868
32866
32868
32889
32912
32917
32910
32874
32853
32937
32982
32971
32975
33007
33001
33022
33070
33080
33099
33116
33114
33154
33192
33177
33248
33324
33364
33370
33435
33477
33568
33599
33683
33750
33841
33938
34043
34103
34150
34143
34240
34282
34389
34444
34414
34421
34461
34480
34461
34509
34543
34532
34536
34576
34593
34612
34616
34616
34679
34746
34757
34784
34853
34837
34872
34839
34891
34933
35009
35062
35110
35152
35206
35202
35246
35316
35343
35440
35503
35538
35633
35729
35782
35851
35942
36028
36112
36194
36305
36396
36459
36520
36633
36746
36847
36925
36994
37171
37305
37349
37421
37467
37538
37141
37660
37685
37784
37889
37965
38026
38072
38089
38154
38263
38406
38454
38473
38515
38666
38641
38696
38751
38830
38843
38877
38935
38933
38975
39076
39074
39097
39112
39146
39146
39213
39263
39305
39255
39244
39234
39263
39278
39278
39255
39244
39303
39265
39221
39179
39141
39089
39034
39020
38994
38967
38963
38917
38833
38818
38862
38769
38748
38715
38648
38528
38433
38442
38387
38295
38169
38108
38051
37917
37774
37633
37507
37416
37322
37202
37047
36942
36816
36713
36555
36423
36335
36265
36270
36169
36061
36000
36000
36074
36167
36024
35860
35847
35824
35812
35904
35910
35895
35799
35769
35833
35902
36017
36043
36040
36087
36082
36122
36215
36129
33759
33583
33874
34639
35208
35681
36261
36471
36545
36488
36185
35895
35816
35812
35866
35980
35992
35975
35908
35786
35648
35511
35396
35444
35360
35251
35188
35185
35196
35076
35040
35013
35038
35034
35028
35068
35041
35074
35116
35085
35158
35255
35286
35374
35448
35618
35732
35837
35931
36057
36208
36253
36272
36444
36635
36839
37020
37225
37480
37713
37889
38062
38173
38333
38406
38576
38761
38864
39013
39122
39259
39410
39549
39486
39093
39709
39843
40001
40171
40311
40396
40479
40618
40732
40816
