33522
33528
33452
33377
33280
33211
33242
33295
33276
33236
33221
33185
32759
33326
33305
33353
33374
33368
33511
33627
33702
33780
33879
33958
34026
34051
34133
34276
34391
34490
34559
34660
34732
34748
34833
34923
34980
35038
35080
35110
35141
34692
35316
35377
35322
35324
35404
35408
35461
35555
35612
35188
35729
35786
35849
35979
35975
36024
36106
36198
36280
36362
36496
36583
36629
36662
36736
36841
36904
36961
36959
37040
37187
37202
37190
37250
37307
37414
37419
37479
37561
37650
37677
37711
37730
37732
37801
37812
37763
37774
37824
37868
37862
37791
37820
37851
37824
37814
37706
37725
37706
37664
37650
37652
37625
37639
37580
37526
37488
37505
37505
37559
37517
37484
37520
37467
37444
37469
37509
37479
37488
37467
37515
37526
37532
37507
37522
37141
37706
37717
37776
37837
37898
37906
37980
38083
38162
38158
38166
38257
38353
38347
38414
38471
38522
38612
38627
38624
38685
38788
38868
38931
39003
39091
39181
39244
39312
39347
39381
39511
39494
39486
39106
39723
39788
39791
39816
39839
39889
39912
39910
39967
39986
40000
39578
40091
40171
40145
40103
40166
40194
40187
40206
40225
40236
40261
40250
40320
40324
40307
40278
40259
40272
40244
40227
40204
40185
40187
40141
40068
40124
40124
40093
40543
40022
39952
39874
39891
39891
39879
39854
39797
39660
39669
39667
39591
39517
39442
39423
39349
39257
39198
39154
39095
38969
38938
38851
38721
38633
38524
38410
38318
38269
38187
38083
37948
37832
37769
38101
37482
37354
37290
37238
37582
36931
36881
36799
36717
36608
36417
36354
36238
36110
35942
35895
35776
36150
35601
35498
35429
35223
35166
35097
34937
34807
34643
34496
34375
34662
34028
33984
33935
33826
33770
33671
33614
33610
33520
33520
33446
33295
33154
33076
32914
32814
32711
32601
32509
32435
32326
32251
32169
32024
31992
31875
32242
31715
31675
31624
31578
31496
31473
31469
31463
31375
31341
31320
31274
31265
30778
31246
31282
31278
31324
31322
31280
31265
31221
31219
31202
31206
31204
31152
31118
31095
31003
30956
30954
30870
30734
30667
30667
30616
30475
30402
30364
30320
30244
30114
30095
29992
29916
29853
29828
29704
29627
29583
29557
29385
29267
29152
29013
28927
28887
28833
28797
28801
28841
28881
28875
29017
29103
29192
29291
29377
29480
29622
29793
29937
30078
30255
30303
30458
30618
30799
30916
31064
31244
31337
31486
31656
31274
31874
32013
32183
32318
32364
32412
32469
32610
32246
32828
32881
32927
32977
33053
33213
33248
33276
33330
33438
33507
33568
33591
33639
33229
33763
33759
33769
33862
33910
33950
