7387
7343
7272
7188
7085
6988
7020
6971
6881
6830
6753
6698
6643
6534
6402
6374
6328
6267
6213
6135
6045
6051
6028
5914
5902
5847
5799
5797
5719
5637
5625
5610
5582
5517
5400
5341
5269
5175
5179
5061
5000
4910
4759
4604
4561
4520
4366
4206
4152
4032
3958
3812
3708
3568
3437
3431
3265
3080
3408
2782
2721
2585
2454
2341
2282
2070
1923
1839
1637
1465
1312
1185
1005
797
692
555
458
366
175
28
-71
-207
-287
-325
-439
-584
-682
-684
-718
-768
-825
-890
-938
-978
-1018
-1037
-1065
-1098
-1140
-1186
-1210
-1235
-1268
-1317
-1365
-1418
-985
-1512
-1535
-1567
-1563
-1546
-1546
-1609
-1647
-1670
-1726
-1764
-1745
-1743
-1777
-1836
-1878
-1873
-1878
-1878
-1886
-1897
-1951
-1968
-1983
-1959
-1932
-1922
-1894
-1896
-1938
-1989
-1995
-1978
-2441
-1955
-1970
-1943
-1907
-1901
-1894
-1936
-1974
-1966
-1951
-1938
-1938
-1936
-1928
-1892
-1890
-1934
-1470
-1936
-1890
-1865
-1875
-1890
-1911
-1939
-1922
-1918
-1939
-1959
-1941
-1899
-1890
-1917
-1905
-1901
-1907
-1886
-1855
-1838
-1840
-1850
-1829
-1812
-1800
-1756
-1716
-1695
-1703
-1686
-1686
-1686
-1674
-1674
-1653
-1621
-1581
-1556
-1533
-1533
-1541
-1512
-1472
-1432
-1396
-1384
-1392
-1407
-1394
-1359
-1315
-1281
-1237
-1243
-1270
-1266
-1230
-1195
-1180
-1199
-1203
-1182
-1144
-1086
-1035
-1014
-997
-1023
-1008
-938
-882
-850
-836
-762
-684
-663
-636
-628
-605
-625
-625
-625
-514
-430
-396
-384
-359
-334
-323
-306
-264
-254
-216
-147
-123
-109
-83
-46
-4
11
22
26
45
70
106
173
230
250
242
274
309
295
314
333
358
391
410
429
440
454
522
580
591
583
555
561
604
658
685
677
725
738
736
763
736
738
803
860
870
858
847
860
870
904
929
946
919
919
942
965
996
1034
1045
1047
1062
1078
1085
1066
1072
1078
1087
1133
1145
1204
1227
1208
1188
1190
1196
1211
1230
1213
1198
1234
1345
1393
1366
1337
1362
1417
1446
1473
1461
979
1496
1490
1463
1471
1479
1477
1482
1513
1530
1559
1587
1585
1604
1608
1603
1624
1618
1580
1559
1574
1612
1645
1656
1627
1606
1618
1633
1671
1708
1734
1755
1767
1753
1786
1788
1782
1776
1763
1755
1778
1856
1933
1923
1895
1898
1902
1914
1917
1465
2007
2038
2068
2089
2099
2097
2093
2082
2089
2129
2179
2221
2188
2156
2103
2082
2097
2135
2171
2215
2208
2198
2211
2206
2209
2232
2253
2246
2238
2251
2255
2238
2200
2188
2215
2250
2230
2225
2267
2270
2272
2257
2276
2305
2293
2265
2276
2297
2324
2324
2314
2314
2312
2353
2351
2337
2322
2345
2341
2379
2433
2467
2492
2505
2482
2492
2524
2570
2635
2652
2660
2688
2734
2767
2786
2837
2862
2889
2904
2902
2927
2954
2994
3043
3076
3122
3141
3192
3209
3230
3219
3251
3267
3293
3351
3354
3341
3339
3328
3351
3395
3463
3498
3534
3549
3597
3671
3692
3706
3757
3801
3803
3801
3853
3929
3961
4013
4061
4095
4173
4248
4276
4291
4337
4448
4515
4526
4519
4564
4639
4786
4406
4935
4969
5034
5093
5169
5244
5328
5402
5438
5477
5522
5595
5736
5811
5381
5958
6034
6074
6145
6259
6337
6437
6501
6557
6612
6671
6717
6807
6874
6916
6986
7051
7116
7188
7244
7309
7402
7490
7562
7583
7622
7704
7788
7881
7963
8053
8085
8120
8160
8192
8225
8297
8387
8427
8461
8526
8585
8627
8660
8692
8772
8795
8812
8853
8921
8965
9007
9015
9055
9055
9085
9110
9110
9162
9211
9238
9255
9269
9288
9341
9450
9486
9477
9469
9479
9515
9551
9582
9616
9667
9704
9725
9788
9835
9879
9946
10015
10030
10099
10162
10188
10229
10265
10272
10274
10314
10337
10381
10417
10442
10486
10532
10555
10541
10572
10612
10625
10637
10658
10730
10769
10822
10843
10837
10853
10906
10967
11013
11070
11101
11162
11190
11192
11248
11335
11404
11433
11425
11467
11511
11583
11687
11761
11786
11770
11790
11814
11891
11954
11977
12026
12125
12194
12259
12269
12335
12412
12471
12503
12519
12561
12608
12679
12725
12753
12788
12816
12875
12990
13120
13209
13335
13395
13412
13347
13654
13005
12864
12833
12927
13080
13202
13290
13406
13465
13494
13517
13540
13593
13627
13648
13698
13782
13816
13860
13950
14040
14124
14219
14295
14351
14412
14429
14452
14501
14572
14624
14692
14732
14780
14843
14887
14921
14998
15057
15085
15108
15194
15284
15345
15387
15400
15383
15417
15484
15536
15578
15566
15551
15585
15706
15765
15767
15736
15727
15744
15778
15780
15797
15822
15875
15908
15938
15961
15954
15954
16022
16070
16093
16078
16108
16173
16217
16232
16242
16240
16257
16263
16299
16356
16356
16353
16368
16389
16433
16479
16515
16511
16530
16580
16582
16604
16654
16683
16717
16700
16683
16727
16774
16807
16856
16927
16929
16908
16893
16912
16933
16959
16996
17024
17003
17024
17020
17005
17040
17093
17110
17103
17091
17114
17141
17179
17209
17230
17232
17290
17299
17272
17265
17280
17309
17358
17396
17442
17492
17519
17540
17576
17652
17706
17757
17799
17832
17870
17929
17963
17977
17998
18053
18131
18183
18253
18375
18444
18490
18583
18662
18727
18786
18856
18973
19101
19156
19215
19267
19341
19498
19641
19750
19824
19854
19948
20078
20185
20349
20475
20543
20633
20753
20887
21059
21198
21311
21425
21545
21646
21788
21910
22022
22173
22274
22396
22513
22620
22748
22881
23003
23152
23257
23395
23505
23624
23757
23862
24001
24135
24209
24324
24385
24469
24553
24633
24740
24809
24904
25030
25120
25194
25284
25377
25429
25566
25685
25757
25793
25839
25406
25996
26093
26173
26269
26328
25900
26465
26534
26633
26774
26851
26921
27000
27076
27167
27229
27253
27290
27374
27467
27551
27616
27685
27744
27797
27826
27872
27940
27994
28055
28127
28232
28242
28282
28347
28427
28477
28530
28587
28664
28709
28755
28795
28854
28937
28992
29062
29125
29158
29192
29208
29217
29270
29343
29383
29438
29505
29553
29599
29643
29708
29772
29824
29879
29927
29969
30005
30036
30087
30150
30206
30307
30333
30431
30511
30568
30627
30622
30635
30734
30828
30885
30910
30937
30977
30982
31007
31076
31160
31213
31265
31280
31314
31345
31395
31458
31482
31486
31492
31543
31604
31662
31719
31790
31860
31916
31944
31998
32026
32034
32051
32112
32146
32133
32177
32282
32396
32477
32501
32509
32580
32633
32692
32717
32790
32820
32835
32856
32862
32845
32875
32969
33030
33072
33118
33135
33145
33152
33196
33263
33301
33345
33379
33479
33490
33482
33549
33559
33532
33549
33545
33610
33673
33687
33750
33734
33709
33698
33730
33755
33742
33767
33803
33801
33807
33803
33770
33809
33824
33856
33860
33818
33839
33921
33925
33944
33994
33967
33896
33967
33959
33906
33908
33921
33923
33973
34015
34028
34045
34070
34064
34076
34093
34133
34192
33711
34232
34303
34332
34291
34255
34311
34408
34437
34477
34515
34572
34543
34589
34660
34753
34769
34786
34828
34908
34971
35013
35078
35030
35061
35135
35131
35112
35171
35219
35278
35270
35274
35356
35389
35343
35385
35484
35469
35389
35372
35402
35368
35402
35456
35402
35471
35517
35530
35486
35473
35492
35564
35633
35780
35933
35742
35309
35120
35150
35270
35295
35305
35284
35274
35288
35335
35425
35490
35482
35540
35599
35631
35629
35652
35719
35776
35803
35811
35812
35870
35946
35929
35959
36043
36097
36076
36129
36173
36143
36082
36125
36225
36238
36211
36223
36227
36171
36169
36192
36217
36257
36246
36261
36261
36229
36208
36177
36141
36190
36152
36125
36097
36083
36041
35992
35925
35895
35841
35761
35715
35694
36146
35511
35459
35442
35381
35316
35267
35106
35051
35015
34887
34847
34805
34700
34631
34557
34437
34362
34305
34311
34288
34114
34019
34003
33942
33916
33868
33818
33755
33732
33648
33572
33511
33490
33406
33374
33295
33166
33129
33093
33034
32967
32917
32858
32698
32620
32585
32503
32379
32290
32255
32250
32200
32131
32038
32003
31952
31938
31864
32232
31723
31721
31660
31566
31463
31383
31333
31316
31305
31192
31070
31036
31049
31007
30919
30763
30669
30708
30681
30511
30423
30381
30362
30236
30154
30078
29996
29919
29832
29729
29616
29538
29459
29345
29225
29179
29066
28931
29299
28698
28622
28437
28370
28282
28166
28089
27988
27870
27755
27620
27517
27410
27274
27141
27026
26975
27343
26700
26503
26858
26261
26097
25944
25776
25538
25185
25379
24904
24984
24961
24879
24713
24458
24209
23973
23847
23669
23475
23293
23137
22998
22788
22551
22381
22194
21906
21530
21127
20799
20576
20396
20116
19916
19788
19658
19555
19410
19238
19026
18706
18438
18083
17734
17456
17227
16948
16719
16425
16192
16001
15925
15843
15736
15564
15427
15345
15270
15360
15372
15232
15019
14746
14562
14467
14354
14234
14064
13921
13736
13492
13265
13078
12860
12675
12498
12290
12097
11965
11944
11874
11744
11696
11717
11688
11618
11608
11604
11545
11520
11465
11431
11486
11461
11404
11328
11322
11335
11291
11290
11280
11223
11196
11192
11150
11068
11015
11011
10980
10942
10853
11217
10702
10643
10557
10513
10515
10461
10339
10156
10013
9898
9698
9467
9230
9354
9511
9423
9763
9169
9108
9034
8910
8826
8774
8633
8458
8396
8335
8246
8064
7935
7841
7734
7633
7568
7425
7288
7240
7187
7091
6986
6940
7320
6759
6721
6683
6667
6570
6484
6425
6370
6372
6335
6353
6316
6278
6278
6269
6318
6280
6272
6265
6291
6318
6316
6333
6320
6349
6429
6440
6408
6454
6536
6511
6524
6589
6606
6606
6675
6755
6755
6765
6356
6843
6351
6858
6849
6912
6912
6889
6872
6891
6849
6812
6727
6633
6618
6562
6507
6490
6398
6341
6286
6202
6028
6000
5956
6349
5738
5625
5538
5519
5454
5309
5194
5175
5194
5106
4961
4906
4841
4776
4667
4610
4505
4419
4272
4278
4173
4034
3937
3791
3671
3627
3488
3333
3251
3164
3095
3013
3001
2879
2761
2675
2694
2646
2606
2601
2511
2454
2377
2288
2223
2167
2158
2091
2416
1847
1820
1776
1677
1620
