32916
32910
32931
32906
32833
32833
32900
32877
32843
32803
32835
32791
32740
32725
32725
32706
32723
32692
32688
32654
32679
32599
32507
32534
32530
32461
32526
32540
32463
32458
32435
32412
32374
32421
32450
32450
32414
32427
32375
32438
32488
32433
32416
32435
32513
32580
32528
32486
32528
32578
32591
32601
32572
32501
32488
32486
32475
32480
32559
32564
32545
32543
32562
32568
32633
32635
32597
32587
32606
32543
32465
32471
32473
32498
32486
32488
32416
32484
32553
32538
32515
32520
32538
32496
32479
32534
32608
32673
32654
32690
32809
32845
32916
33007
32975
33093
33232
33312
33364
33419
33517
33585
33643
33225
33818
33895
33921
33994
34089
34101
34187
34234
34265
34291
34347
34364
34421
34486
34433
34435
34437
34463
34522
34541
34595
34576
34541
34526
34553
34574
34627
34652
34664
34675
34748
34759
34818
34883
34971
35005
35062
35146
35209
35362
35503
35488
35574
35688
35791
35921
36131
36198
36288
36446
36627
36706
36818
36889
37043
37089
37181
37379
37528
37669
37761
37860
38036
38190
38278
38414
38631
38725
38822
38975
38604
39122
39156
39227
39259
39219
39208
39230
39423
39479
39530
39660
39673
39770
39843
39914
39954
39929
39967
40034
40114
40169
40200
40297
40454
40505
40520
40597
40660
40721
40824
40969
41093
41517
41040
40994
40992
40549
40998
40963
40948
40902
40835
40727
40675
40564
41398
41131
40070
39902
40463
40704
40171
39935
40089
40112
39971
39809
39750
39690
39646
39572
39469
39395
39303
39217
39116
39022
39003
38868
38734
38639
38530
38372
38221
38194
38076
37938
37822
37698
37580
37433
37248
37137
37013
36877
36717
37124
36568
36490
36419
36358
36248
36221
36206
36202
36181
36188
36120
36101
36028
36013
36024
36017
36045
36022
36068
36139
36160
36141
36064
35982
35935
35908
35830
35875
35935
35887
35851
35912
35958
35940
35910
36020
36057
35938
35965
36028
36013
35938
35900
35904
35990
35946
35927
35942
35971
36000
36013
35975
36009
36032
36059
36064
36049
35996
35988
35998
36007
36038
35998
36028
36049
36072
36061
36032
36013
36000
35952
35944
35982
35948
35914
35900
35887
35837
35875
35856
35824
35837
35816
35835
35807
35772
35797
35811
35790
35776
35801
35812
35847
35898
35858
35828
35826
35864
35875
35881
35887
35898
35914
35895
35885
35979
35998
35944
35893
35881
35879
35929
35948
35948
35940
35916
35942
35961
35938
35931
35952
35965
35914
35931
35898
35919
35977
35902
35942
36007
36013
36070
36093
36150
36229
36248
36253
36301
36377
36482
36505
36570
36570
36580
36625
36704
36770
36786
36845
36906
36916
