8513
8646
8614
8648
8662
8704
8948
9125
9236
9309
9477
9658
9853
10045
10166
10356
10513
10683
10841
10998
11133
11290
11437
11574
11240
11982
12150
12303
12459
12582
12820
13040
12719
13360
13511
13211
13862
14049
14221
14333
14507
14167
14916
14656
15351
15461
15509
15561
15603
15723
15841
15971
16045
16181
16282
16440
16580
16746
16830
16889
16975
17087
17175
17288
17312
17433
17555
17656
17786
17841
17599
18419
18551
18395
18190
18192
18217
18242
18387
18500
18541
18681
18593
19274
19215
19097
18917
18858
18887
18950
18927
18925
18872
18925
19175
19490
19568
19656
19734
19755
19902
19986
20072
20166
20274
20339
20471
20461
20538
20629
20791
20906
21047
21097
21179
21284
21450
21551
21685
21889
22068
22204
22242
22261
22311
22368
22412
22435
22465
22555
22675
22765
22828
22895
23007
23095
23145
23202
23240
23242
23270
23345
22963
23545
23629
23704
23812
23858
23896
23452
24003
24083
24181
24263
24341
24375
24465
24589
24650
24675
24702
24700
24736
24826
24889
24929
24982
25099
25181
25251
25360
25433
25498
25553
25608
25633
25671
25759
25824
25912
25969
25994
26015
26070
26200
26328
26377
26383
26446
26530
26582
26662
26694
26677
26685
26696
26734
26845
26942
26998
27034
27082
27106
27133
27167
27156
27192
27238
27305
27379
27419
27475
27500
27536
27543
27580
27662
27715
27742
27759
27761
27811
27874
27933
27946
27973
28019
28034
28070
28112
28143
28188
28253
28305
28316
28328
28383
28446
28482
28492
28515
28538
28591
28664
28725
28757
28769
28805
28881
28954
29011
29053
29057
29072
29108
29175
29230
29303
29360
29414
29482
29543
29595
29646
29648
29666
29704
29744
29316
29860
29872
29914
29933
29992
30066
30104
30072
30061
30110
30198
30272
30330
30351
30332
30320
30366
30431
30459
30473
30492
30519
30545
30597
30627
30641
30685
30736
30751
30763
30801
30811
30856
30898
30944
31000
30984
30979
31024
31087
31129
31166
31190
31194
31225
31316
31398
31494
31583
31608
31595
31580
31599
31618
31635
31643
31677
31704
31732
31270
31776
31788
31847
31887
31904
31927
31938
31948
32020
32122
32177
32154
32099
32101
32150
32185
32209
32208
32227
32257
32267
32215
32200
32242
32280
32276
32255
32221
32253
32253
32244
32270
32290
32307
32328
32343
32314
32314
32301
32299
32351
32387
32395
32400
32375
32377
32412
32465
32471
32461
32433
32438
32459
32480
32498
32520
32517
32494
32500
32513
32501
32496
32492
32467
32467
32446
32440
32438
32450
32437
32389
32345
32295
32255
32265
32276
32253
32209
32188
32148
32101
32078
32047
31973
31933
31921
31862
31812
31788
32242
31690
31637
31601
31568
31511
31469
31421
31360
31356
31343
31742
31137
31059
30996
30975
30977
30937
30868
30843
30841
30791
30727
30702
30608
30511
30448
30435
30416
30377
30339
30320
30267
30206
30156
30116
30083
30038
30007
29958
29961
29931
29828
29814
29856
29891
29881
29822
29757
29746
29727
29721
29742
29763
29742
29744
29715
29667
29631
29690
29748
29790
29830
29891
29984
30187
30330
30381
30324
30248
30162
30122
30085
30068
30131
30175
30223
30246
30265
30288
30311
30326
30339
30377
30446
30520
30576
30610
30683
30715
30769
30854
30942
31007
31074
31112
31158
31230
31248
31278
31368
31408
31421
31469
31524
31582
31654
31711
31774
31774
31841
31990
32116
32194
32225
32204
32177
32190
32278
32398
32513
32591
32583
32625
32641
32683
32248
32780
32812
32891
32950
33007
33034
33059
33097
33156
33192
33240
33280
33295
33328
33374
33437
33534
33599
33641
33692
33717
33732
33763
33807
33862
33940
33992
34030
34062
34112
34152
34188
34261
34305
34335
34368
34360
34351
34349
34389
34440
34482
34532
34545
34519
34528
34547
34585
34595
34618
34633
34639
34606
34606
34616
34633
34616
34624
34616
34635
34660
34595
34564
34561
34595
34578
34570
34582
34517
34458
34475
34503
34494
34480
34467
34456
34448
34452
34438
34410
34387
34356
34297
34267
34261
34236
34240
34211
34198
34162
34118
34108
34057
33975
33895
33854
33839
33845
33839
33824
33812
33755
33700
33671
33645
33627
33608
33599
33578
33559
33530
33496
33442
33370
33335
33312
33276
33248
33708
33167
33143
33120
33072
33034
32980
32938
32921
32900
32849
32816
32801
32822
32832
32797
32704
32667
32639
32622
32585
32522
32454
32442
32433
32417
32385
32332
32276
32217
32187
32181
32177
32173
32150
32169
32167
32141
32127
32076
32045
31994
31910
31822
31732
31683
31679
31652
31549
31416
31324
31269
31240
31188
31108
30988
30853
30786
30713
30604
30549
30461
30349
30236
30106
29969
29891
29841
29818
29790
29692
29568
29486
29391
29278
29208
29106
29024
29001
28948
28830
28746
28725
28662
28599
28509
28391
28284
28181
28076
27961
27854
27751
27677
27564
27419
27322
27198
27091
27020
26931
26835
26755
26677
26612
26576
26528
26471
26419
26368
26330
26295
26259
26213
26160
26072
26032
26019
26017
25984
25906
25822
25761
25727
25677
25645
25618
25568
25549
25564
25603
25580
25505
25410
25393
25423
25417
25421
25419
25391
25330
25250
25209
25103
25026
24988
24937
24872
24828
24801
24734
24694
24650
24568
24498
24389
24276
24166
24041
23982
23902
23822
23706
23583
23473
23389
23324
23236
23152
23061
22887
22816
22753
22687
22645
22574
22410
22272
22211
22148
22082
22020
21937
21860
21835
21759
21660
21578
21536
21545
21583
21604
21534
21429
21316
21225
21133
21093
21053
21022
21032
21030
20973
20910
20843
20772
20706
20681
20627
20562
21003
20456
20433
20393
20349
20299
20219
20171
20141
20122
20080
20064
20051
19958
19864
19816
19774
19761
19791
19824
19847
19818
19755
19696
19688
19673
19652
19595
19582
19551
19517
19458
19406
19339
19332
19301
19244
19209
19198
19129
19076
19040
19013
18996
18959
18912
18872
18837
18770
18723
18713
18671
18641
18603
18566
18496
18442
18353
18316
18236
18118
18064
18003
17967
17929
17883
17803
17751
17732
17696
17645
18070
17540
17515
17473
17454
17417
17349
17267
17211
17177
17158
17125
17574
17020
16973
16902
16866
16828
16788
16746
16700
16643
16572
16501
16442
16398
16326
16272
16232
16232
16221
16236
16272
16267
16225
16146
16083
16041
15958
15833
15757
15637
15530
15435
15341
15416
15570
15711
15734
15669
15578
15530
15480
15366
15181
14969
14868
14845
14866
14870
14851
14830
14809
14753
14675
14639
14624
14625
14650
14664
14635
14595
14520
14442
14372
14335
14303
14297
14288
14232
14175
14152
14120
14061
13988
13937
13893
13828
13816
13818
13765
13696
13637
13597
13528
13494
13444
13364
13314
13270
13234
13669
13118
13013
12942
12914
12877
12847
12782
12681
12593
12519
12456
12423
12414
12375
12274
12183
12106
12064
11992
11889
11832
11740
11698
11667
11595
11492
11442
11385
11293
11211
11150
11062
10948
10853
10755
10688
10616
10482
10385
10276
10162
10097
10030
9914
9793
9685
9585
9526
9467
9431
9398
9303
9208
9108
8958
8877
8820
8715
8612
8503
8414
8358
8778
8167
7969
7767
7553
7389
7206
6998
6851
6597
6461
6833
6238
6062
5910
5750
5654
5601
5377
5007
4790
4616
4500
4326
4078
4385
3704
3354
3049
2896
2753
2667
2524
2417
2482
2576
2562
2500
2528
2557
2540
2461
2410
2333
2250
2145
2068
2041
2055
2028
1998
1977
1973
2038
2059
2057
2125
2211
2270
2305
2353
2433
2513
2625
2639
2679
2927
3000
3003
3053
3229
3305
3286
3297
3347
2935
3486
3568
3620
3685
3671
3757
3843
3853
3916
3952
4028
4049
4051
4135
4219
4314
4381
4435
4507
4561
4582
4648
4730
4729
4757
4770
4782
4744
4732
4751
4820
4770
4719
4753
4698
4679
4646
4595
4541
4492
4423
4412
4375
4312
4209
4122
4068
4091
4087
3948
3933
3914
3921
4393
3826
3757
3715
3690
3658
3709
3713
3633
3543
3536
3547
3505
3440
3906
3404
3438
3900
3322
3372
3391
3303
3267
3211
3188
3194
3143
3120
3099
3009
2954
2902
2904
2887
2824
2791
2763
2667
2673
2654
2612
2589
2545
2547
2553
2492
2458
2404
2368
2437
2421
2374
2318
2280
2236
2133
2078
2041
1967
1893
2022
1854
1772
1769
1835
1833
1725
1637
1604
1559
1520
1459
1398
1419
1429
1326
1311
1322
1318
1251
1200
1173
1217
1225
1187
1167
1198
1208
1232
1131
1099
1152
1208
1112
1070
1078
1131
1158
1133
1156
1110
1089
1120
1133
1169
1082
986
1059
1183
1114
1055
1127
1141
1103
1108
1124
1131
1196
1230
1173
1183
1202
1204
1137
1194
1196
1213
1230
1303
1316
1330
1396
1440
1507
1559
1597
1604
1652
1770
1841
1883
1923
1988
2049
2078
2156
2185
2238
2335
2427
2528
2541
2625
2713
2763
2814
2883
3001
3068
3141
3215
3263
3309
2937
3482
3551
3606
3744
3822
3851
3427
4005
4068
4148
4198
4250
4297
3933
4490
4519
4593
4629
4713
4864
4969
5034
5061
5101
5209
5316
5442
5562
5585
5664
5847
5980
5938
5990
6057
6181
6322
6396
6381
6459
6540
6624
6660
6721
6725
6761
6360
6919
6979
7026
7093
7187
7215
7282
7374
7412
7471
7570
7681
7738
7765
7765
7786
7328
7786
7828
7860
7805
7828
7858
7856
7744
7690
7702
7639
7654
7616
7551
7482
7395
7811
7244
7206
7101
6984
6948
6877
6784
6717
6547
6835
6120
5994
5938
5837
5883
6068
6162
6164
6230
6265
6250
6242
6259
6183
6129
6116
6059
6055
6131
6082
6024
6051
6062
6043
6015
5998
6066
6051
6061
6112
6146
6183
6188
6248
6230
6248
6286
6349
6387
6406
6435
6433
6547
6601
6650
6671
6669
6782
6801
6778
6801
6812
6370
6937
6931
6977
7047
7169
7251
7232
7219
7263
7408
7520
7570
7582
7748
7757
7809
7946
8091
8204
8295
8391
8490
8597
8734
8874
8923
9101
9209
9316
9484
9593
9666
9769
9877
9984
10133
10192
10351
10452
10522
10288
11011
11187
11305
11480
11587
11677
11797
11982
12166
12318
12503
12700
12853
12967
13116
13320
13484
13196
13824
13971
14196
14280
14467
14194
14828
14979
15062
15276
15454
15618
15809
15938
16017
15667
16293
16446
16700
16895
17082
17295
17503
17761
17950
18125
18282
18500
18692
18788
18566
19213
19293
19494
19641
19820
19587
20257
