47667
47774
47811
47854
47872
47917
47967
48043
48045
48057
48066
48082
48120
48198
48274
48305
48354
48385
48450
48505
48522
48519
48545
48570
48625
48675
48694
48721
48816
48908
48933
48904
48902
48923
48990
49062
49087
49101
49120
49129
49150
49198
49242
49293
49320
49421
49477
49505
49524
49566
49625
49675
49729
49765
49765
49795
49868
49921
49937
50001
50066
50118
50145
50122
50122
50171
50219
50272
50328
50356
50358
50366
50395
50475
50520
50545
50576
50585
50612
50633
50627
50610
50595
50608
50603
50589
50637
50679
50706
50702
50711
50732
50736
50742
50770
50786
50322
50868
50917
50927
50921
50952
51000
51038
51087
51070
51062
51040
50982
50914
50889
50912
50929
50923
50896
50862
50845
50791
50801
50797
50782
50778
50801
50843
50843
50837
50841
50877
50931
50956
50967
50988
50998
51040
51091
51181
51200
51162
51164
51177
51194
51204
51221
51229
51225
51232
51217
51194
51192
51238
51261
51229
51232
51257
51244
51227
51232
51227
51192
51179
51227
51227
51244
51242
51250
51244
51204
51171
51133
51112
51122
51162
51150
51076
51009
50988
50986
50952
50921
50906
50864
50849
50853
50856
50822
50788
50744
50711
50698
50675
50683
50698
50683
50654
50608
50564
50553
50545
50507
50473
50477
50448
50452
50444
50429
50379
50330
50330
50286
50236
50194
50133
50087
50064
50055
50026
50003
49948
49898
49875
49864
49881
49904
50318
49774
49765
49730
49744
49751
49706
49625
49582
49559
49555
49526
49501
49480
49433
49387
49362
49316
49280
49248
49198
49141
49114
49059
48988
48977
48950
48906
48891
48902
48854
48803
48715
48652
48624
48578
48517
48446
48396
48354
48320
48259
48154
48062
48011
47982
47959
47893
47839
47776
47704
47654
47583
47534
47540
47511
47461
47356
47276
47238
47177
47125
47064
46963
46864
46790
46713
46671
46666
46618
46522
46446
46341
46242
46179
46129
46066
45988
45942
45900
45879
45851
45845
45814
45730
45660
45591
45536
45545
45543
45513
45450
45343
45272
45246
45261
45244
45194
45112
45064
44986
44963
44917
44872
44822
44753
44708
44683
44667
44599
44505
44467
44406
44339
44288
44208
44145
44101
43984
43896
43809
43750
43683
43593
43519
43965
43437
43393
43326
43236
43181
43131
43028
42942
42914
42868
42837
42755
42700
42620
42503
42446
42416
42375
42333
42309
42265
42194
42125
42127
42106
42076
42020
42022
42000
41927
41919
41877
41845
41818
41795
41727
41709
41641
41526
41454
41383
41324
41267
41213
41181
41154
41101
40988
40902
40826
40763
40692
40618
40561
40513
40446
40366
40284
40188
40122
40061
39988
39944
39872
39742
39637
39572
39538
39484
39379
39263
39202
39162
39557
39000
38942
38870
38757
38597
38473
38400
38351
38276
38206
38127
38066
38001
37881
37805
37730
38104
37509
37417
37353
37263
37204
37608
37047
36942
36858
36845
36786
36675
36591
36500
36408
36387
36343
36326
36301
36257
36223
36194
36103
36061
36057
36009
35935
35902
35860
35847
35830
35837
35805
35744
35757
35774
35753
36135
35576
35530
35507
35492
35471
35465
35452
35431
35414
35366
35343
35333
35328
35332
35312
35295
35251
35238
35221
35236
35255
35242
35232
35198
35194
35652
35106
35093
35078
35080
35101
35083
35036
35020
35022
35009
35003
34969
34937
34910
34938
34950
34917
34881
34858
34837
34799
34780
34843
34900
34898
34895
34910
34908
34891
34917
34917
34919
34961
35007
35003
34982
35007
35074
35104
35114
35139
35171
35232
35269
35282
35286
35307
35347
35431
35501
35536
35540
35528
35576
35181
35704
35715
35753
35780
35809
35906
35963
36038
36103
36139
36152
36167
36227
36301
36406
36471
36553
36667
36761
36799
36843
36889
36958
36998
37040
36650
37194
37269
37362
37425
37520
37587
37137
37681
37778
37870
37973
38055
38120
38135
38135
38145
38221
38328
38412
38482
38547
38603
38654
38708
38801
38914
39013
39108
39188
39183
39215
39368
39381
39377
39452
39513
39540
39562
39572
39595
39612
39648
39671
39618
39589
39570
39576
39566
39576
39583
39553
39536
39566
39543
39429
39358
39303
39301
39221
39146
39551
39032
39057
38977
38917
38824
38751
38723
38625
38524
38410
38290
38248
38200
38038
37898
37778
