27547
27639
27669
27694
27711
27755
27811
27877
27929
28009
28118
28171
28192
28240
28303
28391
28513
28549
28585
28645
28646
28713
28795
28845
28889
28969
29141
29215
29265
29265
29383
29427
29477
29469
29471
29492
29500
29561
29564
29572
29595
29614
29654
29675
29732
29757
29809
29807
29854
30005
30051
30112
30196
30278
30341
30381
30555
30631
30763
30950
30998
31032
31139
30807
31444
31568
31677
31290
31912
32066
32223
32364
32452
32614
32702
32847
32975
33040
33116
33261
33423
33515
33601
33696
33805
33982
34101
33711
34284
34412
34490
34639
34727
34788
34908
34958
35076
35120
34688
35240
35261
35345
35396
35473
35511
35541
35618
35700
35769
35759
35765
35860
35874
35908
35980
36009
36038
36087
36162
36120
36164
36234
36269
36341
36393
36452
36467
36501
36524
36601
36687
36671
36700
36753
36866
36940
36937
36954
37011
37112
37187
37221
37246
37314
37446
37469
37463
37509
37604
37604
37564
37645
37700
37700
37681
37709
37709
37774
37767
37765
37826
37812
37742
37715
37805
37828
37885
37895
37843
37877
37954
37929
37917
37940
38034
38099
38133
38162
38150
38583
38034
38074
38104
38187
38221
38198
38162
38234
38234
38183
38192
38270
38253
38188
38158
38146
38110
38078
38085
38108
38038
37961
37958
37919
37841
37824
37799
37746
37751
37639
37549
37545
37507
37393
37364
37335
37257
37213
37177
37164
37038
36998
36984
36929
36893
36875
36772
36673
36583
36530
36469
36379
36414
36356
36248
36156
36190
36633
36087
35914
35891
35862
35746
35641
35585
35496
35479
35374
35335
35295
35240
35185
35114
35053
35026
34942
34908
34860
34799
34719
34671
34572
34509
34396
34333
34290
34221
34175
34076
33931
33952
33854
33744
33675
33536
33490
33438
33343
33259
33108
33045
32977
32938
32795
32683
32622
32540
32494
32416
32318
32202
32091
31979
31881
31835
31675
31595
31549
31414
31269
31206
31028
30942
30833
30746
30683
30591
30515
30353
30225
30179
30082
29965
29807
29666
29553
29486
29402
29261
29162
29061
28927
28841
28706
28633
28557
28374
28259
28139
28000
27929
27797
27687
27582
27538
27458
27833
27257
27196
27177
27131
27097
27083
27047
27076
27074
27049
27019
27011
27034
27043
27040
26994
27020
27005
26940
26950
26961
26946
26948
26956
27017
27028
26996
26940
26963
27001
27003
27066
27070
27106
27114
27122
27082
27166
27217
27169
27272
27297
27272
27261
27265
27290
27307
27318
27288
27309
26875
27389
27408
27419
27379
27293
27335
27435
27435
27393
27421
27519
27553
27480
27458
27454
27492
27585
27604
27604
27616
27662
27650
27688
27696
27702
