35847
36001
36061
36230
36398
36452
36561
36694
36866
37026
36645
37326
37473
37131
37748
37883
38041
38181
38326
38482
38625
38778
38896
39059
39190
39383
39606
39729
39879
40041
40230
40391
40500
40645
40757
40849
40996
41158
41326
41448
41551
41696
41830
41923
41984
42083
42251
42379
42427
42486
42608
42591
42730
42807
42885
42935
42935
42984
43114
43179
43194
43257
43318
43389
43406
43442
43494
43507
43547
43604
43589
43591
43702
43721
43750
43837
43860
43879
43818
43898
43950
43961
44003
43986
44049
44089
44078
44120
44082
44101
44179
44187
44215
44229
44215
44190
44209
44171
44221
44232
44204
44280
44314
44291
44267
44328
44362
44402
43971
44477
44471
44517
44522
44545
44551
44517
44509
44526
44513
44482
44450
44454
44454
44429
44381
44366
44377
44389
44374
44362
44326
44341
44332
44230
44282
44332
44291
44246
44263
44246
44183
44164
44166
44118
44045
43996
44026
43990
44001
43938
43866
43832
43862
43814
43776
43795
43763
43757
43765
43750
43692
43662
43664
43656
43650
43639
43591
43572
43534
43562
43562
43568
43549
43541
43591
43583
43589
43593
43652
43641
43616
43664
43713
43711
43675
43660
43658
43721
43746
43730
43730
43799
43826
43858
43837
43832
43879
43935
43944
43874
43851
43845
43914
43940
43933
43944
43944
44015
44017
44049
44074
44118
44066
44087
44167
44167
44221
44312
44320
44358
43984
44496
44549
44658
44729
44816
44916
45041
45078
45183
45333
45511
45543
45618
45725
45826
45450
46030
46146
46230
45923
46498
46593
46616
46711
46893
47009
47104
47250
47320
46912
47437
47543
47687
47767
47874
47982
48053
48150
48206
48248
47891
48446
48501
48511
48490
48515
48488
48513
48496
48458
48479
48435
48408
48421
48839
48280
48183
48104
48026
47994
47902
47843
47790
47704
47660
47610
47530
47515
47435
47356
47322
47261
47223
47179
47095
47032
46908
46757
46698
46639
46751
46879
46908
46811
46772
46778
46643
46574
46465
46345
46291
46146
46059
46396
45730
45645
45465
45335
45076
44849
44627
44904
44139
43879
43671
43935
43290
43154
43452
42763
42614
42526
42353
42185
42133
41937
41692
41557
41414
41284
41095
40847
40654
40480
40181
39982
39812
39666
39450
39227
39561
38767
38576
38381
38127
37975
37795
37620
37404
37223
37114
36916
36723
36562
36482
36345
36209
36131
36074
35980
35942
35895
35782
35734
35711
36146
35633
35641
35177
35593
35574
35622
35645
35698
35704
35687
35723
35780
35723
35841
35883
35875
35956
36040
36085
36097
35666
36190
36276
36309
36326
36400
36450
36532
36538
36624
36772
36851
36912
36946
37020
