38442
38377
38299
38164
38057
37979
37881
37784
37646
37503
37404
37295
37259
37141
36969
36937
36833
36744
36664
36526
36465
36374
36265
36639
36093
36106
36059
35935
35776
35702
35694
35543
35438
35353
35284
35225
35108
35055
34965
34868
34797
34734
34687
34572
34463
34377
34322
34246
34204
34185
34101
33963
33879
33830
33795
33717
33683
33687
33681
33646
33547
33528
33540
33505
33484
33448
33465
33433
33425
33404
33433
33416
33431
33404
33330
33282
33250
33282
33303
33272
33194
33185
33175
33164
33143
33148
33251
33400
33492
33459
33522
33593
33685
33723
33727
33788
33885
33982
34034
34087
34190
34278
34345
34354
34427
34541
34666
34677
34688
34748
34809
34889
34950
34984
34952
34948
34990
34967
34969
34950
34984
35030
35026
35053
35125
35202
35232
35349
35381
35419
35490
35562
35723
35784
35826
35946
36028
35667
36284
36414
36522
36572
36742
36912
37009
37103
37234
37360
37522
37688
37734
37864
37984
38082
38124
38221
38364
38480
38650
38786
38929
39053
39208
39356
39522
39719
39881
39576
40230
40429
40652
40889
41120
41366
41616
41759
41961
42185
42442
42683
42921
43152
43343
43570
43866
44104
44339
44585
44790
45024
45240
44959
45667
45870
46022
46164
46374
46589
46683
46839
46971
47108
47215
47316
47469
47597
47709
47835
47854
47402
47965
48022
48047
48101
48173
48229
48274
48303
48335
48351
48396
48433
48452
48440
48541
48566
48603
48601
48595
48624
48616
48599
48612
48650
48658
48612
48557
48553
48522
48448
48835
48328
48307
48267
48219
48177
48162
48139
48122
48068
48034
48051
47992
48005
48045
48059
47988
47967
47984
48057
47994
47898
47860
47902
47895
48351
47748
47719
47709
47711
47688
47675
47648
47608
47532
47431
47400
47872
47303
47227
47192
47131
47129
47101
47101
47000
46954
46912
46866
46895
46893
46845
46744
46723
46715
46729
46700
46631
46650
46700
46614
46547
46522
46513
46570
46614
46543
46522
46591
46675
46685
46654
46681
46708
46772
46851
46812
46780
46791
46807
46866
46889
46866
46948
47019
47043
47053
47040
47045
47068
47104
47154
47150
47171
47158
47139
47093
47080
47064
47049
47026
46931
46891
46868
46757
46725
46662
46603
46553
46458
46322
46219
46177
46112
46078
46034
46395
45778
45753
45702
45730
45679
45650
45599
45498
45461
45381
45290
45272
45177
45036
44906
44828
44778
44671
44543
44490
44391
44291
44303
44202
44045
43973
43900
43839
43774
43694
43606
43511
43400
43318
43204
43114
43083
43030
42929
42805
42690
42576
42477
42446
42356
42263
42209
42179
42112
41958
41856
41812
41795
41742
41669
