42125
42091
42076
42104
42194
42160
42135
42158
42120
42148
42198
42211
42225
42183
42179
42175
42248
42362
42398
42406
42471
42562
42622
42679
42780
42875
42849
42900
43028
43139
43143
43169
43206
43240
43278
43309
43393
43532
43570
43578
43641
43727
43778
43866
43896
43984
44068
44057
44116
44223
44209
44150
44202
44297
44295
44293
44358
44314
44349
44396
44374
44419
44494
44446
44459
44479
44536
44530
44568
44553
44532
44532
44528
44568
44582
44606
44631
44593
44576
44629
44675
44603
44564
44528
44498
44595
44631
44555
44524
44496
44513
44942
44393
44362
44356
44232
44089
44083
44066
43986
43919
43811
43708
43654
43582
43959
43293
43225
43145
43003
42917
42868
42709
42568
42467
42381
42265
42061
41931
41791
41645
41440
41286
41120
40925
40742
40559
40354
40162
39881
40057
39433
39200
38973
38835
39080
38406
38240
38020
37891
37646
37450
37318
37158
36906
36673
36437
36293
36633
35988
35860
36145
35496
35293
35650
34980
34847
34708
34547
34391
34282
34148
33998
33801
33666
33578
33519
33379
33248
33209
33127
33041
32980
32906
32910
32833
32858
32832
32786
32814
32832
32793
32799
32795
32809
32853
32847
32788
32851
32898
32887
32786
32742
32761
32759
32702
32658
32683
32723
32723
32698
32711
32719
32698
32664
32704
32738
32759
32847
32898
32954
33009
33045
33173
33232
33270
33366
33458
33522
33541
33541
33599
33698
33677
33732
33757
33845
33893
33854
33900
33986
34022
34034
34101
34120
34179
34223
34309
34353
34374
34385
34488
34566
34650
34700
34746
34826
34956
35057
35103
35248
35381
35391
35458
35538
35654
35734
35828
35879
35994
36072
35666
36253
36330
36398
36461
36557
36673
36725
36811
36868
36931
37005
37093
37185
37202
37211
37330
37406
37444
37543
37574
37551
37576
37688
37746
37748
37797
37826
37778
37830
37881
37942
37933
37904
37919
37887
37860
37965
37973
37933
37927
37900
37875
37851
37879
37923
37895
37891
37868
37866
37879
37887
37858
37887
37868
37835
37862
37866
37824
37837
37795
37791
37742
37759
37761
37761
37740
37780
37778
37748
37706
37713
37683
38097
37576
37549
37505
37498
37444
37383
37362
37316
37303
37330
37282
37278
37326
37337
37303
37301
37322
37290
37282
37267
37265
37236
37179
37181
37143
37120
37616
37062
37047
37038
37047
37110
37051
36921
36885
36921
36929
36956
36956
36904
36912
36977
37000
36977
36887
36885
36891
36927
36919
36940
36946
36917
36975
37041
37001
36961
37022
37051
37020
36958
36946
36967
37019
37057
37112
37143
37068
37026
36944
36904
36887
36887
36870
36856
36799
36763
36833
