44091
44009
43923
43961
43959
43940
43967
44034
44051
44103
44131
44040
44049
44011
43933
43870
43805
43711
43769
43811
43662
43379
43152
43120
43129
43085
42948
42786
42625
42522
42400
42284
42211
42049
41971
41835
41639
41604
41406
41261
41501
40725
40488
40301
40190
39977
39767
40043
39358
39196
38982
38809
38658
38458
38206
37994
37879
37904
38038
37898
37755
37549
37345
37215
37156
37610
36971
36727
36578
36465
36358
36227
36639
36093
36030
36001
35944
35870
35851
35967
35954
35904
35919
35755
35568
35507
35490
35290
35074
34986
34891
34797
34711
34721
34738
34750
34709
34671
34591
34520
34541
34477
34337
34408
34498
34568
34559
34484
34440
34459
34414
34337
34232
34133
34133
34106
34051
34087
34114
34125
34196
34244
34291
34358
34402
34417
34469
34486
34551
34608
34610
34708
34809
34875
34950
35026
35082
35152
35215
35305
35343
35391
35526
35635
35633
35732
35868
35891
35959
36089
36169
36263
36402
36520
36776
36900
37024
36641
37246
37429
37517
37137
37736
37849
38019
38146
38215
38232
38291
38383
38438
38538
38610
38700
38711
38727
38795
38822
38812
38856
39001
39030
39051
39080
39166
39234
39217
39272
39276
39328
39393
39458
39494
39513
39551
39624
39687
39751
39769
39746
39841
39944
39979
39977
39971
40022
40080
40112
40543
40040
40061
39944
39772
39782
39820
39866
39998
40139
40190
40276
40374
40360
40347
40305
40106
40020
40038
40078
40152
40305
40318
40206
40116
40145
40166
40171
40208
40219
40181
40148
40146
40547
39980
39982
39860
39788
39809
39746
39671
39635
39622
40053
39419
39267
39187
39559
38994
38931
38858
38774
38677
38692
38654
38612
38618
38616
38604
38604
38604
38570
38492
38410
38316
38307
38318
38211
38124
38068
38007
37984
37950
37946
37854
37786
37791
37782
37784
37713
37641
37606
37582
37561
37591
37572
37587
37501
37469
37442
37450
37425
37423
37396
37343
37360
37316
37309
37312
37330
37345
37326
37274
37299
37316
37299
37215
37278
37333
37377
37437
37456
37473
37450
37419
37404
37393
37290
37230
37230
37242
37173
37167
37232
37211
37213
37166
37202
37230
37167
37118
37066
37083
37020
37000
37000
37036
36992
36990
36980
36950
36895
36832
36902
36870
36801
36750
36721
36700
36667
36666
36685
36566
36429
36438
36440
36419
36362
36270
36206
36244
36187
36238
36309
36360
36332
36272
36307
36261
36187
36141
36150
36173
36122
36057
36049
36024
35942
35921
35864
35853
35820
35738
35688
35652
35675
35706
35803
35822
35811
35856
35902
35866
35805
35799
35854
35826
35746
35734
35713
35780
35830
35826
35816
