42026
42005
42003
41961
41940
41921
41914
41927
41921
41805
41769
41750
41660
41639
41625
41583
41490
41484
41458
41391
41343
41303
41309
41259
41185
41124
41066
41072
41064
40958
40875
40849
40744
40654
40599
40486
40393
40385
40333
40206
40177
40135
40541
40005
39952
39864
39853
39770
39776
39706
39597
39513
39461
39375
39343
39290
39286
39261
39204
39181
39150
39083
39040
39038
38935
38887
38879
38870
38938
39001
39041
39022
39089
39011
38887
38860
38854
38858
38837
38952
38959
38925
38912
38923
38921
38906
38891
38856
38820
38822
38881
38916
38912
38898
38881
38797
38765
38744
38652
38614
38519
38448
38482
38494
38412
38410
38444
38578
38849
38969
38927
39003
38269
38272
37996
38072
37020
37236
37599
37566
37261
36952
36795
36896
37227
37429
37608
37648
37603
37603
37557
37528
37501
37595
38104
37666
37694
37763
37746
37791
37784
37780
37778
37862
37828
37786
37826
37891
37849
37883
37996
37893
37942
37938
37979
38024
38022
38040
38131
38145
38114
38190
38307
38414
38419
38412
38480
38528
38561
38591
38570
38106
38622
38641
38721
38740
38719
38738
38740
38809
38832
38845
38790
38791
38843
38906
38942
38998
39017
39043
39135
39236
39251
39215
39251
39320
39379
39389
39416
39503
39601
39643
39645
39650
39744
39759
39816
39889
39927
39998
40020
40103
40206
40255
40362
40398
40435
40507
40603
40748
40816
40851
40898
40956
40965
40984
40555
41049
41011
41009
41059
40979
40923
41093
41219
41229
41250
41320
41425
41488
41496
41606
41679
41736
41835
41958
42051
42122
42215
42290
42400
42459
42520
42528
42633
42795
42877
42984
43041
43101
43078
43022
43106
43099
43028
43120
43246
43320
43345
43339
43362
43366
43398
43423
43437
43364
43408
43427
43425
43416
43389
43442
43450
43540
43553
43576
43532
43574
43633
43666
43648
43660
43729
43774
43797
43797
43887
43917
43900
43872
43895
43914
43898
43916
43480
43929
43935
43954
43946
44007
44454
43927
43917
43942
43866
43837
43845
43837
43774
43738
43690
43666
43652
43551
43484
43423
43364
43326
43276
43291
43169
43034
42967
42954
42900
42874
42805
42685
42625
42570
42412
42351
42293
42251
42177
42108
42106
42062
41958
41858
41851
41799
41795
41767
41769
41755
41797
41770
41719
41671
41692
41704
41654
41561
41536
41492
41047
41509
41461
41396
41383
41276
41202
41185
41179
41139
41089
41038
40965
40946
40963
40914
40856
40851
40895
40786
40767
40769
40727
40667
40700
40673
40717
40667
40645
40683
40690
40717
40721
40740
40719
40723
40730
40729
40774
40891
40902
40921
40946
40896
40875
40877
