41017
40973
40958
40984
40977
40921
40883
40879
40979
40959
40963
40982
41028
41047
41049
41093
41007
41017
41041
41022
40992
40988
41524
41049
41017
40950
41003
41017
41011
40973
41009
41003
40982
40877
40916
40977
40986
40996
41019
40959
41017
41011
40988
41024
40996
40982
41032
40549
41099
41104
41104
41061
41108
41143
41127
41064
41017
41036
41049
41080
41074
41001
40950
40956
40889
40795
40738
40679
40582
40480
40498
40395
40314
40225
40188
40118
39961
39904
39856
39715
39679
39622
39492
39440
39414
39311
39198
39143
39017
38906
38835
38761
38681
38625
39080
38549
38465
38437
38385
38326
38238
38234
38137
38051
38007
37937
37830
37805
37797
37828
37828
37782
37788
37753
37687
37669
37711
37730
37692
37742
37713
37791
37799
37923
38005
37618
38219
38232
38290
38374
38492
38572
38606
38675
38763
38826
38961
38986
38595
39229
39374
39500
39603
39706
39727
39776
39889
39952
39580
40129
40148
40240
40393
40442
40461
40536
40645
40669
40734
40898
40967
41036
41043
41110
41236
41364
41408
41574
41664
41769
41929
41538
42146
42219
42328
42488
42629
42761
42851
42973
43066
43211
43395
43564
43729
43837
43958
44095
44242
44351
44526
44683
44908
45074
45211
45368
45467
45652
45832
45977
46093
46269
45938
46549
46753
46891
47097
47251
46900
47591
47767
48030
48295
48585
48534
47977
47851
47408
47650
47992
48507
48750
48772
48828
48923
48938
48898
48851
48833
48866
48895
48921
48879
48835
48793
48721
48612
48517
48515
48379
48332
48330
48232
48160
48110
48024
47977
47895
47874
47801
47742
47664
47627
47494
47448
47374
47213
47076
46935
46809
46700
46572
46421
46269
46131
46041
46354
45591
45438
45312
45202
45101
45402
44734
44528
44404
44173
43845
43895
43204
43017
42948
43022
43013
42870
42654
42503
42282
42053
41919
41669
41488
41269
41488
40853
40654
40398
40257
40066
39937
39740
39589
39456
39240
39135
38956
38782
38690
38522
38419
38255
38120
38017
37809
37715
37629
37463
37337
37139
37028
36925
36778
37116
36528
36375
36259
36175
36080
35980
35914
35862
35742
35643
35610
35637
35583
35562
35530
35490
35463
35387
35349
35347
35320
35238
35183
35133
35127
35202
35282
35328
35360
35377
35345
35360
35383
35372
35387
35335
35362
35404
35454
35505
35595
35648
35709
35753
35776
35820
35877
35906
35919
35969
36059
35666
36183
36217
36251
36318
36414
36383
36435
36477
36515
36564
36520
36479
36538
36540
36580
36627
36606
36698
36765
36801
36891
36937
36971
37028
37057
37038
37024
36984
37041
36641
37185
37272
37339
37406
37463
37520
37593
37646
