35412
35389
35328
35316
35250
35648
35127
35019
34996
34956
34898
34902
34872
34805
34717
34679
34666
34580
34612
34620
34559
34501
34524
34519
34402
34354
34328
34332
34288
34246
34206
34171
34158
34152
34061
34032
34036
34055
34009
33933
33864
33832
33791
33727
33688
33688
33711
33748
33715
33694
33736
33669
33643
33683
33721
33738
33732
33715
33717
33225
33729
33675
33599
33624
33704
33700
33772
33746
33717
33719
33708
33725
33713
33751
33761
33729
33685
34196
33664
33660
33614
33591
33576
33549
33524
33406
33330
33274
33309
33362
33479
33503
33524
33540
33604
33551
33595
33667
33624
33599
33576
33635
33673
33669
33706
33742
33837
33893
33929
33952
33988
34074
34097
34080
34112
34177
33709
34278
34343
34358
34383
34406
34471
34522
34614
34715
34795
34824
34870
34925
35015
35103
35206
35324
35440
35587
35662
35788
35874
35980
36020
35681
36372
36498
36614
36744
36923
37053
37164
37332
37454
37595
37742
37902
37988
38051
38171
38333
38475
38700
38959
39028
39177
39377
39549
39700
39868
39572
40181
40311
40545
40721
40887
41007
41095
41198
41282
41421
41459
41513
41656
41761
41881
41526
42112
42209
42360
42036
42604
42627
42738
42879
43032
43108
43244
43314
43332
43463
43566
43709
43858
43851
43940
44108
44206
44200
44265
44423
44545
44650
44769
44917
44950
44984
45024
45099
45198
45305
45456
45574
45681
45755
45837
45917
46057
46122
46246
46354
46524
46610
46673
46694
46797
46883
46898
46917
46973
47024
47034
47017
47034
47053
47022
47030
47036
47070
47074
47112
47223
47223
47204
47265
47288
47312
47343
47362
47337
47347
47339
47263
47250
47187
47188
47206
47116
47059
46984
46971
46904
46770
46652
46541
46416
46274
46089
45980
46398
45709
45608
45450
45208
45038
44839
44677
44874
44139
43912
43685
43456
43246
43454
42753
42942
42263
42028
41721
42007
41253
40967
40750
40574
40385
40127
39912
39675
39519
39257
39103
38927
38738
38601
38356
38129
37931
37736
37595
37406
37175
37011
36784
36612
36360
36612
35835
35620
35402
35633
34868
34629
34431
34320
34666
34015
33856
33727
33667
33587
33517
33396
33278
33221
33175
33114
33089
33055
33000
32946
32835
32788
32698
32618
32559
32480
32358
32213
32083
32057
32055
32040
32017
32087
32204
32194
32104
32160
32137
32076
32062
32078
32049
32083
32087
32154
32190
32234
32295
32267
32259
32291
32316
32290
32276
32307
32372
32431
32500
32543
32595
32631
32257
32803
32902
32956
32961
33013
33106
33160
33219
33324
33398
33438
33467
33559
33679
33700
33721
33791
33860
33891
33942
34009
33990
34009
