-21800
-22516
-23934
-24464
-26100
-27321
-27854
-28831
-29901
-31493
-32384
-32922
-33021
-32583
-32050
-30579
-29396
-28012
-27174
-25403
-23697
-21707
-20178
-18804
-18046
-16758
-16298
-16063
-16155
-16504
-17075
-17111
-18231
-18655
-19970
-20638
-22199
-22995
-24367
-24474
-25317
-25426
-25392
-25271
-25000
-24649
-24079
-23262
-22775
-21256
-20258
-19262
-18447
-17827
-17104
-17060
-15989
-15747
-15541
-15701
-15934
-16249
-16791
-17334
-17924
-18119
-19348
-19985
-20132
-21321
-21882
-22441
-22859
-23256
-23443
-23584
-23884
-24165
-24541
-25180
-25617
-25430
-25911
-25907
-25848
-25865
-25911
-25848
-26378
-26516
-26720
-26327
-26012
-25617
-25167
-24579
-23682
-23399
-22241
-21688
-21174
-20686
-20371
-19876
-19550
-19167
-18999
-19071
-19289
-19670
-19987
-20344
-20621
-20945
-21132
-21457
-21735
-22042
-22027
-21999
-21985
-22197
-22313
-22417
-22289
-22266
-22117
-22025
-22027
-21512
-22086
-22201
-22201
-22205
-22188
-22222
-21941
-21590
-21397
-21138
-20983
-20756
-20558
-20233
-19863
-19434
-18949
-18445
-18147
-17894
-17640
-17436
-17228
-17144
-16899
-16806
-16672
-16575
-16537
-16508
-16439
-16405
-16273
-16249
-16063
-16071
-16014
-15903
-15857
-15668
-15436
-15029
-14573
-14657
-13813
-13443
-13296
-13100
-12854
-12518
-12329
-12014
-11792
-11260
-11911
-11852
-12220
-13138
-13254
-13730
-14848
-15231
-15859
-16340
-16810
-17180
-17128
-17825
-17945
-17970
-17813
-18056
-17407
-17140
-16871
-16483
-15989
-15661
-15000
-14418
-13710
-13592
-12459
-11823
-10752
-9451
-8502
-7892
-7647
-7600
-7907
-8604
-9625
-10403
-11924
-12323
-12443
-12348
-12081
-11859
-11531
-11554
-11418
-11892
-12838
-13646
-14212
-15014
-15407
-16081
-16500
-16976
-17298
-17109
-17554
-17575
-17470
-17500
-17201
-17168
-17140
-17218
-17182
-17228
-17296
-17119
-18039
-18493
-19020
-19130
-20023
-20050
-20886
-21342
-21676
-22105
-22420
-22733
-22783
-22640
-22957
-22117
-21699
-21478
-21147
-20709
-20352
-19936
-19575
-18974
-19012
-18147
-17995
-17928
-18021
-17621
-18317
-18548
-18588
-18907
-19203
-19470
-19825
-20201
-20079
-20905
-21168
-21355
-21483
-21676
-21773
-21899
-22167
-22296
-22342
-22258
-22304
-22386
-22489
-22541
-22600
-22861
-22836
-22938
-22930
-23079
-23285
-23487
-23584
-23718
-23896
-23466
-24004
-23953
-24031
-24067
-23985
-23974
-24023
-24115
-24281
-24239
-24382
-24497
-24459
-24468
-24508
-24510
-24355
-24199
-24079
-23899
-23842
-23647
-23375
-23149
-22800
-22932
-22117
-21707
-21455
-21144
-20972
-20737
-20674
-20594
-20999
-20600
-20617
-20697
-20873
-20966
-21161
-21376
-21579
-21747
-21861
-21792
-21693
-21983
-21237
-21044
-20920
-20760
-20556
-20327
-20111
-19924
-19783
-19741
-19834
-20029
-20247
-20067
-20859
-21084
-21384
-21722
-22115
-22817
-23016
-24058
-24550
-25157
-25657
-26359
-26659
-27273
-27739
-28224
-28668
-29014
-29268
-29527
-29768
-30018
-30258
-30573
-30840
-31165
-31466
-31667
-31508
-31724
-31239
-30665
-29581
-29296
-28123
-26065
-24609
-22529
-21491
-20375
-19518
-18991
-18583
-19027
-19720
-21357
-22718
-24329
-25676
-26716
-27531
-28113
-28327
-28397
-28792
-27980
-27966
-27709
-27163
-26487
-25999
-25516
-25212
-25071
-24783
-24661
-24917
-24989
-26107
-26682
-26974
-27065
-27014
-26766
-26405
-26119
-26254
-25523
-25470
-25579
-25878
-26130
-25897
-26346
-25634
-25021
-24565
-24388
-24399
-24359
-24233
-24134
-24025
-23825
-23730
-23537
-23289
-23405
-22247
-21619
-21048
-20626
-20230
-19949
-19707
-19363
-18966
-18651
-18577
-18447
-18350
-18098
-17623
-17205
-17048
-16802
