-16768
-16861
-16983
-17084
-17191
-17298
-17399
-17531
-17651
-17800
-17959
-17598
-18155
-18224
-18354
-18306
-18268
-18296
-18441
-18420
-18441
-18392
-18359
-18411
-18426
-18459
-18394
-18432
-18411
-18390
-18376
-18373
-18422
-18493
-18516
-18531
-18506
-18586
-18638
-18590
-18621
-18703
-18699
-18701
-18802
-18834
-18831
-18823
-18857
-18861
-18901
-18880
-18882
-18897
-18897
-18846
-18794
-18747
-18653
-18588
-18520
-18457
-18403
-18350
-18256
-18189
-18113
-18063
-17985
-17884
-17806
-17728
-17678
-17642
-17569
-17518
-17478
-17388
-17334
-17296
-17258
-17218
-17060
-16966
-16964
-17048
-17140
-17176
-17216
-17277
-17308
-17271
-17235
-17258
-17275
-17264
-17300
-17352
-17415
-17487
-17523
-17558
-17615
-17676
-17741
-17819
-17915
-18042
-18210
-18352
-18462
-18079
-18678
-18787
-18875
-19014
-19155
-19340
-19476
-19607
-19750
-19903
-19554
-20144
-20241
-20376
-20046
-20684
-20827
-20989
-21182
-21359
-21031
-21672
-21833
-21508
-22159
-22323
-22525
-22722
-22854
-23018
-23216
-23439
-23600
-23735
-23890
-24029
-24134
-24310
-24508
-24661
-24817
-25008
-25186
-25298
-25468
-25590
-25665
-25781
-25420
-26035
-26165
-26275
-25907
-26502
-26592
-26661
-26745
-26827
-26865
-26903
-26951
-27010
-27035
-27090
-27119
-27107
-27092
-27084
-27046
-27027
-27052
-27092
-27086
-27109
-27157
-27214
-27304
-27375
-27413
-27417
-27443
-27489
-27573
-27682
-27773
-27878
-28044
-28220
-28325
-28436
-28542
-28613
-28710
-28768
-28878
-28911
-28960
-29052
-29140
-29214
-29294
-29344
-29434
-29552
-29693
-29825
-29903
-30000
-30100
-30189
-30237
-30264
-30258
-30205
-30113
-30121
-30155
-30193
-30220
-30275
-30367
-30420
-30424
-30464
-30531
-30552
-30518
-30514
-30516
-30512
-30497
-30449
-30357
-30277
-30197
-30113
-29987
-29884
-30287
-29726
-29649
-29632
-29632
-29625
-29626
-29701
-29758
-29319
-29882
-29945
-30004
-30027
-30037
-30081
-30123
-30109
-30050
-30027
-29985
-29905
-29836
-29768
-29680
-29546
-29426
-29798
-29237
-29199
-29138
-29073
-29054
-29029
-29012
-28995
-29010
-29054
-29084
-29075
-29134
-29266
-29376
-29457
-29575
-29695
-29329
-29903
-30004
-30138
-30256
-30355
-30445
-30529
-30649
-30735
-30855
-30915
-30968
-30999
-31018
-31086
-31170
-31256
-31325
-31359
-31386
-31426
-31470
-31523
-31592
-31630
-31670
-31695
-31701
-31705
-31707
-31697
-31653
-31634
-31651
-31605
-31464
-31340
-31237
-31126
-31006
-30905
-30791
-30617
-30447
-30247
-29991
-29735
-29495
-29258
-28997
-28686
-28405
-28096
-27714
-27413
-27109
-26764
-26867
-26008
-25682
-25848
-24928
-24521
-24081
-23731
-23313
-22871
-22901
-22415
-21936
-21035
-20642
-20271
-19848
-19424
-19542
-18731
-18445
-18098
-17741
-17376
-17569
-16789
-16521
-16254
-16012
-15730
-15462
-15254
-15041
-14810
-14581
-14348
-14642
-13981
-13758
-13546
-13376
-13273
-13672
-13046
-12947
-12827
-13191
-12630
-12609
-12544
-12491
-12497
-12520
-12554
-12558
-12550
-12579
-12632
-12668
-12720
-12804
-12852
-12876
-12909
-12938
-12939
-12897
-12827
-12771
-12756
-12800
-12917
-13056
-12722
-13375
-13548
-13720
-13855
-14039
-14199
-14420
-14632
-14815
-15037
-15264
-15470
-15174
-15867
-16086
-16279
-16447
-16668
-16871
-17062
-17243
-17438
-17109
-17758
-17930
-17604
-18228
-18344
-18497
-18663
-18854
-18995
-19184
-19474
-19762
-19911
-19981
-20065
-20151
-20271
-20418
-20584
-20770
-20922
-21111
-21279
-21409
-21514
-21615
-21762
-21934
-22056
-22149
-22212
-22283
-22413
-22506
-22630
-22741
-22787
-22855
-22897
-22957
-23031
-23083
-23136
-23182
-23245
-23302
-23354
-22980
-23554
