-20459
-19615
-19365
-19132
-18928
-18693
-18447
-18203
-17953
-17754
-17527
-17300
-17575
-16896
-16731
-16516
-16270
-16088
-15983
-15871
-15718
-15583
-15451
-15315
-15189
-15096
-15021
-14955
-14917
-14899
-14886
-14857
-14810
-14773
-14800
-14810
-14840
-14899
-14964
-15014
-15006
-15052
-15105
-15153
-15163
-15168
-15174
-15159
-15224
-15323
-15376
-15415
-15443
-15483
-15533
-15594
-15659
-15644
-15611
-15151
-15663
-16121
-15583
-15584
-15613
-15598
-15539
-15474
-15438
-15407
-15375
-15333
-15281
-15249
-15207
-15151
-15037
-14924
-14846
-14764
-14668
-14541
-14468
-14390
-14291
-14199
-14100
-13991
-13924
-13848
-13812
-13792
-13781
-13777
-13720
-13710
-13754
-13771
-13722
-13718
-13787
-13859
-13947
-14002
-14037
-14071
-14109
-14092
-14056
-14096
-13684
-14216
-14203
-14193
-14239
-14294
-14340
-14413
-14474
-14520
-14560
-14600
-14647
-14730
-14777
-14791
-14825
-14873
-14896
-14949
-15014
-15071
-15102
-15134
-15184
-15250
-15340
-15401
-15434
-15462
-15480
-15506
-15510
-15478
-15451
-15449
-15430
-15428
-15432
-15394
-15323
-15279
-15203
-15126
-15037
-14983
-14939
-14831
-14680
-14527
-14436
-14321
-14189
-14025
-13869
-13733
-13592
-13436
-13292
-13128
-13016
-12875
-12731
-12560
-12430
-12317
-12218
-12081
-11903
-11758
-11617
-11508
-11384
-11262
-11151
-10993
-10890
-10771
-10661
-10544
-10449
-10338
-10237
-10069
-9938
-9831
-9730
-9647
-9539
-9436
-9355
-9302
-9209
-9107
-9050
-8974
-8901
-8876
-8857
-8842
-9283
-8754
-8739
-8659
-8604
-8567
-8546
-8508
-8489
-8405
-8333
-8296
-8224
-8161
-8138
-8119
-8067
-7945
-7831
-7743
-7663
-7600
-7602
-7588
-7583
-7562
-7560
-7550
-7521
-7533
-7581
-7615
-7621
-7676
-7783
-7865
-7945
-8000
-8067
-8168
-8247
-8331
-8438
-8531
-8615
-8697
-8325
-8957
-9111
-8804
-9443
-9529
-9613
-9750
-9905
-10100
-10296
-10443
-10579
-10747
-10972
-10752
-11541
-11792
-12046
-12262
-12497
-12249
-13008
-13250
-13508
-13758
-14054
-14289
-14546
-14752
-14972
-15247
-15491
-15680
-15806
-15936
-16098
-16313
-16447
-16550
-16136
-16722
-16831
-16953
-17042
-17090
-17132
-17155
-17159
-17147
-17107
-17086
-17096
-17063
-17048
-16617
-17134
-17165
-17193
-17199
-17168
-17226
-17315
-17376
-17378
-17376
-17380
-17443
-17329
-17313
-17359
-17302
-17294
-17243
-17233
-17191
-17165
-17151
-17132
-17163
-17165
-17142
-17178
-17157
-17060
-16974
-16871
-16699
-16476
-16334
-16149
-15918
-15653
-15411
-15153
-14821
-14577
-14230
-13966
-14161
-13268
-12938
-12577
-12273
-11905
-11583
-11279
-11004
-10768
-10586
-10430
-10292
-10237
-10218
-10203
-10340
-10462
-10604
-10812
-10989
-11147
-11146
-11161
-11310
-11489
-11558
-11709
-11831
-12012
-12266
-12594
-12899
-13151
-13382
-13256
-13928
-13485
-12783
-13233
-17002
-17014
-15542
-15777
-15592
-15438
-15487
-15418
-15480
-15521
-15760
-15896
-16067
-16367
-16770
-16991
-17432
-18069
-18388
-18655
-18909
-19189
-19327
-19401
-19796
-19800
-19815
-20205
-20590
-20833
-20960
-21092
-21203
-21063
-22046
-22048
-21510
-21361
-21661
-21836
-21712
-21607
-21455
-21216
-21142
-20934
-20749
-20590
-20333
-20104
-19852
-19688
-19638
-19598
-19502
-19489
-19434
-19262
-19230
-19361
-19489
-19565
-19663
-19855
-20165
-20453
-20758
-21210
-21646
-21571
-22550
-22541
-23411
-23487
-24012
-25035
-25480
-25443
-26342
-26661
-27197
-28125
-28188
-27764
-28235
-28924
-28613
-28609
-28983
-29054
-29273
-29659
-29737
-29352
-30012
-30041
-30020
-30094
-29968
-29689
-29657
-29523
-29344
-29216
-28987
