-13521
-13209
-13146
-12714
-13235
-13357
-13550
-13850
-13722
-14638
-14668
-15556
-15960
-16378
-16821
-17287
-17695
-18062
-18689
-19302
-19680
-19987
-20153
-20396
-20422
-20430
-20367
-20310
-20184
-20044
-19909
-19861
-19581
-19455
-19449
-19380
-19210
-19352
-19533
-19634
-19644
-19573
-19560
-19630
-19771
-19848
-19949
-20104
-20237
-20321
-20468
-20592
-20754
-20938
-21212
-21474
-21682
-21903
-22174
-22445
-22758
-23002
-23321
-23554
-23806
-24050
-24376
-24600
-24825
-25041
-25184
-24922
-25487
-25592
-25628
-25789
-25897
-25949
-26077
-26115
-26128
-26197
-26189
-26126
-26136
-26168
-26161
-26111
-26044
-25989
-25966
-25926
-25783
-25733
-25617
-25445
-25319
-25218
-25023
-24798
-24533
-24915
-24157
-23960
-23823
-23667
-23535
-23474
-23930
-23302
-23249
-23216
-23174
-23178
-23062
-23014
-22936
-22905
-22838
-22735
-22756
-22857
-22924
-22943
-23058
-23128
-23201
-23270
-23197
-23264
-23271
-23245
-23205
-23086
-23008
-22905
-22863
-22716
-22611
-22959
-22312
-22210
-22109
-22010
-21859
-21695
-21531
-21315
-21228
-21052
-20894
-20747
-20605
-20375
-20157
-19949
-19741
-19434
-19201
-18968
-18705
-18558
-18373
-18178
-17993
-17907
-17752
-18060
-17436
-17277
-17577
-16966
-16789
-17083
-16392
-16279
-16594
-15991
-15875
-15802
-15693
-15653
-15615
-15531
-15459
-15342
-15249
-15195
-15138
-15630
-15098
-15046
-15016
-15083
-15004
-15010
-15245
-15277
-15260
-15521
-16056
-16415
-16500
-16542
-16489
-16480
-16348
-16384
-16333
-16285
-16355
-16334
-16460
-16697
-16876
-17086
-17241
-17413
-17508
-17653
-17722
-17686
-17716
-17695
-17691
-17619
-17588
-17655
-18046
-17542
-17537
-17491
-17367
-17294
-17245
-17125
-16848
-16613
-16228
-15939
-15636
-15195
-14821
-14434
-14033
-13518
-12972
-12684
-11333
-10304
-9447
-8634
-8063
-7670
-7428
-7418
-7583
-7855
-7913
-7840
-8346
-9611
-10140
-10688
-11065
-11270
-11174
-11073
-10903
-11126
-10785
-10178
-9634
-8976
-8144
-7710
-7098
-7128
-7441
-7745
-8077
-8355
-8604
-8970
-9233
-9476
-9899
-10668
-11321
-12291
-13168
-13535
-13892
-14243
-14476
-14773
-14932
-15346
-15584
-15735
-15941
-16142
-16396
-16731
-16655
-17718
-17630
-18678
-19222
-19720
-20340
-20945
-21054
-22239
-22836
-24029
-24401
-24592
-24710
-24636
-24588
-24376
-24121
-23634
-23189
-22621
-22052
-21875
-20766
-20308
-19686
-19058
-19060
-19138
-19250
-19462
-19737
-19567
-20369
-20048
-20726
-20745
-20844
-20810
-20869
-20855
-20791
-20844
-20722
-20770
-20670
-20712
-20640
-20691
-20688
-20756
-20737
-20670
-20688
-20741
-20787
-20834
-20800
-20939
-21098
-21142
-21222
-21287
-21338
-21300
-21188
-21128
-21054
-21079
-21021
-21084
-21209
-21291
-21396
-21478
-21552
-21563
-21651
-21714
-21594
-21623
-21523
-21355
-21149
-20941
-20770
-21420
-21857
-21960
-21749
-21426
-21292
-21172
-21077
-20739
-20447
-20239
-20088
-19890
-19798
-19800
-19750
-19783
-19802
-19804
-19875
-19785
-19743
-19718
-19590
-19575
-19485
-19478
-19493
-19604
-19735
-19957
-20224
-20424
-20651
-20911
-21214
-21497
-21642
-21766
-21949
-22000
-22128
-22128
-22218
-22323
-22361
-22371
-22413
-22390
-22268
-22203
-22083
-22012
-21909
-21653
-21562
-21436
-21252
-21107
-20936
-20760
-20707
-20481
-20384
-20270
-20084
-19838
-19407
-19012
-19105
-20346
-20590
-21418
-21271
-21018
-20600
-20321
-20126
-19970
-19794
-19716
-19754
-19859
-19960
-20020
-20195
-20218
-20174
-20178
-20144
-20039
-19896
-19756
-19586
-19413
-19209
-18993
-18720
-18451
-18241
-18029
-17821
-17640
-17388
-17149
-16922
-16735
-16544
-16375
