-16220
-16254
-16147
-17405
-18457
-19321
-20258
-21157
-21617
-22480
-23806
-24644
-25626
-26369
-27056
-26913
-27653
-27481
-27247
-26876
-26821
-26279
-25008
-24842
-23529
-22789
-22405
-21128
-20367
-19571
-19432
-18922
-18392
-18376
-18369
-18209
-18499
-18743
-18947
-19113
-19207
-19417
-19065
-19651
-19726
-19665
-19581
-19430
-19121
-18964
-18762
-18510
-18168
-17876
-18050
-17352
-17147
-17062
-16947
-16888
-16987
-17298
-17432
-17636
-17760
-18048
-18396
-18871
-19056
-19976
-20250
-20063
-20792
-20525
-21086
-21168
-21062
-20838
-20983
-21172
-21388
-21457
-21388
-21487
-21623
-21911
-22140
-22231
-22397
-22544
-22773
-23050
-23233
-23352
-23241
-23075
-22821
-22896
-21999
-21596
-21041
-20972
-19674
-19983
-18941
-19031
-18275
-17907
-17970
-17819
-17777
-17802
-17823
-17920
-18016
-17890
-18027
-16796
-16002
-15157
-14304
-13250
-12697
-11726
-10605
-10062
-9573
-9325
-9495
-9581
-9743
-9939
-10258
-10741
-10815
-11901
-12466
-13109
-13750
-13785
-14317
-15560
-16090
-16817
-17531
-18270
-19025
-19512
-19739
-19594
-19457
-17827
-16993
-14754
-12798
-11149
-9264
-7371
-6413
-5668
-5894
-7222
-9224
-11109
-12915
-15397
-17319
-19397
-20722
-21062
-22737
-23333
-23792
-24058
-24048
-23726
-23109
-22178
-21146
-19773
-18854
-17336
-15833
-13869
-12357
-11054
-10100
-9493
-8959
-9092
-9584
-9689
-10031
-10970
-11783
-13237
-14873
-15968
-16846
-17581
-18268
-19052
-19119
-19959
-19987
-19831
-19388
-18888
-18354
-17625
-16791
-15876
-14962
-14623
-13537
-13069
-12781
-12544
-12544
-13020
-13592
-14420
-14674
-15918
-16128
-17176
-18480
-19457
-19695
-19667
-19617
-19480
-19264
-18840
-18428
-18197
-18048
-17947
-17777
-17718
-17590
-17688
-17105
-17619
-17523
-17548
-17638
-17565
-18065
-17504
-17521
-17514
-17510
-17447
-17464
-17541
-17659
-17670
-17924
-18201
-18552
-18918
-19096
-19237
-19226
-19111
-18821
-18231
-18056
-16943
-15775
-15161
-14493
-13193
-13046
-13115
-13258
-13563
-14021
-14644
-15428
-16420
-16743
-18493
-19434
-20224
-20626
-21928
-22768
-23439
-24144
-24594
-24453
-24976
-24762
-24334
-24056
-23573
-23146
-22634
-22399
-21193
-20964
-19604
-18932
-18262
-17758
-17541
-17300
-17407
-17277
-17565
-17810
-17945
-18128
-18489
-19023
-19369
-19867
-20109
-20073
-20766
-20701
-20808
-20707
-20684
-20964
-20239
-20111
-20033
-19943
-19819
-19873
-19800
-19623
-19600
-19745
-19941
-19987
-20102
-20420
-20067
-20821
-21224
-21432
-21762
-21542
-22224
-22426
-22670
-22938
-23268
-23506
-23709
-23804
-23812
-23791
-23716
-23766
-23731
-23733
-23806
-23766
-23766
-23928
-23968
-24050
-24060
-24073
-24126
-24014
-24134
-24216
-24323
-24533
-24619
-24558
-24638
-24636
-24563
-24544
-24502
-24905
-24333
-24264
-24067
-24062
-23823
-23709
-23709
-23777
-23686
-23304
-22854
-22258
-21665
-21478
-20357
-19752
-19247
-18896
-18495
-18378
-18443
-18430
-18535
-18607
-18420
-18361
-18254
-18174
-17922
-18071
-17264
-16999
-16684
-16617
-16527
-16350
-16363
-16407
-16317
-16132
-15831
-15709
-15760
-15735
-15636
-15644
-15485
-15527
-15346
-15075
-15132
-14237
-13974
-13609
-13611
-13210
-13932
-14285
-14716
-14951
-14802
-14228
-13304
-13062
-11825
-11294
-11020
-11029
-11506
-12443
-13411
-13634
-14829
-15157
-16283
-16873
-17165
-17212
-17063
-16974
-17071
-17025
-16964
-16882
-16737
-16955
-17209
-17170
-18210
-18758
-19413
-19995
-20340
-20598
-20626
-20613
-20039
-20495
-20521
-20168
-19716
-19390
-19172
-19021
-18741
-18665
-18924
-18607
-19117
-20151
-20741
-20548
-21058
-21646
-21504
-21226
-20825
