-9619
-9014
-8497
-7825
-7214
-6642
-6037
-5539
-5096
-4783
-4838
-4035
-3647
-3357
-3250
-3073
-2909
-2855
-2773
-2678
-2644
-2609
-2796
-3128
-2951
-3833
-4300
-4821
-4939
-6086
-6741
-7287
-7344
-8472
-8915
-9424
-9871
-10191
-10508
-10300
-11052
-11260
-11390
-11508
-11567
-11476
-11378
-11363
-11249
-11271
-11180
-11105
-10978
-10806
-11233
-10684
-10642
-10558
-10520
-10487
-10527
-10577
-10691
-10934
-11176
-11443
-11697
-12128
-12298
-13497
-14327
-14710
-16399
-16888
-17254
-17397
-17539
-17684
-18380
-17936
-16615
-16136
-16174
-15823
-15844
-15657
-15415
-15042
-14833
-14405
-14109
-13844
-13560
-13495
-13397
-13596
-13218
-13976
-13983
-13991
-14033
-14044
-14125
-13682
-14308
-14657
-15039
-14667
-15432
-15834
-16107
-16369
-16516
-16764
-17046
-17268
-17468
-17579
-17697
-17741
-18016
-18037
-18008
-17999
-17999
-17968
-17993
-18039
-17936
-17897
-17985
-18058
-18174
-18630
-18905
-19270
-19107
-19911
-21323
-22195
-22012
-22754
-23151
-23688
-24209
-24823
-25592
-26081
-26275
-26457
-27363
-28041
-27852
-27604
-27392
-27224
-27134
-26880
-26762
-26806
-25918
-25481
-24294
-23936
-23172
-20701
-19953
-19189
-18750
-18350
-18090
-17985
-17672
-17521
-16457
-15806
-15186
-15096
-15281
-15222
-15518
-15808
-15781
-15943
-15636
-16331
-16689
-17050
-17481
-17598
-18197
-19373
-19939
-20441
-20789
-20537
-21373
-21680
-21508
-22159
-22092
-22126
-22037
-21781
-21310
-20813
-20334
-19632
-18865
-18123
-17235
-16355
-16027
-14668
-13922
-13386
-13044
-12808
-12323
-11838
-11468
-11086
-11228
-10626
-10480
-10319
-10247
-10386
-10567
-10901
-11218
-11565
-11880
-11781
-12626
-12957
-13375
-13917
-14355
-14745
-15144
-15554
-15897
-16298
-16815
-17235
-17134
-18056
-18539
-19046
-19394
-19762
-20107
-20354
-20596
-20955
-21233
-21058
-21945
-22004
-23071
-23817
-24044
-25188
-25865
-26378
-26863
-27327
-27634
-27815
-28039
-28249
-28397
-28535
-28621
-28647
-28619
-28642
-28594
-28541
-28390
-28249
-28153
-27976
-27678
-27216
-26615
-25989
-25172
-24815
-23165
-22271
-21936
-20331
-19865
-18355
-17663
-16943
-15630
-14605
-13537
-12647
-10869
-9537
-8382
-7789
-6539
-5981
-5833
-4693
-3924
-3430
-3917
-5203
-6312
-7728
-9710
-11422
-13720
-16258
-18699
-21130
-23938
-25642
-27825
-28836
-30302
-31386
-32903
-33415
-34605
-34384
-34254
-33575
-33163
-31573
-30369
-29233
-26875
-24930
-22073
-19209
-17674
-16123
-14329
-13733
-13126
-12434
-12611
-13313
-13852
-15453
-16128
-18025
-19926
-21819
-23121
-25182
-26014
-27779
-29086
-30025
-30758
-31119
-31042
-30701
-30306
-29882
-29749
-28657
-28334
-27172
-25945
-25205
-24697
-24163
-23817
-22936
-22487
-21634
-21012
-20749
-20441
-19417
-18976
-18577
-17825
-17951
-17531
-17014
-17233
-17926
-18205
-18621
-18661
-20405
-20861
-21355
-21966
-22062
-22785
-22665
-22197
-21184
-20178
-18806
-17224
-15678
-14218
-12760
-11529
-8359
-8102
-7941
-7718
-7768
-7292
-7191
-7405
-7418
-7592
-7875
-8048
-8268
-8455
-8542
-8470
-8459
-8428
-8554
-8682
-8924
-8821
-9352
-9829
-10861
-11373
-11960
-12680
-12728
-13802
-14422
-15023
-15598
-16081
-16189
-17222
-17531
-17541
-17506
-17397
-17214
-16976
-16735
-16594
-16499
-16365
-16294
-16302
-16287
-16457
-16542
-16707
-16960
-17188
-17497
-17888
-18371
-18796
-19289
-19739
-20128
-20468
-20588
-20651
-20651
-20649
-20569
-21008
-20487
-20241
-19939
-19586
-19123
-18777
-18239
-17936
-17626
-17434
-17386
-17397
-17447
-17107
-17861
-17590
-18361
-18640
-18876
-19052
-19224
