-18605
-18434
-18371
-18403
-18674
-18938
-19115
-19313
-19607
-19844
-20111
-20432
-20796
-20978
-21010
-20840
-20728
-20836
-20602
-20254
-20153
-19972
-19250
-18754
-18292
-17850
-17411
-17203
-17583
-16709
-16731
-16789
-16915
-17016
-17222
-17401
-17682
-17611
-18516
-18890
-19665
-20275
-20964
-21636
-22342
-22588
-23502
-24604
-26375
-27712
-28411
-29459
-31628
-32867
-34271
-36033
-36968
-37594
-37949
-37850
-37552
-37586
-36766
-35397
-35102
-33661
-32075
-29321
-27281
-24489
-22913
-20728
-19638
-18957
-18655
-18875
-18628
-19684
-20083
-21730
-22670
-24470
-26466
-28541
-30418
-32352
-34550
-35892
-36770
-36934
-36785
-36228
-35371
-34315
-33569
-32096
-29934
-28508
-26665
-24823
-22548
-20750
-19188
-18565
-17453
-16146
-15739
-15409
-15250
-15321
-15714
-16113
-16161
-16619
-17146
-17905
-18279
-18399
-18537
-18548
-18554
-18510
-18397
-18350
-18128
-18016
-17976
-17800
-17813
-17773
-17884
-18008
-18168
-18380
-18481
-18741
-18745
-18903
-18981
-18999
-19060
-19098
-18804
-18766
-18670
-18466
-18405
-18212
-18149
-17970
-17844
-17731
-17766
-17747
-17825
-17903
-17930
-18050
-17966
-18157
-18292
-18548
-18686
-18953
-19222
-19436
-19663
-20161
-20598
-20997
-21497
-21957
-22361
-22863
-23417
-23848
-24292
-24789
-25163
-25646
-25985
-26266
-26333
-26329
-26281
-26254
-26046
-25781
-25453
-25071
-24642
-24018
-23894
-22686
-22348
-21086
-20239
-19361
-18600
-17913
-17388
-16821
-16186
-15800
-15628
-15506
-15544
-15472
-15180
-15806
-16008
-16254
-16130
-16911
-17214
-17361
-17409
-17336
-17155
-16966
-16661
-16355
-15428
-14922
-14487
-13932
-13369
-13102
-12691
-11831
-11394
-11340
-11283
-11334
-11600
-11886
-12126
-12418
-12901
-13130
-13399
-13554
-13653
-13575
-13378
-13004
-12453
-11886
-11245
-11125
-9955
-9743
-8541
-7888
-7376
-7315
-6636
-6525
-6642
-6787
-7083
-7480
-7869
-8289
-8619
-8897
-9134
-9342
-9252
-9170
-8873
-8361
-7827
-7661
-6550
-5938
-5428
-5027
-4676
-4480
-4457
-4544
-4840
-5203
-5720
-6233
-6441
-7363
-8340
-9367
-11029
-12039
-12939
-13250
-14466
-14894
-15287
-15613
-15846
-16069
-16144
-16350
-16483
-16651
-16649
-16794
-16922
-17249
-17174
-19680
-20069
-20243
-20459
-20367
-20224
-19888
-19409
-18913
-18313
-17689
-16897
-16298
-16048
-14972
-14565
-14195
-13962
-13888
-13836
-13974
-14054
-13913
-14588
-14953
-15027
-17520
-17399
-17319
-17495
-17373
-17256
-17230
-17354
-17224
-17140
-16955
-16909
-16754
-17081
-16392
-16369
-16399
-16638
-16857
-17338
-17777
-18212
-18146
-18638
-19128
-19554
-20512
-20796
-21073
-21281
-21317
-21327
-21279
-21046
-20945
-20750
-20972
-20140
-19842
-19592
-19327
-19071
-18806
-18523
-18243
-18031
-17970
-17796
-17653
-17556
-17424
-17233
-17115
-17149
-16987
-17065
-16634
-17247
-17296
-17424
-17705
-17918
-18182
-18378
-18684
-18913
-18930
-19472
-19542
-20130
-20188
-20489
-19770
-19567
-19470
-19382
-19510
-18829
-18617
-18371
-18132
-17939
-17991
-17932
-17607
-18480
-18951
-19105
-20002
-20743
-21399
-22113
-22791
-23306
-23764
-24241
-24480
-24184
-23827
-23749
-22657
-21834
-20659
-18762
-17378
-16083
-15111
-14399
-14312
-14220
-13930
-14644
-15388
-15972
-16409
-16894
-17567
-18042
-18739
-19300
-19989
-20268
-20634
-20571
-20397
-20228
-19417
-18726
-18481
-17207
-16821
-16714
-16791
-16993
-17178
-17810
-18514
-19014
-19083
-19943
-20497
-19945
-19789
-19313
-18668
-18125
-18014
-17520
-16699
-16466
-16493
-16760
-16739
-17825
-18292
-19315
-19562
-20174
-21371
-21563
-22733
-23254
-23869
-24392
-24838
