-23149
-23233
-23136
-23159
-23182
-22985
-22876
-22829
-22707
-22531
-22363
-22230
-22096
-22020
-21886
-21859
-21775
-21943
-21932
-22054
-21953
-21930
-21812
-21718
-21531
-21354
-21031
-20733
-20460
-20203
-20497
-20014
-19865
-20071
-20214
-20434
-20668
-21134
-21023
-21959
-21989
-23077
-23617
-24615
-25069
-25319
-25466
-25581
-25510
-25434
-25228
-25117
-25355
-24588
-24270
-23680
-23304
-23306
-23514
-23758
-24018
-24382
-24541
-24981
-26312
-27168
-27703
-27873
-27733
-27495
-27016
-25945
-25315
-23619
-22783
-21338
-19657
-18592
-17609
-16831
-16594
-15785
-15945
-16460
-17586
-18258
-19628
-21079
-22625
-24056
-25449
-27178
-28764
-29777
-30449
-30315
-30993
-31231
-30424
-30287
-28474
-29098
-29186
-29197
-28184
-27917
-27953
-27373
-27964
-28195
-28611
-29235
-29357
-30493
-31033
-31478
-31897
-32495
-32773
-32911
-32938
-32869
-32829
-33218
-32447
-32338
-32178
-31813
-31376
-30936
-30373
-30636
-31088
-31096
-31138
-31138
-31195
-31180
-31415
-31598
-31962
-31804
-32527
-32287
-32821
-32649
-32308
-31854
-31420
-30817
-30094
-29409
-28556
-28271
-26907
-26771
-25506
-24688
-24094
-23457
-22855
-22201
-21896
-21583
-21354
-21203
-21094
-21079
-20981
-20981
-21172
-21321
-21478
-21682
-21884
-22010
-22147
-22182
-22197
-22277
-22336
-22397
-22453
-22611
-22676
-22861
-22951
-23010
-23098
-23167
-23174
-23184
-23243
-23102
-22985
-23002
-22768
-22487
-22285
-22073
-21794
-21674
-21500
-21189
-19651
-19344
-18974
-18749
-18485
-18193
-18027
-17792
-17542
-17342
-17222
-17571
-16936
-16947
-16905
-16834
-16800
-16686
-16640
-16634
-16649
-16800
-16915
-16928
-17000
-16959
-16926
-17058
-17331
-17357
-17470
-17583
-17575
-17743
-17852
-17907
-17960
-17978
-18018
-18067
-18130
-18086
-17953
-17840
-17663
-17409
-17270
-17107
-16802
-16413
-15655
-15004
-14485
-13741
-11863
-11308
-10920
-10514
-10571
-10815
-10943
-11149
-11430
-11773
-12483
-13319
-14088
-14544
-15109
-15459
-15771
-15945
-16443
-16771
-16647
-17415
-17428
-17367
-17155
-16911
-17098
-16207
-15663
-15212
-14731
-14474
-14207
-14063
-14212
-13710
-14478
-14980
-15157
-16525
-17569
-18170
-19993
-20626
-21659
-22596
-23884
-24317
-24569
-24497
-24331
-24415
-23938
-23355
-22376
-21886
-21319
-21466
-20647
-20546
-20602
-20756
-21235
-21695
-22188
-22705
-23308
-23499
-24399
-24766
-24894
-25111
-25210
-25186
-25063
-24676
-24121
-23661
-23048
-22653
-22231
-21810
-21350
-20928
-20438
-19960
-20025
-19231
-18905
-19054
-18333
-18149
-17964
-17989
-18050
-18271
-18136
-19050
-19894
-20426
-20525
-21605
-22230
-22569
-22869
-23021
-23104
-23060
-22888
-22808
-22483
-22539
-22953
-22306
-22354
-22245
-22231
-21991
-22791
-23298
-23621
-24125
-24686
-25226
-25733
-26132
-26546
-26966
-27184
-27241
-27079
-26754
-26384
-26084
-25750
-25336
-24825
-24184
-23518
-22995
-22918
-22014
-21955
-21044
-20676
-20277
-20063
-19934
-19844
-19682
-19617
-19567
-19520
-19630
-19983
-20312
-20581
-20855
-21188
-21018
-21044
-21726
-21781
-21766
-21688
-21659
-21964
-21430
-21518
-21401
-21021
-21012
-20953
-21434
-20712
-19987
-20102
-20058
-19976
-19970
-20115
-20163
-20201
-20375
-20327
-20352
-20537
-20829
-21128
-21420
-21716
-21521
-22228
-22016
-22775
-23054
-23350
-23596
-23758
-24226
-24480
-24880
-24941
-25441
-25966
-26008
-26432
-26170
-25271
-24676
-24228
-23159
-22651
-22418
-22632
-22584
-23705
-24375
-25121
-25846
-26579
-27348
-27932
-28132
-27884
-27541
-27069
-26457
-25619
-24800
-24188
-23959
-23962
-24140
-24750
-25355
-26161
-26468
-27449
-27575
-27676
-27705
