-16338
-15855
-15363
-14783
-13831
-13628
-12539
-12684
-11764
-13962
-15104
-16069
-16712
-18256
-19155
-20758
-21212
-21306
-21243
-21115
-20878
-20951
-20130
-19674
-19466
-19157
-18953
-18863
-18840
-18951
-19094
-19291
-19682
-19588
-20092
-20905
-21178
-21334
-21378
-21294
-21210
-21491
-20680
-20361
-19960
-19983
-18957
-19027
-17873
-17271
-16709
-16304
-15987
-15747
-15594
-15615
-15678
-15646
-15794
-15829
-15896
-15985
-15642
-16237
-16119
-16415
-16260
-16132
-16090
-16063
-16079
-16142
-16176
-16140
-16117
-16201
-16302
-16384
-16424
-16445
-16397
-16441
-16485
-16390
-16348
-16291
-16243
-16230
-16191
-16193
-16146
-16107
-16094
-16052
-16008
-16006
-16050
-16060
-16012
-15922
-15833
-15655
-15554
-15499
-15434
-15340
-15184
-15134
-15088
-15023
-15134
-15209
-15216
-15329
-15418
-15548
-15745
-15980
-16214
-16523
-16787
-17060
-17481
-17878
-18159
-18102
-19010
-19500
-19894
-20376
-20861
-21399
-21838
-22390
-22899
-23424
-23460
-24384
-24882
-25363
-25840
-26319
-26724
-27144
-27535
-27380
-28153
-28405
-28657
-28867
-29020
-29090
-29035
-29016
-28999
-28949
-28932
-28882
-28688
-28546
-28457
-28199
-28298
-27531
-27237
-26907
-26544
-26205
-25930
-25831
-25649
-25468
-25287
-25178
-25098
-24920
-24848
-24791
-24674
-24688
-24707
-24697
-24756
-24873
-24878
-24875
-24985
-25113
-25186
-25323
-25390
-25487
-25609
-25701
-25422
-26006
-26119
-26220
-26275
-26365
-26451
-26460
-26438
-26468
-26541
-26541
-26527
-26455
-26420
-26424
-26388
-26249
-26109
-26042
-25934
-25798
-25684
-25483
-25243
-25037
-24819
-24653
-24399
-24126
-24397
-23699
-23504
-23283
-23451
-22817
-22695
-22493
-22266
-22100
-22031
-21913
-21691
-21628
-21602
-21678
-21600
-21523
-21619
-21655
-21674
-21712
-21794
-21875
-21959
-22157
-22264
-22399
-22512
-22562
-22726
-22785
-22863
-22957
-23132
-23222
-23258
-23298
-23394
-23439
-23932
-23443
-23491
-23646
-23634
-23607
-23626
-23615
-23563
-23567
-23573
-23499
-23478
-23497
-23420
-23336
-23312
-23275
-23279
-23243
-23218
-23228
-23254
-23220
-23237
-23260
-23249
-23321
-23497
-23531
-23596
-23720
-23907
-24039
-24167
-24254
-24401
-24579
-24674
-24903
-25134
-25371
-25703
-26035
-26340
-26655
-26938
-26913
-27731
-28128
-28426
-28691
-29042
-29340
-29640
-29983
-30254
-30605
-30911
-31065
-31340
-31510
-31628
-31815
-31918
-31899
-31869
-31798
-31672
-31516
-31354
-31147
-31218
-29985
-29350
-29201
-27472
-26896
-26218
-25636
-25209
-24619
-24405
-24258
-24159
-24029
-24111
-24088
-24266
-24319
-24394
-24376
-24373
-24134
-23968
-23688
-23331
-22997
-22680
-22390
-22201
-21989
-21966
-21094
-20869
-20999
-20212
-19934
-19657
-19447
-19165
-18852
-19046
-18170
-17953
-17709
-17480
-17317
-17128
-16798
-17084
-16292
-16052
-15936
-15825
-15773
-16117
-15541
-15470
-15504
-15573
-15231
-15224
-16226
-17109
-18052
-18430
-18630
-18712
-18983
-19340
-19771
-20231
-20663
-20922
-21186
-21258
-21439
-21569
-21926
-22239
-22688
-22838
-23063
-23067
-23182
-23052
-22974
-22829
-22947
-22457
-21605
-21203
-20789
-20275
-19959
-19646
-19270
-18918
-18689
-18691
-18605
-18649
-18813
-19012
-19111
-19071
-18827
-18436
-17880
-17491
-17174
-16960
-16617
-16168
-15699
-15359
-15094
-14936
-14896
-14775
-14619
-14623
-14567
-14415
-14294
-14052
-13888
-13518
-13294
-13071
-12903
-12770
-12602
-12449
-12323
-12067
-12090
-12136
-12138
-11876
-12212
-12535
-12882
-13319
-13668
-14165
-14560
-14796
-14960
-15033
-15355
-15214
-15949
-15970
-15840
-15695
-15848
-15680
-15394
-15151
-14985
-15144
-14302
-13964
-13821
