-11010
-10527
-10117
-9850
-9417
-8993
-8670
-8457
-8151
-8031
-8020
-8033
-8399
-8319
-9428
-10008
-10281
-11611
-12407
-12813
-14163
-14663
-15928
-16766
-17550
-18247
-18899
-19537
-20168
-20701
-21104
-21039
-21840
-21911
-21951
-21867
-21764
-21504
-21281
-21098
-20882
-20604
-20281
-20083
-19806
-19491
-19102
-18730
-18329
-17871
-17455
-17125
-16882
-16672
-16455
-16359
-16205
-16042
-15880
-15701
-15569
-15464
-15417
-15333
-15422
-15554
-15623
-15758
-15892
-15936
-15951
-15955
-16052
-16109
-16283
-16310
-16453
-16499
-16521
-16497
-16382
-16319
-16300
-16271
-16256
-16256
-16310
-16359
-16357
-16354
-16331
-16443
-16571
-16750
-16991
-17231
-17546
-17718
-18052
-18420
-18686
-18583
-19401
-19791
-19987
-20252
-20434
-20495
-20571
-20468
-20264
-20500
-19646
-19230
-18707
-18233
-17754
-17268
-16426
-15911
-15394
-15083
-15111
-14363
-14088
-13712
-13375
-13031
-12600
-12483
-12188
-11905
-11876
-11852
-11810
-11873
-12016
-12397
-12602
-13098
-13644
-14168
-14695
-15796
-17556
-18997
-20033
-21512
-23073
-24873
-26121
-27125
-27417
-28762
-29271
-29598
-29802
-29888
-29584
-29199
-28554
-28155
-26630
-25859
-23951
-22962
-21035
-19718
-18980
-17317
-16329
-15413
-14773
-14521
-14241
-13861
-13527
-13521
-13861
-14285
-14863
-15409
-15943
-16457
-16894
-17396
-17781
-18165
-18443
-18743
-18997
-19199
-19376
-19628
-19867
-19960
-20125
-20283
-20363
-20489
-20617
-20747
-20716
-20730
-20546
-20371
-20155
-19936
-19697
-19974
-19250
-19502
-18632
-18142
-17800
-17609
-17376
-17207
-17092
-17304
-17159
-17680
-18684
-19178
-19098
-19552
-20300
-20514
-20586
-20720
-20796
-20758
-20562
-20367
-20369
-20514
-20607
-20834
-20953
-21245
-21451
-21546
-21628
-21926
-21161
-20583
-20483
-19117
-18199
-17105
-16584
-14978
-14172
-14104
-13464
-13533
-13876
-14130
-14401
-14829
-14752
-15775
-15968
-15722
-15596
-14336
-13459
-12508
-11649
-11579
-10615
-9714
-8619
-8119
-8579
-8094
-8277
-8529
-8934
-9565
-9823
-11144
-12029
-12659
-13344
-13917
-14460
-14892
-15100
-15025
-14764
-14575
-14586
-14724
-14980
-15506
-15957
-16575
-16623
-17321
-17254
-16997
-15235
-14044
-11829
-10464
-8726
-6880
-6210
-6035
-5997
-7289
-8579
-10180
-11392
-13525
-14354
-16048
-16936
-17165
-18212
-18500
-18688
-18827
-18936
-18939
-18779
-19050
-18333
-18168
-17976
-17819
-17625
-17184
-16907
-16806
-16697
-16563
-16485
-16281
-15752
-15218
-15056
-13846
-13651
-12499
-11951
-11592
-11611
-11855
-12438
-13422
-14565
-15922
-17409
-18336
-19617
-20611
-21655
-21810
-21682
-21354
-21396
-20430
-19632
-19417
-18191
-17630
-17176
-17000
-16966
-16924
-16959
-17147
-17285
-17693
-17691
-18726
-19306
-19909
-20115
-21146
-21634
-22092
-22233
-22132
-21672
-21025
-20168
-19115
-18241
-17403
-17077
-15930
-15333
-15033
-14722
-14750
-14934
-15476
-16092
-16209
-17394
-18252
-19205
-19573
-20760
-21407
-21922
-22182
-22165
-21869
-21550
-21491
-20544
-20130
-19791
-19781
-20027
-20386
-20918
-21707
-22823
-23867
-24802
-24970
-25821
-25959
-25949
-25590
-25327
-24735
-24155
-23548
-23363
-22006
-21048
-20077
-19098
-18264
-17613
-17140
-16974
-17037
-17333
-17943
-18527
-18722
-19897
-20880
-21806
-22865
-23665
-24342
-24445
-25283
-25535
-25712
-25792
-25689
-25537
-25354
-25270
-25247
-25403
-25663
-25699
-25672
-25489
-25226
-25021
-25396
-24844
-24745
-24626
-24506
-24600
-24802
-25161
-25384
-25621
-25739
-25819
-25693
-25541
-25460
-25367
-25260
-25250
-25042
-25096
-25207
-25518
-25445
-26346
-26661
-26773
-27355
-26840
-26707
