-20792
-19699
-19518
-18638
-18199
-17773
-17119
-16800
-16617
-16544
-16388
-16312
-16434
-16657
-16964
-17380
-17873
-18371
-18785
-19457
-19957
-19796
-20397
-20857
-21249
-21436
-21409
-21121
-21033
-20756
-20336
-20363
-19333
-19468
-18466
-17905
-17439
-17573
-16745
-16508
-16361
-16327
-16521
-16701
-17094
-17548
-18075
-18817
-19084
-20411
-21197
-21915
-22590
-23117
-23558
-23833
-23989
-24096
-24113
-24226
-24144
-24084
-23987
-23819
-23661
-23934
-23355
-23233
-23186
-23109
-22987
-22655
-22382
-22083
-21680
-21407
-21212
-21161
-21077
-20968
-20825
-20674
-20604
-20638
-20600
-20510
-20483
-20445
-20445
-20441
-20451
-20497
-20483
-20491
-20607
-20668
-20802
-20938
-21077
-21300
-21023
-21680
-21957
-22205
-22363
-22546
-22724
-22928
-23119
-23367
-23558
-23842
-24214
-24506
-24716
-24855
-25058
-25230
-25354
-25483
-25766
-25890
-25983
-26130
-26287
-26394
-26493
-26647
-26760
-26813
-26854
-26840
-26850
-26901
-26947
-27021
-27012
-27142
-27170
-27348
-27407
-27436
-27831
-27174
-26913
-26636
-26840
-25997
-25689
-25472
-25256
-25042
-24775
-24562
-24409
-24262
-24063
-23747
-23487
-23205
-22922
-22487
-22226
-21875
-21569
-21317
-21088
-20920
-20764
-20636
-20565
-20510
-20497
-20516
-20447
-20438
-20495
-20602
-20657
-20848
-20896
-20829
-20886
-20938
-20773
-20426
-20695
-21743
-22365
-22701
-22823
-22779
-22655
-22701
-22781
-22752
-22653
-22541
-22499
-22443
-22466
-22508
-22625
-22773
-22888
-22953
-23075
-23069
-23008
-23006
-22922
-22789
-22686
-22661
-22626
-22581
-22491
-22495
-22584
-22720
-22854
-23002
-23151
-23294
-23521
-23716
-23857
-24008
-24107
-24214
-23962
-24609
-24678
-24766
-24882
-24896
-24917
-24959
-24959
-24964
-24987
-25000
-25100
-25168
-25228
-25325
-25350
-25273
-25210
-25115
-25027
-24857
-24710
-24588
-24438
-24176
-23985
-23875
-23640
-23464
-23296
-23063
-22882
-22607
-22388
-22155
-21871
-21710
-21550
-21357
-21212
-21102
-21062
-20932
-20907
-20939
-20928
-20922
-20537
-21037
-21083
-21157
-21235
-21382
-21018
-21535
-21604
-21647
-21741
-21827
-21871
-21867
-21842
-21848
-21760
-21661
-21535
-21292
-21115
-20959
-20785
-20625
-20483
-20325
-20056
-19882
-19720
-20016
-19231
-18981
-18802
-19052
-18315
-18541
-17834
-17607
-17428
-17298
-17222
-17161
-17121
-17096
-16968
-16924
-16773
-16636
-16558
-16355
-16182
-16147
-16065
-16092
-16102
-16050
-16075
-16054
-16096
-16168
-16403
-16136
-16842
-17157
-17298
-17512
-17707
-17886
-18109
-18107
-18203
-18117
-17993
-17647
-17403
-17575
-16750
-16468
-16594
-16094
-15031
-14537
-13869
-13596
-12470
-11949
-11409
-11000
-10542
-10167
-9819
-9525
-9285
-9176
-9025
-9060
-9250
-9550
-9980
-10445
-10270
-11094
-11634
-12376
-12865
-13350
-13760
-14111
-14317
-14504
-14632
-14653
-14445
-14649
-13903
-13745
-13531
-13325
-12917
-12371
-12077
-11970
-12107
-12294
-12636
-13153
-13457
-14000
-14512
-14789
-15957
-16197
-17401
-18052
-18523
-18978
-19174
-20193
-20691
-21083
-21325
-21598
-21649
-21800
-21764
-21865
-21581
-21367
-21480
-20600
-20207
-19955
-19619
-19480
-19397
-19346
-19214
-19241
-19378
-19466
-19676
-19842
-20277
-20750
-21363
-21737
-21945
-22094
-22119
-22056
-22004
-21928
-21806
-21798
-21552
-21224
-20930
-20544
-20277
-20105
-20062
-20132
-20354
-20497
-20048
-20682
-20741
-20964
-21174
-21042
-21804
-22125
-22275
-22342
-22382
-22340
-22363
-22472
-22405
-22438
-22529
-22560
-22674
-22815
-22959
-23258
-23392
-23413
-23529
-23592
-23577
-23661
-23867
-24123
-24250
-24336
-23953
-24336
-24039
-23817
-23556
-23327
