-22310
-22861
-23348
-23917
-24008
-25067
-25594
-26478
-26384
-27214
-27563
-27821
-28062
-28262
-28510
-28554
-28544
-28584
-28455
-28821
-28224
-27897
-27714
-27806
-26939
-26552
-26073
-25344
-24313
-24151
-23945
-23823
-23907
-23932
-24191
-23987
-24907
-25155
-25376
-25445
-25243
-25369
-24344
-23626
-23348
-22455
-20083
-19476
-17890
-17428
-16462
-15258
-15096
-13966
-12867
-12584
-12434
-12348
-12256
-11730
-12197
-12102
-12063
-11985
-11960
-11922
-11850
-11831
-11783
-11705
-11647
-11546
-11665
-11016
-11518
-11876
-11920
-11886
-11852
-11899
-11993
-12021
-12023
-12119
-12285
-12474
-12638
-12838
-12987
-12747
-13544
-13197
-13993
-13686
-14394
-14640
-14964
-15205
-15420
-15726
-15970
-16188
-16354
-16596
-16789
-16880
-16884
-16901
-16855
-16771
-16667
-16550
-16451
-16302
-16184
-16008
-15833
-15661
-15483
-15235
-14943
-15104
-14247
-13901
-13523
-13210
-12871
-12556
-12262
-12067
-11876
-12212
-11586
-11514
-11443
-11376
-11313
-11321
-11331
-11380
-11373
-11438
-11506
-11655
-11833
-12041
-12260
-12392
-12499
-12647
-12781
-12909
-12905
-12913
-12913
-12867
-12710
-12644
-12500
-12140
-11972
-11749
-11409
-11170
-10970
-10598
-10268
-10128
-9955
-10233
-9609
-9548
-9531
-9575
-9657
-9758
-9962
-10214
-10468
-10739
-10959
-11184
-11422
-11241
-12020
-12300
-12520
-12655
-12783
-12882
-13033
-13060
-12951
-12873
-12760
-12558
-12415
-12247
-12058
-11802
-11686
-11506
-11354
-11243
-11167
-11050
-10924
-10827
-11231
-10640
-10535
-10535
-10499
-10334
-10317
-10334
-10313
-10304
-10317
-10336
-10340
-10430
-10579
-10619
-10741
-10791
-10714
-10647
-10636
-10523
-10397
-10275
-10163
-10107
-10088
-10060
-10031
-10010
-9995
-10006
-9960
-10134
-10147
-10012
-9655
-9596
-9468
-9468
-9655
-9850
-9896
-10167
-10369
-10535
-10697
-10976
-10750
-11468
-11815
-12048
-12367
-12604
-12697
-12745
-12634
-12733
-12905
-13304
-13768
-14140
-14766
-15230
-15800
-16436
-16619
-16789
-17867
-18863
-19090
-19188
-19264
-19397
-19069
-19604
-19586
-19508
-19056
-19590
-19733
-19756
-19791
-19859
-19873
-19846
-19802
-19583
-19323
-19130
-18771
-18420
-18092
-17808
-17451
-17558
-16836
-16632
-16504
-16277
-16083
-15981
-15960
-15897
-15855
-15886
-15890
-15938
-15991
-16058
-16159
-16325
-16462
-16604
-16821
-17098
-17470
-17756
-18052
-18376
-18735
-18962
-19203
-19462
-19758
-20081
-20249
-20497
-20825
-21199
-21575
-21787
-22029
-22329
-22436
-22575
-22705
-22798
-22833
-22920
-23050
-23111
-23102
-23220
-23361
-23388
-23306
-23207
-23058
-22842
-21901
-21798
-21733
-21735
-21735
-21670
-21644
-21749
-21758
-21743
-21823
-21899
-22000
-22090
-22130
-22273
-22397
-22432
-22512
-22598
-22646
-22657
-22764
-22731
-22760
-22688
-22613
-22529
-22436
-22287
-22151
-21991
-21880
-21712
-21972
-21239
-21126
-20905
-20575
-20344
-20079
-19903
-19691
-19523
-19396
-19167
-19062
-18972
-18834
-18670
-18602
-18592
-18657
-18791
-18934
-19042
-19180
-19369
-19506
-19712
-19848
-20018
-20197
-20432
-20667
-20907
-21172
-21403
-21661
-21981
-22159
-22401
-22598
-22777
-22878
-22918
-23063
-23170
-23189
-23151
-23243
-23289
-23226
-23136
-23086
-23014
-22884
-22817
-22621
-22376
-22170
-22041
-21945
-21840
-21714
-21552
-21396
-21287
-21205
-21201
-21188
-21296
-21355
-21443
-21628
-21863
-22098
-22357
-22651
-22930
-23298
-23773
-24021
-24212
-24420
-24615
-24775
-24943
-25149
-25388
-25600
-25779
-26023
-26298
-26541
-26720
-26871
-27037
-27134
-27231
-27329
-27466
-27571
-27699
-27871
-27951
-27976
-28006
-28046
-28086
-28117
-28144
