-10518
-9951
-9836
-9285
-9989
-10180
-10583
-10934
-11640
-11730
-12264
-13214
-14518
-14709
-16048
-16817
-17438
-17741
-17817
-17661
-17363
-16941
-16556
-16210
-16077
-15184
-14840
-14329
-13815
-13369
-13092
-13140
-13504
-14060
-14216
-15432
-15689
-17054
-17907
-18806
-19705
-20063
-21382
-21531
-22596
-22542
-23270
-23260
-22997
-22653
-22060
-20575
-19203
-18960
-18002
-18060
-17548
-16457
-15823
-15417
-15247
-14924
-15002
-15323
-15752
-15705
-16138
-16983
-17331
-17470
-17600
-17449
-17340
-17500
-17773
-17983
-17813
-17720
-17705
-17747
-17483
-17588
-16787
-16397
-16035
-15481
-15571
-14472
-14271
-14468
-14310
-13918
-13644
-13554
-13472
-13420
-13483
-13728
-13892
-14273
-14445
-14634
-14764
-15075
-15607
-15661
-16747
-17357
-17848
-18376
-18859
-19296
-19771
-20256
-20779
-20552
-21310
-21535
-21619
-21632
-21636
-21806
-21905
-22039
-22249
-22428
-22636
-22880
-23207
-23031
-23903
-24252
-23957
-24735
-24970
-25191
-25510
-25834
-26182
-25917
-26521
-26621
-26739
-26760
-26756
-26712
-26596
-26329
-26382
-25844
-25302
-24249
-23596
-22970
-22558
-21863
-21907
-20813
-20462
-20123
-20002
-19939
-20126
-20262
-20695
-21186
-21649
-22256
-22903
-23689
-23997
-25273
-25430
-26678
-26907
-28102
-28684
-29214
-29420
-29766
-30008
-30046
-29579
-29777
-29237
-28086
-27157
-26054
-24978
-23695
-22960
-21157
-20105
-19245
-18592
-18163
-17771
-17699
-17552
-17995
-18726
-19247
-19854
-20852
-22046
-24205
-24521
-26741
-28710
-29812
-31703
-32947
-33848
-34386
-34653
-34521
-34062
-32991
-31756
-29502
-25938
-22943
-19485
-14613
-10787
-7964
-6634
-6401
-7060
-8838
-11838
-15993
-19396
-23098
-28083
-32010
-35386
-37705
-39750
-40607
-40628
-40323
-38987
-37075
-34810
-32676
-30283
-27852
-26653
-25262
-23457
-22907
-22497
-22426
-22716
-23336
-24161
-24529
-25541
-26016
-26533
-27094
-27693
-27976
-29260
-30041
-30397
-31626
-32216
-32661
-33012
-32825
-32298
-31476
-31256
-29924
-28985
-28006
-26976
-25896
-25376
-23670
-22680
-21686
-20827
-20161
-19636
-19146
-18857
-19014
-18445
-18375
-18499
-18636
-18949
-19138
-19516
-19859
-20146
-20514
-20831
-21392
-21854
-22063
-22270
-21999
-22245
-21928
-21584
-21422
-20907
-20619
-20491
-19453
-18894
-18153
-17239
-17016
-16109
-14775
-14186
-13728
-13558
-13619
-13642
-13840
-14750
-14726
-15863
-16130
-17445
-18346
-19352
-20233
-20957
-21020
-21928
-22203
-22373
-22287
-22247
-22044
-21686
-21298
-20642
-20449
-19144
-18180
-17212
-16409
-15972
-15128
-13697
-12951
-12312
-11903
-11457
-11256
-11245
-11168
-11296
-11718
-11050
-11071
-11073
-11031
-11092
-11125
-11153
-11123
-11021
-10785
-10508
-10665
-9926
-9838
-9945
-9955
-10084
-10294
-10466
-10804
-11151
-11560
-11899
-12348
-12525
-13386
-13754
-14770
-15548
-16346
-16733
-17932
-18123
-19174
-19109
-19605
-20783
-21249
-21338
-21285
-21048
-21632
-21714
-21615
-21270
-20693
-20258
-19798
-19333
-18934
-18491
-17926
-17636
-16846
-15897
-15611
-14623
-14300
-13991
-13930
-13991
-14075
-14140
-14548
-14960
-15457
-15873
-16212
-16514
-16804
-17054
-17271
-17476
-17764
-17625
-18418
-18718
-18924
-18934
-18894
-18718
-18336
-17701
-17573
-16796
-16296
-16021
-14974
-14571
-14556
-14886
-15516
-15646
-16827
-17770
-18170
-19207
-20688
-21380
-21785
-21827
-21581
-21147
-20529
-19873
-18880
-17863
-16915
-16144
-15462
-14836
-14336
-14021
-13918
-13928
-13876
-14008
-13762
-14911
-15537
-16067
-16546
-17008
-17460
-17997
-18436
-19117
-20743
-21000
-20678
-20443
-19184
-18787
-18502
-17918
-17499
-16344
-16142
