-9063
-8766
-8621
-8453
-8384
-8373
-8470
-8611
-8359
-9136
-9455
-9340
-9779
-10668
-11172
-11569
-12102
-12541
-12834
-12960
-13134
-13083
-12945
-12771
-12468
-12667
-11815
-11405
-10991
-10499
-10102
-10186
-9750
-8894
-8493
-8249
-7978
-7762
-7602
-7493
-7493
-7525
-7575
-7752
-8008
-8212
-8415
-8747
-9046
-8806
-9590
-9836
-10174
-10533
-10854
-11228
-11533
-11831
-12199
-12499
-12802
-12959
-13125
-13270
-13436
-13661
-13672
-13670
-13743
-13802
-13859
-13957
-14023
-14067
-14155
-14273
-14430
-14552
-14718
-14859
-14897
-14667
-15453
-15602
-15859
-16237
-16579
-16949
-17327
-17716
-18197
-18701
-19189
-19481
-19867
-20197
-20042
-20827
-20983
-21203
-21397
-21588
-21815
-22083
-22245
-22373
-22392
-22424
-22392
-22354
-22138
-21892
-21569
-21188
-20709
-20333
-20464
-19976
-19481
-18983
-18487
-17401
-16880
-16321
-15869
-15449
-15569
-15144
-14413
-14130
-13945
-13817
-13750
-13731
-13754
-13812
-13964
-13701
-14409
-14182
-14938
-15218
-15464
-15684
-16029
-16483
-16794
-17268
-17102
-17852
-18037
-18193
-18422
-18651
-18808
-18989
-19157
-19367
-19516
-19771
-19562
-20155
-20289
-20415
-20455
-20560
-20583
-20594
-20588
-20481
-20033
-20619
-20481
-20434
-20420
-20312
-20165
-20117
-20230
-20092
-19894
-19836
-19594
-19392
-19107
-18953
-18939
-18959
-19042
-19159
-19273
-19344
-19525
-19703
-19960
-20249
-20037
-20815
-21123
-21279
-21058
-21819
-22084
-21993
-22647
-22777
-22913
-22890
-22896
-22497
-22930
-22901
-22770
-22674
-22949
-22237
-22046
-21651
-21980
-21275
-21480
-20766
-20441
-20247
-20065
-19959
-19619
-19411
-19069
-18789
-18476
-18092
-17691
-17365
-16930
-16449
-16004
-15535
-15189
-14840
-14436
-14006
-14168
-13577
-13584
-13827
-13718
-14563
-15125
-15500
-16123
-16802
-17510
-18239
-18949
-19695
-20453
-20573
-21497
-21884
-22054
-22079
-22443
-21741
-21340
-21012
-20604
-20323
-20254
-20134
-20071
-20109
-20107
-20283
-20487
-20867
-21449
-21542
-22730
-23438
-24132
-24802
-24922
-25443
-26342
-26665
-27136
-27188
-27233
-27048
-26829
-26510
-26004
-25604
-24997
-24033
-23155
-22327
-21560
-20859
-19796
-19151
-18457
-18184
-17989
-18189
-18331
-18722
-18605
-19758
-20334
-20878
-21277
-21632
-21911
-22125
-22344
-22514
-22607
-22730
-22846
-22867
-22980
-23046
-23199
-23144
-23172
-23188
-23035
-22905
-22521
-22245
-21775
-21292
-20743
-20218
-19987
-18922
-18960
-17834
-17449
-17308
-17020
-16859
-16684
-16512
-16480
-16533
-16428
-16575
-16749
-16750
-16959
-17100
-17132
-17287
-17418
-17651
-17737
-18039
-18270
-18096
-18876
-19417
-19844
-20441
-20590
-21749
-22441
-23109
-23714
-24294
-24449
-24959
-25512
-26562
-26962
-27279
-27417
-27491
-27481
-27327
-27209
-27163
-26957
-26668
-26838
-26000
-25852
-25004
-24476
-24411
-23468
-23210
-22743
-22600
-22323
-22052
-21750
-21617
-21537
-21529
-21978
-21539
-21661
-21720
-21611
-21525
-21407
-21174
-21046
-20739
-20325
-20453
-19396
-18762
-18241
-17644
-17563
-16502
-15993
-16054
-15039
-14697
-14520
-14285
-14195
-13880
-13939
-14438
-14172
-14930
-15426
-15773
-16037
-16409
-16445
-16136
-16584
-16667
-16668
-16670
-16567
-16317
-16042
-15712
-15331
-14836
-14333
-13739
-13302
-13083
-12083
-11546
-11035
-10548
-10224
-9985
-9871
-9938
-10119
-10363
-10281
-11459
-11821
-11754
-12588
-12987
-13247
-13455
-13556
-13466
-13241
-12913
-12586
-12476
-12628
-12079
-11995
-12147
-12426
-12764
-12745
-13815
-14466
-15886
-18176
-18233
-18474
-18594
-18619
-18602
-19050
-18542
-18523
-18336
-18128
-18016
-17913
-17466
