-23703
-23382
-23245
-23100
-22917
-22869
-22806
-22817
-22892
-23012
-23058
-23111
-23325
-23535
-23714
-24109
-23966
-24756
-25109
-25348
-25781
-26126
-26380
-26762
-27067
-26899
-27701
-27960
-28205
-28323
-28443
-28487
-28575
-28523
-28237
-28065
-28094
-28140
-28136
-27928
-27936
-27762
-27728
-27594
-27798
-27027
-26768
-26468
-26228
-25945
-25705
-25483
-25134
-25380
-24777
-24527
-24283
-24092
-23821
-23550
-23354
-23096
-22884
-22583
-22250
-22258
-22191
-21991
-21909
-21766
-21558
-21420
-21218
-21113
-20762
-20502
-20462
-20447
-20415
-20226
-20195
-20058
-19938
-19899
-19794
-19873
-19981
-20046
-19962
-19974
-20027
-20228
-20041
-21000
-21062
-22092
-22712
-23209
-23909
-24544
-25209
-25413
-27430
-28298
-28886
-29792
-30216
-30596
-30867
-31857
-32178
-32105
-32226
-31050
-30655
-29750
-28598
-28207
-28323
-27464
-27056
-26730
-26296
-25913
-25535
-25111
-24667
-22233
-21319
-20960
-19670
-19481
-18646
-18476
-18506
-18726
-19018
-19069
-20313
-21004
-21934
-22533
-23565
-24871
-25459
-26655
-27348
-27991
-28529
-28901
-29294
-29418
-29441
-29449
-29264
-28974
-29226
-28520
-28262
-28035
-27924
-27689
-27481
-27355
-26873
-27386
-27533
-27794
-28014
-28123
-28394
-28436
-28817
-29180
-29728
-29905
-30941
-31623
-32230
-32592
-32938
-33703
-33770
-33955
-34558
-34934
-35394
-35607
-35834
-35917
-36002
-36052
-36285
-36418
-36510
-36707
-36777
-36812
-36813
-36464
-36630
-35682
-35626
-34499
-33758
-32964
-32640
-31735
-30292
-29712
-28100
-27062
-25924
-25340
-24352
-22995
-22138
-21310
-20966
-19981
-18693
-18480
-17291
-16844
-16418
-16027
-15892
-15689
-15735
-15779
-15924
-16235
-16167
-16693
-17762
-18562
-19224
-19907
-20109
-21136
-21010
-21850
-22044
-22144
-22102
-22060
-21905
-21592
-21336
-21035
-20804
-20699
-20422
-20308
-20159
-20123
-20235
-20350
-20489
-20840
-21130
-21682
-22046
-22352
-23142
-23680
-23966
-25260
-25432
-26714
-27346
-28073
-28768
-29176
-29514
-29533
-29455
-29191
-28943
-28401
-28310
-27153
-25417
-24747
-24342
-23004
-22104
-21020
-20430
-18781
-17766
-17065
-15970
-14363
-13249
-12252
-10953
-9800
-8817
-8224
-6882
-6588
-6556
-6388
-7432
-7890
-9466
-10390
-11331
-12985
-14157
-15069
-15955
-16147
-16655
-17092
-17575
-17008
-16693
-16542
-16319
-15993
-15781
-15500
-15195
-14960
-14899
-14888
-14959
-15042
-15432
-15773
-16228
-16254
-17380
-17716
-18584
-19959
-20844
-21663
-22029
-23300
-23525
-24709
-25289
-25812
-26348
-26714
-27149
-26894
-27600
-27821
-27985
-28113
-28163
-28186
-28155
-28132
-28075
-27987
-27928
-27720
-27415
-27132
-26668
-26264
-25686
-25159
-24510
-23806
-23201
-22636
-22037
-21510
-21069
-20634
-20189
-19926
-19655
-19579
-19241
-18785
-18573
-19481
-19646
-19613
-20724
-21062
-26930
-27233
-27459
-27466
-27476
-27329
-27094
-26756
-26394
-26298
-25096
-24836
-23581
-22833
-22086
-21558
-21027
-20584
-20254
-20130
-19878
-19733
-19464
-19331
-19188
-19144
-19541
-18964
-19010
-19409
-19653
-20409
-20575
-20781
-20533
-21176
-21447
-21573
-21823
-22184
-22413
-22625
-22842
-23041
-23111
-23249
-23239
-22846
-22646
-22535
-22592
-22520
-22525
-22764
-23216
-24245
-23764
-23260
-22817
-22796
-22750
-22730
-22785
-22813
-22823
-22808
-22894
-22873
-22802
-22741
-22581
-22136
-21615
-21088
-20964
-19886
-19147
-18226
-18000
-16857
-16157
-15407
-14941
-14499
-13959
-13500
-12955
-10025
-9945
-9899
-10008
-9810
-10619
-11044
-11642
-12214
-12852
-13607
-14428
-15394
-16443
-17439
-18552
-19840
-20964
-21615
-23270
-24333
-25342
-26352
-27147
-28004
