-7107
-7502
-7886
-8302
-8560
-8714
-8861
-9102
-9151
-9058
-9048
-8966
-8991
-9062
-9107
-9167
-9300
-9333
-9638
-9728
-9628
-9613
-10688
-11703
-12042
-12031
-12105
-12289
-12342
-12300
-12249
-12684
-12090
-12134
-12123
-11489
-11361
-11151
-11010
-10909
-10792
-10499
-10134
-10205
-9394
-8989
-8542
-7999
-7667
-7426
-6980
-6672
-6443
-6220
-6115
-5970
-5884
-5747
-5712
-5697
-5672
-5735
-5802
-5884
-6063
-6344
-6628
-7000
-7487
-7336
-7834
-8312
-8798
-9917
-10502
-11042
-11516
-12174
-12798
-13382
-13918
-14542
-14703
-15735
-15670
-16714
-17207
-17747
-18260
-18659
-19165
-19710
-20092
-20041
-20930
-21392
-21817
-22098
-22459
-22802
-23222
-23579
-23857
-24086
-24291
-24605
-24827
-24981
-25115
-25352
-25588
-25808
-26002
-26277
-26453
-26667
-26819
-26972
-27073
-26976
-26939
-26798
-26674
-26500
-26348
-26121
-25947
-25623
-25294
-25058
-24939
-24699
-24510
-24287
-24413
-23512
-23035
-22668
-22243
-21710
-21294
-20939
-20558
-20161
-19834
-20029
-19252
-19520
-18724
-18460
-18306
-18146
-18552
-17991
-17894
-17684
-17495
-17628
-17651
-17668
-17674
-17657
-18058
-17493
-17667
-17609
-17821
-18838
-19134
-19018
-19031
-19006
-18586
-19161
-19189
-19165
-19936
-21409
-20842
-19644
-18710
-18546
-17621
-17033
-16777
-16409
-16228
-16268
-16378
-16260
-15747
-15535
-14476
-13964
-13663
-12787
-12396
-12226
-12067
-12209
-12651
-13104
-13422
-13802
-14271
-14239
-15063
-15411
-15762
-15695
-16516
-16899
-17373
-17773
-18588
-19134
-20399
-20959
-21025
-21535
-22604
-23201
-23497
-23875
-24067
-24273
-24468
-24550
-24506
-24495
-24338
-24037
-23712
-23250
-22712
-22270
-21766
-21161
-20571
-20438
-19331
-18802
-18218
-18075
-17571
-16699
-16382
-16604
-15897
-15779
-15686
-15632
-15002
-15577
-16863
-17953
-18518
-19218
-19659
-21310
-22319
-23359
-24138
-24907
-25676
-26560
-26964
-28319
-29002
-29630
-30149
-30777
-31266
-31632
-31913
-32071
-32147
-31974
-31619
-31712
-30615
-30010
-29153
-28695
-27749
-26081
-25361
-23531
-22182
-21031
-19722
-19006
-17184
-16472
-14728
-13428
-12222
-10901
-9808
-8594
-7552
-6678
-6325
-5178
-4657
-4163
-3773
-3604
-3542
-3563
-3680
-3119
-2375
-3716
-5520
-5857
-6646
-7520
-8562
-10239
-10878
-12333
-14168
-15203
-16705
-18084
-20008
-21256
-22457
-23760
-24705
-25037
-26294
-26871
-26884
-27960
-28413
-28344
-29023
-29518
-29615
-28964
-28228
-28292
-27493
-27493
-28270
-27021
-26231
-25071
-23894
-23102
-22209
-20153
-18210
-16842
-15854
-14468
-13806
-13510
-12550
-11745
-11123
-10487
-9823
-9113
-8464
-7857
-7756
-6945
-6764
-6695
-6688
-6823
-7107
-7432
-7388
-8401
-8357
-9611
-10134
-10365
-11428
-12121
-12844
-13659
-14491
-14707
-15985
-16745
-17117
-18367
-18968
-19672
-20384
-20590
-21739
-22338
-22928
-23336
-23743
-24289
-24678
-24978
-25250
-25457
-25667
-25779
-25957
-26126
-26256
-26329
-26422
-26426
-26480
-26615
-26665
-26745
-26707
-26724
-26710
-26684
-26581
-26535
-26460
-26333
-26271
-26235
-26241
-26188
-26077
-26044
-26002
-26014
-25989
-25852
-25785
-25733
-25665
-25680
-25609
-25535
-25443
-25355
-25277
-25220
-25153
-25029
-25394
-24796
-24718
-24672
-24630
-24506
-24386
-24382
-24300
-24195
-24168
-24136
-24071
-23999
-24027
-23999
-23981
-23920
-23930
-23869
-23875
-23857
-23789
-23743
-23693
-23634
-23590
-23462
-23304
-23115
-23050
-22884
-22703
-22558
-22359
-22126
-21938
-21735
-21571
-21376
-21144
-20953
-20810
-20638
-20411
-20195
-20000
-19798
-19598
-19378
-19165
-19037
