-16833
-16575
-16224
-15907
-15563
-15216
-14766
-14000
-13504
-13140
-12092
-10693
-10184
-9817
-9445
-8598
-8443
-8529
-8623
-8770
-8846
-9000
-9235
-9445
-9684
-10069
-10592
-11067
-11348
-12327
-13161
-14031
-14209
-15306
-15810
-16365
-16613
-17428
-17802
-18159
-18357
-18222
-20004
-20000
-20004
-20063
-19781
-19142
-19434
-18838
-18193
-17997
-16888
-16275
-15749
-15617
-14672
-14468
-14304
-14310
-14384
-14500
-14621
-15279
-15646
-16224
-16449
-16764
-17081
-17794
-17918
-17934
-17962
-19735
-20310
-19985
-19989
-20050
-20508
-19745
-19699
-20890
-21188
-21111
-21125
-21222
-21033
-20991
-20775
-21081
-21621
-21634
-21542
-22386
-22743
-23235
-23899
-24630
-25709
-26146
-25945
-27376
-27352
-27220
-27115
-26535
-26144
-25810
-24857
-23102
-22178
-20626
-19136
-17640
-17062
-15632
-13920
-14088
-16605
-16665
-17722
-18466
-19199
-19999
-20764
-21010
-22403
-23336
-26833
-26875
-27997
-27905
-28686
-28875
-29107
-29308
-29535
-29665
-29789
-29918
-29957
-29924
-29974
-29905
-30279
-29640
-29459
-29783
-29111
-28867
-28688
-28434
-28235
-28077
-27852
-27712
-27495
-27420
-27193
-27056
-26943
-26804
-26724
-26623
-26502
-26415
-26854
-26291
-26270
-26321
-26401
-26352
-26380
-26418
-26520
-26579
-26569
-26609
-26642
-26676
-26728
-26705
-26800
-26808
-26911
-26989
-27096
-27172
-27205
-27231
-27342
-27399
-27296
-27157
-27142
-26987
-26892
-27352
-26726
-26611
-26619
-26445
-26231
-26092
-25913
-25701
-25506
-25315
-25067
-24802
-24527
-24312
-24123
-23880
-23621
-23371
-23212
-23023
-22718
-22514
-22380
-22230
-22056
-21791
-21605
-21399
-21153
-21168
-21344
-21577
-21594
-21485
-21491
-21407
-21220
-21453
-21680
-21857
-22222
-22586
-22928
-23252
-23604
-24020
-24394
-24815
-25117
-24964
-25829
-26146
-26544
-26833
-27153
-27481
-27833
-28119
-28424
-28768
-28995
-29172
-29338
-29457
-29397
-29224
-29291
-29560
-29495
-29088
-28876
-28598
-28188
-27878
-27556
-27247
-27023
-26735
-26563
-26298
-26105
-25934
-25737
-25520
-25338
-25146
-24983
-24819
-24716
-24661
-24674
-24695
-24859
-25249
-25537
-25892
-26161
-26359
-26665
-26993
-27291
-27646
-30550
-30901
-30850
-31730
-31779
-31964
-32079
-30331
-29938
-29665
-29336
-28980
-28651
-28260
-27941
-27647
-27413
-27167
-26886
-26712
-26548
-26334
-26273
-26165
-25945
-26382
-25939
-25949
-25924
-26380
-25903
-25407
-25876
-25873
-25917
-25924
-25974
-25985
-26056
-26132
-26325
-26567
-26810
-27039
-27021
-27123
-27271
-27424
-27605
-27739
-27371
-27878
-27953
-28062
-28155
-28245
-27855
-28556
-28789
-28892
-29062
-29310
-29562
-29783
-29991
-30115
-30340
-30552
-30701
-30880
-31039
-31228
-31409
-31638
-31796
-32012
-32168
-32436
-32625
-32271
-32955
-33189
-33228
-33296
-33331
-33363
-33380
-33308
-33688
-33098
-32978
-32794
-32548
-32325
-32083
-31823
-31497
-31186
-30829
-30455
-30042
-29609
-29771
-29270
-28226
-27667
-27245
-26642
-26165
-25718
-25310
-25355
-24399
-23588
-23275
-23439
-22663
-22418
-22231
-22094
-21941
-21873
-21760
-21678
-21714
-21668
-21730
-21754
-21812
-21813
-21976
-22056
-22083
-22115
-22212
-22300
-22355
-22424
-22504
-22625
-22661
-22678
-22764
-22771
-22752
-22684
-22676
-22632
-22523
-22407
-22355
-22249
-22142
-22094
-21941
-21827
-21722
-21628
-21499
-21476
-21342
-21193
-21149
-21035
-20966
-20957
-20861
-20934
-21042
-21090
-21163
-21483
-20894
-20938
-20918
-20855
-20544
-21081
-21151
-21375
-21457
-21439
-21373
-21539
-21771
-21668
-21443
-21258
-21073
-20918
-20733
-20521
-20401
-20308
-20245
-20153
-20033
-19884
-19758
-19699
