-22634
-22766
-22865
-23010
-23193
-23016
-23542
-24649
-25031
-25928
-27804
-29004
-29939
-31195
-31348
-31775
-32493
-32686
-32533
-32050
-31096
-30758
-28857
-27481
-26025
-24541
-23128
-21611
-20161
-18680
-17899
-16605
-15533
-14216
-14105
-13237
-13230
-13504
-14109
-14953
-16012
-16754
-18084
-19590
-21096
-22573
-24359
-25180
-26697
-27000
-28115
-28417
-28235
-27581
-26966
-26247
-25500
-25878
-25313
-24892
-23642
-23407
-22951
-22048
-21884
-22039
-22434
-22556
-23771
-24773
-25592
-25917
-27125
-27722
-28327
-28396
-28852
-29667
-29959
-30063
-30203
-30144
-30134
-29896
-29699
-29399
-29132
-29252
-28527
-28800
-28821
-28287
-28413
-28352
-28413
-28523
-28554
-28533
-28529
-28415
-28319
-28252
-28041
-27777
-27392
-26878
-26489
-25985
-25457
-25037
-24617
-24271
-23991
-23712
-23550
-23506
-23352
-23344
-23355
-23376
-23300
-23376
-23390
-23418
-23451
-23472
-23462
-23329
-23102
-22781
-22300
-21941
-21541
-21149
-20752
-20439
-20105
-19750
-20023
-19451
-19411
-19325
-19125
-18972
-18873
-18972
-19029
-19168
-19396
-19441
-19428
-19363
-19138
-18955
-18741
-18644
-18426
-18231
-18104
-17871
-17705
-18065
-17514
-17266
-17165
-17042
-16617
-17231
-17520
-17785
-17905
-18562
-18065
-18029
-18004
-17911
-17848
-17787
-17567
-17407
-17220
-16934
-16665
-16571
-16264
-16046
-15831
-15581
-15434
-15292
-15249
-15268
-15346
-15514
-15670
-15709
-15773
-15777
-15726
-15556
-15630
-15613
-15846
-16073
-16380
-16743
-17029
-17373
-17779
-18197
-18128
-18875
-18670
-18493
-17222
-16968
-16113
-14672
-14065
-12396
-11239
-10281
-9392
-9684
-8775
-8630
-8999
-9768
-11100
-11909
-13294
-14964
-16346
-17306
-18021
-18693
-19104
-19170
-18873
-18317
-17710
-17174
-16478
-15823
-15422
-15167
-14869
-14930
-15054
-15268
-15573
-16004
-16430
-17000
-17565
-18182
-18626
-18844
-18840
-18966
-18922
-19002
-18791
-18980
-19119
-19159
-18878
-18182
-17760
-17315
-16617
-16315
-16321
-16302
-16252
-16218
-16084
-16041
-15949
-15905
-15949
-16113
-16380
-16750
-16630
-17487
-17871
-18338
-18636
-18943
-19224
-19079
-19960
-20491
-20854
-21174
-21491
-21709
-21688
-21791
-21800
-21810
-21726
-21670
-21447
-21142
-20941
-20640
-20466
-20205
-20088
-19894
-19789
-19613
-19567
-19462
-19565
-19680
-19901
-20224
-20084
-20831
-21069
-21170
-21220
-21230
-21487
-20754
-21008
-20226
-19911
-19424
-18878
-18581
-18220
-18016
-17875
-17857
-17525
-17396
-17430
-17123
-17880
-18241
-18941
-19100
-19640
-20676
-21210
-21741
-22327
-22552
-22960
-23363
-23626
-23668
-23749
-23523
-23199
-22817
-22237
-21657
-20812
-20092
-19899
-18703
-18560
-17334
-16771
-16184
-15709
-15243
-14945
-14901
-15136
-15550
-16012
-16401
-16810
-17271
-17836
-18436
-19012
-19109
-20359
-20976
-21025
-21861
-22098
-22439
-22709
-22531
-23289
-23497
-23779
-23913
-24105
-24207
-24355
-24535
-24764
-25083
-25563
-25453
-26329
-26510
-26846
-27121
-27338
-27535
-27646
-27676
-27640
-27375
-27062
-26491
-25718
-25350
-23957
-23287
-21565
-20867
-19113
-18565
-17558
-16207
-15367
-14852
-14489
-14409
-14533
-15481
-16180
-19241
-20762
-22651
-28151
-28833
-29262
-29170
-27878
-26554
-25663
-24239
-22273
-21287
-20884
-20447
-20411
-20529
-20647
-21000
-20344
-20310
-20502
-20756
-20775
-20619
-20615
-21062
-21970
-22130
-23260
-23459
-24268
-24726
-24451
-25298
-25552
-25882
-26134
-26363
-26560
-26514
-26483
-26386
-26336
-26163
-25962
-25625
-25237
-25046
-24943
-25010
-25058
-25025
-24825
-24291
-24271
-23376
-22852
-22266
-21577
-21493
-20350
-19779
-19296
-18869
-18999
-18163
