-13565
-13487
-13508
-13327
-13233
-13667
-13058
-13014
-13050
-12710
-13434
-13760
-14121
-14487
-14842
-15298
-15577
-15831
-16042
-16146
-16176
-16186
-16611
-15962
-15815
-15680
-15596
-15493
-15342
-15134
-14857
-14901
-14859
-14995
-15201
-15291
-15623
-15846
-15644
-16470
-16951
-17361
-17939
-18376
-18819
-18626
-19972
-21527
-20791
-21455
-22331
-22655
-22867
-22876
-22655
-22342
-22067
-21371
-20840
-19869
-18062
-16392
-15609
-13802
-13111
-12075
-11065
-10153
-9031
-8731
-7730
-7441
-7657
-7922
-8279
-8959
-9292
-10397
-11997
-13071
-14451
-15626
-17010
-18079
-19657
-21243
-23254
-24094
-25756
-26823
-27617
-28182
-28625
-28951
-28909
-28899
-28634
-28134
-27609
-26936
-26201
-25838
-24594
-24390
-23184
-22588
-22189
-21794
-21625
-21478
-21376
-21350
-21359
-21468
-21573
-21709
-21712
-21747
-21754
-21552
-21388
-21126
-20796
-20350
-19834
-19327
-18779
-18277
-17920
-18075
-17397
-17273
-17041
-16930
-16865
-16981
-17084
-17359
-17705
-17661
-18121
-19048
-19407
-19903
-20334
-20817
-21363
-21823
-22046
-22361
-22821
-23241
-23556
-23890
-24220
-24369
-24491
-24573
-24554
-24361
-24231
-24392
-23855
-22854
-22846
-21794
-21378
-21493
-20741
-20447
-20382
-20445
-20586
-20846
-21256
-21819
-22350
-22621
-22714
-23021
-24132
-24657
-25260
-25771
-26109
-26361
-25918
-26275
-25913
-25413
-25312
-24016
-23115
-22237
-21191
-20134
-19161
-18104
-17556
-16228
-15535
-14884
-14577
-14327
-14195
-15125
-15126
-14964
-15426
-15833
-16277
-16836
-17424
-17605
-18527
-18941
-18892
-19567
-20146
-19533
-20955
-21249
-21838
-21153
-20565
-20094
-20646
-20464
-20170
-20117
-19646
-19069
-18434
-17810
-17563
-16686
-16313
-16365
-16518
-16487
-16544
-16779
-17250
-18029
-18855
-19857
-20163
-21046
-21544
-22411
-22817
-23079
-23344
-23577
-23649
-23302
-23159
-22825
-22418
-21899
-20894
-20065
-19203
-18619
-18119
-17806
-17567
-17623
-17834
-18285
-18754
-19926
-20852
-21957
-22634
-24344
-25065
-26619
-27701
-28667
-28951
-30140
-30913
-31018
-30829
-31012
-30834
-30613
-30117
-29573
-29109
-28548
-27968
-27422
-26955
-26418
-25918
-25436
-24918
-24432
-24403
-23817
-23563
-23438
-22939
-21829
-21010
-21203
-20880
-20607
-20128
-19997
-19327
-18980
-18607
-18336
-18518
-17754
-17388
-17237
-17109
-17661
-17617
-17710
-17653
-17640
-17680
-18052
-17493
-17407
-17365
-17199
-17588
-17042
-16917
-16726
-16392
-15953
-15550
-15619
-15090
-14230
-13789
-13275
-12804
-12317
-11876
-12168
-11411
-11199
-11203
-11292
-11252
-11262
-10949
-9865
-8905
-8197
-7962
-8249
-8401
-8812
-8625
-8500
-8357
-8369
-8050
-8117
-8583
-9167
-9365
-10453
-10600
-10459
-10060
-9529
-8510
-7607
-7054
-6634
-6802
-5915
-5590
-4993
-4459
-3798
-3361
-3180
-3270
-3636
-4207
-4571
-4981
-5296
-5617
-5991
-6172
-6302
-6430
-6138
-6709
-7119
-7459
-7609
-7783
-8189
-8598
-9107
-9609
-10140
-10617
-11396
-12126
-13039
-14115
-15195
-16155
-16693
-17604
-18980
-19075
-19901
-20060
-20153
-20224
-20367
-20363
-20214
-20168
-20504
-19752
-19432
-19119
-18655
-17907
-17525
-17060
-15915
-14997
-14210
-13913
-13894
-14224
-15052
-16052
-17334
-18138
-19552
-21134
-22495
-23829
-24413
-24499
-24287
-23651
-23445
-22294
-21743
-21394
-21088
-21006
-21042
-21096
-21470
-21541
-21684
-21836
-21930
-21499
-21527
-22090
-22098
-22172
-22149
-22184
-22128
-22094
-21966
-21915
-21844
-21792
-21661
-21541
-21483
-20995
-20938
-20882
-20846
-20909
-20896
-20953
-20521
-21052
-20980
-21146
-21268
-21298
-21417
-21556
-21613
