-24689
-24976
-25481
-26354
-26443
-27447
-27380
-28214
-28499
-28699
-28949
-29088
-29209
-29165
-29163
-29073
-28897
-28750
-29657
-30283
-28628
-28792
-28569
-28418
-28235
-28275
-27581
-27363
-26592
-25604
-25060
-24861
-24773
-23333
-22888
-22504
-22081
-21758
-21550
-21062
-21008
-20128
-19668
-19262
-18743
-18249
-17980
-17659
-17348
-17191
-17046
-17004
-17138
-17287
-17447
-17695
-18069
-18331
-18632
-18623
-19676
-20178
-20653
-20604
-21644
-22302
-22934
-23665
-24355
-24510
-25623
-26266
-26491
-27562
-28037
-28602
-29212
-29657
-30113
-30556
-30867
-31163
-31384
-31478
-31613
-31663
-31638
-31573
-31417
-31750
-31021
-31233
-30466
-30071
-29722
-29405
-29275
-28995
-28346
-28302
-27812
-27329
-26529
-26188
-26329
-25523
-25230
-25054
-24821
-24632
-24506
-24432
-24361
-24262
-24207
-24140
-24079
-24018
-23957
-24010
-24069
-24233
-24399
-24544
-24636
-24791
-25067
-25298
-25499
-25730
-25409
-26163
-26298
-26348
-26562
-26930
-27119
-27146
-27300
-27495
-27682
-27371
-27922
-27903
-27894
-27852
-27821
-28008
-28065
-28102
-28065
-28094
-28132
-28329
-28672
-28924
-29142
-29417
-29703
-30084
-30529
-30854
-31090
-31111
-31182
-31151
-31199
-31004
-30626
-30138
-29405
-28682
-27869
-27313
-26342
-24657
-23506
-22203
-20705
-19186
-17737
-17010
-15978
-14426
-14292
-14149
-13210
-13069
-12943
-13268
-13831
-14613
-15245
-16999
-18298
-19092
-20886
-21691
-22987
-24006
-25691
-26712
-28367
-29241
-29480
-29617
-29670
-29453
-29050
-28546
-28375
-28132
-27745
-27380
-26899
-26718
-26625
-26598
-26980
-27647
-28296
-29256
-30128
-31065
-32079
-33010
-33876
-34468
-35012
-35241
-35628
-35731
-35905
-35470
-34878
-34292
-33550
-33186
-31968
-31581
-30411
-30250
-29768
-28663
-28392
-27939
-27579
-27310
-27018
-26728
-26577
-26552
-26539
-26514
-26447
-26844
-26443
-26508
-26688
-26697
-26911
-26970
-27230
-27355
-27489
-27728
-27733
-27964
-27890
-27804
-27281
-27090
-26689
-26840
-26327
-25808
-24773
-24304
-24403
-23598
-23317
-22857
-22567
-22159
-21735
-21287
-21455
-20691
-20972
-20163
-19953
-19754
-19226
-18653
-18531
-17514
-17275
-17203
-17037
-17004
-16867
-17094
-16390
-16279
-16189
-16359
-16485
-16592
-16760
-16718
-16737
-16747
-16785
-16745
-16575
-16464
-16451
-16544
-16716
-16972
-17153
-17275
-17334
-17285
-17161
-17054
-16857
-16737
-16537
-16195
-15859
-15586
-15573
-14447
-13968
-13373
-12924
-12237
-11960
-11668
-11722
-11170
-10714
-9773
-9508
-9285
-9313
-9313
-9430
-9531
-9726
-9796
-9960
-10189
-10542
-10945
-11390
-11838
-12302
-12672
-13182
-13260
-14315
-14964
-16754
-17634
-18960
-19829
-20042
-21144
-21691
-22207
-22409
-22657
-22533
-22258
-21812
-21239
-20594
-20403
-19165
-18327
-18025
-16642
-15796
-14777
-14584
-13468
-13023
-12617
-12436
-12464
-12695
-12873
-13168
-13560
-13871
-14270
-14172
-14771
-15970
-16497
-17054
-17573
-18056
-18317
-18680
-18693
-18926
-18943
-19159
-19277
-19336
-19382
-19294
-18964
-18823
-18491
-18126
-17953
-18073
-17779
-16792
-16810
-16995
-17086
-17083
-16972
-16960
-16966
-16939
-17063
-17375
-17758
-17630
-18096
-19014
-19321
-19060
-19678
-19750
-19901
-19550
-20226
-20369
-20478
-20542
-20546
-20577
-20525
-20388
-20375
-20424
-20552
-20600
-20792
-21088
-21205
-21396
-21451
-21617
-21590
-21855
-21510
-22271
-22418
-21993
-22592
-22646
-22781
-22913
-22939
-22911
-22915
-22897
-22672
-22394
-22197
-21968
-21991
-21876
-21899
-21638
-21533
-21094
-20682
-20388
-20188
-20035
-20258
-20502
-20132
-19665
-19453
-19247
-19098
-18951
-18752
-18523
-18140
