-16863
-16470
-16046
-15657
-15355
-15294
-15346
-15300
-15504
-15556
-15655
-15911
-15684
-16575
-16640
-17611
-18119
-19357
-20178
-20854
-21617
-22317
-22481
-23277
-23644
-24168
-24396
-24611
-24590
-24478
-24216
-23852
-23586
-23094
-22789
-22920
-22037
-21651
-21279
-20947
-20794
-20638
-20497
-20306
-20180
-20060
-19960
-19909
-19855
-19707
-19628
-19636
-19613
-19630
-19604
-19592
-19611
-19667
-19743
-19785
-19840
-19913
-19968
-20014
-20121
-20266
-20348
-20390
-20510
-20684
-20857
-20523
-21102
-21222
-21380
-21584
-21792
-21974
-22189
-22430
-22632
-22852
-23073
-23313
-23573
-23869
-24140
-24394
-24653
-24901
-25123
-25354
-25644
-25415
-26121
-26359
-26563
-26804
-27016
-27205
-27399
-27630
-27386
-28088
-28235
-27859
-28542
-28701
-28794
-28880
-28949
-29037
-29140
-29189
-29209
-29260
-29304
-29310
-29271
-29189
-29134
-29060
-28987
-28903
-28796
-28680
-28550
-28819
-28121
-27926
-27741
-27476
-27243
-26976
-26697
-26378
-26109
-25781
-25453
-25062
-24672
-24249
-23827
-23453
-23052
-22655
-22243
-21813
-21417
-21491
-20651
-20250
-19882
-20014
-19209
-18905
-19048
-18216
-17859
-18048
-17291
-17033
-16798
-17069
-16333
-16146
-15978
-15850
-15682
-15533
-15418
-15336
-15271
-15197
-15119
-15042
-15021
-15018
-15004
-15004
-15014
-15073
-15144
-15254
-15401
-15581
-15781
-15955
-15665
-16405
-16672
-16947
-17209
-17417
-17667
-17932
-18201
-18420
-18703
-19012
-19287
-19506
-19728
-19987
-20260
-20073
-20812
-21058
-21313
-21552
-21825
-22065
-22327
-22573
-22779
-22497
-23155
-23310
-23544
-23787
-23455
-24083
-24176
-24275
-24378
-24468
-24518
-24542
-24541
-24529
-24520
-24500
-24480
-24436
-24401
-24355
-24306
-24239
-24157
-24092
-23993
-23855
-23686
-23478
-23346
-23241
-23138
-23438
-22779
-22592
-22947
-22306
-22126
-22470
-21850
-21724
-21584
-21422
-21277
-21157
-21096
-20972
-20834
-20718
-20596
-20510
-20428
-20376
-20348
-20294
-20218
-20123
-20104
-20111
-20105
-20096
-20075
-20083
-20121
-20174
-20226
-20298
-20340
-20384
-20466
-20569
-20663
-20764
-20852
-20936
-20521
-21081
-21174
-21277
-21375
-21480
-21569
-21670
-21791
-21930
-22012
-22117
-22245
-22378
-21993
-22611
-22754
-22875
-22491
-23105
-23218
-23310
-23382
-23495
-23623
-23718
-23749
-23777
-23775
-23804
-23873
-23457
-23980
-23951
-23947
-23917
-23928
-23901
-23886
-23888
-23863
-23808
-23777
-23764
-23714
-23653
-23552
-23472
-23405
-23375
-23287
-23199
-23100
-22978
-22842
-22743
-22657
-22552
-22397
-22239
-22039
-21894
-21750
-21628
-21966
-21342
-21168
-20970
-20808
-20676
-20556
-20415
-20300
-20220
-20134
-20039
-19997
-19955
-19915
-19876
-19863
-19882
-19936
-19978
-19980
-20006
-20052
-20100
-20176
-20233
-20289
-20371
-20478
-20604
-20688
-20796
-20875
-20960
-21102
-21291
-21470
-21609
-21752
-21888
-22042
-22233
-22472
-22665
-22825
-23004
-23195
-23361
-23512
-23665
-23825
-23453
-23974
-24063
-24174
-24191
-24203
-24159
-24147
-24130
-24090
-24042
-24000
-24426
-23857
-23747
-23646
-23546
-23352
-23159
-23023
-22857
-22655
-22955
-22296
-22140
-21978
-21760
-21520
-21281
-21018
-20813
-20579
-20302
-20480
-19682
-19434
-19147
-18934
-18684
-18424
-18163
-17918
-17657
-17434
-17231
-17071
-16876
-16638
-16420
-16218
-16039
-15894
-15792
-15682
-15546
-15382
-15281
-15203
-15117
-15023
-14966
-14899
-14815
-14733
-14691
-14691
-14684
-14667
-14668
-15142
-14609
-14607
-14640
-14670
-14699
-14703
-14710
-14724
-14762
-14827
-14869
-14884
-14896
-14968
-15014
-15020
-15044
-15044
-15058
-15069
-15069
-15079
-15107
-15178
-15214
