-19277
-18987
-18917
-18806
-18716
-18712
-18632
-17747
-17966
-18783
-18857
-19258
-19071
-19989
-20432
-20960
-21449
-22489
-23663
-24163
-24665
-25128
-24945
-25764
-25993
-26210
-26346
-26537
-26628
-26741
-26657
-26665
-26573
-26840
-26182
-26056
-25695
-25525
-25241
-24989
-24709
-24894
-24126
-23882
-23529
-23159
-22647
-22220
-22006
-21537
-20722
-20071
-20018
-19188
-19180
-19346
-19592
-19880
-20191
-20449
-20787
-21065
-21323
-21438
-21592
-21773
-21951
-22161
-22426
-22821
-23199
-23640
-24157
-24781
-25313
-25796
-26350
-26750
-27237
-27638
-27945
-28216
-28516
-28401
-29142
-29224
-29336
-29485
-29346
-29928
-30062
-29823
-30487
-30655
-30764
-30739
-30777
-30888
-30897
-30892
-30815
-30710
-30541
-30552
-30481
-30401
-30382
-30228
-30046
-29850
-29844
-29781
-29626
-29420
-29044
-28684
-28422
-28092
-27670
-27468
-27271
-26926
-26661
-26394
-26205
-26376
-25678
-25890
-25090
-24810
-24716
-24598
-24457
-24262
-24021
-23785
-23550
-23354
-23193
-22997
-23014
-23088
-23228
-23502
-23636
-23663
-23682
-23710
-23779
-23857
-23949
-24081
-24157
-24243
-24323
-24506
-24613
-24771
-24852
-24936
-24959
-24964
-24953
-24875
-24821
-24709
-24588
-24485
-24304
-24203
-24104
-24403
-23777
-23693
-23709
-23577
-23491
-23321
-23065
-22680
-22413
-22126
-21844
-21661
-21968
-21365
-21354
-21455
-21575
-21735
-21901
-22081
-22291
-22025
-22722
-22499
-23224
-23415
-23661
-23905
-24140
-24384
-24630
-24884
-25102
-25327
-25552
-25653
-25705
-25646
-25575
-25451
-25266
-25025
-24731
-24220
-23827
-23317
-22834
-22266
-21680
-21109
-20970
-19825
-19315
-18779
-18298
-17878
-17491
-17216
-16989
-16804
-16688
-17094
-16577
-16667
-16785
-16915
-17090
-17359
-17670
-17951
-18172
-18512
-18846
-18594
-19365
-19626
-19855
-19997
-20092
-20193
-20270
-20292
-20252
-20134
-19943
-19724
-19449
-19172
-18867
-18621
-18365
-18096
-17978
-17915
-17812
-17710
-17663
-17653
-17697
-17718
-17804
-17930
-17613
-18319
-18651
-18993
-19329
-19791
-20310
-20724
-21188
-21623
-22123
-22668
-22512
-23355
-23563
-23798
-23836
-23781
-23684
-23586
-23468
-23323
-22999
-22630
-22298
-22455
-21653
-21327
-20911
-20563
-20365
-20067
-19894
-19773
-19764
-19829
-19938
-20023
-20153
-20384
-20642
-20531
-21468
-21970
-22436
-22922
-23426
-23485
-24023
-25042
-25474
-25871
-26214
-26596
-26428
-27178
-27434
-27453
-27516
-27489
-27399
-27231
-26981
-26789
-26586
-26315
-26046
-25777
-25459
-25193
-25052
-24617
-23985
-23800
-22756
-22932
-22844
-22642
-22432
-22327
-22266
-22273
-22275
-22438
-22688
-22791
-22579
-22516
-22569
-22771
-22848
-22438
-20852
-20695
-20668
-20754
-20890
-21023
-21165
-21186
-21109
-21134
-21243
-21283
-21195
-21094
-20926
-20854
-20737
-20697
-20743
-20899
-21056
-21365
-21554
-21873
-22044
-22247
-22006
-22737
-22518
-23323
-23556
-23798
-24056
-24346
-24575
-24686
-24968
-25210
-24918
-25611
-25861
-26025
-26178
-26329
-26485
-26655
-26754
-26867
-26901
-26936
-27077
-27088
-27107
-27088
-27090
-27121
-27170
-27180
-27094
-27054
-26980
-27342
-26709
-26602
-26453
-26367
-26323
-26325
-26216
-26126
-25411
-25180
-24989
-24867
-24798
-24752
-24834
-24899
-24771
-24771
-24739
-24632
-24686
-24747
-24863
-24449
-25065
-25287
-25871
-26228
-26678
-27071
-27216
-27504
-27590
-27722
-27647
-27554
-27399
-27340
-27350
-27212
-27052
-26894
-26730
-26615
-26745
-26815
-26819
-26934
-27098
-27189
-27474
-27707
-27953
-28233
-28495
-28378
-29146
-29394
-29625
-29819
-29890
-29897
-29886
-29953
-30138
-30315
-30397
-30407
-30396
-30447
-30510
-30560
