-24897
-25539
-25468
-26245
-26392
-27180
-27308
-27346
-27829
-27096
-26892
-26562
-26130
-25840
-25625
-25506
-25882
-25382
-25459
-25445
-25426
-25529
-25499
-25575
-25556
-25544
-25539
-25270
-25107
-24764
-24323
-23808
-23304
-22754
-22039
-21607
-21016
-20897
-19888
-19472
-19105
-18817
-18438
-18197
-18113
-17865
-17697
-17718
-17934
-18073
-18170
-18205
-18231
-18209
-18149
-18329
-18485
-18647
-18964
-19180
-19384
-19661
-19886
-19567
-20239
-20434
-20642
-20844
-20918
-20934
-20928
-20840
-20623
-20550
-20325
-20004
-19817
-20016
-19201
-18960
-18934
-18756
-18605
-18521
-18428
-18264
-18254
-18216
-18182
-18289
-18384
-18542
-18592
-18798
-18884
-19149
-19306
-19535
-19596
-19808
-19865
-19947
-19989
-19995
-20075
-19888
-19850
-19659
-19413
-19209
-18829
-19008
-18220
-17932
-18060
-17298
-17000
-16800
-16682
-16739
-16890
-17046
-17193
-17445
-17720
-17983
-18193
-18436
-18102
-18783
-19107
-19373
-19640
-19865
-20138
-20119
-20153
-20188
-20121
-20002
-19768
-19550
-19323
-19214
-19533
-18852
-18680
-18417
-18218
-18245
-18268
-18083
-18712
-18783
-18859
-19031
-19188
-19474
-19749
-19962
-20126
-20151
-20094
-19815
-19592
-19210
-18865
-18497
-18521
-17481
-17478
-16249
-15464
-14493
-14037
-12397
-11355
-10468
-9642
-9020
-8791
-7688
-7178
-7083
-7119
-6949
-7934
-8571
-9472
-10125
-10766
-11760
-12716
-14159
-14903
-15535
-15985
-16459
-16392
-16521
-16516
-16203
-16304
-16586
-15882
-15579
-15270
-15092
-14909
-14928
-14907
-14808
-14970
-14859
-14779
-15144
-14552
-14418
-14041
-13770
-13470
-13136
-13176
-12392
-12004
-11655
-11449
-11270
-11178
-11146
-10758
-11550
-12102
-12485
-12863
-12731
-13737
-14149
-14460
-14867
-15146
-15182
-15216
-15291
-15365
-15380
-15432
-15489
-15451
-15592
-15691
-15903
-15682
-16594
-17079
-17105
-18271
-18836
-19134
-20350
-20646
-21878
-22682
-23006
-24210
-24882
-24934
-25768
-26264
-26546
-26749
-26947
-27090
-27174
-27209
-27117
-27021
-27334
-26745
-26571
-26573
-26417
-26865
-26205
-26048
-25812
-25586
-25504
-25424
-25304
-25455
-25449
-25514
-25630
-25869
-25981
-26781
-27310
-27798
-27865
-28943
-29525
-30113
-30548
-30943
-31231
-31520
-31592
-31441
-31132
-30783
-30716
-29628
-28939
-28144
-27844
-26777
-25758
-24214
-23054
-22443
-21460
-20063
-19310
-18609
-18104
-18014
-16878
-16296
-15871
-15659
-15626
-15796
-15951
-16231
-16481
-16699
-16813
-17029
-16630
-17157
-17455
-17701
-17850
-17625
-18535
-18609
-18438
-18533
-18487
-18252
-18178
-18336
-18084
-19044
-19291
-19993
-20376
-20781
-21336
-21016
-21974
-22275
-22443
-22542
-22352
-22182
-21854
-21594
-21329
-21455
-20565
-20178
-19957
-19661
-19537
-19644
-19636
-19707
-19762
-19840
-19953
-19968
-19913
-19819
-20023
-19264
-18869
-18428
-17857
-17281
-16667
-15926
-15207
-14334
-14063
-12873
-12686
-11802
-11254
-11021
-10905
-11088
-20014
-21117
-23315
-24605
-25520
-26126
-26800
-27493
-27970
-28113
-28247
-28130
-27987
-27598
-26968
-26207
-25107
-20544
-18825
-18313
-17941
-17600
-17497
-17691
-17844
-17813
-18021
-18247
-18718
-19044
-19535
-19983
-20333
-20659
-20943
-21105
-21205
-21355
-21590
-21705
-21754
-21896
-21962
-21955
-21903
-21834
-21802
-21747
-21668
-21340
-21191
-21128
-20878
-20802
-20617
-20495
-20287
-20302
-20340
-20084
-19903
-19680
-19409
-19163
-19063
-18905
-19042
-19203
-19250
-19235
-19134
-19086
-19058
-19021
-19115
-19073
-19067
-19333
-19630
-19472
-19409
-19443
-19401
-19361
-19321
-19273
-19209
-19212
-19094
-18945
-18896
-18855
-18672
-18468
-18287
-18136
-17878
