-16239
-17966
-18327
-18188
-17875
-17359
-16888
-16405
-16155
-16222
-16420
-16777
-17352
-17966
-18079
-19144
-19130
-20006
-20178
-20058
-19644
-19375
-19216
-19130
-19109
-19071
-19186
-19247
-18804
-18430
-18518
-18039
-17176
-16815
-16386
-16077
-15840
-15705
-16113
-15525
-15529
-15512
-15405
-15422
-15390
-15441
-15499
-15548
-15565
-15733
-16041
-16254
-16548
-16871
-17201
-17459
-17724
-17905
-18130
-18245
-18313
-18348
-18365
-18384
-18352
-18378
-18302
-18132
-17876
-17722
-17531
-17304
-17170
-17113
-16943
-16756
-16506
-16352
-16224
-16172
-16060
-16048
-16098
-16216
-16365
-16499
-16611
-16934
-17317
-17741
-17625
-18665
-19250
-19739
-20241
-20802
-21384
-21871
-21999
-22901
-23333
-23745
-24086
-24327
-24535
-24819
-25012
-25004
-25050
-24997
-25397
-24783
-24667
-24892
-24079
-23653
-23155
-22705
-22111
-21550
-21390
-20231
-19674
-19113
-19004
-17991
-17489
-17584
-16861
-17083
-16300
-16149
-15953
-15663
-15510
-15439
-15403
-15476
-15609
-15737
-15869
-15676
-16411
-16695
-16625
-17480
-17737
-17621
-18109
-18886
-19144
-19459
-19758
-19558
-20252
-20382
-20554
-20651
-20754
-20773
-20663
-20634
-20546
-20376
-20268
-20136
-19852
-19630
-19355
-19100
-18722
-18493
-18186
-17880
-17459
-17254
-17031
-16770
-16718
-16739
-16850
-17069
-17350
-17663
-17600
-18653
-19250
-19861
-20678
-21241
-21915
-22342
-22861
-23254
-23686
-24000
-24275
-24655
-24754
-24846
-24667
-24521
-24890
-24083
-23863
-23510
-23241
-22970
-22636
-22350
-22111
-21968
-21766
-21663
-21953
-21403
-21443
-21466
-21025
-21563
-21529
-21430
-21392
-21405
-21313
-21359
-21098
-20966
-20819
-20554
-20224
-19945
-19548
-19165
-18899
-18985
-18291
-18539
-17823
-17651
-17464
-17233
-17146
-17044
-16710
-16523
-16359
-16176
-16044
-15968
-15947
-15785
-15655
-15674
-15438
-14707
-14195
-14978
-15079
-15371
-14991
-14012
-13728
-13901
-13993
-14170
-14787
-13840
-13617
-13199
-13336
-13109
-13378
-13518
-13628
-13779
-13980
-14134
-13682
-14291
-14308
-14607
-15014
-15355
-15741
-15989
-16329
-16586
-17033
-17153
-18268
-18829
-19063
-21212
-22791
-23735
-24695
-27168
-28577
-29382
-30783
-31846
-33203
-34189
-34462
-34384
-34125
-33741
-33037
-32646
-30854
-29478
-28035
-25993
-24737
-22735
-20411
-18527
-16552
-14619
-12420
-10771
-9394
-8083
-7058
-6760
-5619
-5031
-4563
-5100
-4897
-5817
-5886
-7025
-8073
-9062
-10048
-11029
-11983
-12813
-13468
-14027
-14491
-14924
-15352
-15848
-16334
-16222
-16676
-17523
-17880
-18350
-18760
-19233
-19705
-20230
-20787
-21033
-22428
-23144
-23804
-24397
-24855
-25250
-25607
-25718
-25831
-25802
-25647
-25894
-25306
-25189
-25050
-24951
-24867
-24844
-24789
-24869
-24834
-24938
-24972
-24997
-24892
-24922
-24854
-24871
-24798
-24653
-24292
-23981
-23823
-23613
-23514
-23405
-23310
-23163
-23020
-22834
-22758
-22476
-22357
-22239
-22466
-21852
-21544
-21283
-21056
-20861
-20525
-20121
-19764
-19168
-18989
-17897
-17333
-16926
-17094
-16418
-16182
-15672
-15283
-14779
-14331
-14065
-13810
-13720
-13430
-13243
-13168
-13111
-13039
-13077
-13333
-13533
-13653
-13506
-13296
-13268
-13107
-12781
-12321
-11806
-11457
-10987
-10884
-10737
-10756
-10720
-10760
-10722
-10730
-10882
-10752
-11611
-12062
-12523
-13054
-13239
-14371
-14859
-15273
-15752
-15680
-16481
-16548
-16680
-16626
-16439
-16207
-15794
-15224
-15119
-13880
-13605
-12329
-12153
-10985
-10397
-9918
-9594
-9334
-9329
-9760
-9617
-9836
-10050
-10249
-10497
-10730
-11021
-11302
-11632
-11918
-12180
-12396
-12691
-12930
-13079
-13178
-13350
