-35930
-36146
-35445
-35226
-34953
-34689
-34426
-34667
-33930
-34172
-33376
-33062
-32802
-32565
-32313
-32031
-32228
-31397
-31083
-30875
-30617
-30294
-29972
-29701
-29405
-29102
-28749
-28409
-28094
-28300
-27541
-27239
-26943
-26640
-26838
-25978
-25697
-25418
-25159
-25373
-24579
-24264
-23962
-23710
-23457
-23130
-22892
-22672
-22962
-22264
-22096
-21865
-21649
-21970
-21302
-21067
-20892
-20754
-20583
-20375
-20176
-20050
-19947
-19804
-19674
-19502
-19373
-19283
-19182
-19102
-19021
-18920
-18831
-18745
-18695
-18674
-18668
-18634
-18554
-18520
-18476
-18457
-18430
-18378
-18350
-18331
-18325
-18334
-18323
-18277
-18277
-18346
-18451
-18459
-18359
-18243
-18186
-18228
-18271
-18285
-18279
-18300
-18298
-18275
-18258
-18252
-18249
-18256
-18233
-18149
-18560
-18016
-17981
-17964
-17938
-17938
-17915
-17863
-17833
-17821
-17779
-17726
-17676
-17634
-17611
-17626
-17636
-17626
-17611
-17604
-17598
-17533
-17432
-17352
-17317
-17254
-17165
-17071
-17033
-16981
-16865
-16739
-16649
-16569
-16502
-16390
-16268
-16191
-16138
-16063
-15987
-15905
-15766
-15688
-15649
-15592
-15462
-15300
-15613
-14964
-14865
-14737
-14590
-14407
-14266
-14128
-13997
-13840
-13625
-13413
-13199
-13075
-12896
-12718
-12544
-12315
-12113
-11913
-12193
-11487
-11298
-11147
-10968
-10766
-10552
-10401
-10199
-10014
-9821
-9657
-9523
-9382
-9241
-9084
-8947
-8869
-8735
-8609
-8499
-8426
-8344
-8275
-8239
-8191
-8167
-8172
-8195
-8189
-8203
-8260
-8315
-8336
-8338
-8401
-8481
-8493
-8518
-8607
-8688
-8783
-8909
-9048
-9170
-9313
-9439
-9604
-9754
-9934
-10102
-9787
-10493
-10642
-10798
-10949
-11136
-11340
-11560
-11850
-12266
-12249
-13182
-13567
-13974
-14428
-14861
-15359
-15817
-15703
-16573
-16932
-17289
-17550
-17852
-18117
-18336
-18527
-18686
-18785
-18846
-18922
-18989
-18993
-19000
-18981
-18932
-18938
-18932
-18854
-18787
-18731
-18605
-18499
-18396
-18300
-18136
-17980
-17871
-17764
-17640
-17600
-17565
-17481
-17424
-17375
-17468
-17487
-17542
-17529
-17548
-17661
-17752
-17815
-17878
-17955
-18054
-18149
-18277
-18434
-18688
-18859
-19092
-19254
-19445
-19642
-19773
-19863
-20027
-20159
-20321
-20424
-20046
-20722
-20854
-20962
-21176
-21371
-21550
-21730
-21949
-22071
-22203
-22275
-22417
-22554
-22617
-22701
-22657
-22632
-22665
-22607
-22518
-22478
-22357
-22130
-21960
-21785
-21575
-21294
-21092
-20762
-20401
-20453
-19583
-19275
-18981
-18745
-18380
-18542
-17636
-17298
-17426
-17500
-17197
-16728
-16230
-15657
-14943
-14428
-13989
-13439
-12521
-12170
-10831
-10810
-11470
-11670
-10474
-9699
-9804
-10674
-11252
-12369
-13615
-13720
-14033
-14525
-15000
-15147
-15670
-16523
-16781
-16861
-16678
-17050
-16338
-16188
-15922
-15892
-15842
-15785
-15917
-15938
-15955
-15987
-16058
-16228
-16417
-16806
-17237
-17176
-17647
-18119
-18611
-19436
-19808
-20193
-20191
-20050
-20533
-20548
-20344
-20233
-20161
-19859
-19581
-19247
-18897
-18997
-18115
-17882
-18065
-17283
-17556
-16922
-16869
-16783
-16833
-16819
-16833
-16794
-16838
-16766
-16812
-16638
-16487
-16271
-15985
-15771
-15504
-15451
-15170
-14966
-14382
-13857
-13705
-13756
-13705
-13680
-13817
-13850
-14050
-13850
-13880
-14079
-14081
-14054
-14100
-13886
-13625
-13415
-13535
-13594
-13833
-14147
-14388
-14201
-15035
-15375
-15899
-17020
-17993
-18846
-19953
-20584
-22207
-22623
-23537
-24789
-25598
-26075
-26560
-26993
-27149
-27149
-27102
-27062
-26901
-26691
-26447
-26134
-25962
-25743
-25472
-25355
-25168
-25044
-24966
-25000
-24890
-24957
