-2
-974
-466
-441
-424
-384
-434
-396
-342
-329
-250
-226
-226
-174
-107
-182
-96
-63
-83
-71
-69
-65
22
-39
-104
-138
-41
-100
-159
-176
-228
-254
-264
-188
-247
-193
-197
-226
-188
-302
-218
-277
-302
-235
-210
-241
-184
-262
-193
-188
-222
-168
-256
-233
-249
-273
-281
-285
-254
-292
-369
-268
-342
-333
-352
-365
-378
-449
-459
-413
-525
-459
-966
-529
-539
-548
-974
-499
-493
-521
-12
-499
-493
-541
-491
-508
-529
-521
-491
-8
-485
-403
-380
-397
-399
-323
-254
-233
-226
-157
-237
-191
-271
-228
-144
-180
-195
-165
-220
-155
-197
-84
-98
-63
-119
-146
-113
-121
-167
-161
-226
-245
-233
-268
-346
-315
-220
-186
-174
-159
-249
-264
-321
-331
-331
-487
-464
-476
-415
-357
-426
-371
-354
-424
-388
-392
-346
-310
-340
-239
-241
-237
-155
-153
-126
-163
-291
-334
-279
-285
-256
-172
-138
-134
-86
-39
-42
59
11
55
145
53
70
-23
82
40
72
1
-8
15
70
66
-44
-75
-41
-2
-60
-119
-102
-98
-117
-188
-207
-224
-306
-298
-323
-319
-350
-396
-346
-375
-405
-355
-445
-434
-439
-487
-539
-615
-537
-529
-523
-6
-535
-499
-558
-544
-626
-659
-588
-541
-563
-634
-638
-571
-558
-632
-668
-605
-541
-581
-976
-521
-502
-520
-480
-542
-531
-558
-607
-957
-516
-520
-4
-502
-510
-485
-525
-527
-569
-541
-499
-457
-481
-417
-476
-415
-369
-380
-338
-411
-432
-354
-378
-403
-436
-369
-426
-476
-443
-487
-428
-415
-533
-518
-531
-434
-2
-535
-520
-523
-527
-510
-544
-609
-571
-554
-607
-581
-630
-527
-544
-588
-611
-634
-598
-615
-583
-594
-577
-575
-577
-613
-588
-573
-537
-541
-514
-569
-552
-500
-424
-537
-500
-558
-495
-455
-966
-468
-497
-418
-428
-441
-455
-474
-460
-438
-470
-968
-418
-373
-449
-436
-415
-401
-397
-354
-325
-354
-363
-365
-426
-350
-355
-428
-415
-415
-434
-342
-363
-357
-317
-348
-426
-426
-392
-376
-422
-407
-422
-453
-478
-512
-527
-562
-541
-560
-558
-611
-537
-575
-565
-550
-550
-605
-577
-621
-571
-590
-590
-609
-605
-625
-640
-590
-611
-588
-674
-626
-575
-567
-533
-529
-485
-445
-441
-361
-432
-407
-340
-411
-319
-376
-449
-352
-361
-371
-355
-355
-409
-438
-394
-401
-453
-443
-380
-317
-388
-394
-321
-325
-315
-333
-411
-388
-384
-401
-340
-384
-451
-449
-592
-600
-619
-623
-617
-560
-533
-510
-539
-556
-520
-495
-445
-439
-373
-413
-455
-405
-354
-365
-344
-363
-350
-420
-365
-376
-430
-361
-451
-417
-438
-2
-459
-560
-525
-605
-970
-466
-470
-470
-487
-483
-10
-449
-445
-436
-418
-424
-480
-436
-514
-518
-455
-978
-476
-476
-560
-443
-417
-443
-438
-365
-417
-430
-396
-373
-327
-405
