-447
-413
-401
-405
-277
-231
-283
-250
-285
-237
-245
-218
-292
-279
-256
-308
-369
-365
-388
-331
-384
-392
-401
-443
-499
-460
-4
-523
-422
-485
-382
-325
-455
-569
-575
-518
-441
-438
-436
-445
-537
-611
-607
-594
-625
-636
-584
-573
-630
-613
-626
-668
-638
-684
-663
-699
-691
-649
-739
-739
-730
-689
-762
-796
-773
-842
-785
-875
-821
-775
-842
-831
-796
-926
-859
-854
-854
-852
-789
-791
-846
-829
-741
-756
-804
-798
-731
-752
-693
-626
-682
-712
-726
-691
-724
-787
-768
-705
-693
-665
-644
-586
-623
-602
-575
-592
-531
-575
-542
-523
-546
-575
-583
-531
-514
-542
-544
-607
-527
-489
-521
-491
-432
-514
-493
-508
-520
-510
-480
-537
-8
-535
-537
-609
-562
-579
-560
-579
-512
-472
-493
-533
-542
-478
-453
-428
-443
-468
-451
-4
-531
-590
-508
-615
-592
-504
-481
-527
-554
-500
-562
-508
-541
-607
-506
-468
-480
-527
-531
-495
-508
-520
-500
-480
-476
-487
-460
-430
-384
-432
-430
-453
-447
-535
-518
-499
-14
-602
-567
-623
-655
-628
-655
-672
-646
-649
-640
-655
-653
-632
-617
-583
-584
-542
-529
-562
-560
-674
-676
-655
-649
-668
-689
-691
-626
-693
-668
-672
-710
-730
-699
-718
-813
-812
-817
-857
-850
-836
-825
-873
-888
-922
-886
-890
-878
-882
-894
-890
-865
-878
-852
-785
-844
-844
-842
-800
-770
-812
-783
-745
-750
-831
-764
-689
-663
-733
-676
-668
-728
-735
-651
-649
-653
-621
-678
-571
-646
-602
-586
-592
-579
-588
-573
-500
-966
-451
-472
-411
-436
-430
-428
-355
-378
-321
-361
-357
-262
-230
-132
-153
-231
-205
-254
-172
-197
-117
-119
-172
-172
-136
-161
-159
-102
-115
-126
-146
-134
-149
-144
-172
-180
-176
-209
-153
-128
-138
-197
-191
-180
-199
-218
-344
-355
-346
-319
-363
-418
-392
-430
-441
-455
-457
-453
-470
-4
-472
-588
-602
-544
-600
-602
-646
-670
-745
-661
-676
-676
-636
-686
-716
-707
-667
-667
-609
-607
-626
-613
-579
-586
-632
-533
-567
-506
-470
-439
-462
-470
-439
-378
-20
-502
-371
-418
-457
-434
-413
-428
-441
-403
-325
-329
-310
-298
-348
-350
-336
-342
-369
-399
-396
-413
-420
-441
-453
-426
-436
-441
-478
-438
-438
-432
-422
-382
-399
-342
-407
-340
-304
-323
-432
-422
-394
-430
-319
-340
-449
-457
-455
-296
-306
-275
-275
-355
-289
-338
-397
-380
-428
-365
-388
-413
-357
-302
-382
-447
-361
-413
-382
-512
-455
-529
-592
-634
-659
-737
-678
-710
-735
-634
-653
-682
-781
-754
-750
-827
-785
-756
-787
-819
-754
-749
-737
-747
-712
-707
-714
-775
-688
-691
-714
-716
-728
-794
-804
-745
-697
-689
-701
-733
-712
-703
-709
-741
-691
-657
-667
-623
-617
-659
-655
-577
-546
-542
-500
-514
-537
-447
-512
-558
-512
