179
160
141
145
175
181
175
221
133
124
175
133
171
83
127
145
114
118
80
40
28
17
17
17
53
26
-50
-79
-67
-92
-4
-168
-144
-77
-155
-201
-188
-214
-195
-262
-268
-298
-298
-268
-239
-271
-268
-279
-306
-319
-333
-262
-310
-298
-375
-346
-371
-365
-369
-407
-317
-317
-304
-302
-237
-308
-315
-313
-396
-287
-306
-352
-346
-308
-329
-367
-338
-340
-323
-306
-300
-277
-249
-191
-178
-121
-88
-113
-39
-33
-4
34
66
112
124
106
198
213
166
183
188
156
175
276
227
234
154
156
251
164
148
129
114
104
95
135
13
55
32
62
11
484
-20
-12
486
-14
-75
-65
-25
458
-41
-37
-6
-56
-104
-79
-79
-69
-63
-77
-42
-14
-41
-54
-84
-54
-29
-117
-140
-46
-52
-138
-132
-107
-128
-79
-96
-100
-104
-100
-102
-134
-71
-123
-79
-84
-77
-126
-138
-155
-165
-121
-146
-210
-147
-105
-115
-107
-117
-90
-134
-102
-73
-176
-104
-63
-77
-81
-109
-161
-230
-270
-189
-193
-268
-270
-300
-270
-300
-233
-231
-245
-262
-220
-262
-209
-191
-287
-205
-199
-245
-134
-153
-220
-235
-195
-245
-275
-224
-218
-136
-172
-189
-182
-105
-146
-157
-100
-121
-37
-102
-20
-126
-75
-71
-86
-16
-69
-60
-42
-105
-119
-94
-104
-71
-142
-126
-104
-107
-126
-67
-184
-107
-142
-239
-256
-289
-205
-308
-256
-220
-165
-86
-63
-75
-41
-86
-56
-180
-157
-168
-157
-210
-184
-277
-334
-285
-310
-313
-359
-310
-357
-344
-344
-403
-359
-405
-417
-357
-460
-361
-415
-968
-455
-441
-420
-474
-460
-510
-533
-542
-604
-550
-604
-544
-976
-499
-375
-439
-959
-457
-417
-430
-352
-365
-380
-323
-432
-397
-411
-367
-413
-376
-394
-340
-375
-417
-323
-333
-354
-346
-392
-409
-319
-359
-409
-403
-428
-434
-489
-495
-978
-527
-550
-535
-537
-598
-592
-552
-605
-634
-581
-625
-720
-697
-684
-686
-647
-686
-705
-686
-726
-771
-823
-886
-800
-838
-896
-949
-938
-857
-875
-878
-884
-821
-802
-817
-770
-789
-779
-821
-781
-770
-726
-710
-665
-586
-613
-609
-590
-554
-554
-521
-459
-441
-380
-394
-331
-292
-310
-268
-270
-205
-209
-327
-378
-308
-298
-283
-308
-252
-289
-333
-289
-302
-302
-296
-291
-291
-317
-319
-359
-428
-409
-363
-397
-394
-373
-388
-405
-409
-468
-441
-506
-976
-426
-476
-558
-527
-510
-563
-565
-594
-623
-556
-565
-630
-626
-688
-722
-649
-697
-684
-724
-754
-707
-730
-739
-697
-709
-674
-766
-749
-720
-710
-644
-703
-709
-710
-710
-674
-739
-823
-730
-770
-712
-672
-663
-726
-642
-642
-592
-588
-651
-621
-584
-628
-668
-619
-592
-546
-550
-604
-562
-584
-562
-554
-619
-552
-560
