19
40
15
47
17
479
26
-50
-35
-37
-12
-58
-42
-77
-56
-62
-37
28
26
97
55
47
131
114
66
53
95
87
55
7
76
76
106
108
76
-21
41
72
-41
9
-37
-6
-44
-27
-75
-119
-39
-23
-10
-14
-20
5
11
62
72
43
0
-67
-41
-71
-113
-132
-123
-83
-111
-167
-149
-193
-188
-140
-144
-147
-180
-126
-176
-144
-191
-201
-186
-144
-191
-193
-174
-188
-209
-191
-193
-163
-199
-138
-128
-128
-151
-134
-142
-168
-226
-170
-147
-146
-157
-168
-252
-249
-291
-256
-241
-296
-254
-233
-214
-237
-121
-161
-123
-119
-67
-79
-67
-20
55
-33
-39
-6
95
49
53
28
5
47
53
91
85
108
143
156
202
211
259
253
192
242
276
232
269
360
307
236
301
366
314
374
341
318
295
316
335
288
320
286
333
274
200
230
183
139
120
141
72
38
57
30
-2
80
0
-96
-96
-126
-149
-128
-172
-134
-75
-207
-209
-186
-165
-224
-193
-218
-262
-218
-216
-205
-226
-241
-197
-264
-291
-304
-357
-319
-306
-329
-256
-323
-363
-315
-315
-327
-319
-268
-250
-270
-298
-304
-321
-313
-214
-283
-214
-157
-159
-144
-140
-186
-121
-155
-109
-100
-23
-69
-69
-46
-62
-136
-119
-58
-144
-147
-84
-105
-77
-113
-58
486
19
-8
53
32
20
47
59
89
137
110
87
164
135
80
145
154
131
93
97
82
28
28
72
55
78
473
95
41
68
91
57
36
24
70
108
85
9
-436
17
78
13
-6
-56
-52
-62
-115
-105
-96
-201
-168
-195
-140
-256
-235
-291
-371
-340
-451
-415
-432
-459
-466
-396
-439
-438
-529
-966
-512
-510
-527
-974
-556
-535
-504
-548
-573
-558
-567
-615
-596
-644
-680
-636
-646
-657
-600
-573
-563
-556
-569
-581
-567
-474
-531
-575
-562
-529
-537
-508
-413
-390
-432
-476
-426
-413
-390
-380
-369
-355
-331
-371
-384
-323
-273
-256
-239
-298
-312
-239
-247
-252
-258
-138
-243
-228
-247
-136
-157
-142
-121
-161
-170
-125
-155
-67
-98
-69
-81
-100
-25
-88
-170
-94
-128
-92
-98
-73
-113
-155
-170
-174
-170
-147
-149
-178
-186
-205
-193
-172
-271
-237
-228
-147
-165
-94
-136
-163
-159
-207
-168
-147
-176
-153
-241
-260
-296
-336
-317
-348
-371
-350
-344
-296
-376
-365
-380
-394
-459
-487
-468
-422
-459
-523
-512
-535
-531
-552
-529
-552
-544
-544
-563
-523
-497
-976
-537
-563
-472
-502
-970
-443
-445
-480
-441
-485
-470
-470
-390
-403
-428
-399
-445
-407
-352
-313
-298
-279
-401
-336
-275
-256
-275
-264
-256
-247
-230
-264
-266
-323
-291
-302
-292
-237
-237
-270
-270
-306
-336
-321
-296
-310
-315
-342
-340
