209
282
236
221
330
337
326
356
274
356
303
276
307
301
290
303
295
274
232
209
248
242
223
209
217
196
169
106
87
-23
-6
-92
-58
-25
17
-100
-123
-153
-90
-105
-136
-128
-83
-168
-151
-151
-170
-258
-191
-256
-230
-277
-289
-302
-266
-254
-203
-247
-306
-239
-195
-182
-157
-205
-189
-186
-165
-105
-161
-155
-111
-176
-73
-96
-111
-96
-33
-94
-35
-52
-90
-44
-56
-48
-33
53
482
11
20
55
158
175
97
242
339
412
282
440
-189
-144
-54
-18
127
185
124
135
72
-18
64
26
28
30
45
22
1
-44
-86
-104
-73
-176
-201
-184
-249
-285
-178
-218
-283
-292
-222
-270
-243
-302
-283
-271
-285
-329
-340
-348
-262
-237
-197
-270
-260
-191
-132
-230
-178
-245
-226
-168
-254
-283
-306
-300
-273
-302
-331
-275
-266
-376
-319
-302
-357
-336
-209
-134
-222
-237
-224
-271
-159
-210
-197
-136
-191
-313
-260
-250
-344
-331
-317
-357
-306
-289
-275
-321
-329
-256
-245
-334
-249
-338
-281
-287
-329
-323
-317
-334
-392
-422
-396
-325
-384
-344
-317
-396
-363
-310
-291
-292
-310
-329
-390
-411
-363
-365
-344
-397
-430
-340
-348
-294
-346
-294
-355
-367
-312
-300
-313
-317
-273
-279
-209
-151
-210
-174
-231
-249
-180
-201
-121
-128
-230
-113
-115
-151
-165
-109
-100
-151
-197
-188
-189
-176
-168
-105
-149
-153
-186
-168
-176
-165
-170
-125
-83
-107
-159
-157
-130
-86
-73
-37
-104
-88
-105
-123
-132
-138
-90
-75
-121
-88
-63
-39
-83
-63
-84
-33
-16
-12
-10
-33
-94
41
0
-65
-27
22
-37
-42
-25
-63
-37
-39
-81
-42
-125
-144
-149
-144
-73
-125
-172
-144
-88
-123
-134
-174
-172
-180
-241
-249
-226
-207
-249
-247
-174
-220
-241
-241
-222
-188
-249
-302
-142
-203
-189
-228
-333
-313
-329
-294
-273
-277
-249
-292
-304
-266
-283
-315
-300
-228
-296
-329
-285
-313
-273
-291
-294
-230
-264
-231
-258
-247
-178
-182
-220
-273
-250
-195
-237
-214
-199
-224
-237
-165
-273
-283
-270
-250
-247
-182
-203
-180
-147
-182
-109
-123
-83
-105
-10
-18
-77
-69
-8
51
486
-16
482
-44
-46
-42
-21
-71
-86
-71
28
-23
-60
-77
-75
-20
-63
-75
-102
-63
-25
-60
-109
-88
-476
64
72
486
28
106
122
114
112
116
62
61
116
5
38
95
64
43
72
26
55
55
32
72
-29
-35
-31
41
34
482
-50
-90
-62
-77
-144
-170
-212
-230
-220
-258
-256
-254
-323
-342
-321
-411
-363
-376
-331
-365
-403
-390
-367
-325
-369
-342
-325
-369
-340
-380
-327
-331
-375
-411
-342
-371
-375
-317
-304
-298
-342
-279
-245
-287
-291
-178
-167
-243
-243
-207
