-94
-23
-20
-84
-46
-42
-77
-94
-90
-107
-75
-48
26
-60
-39
-65
486
38
19
57
106
97
19
66
82
62
0
51
85
127
173
148
171
154
82
152
78
68
141
114
106
59
459
87
51
51
97
479
484
-487
-92
-18
-105
-134
-71
-128
-245
-107
-134
-212
-205
-184
-266
-252
-283
-260
-296
-298
-279
-247
-264
-226
-218
-279
-230
-252
-334
-292
-323
-334
-327
-273
-317
-256
-262
-273
-283
-378
-247
-292
-264
-250
-155
-207
-168
-121
-102
-153
-144
-168
-111
-157
-252
-292
-277
-294
-260
-262
-250
-260
-218
-203
-186
-168
-157
-140
-75
-14
-54
-483
-39
-54
-8
475
41
47
78
-25
106
120
156
156
150
139
198
154
150
101
116
150
85
482
40
66
-31
51
-12
-50
-77
-27
-52
-50
-90
-134
-144
-195
-184
-209
-212
-304
-334
-371
-315
-289
-352
-365
-373
-333
-390
-384
-510
-405
-436
-445
-6
-476
-489
-976
-418
-436
-480
-411
-363
-418
-380
-394
-378
-428
-426
-399
-384
-333
-390
-397
-451
-432
-409
-380
-361
-350
-415
-325
-325
-378
-336
-340
-354
-294
-371
-384
-378
-411
-432
-418
-438
-409
-415
-384
-323
-403
-355
-325
-390
-422
-380
-344
-401
-401
-376
-426
-403
-434
-464
-411
-367
-354
-344
-453
-424
-392
-447
-445
-2
-584
-577
-573
-581
-523
-623
-655
-626
-707
-718
-714
-707
-733
-724
-688
-749
-770
-771
-749
-808
-829
-796
-758
-804
-831
-873
-852
-792
-779
-743
-714
-798
-819
-739
-716
-712
-760
-741
-756
-714
-665
-659
-657
-663
-709
-651
-623
-716
-682
-642
-644
-619
-611
-609
-670
-617
-590
-630
-596
-588
-573
-617
-621
-628
-630
-596
-642
-640
-970
-497
-502
-497
-523
-527
-495
-539
-546
-500
-460
-460
-588
-535
-516
-464
-533
-588
-647
-573
-611
-562
-625
-613
-573
-571
-548
-542
-632
-600
-596
-594
-638
-605
-640
-625
-588
-617
-571
-565
-605
-602
-644
-646
-619
-590
-600
-623
-613
-584
-628
-668
-569
-571
-615
-667
-571
-569
-615
-619
-596
-573
-609
-634
-670
-556
-625
-609
-621
-577
-625
-661
-712
-636
-653
-714
-752
-825
-846
-829
-880
-785
-764
-869
-743
-773
-766
-707
-703
-739
-733
-697
-676
-697
-594
-657
-594
-661
-657
-583
-632
-659
-646
-775
-689
-730
-659
-695
-731
-649
-668
-613
-630
-581
-520
-474
-365
-369
-283
-313
-245
-235
-216
-69
-170
-63
-60
-52
-25
-485
-77
-54
-84
-111
-273
-264
-340
-373
-376
-432
-500
-560
-602
-604
-674
-703
-716
-750
-838
-785
-783
-813
-720
-768
-676
-686
-682
-653
-676
-701
-689
-716
-674
-611
-667
-621
-632
-569
-567
-533
-506
-976
-441
-2
-472
-424
-428
-373
-455
-394
-375
-432
-363
-342
-417
-439
-453
-445
-371
