-453
-428
-453
-457
-399
-384
-392
-323
-340
-373
-394
-336
-300
-302
-266
-249
-264
-323
-289
-302
-254
-231
-247
-247
-197
-283
-344
-260
-252
-289
-271
-275
-292
-304
-254
-277
-289
-313
-275
-235
-266
-178
-125
-84
-197
-67
-125
-105
-54
-25
-20
-168
-218
-163
-245
-224
-170
-189
-212
-170
-186
-146
-151
-212
-220
-142
-184
-241
-222
-188
-214
-205
-178
-270
-262
-226
-260
-283
-174
-184
-212
-146
-73
-132
-98
-111
-69
-71
22
-63
-98
-157
-125
-109
-195
-138
-140
-147
-126
-107
-96
-58
-67
-46
-39
9
-50
-35
-63
-25
28
-35
-69
-23
-8
-21
22
-21
-96
-37
1
-12
484
-83
-62
-63
-62
-92
32
68
89
133
97
101
175
227
198
160
194
248
246
208
301
208
227
286
284
244
312
305
366
345
307
366
444
335
389
360
316
440
433
444
423
387
360
362
362
288
291
261
215
253
181
135
131
219
150
139
137
162
156
97
169
146
61
51
28
-2
17
20
32
-83
-77
-155
-209
-144
-226
-209
-207
-214
-220
-222
-231
-207
-178
-214
-109
-81
-63
-23
1
3
-8
-35
-58
22
-54
-96
-83
-69
-86
-69
-58
-10
-20
-54
-41
-483
-44
-39
15
80
36
70
76
83
135
156
248
200
125
139
171
225
213
229
234
229
125
183
202
217
257
242
225
227
290
242
272
314
341
328
356
366
335
345
318
362
412
404
358
438
473
492
1
519
505
555
570
568
597
591
633
681
715
755
732
662
711
711
694
696
627
639
688
643
688
591
549
553
517
557
572
975
500
522
496
417
467
408
343
410
391
360
379
360
333
364
351
291
326
274
387
335
282
324
406
408
425
450
438
444
494
494
509
427
446
515
450
473
513
461
387
383
358
398
389
435
444
217
295
326
253
204
173
164
185
137
171
160
141
171
-107
-115
-216
-210
-277
-363
-378
-447
-443
-499
-485
-541
-552
-686
-739
-756
-848
-873
-857
-943
-962
-924
-905
-938
-867
-890
-838
-792
-823
-770
-777
-745
-621
-630
-978
-470
-468
-439
-346
-348
-308
-310
-231
-165
-117
-210
-201
-161
-136
-157
-155
-178
-174
-142
-174
-216
-155
-159
-167
-218
-279
-241
-266
-336
-369
-260
-327
-365
-365
-357
-317
-443
-483
-533
-489
-508
-569
-623
-646
-611
-636
-726
-686
-710
-712
-741
-775
-768
-749
-720
-728
-789
-852
-884
-880
-875
-873
-892
-926
-867
-966
-980
-495
-985
-1002
-991
-1002
-989
-493
-1037
-1035
-1000
-993
-502
-1048
-1042
-1062
-1083
-1109
-1128
-1109
-1104
-1073
-1027
-1048
-1119
-1096
-1063
-1123
-1067
-1044
-1069
-1014
-941
-918
-913
-928
-892
