-210
-273
-296
-310
-312
-315
-342
-352
-327
-396
-348
-382
-382
-396
-394
-376
-409
-394
-394
-439
-457
-321
-397
-453
-976
-445
-443
-415
-422
-352
-392
-310
-247
-254
-327
-260
-304
-346
-355
-270
-260
-256
-220
-264
-304
-237
-218
-212
-170
-153
-174
-250
-220
-228
-144
-180
-300
-266
-294
-344
-254
-209
-199
-273
-199
-180
-256
-178
-184
-147
-174
-167
-107
-142
-39
-119
-56
-92
-75
-86
-151
-136
-155
-102
-115
-230
-228
-222
-157
-199
-182
-147
-191
-210
-212
-210
-214
-201
-308
-250
-245
-279
-357
-312
-310
-292
-283
-260
-243
-315
-342
-271
-310
-241
-292
-258
-338
-273
-338
-376
-319
-279
-296
-386
-361
-275
-310
-323
-375
-369
-334
-319
-312
-331
-357
-327
-270
-273
-249
-296
-329
-323
-300
-289
-329
-338
-329
-294
-296
-285
-327
-361
-365
-382
-363
-336
-378
-306
-201
-207
-218
-197
-180
-184
-195
-138
-142
-115
-105
-104
-115
-67
-96
-123
-121
-48
-113
-174
-130
-102
-46
-46
-52
-46
40
9
17
95
53
49
131
108
108
85
99
122
127
99
61
122
129
87
74
87
103
131
101
133
177
82
66
82
43
40
-18
38
40
55
-79
-149
-168
-157
-161
-195
-224
-224
-199
-262
-249
-212
-241
-375
-352
-363
-348
-315
-384
-453
-968
-480
-441
-535
-502
-546
-562
-573
-529
-607
-668
-636
-569
-594
-672
-636
-625
-604
-592
-634
-657
-682
-613
-581
-611
-619
-594
-571
-609
-588
-636
-640
-625
-594
-598
-590
-567
-512
-508
-422
-392
-396
-348
-271
-262
-287
-220
-216
-233
-161
-239
-214
-241
-260
-201
-205
-226
-239
-252
-214
-199
-170
-235
-233
-197
-184
-203
-161
-178
-201
-186
-174
-153
-252
-172
-132
-153
-222
-228
-237
-300
-315
-344
-361
-415
-371
-346
-480
-451
-403
-449
-445
-6
-480
-426
-369
-481
-516
-451
-441
-405
-401
-472
-443
-460
-466
-434
-480
-460
-470
-512
-558
-512
-972
-481
-455
-457
-405
-447
-405
-354
-388
-313
-277
-317
-336
-361
-403
-388
-411
-487
-363
-359
-397
-340
-331
-287
-361
-352
-287
-325
-315
-359
-270
-271
-275
-266
-237
-273
-214
-203
-203
-241
-243
-195
-291
-262
-237
-249
-233
-186
-271
-266
-250
-338
-321
-334
-334
-359
-426
-388
-2
-483
-502
-525
-480
-445
-14
-497
-504
-502
-457
-556
-401
-508
-438
-405
-411
-292
-315
-275
-239
-147
-214
-159
-182
-165
-188
-163
-212
-86
-157
-153
-147
-119
-98
-65
-35
-33
-84
-41
-73
-23
-485
-86
-73
-48
-94
-121
-60
-132
-151
-191
-193
-233
-218
-245
-241
-258
-230
-216
-254
-334
-271
-304
-367
-344
-375
-415
-449
-453
-447
-499
-352
-394
-417
-371
-405
-418
-394
-422
-455
-413
-321
-350
-304
-292
-157
-186
-128
-90
55
