45
70
80
62
479
76
167
192
181
192
196
177
221
276
324
286
351
354
383
375
353
410
437
395
417
416
383
374
349
322
416
364
393
389
393
362
274
301
347
312
337
372
351
366
337
374
318
255
232
316
234
316
297
267
221
179
187
202
179
99
129
122
34
47
34
-35
-79
-56
-134
-199
-167
-222
-279
-279
-355
-424
-6
-415
-441
-449
-386
-483
-520
-510
-535
-489
-529
-556
-491
-455
-481
-500
-481
-426
-417
-369
-354
-396
-338
-334
-317
-363
-300
-237
-220
-205
-167
-167
-142
-109
-176
-203
-170
-216
-167
-191
-210
-199
-140
-107
-163
-157
-180
-193
-235
-226
-199
-233
-199
-157
-111
-151
-105
-96
-186
-86
-96
-94
-67
-105
-188
-121
-121
-136
-126
-75
-20
-31
-123
-125
-42
-98
-94
-86
-92
-86
-71
-128
-142
-111
-128
-60
-115
-140
-170
-226
-189
-167
-125
-144
-147
-121
-130
-199
-90
-157
-128
-77
-199
-220
-193
-235
-270
-207
-228
-195
-230
-201
-212
-193
-197
-245
-256
-233
-289
-342
-302
-319
-321
-354
-285
-271
-250
-245
-310
-317
-214
-254
-268
-241
-256
-273
-271
-239
-258
-300
-287
-323
-287
-319
-243
-239
-268
-243
-304
-210
-254
-275
-289
-329
-155
-205
-233
-214
-201
-203
-212
-237
-245
-218
-161
-203
-283
-224
-241
-214
-189
-134
-191
-226
-243
-159
-178
-159
-153
-155
-151
-117
-88
-136
-144
-86
-121
-115
-147
-176
-170
-86
-149
-84
-31
-73
-35
-71
-100
-60
-58
-96
-113
-153
-113
-149
-167
-140
-157
-167
-132
-180
-224
-165
-153
-140
-130
-92
-75
-54
-27
-44
3
-20
-41
-16
-41
-73
-481
-58
-20
-29
-21
-35
-21
-25
-52
-86
-31
-142
-476
-83
-71
-92
-109
-50
-44
-41
-50
-73
-75
-84
-86
-138
-197
-117
-138
-149
-159
-79
-98
-107
-111
-117
-113
-69
-102
-73
-12
-71
-77
-6
-27
-83
-73
-79
-88
-149
-123
-111
-191
-172
-151
-153
-151
-199
-147
-199
-230
-239
-245
-224
-228
-216
-317
-296
-304
-346
-355
-273
-285
-342
-275
-279
-264
-296
-271
-304
-212
-210
-191
-151
-163
-201
-167
-193
-136
-189
-157
-147
-201
-140
-161
-46
-105
-88
-102
-191
-178
-142
-107
-92
-172
-134
-170
-79
-197
-136
-96
-94
-105
-119
-146
-90
-84
-121
-100
-62
-50
-10
-50
-27
-65
-54
-67
-98
-79
-27
-52
-20
36
20
-50
-21
61
85
70
70
103
76
129
141
169
118
143
196
146
141
209
139
116
143
154
49
101
124
30
-487
30
-485
62
68
43
7
484
-4
-8
-35
-27
-86
-115
-92
-121
-180
-212
-132
-201
-151
-178
-201
-155
-207
-224
-203
-214
-199
-273
-289
-279
-315
-386
-361
-352
-382
