-258
-230
-245
-237
-250
-254
-300
-277
-363
-348
-350
-354
-422
-415
-405
-464
-459
-976
-529
-978
-8
-527
-541
-531
-571
-521
-512
-508
-518
-550
-581
-508
-493
-483
-438
-457
-399
-439
-392
-344
-296
-298
-333
-323
-323
-308
-371
-361
-323
-346
-355
-357
-323
-338
-340
-415
-399
-396
-424
-457
-396
-426
-439
-407
-430
-464
-497
-447
-447
-426
-438
-367
-382
-478
-434
-436
-462
-413
-430
-487
-399
-361
-359
-348
-367
-268
-273
-291
-291
-325
-292
-270
-296
-333
-285
-306
-405
-388
-367
-418
-487
-493
-544
-972
-499
-489
-512
-560
-554
-516
-976
-420
-462
-523
-512
-449
-422
-405
-399
-357
-357
-287
-367
-352
-289
-302
-331
-289
-250
-199
-155
-176
-216
-231
-153
-165
-159
-125
17
24
20
51
76
152
101
244
250
227
282
221
265
312
303
349
316
328
347
358
318
345
423
427
332
341
360
353
364
320
364
353
381
332
375
385
419
404
379
395
354
307
278
358
333
295
324
326
324
330
316
335
211
177
246
314
221
257
223
183
204
156
116
209
223
133
114
152
118
120
93
125
97
43
162
103
64
45
97
74
45
74
64
49
72
76
137
93
103
120
135
148
152
124
169
194
145
150
160
221
158
202
188
93
112
196
156
137
87
125
133
82
219
141
36
112
131
87
127
108
41
85
76
28
-48
-16
-37
-90
-62
-132
-126
-188
-125
-117
-231
-237
-214
-226
-138
-184
-224
-230
-231
-270
-254
-222
-174
-144
-230
-235
-138
-205
-163
-195
-71
-165
-111
-83
-136
-100
-44
-94
-29
-8
-25
11
-470
41
112
223
103
209
238
270
316
423
370
318
311
299
261
230
244
278
135
87
169
85
97
66
479
-25
-29
-56
-67
-60
-121
-117
-104
-134
-180
-224
-241
-270
-249
-195
-128
-153
-117
-44
26
57
76
-56
13
-18
475
-50
-56
-50
19
-54
-73
-67
-41
-35
-33
-31
-81
-90
-58
-14
26
9
57
40
19
47
15
43
59
45
64
28
-18
-481
-48
-44
32
34
17
15
-27
-14
-29
-487
26
108
17
20
15
0
-25
484
-125
-121
-132
-128
-121
-199
-182
-210
-285
-157
-176
-243
-291
-247
-283
-313
-357
-354
-376
-373
-436
-462
-445
-512
-537
-590
-575
-592
-674
-688
-623
-653
-676
-728
-667
-718
-709
-665
-628
-665
-703
-703
-722
-718
-749
-808
-794
-707
-686
-777
-754
-733
-739
-653
-655
-665
-672
-584
-604
-621
-569
-523
-483
-506
-508
-521
-531
-453
-449
-413
-415
-422
-361
-386
-397
-422
-371
-388
-405
-348
-361
-388
-430
-317
-275
-281
-310
-333
-319
-310
-325
-287
-306
-363
-315
-226
-254
-273
