-62
26
7
473
-25
-63
-56
-102
-105
-144
-104
-94
-220
-205
-167
-201
-207
-207
-199
-205
-189
-165
-212
-214
-197
-182
-239
-266
-252
-275
-237
-130
-209
-216
-128
-136
-182
-174
-167
-203
-136
-159
-121
-161
-247
-243
-186
-155
-182
-168
-226
-212
-195
-209
-209
-136
-182
-199
-199
-199
-197
-189
-233
-201
-84
-109
-130
-134
-165
-92
-39
-94
-86
-63
-29
-77
-56
-18
-16
-63
-140
-140
-142
-216
-264
-291
-287
-245
-285
-275
-304
-346
-363
-405
-424
-352
-287
-271
-226
-197
-285
-142
-117
-140
-165
-79
-29
-31
-46
17
13
26
83
66
122
169
145
181
114
146
272
240
250
274
230
288
270
295
332
274
309
328
358
335
324
255
240
280
305
250
179
208
175
154
173
137
61
87
47
101
68
68
53
-63
-96
-50
-94
-157
-165
-90
-104
-109
-210
-224
-203
-315
-292
-338
-384
-386
-447
-464
-472
-481
-565
-14
-531
-598
-562
-613
-686
-659
-705
-703
-684
-760
-720
-705
-728
-737
-775
-770
-749
-773
-791
-735
-760
-773
-741
-796
-798
-680
-741
-707
-709
-667
-583
-542
-483
-525
-432
-426
-407
-470
-438
-304
-336
-382
-359
-319
-323
-396
-327
-300
-180
-214
-170
-146
-107
-123
-117
-18
3
-8
-20
51
49
49
32
43
30
64
137
114
129
104
122
198
208
158
206
282
169
211
230
261
145
101
122
135
141
139
93
129
125
80
40
93
76
112
51
74
97
108
26
26
64
32
82
53
51
80
5
-10
74
55
53
28
-20
45
76
131
72
34
64
106
104
158
133
110
74
148
137
110
150
169
116
91
62
74
36
-20
24
484
-18
-14
-115
-153
-115
-111
-104
-65
-12
-20
13
-476
-29
9
482
-77
-111
-105
-111
-128
-94
-132
-134
-180
-252
-233
-199
-195
-224
-209
-289
-270
-258
-277
-220
-157
-197
-189
-159
-212
-243
-140
-151
-142
-178
-235
-172
-212
-212
-233
-235
-212
-182
-172
-136
-113
-54
-92
-69
-25
-77
-46
7
-37
49
131
38
72
91
99
103
57
141
91
93
114
169
143
125
51
61
49
74
148
145
173
78
139
135
122
95
143
171
160
162
125
91
183
167
99
114
169
108
57
78
38
-35
-14
-69
-39
-113
-102
-153
-153
-94
-155
-58
-104
-159
-109
-144
-79
-105
-102
-125
-151
-226
-182
-165
-136
-174
-151
-84
-149
-147
-41
-88
-102
-130
-136
-151
-134
-226
-254
-220
-207
-256
-231
-277
-340
-270
-313
-394
-12
-41
-411
-382
-346
-178
-210
-123
-126
-44
-83
-35
-23
-4
480
53
-119
-193
-231
-195
-264
-266
-336
-367
-434
-405
-474
-396
-464
-413
-550
-632
-550
