-149
-178
-113
-58
-111
-180
-96
-62
-191
-224
-191
-233
-245
-258
-252
-271
-308
-342
-359
-445
-462
-447
-464
-438
-16
-604
-563
-554
-628
-575
-609
-569
-611
-630
-575
-594
-579
-577
-573
-600
-670
-672
-623
-678
-659
-647
-680
-745
-697
-665
-626
-607
-611
-634
-607
-598
-646
-640
-644
-626
-611
-581
-626
-657
-630
-699
-718
-623
-569
-525
-531
-550
-548
-563
-562
-567
-535
-500
-485
-516
-451
-487
-539
-552
-508
-529
-516
-468
-487
-550
-459
-480
-483
-447
-420
-426
-460
-451
-403
-428
-434
-424
-390
-455
-443
-411
-424
-424
-396
-434
-405
-355
-317
-233
-325
-283
-283
-243
-327
-167
-157
-146
-136
-174
-264
-256
-489
-531
-499
-392
-321
-243
-357
-222
-37
-294
-730
-840
-766
-590
-970
-325
-359
-390
-10
-516
-537
-541
-531
-520
-550
-527
-512
-489
-588
-523
-521
-531
-575
-537
-495
-472
-520
-552
-508
-974
-262
-218
-199
-210
-191
-245
-315
-287
-201
-132
-58
-14
45
24
41
17
106
89
-489
80
99
87
127
187
97
101
116
131
116
80
135
185
150
106
187
196
183
118
156
166
148
148
95
99
62
40
68
112
13
76
64
43
3
-4
64
484
19
43
-75
-60
-21
-20
-20
-29
-67
-480
72
486
-65
-69
-23
-96
-98
-126
-92
-136
-44
-111
-98
-90
-134
-90
-113
-115
-184
-226
-256
-184
-212
-226
-201
-199
-209
-266
-333
-291
-250
-283
-346
-271
-336
-287
-298
-315
-363
-373
-376
-340
-380
-342
-346
-317
-331
-382
-333
-344
-382
-373
-354
-428
-434
-399
-350
-361
-352
-319
-306
-334
-275
-292
-312
-220
-216
-230
-178
-178
-186
-100
-84
-105
-172
-121
-63
-81
-115
-111
-63
-140
-168
-130
-159
-167
-233
-270
-197
-256
-258
-250
-163
-151
-193
-216
-176
-182
-241
-168
-159
-189
-151
-159
-207
-157
-149
-142
-205
-136
-212
-228
-254
-233
-207
-159
-132
-153
-100
-144
-130
-159
-109
-100
-54
-100
-54
-96
-115
-128
-130
-159
-128
-168
-180
-201
-193
-138
-195
-205
-159
-189
-308
-260
-235
-250
-235
-231
-233
-220
-249
-270
-210
-308
-266
-270
-388
-338
-292
-279
-331
-361
-268
-268
-273
-239
-294
-266
-199
-102
-84
-105
-69
-136
-69
-73
-2
-16
-102
-60
-88
-172
-130
-195
-195
-207
-252
-216
-207
-172
-222
-212
-264
-226
-212
-287
-279
-289
-300
-281
-214
-262
-186
-220
-230
-226
-256
-277
-231
-258
-228
-222
-273
-262
-241
-294
-310
-382
-392
-298
-312
-323
-323
-367
-323
-302
-308
-315
-378
-369
-306
-294
-321
-241
-247
-224
-271
-243
-197
-163
-210
-134
-151
-105
-83
-130
-96
-186
-136
-193
-220
-188
-233
-273
-279
-310
-245
-260
-243
-193
-172
-275
-203
-180
-155
-144
-109
-79
