-42
-468
-35
55
26
38
55
24
-2
70
85
72
85
-474
36
1
141
-487
484
26
36
36
-31
-50
-90
-107
-100
-134
-279
-319
-399
-499
-460
-394
-310
-262
-369
-518
-542
-974
-434
-441
-533
-556
-596
-529
-544
-342
-392
-218
-516
-617
-691
-689
-712
-674
-598
-586
-617
-598
-500
-579
-573
-584
-535
-548
-527
-558
-953
-384
-384
-436
-390
-308
-285
-254
-329
-224
-250
-207
-216
-155
-69
-94
-88
-73
-100
-90
-115
-44
-125
-136
-104
-104
-121
-165
-159
-147
-167
-142
-188
-159
-123
-271
-201
-209
-167
-167
-188
-231
-239
-220
-228
-338
-294
-304
-304
-388
-348
-292
-313
-361
-344
-365
-333
-424
-434
-466
-480
-434
-502
-430
-434
-417
-426
-396
-447
-424
-426
-426
-405
-333
-323
-304
-323
-277
-275
-373
-445
-346
-390
-432
-390
-420
-512
-976
-592
-638
-628
-621
-609
-691
-689
-682
-724
-701
-672
-649
-678
-730
-682
-649
-646
-672
-611
-630
-630
-558
-512
-510
-506
-577
-523
-525
-529
-424
-455
-441
-466
-483
-459
-422
-439
-460
-447
-432
-331
-352
-382
-397
-355
-342
-369
-334
-357
-292
-371
-357
-319
-260
-323
-283
-306
-237
-306
-292
-310
-352
-250
-231
-283
-254
-231
-266
-237
-291
-291
-294
-310
-384
-285
-277
-287
-327
-308
-365
-350
-310
-338
-334
-334
-350
-296
-329
-386
-409
-405
-380
-373
-357
-340
-375
-409
-376
-439
-449
-399
-432
-420
-413
-487
-472
-466
-466
-474
-481
-466
-485
-520
-508
-457
-478
-462
-382
-382
-521
-476
-453
-476
-455
-434
-407
-426
-401
-466
-506
-464
-480
-436
-441
-388
-359
-405
-325
-327
-283
-279
-254
-245
-317
-258
-186
-222
-205
-210
-254
-247
-239
-209
-258
-271
-260
-250
-287
-321
-296
-262
-291
-285
-333
-291
-333
-384
-403
-375
-355
-338
-420
-460
-495
-445
-470
-432
-529
-466
-470
-485
-529
-508
-506
-430
-439
-411
-399
-418
-392
-405
-407
-365
-325
-281
-321
-361
-336
-342
-357
-357
-432
-352
-300
-363
-415
-354
-409
-445
-413
-485
-457
-430
-451
-436
-474
-422
-403
-430
-378
-375
-415
-417
-378
-354
-424
-384
-376
-329
-336
-394
-396
-296
-365
-363
-271
-306
-308
-300
-233
-216
-220
-218
-163
-178
-189
-142
-111
-113
-113
-75
-126
-105
-48
-37
-44
-39
-65
-8
0
-39
-14
-21
-35
-41
13
34
61
101
64
87
41
83
103
64
127
135
221
179
124
177
120
120
106
108
103
133
131
64
78
55
70
82
74
125
38
482
-480
17
19
7
-44
-52
-92
-94
-54
-94
-94
-167
-163
-163
-115
-168
-174
-207
-245
-348
-396
-378
-375
-474
-520
-598
-552
-21
-539
-539
-550
-529
-565
-537
-472
-455
-2
-474
-487
-392
-451
-472
-441
-462
-396
-436
-352
