-254
-331
-270
-327
-258
-252
-216
-250
-256
-312
-300
-239
-289
-226
-250
-233
-254
-312
-228
-252
-315
-273
-363
-294
-268
-273
-262
-260
-264
-249
-313
-275
-380
-418
-310
-384
-315
-354
-384
-413
-334
-271
-313
-252
-281
-287
-250
-203
-250
-210
-283
-180
-231
-306
-289
-201
-195
-205
-207
-216
-250
-189
-159
-214
-170
-165
-151
-134
-105
-140
-191
-210
-146
-155
-142
-90
-189
-153
-109
-63
-98
-79
-90
-41
83
82
89
99
70
53
110
133
131
106
120
110
93
47
30
66
64
-487
82
41
13
26
471
-16
-25
49
-123
-39
-27
-44
-105
-132
-138
-130
-134
-151
-123
-107
-149
-92
-94
-81
-69
-107
-121
-144
-71
-65
-46
-69
-123
-153
-163
-100
-182
-218
-128
-195
-170
-214
-220
-186
-186
-170
-167
-167
-157
-96
-100
-96
-100
-83
-84
-63
-41
-119
-58
-115
-46
-4
-56
-77
-67
-42
-54
-58
-88
-86
22
3
7
-489
24
17
53
80
41
61
101
158
76
76
156
150
190
211
230
223
215
328
293
265
311
286
419
431
435
320
360
314
244
217
192
118
87
20
486
-10
-42
-31
-63
-125
-79
-128
-153
-260
-235
-407
-430
-373
-409
-460
-422
-397
-405
-380
-462
-390
-399
-375
-375
-357
-256
-325
-163
-220
-111
-60
477
-478
83
146
187
175
202
137
112
171
177
194
62
146
68
99
76
51
45
70
473
479
-2
68
30
-18
480
-107
-138
-84
-146
-147
-174
-230
-197
-245
-226
-180
-218
-174
-140
-230
-199
-165
-189
-178
-138
-113
-121
-107
-163
-104
-73
-88
-113
-104
-71
-172
-138
-153
-67
-63
-20
-109
-33
41
30
85
36
156
120
175
150
114
192
160
196
246
230
175
225
213
244
152
164
114
179
38
7
24
-50
-33
-104
-84
-168
-199
-123
-186
-249
-218
-291
-312
-260
-275
-325
-266
-264
-277
-308
-325
-344
-342
-384
-424
-439
-434
-415
-373
-401
-424
-415
-436
-434
-470
-472
-569
-546
-468
-10
-560
-476
-537
-976
-8
-556
-544
-510
-462
-502
-483
-478
-472
-504
-537
-510
-502
-476
-521
-523
-563
-607
-611
-592
-600
-521
-504
-550
-8
-487
-974
-491
-512
-541
-552
-575
-525
-562
-542
-586
-579
-539
-581
-533
-560
-542
-976
-470
-455
-533
-976
-485
-470
-474
-495
-499
-409
-6
-508
-432
-972
-418
-443
-436
-397
-336
-457
-493
-436
-459
-470
-474
-485
-531
-434
-462
-445
-438
-426
-451
-449
-535
-550
-607
-563
-600
-644
-705
-682
-674
-699
-741
-787
-798
-829
-886
-920
-911
-1004
-1029
-989
-1044
-1081
-1079
-1161
-1075
-1096
-1159
-1216
-1247
-1228
-1233
-1262
-1281
-1331
-1386
-1292
-1247
-1258
-1283
-1250
-1212
-1266
-1310
-1306
-1338
-1336
-1317
-1243
