-233
-271
-273
-178
-176
-199
-149
-126
-167
-96
-168
-157
-88
-65
-117
-77
-48
-483
-10
-31
32
-16
49
82
158
122
141
307
276
290
358
324
358
385
419
459
410
423
444
498
473
494
444
484
509
463
452
511
967
511
971
437
450
417
433
349
345
311
295
295
209
181
167
143
91
24
-21
-88
-56
-48
-111
-142
-113
-180
-245
-220
-237
-249
-310
-346
-333
-392
-373
-363
-470
-478
-403
-527
-560
-577
-563
-520
-531
-598
-523
-533
-468
-460
-439
-405
-382
-329
-319
-354
-373
-289
-294
-247
-241
-210
-75
-54
-39
-69
-2
99
68
49
45
101
160
158
145
124
154
114
122
124
95
40
30
-10
-2
-25
463
-128
-62
-58
-144
-132
-104
-174
-197
-209
-170
-147
-136
-119
-75
-128
-193
-172
-167
-119
-172
-146
-170
-231
-132
-191
-153
-146
-161
-60
-35
-100
-77
-33
-4
59
-62
-96
-163
-193
-216
-247
-226
-289
-268
-344
-352
-287
-308
-300
-340
-323
-294
-306
-304
-239
-243
-237
-161
-201
-239
-235
-241
-256
-188
-121
-134
-113
-134
-128
-147
-165
-71
-79
-31
-44
-83
-50
-81
-86
-153
-123
-88
-86
-50
-63
-92
-25
-58
-159
-42
30
471
-100
-16
-52
-50
-31
-21
-27
-6
-8
-62
-8
-42
-41
-12
-8
-4
-60
-18
17
13
-52
-6
11
13
41
-29
-79
-21
-56
-39
-73
-75
-31
-83
-20
-6
26
22
32
43
15
-12
-75
-88
-42
-86
-12
-46
-44
-86
-83
-56
-75
-136
-161
-126
-121
-84
-113
-79
-39
-14
-25
-27
-56
-79
-16
-39
-23
36
-8
-67
480
-29
-6
3
-54
-33
43
36
41
68
47
34
471
28
22
1
-6
41
55
51
91
104
7
-21
70
41
80
9
36
7
43
38
-41
-92
-50
-90
-23
-41
-62
-71
-54
-142
-146
-125
-168
-212
-214
-222
-291
-415
-413
-460
-459
-558
-647
-544
-596
-695
-707
-703
-691
-750
-752
-768
-714
-718
-716
-771
-668
-754
-722
-693
-604
-621
-550
-569
-521
-455
-457
-363
-313
-306
-161
-178
-151
-132
-79
-39
-35
-470
95
59
72
120
127
230
215
240
251
265
358
305
259
250
307
335
282
272
270
225
200
290
196
133
127
85
22
-29
-102
-94
-146
-189
-289
-350
-342
-438
-485
-470
-523
-554
-636
-684
-695
-789
-901
-873
-861
-926
-1010
-1048
-1092
-1073
-1126
-1209
-1180
-1237
-1306
-1254
-1231
-1354
-1300
-1250
-1300
-1312
-1266
-1262
-1300
-1296
-1245
-1317
-1310
-1327
-1331
-1220
-1275
-1273
-1235
-1233
-1235
-1168
-1142
-1107
-1100
-1058
-993
-974
-938
-913
-831
-894
-854
-842
-871
-901
-800
-825
-781
-789
-768
-819
-785
-726
-743
-680
-644
-646
-594
-516
-594
-502
-447
