-657
-707
-649
-594
-709
-709
-695
-768
-806
-848
-779
-808
-796
-773
-848
-876
-813
-819
-794
-827
-806
-796
-796
-750
-804
-846
-823
-823
-836
-859
-867
-867
-842
-844
-836
-884
-871
-789
-802
-800
-800
-699
-739
-792
-731
-750
-794
-869
-880
-865
-938
-917
-863
-892
-890
-890
-926
-899
-941
-892
-886
-918
-896
-829
-823
-871
-800
-686
-770
-827
-842
-833
-882
-894
-817
-827
-888
-497
-1046
-1090
-1065
-920
-972
-1023
-1000
-899
-913
-936
-957
-966
-1031
-1117
-1041
-1081
-1155
-1105
-1111
-1102
-1083
-1109
-1168
-1167
-1134
-1134
-1126
-1065
-1094
-1083
-1170
-1184
-1128
-1025
-495
-1012
-1052
-1126
-1170
-865
-955
-357
-436
-518
-661
-844
-907
-1004
-854
-611
-583
-710
-693
-531
-460
-376
-352
-249
-136
-42
-285
-636
-918
-936
-781
-563
-401
-323
-350
-438
-598
-592
-577
-533
-470
-355
-300
-315
-302
-256
-270
-308
-250
-214
-279
-258
-310
-354
-279
-340
-308
-336
-373
-273
-300
-289
-268
-308
-283
-256
-289
-250
-256
-283
-308
-268
-224
-207
-264
-300
-224
-230
-216
-218
-319
-333
-287
-340
-292
-281
-260
-247
-233
-287
-247
-357
-327
-396
-418
-340
-394
-386
-369
-334
-321
-380
-382
-317
-292
-281
-363
-363
-375
-378
-380
-424
-424
-439
-466
-405
-359
-373
-323
-218
-291
-329
-228
-168
-170
-191
-224
-262
-228
-243
-233
-304
-243
-292
-224
-237
-168
-222
-147
-83
-54
482
68
143
82
141
175
219
253
255
305
284
345
318
326
372
458
480
541
572
599
543
557
557
507
492
469
414
395
345
345
318
312
286
238
227
202
171
225
288
232
158
208
227
219
167
125
70
61
47
22
-20
26
-489
53
486
1
3
-29
-21
-33
-50
-119
-149
-117
-157
-151
-98
-172
-186
-197
-168
-189
-180
-142
-161
-155
-184
-199
-159
-222
-84
-121
-119
-96
-92
-23
-58
-2
24
-48
-29
-44
-6
-65
-33
-48
-69
-48
-37
-14
-41
-132
-121
-111
-235
-325
-539
-565
-422
-231
-138
-8
72
135
-44
-168
-220
-304
-249
-184
-73
-102
-48
-62
-134
-191
-228
-249
-254
-331
-350
-291
-312
-382
-443
-500
-533
-749
-770
-808
-634
-565
-438
-394
-441
-445
-581
-636
-613
-686
-714
-623
-508
-504
-531
-609
-596
-634
-586
-560
-460
-508
-550
-502
-516
-531
-556
-542
-584
-604
-491
-535
-504
-8
-594
-571
-563
-563
-541
-453
-529
-583
-476
-575
-619
-562
-525
-527
-569
-642
-638
-611
-634
-646
-638
-605
-661
-665
-726
-714
-661
-630
-611
-625
-646
-670
-615
-655
-636
-615
-605
-626
-691
-626
-638
-668
-640
-688
-672
-646
-735
-678
-625
-750
-665
-684
-674
-709
-735
-800
-802
-802
-792
-768
-762
-764
-800
-752
-773
-737
-657
-699
-689
-701
-657
-712
-752
