559
530
717
872
914
706
551
416
564
748
881
853
763
719
622
551
505
446
450
511
956
530
538
509
458
425
412
471
532
500
486
522
429
444
435
427
337
368
347
309
253
269
204
171
229
204
206
217
236
162
137
141
141
185
131
112
139
137
129
185
145
208
282
259
332
261
299
486
379
215
173
135
230
370
479
561
597
618
582
545
545
578
627
778
845
1082
1139
902
541
5
616
734
828
967
849
769
748
751
580
557
583
570
677
721
751
774
727
700
648
740
704
702
719
734
782
784
849
748
666
601
601
719
585
437
286
236
248
318
383
280
349
395
309
309
360
328
265
251
293
242
145
59
-65
-33
-98
-252
-310
-325
-355
-373
-380
-460
-485
-447
-397
-405
-439
-378
-281
-298
-275
-325
-310
-296
-388
-340
-375
-352
-386
-382
-361
-336
-418
-512
-533
-529
-535
-552
-550
-644
-659
-710
-615
-563
-602
-565
-588
-560
-590
-550
-552
-552
-628
-569
-552
-470
-499
-413
-415
-14
-438
-399
-434
-420
-392
-361
-321
-384
-354
-319
-365
-289
-350
-329
-308
-289
-281
-346
-359
-380
-375
-447
-506
-483
-491
-493
-537
-529
-575
-596
-592
-594
-581
-632
-598
-604
-600
-520
-476
-529
-562
-495
-497
-512
-537
-512
-478
-4
-495
-483
-489
-518
-565
-6
-623
-628
-663
-693
-730
-720
-688
-707
-682
-749
-749
-718
-813
-796
-747
-756
-758
-762
-777
-749
-712
-684
-628
-565
-506
-579
-527
-502
-428
-384
-321
-313
-348
-369
-294
-329
-250
-228
-214
-151
-155
-180
-216
-191
-188
-92
-69
-48
-12
486
-29
82
72
43
13
89
137
148
99
152
183
108
108
208
250
85
-60
-71
-63
-63
-44
-58
-48
-88
-165
-105
-189
-90
-115
-138
-199
-308
-378
-378
-451
-2
-567
-605
-575
-646
-605
-571
-546
-573
-495
-583
-550
-584
-577
-447
-224
-168
-178
-71
-94
-33
24
89
13
9
-21
-44
-52
-71
-18
-69
482
-56
-481
-94
-67
-468
24
76
139
158
190
143
139
181
171
202
229
286
347
408
353
459
501
503
500
580
564
599
604
616
654
656
610
561
568
545
637
616
561
583
648
595
561
627
687
656
698
595
601
662
688
694
723
746
687
708
732
761
688
725
633
683
687
658
650
608
677
610
641
654
637
667
620
587
622
606
614
660
614
557
603
612
666
635
648
595
576
578
589
488
461
351
395
358
332
284
305
339
326
232
259
223
255
288
288
301
269
236
374
326
309
280
255
206
232
110
89
110
34
34
5
-58
-56
-81
-153
-71
-113
-188
-193
-147
