-10
-50
40
-8
74
-18
-12
-130
-214
-230
-243
-212
-270
-333
-344
-460
-390
-382
-376
-392
-367
-352
-277
-226
-291
-212
-287
-191
-186
-138
-178
-153
-245
-252
-226
-258
-325
-327
-365
-350
-338
-355
-344
-415
-426
-430
-443
-443
-16
-525
-575
-588
-680
-628
-590
-686
-590
-495
-518
-443
-432
-333
-384
-422
-436
-466
-518
-491
-14
-581
-527
-678
-668
-621
-674
-607
-688
-665
-640
-647
-579
-640
-615
-665
-693
-684
-695
-680
-720
-661
-689
-586
-600
-546
-520
-562
-516
-4
-529
-457
-443
-489
-430
-407
-439
-415
-369
-352
-355
-300
-260
-334
-340
-325
-300
-218
-209
-237
-241
-161
-142
-193
-214
-201
-237
-230
-281
-275
-285
-336
-285
-352
-396
-403
-399
-369
-409
-392
-380
-409
-445
-438
-548
-598
-718
-670
-766
-896
-844
-878
-859
-817
-785
-716
-794
-699
-701
-802
-733
-646
-653
-586
-638
-661
-602
-590
-567
-556
-506
-500
-453
-357
-287
-292
-222
-165
-119
-23
-46
-21
106
104
129
152
261
219
240
238
257
270
351
326
322
314
328
339
318
269
320
219
154
175
78
0
-8
-63
-149
-94
-199
-195
-247
-277
-233
-186
-151
-121
-115
-102
-69
0
-474
55
-31
61
24
43
137
68
192
101
284
320
416
391
498
381
427
419
597
603
652
658
675
740
776
725
788
767
746
753
761
807
757
830
818
769
795
824
927
906
992
1000
929
923
971
969
948
938
944
866
862
856
778
740
721
715
681
729
687
568
606
549
528
461
423
381
335
341
412
402
316
318
270
208
251
309
312
272
276
314
286
337
366
417
375
366
267
221
196
200
135
66
104
24
82
51
20
13
-31
22
66
49
85
61
103
93
248
240
213
238
208
225
187
269
250
250
200
236
259
221
188
127
227
200
139
91
127
53
26
32
-63
7
-75
-489
-73
-37
-98
-88
-125
-109
-161
-146
-157
-84
-88
-130
-98
-20
-111
-117
-83
-88
-77
-73
-83
-111
-130
-157
-149
-136
-186
-107
-159
-157
-212
-239
-130
-144
-199
-163
-176
-186
-105
-189
-138
-224
-182
-182
-155
-157
-153
-174
-180
-195
-203
-262
-329
-361
-365
-432
-443
-388
-14
-409
-418
-388
-382
-312
-397
-550
-676
-644
-556
-468
-476
-592
-617
-665
-676
-728
-781
-739
-688
-655
-716
-632
-567
-550
-457
-520
-533
-459
-422
-474
-562
-464
-392
-441
-407
-523
-405
-384
-380
-344
-380
-489
-579
-567
-583
-615
-978
-674
-701
-750
-783
-798
-854
-850
-897
-876
-970
-499
-936
-1033
-1041
-966
-991
-964
-941
-962
-957
-922
-951
-882
-794
-731
-735
-743
-701
-689
-594
-655
-678
-651
-642
-655
-602
-628
-630
-567
