-422
-411
-390
-336
-413
-418
-415
-378
-392
-373
-422
-468
-371
-344
-371
-355
-340
-333
-336
-289
-237
-270
-277
-235
-222
-203
-201
-233
-273
-195
-132
-176
-212
-117
-172
-195
-105
-153
-132
-123
-113
-113
-178
-142
-149
-174
-180
-184
-142
-41
-115
-100
-117
-113
-130
-75
-94
-54
-144
-54
-56
-113
-100
-100
-67
-100
-126
-88
-161
-186
-163
-159
-222
-245
-226
-182
-247
-214
-231
-247
-270
-292
-256
-230
-252
-241
-243
-220
-189
-231
-210
-239
-292
-323
-352
-329
-344
-396
-380
-407
-407
-359
-346
-422
-478
-375
-405
-327
-373
-376
-312
-292
-271
-355
-325
-355
-323
-323
-327
-298
-317
-315
-298
-327
-365
-357
-369
-361
-359
-354
-182
-231
-189
-216
-105
-107
-176
-212
-130
-134
-73
-73
-94
-50
-84
-16
-10
43
5
24
28
17
19
479
85
30
5
154
190
242
225
204
223
204
242
291
320
267
274
278
265
284
253
181
146
106
213
167
484
-483
5
-18
-77
-170
-138
-104
-151
-153
-195
-283
-237
-302
-331
-304
-334
-321
-439
-434
-438
-451
-466
-392
-397
-409
-472
-472
-476
-512
-506
-460
-447
-466
-481
-470
-428
-464
-968
-478
-500
-413
-472
-443
-499
-405
-438
-462
-449
-441
-388
-344
-323
-397
-388
-289
-333
-275
-254
-209
-193
-228
-140
-197
-86
-77
-123
-86
-67
-27
-54
-117
-71
-86
-104
-20
47
-39
-489
-37
-90
-44
-42
-12
-44
-41
-4
-29
-52
-56
-67
-31
-69
-35
-58
-48
-27
-73
-146
-123
-134
-134
-138
-165
-174
-102
-96
-144
-184
-134
-138
-159
-172
-142
-178
-140
-212
-188
-279
-214
-182
-151
-182
-205
-243
-226
-147
-174
-172
-142
-178
-109
-79
-489
-81
7
-186
-102
-180
-88
-168
-203
-151
-199
-128
-111
-233
-178
-180
-195
-161
-254
-167
-153
-254
-180
-197
-88
-90
-159
-109
-146
-88
0
-20
-16
-12
-50
28
-88
-46
-60
-136
-65
-125
-63
-77
-69
-109
-134
-125
-147
-77
-92
-100
-71
-84
-111
-146
-142
-199
-167
-63
-54
-69
-92
-102
-63
-90
-113
-90
-102
-96
-134
-86
-96
-180
-111
-71
-88
-42
-58
-2
22
475
-33
43
-27
-77
-75
15
7
-6
-58
-56
-37
-12
-6
-16
-111
-125
-94
-96
-65
-146
-146
-147
-174
-184
-205
-178
-216
-188
-165
-199
-191
-195
-170
-222
-140
-170
-165
-216
-140
-197
-92
-207
-161
-153
-142
-144
-165
-125
-191
-210
-155
-170
-140
-144
-136
-180
-233
-178
-176
-151
-123
-65
-102
-140
-178
-159
-138
-180
-157
-90
-109
-117
-111
-176
-186
-218
-201
-159
-184
-119
-121
-115
-105
-52
-2
3
-71
-39
-52
-65
-77
-126
-94
-12
-21
30
78
20
38
59
51
61
91
78
139
167
257
