-621
-640
-602
-613
-562
-539
-520
-544
-472
-449
-466
-460
-436
-441
-426
-459
-438
-417
-489
-491
-541
-504
-514
-541
-491
-529
-464
-462
-472
-474
-478
-525
-520
-474
-472
-476
-508
-556
-514
-453
-497
-602
-499
-527
-588
-552
-537
-630
-594
-562
-573
-518
-548
-550
-558
-556
-567
-542
-459
-529
-468
-470
-426
-413
-373
-399
-346
-401
-378
-405
-434
-483
-441
-424
-403
-464
-976
-415
-468
-554
-459
-485
-520
-478
-464
-533
-508
-508
-541
-594
-548
-546
-495
-481
-506
-470
-430
-459
-422
-388
-302
-268
-375
-247
-260
-273
-163
-184
-210
-249
-193
-245
-250
-224
-210
-231
-317
-264
-273
-287
-260
-252
-266
-298
-319
-394
-277
-224
-264
-308
-329
-338
-409
-375
-359
-397
-384
-359
-355
-457
-405
-12
-562
-518
-424
-489
-525
-525
-584
-541
-554
-504
-527
-598
-596
-640
-602
-665
-655
-636
-695
-695
-686
-699
-741
-703
-817
-821
-812
-873
-798
-792
-875
-880
-823
-861
-777
-791
-831
-791
-762
-718
-741
-758
-657
-695
-667
-682
-695
-670
-592
-592
-615
-537
-550
-535
-548
-978
-493
-464
-396
-357
-363
-344
-292
-308
-291
-268
-292
-264
-273
-285
-271
-258
-304
-220
-168
-182
-201
-178
-174
-170
-113
-86
-98
-105
-58
473
-113
-157
-153
-117
-121
-128
-130
-201
-283
-270
-315
-319
-378
-464
-441
-481
-2
-449
-516
-655
-583
-615
-634
-689
-665
-716
-756
-852
-867
-852
-876
-882
-920
-901
-926
-899
-936
-876
-936
-936
-955
-939
-827
-867
-855
-850
-884
-812
-800
-743
-785
-781
-718
-682
-754
-787
-724
-657
-667
-672
-621
-613
-625
-596
-554
-518
-508
-978
-420
-388
-399
-382
-403
-367
-375
-338
-323
-306
-233
-275
-283
-254
-228
-271
-222
-109
-161
-176
-184
-165
-62
-102
-125
-79
-130
-92
-16
-18
-25
17
-41
-31
-73
-94
-128
-147
-79
-132
-69
-178
-130
-159
-83
-146
-157
-235
-233
-199
-239
-254
-285
-325
-302
-304
-292
-298
-312
-285
-277
-292
-294
-281
-357
-371
-430
-439
-39
-417
-502
-491
-548
-495
-560
-504
-539
-500
-521
-567
-569
-565
-539
-565
-470
-445
-539
-539
-443
-562
-405
-485
-470
-451
-468
-376
-392
-407
-388
-359
-485
-434
-369
-331
-302
-325
-306
-323
-312
-298
-233
-184
-161
-216
-149
-197
-189
-172
-151
-146
-201
-92
-151
-167
-132
-188
-176
-188
-256
-203
-258
-220
-197
-237
-210
-165
-104
-149
-128
-174
-165
-147
-222
-197
-209
-163
-226
-260
-256
-241
-292
-312
-350
-361
-319
-298
-355
-365
-346
-405
-354
-344
-268
-388
-382
-321
-359
-369
-298
-325
-392
-363
-365
-399
-325
-373
-380
-401
-342
-392
-397
-386
-361
-317
-340
-417
-430
-422
-443
-466
-462
-960
-418
-415
-430
-417
-487
-531
-541
-508
-605
-594
-584
-605
