-718
-737
-672
-703
-699
-607
-705
-709
-705
-752
-752
-831
-792
-863
-890
-823
-939
-955
-1081
-1048
-1063
-1390
-1565
-1415
-1348
-1205
-913
-697
-623
-695
-871
-844
-936
-1062
-707
-596
-668
-709
-649
-644
-571
-584
-720
-733
-785
-739
-773
-911
-899
-752
-794
-854
-901
-932
-771
-647
-619
-575
-686
-674
-636
-609
-691
-653
-466
-529
-657
-726
-773
-724
-684
-663
-827
-918
-1029
-1159
-1060
-886
-329
-199
-277
-289
-285
-205
-167
-83
-126
-39
-48
-98
-123
-132
-189
-191
-245
-313
-333
-392
-375
-432
-483
-476
-459
-502
-472
-407
-464
-500
-483
-552
-500
-430
-304
-230
-161
-56
20
-23
-126
-228
-207
-136
-71
-37
74
135
87
89
484
20
-12
53
80
106
154
120
118
125
141
187
236
299
337
314
274
391
349
326
412
517
402
364
381
372
396
414
332
400
345
318
307
322
242
219
213
175
164
192
244
188
160
169
95
5
24
43
47
40
47
-10
-10
97
112
480
28
55
99
24
51
34
13
-67
83
43
89
108
112
162
148
219
143
91
104
110
45
122
76
152
437
122
-69
-235
-48
116
150
185
154
250
318
320
364
328
318
290
311
253
255
307
206
236
301
335
312
251
244
316
219
211
160
171
169
129
43
74
70
-12
3
7
99
114
26
143
15
32
68
7
-58
-117
-117
-109
-77
-111
-16
-81
-12
36
34
82
24
-48
55
120
198
93
141
89
227
958
322
425
583
975
593
526
492
456
524
389
391
406
389
265
240
248
208
208
246
206
187
141
26
-472
91
473
-39
-41
0
-96
-48
-100
-142
-121
-178
-191
-168
-130
-207
-245
-228
-90
-115
-104
-155
-138
-62
-130
-134
-77
-96
-62
-98
-117
-88
-174
-146
-218
-209
-260
-201
-334
-279
-312
-266
-231
-199
-151
-134
-84
-60
-481
82
135
150
253
257
253
244
208
290
375
372
345
398
349
374
330
343
364
353
335
290
276
255
194
246
211
232
246
185
173
167
127
125
45
74
480
34
-92
-73
-107
-98
-73
-75
-75
-126
-157
-186
-195
-218
-178
-300
-230
-308
-186
-268
-273
-209
-224
-252
-239
-218
-144
-113
-128
-147
-159
-205
-191
-182
-134
-147
-96
-100
-33
-44
-14
36
-489
49
30
41
114
72
13
28
-27
57
87
118
19
114
158
175
171
240
160
198
175
150
93
97
116
103
55
32
72
-62
34
34
53
20
141
76
22
24
0
3
-52
-16
-56
-42
-33
-41
-109
-117
-86
-71
-138
-63
-165
-130
-186
-130
-126
-117
-149
-220
-151
-163
-146
-100
-184
-243
-237
-197
-193
-193
-121
-125
-126
