-327
-296
-262
-277
-205
-195
-174
-138
-151
-2
28
9
34
57
145
62
59
64
55
28
-18
-42
-54
-125
-46
-107
-69
-90
-90
-189
-233
-268
-302
-375
-426
-424
-493
-487
-590
-533
-630
-661
-787
-794
-785
-825
-842
-831
-857
-827
-871
-869
-823
-850
-875
-869
-840
-802
-783
-783
-747
-745
-701
-728
-684
-623
-586
-541
-588
-541
-459
-457
-411
-411
-357
-313
-329
-277
-266
-218
-231
-231
-155
-151
-224
-216
-159
-107
-117
-81
-105
-83
-105
-84
-84
-63
-39
-12
24
64
74
30
74
108
114
49
116
122
120
177
223
194
146
190
150
145
129
152
97
-54
-105
-83
-4
17
82
106
160
158
181
232
290
240
328
335
448
538
574
631
664
641
538
526
461
517
540
587
524
517
530
532
973
471
500
492
458
465
433
416
431
385
337
307
381
351
270
353
286
219
181
208
177
188
122
116
120
112
101
169
124
87
82
40
43
49
34
-12
-31
-37
-115
-170
-167
-268
-277
-256
-296
-317
-270
-331
-361
-313
-291
-302
-287
-306
-323
-212
-210
-245
-159
-132
-191
-176
-186
-126
-126
-121
-119
-86
-121
-31
3
475
-42
-487
-18
-79
-2
-18
-56
-46
30
55
-56
-44
28
-489
-94
-88
-20
-50
-8
-14
72
51
47
116
83
114
152
101
124
209
248
177
242
280
353
362
354
351
322
377
417
385
374
393
391
375
412
391
353
385
450
427
410
446
427
435
366
318
419
351
322
347
326
299
305
234
248
280
267
246
272
253
253
341
341
332
374
312
286
234
225
282
255
192
171
135
137
160
66
64
87
89
80
72
477
-42
34
484
-63
20
24
28
45
0
-33
11
-50
-8
-489
-20
5
-67
-109
-163
-176
-212
-218
-241
-220
-252
-292
-201
-258
-268
-260
-327
-317
-336
-346
-357
-439
-455
-447
-430
-518
-495
-613
-569
-569
-594
-707
-560
-583
-577
-625
-584
-565
-523
-626
-628
-573
-609
-539
-581
-623
-663
-668
-647
-659
-661
-653
-691
-667
-632
-621
-638
-626
-676
-640
-644
-678
-680
-621
-604
-657
-659
-638
-665
-695
-752
-758
-735
-670
-735
-733
-659
-726
-676
-584
-731
-667
-657
-646
-638
-626
-651
-613
-577
-636
-584
-535
-581
-560
-546
-592
-605
-569
-418
-367
-365
-384
-336
-355
-313
-321
-273
-264
-224
-182
-210
-254
-184
-130
-140
-170
-184
-107
-81
-63
-69
-54
-105
-94
-71
-56
-98
-481
26
24
15
45
43
118
152
143
129
125
185
164
209
211
200
183
175
166
169
171
215
215
187
204
211
202
227
229
227
280
368
353
307
385
404
345
356
320
437
349
379
