16496
16812
16633
17362
17645
17919
18217
18097
18923
19232
19536
19549
20272
20461
20784
21043
21291
21545
21740
21893
22118
22240
22370
22011
22595
22601
22709
22660
22633
22597
22570
22475
22381
22307
22227
22072
21942
21860
21759
21593
21440
21248
21049
20849
20696
20570
20416
20213
20146
19961
19942
19910
20022
20093
20194
20267
20389
20467
20438
20438
20463
20412
20396
20291
20175
19870
19706
19700
19791
19797
19629
19347
18853
18374
18551
17979
18387
19417
20192
22284
23366
24257
24864
25589
26141
26767
27326
27761
25156
24169
23990
23759
23587
23519
23486
23458
23570
23574
23774
24131
24513
24805
25299
25799
26244
26715
27219
27708
28055
28517
28961
29658
30227
30706
31250
31616
31849
32028
32152
32200
32227
32082
31893
32219
31467
31190
31240
30427
30024
29645
29253
28843
28477
28091
27685
27440
27818
27238
27374
27490
27683
27910
27948
28038
28110
28160
28412
28580
28885
29229
29440
29687
29776
29914
30007
30047
29979
29692
29452
29078
28477
27952
27477
27328
26814
26349
25826
25053
24740
24639
24896
23940
24536
24696
24648
24587
24910
24444
24360
24677
25135
25488
25687
25459
25318
25095
24864
24711
24730
24774
24828
24822
24660
24583
24354
24192
24070
23763
23503
23295
22973
22706
22423
22278
22093
22463
21822
21635
21500
21335
21238
21087
21051
20881
20782
20757
20572
20442
20322
20188
20103
20083
20139
20118
20135
20034
19940
19805
19662
19471
19217
19120
18965
18776
18631
18400
18143
17891
18038
17585
16622
16230
15833
15557
15200
15095
14853
14700
14627
14700
14725
14778
14843
14891
14927
14923
14889
14847
14782
14713
14585
14330
14045
13832
13650
13461
13259
13080
12849
12730
12551
12272
12034
11799
11482
11164
10883
10624
10406
10120
9975
9858
9797
9622
9599
9675
9704
9715
9790
9858
9858
9973
9898
9889
9881
9956
9910
9969
10011
13648
14564
15173
16433
16704
17893
18503
18965
19396
19459
19450
19349
18935
18379
17688
16677
15977
14270
13179
11072
9020
7654
5980
5198
4606
4442
4719
5375
6929
9089
11700
14372
17001
19956
21229
22658
22776
22324
20832
18589
17543
15807
14713
14181
14316
14950
15919
16956
17656
19040
19833
19933
19322
18190
17463
16015
14515
12425
11566
9948
9001
9353
9854
10576
11356
12446
13538
14181
15839
16480
16645
18832
19171
19526
18769
18299
18185
18250
18339
18396
18452
18505
18501
18459
18370
18347
18261
18309
18379
18414
18473
18083
18679
18732
18748
18837
18875
18896
18992
19158
19173
19320
19482
19597
19742
19818
19862
19927
20045
19923
19938
19956
19748
19477
19278
18904
18625
18341
18028
17717
17356
16946
17089
16154
15759
15477
15272
15074
14969
14954
14973
14662
15307
15524
15877
16425
17017
17129
18259
18885
19057
20131
20076
20862
21148
21181
21324
21154
21166
21022
20797
20624
20379
20248
20062
19925
19774
19690
19585
19702
19759
19940
20217
20038
20837
21158
21473
21803
22120
22652
23074
23427
23517
24412
24469
25372
25433
26316
26641
26973
27412
27664
28057
28246
28557
28702
28767
28811
28784
28774
28559
28225
28305
27482
26990
26501
26104
25675
25847
24948
24591
