15479
15465
15372
15169
15085
15015
14856
14721
15125
14501
14427
14410
14221
14091
14020
13923
14131
13421
13194
13009
12595
12503
12433
12500
12587
12681
12213
14919
15360
15824
16095
16459
16935
17435
17910
18284
18811
19261
19677
19952
20175
20333
20040
20742
20547
21383
21770
22259
22645
22841
23057
22948
22917
22759
22715
22601
22496
22406
22204
22150
22070
21959
21935
21755
21627
21530
21356
21213
20961
20767
20538
20366
20326
20312
20314
20391
20566
20765
20832
20520
21227
21303
21431
21538
21633
21786
22024
22217
22417
22578
22797
23066
23318
23498
23723
23889
24122
24330
24536
24843
25057
25332
25757
26108
26540
26396
27164
27507
27805
27954
28000
28969
27496
27349
26164
26024
26160
26227
26227
26318
26337
26232
26208
26244
26179
26124
25801
25536
25324
25055
24648
24379
24137
24007
23982
23875
23839
23708
23723
23782
23709
23574
23486
23929
23263
23129
23003
22996
22992
23038
23183
23301
23627
23467
24253
24616
24986
24946
25868
26284
26702
27101
27526
27375
28175
28534
28797
29017
29270
29412
29511
29580
29629
29643
29669
29633
29555
29513
29368
29221
29013
29286
28526
28150
28333
27545
27263
26952
26643
26393
26112
25791
25624
25324
25085
25366
24704
24534
24479
24374
24208
24175
24124
24066
23973
23883
23837
23753
23708
23593
23557
23410
23290
23309
23354
23366
22998
23645
23612
23593
23614
23606
23564
23463
23383
23192
22990
22864
22599
22379
22270
22133
22026
22045
22011
21994
21935
21900
21893
21822
21761
21769
21767
21753
21780
21879
22045
22133
22343
22438
22612
22786
22929
23116
23204
23282
23194
23225
23083
22925
22767
22610
22956
22208
22045
21803
21641
21982
21257
21490
20769
20956
20248
19912
19614
19339
19080
18755
18444
18194
17984
17862
17614
17416
17293
17236
17585
17005
16917
16914
16818
16816
16830
16721
16677
16746
16774
16738
16700
16738
16854
16925
16902
16963
17137
17230
17274
17303
17307
17385
17381
17316
17347
17427
17540
17519
17465
17402
17270
16984
16883
16679
16347
16032
15795
15549
15295
15015
14759
14492
14179
13908
13690
13427
13250
13074
12952
12851
12782
13179
12622
12450
12454
12374
12248
12183
12141
12188
13248
13435
13500
13719
13820
13830
13851
11750
11603
11492
11442
11299
11234
11221
11248
11263
11269
11303
11301
11396
11362
11322
11248
11198
11276
11362
11484
11645
11765
11820
11814
11788
11780
11671
11660
11582
11438
11286
11087
10961
10820
10759
10704
10265
10877
10967
11093
11280
11479
11692
11958
12396
12669
12917
13291
13585
13877
13717
14471
14769
15097
15446
15826
15692
16530
16835
17015
17185
17269
17307
17257
17580
17019
16856
16528
16299
16597
15906
15679
15459
15246
15083
14847
15133
14545
14353
14049
13822
13612
13311
13145
12942
12778
12566
12395
12341
12316
12370
12467
12675
12912
12729
13484
13776
14087
14400
14190
14925
15293
15179
16045
16398
16782
17200
17145
17612
18106
18570
19091
20019
20442
20830
21242
21463
21687
21898
21958
22017
22066
22032
21948
21826
21729
21658
21635
21610
21547
21973
21385
21299
21251
21236
21194
21104
21479
20877
20790
20692
20583
20448
20343
20206
