16139
16013
15979
16055
15643
16148
16135
16160
16120
16133
16070
15965
15786
15639
15391
15604
14853
15137
14395
14646
14041
13832
13629
13561
13471
13286
13677
13097
12986
12849
12708
12559
12318
12164
12085
12057
12051
12164
12330
12570
12826
13127
13509
13818
14106
14288
14477
14635
14755
14883
14998
15192
15339
15536
15717
16000
16320
16604
16872
17206
17133
17879
17637
18393
18511
18835
19099
19192
19412
19572
19725
19601
20299
20475
20772
21097
21362
21669
21925
22204
22572
22917
23219
23545
23906
24185
24385
24637
24874
25104
25259
25517
25704
25824
25988
26269
26547
26776
26952
27080
27125
27185
27097
27001
26912
26751
26614
26524
26393
26280
26148
26349
25461
25068
24675
24433
24061
23727
23507
23242
23395
22620
22406
22019
21580
21057
20561
20467
19465
18996
19040
18526
17650
17372
17124
16950
16807
16715
16616
16524
16534
16553
16488
16526
16622
16784
16992
17141
17419
17704
18215
18673
19200
19830
20330
20767
20351
20146
22028
23030
23362
23931
24603
25076
25540
26095
25904
26490
26576
27259
27988
28473
28356
29082
29246
29358
29341
29171
28940
28576
28206
28257
27805
26770
26236
25765
25837
24963
24606
24192
23774
23896
22994
22557
22051
21566
21177
20881
20458
20125
19866
19641
19998
19429
19307
19250
19238
19309
19433
19076
19786
20009
20381
20790
21181
21650
22135
22614
23110
23685
24311
24435
25562
26057
26652
27303
27839
27870
28383
28872
29374
30335
30772
31162
31517
31744
31917
31965
32072
32137
32148
32122
32101
32038
31887
31769
31616
31454
31206
31017
31217
30393
30162
29916
29562
29774
29049
29311
28564
28229
28333
27530
27145
26734
26799
25896
25486
25166
24969
24715
24459
24366
24270
24183
24078
23958
23893
23841
23843
23826
23833
23845
23776
23793
23828
23849
23866
23896
23904
23875
23881
23879
23860
23765
23740
23713
23587
23599
23520
23484
23301
23198
23070
22891
22727
22520
22290
22099
21914
21723
21515
21389
21229
21059
20921
20727
20593
20450
20320
20225
20116
20051
19942
19868
19790
19746
19694
19654
19633
19627
19589
19561
19650
19660
19648
19603
19610
19580
19568
19517
19490
19383
19328
19234
19131
18994
18812
18696
18465
18303
18561
17860
17753
17599
17395
17211
17013
16864
16690
16417
16608
15948
15748
15568
15435
15270
15217
15625
15072
15020
15085
15019
15061
14973
14484
14219
14040
14047
13904
14160
13211
11616
11629
11635
11631
11629
11601
11769
12093
12175
12337
12362
12288
12257
12223
12131
12099
11994
11763
11469
11145
10998
10879
10952
11181
11564
12062
12284
13480
13977
14509
14912
15101
15316
15503
15690
15832
15698
15475
15013
14595
13675
12389
12185
11673
10784
10458
10156
9990
9910
10055
10459
11196
12091
13001
13700
15360
17022
18383
19419
20316
21139
21767
22278
22603
22751
22797
22566
22070
21601
21450
20320
19618
19446
18326
17704
17152
16765
16520
16404
16452
16925
17383
18011
18509
18635
19059
19946
20412
20778
21253
21467
21690
21793
21767
21690
21267
21104
20635
20299
19929
19440
19528
18564
18158
17761
17419
17099
16805
16629
16536
16354
16169
16395
16076
16120
16248
16272
16463
16814
