23847
24053
24187
24307
24480
24509
24597
24645
24639
24450
24152
23591
23120
22799
22496
22297
22041
21912
21583
21490
20790
20524
21687
22431
23295
23830
24137
24003
24448
25398
25780
25956
26020
25944
25948
26167
26389
26629
26791
25929
25824
26145
26326
25667
25074
24732
24645
24704
24719
24667
24769
24868
24801
24765
24671
24484
24150
24387
23528
23158
22803
22921
22162
21807
21559
21473
21307
21150
21068
21080
21166
21167
21234
21280
21492
21776
22095
22374
22568
22736
22490
23185
23001
23858
24213
24696
25156
25694
26173
26543
26948
27211
27427
27639
27770
27908
27984
28099
28265
28406
28345
28015
27625
27314
27160
27158
27232
27211
27104
27072
26944
26818
26700
26444
26194
25975
25652
25345
25070
24677
24333
24036
23688
23427
23291
23122
22761
22645
22595
22541
22372
22223
22127
22110
22007
21944
21916
21833
21774
21660
21652
21666
21599
21690
21868
21973
22087
22200
22454
22604
22851
22998
23131
23332
23383
23498
23633
23708
23730
23730
23723
23790
23828
23786
23854
23832
23776
23803
23746
23755
23679
23637
23597
23480
23396
23282
23112
23022
22841
22671
22938
22095
21864
21534
21213
20937
20635
20387
20169
20494
19761
19601
19438
19284
19053
18851
18675
19028
18286
18024
17816
17702
17404
17290
17167
16973
16858
16776
16673
16570
16492
16440
16454
16410
16446
16486
16530
16595
16635
16683
16675
16625
16627
16692
16725
16750
16776
16786
16891
16986
16610
17295
17473
17652
17845
18047
18293
18085
18723
18896
19110
19305
19486
19698
19963
20150
20345
20427
20595
20700
20666
20606
20988
20372
20295
20131
19975
19788
19616
19452
19196
18883
18656
18387
18112
17849
18017
17143
16748
16333
15912
15687
15442
15248
15631
15049
14984
14938
14986
15026
14925
14950
14998
14935
14891
14769
14742
14667
14549
14167
14811
14975
14685
15473
15736
15977
16083
16328
16601
16900
17267
17496
17765
17608
18280
18520
18583
18076
18667
18603
18652
18723
18748
18769
18708
18572
18385
18160
17818
17482
17122
16679
16213
15738
15234
14729
14238
13795
13377
12906
12549
12645
12177
11398
11112
10847
10660
10431
10746
10131
9958
9958
9973
9977
10051
10133
10333
10458
10650
10916
11362
11816
12360
13089
13654
13688
14566
15095
15156
16106
16545
16979
17250
17507
17742
17874
17908
17969
18005
17954
17864
17767
17681
17528
17332
17217
17562
16912
16761
16719
16530
16866
17091
15625
15538
15459
14511
13208
12501
11763
12541
12713
13259
13307
13379
13465
13620
13946
14148
14356
14635
14757
14954
14946
15034
15122
15246
15375
15685
15772
15980
16190
16343
17055
17091
17040
17047
16979
16799
16727
16656
16732
16797
16780
16900
17057
17133
17263
17370
17559
17700
17780
17870
17818
17767
17664
17511
17339
17051
16780
16463
16582
15717
15406
15622
14917
14593
14278
13954
13570
13677
12866
12480
12116
11753
11381
11150
11011
10866
10853
10849
11007
11164
11423
11242
12015
12372
12690
12961
13349
13202
14007
14305
14559
14883
15458
15700
15916
15633
16353
16580
16841
17057
17332
17122
17801
17950
18101
18240
18354
18471
18591
18738
18889
19000
19076
19156
19234
19253
19295
