21541
20276
19952
18589
18522
17998
17217
17101
17204
17229
17482
18074
18944
19938
20631
22311
22965
24830
26513
27217
27564
27782
27679
27469
27169
27320
26452
26194
25627
25162
24694
24339
24015
24423
23830
23540
23145
23423
22780
22719
22702
22805
22862
22874
22929
23087
23122
23167
23255
23196
23194
23118
23217
23236
23146
23179
23152
23175
23242
23280
23198
23244
23324
23337
23347
23410
23368
23383
23440
23366
23293
23270
23217
23078
22971
22895
22784
22740
22618
22448
22284
22156
22465
21837
21679
21562
21425
21145
20856
20625
20992
20349
20133
19975
19830
19669
19473
19217
18990
18822
18675
18498
18444
18383
18339
18364
18396
18379
18429
18480
18496
18494
18488
18500
18458
18465
18412
18291
18282
18131
17984
17927
17839
17641
17496
17469
17259
17103
16971
16898
16660
16370
16127
15896
15547
15255
14979
15120
14312
14057
13889
13650
13448
13242
13076
12938
12744
12700
12681
12696
12732
12757
12774
12719
12774
12797
12772
12730
12646
12732
12843
13007
13131
13280
13257
13221
13143
13017
12833
12660
12526
12467
12381
12297
12250
12335
12456
12465
12536
12669
12711
12713
12725
12759
12786
13187
12698
12791
12807
12797
12778
12805
12788
12849
12822
12799
12751
12616
12515
12482
12408
12362
12269
12181
12139
12166
12242
12374
12505
12229
12908
13011
13160
13318
13473
13520
13667
13620
13587
13671
13658
13675
13679
13637
13601
13526
13448
13330
13244
13219
13141
13072
12931
12780
12633
12538
12335
12280
12187
12062
12047
12032
12047
12145
12164
12385
12511
12620
12858
13070
13259
13494
13730
13895
14129
14318
14604
14811
15020
15217
15303
15349
15333
15381
15305
15152
15120
15099
14814
14667
14528
14291
14032
13818
13591
13305
12998
12715
12503
12664
11818
11503
11270
11129
10902
10671
10482
10427
10427
10524
10553
10708
10986
11312
11251
12395
12986
13503
14391
14870
15389
15923
16513
17085
17677
18272
18761
19973
20362
20500
20704
20856
20998
21099
21103
21053
21013
20977
20725
20998
20301
20049
19843
19992
19145
18895
18639
19047
18433
18288
17990
17675
17356
16866
16562
16406
16240
16064
15929
15812
15690
15648
15536
15452
15452
15364
15267
15255
15211
15156
14660
15093
15198
15362
15410
15593
15740
15818
15933
16009
16093
16110
16167
16316
16395
16479
16561
16625
16660
16667
16753
16923
16612
17127
17156
17354
17610
17820
17977
18152
18400
18599
18784
19209
19125
19984
20288
20444
20335
20459
20589
21679
21961
21854
21906
20921
20774
20856
20790
20627
20398
20213
19937
19811
19681
19496
19402
19385
19335
19093
18937
18952
18944
18910
18898
18763
18641
18627
18618
18080
18709
18709
18660
18711
18811
18847
18910
18904
18973
18961
18929
19488
19019
18862
18744
18654
18576
18507
18402
18311
18551
17895
17667
17519
17322
17585
16870
17061
15772
15459
15608
14912
14675
14410
14320
14188
14074
13874
13725
13643
13530
13454
13377
13307
13303
13417
13496
13742
13925
14164
14452
14730
14986
15143
15377
15559
15553
15566
15616
15688
15734
15761
15732
15711
15740
15782
15803
15790
15780
15786
15791
15801
15826
15826
15839
15816
15811
15814
15820
15788
