21767
22708
23284
23599
24000
23958
24734
25166
25389
25660
25704
25652
25700
25709
25740
25061
24597
24326
24414
24379
24158
23774
23148
22950
21849
21500
21244
21064
20914
20860
20732
20654
20643
20545
20553
20479
20583
20685
20753
20958
21164
21347
21608
21498
22309
22694
23089
23551
23459
24416
24910
25324
25687
26078
26500
26406
27333
27652
27923
28177
28458
28664
28858
28887
28895
28751
28459
28259
28173
28143
28122
28093
28036
27898
27765
27627
27549
27404
27267
27041
26822
26612
26830
26101
25841
25593
25276
25009
24742
24480
24257
24030
23858
23738
23540
23425
23282
23171
23024
22910
22769
22732
22583
22496
22958
22513
22446
22429
22522
22505
22572
22538
22538
22618
22505
22461
22459
22416
22312
22320
22284
22185
22103
22009
21849
21671
21958
21270
21024
20772
20591
20341
20051
19751
19433
19162
18914
18664
18393
18219
18185
18000
17841
17757
17727
17660
17635
17608
17562
17438
17347
17322
17309
17276
17278
17326
17229
17211
17316
17356
17442
17597
17624
17603
17562
17677
17690
17664
17637
17627
17108
17717
17719
17702
17694
17677
17669
17650
17807
17685
17549
17498
17341
17154
16906
16730
17076
16272
15998
15883
15816
15709
15646
15622
16120
15595
15648
15603
15541
15463
15358
15171
15003
14881
14881
14795
14664
14555
14561
14545
14604
14717
14688
14709
14706
14648
14620
14564
14473
14385
14332
14263
14221
14200
14234
14248
14213
14146
14110
13927
13727
13496
13356
13125
12921
12812
12708
12732
12767
12851
12923
13032
12708
13330
13450
13520
13660
13826
13908
14032
13696
14299
14351
14393
14513
14614
14690
14751
14820
14969
15000
15108
15150
15110
15208
15290
15345
15416
15482
15536
15173
15820
15973
16118
16246
16421
16507
16551
16667
16748
16818
16685
16570
16412
16227
16068
15774
15475
15603
14795
14498
14603
13723
13368
12979
12601
12230
11837
11435
10967
10528
10133
9835
9536
9309
9078
9000
8868
8877
8948
9124
9393
9660
9979
10396
10895
10784
11702
12133
12524
12902
13175
13484
13219
13937
14112
14272
14437
14511
14169
14717
14694
14601
14406
14236
13935
13692
13406
13097
12790
12393
12062
11625
11375
11082
11196
10353
10007
9591
9293
8994
8734
8446
8194
8089
7961
8290
7669
7568
7471
7513
7597
7738
7998
8166
8475
8324
9272
9889
10494
11150
11675
12152
12633
13118
13624
14085
14469
14933
15305
15744
16022
16185
16381
16574
16709
16778
17007
16992
16975
16933
16973
16870
16784
16675
16566
16494
16372
16238
16171
16059
15988
15927
15688
15490
15234
14889
14805
14545
14360
14297
14328
14272
14217
14043
13660
13645
13729
13755
13767
13818
13986
14066
14070
14089
14017
13952
13902
13927
13898
13931
14064
13690
14333
14412
14585
14637
14753
14847
14898
15061
15211
15364
15576
15757
15904
16062
16314
16561
16738
16956
17290
17538
17805
18072
18286
18540
18713
18956
19139
19282
19446
19374
19540
19580
19713
19767
19780
19809
19780
19589
19408
19250
19124
19026
18914
18791
18681
19047
18458
18339
18311
18335
18360
18377
18393
18370
18326
18259
18125
17998
17887
17788
17666
17515
17358
17206
17070
16971
16839
