16803
16688
16559
16429
16356
16269
16204
16049
15921
15843
15715
15574
15452
15356
15234
15194
15164
15013
14847
14807
14793
14795
14801
14791
14877
14959
15013
15036
14973
14875
14849
14772
14601
14471
14383
14347
14280
14303
14311
14339
14351
14396
14303
14265
14246
14124
13847
13601
13395
13671
12982
13175
12368
12217
12082
11816
11595
11387
11181
10954
10841
10635
10322
10202
10101
9948
9826
9658
9589
9564
9633
9671
9822
9977
10108
10307
10667
10982
11406
11809
12185
12666
12713
13242
14326
14870
15412
16072
16139
17229
17759
18211
18104
18902
19137
19406
19698
19942
20169
20425
20748
20992
21211
21419
21494
21492
21582
21973
21284
21038
20778
20477
20213
19830
19452
19101
18688
18236
17877
17312
16906
16511
16608
15713
15435
15078
14658
14267
13902
13709
13395
12927
12549
12389
12183
12152
12328
12471
12236
13164
12971
12375
12135
12068
12076
12431
13041
13604
13683
14818
15423
16120
16822
17387
18062
18681
19295
19736
20213
20087
20902
21177
21366
21566
21750
21860
21980
22045
22108
22074
22076
21998
21872
21740
21566
21404
21280
21055
20761
20545
20299
20467
19685
19437
19190
18938
18786
18711
18633
18618
18646
18765
18870
18582
19246
19496
19746
19986
20240
20045
20858
21265
21064
21868
22263
22711
23061
23020
23461
24305
24694
25124
25503
25847
26177
26488
26824
26988
27192
27450
27597
27753
27893
28043
28200
28446
28664
28935
29145
28835
29406
29339
29181
29291
28423
27975
27683
27526
27612
27433
27139
26979
26969
26895
26803
26700
26398
26316
26265
25809
25471
25238
25383
24604
24360
24135
24062
23765
23578
23412
23291
23055
22923
22782
22547
22293
22129
22009
21809
21639
21257
20696
20181
19583
19167
18919
19293
19914
20030
21312
21648
22099
22456
22816
22977
24043
24622
25040
25209
25318
25429
25026
23688
23467
23034
22946
22030
21807
21896
22278
22587
23028
23255
23406
23650
23916
24177
24414
24599
24914
25070
25156
25221
25217
24986
24692
24316
23757
23309
23396
22496
22164
21763
21419
21061
20656
20318
19944
19583
19202
18839
19003
18181
17856
18074
17347
17555
16874
16818
16732
16650
16675
16675
16711
16788
16895
16946
17066
17206
17372
17471
17570
17624
17780
17925
17959
18049
18103
18145
18156
18177
18171
18082
18103
18080
18053
17921
17841
17750
18066
17517
17389
17282
17286
17190
17181
17152
17131
17229
17211
17179
17253
17324
17404
17127
17734
17965
18072
18104
18061
18091
17994
17790
17614
17559
17692
17919
18229
18104
18958
19290
19641
19950
20181
20484
20719
20572
21417
21845
22312
22862
23028
24164
24830
25688
25958
27236
28030
28805
29696
30475
30832
32091
32311
33345
34009
34513
34891
34730
35446
35574
35698
35723
35711
35744
36143
36421
35522
35608
34727
34685
33534
32822
32019
31022
29990
28341
27704
26729
25167
24788
23917
22692
22076
21931
20885
20959
20038
19805
19606
19547
19519
19524
19620
19809
19940
20213
20265
20173
20687
21341
21963
22604
23429
24318
25311
26265
27143
27488
28776
29446
29937
30377
30309
31112
30782
31475
31595
31610
31593
31488
31362
31024
30627
30723
29864
29332
28622
27927
27761
