16000
16091
15324
15622
15001
14870
14736
14685
14650
14757
14898
15093
15290
15601
15786
15938
15633
16217
16417
16807
17185
17788
18360
19032
19145
20255
20879
21068
22171
22656
23118
23618
23452
24322
24591
24732
24881
24956
25001
25391
24786
24706
24591
24290
24146
23883
23635
23925
23255
23080
22839
22604
22938
22301
22103
21921
21746
21612
21383
21255
21135
21047
21034
21040
20522
21076
21160
21194
21246
21229
21196
21141
21072
20912
20782
20585
20484
20272
20152
20072
19958
19872
19864
19799
19824
19816
19889
19902
19555
20229
20351
20459
20713
20963
21198
21429
21730
21942
22219
22383
22685
22904
23089
23303
22980
23534
23658
23734
23805
23479
24034
24068
24200
24152
24160
24141
24162
24143
24187
24198
24175
24204
24242
24219
24148
24087
24057
24041
24015
24041
24127
24206
24341
24402
24536
24650
24809
24438
25091
25200
25181
24944
25545
25582
25583
25572
25589
25637
25654
25688
25769
25818
25837
25889
25893
25900
25938
25946
25919
25908
25906
25898
25853
25767
25746
25746
25696
25606
25574
25583
25561
25526
25490
25452
25454
25417
25356
25328
25379
25431
25435
25427
25377
25393
25467
25494
25610
25793
25921
25990
26019
26041
26089
26089
26061
25965
26379
25833
25795
25692
25549
25492
25566
25646
25706
25717
25770
25793
25578
25339
25146
24990
24877
24723
24578
24887
24265
24106
23992
23887
23658
23534
23396
23255
23120
22917
22776
22553
22320
22114
22440
21732
21543
21387
21152
20908
20706
20961
20288
20129
19923
19725
19553
19408
19175
18961
18696
18465
18242
17992
17732
17372
17036
16711
16446
16227
15914
15694
15545
15452
15282
15173
15125
15061
15028
15045
15070
15177
15250
15398
15192
16013
16280
16522
16853
17177
17543
17828
18036
18276
18562
18784
19007
19167
19425
19622
19841
19572
20303
20444
20604
20742
20900
21034
21101
21217
21299
21309
21326
21353
21324
21295
21248
21257
21196
21139
21175
21215
21242
21213
21282
21370
21433
21484
21490
21570
21564
21522
21536
21979
21459
21429
21345
21362
21448
21437
21450
21030
21696
21727
21740
21814
21851
21971
21971
21982
22089
22166
22148
22148
22175
22133
22148
22104
22001
21851
21734
21614
21555
21520
21492
21454
21519
21591
21538
21511
21528
21557
21486
21503
21561
21667
21778
21910
22034
22097
22267
21998
22631
22767
23267
23427
23597
23759
23904
23982
24066
24118
24124
24129
24152
24198
24328
24381
24410
24435
24465
24406
24391
24379
24333
24240
24169
24103
24076
24131
24181
24196
24274
24372
24545
24696
24812
24875
24870
25082
25124
25196
25259
25213
25291
25347
25351
25276
25291
25303
25328
25204
25059
24950
24839
24561
24891
24034
23456
22826
22167
21576
21110
20856
20679
20547
20486
20423
20646
20889
21467
22131
22709
23299
23910
24404
24452
25368
25740
26061
26234
26097
25948
25770
25480
25160
25347
24583
24263
24368
23368
22849
22408
22055
21232
20807
20291
19730
19227
18885
18391
18496
17685
17257
16896
16505
16391
16402
16515
16677
16700
16709
16750
16881
16959
16612
17311
17500
17555
17496
17414
17269
16961
16698
16400
16595
15734
15353
15005
14538
14259
14057
13906
13986
