23003
22935
22833
22711
22500
22456
22272
21990
21788
21549
21398
21284
21083
20900
20700
20547
20322
20190
20038
19860
19751
19604
19509
19278
19288
19269
19162
19139
19057
19064
19030
19028
18940
19106
19217
19229
19305
19459
19482
19416
19458
19326
19402
19368
19183
19112
19062
18979
18877
18790
18633
18624
18669
18826
18977
19326
19721
19601
20051
21074
21038
22162
22730
23446
23454
24385
24574
24774
25011
24980
25482
25914
26793
27036
27061
26572
26118
25803
24683
24362
23024
22297
21645
20845
20240
19557
19082
18824
18578
19070
19551
20118
21648
22826
24177
24967
26832
27490
28337
29437
30072
30208
30616
30757
30971
30879
30677
30648
29748
28347
29639
28041
26122
25202
24534
23759
23513
23562
23862
24179
24675
25061
25400
25572
25603
25631
25780
25988
26248
26011
26221
26458
26603
27017
27265
28007
28124
28270
28288
28089
27883
27624
26895
26572
26127
25591
25103
24746
24583
24562
24219
24248
24137
24284
24467
24490
24599
24763
24843
24459
25097
25183
25150
25108
25095
25028
25007
24891
24843
24765
24631
24595
24641
24524
24364
24272
24135
23994
23769
23566
23347
23124
22822
22646
22950
22349
22314
22265
22242
22208
22188
22265
22229
22166
22124
22108
22055
21887
21851
21770
22019
22041
21992
21511
21509
21553
21614
21700
21736
21845
22141
22320
22412
22490
22536
22423
22356
22309
22217
22181
22120
21950
21666
21956
21167
20826
20463
20045
19591
19160
18755
18379
18528
17757
17435
17116
16784
17061
16293
16064
15864
15721
15572
15520
15410
15358
15343
15276
15278
15290
15364
15479
15555
15160
15795
15937
16083
16104
16162
16108
15954
15893
15778
15669
15517
15438
15301
15185
14979
14910
14774
14709
14486
14309
14116
13853
13627
13400
13232
13062
13070
13089
13062
13125
13181
13215
13265
13410
13562
13698
13811
13998
14236
14515
14757
14944
14681
15393
15576
15812
16057
16162
16238
16366
16416
16520
16604
16677
16688
16667
16627
16633
16641
16603
16580
16562
16366
16591
15982
15879
15673
15561
15549
15520
15583
15631
15772
15948
16076
16358
16564
16822
17181
17412
17624
17971
18251
18541
18946
19286
19064
19904
20291
20572
20782
20988
21116
21257
21316
21309
21219
21028
20883
20583
20282
19967
19589
19171
18744
18299
17927
17610
17375
17127
16648
16232
15872
15442
15043
15141
14278
13841
13553
13238
13038
12977
12917
13032
13135
13293
13522
13765
14124
14459
14698
15036
15435
15814
15738
16183
17041
17522
17984
18398
18780
19244
19671
19541
20372
20648
20854
21112
21345
21488
21603
21685
21769
21788
21833
21862
21870
21725
21979
21167
20895
20666
20362
20507
19708
19427
19091
18765
18479
18238
18017
17662
16822
16442
16585
15790
15637
15498
15347
15280
15217
15127
15053
15043
15017
14940
14933
14956
14990
15114
15290
15473
15622
15736
15938
16112
16202
16265
16360
16347
16400
16423
16414
16343
16328
16354
16387
16387
16347
16303
16312
16395
16454
16543
16637
16687
16895
17080
17177
17433
17530
17622
17698
17708
17816
17879
17925
17961
18013
18112
18196
18244
18320
18400
18465
18078
18704
18795
18900
18973
19034
19074
19131
19204
19251
19280
