24137
23868
23770
23673
23612
23543
23463
23383
23417
23431
23519
23643
23666
23765
23937
24032
24198
24320
24484
24694
24910
25083
25251
25528
25669
25811
26020
26223
25921
26519
26759
26977
27076
27145
27303
27339
27414
27469
27433
27843
27221
27188
27169
27062
27015
26937
26750
26652
26540
26860
26167
25973
25814
25706
25572
25875
25660
25799
25864
26013
26068
26217
26232
26341
25898
26440
26459
26475
26400
26393
26332
26219
26162
26032
25929
25874
25708
25553
25274
25351
24629
24215
24404
23755
23648
23471
23354
23299
23305
23270
23240
23187
23114
23062
22982
22929
22845
22753
22608
22635
22532
22482
22501
22959
22511
22524
22479
22486
22498
22501
22536
22421
22351
22141
22013
21940
21742
21658
21524
21585
21532
21479
21402
21448
21354
21347
21318
21219
21093
20912
20811
20658
20484
20314
20173
19977
19843
19826
19709
19591
19614
20005
19364
19244
19209
19061
18954
18927
18791
18688
18646
18624
18620
18667
18727
18788
18692
18645
18580
18465
18429
18429
18463
18417
18416
18381
18395
18375
18456
18444
18341
18320
18339
18326
18261
18291
18272
18236
18295
18391
18461
18551
18704
18805
18975
19202
19385
19490
19717
19956
20282
20606
20908
21200
21356
21467
21604
21622
21545
21463
21305
21093
20805
20603
20374
20135
19959
19788
19994
19540
18629
18099
18013
17568
17066
16078
16091
15162
14694
14366
13761
13639
13519
13450
13414
13480
13532
13202
13896
14030
13709
14406
14645
14845
15110
15377
15166
15917
16194
16437
16675
16769
16774
16738
16658
16438
16312
16179
16066
15946
15734
15477
15318
15173
15011
14767
14446
14276
14085
13885
13625
13381
13669
12965
13145
12354
12093
11872
12183
11520
11423
11309
11721
11167
11208
11311
11347
11448
11591
11250
11870
12061
12290
12578
12807
13057
13341
13791
13729
14616
15024
15412
15858
16297
16673
17045
17427
17788
18225
18078
18812
19024
19167
19240
19225
19131
18984
18805
18572
18269
17917
18057
17133
16824
17059
16280
16028
15732
15383
15080
14770
14498
14219
13826
13509
13229
12965
12715
12473
12217
12148
12208
12162
12190
12293
12370
12513
12681
12778
12912
13166
13393
13635
13858
14122
14467
14809
15122
15456
15868
16291
17332
17606
18675
19152
19402
19341
19062
18767
18297
17687
16799
15896
14895
13973
12896
12335
12078
11900
12030
12185
12666
12750
13725
14713
16385
17383
17713
18763
19198
19444
19427
19440
19135
18853
18463
18515
18070
16797
15937
15549
14278
13759
13505
13272
13066
12948
13000
13188
13206
14280
14845
16106
15469
15494
17480
17343
17192
17190
16984
16910
16790
17061
16486
16356
16242
16200
16406
16582
16765
16847
17040
17341
17763
18270
18509
18769
18902
18578
19307
19583
19173
18992
18904
18994
19041
19013
18862
18625
18324
18148
17965
17729
17528
17398
17274
17171
17034
16841
16664
16637
16576
16127
16618
16492
16414
16345
16125
15927
15706
15484
15278
15045
14895
14904
14799
14608
14524
14414
14316
14250
14122
14062
13933
13887
13860
13927
14047
14009
14062
14127
14215
14297
14370
14431
14522
14627
14748
14770
14986
14667
15431
15610
15740
16003
15654
16192
16269
16353
16341
