25354
23770
23103
22543
22106
21833
21662
21532
21511
21587
21833
22284
22912
23068
24206
25064
25641
26122
26604
26973
26893
27534
27740
27774
27589
27362
27343
26469
25895
25853
24793
24238
23772
23391
23198
23248
23423
23885
23975
25083
25742
25961
27156
27370
28437
29024
29395
29681
29727
29694
29486
29129
28688
28200
27738
27238
26677
26158
25769
25446
25158
24959
24982
25043
25106
25356
25599
25776
25961
26164
26465
26601
26812
26927
26977
26959
26881
26769
26540
26335
25961
25715
25858
24971
24706
24366
24217
23990
23807
23782
23727
23717
23862
23923
23463
24103
24185
24148
24324
24232
24219
24062
23814
23639
23381
23236
23437
22753
22536
22307
22156
21996
21917
21956
21973
22043
22158
22139
22154
22179
22072
22091
22000
21912
21795
21639
21414
21139
20818
20519
20248
19938
19561
19209
18881
18494
18244
18003
17887
17833
17786
17776
17793
17883
17959
18559
18049
18187
18146
18110
18080
17965
17847
17696
17545
17267
17156
16872
16528
16213
16578
15954
15935
15891
15717
15662
15547
15404
15431
15555
15910
15727
16856
17416
17587
18112
19301
19627
20664
21194
21757
22091
22322
22553
22505
22952
22120
21805
21341
20763
20288
19744
19166
18832
18442
18164
18122
18263
18530
18902
19494
19673
20832
21650
22330
22538
23591
23488
24356
24660
24427
25013
24988
24833
24551
24118
23690
23213
22519
22095
21757
21622
21559
21036
21561
21723
21864
21721
21885
21085
20709
20272
19896
19969
19269
19026
18895
18956
19005
19276
19593
20320
19906
20333
20959
21664
22312
22826
23183
22963
23625
24085
23948
25051
25625
26049
26377
27017
27414
29091
30106
31160
32129
33028
33341
34433
34673
34729
34555
34604
34137
32944
32721
32173
31156
30614
30225
29874
29694
29356
29133
28954
28803
28709
28639
28574
28570
28496
28391
28406
28316
28269
28103
27975
27669
27515
27251
27097
27330
26688
26526
26297
26198
25961
26374
25620
25349
24952
24622
24383
24007
23774
23896
23038
22835
22517
22437
22255
22143
21872
21624
21333
21444
20660
20341
20244
20158
20085
20020
20145
20091
20055
20034
19914
19896
19902
19578
20030
20248
20465
20641
20908
21259
21622
22034
22568
22524
23547
23519
24017
25013
25540
26026
26450
26776
26994
27190
26900
27438
27484
27383
27248
26963
26805
26648
26396
26183
26106
26061
26209
26322
26555
26740
27101
27253
27517
27713
27795
27769
27748
27681
27375
27082
26671
26809
26349
25419
25078
25389
24784
24803
24730
24902
25196
25318
25687
26076
26509
26419
27341
27729
28011
28263
28312
28406
28354
27849
28137
28154
28187
28257
28574
28921
28883
31183
31959
32520
32652
32627
32566
32513
32393
32303
32721
32150
32139
31961
31807
31387
30916
30349
30238
29114
28543
28131
28274
27526
27322
27152
27087
26940
26822
26534
26303
26375
25618
25354
25141
24851
24555
24316
24034
23732
23503
23238
23208
23185
23307
23501
23757
24118
24507
24887
25076
25145
25030
25030
25062
24931
24788
24835
23770
23053
22257
21570
20582
19713
19064
18402
17902
17629
17433
17391
17484
17528
17446
17318
17137
16910
16675
16465
16187
15826
16101
15303
15001
14914
14959
15479
15643
