18610
19236
19282
19391
19406
19501
19568
19591
19652
19729
19664
19637
19604
19488
19358
19278
19125
19530
18992
18879
18715
18576
18393
18351
18301
18183
18103
18101
18045
17954
17952
17927
17950
17937
17990
18036
17925
17893
17895
17935
17956
18066
18057
18131
18190
18099
18032
17891
17835
17729
18066
17452
17349
17259
17206
17118
16996
16883
16734
17097
16438
16236
16062
15885
15738
15534
15400
15299
15625
14986
14849
14770
14582
14459
14345
14240
14116
13958
13904
13931
13887
13832
13858
13782
13732
13795
13879
13990
14122
14366
14547
14171
14788
14889
14963
15101
14658
15229
15341
15349
15387
15488
15585
15595
15583
15622
15666
15759
15797
15902
16019
16108
16244
16400
16652
16828
17057
17192
17385
17541
17709
17885
17604
18307
18479
18624
18782
19005
19230
19387
19519
19673
19879
20072
20202
20330
20438
20032
20734
20895
21005
21145
21257
21349
21522
21639
21683
21879
21501
22022
22114
22213
22227
22234
22242
22250
22127
22020
21900
21782
21730
21660
21540
21379
21213
21062
20891
20709
20458
20137
19727
19379
19062
18692
18480
18389
18402
18435
18540
18715
18898
18591
19265
19440
19582
19618
19669
19732
19818
19948
20026
19967
19559
20219
20572
20893
21232
21646
21958
22267
22440
22639
22875
23001
23122
23211
23332
23551
23776
24051
24362
24639
24887
25175
25377
25618
25782
25816
25807
25822
25811
25822
25818
25797
25751
25683
25624
25572
25500
25874
25229
25095
24984
24864
24736
24635
24482
24312
24160
24416
23480
23221
23003
22690
22954
22280
22122
22458
21811
21645
21513
21335
21177
21074
21003
20984
20910
20912
20916
20956
21015
21089
21278
21479
21658
21826
21520
22217
22456
22721
22520
23309
23559
23849
24173
24503
24437
25209
25500
25801
26127
26458
26776
27036
27339
27608
27398
28206
28519
28818
29127
29711
31236
31477
31671
31715
31673
31643
31534
31727
30814
30391
30030
29690
29314
29007
28662
28248
27809
27362
26872
26856
26339
25404
25097
24835
24564
24473
24885
24291
24341
24332
24305
24253
24316
24391
24381
24471
24520
24553
24660
24816
24912
25007
25104
25194
25261
25309
25358
25891
25374
25330
25425
25438
25324
25244
25238
25206
25082
25030
24958
24862
24736
24643
24616
24454
24328
24223
24141
24055
23959
23866
23828
23891
23822
23751
23853
23902
23896
23837
23746
23690
23597
23490
23417
23347
23236
23135
23005
22832
22704
22620
22948
22259
22099
22465
21790
21641
21444
21261
21131
20923
20698
20429
20267
20122
20032
19835
19767
19750
20024
19549
19505
19450
19057
19559
19520
19463
19414
19053
18770
18333
17807
17202
17076
15988
15412
14723
14599
13492
12914
12395
12083
11904
11917
12017
12263
12515
13078
13477
14435
15322
15866
16410
16864
17179
17374
17541
17635
17561
17368
17145
17015
16799
16765
16750
16774
16851
16961
17068
17251
17501
17696
17979
18194
18456
18782
19099
19406
19671
19809
19923
20083
20137
20116
20179
20204
20229
20211
20183
20072
19805
19566
19295
18908
18465
18532
17660
17326
17561
16788
16473
16269
16041
15824
15583
15307
14904
14490
14646
13870
14139
13528
13454
13540
13776
13986
14232
14631
15020
