17143
17351
17467
17118
17860
17692
17784
18280
18998
19877
20141
21082
21173
21448
20763
20851
20984
20843
20675
20557
20433
20259
20118
20146
20257
20358
20574
20805
21051
21217
21372
21814
22433
21501
21541
21635
21690
21711
21639
21576
21576
21608
21641
21688
21738
21776
21826
21877
21933
21958
21996
22028
22072
22097
22041
22167
22242
21799
21671
21589
21549
21561
21511
21414
21398
21379
21375
21333
21200
21187
21190
21095
21477
20879
20803
20708
20608
20616
20618
20540
20507
20572
20614
20648
20620
20704
20753
20797
20772
20738
20765
20763
20757
20786
20704
20597
20618
20666
20164
19854
19818
19790
19694
19643
19562
19519
19507
19496
19490
19494
19475
19400
19257
19181
19118
18917
18730
18652
18570
18522
18528
18482
18503
18564
18574
18593
18725
18750
18738
18887
18996
19009
19101
19251
19349
19410
19480
19540
19763
19994
20200
20416
20587
20658
20656
20782
20793
20778
20872
20524
21137
21322
21421
21553
21713
23080
23305
23669
23822
23923
24156
24240
24372
24402
24496
24291
24251
24198
24169
24206
24286
24362
24471
24566
24557
24517
24156
23652
23236
23440
22490
23127
23557
23469
24343
24419
24520
24530
24564
24858
25211
25778
26244
26622
27164
27429
27593
27761
27975
27965
29101
30036
30826
32616
33620
34408
34917
35133
35312
35318
35198
35104
34698
33996
33137
31473
30587
29164
27459
26145
24963
24339
22677
21608
20874
20990
20370
20685
21082
22438
23108
24099
24956
26295
27284
27984
29005
29715
30062
30328
30351
30227
30038
29637
29146
28395
27875
27416
27078
26742
26606
26583
26606
26509
26396
26181
26062
26051
26074
26221
26444
26645
26667
26744
26687
26704
26540
26595
26761
26767
26841
26900
26940
26818
26639
26431
26192
25979
25746
25440
25099
24870
24667
24450
24301
23996
23809
23414
23234
23061
23041
23440
22940
23446
22843
22807
22650
22534
22520
22580
22356
22337
22020
21725
21973
21148
20872
20566
20353
20040
19610
19265
18679
18425
17868
18064
17263
16820
16477
15896
16082
15190
14858
14536
14612
13767
14166
13488
13341
13112
12820
12589
12402
12143
11980
11580
11250
11049
10772
10627
10541
10585
10704
10950
11133
11601
11973
12568
13299
14099
14868
15772
16629
17954
18146
19396
19624
19633
19595
20009
19133
18750
18333
17442
16561
15622
13980
13240
13089
12051
11532
11421
11578
11967
12255
13509
14437
15236
17005
17624
19330
20820
21935
22694
23209
23461
23486
23368
23156
22610
22051
21181
20047
19230
18419
17807
17171
17082
16198
16040
16408
16837
17477
17627
18748
19425
19627
20711
21473
22080
22725
23274
23339
23440
23452
23381
23391
23248
23066
22904
22799
22500
22068
21616
21469
20977
20448
19996
19255
18818
18648
18685
18715
18868
19477
18929
18389
18492
18940
18729
18589
19068
19610
20410
20748
21202
21627
22278
22007
22484
23402
23835
24166
24580
24879
25156
25364
25883
25347
25356
25227
25259
25175
25091
25108
24986
24427
24833
24872
24889
24948
24952
25034
25190
25356
25620
25830
26085
26480
26721
27068
27164
27307
27458
27520
27404
27290
26923
26410
25729
25190
24576
24062
23522
22969
22351
21879
21916
21202
21242
