16807
16543
16475
16227
15979
15828
15562
15265
15062
14658
14473
14194
13952
13736
13486
13297
13137
12954
12828
13154
12564
12467
12381
12349
12284
12255
12230
12211
12291
12343
12465
12917
12992
13122
13194
13265
13366
13480
13583
13816
13919
14013
14143
14251
14368
14450
14427
14410
14330
14280
14244
14127
14110
14057
14011
13933
13984
14009
14030
14005
14028
13996
14061
14097
14152
14135
14143
14202
14427
14612
14687
14874
15101
15366
15534
15717
15929
16068
16242
16465
16541
16551
16629
16629
16519
16438
16333
16070
15923
15755
15496
15204
15053
14807
15143
14452
14286
14185
14078
13830
13687
13618
13582
13612
13616
13192
13906
14099
14293
14620
15045
15301
15177
15656
16574
17020
17402
17889
18261
18106
18921
19164
19433
19666
19862
19562
20181
20276
20410
20471
20396
20404
20490
20402
20332
20301
20215
20129
20078
20019
19979
19904
19872
19746
19706
19734
19681
19603
19498
19437
19421
19299
19251
19143
19104
19000
18979
18946
18929
18860
18845
18774
18776
18769
18801
18769
18725
18683
19032
18435
18345
18211
18192
18099
18085
18562
18028
18041
18087
18020
18007
18062
18047
18062
17996
17975
17954
17862
17853
17824
17812
17877
17917
17946
18020
18152
18242
18440
18635
18820
18564
19250
19486
19660
19822
20005
20087
20303
20440
20646
20849
21083
21248
21040
21776
22043
22188
22001
22751
23043
23440
23732
24093
23977
24696
24893
25070
25257
25448
25656
25759
25870
26375
25959
25937
25931
25914
25856
25959
25877
26019
26011
26045
26038
26005
26375
25683
25622
25498
25364
25343
25316
25259
25238
25229
25108
25108
25064
25070
25055
25049
25139
25120
25085
24980
24858
24631
24459
24251
23975
23751
23517
23375
23129
22480
22828
22601
22492
22301
22227
22059
22469
21736
21582
21458
21301
21190
21034
20893
20770
20482
20419
20303
20148
20068
20068
20089
20192
20232
20353
20480
20969
21112
21221
21267
21349
22562
23547
24127
24729
25076
25324
25391
25333
25187
25169
25051
24820
24528
24114
23624
23337
23080
23435
23085
23171
22969
23664
24053
24622
25171
25746
26246
26723
26961
27110
27083
26940
26622
26267
25629
24965
24173
23891
22570
21891
21282
20898
20675
20353
20482
19822
19895
20064
20452
20977
21055
21505
22007
22791
23055
23240
22969
23585
23643
23614
23666
23692
23465
23125
22620
22112
21667
21221
20904
20656
20526
20461
20511
20040
20725
21150
21017
21965
22083
23150
23473
24589
25377
25406
26524
26791
27070
26910
27049
26561
26666
26137
25759
25343
25095
25375
24650
24551
24433
24316
24246
24093
24104
24038
23860
23698
23902
23112
22854
22627
22312
22087
21746
21967
21192
21471
20679
20984
20267
20127
19910
19727
19448
19299
18938
18603
18475
18320
18192
18040
17818
17658
17459
17259
17166
17034
17019
16618
17028
17135
17152
17293
17324
17404
17501
17492
17553
17583
17687
17719
17795
17856
17977
18009
18032
17612
18261
18223
18267
18276
18143
18064
17952
17833
17870
17824
17833
17759
17622
17488
17337
17135
16958
16822
17070
16366
16045
15780
15469
15179
14759
14312
14013
14141
13410
13246
13177
13175
13127
13085
13089
13061
13024
12971
