22129
22160
22469
21625
21410
21244
21316
21307
21467
21448
21301
21158
21179
21202
21387
21910
22347
22709
23093
23437
23696
23875
23979
23753
23740
23610
23669
24020
24234
24618
24904
25011
25019
25816
24041
25051
24440
24051
23881
23608
23933
23364
23372
23297
23223
23209
23129
23053
23419
22717
22522
22318
22007
21688
21456
21156
20866
20772
20574
20471
20488
20582
20645
20776
20822
20904
21024
21164
21152
21311
21358
21404
21458
21629
21797
22062
22255
22450
22620
22826
22994
23158
23198
23229
23311
23366
23389
23427
23416
23417
23345
23404
23471
23450
23438
22961
23408
23345
23345
23246
23164
23135
23070
23429
22812
22715
22480
22229
22013
21864
21559
21280
21463
20717
20437
20076
19727
19419
19059
18765
18396
18095
17719
17440
17112
16891
16799
16650
16620
16662
16646
16767
16900
16994
17240
17477
17112
17744
17912
18141
18175
18377
18463
18604
18845
19005
19303
19093
19864
20183
20442
20677
20938
21137
21209
21333
21366
21333
21333
21141
21013
20807
20601
20469
20278
20034
19799
19547
19341
19122
18925
18692
18465
18250
18110
17914
17675
17477
17248
16975
16820
16633
16494
16345
16297
16124
16087
16167
16164
16127
16169
16345
16486
16568
16660
16803
16996
17122
17284
17362
17461
17545
17625
17708
17811
17862
17896
18059
18192
18326
18379
18387
18335
18274
18162
18001
17900
17698
17526
17326
17129
16948
16770
16622
16437
16238
16568
15885
15671
15404
15624
14994
14793
14624
14400
14204
14120
13979
13887
13822
13748
13681
13616
13604
13520
13536
13507
13500
13547
13568
13639
13669
13772
13921
14019
14156
14406
14167
14837
15032
15255
15417
15618
15734
15765
15874
15847
15891
15854
15748
16104
15545
15311
15043
14862
14587
14391
14639
13948
13877
13688
13517
13528
13620
13696
13770
13887
14019
14106
14194
14333
14532
14604
14629
14793
14998
15106
15238
15265
15351
15477
15524
15450
15393
15257
15024
14826
14597
14332
13969
13696
13293
12780
12446
12120
11782
11372
11202
11062
10908
10841
10843
10883
10958
11053
11125
11223
11351
11549
11874
12284
12629
13349
13711
14801
15337
15996
16217
17326
17862
18229
18459
18654
18814
19082
19177
19349
19593
19725
19778
19824
19750
19671
19549
19349
19104
18765
18568
18328
18211
18078
17927
17807
17706
17551
17459
17379
17211
17074
16986
16896
16832
16799
16786
16784
16799
16807
16805
16797
16824
16790
16769
16797
16853
16908
17013
17095
16979
17299
16881
15895
15387
15251
15404
15696
15841
15761
15761
15797
15822
15853
15734
15511
15284
14959
15106
14278
13940
14118
13324
13032
12772
12545
12412
12261
12087
12019
11940
11866
11814
11627
11465
11368
11330
11215
11223
11190
11166
10765
11337
11505
11633
11851
12066
12328
12538
12755
13059
13360
13654
13986
14351
14652
15003
15469
15849
16229
16562
16879
17227
17427
17631
17839
17914
18116
18267
18385
18446
18477
18528
18580
18631
18708
18759
18740
18708
18658
18646
18645
18593
18585
18551
18479
18395
18332
18312
18265
18219
18114
18017
17973
17889
17824
17778
17717
17654
17591
17505
17484
17408
17337
17286
17200
17099
17019
16952
16872
16782
16738
16688
