12984
12782
12604
12543
12320
12356
12183
12204
12307
12454
12801
13185
13230
14034
14188
14038
13727
13492
13280
13269
13293
13522
13526
13736
14032
14566
15024
15465
16032
16427
16828
17062
18381
16780
16000
16274
17532
17603
17870
18488
19020
19062
19001
18078
17952
17599
17190
17068
17120
17150
17116
16948
16702
16372
15986
15479
15173
15141
15108
15190
15250
15265
15169
14900
15127
14625
14624
14744
14944
14677
15337
15532
15148
15799
15656
16729
17192
17629
18595
19822
20492
20587
21729
22227
22895
23291
23780
24082
24410
24738
24956
25135
25332
25370
25458
25322
25141
25398
24627
24381
24099
23950
23591
23368
23154
23435
22585
22122
21654
21145
20568
20402
20251
20164
20133
20068
19980
19919
19765
19687
19732
19795
20051
20337
20690
20520
21372
21671
21980
21988
22879
23391
23862
24421
24442
24952
25662
25797
25868
25971
26099
26208
26162
25979
25801
25452
25179
24807
24667
24641
24604
24454
24116
23790
23917
23307
23221
23223
23288
23208
23062
22790
22532
22267
22093
21994
21795
21601
21381
21146
20811
20610
20456
20320
20043
19937
19765
20011
19318
19156
19501
18853
18706
18494
18282
17883
18074
17127
16843
16541
16425
16494
16452
16473
16494
16570
16555
16675
16767
16929
17082
17229
17318
17395
17543
17683
17790
17862
17780
17822
17898
17866
17797
17750
17690
18066
17522
17524
17480
17540
17616
17690
17851
17935
18024
18353
18122
18914
19257
19625
20020
20461
20832
21082
21477
21849
22120
22391
22660
22482
23091
23248
23471
23587
23631
23664
23650
23593
23524
23375
23389
23297
23219
23085
22847
22624
22406
22040
21767
21582
21375
21213
21213
21091
21148
21118
21068
21106
21070
21108
21213
21240
21307
21427
21629
21814
22284
23003
23912
24196
24396
24532
24704
24791
24812
24755
24778
24824
24738
24658
24587
24143
23721
23910
23419
22490
22433
21696
21072
20916
20791
20805
20851
20996
21078
21173
21372
21589
21770
21959
22204
22026
22862
23181
23427
23683
23473
24146
24316
24412
24589
24625
24732
24772
24828
24889
24916
24864
24776
24677
24549
24354
24017
23818
23559
23290
23005
22730
22507
22322
22187
22055
21952
21910
21900
21874
21858
21902
21887
21965
22003
22454
22631
22898
22492
23387
23748
24047
24660
24898
25129
24965
25688
25868
25977
26062
26116
26167
26223
26167
26141
26068
26099
26080
25969
25931
25803
25622
25458
25192
24801
24520
24152
23666
23347
23078
22839
22524
22135
21868
21580
21385
21238
21106
20830
20671
20520
20396
20164
20061
19992
19887
19776
19786
19778
19729
19767
19730
19681
19666
19755
19729
19818
19839
19807
19864
19904
19917
19946
20020
20041
20047
20116
20160
20208
20215
20263
20219
20221
20141
20074
20040
19933
19681
19473
19362
19160
18980
18782
18612
18421
18188
17942
18053
17303
17106
16856
17045
16461
16318
16053
15948
15900
15843
15799
15780
15736
15675
15692
15694
15704
15748
15742
15902
16022
16120
16171
16135
16085
16240
16225
16332
16395
16410
16528
16587
16532
16532
16566
16650
16662
16667
16643
16627
16648
16656
16625
16599
16616
17097
16595
16122
16671
16708
16732
16778
16778
16805
16822
16870
