19064
20776
21877
22473
24177
25051
25746
25631
25776
26725
26879
26683
26713
26545
26824
26057
25874
25801
25715
25885
25345
25177
25076
24980
25106
25253
25522
25828
25925
26477
27547
28095
28620
28979
29278
29580
29320
29938
30080
30062
29904
29658
29417
29799
29070
28595
28017
27719
26469
25937
25509
24963
24549
24055
23786
23667
23532
23412
23272
22961
22820
22780
22520
23187
23419
23500
23536
23524
23305
23551
23742
23719
23469
23858
23614
23461
23150
22816
22616
22301
22423
21648
21345
20942
20614
20257
19950
19645
19486
19330
19116
18858
18767
18708
18622
18593
18559
18717
18900
19133
19393
19595
19891
20229
20410
20568
20534
20335
20045
19826
19562
19309
19225
18935
19030
18127
17669
17440
17022
16687
16297
15973
15709
15570
15343
15158
15101
14975
14847
14832
14961
15301
15576
15832
16196
16484
16757
16811
16864
16917
16816
16677
16519
16469
16387
16351
16517
16814
17087
17576
17969
18492
18952
19217
19360
19479
19593
19690
19784
19938
20015
19839
19454
19137
18667
18368
18200
18166
18242
18312
18538
18704
18788
18822
18772
18620
18427
18278
18148
18158
18028
17814
17435
17106
16698
16471
16215
16150
16072
16095
16604
16160
16248
16303
16353
16429
16435
16253
16015
15770
15520
15335
15259
15629
14885
14715
14604
14772
15089
15444
15776
16158
16360
16179
16906
17250
17723
18043
18402
18648
18612
18702
18898
18595
19311
19368
19366
19318
19263
19274
19137
19217
19265
19202
19204
19538
18919
18942
19095
19396
19671
19980
20038
20204
20368
20694
20938
21265
21536
21847
22110
22312
22509
22694
22669
22753
23145
23553
23870
23975
23944
23908
23761
23232
22187
22414
22952
22167
22463
21774
21973
21389
21333
21337
21301
21198
21143
20971
20769
20593
20459
20257
20141
20019
19975
19938
19870
19856
19814
19893
19921
19975
19570
20198
20364
20450
20576
20698
20786
20851
20797
20822
20916
20988
21066
21041
21049
21209
21370
21480
21622
21791
21923
22043
22053
22066
22158
22238
22250
22200
22290
22387
22375
22322
22299
22188
22169
22015
21698
21404
21034
20750
20270
19824
19475
19135
18748
18337
17929
17507
17129
16841
16517
16187
15925
16064
15345
15631
14988
14799
14608
14519
14465
14368
14438
14625
14734
15032
15223
15572
15881
16291
16150
16908
17221
17498
17709
17921
18009
17593
18250
18343
18358
18501
18557
18614
18604
18583
18456
18375
18270
18145
17923
17637
17351
17580
16795
16543
16286
16000
15711
15530
15339
15160
15020
14921
14904
14769
14641
14610
14547
14578
14601
14641
14757
14862
15076
15362
15175
15975
16303
16578
16883
17259
17578
17841
18120
18419
18757
19095
19484
20026
20104
21112
21604
22085
22043
22486
23435
23883
24339
24688
24975
25217
25387
25389
25486
25595
25694
25646
25570
25509
25538
25530
25564
25536
25062
24667
24870
24001
23595
23177
22811
22587
22312
22085
21853
21645
21555
21446
21368
21358
21309
21291
21339
21276
21320
21459
21555
21717
21912
22177
22591
22490
23444
23072
23354
23545
23801
24274
24738
25162
25383
25643
25732
25406
25971
26019
26020
26026
26041
26076
26127
26158
26187
26267
25906
26526
26734
26961
