18599
19255
19406
19486
19349
19520
18753
18494
18171
17900
17660
17446
17221
17568
16698
16528
16347
16135
16032
15984
15906
15937
16488
16505
16570
16517
16467
16507
16646
16656
16824
16858
16895
16980
17307
17717
18448
18568
19751
20482
21194
21501
22814
23639
24387
25041
25450
25610
25648
25673
25837
25799
25765
25606
25276
24919
24662
24566
24727
24988
25265
25505
25471
25473
25520
25353
25251
24916
25713
26790
26251
25675
24721
24977
24734
24398
23625
23498
23673
24082
24631
25095
25591
25896
27164
27578
28078
28646
29089
29528
29870
30108
29833
30471
30603
30328
30125
30265
29683
28541
27604
26683
25646
24772
24290
23028
22931
22406
21667
21463
21540
21643
21931
23898
24931
26566
27637
28769
29654
30423
30946
30862
31620
31805
31780
31526
31175
30547
30049
29555
28858
28248
27729
27748
27335
26524
26070
25772
25860
25167
25030
24980
25007
25076
25047
25028
25017
25076
25125
25213
25383
25629
25830
26020
25895
27104
27309
27624
27387
28036
28104
28177
28545
28700
28719
28507
27847
27501
27217
26984
26837
27343
26717
26517
26089
24988
23965
23532
23555
23536
23442
23492
23427
23190
23015
22791
22698
22671
22786
22809
23059
23198
23312
23410
23454
22963
23240
23120
22730
22389
21916
21389
20744
20190
19595
19501
18351
17681
17332
16835
16389
16570
15881
15900
15956
15503
15215
14832
14526
14070
13553
13253
12835
12551
12488
12566
12847
13041
13353
13763
14156
14171
14704
15572
16024
16511
16835
16610
17459
17660
17832
17971
18169
18255
18320
18391
18238
18122
17925
17765
17459
17206
17003
16858
17049
16954
16295
16251
16236
16396
16141
15001
15437
15734
15589
15841
15940
15853
15910
16173
16353
16685
16635
17482
17921
18305
18759
19177
19509
19708
19946
20156
20374
20503
20694
20807
20725
20648
20349
20120
19809
19349
18833
18347
17931
17667
17356
17036
16830
16687
16509
16309
16213
16068
16080
15639
16152
16137
16299
16509
16820
16637
17444
17912
18438
18885
19347
19839
20335
20648
20538
21412
21643
21858
22154
22278
22438
22458
22339
22307
22248
22099
21872
21681
21500
21209
20898
20683
20961
20110
19870
19456
19532
18744
18347
17916
17482
17158
16795
16431
16137
15910
15639
15507
15253
15145
14994
14881
14793
14780
14637
14561
14555
14553
14566
14555
14564
14167
14822
14912
15036
15187
15311
15498
15654
15793
15973
16114
16129
16253
16332
16383
16387
16370
16383
16354
16311
16194
16127
15996
15944
15900
15893
15881
15782
15767
15765
15648
15578
15500
15511
15458
15307
15312
15337
15358
15309
15272
15215
15293
15419
15427
15574
15740
15925
16024
16009
16179
16307
16408
16519
16708
16845
16870
16954
17066
17022
16963
16927
16837
16675
16496
16400
16330
16211
16601
15937
15889
15845
15704
15526
15347
15177
14959
14685
14486
14257
14055
13809
14156
13591
13549
13459
13433
13479
13540
13549
13732
13833
13885
13988
14078
14166
14211
14333
14452
14515
14639
14797
14931
15229
15339
15412
15538
15681
15812
15925
16061
16167
16229
16358
16475
16538
16631
16759
16862
16908
16927
16954
16961
17007
17045
17020
16996
16971
16984
16994
16996
16973
16958
