22400
22778
22866
23001
22837
22633
22337
22080
21770
21196
20673
20473
18013
16946
16385
15984
15805
15666
16822
17375
17979
18522
18582
19459
19805
19921
20049
20849
21215
21335
21364
21311
21290
21261
21408
21715
21946
22406
22711
23127
23379
23656
23996
24175
24423
24585
24729
24772
24753
24702
24643
24526
24524
24490
24538
24570
24526
24469
24511
24425
24513
24610
24696
24807
24641
24547
24188
23803
23404
22994
22582
22129
21660
21232
20780
19969
20187
20374
20589
20522
21404
21862
22038
22948
23020
23769
24797
25229
25307
25314
24959
24597
24179
23929
22851
22278
21677
21393
20956
20160
20000
20843
21816
22309
22801
23316
23530
24854
25515
25809
26055
26511
26425
26219
25801
25860
25341
24269
23958
23660
23519
23423
23545
23574
23524
23381
23253
23356
23633
23524
24375
24549
24904
24091
23677
23444
23330
23448
23566
23654
23578
23543
23417
23288
23265
23440
23671
24068
24559
25229
25459
26856
27750
28734
29656
30435
30898
30980
30959
30889
30658
30511
30177
29635
28977
28122
27750
26383
25461
24706
24122
23677
23356
23177
23217
23282
23587
23759
24108
24381
24631
24961
24982
25026
25070
25011
24996
24961
24975
25062
25152
25326
24929
25652
25965
26360
26843
28744
28660
28356
28145
28103
27963
27677
27253
26587
25704
25263
24312
23028
22211
21595
21135
20751
20973
20263
20305
20307
20074
20942
21307
21732
22127
22053
22480
23400
23763
23843
24078
24286
24114
23950
23541
23024
22488
22062
21744
21291
20877
20362
19774
19293
19059
18833
18620
18416
18227
17891
17681
17543
17555
17505
17442
17351
17167
17051
16977
16990
17055
17099
17003
16965
16805
16711
16616
16664
16669
16795
16847
16896
16780
16708
16591
16486
16398
16339
16194
16080
15851
15591
15375
15238
15265
15375
15356
15290
15192
15070
15078
15234
15204
15333
15291
15221
15618
14990
14727
14748
14708
14715
14910
14958
14925
14998
14986
14875
15129
14312
14082
13948
13984
13845
13744
13593
13318
13097
12715
12520
12454
12498
12675
12954
13358
13937
14526
14778
16068
16856
17295
18734
19188
20087
21324
21541
22028
22790
22490
23003
22786
22902
22393
21253
20354
19914
18330
17154
16562
15599
14324
13515
13045
13179
12291
12253
12339
12471
12885
13438
14051
14280
15162
16479
17461
18219
18874
19507
19931
20236
20448
20486
20446
20326
20488
19698
19166
18520
17351
16780
16255
15805
15305
14887
15141
14391
14366
14599
14893
15286
15572
15935
16145
16463
16811
17246
17234
17072
17324
17297
17568
17704
17589
17532
17467
17103
16979
17082
17108
16927
16784
16639
16742
16635
16337
16608
15971
15853
15671
16114
15683
15942
16299
16732
17013
17095
17116
17091
16858
16637
16349
15988
15770
15364
15139
15372
15963
16541
17246
17765
17641
18467
18603
18688
18570
18305
17965
17280
17582
17041
16677
17543
18017
18540
19188
20858
21465
21534
21320
20900
20265
20015
20137
20154
19992
19984
20335
22637
24389
24790
25129
25351
25146
24658
24330
23083
22811
21547
21047
20696
20377
20183
20511
19950
19765
19753
19662
19818
19347
19076
19133
19141
19335
19370
19393
19446
19467
19412
19517
19652
19654
19688
