21301
20854
20641
20751
20725
20580
20519
20312
19959
19375
18874
18639
18549
18543
18624
18652
18788
18750
18603
18475
18196
18015
17750
18049
17284
17572
16854
17061
16410
16202
15822
15505
15175
14940
14618
14437
14438
14402
14480
14639
14896
14713
15152
15713
16797
17559
18230
19020
19704
20425
20547
21687
22221
21986
22750
22860
22942
22902
22795
22646
22549
22473
22494
22437
22675
22870
23332
23868
24284
24832
25267
25704
26221
26576
27139
27480
27656
27790
27811
27700
27822
26988
26559
25975
25454
24767
24885
24062
23833
23736
23704
23561
23408
23303
23196
23125
23112
23131
22984
23849
23952
24452
25362
25681
25801
25856
25908
26116
25944
26423
27458
27402
28469
28910
29112
29368
29708
29685
29183
28725
29791
29683
28482
28013
27839
27307
26553
26555
27011
27253
27349
27456
27603
27772
28108
28448
28595
28370
29051
29263
29484
29685
29751
29706
29580
29467
29385
29417
29412
29494
29561
29576
29532
29604
29708
29839
30051
30106
30146
30177
30173
30118
30099
30091
29952
29812
29641
29482
29372
29179
28979
29278
28557
28782
27990
27669
27402
27074
26696
26412
26078
25793
25477
25217
25347
24570
24356
23992
23742
23671
23906
23166
22971
22822
22769
22711
22637
22604
22713
22709
22709
22742
22480
23164
23250
23368
23496
23725
23507
24280
24379
24549
24652
24769
25022
25070
25053
25003
25000
24994
25038
24977
24923
24973
24956
25396
24791
24711
24564
24333
24049
23841
23540
23122
22841
22540
22272
22059
21864
21635
21437
21293
21141
21469
20698
20519
20326
20066
19826
20028
19448
19270
18904
18690
19047
18358
18181
18083
17990
17843
17671
17511
17444
17284
17160
17051
16969
16791
16685
16648
15845
15671
15562
15400
15259
15005
14711
14444
14187
13940
13727
13637
13446
13349
13272
13204
13187
13343
13494
13639
13669
13778
13917
13961
13946
13980
13994
14070
14124
14194
14301
14379
14534
14606
14622
14780
14906
14910
14986
15143
15208
15383
15501
15664
15839
16024
16187
16416
16574
16687
16786
16893
16891
16910
16751
17085
16414
16326
16064
15856
15719
15500
15276
15114
14906
14711
14505
14253
14080
14001
13921
13925
13969
14032
14141
14374
14637
14816
14664
15467
15721
16017
16326
16490
16719
16902
17028
17169
17208
17188
17213
17181
17066
16927
16807
16742
17076
16442
16217
16057
15826
15597
15435
15192
14944
14738
14576
14501
14530
14675
14950
15248
15627
15982
16356
16776
17093
17400
17667
17944
18265
18555
18864
19200
19053
19866
20198
20624
20902
21125
21299
21540
21696
21713
21708
21620
21645
21954
21324
21208
21015
20809
20637
20354
20055
19803
19461
19150
18868
18570
18232
18007
17736
17393
17181
17015
16780
16635
16480
16339
16217
16139
16101
16038
16038
15639
16288
16410
16578
16776
17038
17219
17438
17793
18064
18335
18679
18992
19251
19467
19681
19862
19929
19969
19979
20019
19990
19950
19908
19824
19702
19583
19429
19391
19181
18963
18809
18645
18469
18307
18215
18034
17914
17784
17700
17673
17606
17549
17572
17599
17608
17673
17750
17843
17925
17606
18171
18337
18545
18690
18782
18858
18961
19085
19179
19257
19339
19475
19614
19673
