26589
26106
26354
25536
24627
23614
23162
23145
22977
24206
24387
24723
24963
25068
24961
26043
26509
26400
27091
27110
26961
26780
26793
26498
26532
26730
26729
26711
26385
26240
26152
25921
26849
27187
26895
27599
27685
27898
28311
28809
29280
29463
29440
29778
29278
29316
28868
29759
29937
29917
29513
29104
28402
27975
27564
27143
26776
26685
26614
26431
26043
25444
24950
24465
24253
24192
24282
24417
24585
24778
24956
25175
25469
25685
26011
25935
26761
27005
26906
26568
26837
25954
25488
25055
24595
23982
23509
22755
22148
21561
21458
20982
20124
19832
19969
19288
19091
18839
19011
18171
17984
18055
18179
18437
18559
19045
18393
18101
17828
17633
17297
16923
16427
15896
15164
14488
13931
13500
13656
12879
12816
12811
12961
13272
13612
13921
14320
14585
14856
14925
14963
14856
14767
14393
14074
13530
12879
12652
11360
11093
9879
9734
8547
7921
7479
7166
7045
7232
7479
8040
8746
9725
10314
11916
13013
14003
14906
15952
16826
17183
18341
18776
18612
19166
18980
18604
18089
17391
16952
15461
14400
14032
12826
12324
11870
11517
11314
11250
11309
11589
11931
12570
12778
14145
14946
15900
16755
17229
18494
19244
19916
20480
20917
21028
21458
20593
20114
19383
18666
17866
17568
16318
16064
15005
14513
14177
14040
14093
14469
14980
15467
16015
16776
17482
18215
18896
19507
19944
20360
20572
20658
20524
20307
20116
19858
20020
19179
18772
18286
17845
17278
17057
16910
16908
17316
17106
17772
17803
17114
18022
18085
18685
19530
19755
19870
20345
20774
21295
21557
21734
21732
21540
21511
21979
21454
21982
21486
21459
21471
21383
21215
21125
21019
20919
20669
20387
20083
19814
19568
19312
19511
18767
18580
18526
18402
18425
18597
18853
19032
19154
19299
19379
19335
19301
19255
19215
19110
19104
19267
19526
19727
20091
20276
20036
20799
20994
21167
21248
21290
21389
21333
21368
21349
21339
21358
21383
21370
21458
21440
21566
21610
21635
21711
21816
21849
21774
21807
21770
21763
21715
21683
21633
21530
21437
21412
21339
21206
21068
20944
20795
20675
20616
20994
20498
20303
20190
20093
19860
19585
19391
19148
18841
18688
19026
18475
18500
18475
18482
18494
18440
18324
18269
18187
18175
18194
18192
18324
18458
18532
18671
18877
19133
19309
19536
19706
19910
19541
20083
20160
20227
20278
20299
20381
20347
20299
20335
20314
20267
20143
19990
19935
19713
19606
19393
19139
18937
18612
18303
17916
17591
17318
17125
16946
16822
16734
16593
16595
16580
16601
16635
16839
17055
17358
17750
17624
18101
18585
19118
20171
20713
21202
21780
22358
22832
23316
23669
24034
24416
24666
24435
25112
25366
25801
26045
26246
26543
26679
26790
26826
26761
26729
26629
26383
26112
25893
25601
25408
25185
25017
24843
24627
24332
24396
23450
23020
22564
22080
21543
21429
20937
19938
19961
19087
18734
18242
17893
18064
17395
17564
16841
16956
17166
17511
17599
18721
19076
20444
21267
22253
23114
23513
24480
25849
26685
27679
28511
28910
30236
31093
32104
33083
33740
34809
36137
36908
37505
37885
38137
38154
37847
37580
37379
37211
37045
36744
36545
36339
36198
36082
36112
