14858
15173
15337
15532
15814
15923
16038
16034
16051
15643
16093
15996
16603
16198
16198
16381
16574
16156
16866
17034
17230
17305
17520
17137
17715
17669
17687
17646
17114
17652
17744
17778
17895
17992
18041
18291
18538
18656
18832
18570
19217
19318
19417
19501
19057
19480
19471
19364
19261
19072
19007
18872
18706
18440
17992
17639
17229
16835
16671
16532
16585
16585
16650
16811
16864
17055
16633
17335
17679
17896
18293
18652
19013
18564
19036
18889
18769
18734
18480
18652
18656
18690
18885
18812
18929
19213
19066
19641
20807
21118
22204
22788
23341
23732
24032
24148
24209
24211
24072
23795
23658
23895
22969
22536
22040
21929
20868
20395
20116
19150
17914
17620
18047
17400
17458
17799
18433
18982
19509
19553
20494
20988
21767
22055
23215
23870
24269
24713
24891
25154
25221
25597
25885
26085
26513
26429
26221
26234
26353
24475
25368
24568
24250
24190
24244
24118
24036
24419
23992
23990
24103
24347
24694
25133
25805
26299
26576
26559
26528
26297
25906
25520
25156
24566
24055
23580
23171
22721
22616
22736
22866
23202
22994
23982
25732
26545
28232
28393
29229
29473
29435
29366
29177
29307
28416
28316
27774
26845
25467
24501
23452
22377
21414
20097
19520
18297
17715
17519
16326
15854
15666
15469
15479
15583
15896
16217
16223
17286
17755
17599
18377
18536
18541
18324
18095
17727
17188
15396
15017
14593
14269
14221
14503
14944
15469
16053
16904
17127
17606
18994
19790
20295
20656
20935
21051
21093
20935
20757
20145
19694
19101
18595
18511
17986
16906
16274
15702
15166
14755
14297
13963
13730
13582
13500
13496
13225
13933
14066
14208
14246
14383
14591
14753
15074
15209
15479
15553
15677
15851
15923
16015
15902
15769
15688
15404
15625
14835
14433
13929
13616
13238
12994
12837
12732
12587
12520
12637
12645
12637
12667
12751
12902
13005
13267
13566
13770
14015
14314
14551
14730
14885
15131
15305
15549
15898
16362
16906
17374
17740
17952
18103
18076
17998
17979
18000
18083
18217
18341
18148
17990
17690
17589
17213
16753
16320
15921
15500
15272
15192
15120
15085
14937
14833
15124
14507
14541
14692
15003
15396
15582
15830
16074
16270
16473
16868
17291
17851
18351
18883
19366
19540
19650
19786
19853
19879
19971
19557
20141
20162
20087
19847
19358
19538
18580
18398
18366
18360
18204
18160
18053
17856
18072
17427
17255
17398
17108
17818
17631
18408
18488
18643
18812
18942
18973
19198
19311
19484
19604
20045
20879
20545
21011
20519
20946
21104
21333
21624
21681
21729
21729
21814
21973
22291
22425
22624
22828
23061
23412
24068
24490
24786
25030
25372
24709
24437
24274
24145
23778
23291
22889
22494
22425
21326
21162
20843
20673
20916
21124
21435
21429
21488
20299
19996
18919
18622
18597
18677
19036
18477
18475
18664
19269
19950
20654
21246
22351
22513
22622
22643
22790
22505
23139
23408
23780
24148
24024
24809
25015
25076
25162
25227
25154
25024
25062
24937
25080
24921
25572
25541
25883
24992
24622
24194
24145
23967
23885
23996
24156
24416
24721
24866
25062
25270
25332
25450
25583
25671
25673
25763
25891
25910
25812
25763
25671
25467
25265
25057
24893
24639
24368
