25240
24933
24645
24303
24028
23757
23488
23286
23108
23013
22975
23078
23227
23240
23362
23570
23723
23824
23971
24146
24263
24227
24200
24303
24322
24475
24562
24576
24635
24717
24715
24662
24540
24290
24072
23830
23519
23120
22772
22364
22036
21666
21278
20946
20664
20345
20085
19791
20017
19312
19091
18870
18604
18303
18120
17950
17801
17765
17826
17847
17828
18013
18284
18524
18734
19009
19332
19673
19601
20072
20917
21347
21793
22154
22536
22895
23154
23500
23734
23931
24145
24322
24484
24570
24667
24727
24717
24683
24902
23759
23494
23181
23041
22765
22480
22196
21986
21769
21522
21366
21217
21026
20851
20769
20717
21001
20553
20551
20601
20639
20704
20774
20908
20893
20887
20910
20860
20801
20791
20725
20593
20568
20526
20389
20244
20104
19996
19824
19650
19461
19265
19057
18860
18732
18515
18349
18202
18196
18146
18000
17935
17931
17948
17875
17862
17931
17910
17923
17933
17984
18062
18152
18238
18272
18356
18435
18419
18477
18528
18555
18578
18585
18591
18536
18452
18347
18133
18057
17889
17736
17627
17519
17290
17047
16956
16881
16677
16482
16322
16156
15923
15704
15580
15385
15223
15030
14929
14906
14916
14870
14895
14935
15009
15066
15074
15171
15192
15129
15192
15232
15250
15259
15295
15236
15311
15345
15351
15337
15326
15206
15624
15003
14811
14608
14416
14190
14017
13837
13629
13450
13270
13137
12944
12736
12475
12700
11904
11780
11530
11286
11116
10822
10616
10572
10496
10465
10423
10459
10532
10557
10604
10692
10263
10774
10854
10937
11043
11124
11171
11290
11486
11564
11646
11732
11832
11931
11940
11982
11940
11828
11597
11375
10879
10562
10179
9793
9671
9595
9723
9950
9791
10637
11076
11614
12083
12549
13083
13347
13206
13839
13854
13835
13748
13442
13116
12715
12295
11879
11770
11711
11704
12028
12488
13068
13645
14419
15093
15931
16215
17543
18309
18593
19538
19893
20125
20242
20177
20049
19914
19730
19994
19236
18887
19015
18112
17849
17675
17631
17099
17652
17631
17824
18020
18171
18400
18969
19265
19435
20022
19559
18293
18024
17713
17450
17164
17034
16938
17045
16967
17160
17351
17690
17925
18213
18412
18620
18879
19152
19490
19927
20194
20448
20603
20830
20935
21061
21133
21267
21288
21297
21290
21223
21162
21108
21194
21055
21250
21276
21412
21429
21463
21519
21627
21730
21799
21952
22011
22131
22290
22454
22482
22494
22500
22557
22530
22507
22488
22467
22492
22956
22480
22541
22515
22583
22648
22603
22633
22625
22520
22503
22486
22471
22484
22379
22326
22339
22217
22114
22066
21940
21732
21677
21538
21971
21370
21251
21192
21164
21040
20988
20990
20847
20702
20650
20711
20828
20818
20862
20870
20675
20643
20763
20866
20849
20879
20835
20759
20551
20396
20320
20188
20513
19961
19853
19759
19633
19597
19419
19295
19087
19000
18864
18698
18589
18456
18312
18082
17965
17769
17631
17589
17479
17354
17270
17229
17206
17173
17122
17093
17080
17020
17017
17007
17015
17188
17278
17419
17106
17805
17996
18230
18393
18633
18833
18570
19299
19055
19708
19862
19961
19557
20177
20299
20435
20549
20692
20801
20937
21068
21209
