19641
19660
19666
19780
19904
20097
20208
20383
20486
20713
21156
21242
21257
21164
21064
21041
21091
21082
21137
21013
20753
20675
20402
20175
20480
19797
19551
19496
19375
19345
19288
19437
19522
19589
19751
19948
20135
20377
20547
20761
20799
20826
20723
20637
20593
20290
20043
19687
19337
18938
18662
18391
18171
17902
17666
17540
17312
17395
17114
17830
18059
18341
18669
19034
19427
19906
20416
20914
21305
21604
21791
21898
21921
21814
21543
21259
20879
20988
20051
19625
19248
18839
18603
18416
18139
18179
18274
18440
18522
18916
19328
19679
20219
20797
21438
22068
22587
22520
22984
23814
24293
24631
25122
24948
26001
26438
26423
26898
27774
28028
28051
27980
27727
27458
27177
27009
26935
26996
27041
27230
27240
27307
26872
26889
27568
27837
28435
29036
29635
30103
30519
30980
30784
31509
31719
32232
31826
31706
31583
31515
31406
31398
31410
30246
29393
29055
28673
28169
27765
27414
27524
27809
26786
26177
25322
25536
25885
26093
26477
26591
26744
26935
27074
27322
27479
27622
27841
28032
28263
28477
28500
28484
28591
28664
28971
29187
29459
29734
30074
30246
30402
30393
30431
30326
29561
28652
29129
29118
28893
28778
28709
28620
28522
28417
28368
28353
28364
28375
28387
28351
28360
28351
28356
28805
28179
28129
28112
28082
28112
28114
28125
28217
28295
28417
28583
28820
28910
29013
29173
29229
29297
29398
29345
29272
29196
29068
29003
28843
28662
28532
28291
28097
27853
27641
27469
27164
27339
26650
26322
26133
26024
25782
25580
25236
25103
25030
25391
24791
24751
24763
24713
24666
24585
24561
24608
24624
24599
24694
24719
24713
24587
24645
24629
24650
24627
24641
24750
24690
24782
24900
25009
25001
24954
24980
24958
24879
24646
24408
24181
23942
23582
23330
22990
22795
22290
22080
21917
21208
21106
20952
20767
20761
20650
20538
20372
20290
20141
20135
20158
20040
20043
20501
19906
19854
19904
19885
19847
19744
19479
19232
18917
18580
18223
17818
17664
18064
17396
17274
17267
17263
17246
17316
17366
17263
17137
17082
17009
16944
16826
16740
16646
16616
16519
16459
16435
16337
16242
16206
16089
16139
16030
15919
15874
15809
15723
15582
15545
15379
15379
15435
15381
15368
15532
15667
15730
15948
16055
16150
16295
16458
16595
16751
16919
17202
17448
17702
17958
18213
18078
18988
19368
19706
19551
20446
20832
21148
21356
21585
21687
21706
21738
21566
21410
21183
20950
20721
20538
20295
20064
19818
19492
19080
18635
18187
17732
17227
16799
16412
16141
15832
15524
15341
15198
15110
15196
15246
15368
15627
15946
16253
16641
17070
17492
17877
18318
18841
19335
19851
20124
20853
21005
21419
21770
21975
22062
22095
22328
22820
22944
22576
22217
22154
22263
22465
22633
22708
22648
22954
22221
21925
21520
21471
20383
19828
19190
19030
17946
17335
16658
16595
16104
15022
14452
14068
13580
13200
12917
12440
12162
11908
11730
11540
11301
11284
11290
11354
11547
11757
11879
12032
12240
12482
12230
12948
13175
13412
13217
14026
14335
14627
14938
15301
15187
16066
16412
16734
17001
17324
17585
17916
18209
18549
18872
19177
19417
19635
19788
20000
20255
20408
