20984
21209
21830
22416
22818
23368
23723
23895
23791
23572
23288
23360
22372
21679
20700
20083
20517
20166
20156
20257
20118
20543
21118
22133
22803
22998
23942
24503
25515
25820
25975
25937
25643
25395
24845
23748
23288
22788
22339
22055
21736
21536
21217
20931
20839
21082
21608
21961
22146
22129
22299
22734
23311
23780
24064
24230
24276
24030
23530
23391
22917
21662
21433
20286
19551
18847
17998
17322
16778
16234
15799
15217
14854
15118
14328
14477
14683
15761
17062
17438
17549
17671
17633
18517
18736
18950
18862
18988
17927
17391
16984
16351
15805
15223
14501
13809
13253
12923
12858
12780
13971
14870
15908
16801
17513
18353
19049
19759
20295
20673
20669
20459
20187
19847
19547
19540
18438
18085
17688
17513
17486
17582
17893
18213
18837
19066
20240
20700
20870
20954
20824
20782
20702
20937
19868
19303
19479
18751
18484
18391
18368
18501
18879
19385
19902
20219
20177
19946
19553
19353
19330
19356
19291
19345
19333
19311
19269
19305
19513
19917
20412
20690
20996
21133
21400
21803
22152
22242
22181
22898
22209
21534
20711
19790
18887
18232
17681
17129
17028
16124
15837
15826
16020
15328
14908
14687
14639
14167
15020
15494
15772
16187
16435
17083
16635
16454
16253
15874
15522
15167
14797
14484
14263
14175
14061
13839
13729
13538
13444
13250
12723
13288
13362
13204
14272
14979
15616
16259
16480
16648
16784
16791
16736
16509
15938
15177
14282
13625
12322
11452
10843
10261
10223
10555
11118
11673
11776
12257
13185
13253
13398
13368
13240
14131
14169
13853
13366
12711
11988
11501
11145
11041
10958
11015
11190
11671
12419
13456
14297
15812
17992
19141
20921
21755
22295
22501
22416
22274
21723
21051
20068
19442
18150
17988
16914
16484
16038
15650
15490
15194
15671
16828
17104
18414
19236
20175
20595
21935
22101
23030
23150
23446
22597
22041
21908
20830
20206
19582
19480
18448
18524
17719
17475
17410
17347
17500
17580
17727
18024
18746
19145
20477
20564
21606
22131
22925
23479
24902
25448
26694
27082
27337
27204
27238
26889
26410
25696
24736
24311
23423
22238
21828
21719
21645
21816
21526
21994
22875
23332
23729
24110
24666
25200
25624
25980
26238
26244
26225
26000
25811
25488
25074
24442
23650
22618
22389
21263
20677
19912
19377
19356
19450
19643
20908
21906
23230
24807
26017
27578
28979
30448
30988
31341
31612
31753
31700
31345
30795
30372
29965
30244
29751
28614
27692
26875
25942
25255
24557
23946
23761
23780
24211
24864
25734
26816
28322
30120
31709
32933
33244
34194
34282
34250
34185
32790
32072
30379
29688
28089
27820
27320
26587
26311
26085
25996
26259
26438
26654
26627
26555
26488
26423
26656
26988
27286
27372
27606
28219
29101
30049
30303
31438
31927
32368
32276
32971
32893
32480
31759
30959
29881
29030
28062
27667
26156
25423
24769
24330
23828
23854
22984
22688
22490
22438
22051
21669
21215
21146
21093
21053
21083
21202
21572
21528
22015
22551
23540
24019
24419
24616
24500
24215
23490
22763
22061
21219
20311
19887
18715
18187
17954
17851
18019
18274
18715
18589
19362
19446
19509
19471
19198
18818
18341
17923
17349
16656
15862
15299
14709
14339
