-2.507421875
-2.42368164063
-2.392578125
-2.354296875
-2.3830078125
-2.33276367188
-2.3830078125
-2.30405273438
-2.23706054688
-2.15810546875
-2.07915039063
-2.1341796875
-1.96430664063
-1.72265625
-1.6556640625
-1.703515625
-1.703515625
-1.7130859375
-1.68916015625
-1.72265625
-1.7130859375
-1.60541992188
-1.55517578125
-1.397265625
-1.32788085938
-1.22021484375
-1.15561523438
-1.10537109375
-1.50014648438
-1.57431640625
-1.67719726563
-1.69633789063
-1.95234375
-2.06000976563
-2.00258789063
-2.38061523438
-2.3638671875
-2.34233398438
-2.34711914063
-2.24663085938
-2.23706054688
-2.18442382813
-2.19638671875
-2.1533203125
-2.12221679688
-2.1533203125
-2.27055664063
-2.0671875
-2.0671875
-2.0671875
-2.14614257813
-2.13657226563
-2.162890625
-2.2490234375
-2.30405273438
-2.36625976563
-2.430859375
-2.49545898438
-2.53374023438
-2.72514648438
-2.775390625
-2.93569335938
-2.93090820312
-3.1294921875
-3.10078125
-3.33046875
-3.46684570313
-3.61279296875
-3.68696289063
-3.81616210938
-3.92622070313
-4.18461914063
-4.28510742188
-4.498046875
-4.66313476563
-4.95263671875
-5.19907226563
-5.28759765625
-5.5029296875
-5.61298828125
-5.89052734375
-6.01015625
-6.22309570313
-6.30444335938
-6.5748046875
-6.61547851563
-6.78056640625
-6.85234375
-6.948046875
-6.97915039063
-6.93129882813
-7.1107421875
-7.1490234375
-7.11313476563
-7.0916015625
-7.00307617188
-6.93129882813
-6.62265625
-6.0197265625
-5.52685546875
-5.2732421875
-4.7564453125
-4.58657226563
-4.18940429688
-4.038671875
-3.89272460938
-3.56254882813
-3.43095703125
-3.25869140625
-3.17495117188
-3.21083984375
-2.99072265625
-2.909375
-2.85434570313
-2.813671875
-2.80649414063
-2.71557617188
-2.69165039062
-2.737109375
-2.8041015625
-2.80649414063
-2.90458984375
-2.966796875
-2.91416015625
-3.16059570313
-3.25629882813
-3.53862304688
-3.6462890625
-3.72045898438
-3.92622070313
-4.04106445313
-4.21572265625
-4.31142578125
-4.37124023438
-4.60092773438
-4.70141601562
-4.77319335938
-4.83779296875
-4.90478515625
-4.83779296875
-4.8521484375
-4.612890625
-4.62006835938
-4.46215820312
-4.37124023438
-4.4310546875
-4.22768554688
-4.20375976563
-4.17265625
-4.08891601563
-4.10805664063
-4.08413085938
-4.09609375
-3.923828125
-3.91186523438
-3.88793945313
-3.83530273438
-3.77788085938
-3.7037109375
-3.66064453125
-3.64150390625
-3.42138671875
-3.3400390625
-3.043359375
-2.9189453125
-2.70361328125
-2.58637695313
-2.50981445313
-2.48828125
-2.37104492188
-2.19399414063
-2.05283203125
-1.98823242188
-1.74418945313
-1.72504882813
-1.57192382813
-1.4833984375
-1.52885742188
-1.46904296875
-1.26088867188
-1.16997070313
-1.10776367188
-0.988134765625
-0.949853515625
-0.94267578125
-1.06948242188
-0.8708984375
-0.705810546875
-0.669921875
-0.48330078125
-0.394775390625
-0.380419921875
-0.227294921875
-0.150732421875
-0.145947265625
0.12919921875
0.208154296875
0.36845703125
1.06469726562
1.18671875
1.2728515625
1.29438476563
1.32788085938
1.40922851563
1.45947265625
1.5791015625
1.71069335938
1.97866210938
2.086328125
2.296875
2.31362304688
2.38540039063
2.41171875
2.32080078125
2.53134765625
2.58876953125
2.73232421875
2.77060546875
2.88305664062
2.8998046875
2.775390625
2.94047851563
2.92373046875
2.94047851563
2.93090820312
2.88544921875
2.89262695313
2.87109375
2.81845703125
2.79453125
2.7466796875
2.73471679688
2.69404296875
2.69165039062
2.7083984375
2.6509765625
2.63422851563
2.62944335938
2.63422851563
2.63901367188
2.65336914063
2.71318359375
2.70361328125
2.73471679688
2.77778320313
2.84956054688
2.89501953125
2.8998046875
2.94526367188
3.0625
3.10795898438
3.21323242188
3.2251953125
3.24194335938
3.25629882813
3.24194335938
3.25390625
3.2921875
3.234765625
3.21801757813
3.22280273438
3.27783203125
3.31611328125
3.33525390625
3.27543945313
3.541015625
3.4740234375
3.35678710938
3.44770507813
3.54340820313
3.44770507813
3.50991210938
3.58408203125
3.65107421875
3.60322265625
3.53623046875
3.732421875
3.81376953125
3.84487304688
3.88076171875
3.96450195313
4.05302734375
4.13198242188
4.18701171875
4.2779296875
4.30424804688
4.38798828125
4.39755859375
4.4310546875
4.50043945313
4.50283203125
4.52197265625
4.62963867188
4.60571289062
4.70380859375
4.766015625
4.7755859375
4.77319335938
4.78515625
4.84018554688
4.8712890625
4.7564453125
4.9287109375
5.0435546875
5.09619140625
5.1966796875
5.12490234375
5.25649414063
5.34262695313
5.110546875
5.07944335938
5.12250976563
5.02202148438
4.8330078125
4.49086914063
4.268359375
4.27314453125
4.41909179688
4.3544921875
4.66791992188
4.89760742188
4.97895507813
4.8712890625
4.651171875
4.57221679688
4.23725585938
4.10327148438
3.85444335938
3.46923828125
2.94526367188
1.2537109375
1.03359375
0.7177734375
0.500048828125
0.366064453125
0.15791015625
0.1435546875
-0.0095703125
-0.189013671875
-0.222509765625
-0.265576171875
-0.370849609375
-0.456982421875
-0.456982421875
-0.533544921875
-0.576611328125
-0.595751953125
-0.57900390625
-0.60771484375
-0.624462890625
-0.614892578125
-0.6029296875
-0.57900390625
-0.538330078125
-0.555078125
-0.562255859375
-0.55029296875
-0.54072265625
-0.514404296875
-0.555078125
-0.586181640625
-0.634033203125
-0.73212890625
-0.5263671875
-0.523974609375
-0.5359375
-0.5837890625
-0.60771484375
-0.56943359375
-0.6412109375
-0.631640625
-0.586181640625
-0.614892578125
-0.519189453125
-0.43544921875
-0.37802734375
-0.318212890625
-0.169873046875
-0.050244140625
-0.035888671875
-0.016748046875
0.0287109375
0.035888671875
0.050244140625
0.133984375
0.189013671875
0.27275390625
0.29189453125
0.179443359375
0.1244140625
0.031103515625
0.05263671875
-0.0478515625
-0.1435546875
-0.256005859375
-0.10048828125
-0.04306640625
-0.232080078125
-0.294287109375
-0.3158203125
-0.184228515625
-0.37802734375
-0.37802734375
-0.366064453125
-0.394775390625
-0.389990234375
-0.32060546875
-0.24404296875
-0.126806640625
-0.078955078125
0.002392578125
-0.01435546875
0.07177734375
0.107666015625
0.03349609375
0.198583984375
0.303857421875
0.452197265625
0.46416015625
0.456982421875
0.3732421875
0.2966796875
0.26796875
0.318212890625
0.2201171875
0.210546875
0.232080078125
0.179443359375
0.107666015625
0.019140625
-0.016748046875
-0.095703125
-0.107666015625
-0.27275390625
-0.34453125
-0.442626953125
-0.533544921875
-0.74169921875
-0.753662109375
-0.669921875
-0.9283203125
-1.03837890625
-1.08862304688
-1.15322265625
-1.21064453125
-1.28720703125
-1.30395507812
-1.43315429688
-1.47861328125
-1.59106445313
-1.62934570313
-1.75854492188
-1.79443359375
-1.92124023438
-1.95952148438
-1.8662109375
-2.07197265625
-2.12221679688
-2.11264648438
-2.10068359375
-2.06479492188
-1.95952148438
-1.92124023438
-2.009765625
-2.009765625
-1.87578125
-2.05522460938
-2.09829101563
-2.124609375
-2.15571289063
-2.18920898438
-2.17724609375
-2.18681640625
-2.24184570313
-2.21552734375
-2.20356445313
-2.1341796875
-2.00498046875
-1.94995117188
-1.88056640625
-1.8375
-1.80400390625
-1.82553710938
-1.8470703125
-1.94516601563
-1.71787109375
-1.6078125
-1.50971679688
-1.52885742188
-1.26567382813
-1.3685546875
-1.13647460938
-1.091015625
-0.9857421875
-0.863720703125
-0.765625
-0.801513671875
-0.801513671875
-0.777587890625
-0.81826171875
