-0.538330078125
-0.58857421875
-0.437841796875
-0.557470703125
-0.55029296875
-0.55029296875
-0.614892578125
-0.614892578125
-0.485693359375
-0.638818359375
-0.787158203125
-0.844580078125
-0.906787109375
-0.97138671875
-0.988134765625
-1.11015625
-1.1580078125
-1.167578125
-1.18193359375
-1.25849609375
-1.1962890625
-1.320703125
-1.3111328125
-1.33266601563
-1.36137695313
-1.36137695313
-1.46665039063
-1.40922851563
-1.42358398438
-1.44750976562
-1.397265625
-1.3685546875
-1.38530273438
-1.38291015625
-1.3111328125
-1.35419921875
-1.40444335938
-1.44990234375
-1.473828125
-1.44750976562
-1.66044921875
-1.74897460938
-1.8375
-1.94516601563
-2.05043945313
-2.1724609375
-2.3638671875
-2.53374023438
-2.660546875
-2.93330078125
-3.06967773438
-3.39506835938
-3.4740234375
-3.4740234375
-3.78505859375
-3.98125
-4.00756835938
-4.0482421875
-4.35209960938
-4.39516601563
-4.43583984375
-4.5841796875
-4.64638671875
-4.67270507813
-4.69423828125
-4.73251953125
-4.74926757812
-4.7373046875
-4.76840820313
-4.8330078125
-4.85932617188
-4.93349609375
-4.95981445313
-5.01962890625
-5.15600585938
-5.24453125
-5.28041992188
-5.49575195313
-5.65366210938
-5.73500976563
-5.81157226563
-5.92641601563
-5.93837890625
-5.87377929688
-5.84985351562
-5.66801757813
-5.83071289063
-5.71826171875
-5.5412109375
-5.416796875
-5.38330078125
-5.39287109375
-5.37373046875
-5.301953125
-5.20146484375
-5.0626953125
-4.7373046875
-4.61767578125
-4.50522460938
-4.50043945313
-4.383203125
-4.31860351562
-4.24443359375
-4.2779296875
-4.08891601563
-4.01474609375
-3.95493164063
-3.80419921875
-3.67260742188
-3.57211914063
-3.50991210938
-3.31850585938
-3.21801757813
-2.9189453125
-2.62705078125
-2.47392578125
-2.30405273438
-2.07436523438
-2.00737304688
-2.086328125
-2.05283203125
-2.3064453125
-2.42368164063
-2.49067382813
-2.56005859375
-2.60791015625
-2.55048828125
-2.48110351563
-2.4404296875
-2.29926757813
-2.27534179688
-1.99301757813
-1.894921875
-1.9140625
-1.78486328125
-1.62216796875
-1.44272460938
-1.45229492188
-1.42358398438
-1.473828125
-1.51450195313
-1.62934570313
-1.55278320313
-1.45708007813
-1.33984375
-1.11733398438
-1.0431640625
-0.916357421875
-0.696240234375
-0.74169921875
-0.701025390625
-0.595751953125
-0.576611328125
-0.576611328125
-0.56943359375
-0.634033203125
-0.72255859375
-0.830224609375
-0.854150390625
-0.84697265625
-0.79912109375
-0.681884765625
-0.303857421875
0.184228515625
0.4498046875
0.854150390625
1.25610351562
1.473828125
1.64609375
2.124609375
2.34233398438
2.4595703125
2.7466796875
2.90458984375
2.9763671875
3.11513671875
3.07446289063
3.27065429688
3.22758789063
3.46684570313
3.53862304688
3.65107421875
3.84008789063
3.86401367188
3.9525390625
3.81376953125
3.7994140625
3.74438476563
3.81376953125
3.81616210938
3.93579101563
4.01235351563
4.00278320313
4.09848632813
4.12719726562
4.24921875
4.35688476563
4.38081054688
4.40712890625
4.40712890625
4.42387695313
4.40473632813
4.48369140625
4.41669921875
4.33056640625
4.30903320313
4.36645507812
4.39995117188
4.37841796875
4.306640625
4.3162109375
4.268359375
4.19658203125
4.21572265625
4.21572265625
4.15590820313
4.191796875
4.30185546875
4.32099609375
4.34970703125
4.39995117188
4.48608398438
4.49565429688
4.5267578125
4.54350585938
4.53872070313
4.57221679688
4.56743164063
4.56982421875
4.56743164063
4.58178710938
4.4884765625
4.71577148438
4.71098632813
4.68227539063
4.68706054688
4.70380859375
4.70380859375
4.7373046875
4.62006835938
4.78515625
4.8904296875
4.70620117188
4.70141601562
4.65834960938
4.65356445312
4.68227539063
4.48608398438
4.50283203125
4.45258789063
4.51000976562
4.5267578125
4.5171875
4.69663085938
4.69423828125
4.78276367188
4.81147460938
4.75883789063
4.74926757812
4.83540039063
4.84018554688
4.880859375
5.0052734375
5.13447265625
5.20146484375
5.28999023438
5.45029296875
5.55795898438
5.60102539063
5.64887695313
5.6177734375
5.5603515625
5.455078125
5.41918945312
5.25649414063
5.31391601563
5.09858398438
4.92392578125
4.84975585938
4.67749023438
4.536328125
4.23725585938
4.03627929688
3.675
3.51469726563
3.02421875
2.7849609375
2.45239257812
2.10786132813
1.94995117188
1.64609375
1.50971679688
1.205859375
1.07666015625
0.83740234375
0.6220703125
0.5263671875
0.3923828125
0.294287109375
0.174658203125
0.131591796875
0.1052734375
0.069384765625
0.0478515625
-0.0095703125
-0.016748046875
-0.107666015625
0.050244140625
0.095703125
0.102880859375
0.122021484375
0.289501953125
0.45458984375
0.3923828125
0.327783203125
0.490478515625
0.389990234375
0.36845703125
0.332568359375
0.308642578125
0.27275390625
0.34931640625
0.083740234375
0.03349609375
0.131591796875
0.1244140625
-0.07177734375
0.01435546875
0.050244140625
-0.026318359375
-0.088525390625
-0.117236328125
-0.007177734375
-0.2009765625
-0.260791015625
-0.2966796875
-0.4498046875
-0.55986328125
-0.6986328125
-0.911572265625
-0.98095703125
-1.16279296875
-1.30874023438
-1.45708007813
-1.5025390625
-1.52885742188
-1.56474609375
-1.6556640625
-1.68916015625
-1.81596679688
-1.8853515625
-1.92602539063
-1.98583984375
-2.05283203125
-2.10546875
-2.03608398438
-2.21552734375
-2.20595703125
-2.24184570313
-2.35190429688
-2.3830078125
-2.40932617188
-2.430859375
-2.47631835938
-2.55288085938
-2.48110351563
-2.68447265625
-2.7849609375
-2.80649414063
-2.84956054688
-2.91176757813
-2.95004882813
-3.01704101563
-3.06489257813
-3.12470703125
-3.119921875
-3.12709960938
-3.15102539063
-3.1486328125
-3.15581054688
-3.15581054688
-3.07685546875
-3.01704101563
-3.01943359375
-3.04096679688
-3.05532226563
-3.0529296875
-3.02661132812
-2.98833007813
-2.966796875
-2.98833007813
-3.0625
-3.02182617188
-3.03857421875
-3.04096679688
-3.0337890625
-3.04575195313
-3.03139648438
-3.02182617188
-3.05053710938
-3.06728515625
-3.04814453125
-3.02182617188
-2.95483398438
-2.83041992188
-2.72036132813
-2.73471679688
-2.52416992188
-1.66762695313
-1.65087890625
-1.6173828125
-1.5791015625
-1.55756835938
-1.57192382813
-1.62456054688
-1.69633789063
-1.7896484375
-1.98344726563
-2.13178710938
-2.2107421875
-2.37583007813
-2.35668945312
-2.583984375
-2.71796875
-2.79453125
-2.78974609375
-3.06010742188
-3.32807617188
-3.45249023438
-3.66064453125
-3.90708007813
-4.17026367188
-4.34731445313
-4.4310546875
-4.48129882813
-4.54350585938
-4.59375
-4.6990234375
-4.70859375
-4.70380859375
-4.73251953125
-4.87846679688
-4.91435546875
-5.033984375
-4.91196289063
-5.06748046875
-5.148828125
-5.187109375
-5.14404296875
-5.19189453125
-5.12729492188
-5.05551757813
-5.01005859375
-4.98374023438
-4.93349609375
-4.7755859375
-4.61528320313
-4.2970703125
-4.22290039062
-4.14155273438
-3.84965820313
-3.78984375
-3.69174804688
-3.579296875
-3.25390625
-3.06489257813
-3.005078125
-2.68208007813
-2.4021484375
-2.20595703125
-1.9619140625
-1.9044921875
-1.83510742188
-1.7609375
-1.74897460938
-1.73940429688
-1.74897460938
-1.71787109375
-1.7130859375
-1.78725585938
-1.89970703125
-2.07197265625
-2.296875
-2.39497070313
-2.63901367188
-2.737109375
-2.92612304688
-3.14145507813
-3.2060546875
-3.2634765625
-3.29936523438
-3.196484375
-3.11274414063
-2.928515625
-2.87348632813
-2.6796875
-2.71079101563
-2.73471679688
-2.87109375
-2.94526367188
