1.49536132812
1.397265625
1.54799804688
1.6173828125
1.66284179688
1.60063476563
1.6078125
1.50971679688
1.24653320313
1.0814453125
0.669921875
0.459375
0.165087890625
-0.12919921875
-0.4115234375
-0.590966796875
-0.6794921875
-0.811083984375
-0.729736328125
-0.77041015625
-0.2583984375
0.122021484375
0.2775390625
0.428271484375
0.705810546875
0.887646484375
1.37333984375
1.55756835938
1.94995117188
2.28969726563
2.74907226563
2.92373046875
3.3400390625
3.694140625
3.99321289063
4.0291015625
4.19658203125
4.17983398438
4.04106445313
3.8568359375
3.7228515625
3.67978515625
3.57451171875
3.33764648438
3.35200195313
3.15581054688
3.03857421875
3.00268554688
2.9380859375
2.8998046875
2.94047851563
2.94765625
2.9763671875
3.02182617188
3.07685546875
3.11274414063
3.20366210938
3.29936523438
3.36396484375
3.51469726563
3.579296875
3.7802734375
3.79702148438
4.01713867188
4.27075195312
4.30185546875
4.74448242188
4.89521484375
5.02680664063
5.39765625
5.58188476563
5.94077148438
6.06279296875
6.23745117188
6.278125
6.48627929688
6.29487304688
6.47670898438
6.45517578125
6.46235351563
6.67290039063
6.84516601563
7.23037109375
7.55815429688
7.76870117188
7.809375
7.69213867188
7.50791015625
7.28061523438
6.87387695313
6.82124023438
6.44560546875
6.1919921875
5.71826171875
5.4359375
4.83540039063
4.17026367188
3.77788085938
3.502734375
3.17973632813
2.86391601563
2.75146484375
2.5265625
2.392578125
2.2298828125
2.10068359375
1.88295898438
1.68916015625
1.51450195313
1.473828125
1.15561523438
1.1005859375
0.92353515625
0.71298828125
0.581396484375
0.576611328125
0.55986328125
0.48330078125
0.4115234375
0.327783203125
0.287109375
0.222509765625
0.155517578125
0.11005859375
0.0765625
0.07177734375
0.05263671875
-0.04306640625
-0.14833984375
-0.2201171875
-0.23447265625
-0.236865234375
-0.303857421875
-0.363671875
-0.370849609375
-0.4115234375
-0.45458984375
-0.456982421875
-0.49287109375
-0.6029296875
-0.485693359375
-0.571826171875
-0.593359375
-0.662744140625
-0.7177734375
-0.70341796875
-0.6890625
-0.72255859375
-0.72734375
-0.715380859375
-0.787158203125
-0.772802734375
-0.765625
-0.77041015625
-0.753662109375
-0.768017578125
-0.7943359375
-0.677099609375
-0.6794921875
-0.710595703125
-0.66513671875
-0.6412109375
-0.605322265625
-0.538330078125
-0.55986328125
-0.538330078125
-0.516796875
-0.590966796875
-0.43544921875
-0.42109375
-0.404345703125
-0.356494140625
-0.332568359375
-0.342138671875
-0.265576171875
-0.2009765625
-0.1626953125
-0.303857421875
-0.122021484375
-0.04306640625
-0.011962890625
0.06220703125
0.112451171875
0.12919921875
0.133984375
0.1626953125
0.17705078125
0.1626953125
0.20576171875
0.2296875
0.24404296875
0.251220703125
0.246435546875
0.22490234375
0.217724609375
0.17705078125
0.126806640625
0.055029296875
0.019140625
-0.011962890625
-0.016748046875
-0.126806640625
-0.1435546875
-0.155517578125
-0.26796875
-0.342138671875
-0.385205078125
-0.459375
-0.5359375
-0.5646484375
-0.648388671875
-0.72734375
-0.796728515625
-0.84697265625
-0.902001953125
-1.05034179688
-1.071875
-1.05034179688
-1.20825195312
-1.33745117188
-1.46186523438
-1.56235351563
-1.81596679688
-1.97387695313
-2.12939453125
-2.29208984375
-2.61748046875
-2.70600585938
-2.77060546875
-2.87587890625
-2.95483398438
-3.0337890625
-3.10078125
-3.34482421875
-3.31611328125
-3.273046875
-3.40463867188
-3.51469726563
-3.59125976563
-3.58168945313
-3.7515625
-3.7419921875
-3.78505859375
-3.86879882813
-3.88793945313
-3.86879882813
-3.82573242188
-3.76591796875
-3.69653320313
-3.73481445313
-3.74916992188
-3.74677734375
-3.70849609375
-3.69653320313
-3.70131835938
-3.73481445313
-3.54340820313
-3.46684570313
-3.43813476563
-3.51708984375
-3.23715820313
-3.04814453125
-3.02900390625
-2.8328125
-2.75864257813
-2.65336914063
-2.45239257812
-2.40693359375
-2.37583007813
-2.4404296875
-2.19877929688
-2.11743164062
-2.14135742188
-1.91166992188
-1.84467773438
-1.79921875
-1.71069335938
-1.62934570313
-1.60302734375
-1.63891601563
-1.64130859375
-1.6365234375
-1.6556640625
-1.6939453125
-1.68916015625
-1.74658203125
-1.72265625
-1.665234375
-1.60063476563
-1.17475585938
-0.772802734375
-0.52158203125
-0.20576171875
0.29189453125
2.20356445313
2.28491210938
2.36147460938
2.31123046875
2.57680664063
2.86870117188
2.92612304688
2.775390625
2.53852539063
2.2203125
1.85424804688
1.55517578125
1.46904296875
1.15083007813
1.20107421875
1.01684570312
1.09580078125
1.225
1.071875
0.96181640625
0.906787109375
0.91396484375
0.839794921875
0.801513671875
0.724951171875
0.68427734375
0.648388671875
0.72734375
0.533544921875
0.351708984375
0.19619140625
0.093310546875
-0.002392578125
-0.270361328125
-0.375634765625
-0.504833984375
-0.8517578125
-0.873291015625
-1.11494140625
-1.282421875
-1.44033203125
-1.53125
-1.62456054688
-1.665234375
-1.66762695313
-1.81357421875
-1.83271484375
-1.88056640625
-1.92602539063
-2.01694335938
-2.05043945313
-2.13178710938
-2.14135742188
-2.11982421875
-2.06240234375
-1.97626953125
-1.86860351563
-1.75375976563
-1.60302734375
-1.45947265625
-1.26567382813
-1.13647460938
-1.01923828125
-0.76083984375
-0.701025390625
-0.4115234375
-0.18662109375
-0.055029296875
0.021533203125
0.342138671875
0.5837890625
0.6029296875
0.710595703125
0.873291015625
0.70341796875
0.945068359375
0.945068359375
1.01206054688
1.21064453125
1.22978515625
1.25849609375
1.50493164063
1.38291015625
1.6078125
1.61020507813
1.66284179688
1.61499023438
1.67958984375
1.82075195313
1.5791015625
1.44033203125
1.397265625
1.28481445313
1.20346679688
1.14125976563
1.07666015625
1.05991210938
1.05512695313
1.15561523438
1.21303710938
1.24174804688
1.43315429688
1.65087890625
1.6748046875
1.79443359375
1.9810546875
2.13657226563
2.08393554688
2.26337890625
2.21552734375
2.07197265625
1.94516601563
1.94995117188
1.72504882813
1.69155273438
1.62456054688
1.62216796875
1.63891601563
1.71787109375
1.85185546875
1.91166992188
2.12700195313
2.28969726563
2.39975585938
2.31123046875
2.52416992188
2.75146484375
2.57919921875
2.6318359375
2.67490234375
2.74907226563
2.56245117188
2.5169921875
2.46435546875
2.392578125
2.277734375
2.2107421875
2.16767578125
2.05283203125
1.99301757813
1.97866210938
1.63891601563
1.53125
1.35180664062
1.07666015625
0.897216796875
0.677099609375
0.275146484375
0.031103515625
-0.17705078125
-0.401953125
-0.555078125
-0.746484375
-0.90439453125
-1.02163085938
-1.1388671875
-1.28481445313
-1.39248046875
-1.62216796875
-1.59106445313
-1.64848632813
-1.63891601563
-1.72265625
-1.72265625
-1.69873046875
-1.68916015625
-1.6556640625
-1.59345703125
-1.56235351563
-1.64130859375
-1.58388671875
-1.64130859375
-1.62216796875
-1.6556640625
-1.64848632813
-1.67241210938
-1.64130859375
-1.67719726563
-1.70590820313
-1.72983398438
-1.69633789063
-1.72504882813
-1.79204101563
-1.69155273438
-1.95234375
-2.03608398438
-2.09829101563
-2.17485351563
-2.239453125
-2.15810546875
-2.36147460938
-2.37104492188
-2.47153320313
-2.60073242188
-2.54091796875
-2.37104492188
-2.28491210938
-2.03129882813
-1.971484375
-1.7896484375
-1.6365234375
-1.50971679688
-1.33745117188
-1.3111328125
-0.8517578125
-1.05034179688
