-2.0767578125
-2.19877929688
-2.31123046875
-2.54331054688
-2.92133789063
-2.928515625
-3.2634765625
-3.4357421875
-3.44770507813
-3.78505859375
-3.53623046875
-3.81376953125
-3.74438476563
-3.72763671875
-3.64389648438
-3.40942382813
-3.03139648438
-2.67729492188
-2.38540039063
-1.9044921875
-1.57192382813
-1.30395507812
-1.13647460938
-1.08623046875
-0.968994140625
-1.2154296875
-1.25610351562
-1.27524414063
-1.24174804688
-1.23935546875
-1.27763671875
-1.39965820312
-1.51928710938
-1.56953125
-1.72744140625
-1.95234375
-2.05283203125
-2.04086914063
-2.18681640625
-2.21552734375
-2.08872070313
-2.048046875
-2.09111328125
-2.08872070313
-2.08872070313
-2.124609375
-2.20356445313
-2.22509765625
-2.36147460938
-2.40932617188
-2.53374023438
-2.64140625
-2.87348632813
-3.00986328125
-3.3208984375
-3.47880859375
-3.65107421875
-3.86879882813
-3.86879882813
-4.08891601563
-4.12958984375
-4.19897460938
-4.2205078125
-4.22768554688
-4.18701171875
-4.1439453125
-4.05063476563
-4.00278320313
-3.9716796875
-3.71806640625
-3.41420898438
-3.19409179688
-3.10317382813
-2.94526367188
-2.82084960938
-2.62944335938
-2.603125
-2.47153320313
-2.4212890625
-2.39018554688
-2.29448242188
-2.20356445313
-2.2298828125
-2.18920898438
-2.0767578125
-2.06479492188
-2.04086914063
-2.00737304688
-2.02172851562
-2.02412109375
-2.009765625
-1.95473632813
-2.12221679688
-2.24184570313
-2.39497070313
-2.4595703125
-2.46435546875
-2.68447265625
-2.79213867188
-3.09599609375
-3.24912109375
-3.40942382813
-3.51708984375
-3.58408203125
-3.80419921875
-3.9333984375
-4.06020507813
-4.15112304688
-4.26357421875
-4.2779296875
-4.3353515625
-4.33774414063
-4.35927734375
-4.4310546875
-4.44541015625
-4.09130859375
-4.10087890625
-4.1822265625
-4.0291015625
-3.68217773438
-3.617578125
-3.58647460938
-3.273046875
-3.119921875
-2.9189453125
-2.78974609375
-2.48349609375
-2.23227539063
-2.0671875
-1.703515625
-1.48579101563
-1.14365234375
-0.7751953125
-0.418701171875
-0.251220703125
0.15791015625
0.356494140625
0.53115234375
0.85654296875
0.93310546875
1.18911132813
1.358984375
1.57431640625
1.67001953125
1.79443359375
1.8279296875
1.933203125
2.01455078125
2.0001953125
2.2203125
2.28251953125
2.48349609375
2.56005859375
2.5552734375
2.51220703125
2.59594726562
2.74907226563
2.80888671875
2.8998046875
2.95483398438
2.92133789063
3.08642578125
3.08403320313
3.15341796875
3.19887695313
3.20126953125
3.22998046875
3.24912109375
3.27065429688
3.32807617188
3.31850585938
3.30654296875
3.42377929688
3.42856445313
3.4740234375
3.51948242188
3.62954101563
3.67978515625
3.68217773438
3.82333984375
3.93818359375
4.03627929688
4.1248046875
4.24682617188
4.306640625
4.3353515625
4.38559570313
4.47412109375
4.459765625
4.68706054688
4.75883789063
4.90478515625
4.95981445313
4.83779296875
4.88325195313
5.02202148438
4.95981445313
4.96220703125
4.90239257813
4.85693359375
4.72294921875
4.746875
4.70620117188
4.64877929688
4.56264648438
4.63442382813
4.47651367188
4.34252929688
4.21572265625
4.08891601563
3.96928710938
3.68935546875
3.59365234375
3.31850585938
3.15581054688
2.98833007813
2.91655273438
2.87827148438
2.72036132813
2.79931640625
2.89501953125
2.87109375
2.66533203125
2.78974609375
2.775390625
2.87587890625
2.79453125
2.71796875
2.68447265625
2.66772460938
2.4212890625
2.38061523438
2.354296875
2.18920898438
2.10307617188
1.94755859375
2.13178710938
1.85903320313
1.76811523438
1.684375
1.56713867188
1.37094726563
1.34223632813
1.473828125
1.46904296875
1.473828125
1.741796875
1.81118164063
1.88295898438
1.99301757813
2.12939453125
2.12221679688
2.08154296875
1.91884765625
1.81118164063
1.43793945313
1.24653320313
1.01923828125
0.595751953125
0.33017578125
0.232080078125
-0.083740234375
-0.155517578125
-0.193798828125
-0.246435546875
-0.20576171875
-0.399560546875
-0.41630859375
-0.380419921875
-0.447412109375
-0.58857421875
-0.669921875
-0.76083984375
-0.8421875
-0.873291015625
-0.954638671875
-0.959423828125
-0.911572265625
-0.8900390625
-0.892431640625
-0.892431640625
-0.854150390625
-0.83740234375
-0.82783203125
-0.7751953125
-0.7560546875
-0.643603515625
-0.5072265625
-0.42109375
-0.325390625
-0.10048828125
0.172265625
0.35888671875
0.6029296875
0.88046875
0.992919921875
1.28959960938
1.41162109375
1.6173828125
1.67958984375
1.83032226563
1.87338867188
1.90688476563
1.85424804688
1.76572265625
1.61977539063
1.32788085938
1.12690429688
0.82783203125
0.753662109375
0.401953125
0.2966796875
0.179443359375
0.117236328125
-0.133984375
-0.17705078125
-0.21533203125
-0.248828125
-0.308642578125
-0.337353515625
-0.332568359375
-0.456982421875
-0.33017578125
-0.3349609375
-0.172265625
-0.1818359375
-0.32060546875
-0.30146484375
-0.2201171875
-0.45458984375
-0.523974609375
-0.65078125
-0.746484375
-0.90439453125
-1.13647460938
-1.20107421875
-1.26328125
-1.3302734375
-1.45708007813
-1.48579101563
-1.4642578125
-1.53603515625
-1.5599609375
-1.45947265625
-1.43076171875
-1.31831054688
-1.30874023438
-1.13168945313
-1.01923828125
-1.00727539063
-0.825439453125
-0.73212890625
-0.72255859375
-0.476123046875
-0.413916015625
-0.2966796875
-0.26318359375
-0.27275390625
-0.2966796875
-0.29189453125
-0.222509765625
-0.155517578125
-0.14833984375
-0.13876953125
-0.172265625
-0.14833984375
-0.14833984375
-0.210546875
-0.2009765625
-0.212939453125
-0.236865234375
-0.174658203125
-0.366064453125
-0.363671875
-0.4498046875
-0.52158203125
-0.59814453125
-0.686669921875
-0.739306640625
-0.84697265625
-0.863720703125
-0.97138671875
-1.0431640625
-1.16997070313
-1.27524414063
-1.33984375
-1.62456054688
-1.7896484375
-1.9236328125
-2.0193359375
-2.16528320312
-2.23227539063
-2.41171875
-2.45478515625
-2.50502929688
-2.6126953125
-2.76821289063
-2.966796875
-2.966796875
-3.0529296875
-3.13188476563
-3.17495117188
-3.18930664063
-3.25151367188
-3.2921875
-3.27065429688
-3.311328125
-3.387890625
-3.40224609375
-3.47641601563
-3.52426757813
-3.59365234375
-3.63671875
-3.68935546875
-3.76591796875
-3.75634765625
-3.76352539063
-3.77548828125
-3.8185546875
-3.85922851563
-3.847265625
-3.87358398438
-3.90229492188
-3.94057617188
-3.94536132813
-3.90947265625
-3.8759765625
-3.78984375
-3.73720703125
-3.81376953125
-3.60561523438
-3.5505859375
-3.40703125
-3.3400390625
-3.24672851563
-3.19887695313
-3.10556640625
-3.0720703125
-3.02421875
-3.00747070313
-2.97158203125
-2.94047851563
-2.93330078125
-2.87587890625
-2.8806640625
-2.85434570313
-2.97158203125
-2.94287109375
-2.94526367188
-2.94287109375
-2.9955078125
-3.02900390625
-3.04575195313
-2.966796875
-3.00029296875
-2.91655273438
-3.07446289063
-3.07446289063
-3.081640625
-3.09838867188
-3.15102539063
-3.14384765625
-3.12709960938
-3.31372070313
-3.24194335938
-3.4453125
-3.5123046875
-3.63671875
-3.72763671875
-3.72763671875
-3.91186523438
-3.962109375
-4.07456054688
-4.12719726562
-4.12241210938
-4.09848632813
-4.05541992188
-4.03627929688
-3.98364257813
-3.97646484375
-4.03149414062
-4.05063476563
-4.07456054688
-4.14633789063
-4.13916015625
-4.28510742188
-4.1630859375
-4.16069335938
-4.17026367188
-4.18461914063
-4.230078125
-4.306640625
-4.37841796875
-4.49565429688
-4.804296875
-4.880859375
-4.95502929688
-5.01484375
-5.05073242188
-5.08662109375
