-1.01923828125
-1.06948242188
-0.861328125
-0.8134765625
-0.763232421875
-0.744091796875
-0.765625
-0.61728515625
-0.538330078125
-0.552685546875
-0.528759765625
-0.547900390625
-0.6125
-0.677099609375
-0.705810546875
-0.81826171875
-0.937890625
-1.0623046875
-1.1771484375
-1.2728515625
-1.2728515625
-1.44990234375
-1.5408203125
-1.51450195313
-1.38530273438
-1.48818359375
-1.48579101563
-1.46665039063
-1.39487304688
-1.52407226563
-1.20825195312
-1.31352539063
-1.14125976563
-1.13168945313
-0.930712890625
-0.899609375
-0.830224609375
-0.78955078125
-0.80390625
-0.768017578125
-0.657958984375
-0.66513671875
-0.624462890625
-0.5646484375
-0.5263671875
-0.504833984375
-0.423486328125
-0.380419921875
-0.380419921875
-0.3923828125
-0.44501953125
-0.313427734375
-0.509619140625
-0.586181640625
-0.65078125
-0.7369140625
-0.80869140625
-0.83740234375
-0.911572265625
-0.9283203125
-1.06708984375
-1.129296875
-1.07666015625
-1.3876953125
-1.397265625
-1.6748046875
-1.70590820313
-1.89252929688
-2.0958984375
-2.19877929688
-2.55048828125
-2.74907226563
-2.92373046875
-2.98115234375
-3.13666992188
-3.20844726563
-3.25869140625
-3.34482421875
-3.273046875
-3.22041015625
-3.09599609375
-2.9763671875
-2.78974609375
-2.71557617188
-2.6318359375
-2.64858398438
-2.52416992188
-2.63422851563
-2.65336914063
-2.7466796875
-2.83999023438
-2.8806640625
-2.9763671875
-2.91176757813
-3.0912109375
-3.1103515625
-3.158203125
-3.19169921875
-3.19409179688
-3.21083984375
-3.30654296875
-3.38310546875
-3.24672851563
-3.43334960938
-3.49077148438
-3.50512695313
-3.54819335938
-3.37114257813
-3.53383789063
-3.46206054688
-3.4931640625
-3.31372070313
-3.29936523438
-3.03139648438
-2.83999023438
-2.80649414063
-2.52895507813
-2.3638671875
-2.1724609375
-2.13178710938
-1.7896484375
-1.665234375
-1.52646484375
-1.25131835938
-1.34223632813
-1.08862304688
-1.24174804688
-1.19868164063
-1.05991210938
-1.10537109375
-1.04077148438
-1.01923828125
-0.9283203125
-0.815869140625
-0.791943359375
-0.442626953125
-0.433056640625
-0.50244140625
-0.287109375
-0.456982421875
-0.52158203125
-0.4689453125
-0.519189453125
-0.538330078125
-0.64599609375
-0.638818359375
-0.65556640625
-0.715380859375
-0.7369140625
-0.763232421875
-0.796728515625
-0.82783203125
-0.916357421875
-0.88525390625
-0.882861328125
-0.899609375
-0.85654296875
-1.00727539063
-0.93310546875
-0.701025390625
-0.600537109375
-0.509619140625
-0.62685546875
-0.662744140625
-0.54072265625
-0.26318359375
-0.141162109375
-0.122021484375
0.08134765625
0.289501953125
0.605322265625
0.983349609375
1.08383789063
1.83510742188
2.13657226563
2.09829101563
3.18930664063
3.502734375
3.70610351563
3.86879882813
4.07934570312
4.25161132813
4.440625
4.19418945313
4.44301757813
4.40712890625
4.2396484375
3.98603515625
3.95493164063
3.7419921875
3.59125976563
3.50991210938
3.18452148438
3.311328125
3.02900390625
3.05532226563
3.00986328125
3.00747070313
2.95483398438
2.88784179688
2.91416015625
2.85913085938
2.87827148438
2.89262695313
2.89262695313
2.890234375
2.87587890625
2.89262695313
2.90698242188
2.8615234375
2.88544921875
2.71557617188
2.67729492188
2.72036132813
2.38061523438
2.20595703125
2.11025390625
1.9619140625
1.76333007813
1.6748046875
1.50014648438
1.26567382813
0.8708984375
0.669921875
0.440234375
0.193798828125
-0.1244140625
-0.23447265625
-0.567041015625
-0.710595703125
-0.839794921875
-1.0048828125
-1.18911132813
-1.3302734375
-1.5216796875
-1.684375
-1.79443359375
-1.92124023438
-2.08393554688
-2.2298828125
-2.32319335938
-2.47392578125
-2.69643554688
-3.08642578125
-3.17255859375
-3.36635742188
-3.521875
-3.7228515625
-3.93818359375
-3.98603515625
-4.03149414062
-4.06259765625
-4.06259765625
-4.06259765625
-4.12241210938
-4.115234375
-4.2109375
-4.24204101563
-4.268359375
-4.39755859375
-4.4501953125
-4.50043945313
-4.55546875
-4.6224609375
-4.6607421875
-4.66313476563
-4.70141601562
-4.73491210938
-4.6224609375
-4.83540039063
-4.7947265625
-4.77319335938
-4.78037109375
-4.69663085938
-4.67270507813
-4.6033203125
-4.58178710938
-4.57221679688
-4.51000976562
-4.498046875
-4.3736328125
-4.31860351562
-4.22290039062
-4.17265625
-4.0865234375
-4.0673828125
-4.0673828125
-4.09609375
-3.91904296875
-3.88315429688
-3.74438476563
-3.675
-3.53862304688
-3.50751953125
-3.47641601563
-3.3974609375
-3.39028320313
-3.36157226563
-3.36396484375
-3.3208984375
-3.24672851563
-3.215625
-3.1869140625
-3.16298828125
-3.10317382813
-3.06967773438
-3.05053710938
-2.96918945313
-2.95244140625
-3.03618164063
-3.00747070313
-2.92612304688
-2.91655273438
-2.89741210938
-2.78974609375
-2.7275390625
-2.79453125
-2.77299804688
-2.69643554688
-2.64619140625
-2.65815429688
-2.6318359375
-2.57680664063
-2.56005859375
-2.57202148438
-2.59116210938
-2.61030273438
-2.57680664063
-2.54331054688
-2.50024414062
-2.50502929688
-2.40454101562
-2.35190429688
-2.39975585938
-2.18681640625
-2.25859375
-2.05522460938
-2.01215820313
-1.97866210938
-1.91166992188
-1.95952148438
-1.7609375
-1.69633789063
-1.66762695313
-1.64130859375
-1.43793945313
-1.43793945313
-1.43315429688
-1.38051757813
-1.36376953125
-1.33745117188
-1.34702148438
-1.36376953125
-1.3111328125
-1.33745117188
-1.320703125
-1.32309570313
-1.36616210938
-1.47143554688
-1.4833984375
-1.47143554688
-1.51928710938
-1.57192382813
-1.512109375
-1.50971679688
-1.50493164063
-1.53125
-1.54799804688
-1.3876953125
-1.41401367188
-1.58388671875
-1.58388671875
-1.684375
-1.74418945313
-1.78247070313
-1.93798828125
-1.990625
-2.10068359375
-2.18920898438
-2.25859375
-2.29208984375
-2.38061523438
-2.45478515625
-2.50024414062
-2.53852539063
-2.56723632813
-2.72993164063
-2.56245117188
-2.55048828125
-2.5361328125
-2.49545898438
-2.49067382813
-2.49545898438
-2.45717773438
-2.44282226563
-2.5169921875
-2.6126953125
-2.64140625
-2.64379882812
-2.85913085938
-3.0146484375
-3.15581054688
-3.2443359375
-3.39028320313
-3.51948242188
-3.55537109375
-3.78984375
-3.84248046875
-4.06259765625
-4.17265625
-4.17265625
-4.13198242188
-4.13676757813
-4.14155273438
-4.27314453125
-4.06499023438
-3.98603515625
-3.9525390625
-3.9333984375
-3.847265625
-3.79702148438
-3.79462890625
-3.51708984375
-3.4357421875
-3.40942382813
-3.24194335938
-3.20844726563
-3.14145507813
-3.07924804688
-2.98115234375
-2.99790039063
-3.04575195313
-2.81127929688
-2.92612304688
-3.15581054688
-2.98115234375
-2.61508789063
-2.8806640625
-2.94287109375
-2.79931640625
-2.75385742188
-2.69165039062
-2.63662109375
-2.73232421875
-2.4978515625
-2.38540039063
-2.2203125
-2.11264648438
-2.00258789063
-1.933203125
-1.8470703125
-1.780078125
-1.77768554688
-1.73701171875
-1.741796875
-1.7513671875
-1.741796875
-1.45708007813
-1.30874023438
-1.04077148438
-0.576611328125
-0.322998046875
-0.1052734375
0.12919921875
0.35888671875
0.605322265625
0.677099609375
1.0048828125
1.1197265625
1.33266601563
1.60302734375
1.6078125
1.85424804688
2.13896484375
2.38779296875
2.62465820313
2.6796875
3.00986328125
3.08881835938
3.36635742188
3.71567382813
3.73481445313
3.91904296875
3.9908203125
4.06977539063
4.21572265625
4.27075195312
4.3640625
4.4119140625
4.41669921875
4.4501953125
4.52915039063
4.62485351563
4.62963867188
4.89282226562
4.97895507813
5.00288085938
5.12490234375
5.2349609375
5.31870117188
