3.81616210938
4.00756835938
4.30424804688
4.498046875
4.6703125
5.14165039063
5.4359375
6.0388671875
6.38100585938
6.46953125
6.526953125
6.20874023438
5.8666015625
5.21821289063
4.6607421875
3.72524414063
2.94287109375
2.46674804688
2.07197265625
1.3494140625
1.06708984375
0.662744140625
0.523974609375
0.14833984375
0.095703125
-0.0669921875
-0.208154296875
-0.35888671875
-0.41630859375
-0.4880859375
-0.495263671875
-0.56943359375
-0.401953125
-0.26318359375
-0.126806640625
-0.09091796875
0.021533203125
0.016748046875
0.095703125
0.150732421875
0.260791015625
0.3828125
0.394775390625
0.4880859375
0.7177734375
0.744091796875
0.835009765625
0.99052734375
1.16279296875
1.33745117188
1.4546875
1.4833984375
1.54321289063
1.51689453125
1.38291015625
1.6365234375
1.67719726563
1.78247070313
1.88774414063
1.9619140625
2.10068359375
2.13657226563
2.1533203125
2.18920898438
2.201171875
2.13657226563
2.14375
2.086328125
2.05043945313
1.9810546875
1.91884765625
1.98823242188
1.69873046875
1.64370117188
1.58388671875
1.29438476563
1.18432617188
0.9953125
0.906787109375
0.772802734375
0.57900390625
0.078955078125
-0.021533203125
-0.318212890625
-0.8900390625
-0.830224609375
-0.899609375
-0.911572265625
-0.825439453125
-0.90439453125
-0.89482421875
-0.8326171875
-0.7943359375
-0.873291015625
-1.18911132813
-1.358984375
-1.48818359375
-1.64370117188
-1.83271484375
-2.04565429688
-2.23706054688
-2.35908203125
-2.698828125
-2.86870117188
-2.95244140625
-3.13188476563
-3.387890625
-3.68696289063
-3.8759765625
-4.01953125
-4.00756835938
-4.32099609375
-4.3640625
-4.33774414063
-4.55307617188
-4.72534179688
-4.78515625
-4.93349609375
-4.96220703125
-5.01484375
-5.0244140625
-4.88325195313
-4.8521484375
-4.63681640625
-4.50522460938
-4.18461914063
-4.01235351563
-3.7994140625
-3.67739257813
-3.64389648438
-3.16059570313
-2.9955078125
-2.65815429688
-2.40693359375
-2.0001953125
-1.7705078125
-1.43076171875
-1.06469726562
-0.861328125
-0.547900390625
-0.440234375
-0.133984375
0.02392578125
0.169873046875
0.42109375
0.54072265625
0.758447265625
0.835009765625
1.0431640625
1.091015625
1.11733398438
1.32548828125
1.39008789063
1.43315429688
1.47143554688
1.47622070313
1.45708007813
1.46904296875
1.17236328125
1.06708984375
0.7369140625
0.543115234375
0.141162109375
-0.031103515625
-0.246435546875
-0.581396484375
-0.708203125
-1.1005859375
-1.36376953125
-1.63891601563
-1.9236328125
-2.1150390625
-2.22509765625
-2.31840820313
-2.53374023438
-2.71079101563
-2.851953125
-2.87348632813
-2.84956054688
-2.83999023438
-2.78256835938
-2.73950195312
-2.71557617188
-2.63901367188
-2.6796875
-2.69404296875
-2.6318359375
-2.59833984375
-2.583984375
-2.53134765625
-2.57202148438
-2.37583007813
-2.35190429688
-2.19877929688
-2.124609375
-2.1150390625
-1.89013671875
-1.91884765625
-1.6748046875
-1.62216796875
-1.49536132812
-1.42119140625
-1.21064453125
-1.14604492188
-1.071875
-0.7751953125
-0.55986328125
-0.064599609375
0.08134765625
0.26796875
0.61728515625
0.765625
1.0623046875
1.21782226563
1.45947265625
1.56713867188
1.57670898438
1.84467773438
1.9140625
1.96909179688
2.0384765625
2.12700195313
2.17963867188
2.2298828125
2.23706054688
2.26577148438
2.23466796875
2.239453125
2.18920898438
2.21791992188
2.20834960938
2.2298828125
2.21791992188
2.21791992188
2.18920898438
2.15571289063
2.277734375
2.124609375
2.02890625
1.9427734375
1.88774414063
1.88774414063
1.8470703125
1.80400390625
1.7322265625
1.7322265625
1.67719726563
1.66044921875
1.67001953125
1.67001953125
1.665234375
1.63413085938
1.63413085938
1.59584960938
1.55756835938
1.48100585938
1.48100585938
1.39487304688
1.36616210938
1.320703125
1.3015625
1.3015625
1.31831054688
1.29677734375
1.29916992188
1.29916992188
1.32548828125
1.32788085938
1.27524414063
1.27524414063
1.24174804688
1.25610351562
1.24174804688
1.24174804688
1.23217773438
1.26567382813
1.3015625
1.3015625
1.3685546875
1.46665039063
1.50971679688
1.50971679688
1.57670898438
1.68676757813
1.73461914063
1.73461914063
1.71069335938
1.72983398438
1.77290039063
1.77290039063
1.80161132813
1.87338867188
1.9044921875
1.9044921875
1.91645507813
1.95473632813
1.99301757813
1.99301757813
2.06000976563
2.10786132813
2.10786132813
2.10786132813
2.14135742188
2.19638671875
2.22749023438
2.22749023438
2.23227539063
2.24423828125
2.277734375
2.277734375
2.30166015625
2.31123046875
2.3064453125
2.3064453125
2.3064453125
2.29208984375
2.316015625
2.316015625
2.3447265625
2.34951171875
2.34233398438
2.34233398438
2.33276367188
2.32797851563
2.44521484375
2.29208984375
2.25859375
2.2873046875
2.14853515625
2.30166015625
2.239453125
2.18681640625
2.17485351563
2.17485351563
2.162890625
2.18442382813
2.27294921875
2.27294921875
2.34711914063
2.43803710938
2.33515625
2.48828125
2.51938476563
2.57202148438
2.59594726562
2.59594726562
2.60791015625
2.622265625
2.69165039062
2.69165039062
2.72993164063
2.75864257813
2.8423828125
2.8423828125
2.89262695313
2.93090820312
2.97158203125
2.97158203125
3.0146484375
3.11513671875
3.11513671875
3.22998046875
3.27783203125
3.32568359375
3.32568359375
3.38549804688
3.44291992188
3.5123046875
3.5123046875
3.52905273438
3.50034179688
3.48837890625
3.52426757813
3.54580078125
3.54819335938
3.54340820313
3.5314453125
3.49077148438
3.4166015625
3.42377929688
3.4548828125
3.44291992188
3.47641601563
3.48598632813
3.50751953125
3.53862304688
3.67978515625
3.90708007813
3.91904296875
3.92143554688
4.16069335938
4.35927734375
4.50283203125
4.69663085938
4.804296875
4.99091796875
5.14404296875
5.1966796875
5.2828125
5.45747070313
5.46704101562
5.50532226563
5.43833007813
5.37612304688
5.20146484375
5.1775390625
5.11772460938
5.03876953125
4.93828125
4.766015625
4.72055664063
4.7181640625
4.47412109375
4.32338867188
4.21572265625
4.10327148438
3.9908203125
3.90947265625
3.87119140625
3.8568359375
3.76352539063
3.71567382813
3.655859375
3.61518554688
3.60322265625
3.61997070313
3.38310546875
3.32807617188
3.45009765625
3.36635742188
3.14145507813
3.07446289063
3.0337890625
2.98115234375
2.79692382813
2.72036132813
2.60551757813
2.58159179688
2.53852539063
2.39736328125
2.36147460938
2.41171875
2.25620117188
2.2298828125
2.15571289063
2.05043945313
1.90927734375
1.86142578125
1.78247070313
1.73701171875
1.77290039063
1.57670898438
1.56235351563
1.48579101563
1.47143554688
1.41640625
1.35419921875
1.3015625
1.24174804688
1.20107421875
1.14125976563
1.08623046875
1.0431640625
1.00727539063
0.95703125
0.854150390625
0.89482421875
0.6986328125
0.6986328125
0.58857421875
0.516796875
0.423486328125
0.38759765625
0.33017578125
0.270361328125
0.19619140625
0.2201171875
0.2583984375
0.19140625
0.12919921875
0.0669921875
0.0478515625
0.040673828125
0.050244140625
0.074169921875
0.102880859375
0.133984375
0.11005859375
0.14833984375
0.1244140625
0.0765625
0.10048828125
0.136376953125
0.150732421875
0.179443359375
0.24404296875
0.287109375
0.27275390625
0.325390625
0.452197265625
