-2.70600585938
-2.72036132813
-2.73471679688
-2.70361328125
-2.71557617188
-2.72275390625
-2.775390625
-2.82802734375
-2.83759765625
-2.89501953125
-2.93090820312
-2.928515625
-2.909375
-2.94526367188
-2.99311523438
-3.02900390625
-3.0529296875
-3.08642578125
-3.05053710938
-3.12470703125
-3.158203125
-3.04575195313
-3.03618164063
-2.79453125
-2.7658203125
-3.65107421875
-3.72763671875
-3.64150390625
-3.80419921875
-3.8951171875
-3.94536132813
-4.10087890625
-4.10327148438
-4.24921875
-4.29467773438
-4.48369140625
-4.612890625
-4.7755859375
-4.89760742188
-5.09140625
-5.10815429688
-5.26606445313
-5.3115234375
-5.39047851563
-5.66323242188
-5.75893554688
-6.0197265625
-6.12021484375
-6.41928710938
-6.51977539063
-6.66572265625
-6.75424804688
-6.756640625
-6.84038085938
-6.95522460938
-7.024609375
-7.1681640625
-7.09638671875
-7.05810546875
-7.03178710938
-6.93129882813
-6.56762695313
-6.29487304688
-5.95991210938
-5.26606445313
-5.00288085938
-4.22529296875
-3.78984375
-3.00029296875
-2.430859375
-1.71787109375
-1.01923828125
-0.476123046875
0.074169921875
0.327783203125
0.73212890625
0.85654296875
0.9474609375
0.937890625
0.873291015625
0.81826171875
0.787158203125
0.6890625
0.686669921875
0.7560546875
0.830224609375
0.815869140625
1.052734375
1.1005859375
1.07426757813
1.05991210938
1.03359375
0.95703125
0.787158203125
0.5072265625
0.356494140625
0.248828125
0.05263671875
-0.021533203125
0.02392578125
-0.026318359375
-0.083740234375
0.0095703125
0.08134765625
-0.031103515625
-0.172265625
-0.122021484375
-0.184228515625
-0.256005859375
-0.452197265625
-0.739306640625
-0.91875
-1.01923828125
-1.12451171875
-1.19389648438
-1.27763671875
-1.42119140625
-1.41162109375
-1.61020507813
-1.65805664063
-1.82314453125
-1.74897460938
-1.72026367188
-1.91166992188
-1.91645507813
-1.96669921875
-2.04086914063
-2.06240234375
-2.16528320312
-2.06000976563
-2.08872070313
-1.99780273438
-1.98344726563
-1.703515625
-1.4259765625
-1.2919921875
-1.06948242188
-0.576611328125
-0.23447265625
0.0
0.58857421875
0.90439453125
1.05034179688
1.2537109375
1.49057617188
1.5982421875
1.55517578125
1.66044921875
1.76811523438
1.89970703125
1.87578125
2.19638671875
2.29926757813
2.58637695313
2.6318359375
2.63662109375
2.72514648438
2.82084960938
2.89262695313
2.8615234375
2.69404296875
2.6318359375
2.63901367188
2.64619140625
2.65576171875
2.6318359375
2.56245117188
2.54331054688
2.6318359375
2.78735351562
2.82802734375
2.83759765625
2.89262695313
2.64140625
2.7083984375
2.88784179688
3.17016601563
3.3974609375
3.56015625
3.78745117188
3.87836914063
4.04106445313
4.55546875
4.86411132813
5.1201171875
5.45268554688
5.6751953125
5.723046875
5.88095703125
5.94794921875
6.01733398438
6.105859375
6.16567382813
6.16328125
6.20634765625
6.22788085938
6.37861328125
6.297265625
6.29487304688
6.22788085938
6.1345703125
6.17524414063
6.18481445313
6.25659179688
6.40971679688
6.24223632813
5.94794921875
5.59145507813
5.02202148438
4.70859375
4.41909179688
4.12719726562
3.89033203125
3.77309570313
3.6462890625
3.74438476563
3.77548828125
3.72045898438
3.94775390625
3.91904296875
3.86401367188
3.95732421875
3.73002929688
3.76591796875
3.70131835938
3.579296875
3.26108398438
3.119921875
3.01704101563
2.90219726563
2.72993164063
2.67490234375
2.59116210938
2.41171875
2.35190429688
1.97387695313
1.78486328125
0.992919921875
0.590966796875
-0.160302734375
-0.705810546875
-0.940283203125
-2.27055664063
-2.73232421875
-2.87348632813
-2.85913085938
-2.622265625
-2.316015625
-1.91645507813
-1.47622070313
-1.09819335938
-0.978564453125
-0.861328125
-0.748876953125
-0.796728515625
-0.7751953125
-0.6603515625
-0.811083984375
-0.930712890625
-1.27524414063
-1.46665039063
-1.94038085938
-2.1724609375
-2.5552734375
-2.79213867188
-3.10795898438
-3.48837890625
-3.65825195313
-3.808984375
-3.91186523438
-3.98125
-3.77309570313
-3.56015625
-3.5314453125
-3.77548828125
-3.7611328125
-3.6080078125
-3.48120117188
-3.34243164063
-3.28022460938
-3.39267578125
-3.63193359375
-3.69174804688
-3.82094726563
-4.06499023438
-4.2875
-4.50522460938
-4.70859375
-5.07465820313
-5.31391601563
-5.81157226563
-6.04365234375
-6.20874023438
-6.19677734375
-6.00297851563
-5.723046875
-5.45747070313
-5.24692382813
-5.03876953125
-4.76840820313
-4.72294921875
-4.48608398438
-4.41430664062
-4.43344726563
-4.15590820313
-4.0291015625
-3.95493164063
-3.69174804688
-3.48120117188
-3.005078125
-2.75146484375
-1.05991210938
-0.332568359375
0.035888671875
0.083740234375
-0.547900390625
-0.964208984375
-2.14135742188
-2.59116210938
-2.84716796875
-3.19887695313
-3.27783203125
-3.10556640625
-2.73232421875
-2.44521484375
-2.0001953125
-1.48818359375
-0.669921875
-0.016748046875
0.562255859375
1.26088867188
1.82553710938
2.06479492188
2.33994140625
2.41411132813
2.59594726562
2.44521484375
2.47153320313
2.5361328125
2.44760742188
2.3255859375
2.23227539063
2.05522460938
2.01694335938
1.8853515625
1.85903320313
1.7896484375
1.79682617188
1.9140625
1.96669921875
2.09350585938
2.12221679688
2.0001953125
2.22749023438
2.33754882813
2.45239257812
2.49545898438
2.72514648438
2.72514648438
2.8806640625
2.99072265625
3.03139648438
3.15341796875
3.20366210938
3.30893554688
3.40942382813
3.53383789063
3.7994140625
3.91904296875
4.10087890625
4.25400390625
4.39755859375
4.59853515625
4.97895507813
5.20385742188
5.52446289063
5.70151367188
5.87377929688
6.16567382813
6.12739257813
6.03408203125
6.0005859375
5.86420898438
5.95034179688
5.84985351562
5.8953125
5.98623046875
6.03408203125
6.09150390625
6.11064453125
5.799609375
5.48139648438
4.9765625
4.574609375
4.22290039062
4.06020507813
3.67978515625
3.50512695313
3.24912109375
2.94526367188
2.79931640625
2.50024414062
2.34233398438
2.11264648438
2.02651367188
1.86142578125
1.53125
1.39965820312
1.07666015625
0.98095703125
0.748876953125
0.677099609375
0.528759765625
0.418701171875
0.401953125
0.203369140625
0.153125
0.08134765625
0.007177734375
0.01435546875
0.0
0.11484375
-0.102880859375
-0.074169921875
0.069384765625
0.133984375
0.01435546875
0.212939453125
0.15791015625
0.57900390625
0.614892578125
0.77998046875
0.787158203125
0.868505859375
0.959423828125
0.92353515625
1.03837890625
1.04555664063
1.19150390625
1.2345703125
1.11494140625
1.33266601563
1.25131835938
1.45708007813
1.52407226563
1.49536132812
1.50732421875
1.47861328125
1.45947265625
1.42836914063
1.3876953125
1.39487304688
1.32548828125
1.2345703125
1.1484375
1.0623046875
1.0431640625
0.801513671875
0.71298828125
0.62685546875
0.571826171875
0.459375
0.423486328125
0.361279296875
0.30625
0.260791015625
0.193798828125
0.155517578125
0.15791015625
0.11962890625
0.095703125
0.131591796875
0.0861328125
0.0861328125
0.0861328125
0.021533203125
-0.059814453125
-0.153125
-0.198583984375
-0.19140625
-0.361279296875
-0.3828125
-0.543115234375
-0.56943359375
-0.543115234375
-0.562255859375
-0.5646484375
-0.52158203125
-0.552685546875
-0.543115234375
-0.590966796875
-0.547900390625
-0.57900390625
-0.677099609375
-0.686669921875
-0.63642578125
-0.669921875
-0.6794921875
-0.734521484375
-0.56943359375
