3.9046875
3.95493164063
4.05302734375
4.11284179688
4.14873046875
4.20854492188
4.2587890625
4.28032226563
4.3353515625
4.51958007813
4.35209960938
4.48129882813
4.64399414063
4.68227539063
4.58896484375
4.54829101563
4.134375
4.08891601563
4.1248046875
4.20375976563
4.2396484375
4.30185546875
4.43583984375
4.31381835938
4.33295898438
4.421484375
4.22290039062
4.18701171875
4.19418945313
4.134375
4.13916015625
4.115234375
4.06020507813
4.07456054688
4.07216796875
4.09370117188
4.10327148438
4.01474609375
4.25161132813
4.2779296875
4.41430664062
4.47412109375
4.536328125
4.56743164063
4.61767578125
4.75405273438
4.86171875
5.04594726563
5.1296875
5.21103515625
5.20385742188
5.33305664063
5.25170898438
5.10336914063
5.19428710938
5.03637695312
4.94545898438
4.90717773438
4.82583007813
4.78037109375
4.6703125
4.74448242188
4.5458984375
4.42626953125
4.39038085938
4.05063476563
3.94296875
3.59125976563
3.38310546875
3.26826171875
3.19409179688
3.18930664063
2.9380859375
2.81606445313
2.56005859375
2.37583007813
2.08393554688
1.88056640625
1.7609375
1.61020507813
1.49536132812
1.38530273438
1.36616210938
1.23935546875
1.23217773438
1.25131835938
1.22978515625
1.15561523438
1.18432617188
1.14125976563
1.11494140625
1.06948242188
0.925927734375
0.983349609375
0.91875
0.791943359375
0.629248046875
0.63642578125
0.571826171875
0.624462890625
0.61728515625
0.595751953125
0.5263671875
0.533544921875
0.500048828125
0.516796875
0.600537109375
0.437841796875
0.366064453125
0.40673828125
0.385205078125
0.31103515625
0.452197265625
0.5455078125
0.605322265625
0.60771484375
0.6029296875
0.696240234375
0.708203125
0.705810546875
0.696240234375
0.7560546875
0.79912109375
0.77998046875
0.791943359375
0.8517578125
0.9283203125
0.897216796875
1.00727539063
1.0240234375
1.06948242188
1.04794921875
1.08623046875
1.05991210938
1.10297851563
1.0623046875
1.07666015625
0.777587890625
0.62685546875
0.708203125
0.490478515625
0.68427734375
0.485693359375
0.777587890625
0.89482421875
1.01206054688
1.04794921875
0.96181640625
0.8421875
0.835009765625
0.763232421875
0.480908203125
0.418701171875
0.088525390625
-0.136376953125
-0.26796875
-0.71298828125
-1.0048828125
-1.44033203125
-1.58149414063
-1.8375
-1.98583984375
-2.0767578125
-2.29448242188
-2.316015625
-2.71318359375
-2.91655273438
-3.22280273438
-3.38549804688
-3.61997070313
-3.74438476563
-3.82573242188
-3.828125
-3.82333984375
-3.96450195313
-3.73481445313
-3.56015625
-3.464453125
-3.3400390625
-3.31372070313
-3.04814453125
-3.0146484375
-2.92612304688
-2.81127929688
-2.7275390625
-2.622265625
-2.55288085938
-2.22509765625
-2.12939453125
-1.78486328125
-1.56474609375
-1.25849609375
-1.04077148438
-0.79912109375
-0.480908203125
-0.2392578125
0.05263671875
0.17705078125
0.375634765625
0.52158203125
0.763232421875
0.935498046875
0.997705078125
1.03837890625
1.05034179688
1.14365234375
1.18193359375
1.33266601563
1.4259765625
1.52407226563
1.57431640625
1.62934570313
1.7130859375
1.67958984375
1.65327148438
1.62216796875
1.60063476563
1.665234375
1.44990234375
1.41640625
1.28481445313
1.31352539063
1.22978515625
1.22739257813
1.18432617188
1.10297851563
1.20346679688
1.17954101563
1.1484375
1.11015625
1.31591796875
1.473828125
1.48100585938
1.53603515625
1.53125
1.5025390625
1.52885742188
1.63173828125
1.20107421875
1.19868164063
1.0623046875
1.17475585938
1.24174804688
0.150732421875
-0.33974609375
-0.768017578125
-1.09819335938
-1.30874023438
-1.69155273438
-1.780078125
-1.86381835938
-2.02651367188
-2.11743164062
-2.04086914063
-2.14614257813
-2.28969726563
-2.086328125
-2.05043945313
-2.09111328125
-1.81357421875
-1.588671875
-1.512109375
-1.50014648438
-1.52885742188
-1.62456054688
-1.69155273438
-1.7609375
-1.7896484375
-1.88056640625
-1.9044921875
-1.89731445313
-1.8470703125
-1.856640625
-1.77768554688
-1.71547851563
-1.6939453125
-1.6556640625
-1.6556640625
-1.5599609375
-1.50732421875
-1.41879882813
-1.36376953125
-1.3015625
-1.27045898438
-1.2154296875
-1.1771484375
-1.10297851563
-1.05034179688
-0.921142578125
-0.937890625
-0.823046875
-0.854150390625
-0.80390625
-0.619677734375
-0.763232421875
-0.91396484375
-0.744091796875
-0.74169921875
-0.734521484375
-0.720166015625
-0.815869140625
-0.796728515625
-0.878076171875
-0.882861328125
-0.93310546875
-0.959423828125
-1.02880859375
-1.0814453125
-1.16518554688
-1.1484375
-1.21064453125
-1.205859375
-1.1771484375
-1.2154296875
-1.18911132813
-1.1962890625
-1.2345703125
-1.244140625
-1.23696289063
-1.282421875
-1.34702148438
-1.42836914063
-1.44750976562
-1.66762695313
-1.69633789063
-1.82075195313
-1.90688476563
-2.06958007812
-2.16767578125
-2.16528320312
-2.46435546875
-2.58159179688
-2.79931640625
-2.89501953125
-3.043359375
-3.081640625
-3.16059570313
-3.27783203125
-3.36396484375
-3.49794921875
-3.579296875
-3.57690429688
-3.53623046875
-3.48837890625
-3.48359375
-3.48120117188
-3.28022460938
-3.27543945313
-3.17734375
-3.16538085938
-3.196484375
-2.96918945313
-2.92133789063
-2.80888671875
-2.61030273438
-2.5169921875
-2.50024414062
-2.33276367188
-2.048046875
-2.0384765625
-1.990625
-1.76811523438
-1.75375976563
-1.65087890625
-1.47622070313
-1.46186523438
-1.3302734375
-1.3111328125
-1.24174804688
-1.167578125
-1.11733398438
-0.921142578125
-1.08383789063
-1.19150390625
-1.014453125
-0.945068359375
-0.99052734375
-1.03359375
-1.05751953125
-1.11494140625
-1.14604492188
-1.129296875
-1.03837890625
-0.796728515625
-0.638818359375
-0.576611328125
-0.5072265625
-0.1052734375
0.217724609375
0.31103515625
0.49765625
0.4689453125
0.669921875
0.65556640625
0.729736328125
0.5837890625
0.504833984375
0.43544921875
0.433056640625
0.227294921875
0.15791015625
0.0861328125
0.019140625
-0.002392578125
0.050244140625
0.019140625
-0.059814453125
-0.083740234375
-0.169873046875
-0.303857421875
-0.198583984375
-0.251220703125
-0.241650390625
-0.23447265625
-0.30146484375
-0.325390625
-0.375634765625
-0.440234375
-0.3158203125
-0.49287109375
-0.4498046875
-0.44501953125
-0.48330078125
-0.478515625
-0.447412109375
-0.478515625
-0.375634765625
-0.418701171875
-0.32060546875
-0.4880859375
-0.528759765625
-0.547900390625
-0.59814453125
-0.581396484375
-0.6029296875
-0.69384765625
-0.80869140625
-1.05991210938
-1.2345703125
-1.42836914063
-1.626953125
-1.80400390625
-2.01455078125
-2.22509765625
-2.41411132813
-2.66293945313
-2.98115234375
-3.1677734375
-3.234765625
-3.16059570313
-3.16298828125
-3.14145507813
-3.00268554688
-3.05532226563
-2.88544921875
-2.74189453125
-2.62944335938
-2.507421875
-2.43803710938
-2.3255859375
-2.21791992188
-2.15571289063
-2.05283203125
-1.99541015625
-1.990625
-2.01215820313
-2.02890625
-2.04565429688
-2.0767578125
-2.1724609375
-2.277734375
-2.33037109375
-2.35190429688
-2.37104492188
-2.37583007813
-2.39736328125
-2.41650390625
-2.39497070313
-2.42368164063
-2.50024414062
-2.49306640625
-2.59833984375
-2.4021484375
-2.35668945312
-2.239453125
-2.048046875
-2.31840820313
-2.67250976563
-2.68208007813
-2.45239257812
-2.53852539063
-2.4404296875
-2.37104492188
-2.3447265625
-2.28491210938
-2.1533203125
-2.10307617188
-2.08872070313
-2.13178710938
-2.21791992188
