3.55297851563
3.51948242188
3.39985351563
3.311328125
3.28022460938
3.35678710938
3.2251953125
3.119921875
3.005078125
2.97158203125
2.93569335938
2.86391601563
2.8328125
2.90219726563
2.85673828125
2.76342773438
2.71079101563
2.54091796875
2.45
2.44760742188
2.45717773438
2.48110351563
2.4787109375
2.48588867188
2.48828125
2.47631835938
2.56005859375
2.59594726562
2.6318359375
2.6509765625
2.6892578125
2.7466796875
2.74907226563
2.8328125
2.86391601563
2.94047851563
3.00747070313
3.1486328125
3.18930664063
3.2826171875
3.234765625
3.40224609375
3.502734375
3.56494140625
3.63193359375
3.5697265625
3.78505859375
3.79702148438
3.78984375
3.9046875
3.93100585938
4.01235351563
4.04345703125
4.04106445313
4.15830078125
4.22529296875
4.306640625
4.30903320313
4.3640625
4.45737304688
4.52197265625
4.54111328125
4.65834960938
4.63920898438
4.63203125
4.61767578125
4.57221679688
4.63920898438
4.63920898438
4.73491210938
4.53154296875
4.55307617188
4.574609375
4.651171875
4.66791992188
4.6607421875
4.72534179688
4.82104492188
4.81625976563
4.76840820313
4.97177734375
5.05551757813
5.08901367188
5.09379882813
5.12250976563
5.1201171875
5.12490234375
5.16318359375
5.05791015625
5.1966796875
5.15600585938
5.110546875
5.1201171875
5.07465820313
5.08901367188
5.11293945313
5.08662109375
5.19428710938
5.02202148438
4.99809570313
4.97177734375
4.9287109375
4.93110351563
4.89760742188
4.8904296875
4.88325195313
4.86171875
4.89760742188
4.71337890625
4.65595703125
4.61528320313
4.5841796875
4.50283203125
4.4693359375
4.5650390625
4.34970703125
4.191796875
4.12958984375
3.9908203125
3.9046875
3.8376953125
3.74438476563
3.66782226563
3.59604492188
3.54819335938
3.39985351563
3.3591796875
3.27543945313
3.215625
3.06728515625
3.02900390625
2.92373046875
2.88544921875
2.85673828125
2.73471679688
2.68686523438
2.622265625
2.622265625
2.56484375
2.5361328125
2.50024414062
2.50024414062
2.4595703125
2.4595703125
2.41171875
2.34711914063
2.32080078125
2.3064453125
2.277734375
2.25380859375
2.2298828125
2.1533203125
2.10786132813
2.07915039063
2.07915039063
2.07197265625
1.97626953125
1.95952148438
1.8375
1.79921875
1.70590820313
1.63891601563
1.60302734375
1.57431640625
1.6365234375
1.42836914063
1.36376953125
1.25849609375
1.17236328125
1.10776367188
1.05034179688
0.92353515625
0.823046875
0.70341796875
0.63642578125
0.533544921875
0.45458984375
0.351708984375
0.217724609375
0.13876953125
-0.0095703125
-0.0478515625
-0.2009765625
-0.236865234375
-0.22490234375
-0.480908203125
-0.478515625
-0.753662109375
-0.815869140625
-0.9283203125
-1.0240234375
-1.10537109375
-1.02163085938
-1.08862304688
-1.53603515625
-1.62456054688
-1.6556640625
-1.5408203125
-1.75854492188
-1.70590820313
-1.88056640625
-1.87099609375
-1.91884765625
-1.95234375
-2.00258789063
-2.07915039063
-2.01694335938
-2.201171875
-2.15810546875
-2.28969726563
-2.239453125
-2.28251953125
-2.28251953125
-2.29448242188
-2.3064453125
-2.39736328125
-2.46196289063
-2.5361328125
-2.59594726562
-2.60073242188
-2.583984375
-2.5361328125
-2.54809570312
-2.50502929688
-2.43564453125
-2.29926757813
-2.239453125
-2.27534179688
-2.07197265625
-1.9619140625
-1.93559570313
-1.82314453125
-1.77290039063
-1.6173828125
-1.59584960938
-1.55517578125
-1.50971679688
-1.49296875
-1.43076171875
-1.378125
-1.28481445313
-1.28720703125
-1.26806640625
-1.30395507812
-1.31831054688
-1.39008789063
-1.52407226563
-1.5791015625
-1.63413085938
-2.02172851562
-1.68676757813
-1.39487304688
-1.56235351563
-1.72026367188
-1.74658203125
-1.71787109375
-1.66762695313
-1.81596679688
-1.5216796875
-1.33984375
-1.5216796875
-1.49536132812
-1.07905273438
-1.0431640625
-0.784765625
-0.708203125
-0.48330078125
-0.3349609375
-0.375634765625
-0.34931640625
-0.322998046875
-0.203369140625
-0.22490234375
-0.31103515625
-0.289501953125
-0.299072265625
-0.366064453125
-0.442626953125
-0.5263671875
-0.595751953125
-0.56943359375
-0.62685546875
-0.701025390625
-0.653173828125
-0.68427734375
-0.81826171875
-0.8708984375
-0.902001953125
-0.8708984375
-0.8900390625
-0.80869140625
-0.784765625
-0.720166015625
-0.66513671875
-0.66513671875
-0.66513671875
-0.643603515625
-0.65078125
-0.634033203125
-0.669921875
-0.708203125
-0.72734375
-0.796728515625
-0.765625
-0.648388671875
-0.590966796875
-0.480908203125
-0.40673828125
-0.41630859375
-0.23447265625
-0.1818359375
-0.13876953125
-0.131591796875
-0.069384765625
-0.019140625
0.10048828125
0.153125
0.401953125
0.519189453125
0.710595703125
0.720166015625
0.765625
0.882861328125
1.03837890625
1.04794921875
1.23217773438
1.32309570313
1.26088867188
1.4833984375
1.53842773438
1.626953125
1.7896484375
1.741796875
1.77768554688
1.75375976563
1.53603515625
1.5982421875
1.62456054688
1.50971679688
1.51928710938
1.42358398438
1.40205078125
1.1484375
0.9857421875
1.06469726562
0.758447265625
0.576611328125
0.325390625
0.1052734375
-0.12919921875
-0.2009765625
-0.241650390625
-0.248828125
-0.662744140625
-0.8517578125
-0.97138671875
-1.19868164063
-0.949853515625
-1.11015625
-1.33984375
-1.31831054688
-1.13168945313
-1.16997070313
-1.16997070313
-1.014453125
-0.9857421875
-0.96181640625
-0.949853515625
-0.80869140625
-0.77041015625
-0.648388671875
-0.5837890625
-0.471337890625
-0.32060546875
-0.2009765625
-0.29189453125
0.00478515625
0.083740234375
0.16748046875
0.248828125
0.1626953125
0.34453125
0.39716796875
0.514404296875
0.55029296875
0.57421875
0.643603515625
0.669921875
0.708203125
0.768017578125
0.758447265625
0.849365234375
0.815869140625
0.80869140625
0.80869140625
0.77041015625
0.734521484375
0.643603515625
0.6986328125
0.667529296875
0.74169921875
0.77998046875
0.811083984375
0.80869140625
0.964208984375
1.07905273438
0.935498046875
0.9953125
0.983349609375
0.892431640625
0.902001953125
0.739306640625
0.66513671875
0.669921875
0.571826171875
0.557470703125
0.5072265625
0.447412109375
0.48330078125
0.437841796875
0.433056640625
0.41630859375
0.471337890625
0.555078125
0.708203125
0.830224609375
0.77998046875
0.878076171875
0.937890625
1.04077148438
1.06948242188
1.17475585938
1.17236328125
1.04077148438
1.06708984375
0.925927734375
0.70341796875
0.547900390625
0.2775390625
0.031103515625
-0.2583984375
-0.47373046875
-0.89482421875
-1.11015625
-1.7896484375
-1.87099609375
-2.17006835938
-2.3064453125
-2.38779296875
-2.45239257812
-2.5935546875
-2.56245117188
-2.53134765625
-2.49306640625
-2.5744140625
-2.33994140625
-2.316015625
-2.20356445313
-2.17485351563
-2.07436523438
-2.00498046875
-1.90209960938
-1.81596679688
-1.59584960938
-1.55517578125
-1.42836914063
-1.29916992188
-1.25610351562
-1.13408203125
-1.08383789063
-1.02880859375
-0.806298828125
-0.724951171875
-0.466552734375
-0.648388671875
-0.547900390625
-0.461767578125
-0.447412109375
-0.389990234375
-0.3349609375
-0.327783203125
-0.27275390625
-0.174658203125
-0.198583984375
-0.165087890625
-0.1818359375
-0.210546875
-0.189013671875
-0.212939453125
-0.222509765625
-0.236865234375
-0.24404296875
-0.22490234375
-0.19619140625
-0.246435546875
-0.22490234375
-0.284716796875
-0.287109375
-0.303857421875
-0.375634765625
