-0.64599609375
-0.6890625
-0.6794921875
-0.691455078125
-0.705810546875
-0.77998046875
-0.83740234375
-0.825439453125
-0.892431640625
-0.95703125
-0.9666015625
-0.964208984375
-0.95224609375
-0.978564453125
-1.014453125
-1.09340820313
-1.09340820313
-1.19389648438
-1.22978515625
-1.31591796875
-1.35659179688
-1.45229492188
-1.46665039063
-1.48818359375
-1.57192382813
-1.56953125
-1.6078125
-1.58388671875
-1.57192382813
-1.56953125
-1.5791015625
-1.58388671875
-1.64370117188
-1.66044921875
-1.62934570313
-1.60302734375
-1.63413085938
-1.665234375
-1.6748046875
-1.67241210938
-1.64370117188
-1.60302734375
-1.61977539063
-1.65087890625
-1.64609375
-1.63413085938
-1.66762695313
-1.67001953125
-1.82314453125
-1.67001953125
-1.70112304688
-1.67958984375
-1.684375
-1.58627929688
-1.61259765625
-1.60302734375
-1.55278320313
-1.512109375
-1.52646484375
-1.50732421875
-1.44272460938
-1.44033203125
-1.4068359375
-1.3876953125
-1.39248046875
-1.37573242188
-1.358984375
-1.28002929688
-1.28959960938
-1.32309570313
-1.2345703125
-1.22021484375
-1.18671875
-1.20346679688
-1.16518554688
-1.1580078125
-1.18193359375
-1.15083007813
-1.15322265625
-1.07426757813
-1.0431640625
-1.04077148438
-0.98095703125
-0.99052734375
-0.9474609375
-0.925927734375
-0.868505859375
-0.8326171875
-0.791943359375
-0.784765625
-0.77041015625
-0.72734375
-0.705810546875
-0.71298828125
-0.68427734375
-0.63642578125
-0.643603515625
-0.643603515625
-0.6220703125
-0.595751953125
-0.600537109375
-0.576611328125
-0.5646484375
-0.55986328125
-0.55986328125
-0.5646484375
-0.567041015625
-0.57900390625
-0.56943359375
-0.5837890625
-0.562255859375
-0.58857421875
-0.595751953125
-0.619677734375
-0.624462890625
-0.634033203125
-0.6794921875
-0.705810546875
-0.715380859375
-0.6603515625
-0.65556640625
-0.7177734375
-0.7177734375
-0.70341796875
-0.69384765625
-0.710595703125
-0.72255859375
-0.7177734375
-0.72734375
-0.724951171875
-0.720166015625
-0.72734375
-0.77998046875
-0.820654296875
-0.863720703125
-0.796728515625
-0.930712890625
-0.95224609375
-1.10537109375
-1.17954101563
-1.1962890625
-1.1962890625
-1.2537109375
-1.30634765625
-1.2345703125
-1.26806640625
-1.4833984375
-1.50493164063
-1.61020507813
-1.66044921875
-1.72744140625
-1.74897460938
-1.7609375
-1.6556640625
-1.59345703125
-1.49057617188
-1.37094726563
-1.28959960938
-1.3685546875
-1.25849609375
-1.23935546875
-1.31352539063
-1.24653320313
-1.21064453125
-1.3685546875
-1.3685546875
-1.67958984375
-1.44750976562
-1.47143554688
-1.77529296875
-1.88056640625
-1.99541015625
-2.21552734375
-2.28969726563
-2.42368164063
-2.34951171875
-2.41889648438
-2.2298828125
-2.20595703125
-2.09111328125
-1.99301757813
-1.9236328125
-1.6173828125
-1.54560546875
-1.5025390625
-1.42836914063
-1.2345703125
-1.397265625
-1.46665039063
-1.50732421875
-1.5982421875
-1.42119140625
-1.75615234375
-1.79204101563
-1.6939453125
-1.894921875
-2.11264648438
-2.17006835938
-2.18920898438
-2.24663085938
-2.27534179688
-2.4021484375
-2.41889648438
-2.49306640625
-2.41411132813
-2.48349609375
-2.37583007813
-2.3734375
-2.201171875
-2.086328125
-1.96909179688
-1.83989257813
-1.74658203125
-1.53364257813
-1.4259765625
-1.30874023438
-1.09580078125
-0.949853515625
-0.844580078125
-0.605322265625
-0.538330078125
-0.38759765625
-0.16748046875
0.057421875
0.184228515625
0.248828125
0.212939453125
0.983349609375
0.899609375
0.179443359375
0.011962890625
0.363671875
0.57900390625
0.533544921875
0.772802734375
0.9474609375
0.854150390625
1.33984375
1.02880859375
0.940283203125
0.8326171875
0.868505859375
0.765625
0.906787109375
0.988134765625
0.9283203125
1.358984375
1.512109375
1.96909179688
1.9427734375
1.7896484375
1.6748046875
2.048046875
3.18212890625
3.21083984375
3.22758789063
3.28500976563
3.24912109375
3.68217773438
3.89990234375
4.16069335938
4.16547851563
4.26118164063
4.40712890625
4.50043945313
4.5841796875
4.63203125
4.65595703125
4.68706054688
4.87368164063
5.02919921875
5.19189453125
5.33544921875
5.416796875
5.359375
5.47900390625
5.64409179688
5.59145507813
5.62973632813
5.76850585938
5.80439453125
5.952734375
5.92880859375
5.99340820312
6.00537109375
6.11303710938
6.00297851563
6.06279296875
5.97426757813
5.92641601563
5.90249023438
5.6751953125
5.61538085938
5.65844726562
5.53642578125
5.3689453125
5.11293945313
5.16318359375
5.08662109375
4.96459960938
5.33544921875
5.00048828125
5.08662109375
4.919140625
4.78037109375
4.6798828125
4.54829101563
4.45498046875
4.14873046875
4.00517578125
3.91904296875
3.67021484375
3.65825195313
3.49555664063
3.17973632813
2.92612304688
2.71796875
2.47392578125
2.28491210938
2.14135742188
1.86860351563
1.703515625
1.66044921875
1.43076171875
1.21782226563
0.921142578125
0.705810546875
0.480908203125
0.299072265625
0.20576171875
0.016748046875
-0.107666015625
-0.172265625
-0.275146484375
-0.3158203125
-0.629248046875
-0.906787109375
-1.14125976563
-1.550390625
-1.60063476563
-1.7322265625
-2.009765625
-2.13896484375
-2.1916015625
-2.1724609375
-2.1533203125
-2.04086914063
-1.85903320313
-1.87338867188
-1.7609375
-1.7609375
-1.72744140625
-1.77529296875
-1.54321289063
-1.71547851563
-1.89252929688
-2.162890625
-2.55048828125
-2.68447265625
-2.85434570313
-2.9763671875
-3.10795898438
-3.119921875
-3.45966796875
-3.40942382813
-3.15341796875
-2.95004882813
-2.87348632813
-2.96201171875
-2.80170898438
-2.737109375
-2.89741210938
-2.79692382813
-2.737109375
-2.48828125
-2.28969726563
-2.09350585938
-2.06240234375
-2.01215820313
-1.91884765625
-1.98823242188
-1.7705078125
-1.61499023438
-1.67241210938
-1.44033203125
-1.44990234375
-1.53125
-1.61020507813
-1.7322265625
-2.11264648438
-2.38540039063
-2.72514648438
-3.12709960938
-3.25390625
-3.39985351563
-3.38310546875
-3.47880859375
-3.78266601563
-4.01953125
-4.24443359375
-4.72294921875
-4.52436523438
-4.23725585938
-4.21572265625
-3.770703125
-3.541015625
-3.43095703125
-3.11752929688
-2.82563476563
-2.74189453125
-2.80649414063
-2.66293945313
-2.5744140625
-2.7275390625
-2.69404296875
-2.6509765625
-2.45239257812
-2.37822265625
-2.38540039063
-2.2873046875
-2.32797851563
-2.2490234375
-2.239453125
-2.28012695313
-2.13178710938
-1.93081054688
-1.82553710938
-1.46904296875
-1.091015625
-0.858935546875
-0.528759765625
-0.0287109375
0.246435546875
0.701025390625
0.95703125
1.35419921875
1.56474609375
1.88774414063
2.10307617188
2.2873046875
2.53852539063
2.8615234375
2.96440429688
2.9859375
3.0337890625
3.04096679688
3.05532226563
3.01225585938
3.0529296875
3.12470703125
3.19409179688
2.93090820312
2.76103515625
2.71079101563
2.59833984375
2.31362304688
2.41411132813
2.5169921875
2.71796875
2.92133789063
3.48359375
4.50522460938
4.95263671875
5.32587890625
5.95512695313
6.7279296875
6.87387695313
6.8810546875
6.77817382813
6.584375
6.30444335938
6.24223632813
6.18002929688
6.0005859375
5.28041992188
4.919140625
4.69663085938
4.34731445313
3.90947265625
3.14384765625
2.50502929688
1.85185546875
1.16279296875
0.3158203125
0.19619140625
-0.04306640625
-0.01435546875
-0.040673828125
0.413916015625
0.523974609375
0.835009765625
0.76083984375
0.64599609375
0.8517578125
0.935498046875
0.9474609375
0.715380859375
0.849365234375
-0.136376953125
0.03828125
