0.112451171875
-0.1052734375
-0.287109375
-0.4880859375
-0.72734375
-0.81826171875
-1.19389648438
-1.29677734375
-1.55517578125
-1.74897460938
-1.856640625
-1.94995117188
-2.1341796875
-2.3255859375
-2.47392578125
-2.61030273438
-2.67490234375
-2.966796875
-3.01704101563
-3.22998046875
-3.21801757813
-3.0912109375
-3.27065429688
-3.3591796875
-3.40463867188
-3.37114257813
-3.33764648438
-3.2921875
-3.23955078125
-3.4740234375
-3.39506835938
-3.26108398438
-3.31372070313
-3.2443359375
-3.47880859375
-3.5314453125
-3.68696289063
-3.71088867188
-3.80180664063
-3.9046875
-3.93100585938
-3.97646484375
-4.0482421875
-4.11284179688
-4.10805664063
-4.33774414063
-4.24921875
-4.01713867188
-3.99321289063
-4.01953125
-3.88793945313
-3.84008789063
-3.81616210938
-3.68217773438
-3.64868164063
-3.41899414063
-3.21801757813
-3.0337890625
-2.67729492188
-2.430859375
-1.971484375
-1.72026367188
-1.47861328125
-1.35180664062
-1.091015625
-0.854150390625
-0.686669921875
-0.428271484375
-0.33017578125
-0.136376953125
-0.03828125
0.284716796875
0.47373046875
0.49287109375
0.380419921875
0.275146484375
0.1626953125
0.055029296875
-0.083740234375
-0.131591796875
-0.102880859375
-0.093310546875
-0.385205078125
-0.634033203125
-0.8708984375
-0.937890625
-1.09819335938
-1.1580078125
-1.11494140625
-1.00966796875
-1.0623046875
-0.844580078125
-0.631640625
-0.53115234375
-0.2775390625
-0.040673828125
0.145947265625
0.19140625
0.523974609375
0.69384765625
0.882861328125
0.92353515625
1.24653320313
1.38291015625
1.45229492188
1.61020507813
2.01455078125
2.04326171875
2.13178710938
2.2107421875
2.28012695313
2.46196289063
2.8423828125
2.9189453125
3.14145507813
3.35439453125
3.55297851563
3.62236328125
3.7419921875
3.87119140625
3.68935546875
3.83051757813
3.86640625
4.03627929688
4.04584960938
4.0673828125
4.1248046875
3.89750976563
3.83530273438
3.92622070313
3.95971679688
3.96689453125
3.8568359375
3.94057617188
3.82094726563
3.9046875
3.8568359375
3.923828125
4.000390625
4.2013671875
4.26118164063
4.3353515625
4.3736328125
4.38081054688
4.40712890625
4.44301757813
4.30903320313
4.56025390625
4.6607421875
4.61767578125
4.50283203125
4.14155273438
3.6080078125
3.39985351563
3.47880859375
3.6654296875
2.909375
3.13427734375
2.52416992188
1.971484375
1.41640625
0.8326171875
0.60771484375
0.155517578125
-0.102880859375
0.459375
0.17705078125
0.4498046875
0.7751953125
0.6794921875
1.1197265625
1.80161132813
2.27055664063
2.68447265625
2.9763671875
3.16059570313
3.17495117188
3.10795898438
3.1486328125
2.95244140625
2.61987304688
2.40932617188
1.990625
1.84467773438
1.72983398438
1.81596679688
1.80639648438
1.99541015625
2.0576171875
2.0193359375
2.23227539063
2.28251953125
2.16767578125
2.4404296875
2.39975585938
2.12939453125
2.14853515625
2.47153320313
2.32319335938
2.08154296875
2.09111328125
2.05043945313
1.94755859375
1.8279296875
1.67001953125
1.42836914063
1.17475585938
1.15561523438
1.02163085938
0.72734375
0.696240234375
0.363671875
0.303857421875
-0.0287109375
-0.299072265625
-0.342138671875
-0.45458984375
-0.638818359375
-0.878076171875
-1.18193359375
-1.30874023438
-1.63413085938
-1.684375
-1.7322265625
-1.73701171875
-1.53603515625
-1.51689453125
-1.39487304688
-1.61977539063
-1.626953125
-1.59584960938
-1.9140625
-2.03369140625
-2.14375
-2.277734375
-2.32797851563
-2.29926757813
-2.02172851562
-1.95473632813
-1.57431640625
-1.21064453125
-0.744091796875
-0.217724609375
0.246435546875
0.839794921875
1.37094726563
1.87817382813
2.4212890625
2.90219726563
3.25390625
3.40942382813
3.9525390625
3.98364257813
3.92622070313
3.59365234375
3.28979492188
2.8041015625
2.41171875
1.72026367188
1.51689453125
1.07905273438
0.79912109375
0.040673828125
-0.078955078125
-0.232080078125
-0.447412109375
-0.4306640625
-0.404345703125
-0.351708984375
-0.270361328125
-0.179443359375
-0.11962890625
-0.021533203125
0.11962890625
0.2009765625
0.452197265625
0.466552734375
0.476123046875
0.55986328125
0.581396484375
0.595751953125
0.83740234375
1.05991210938
1.03359375
1.25849609375
1.39008789063
1.4259765625
1.89970703125
2.40693359375
2.5935546875
2.71557617188
2.82084960938
2.93330078125
2.9955078125
3.00986328125
3.08642578125
3.119921875
3.08403320313
3.18930664063
3.11274414063
3.05532226563
3.0146484375
2.92373046875
2.95961914063
2.92612304688
2.82563476563
2.83041992188
2.71079101563
2.698828125
2.65815429688
2.622265625
2.622265625
2.62465820313
2.69165039062
2.67250976563
2.73471679688
2.81127929688
2.80888671875
2.77299804688
2.85673828125
2.88784179688
3.08642578125
3.12709960938
3.10556640625
3.22998046875
3.1869140625
3.22998046875
3.26108398438
3.23715820313
3.22998046875
3.16059570313
3.18212890625
3.1486328125
3.21323242188
3.28500976563
3.215625
3.2443359375
3.42377929688
3.56015625
3.66782226563
3.66782226563
3.53862304688
3.521875
3.42377929688
3.42377929688
3.30893554688
3.36157226563
3.28740234375
3.28022460938
3.26586914063
3.22998046875
3.12470703125
3.0912109375
3.03618164063
2.95961914063
2.77299804688
2.67490234375
2.51938476563
2.48588867188
2.469140625
2.42368164063
2.37583007813
2.4212890625
2.37104492188
2.41411132813
2.68447265625
2.83041992188
2.83759765625
2.86391601563
2.63662109375
2.62944335938
2.6796875
2.70122070313
2.76821289063
2.83759765625
2.92612304688
2.93569335938
2.9380859375
2.9572265625
2.98354492188
2.97875976562
3.03139648438
2.75864257813
2.87587890625
2.87827148438
2.82084960938
2.8232421875
2.7658203125
2.75146484375
2.71318359375
2.6318359375
2.55766601563
2.50024414062
2.44282226563
2.41411132813
2.354296875
2.30166015625
2.22270507813
2.1724609375
2.10307617188
2.05522460938
2.01455078125
1.99301757813
1.9427734375
1.90209960938
1.87099609375
1.88056640625
1.91645507813
1.93798828125
1.9427734375
1.96669921875
2.02172851562
2.07436523438
2.13896484375
2.11743164062
2.17006835938
2.1724609375
2.16049804688
2.17006835938
2.00498046875
2.08872070313
2.05522460938
2.02412109375
1.91166992188
1.87338867188
1.83989257813
1.76572265625
1.67958984375
1.56953125
1.5025390625
1.32788085938
1.2919921875
1.32309570313
1.11733398438
1.06948242188
1.00727539063
0.930712890625
0.825439453125
0.772802734375
0.887646484375
0.64599609375
0.624462890625
0.52158203125
0.46416015625
0.44501953125
0.380419921875
0.456982421875
0.308642578125
0.256005859375
0.24404296875
0.23447265625
0.18662109375
0.133984375
0.2296875
0.256005859375
0.322998046875
0.404345703125
0.4115234375
0.38759765625
0.4689453125
0.500048828125
0.49765625
0.480908203125
0.48330078125
0.456982421875
0.480908203125
0.43544921875
0.423486328125
0.3923828125
0.4498046875
0.442626953125
0.46416015625
0.46416015625
0.459375
0.3732421875
0.363671875
0.33974609375
0.3349609375
0.24404296875
0.217724609375
0.172265625
0.136376953125
0.08134765625
0.05263671875
0.1435546875
-0.04306640625
-0.11962890625
-0.153125
-0.19140625
-0.189013671875
-0.27275390625
-0.36845703125
-0.394775390625
-0.37802734375
-0.476123046875
-0.478515625
-0.49287109375
-0.547900390625
-0.567041015625
-0.59814453125
