-0.5455078125
-0.696240234375
-0.63642578125
-0.95703125
-0.98095703125
-0.96181640625
-1.00249023438
-1.07426757813
-1.10537109375
-1.13168945313
-1.25849609375
-1.32309570313
-1.35180664062
-1.33745117188
-1.27045898438
-1.2728515625
-1.2728515625
-1.32548828125
-1.39008789063
-1.3876953125
-1.46665039063
-1.43793945313
-1.3876953125
-1.40205078125
-1.42119140625
-1.43076171875
-1.41401367188
-1.35659179688
-1.3876953125
-1.320703125
-1.34462890625
-1.33505859375
-1.28959960938
-1.244140625
-1.37094726563
-1.22021484375
-1.16040039062
-1.10537109375
-1.03837890625
-1.02163085938
-0.93310546875
-0.937890625
-0.86611328125
-0.815869140625
-0.74169921875
-0.696240234375
-0.729736328125
-0.5263671875
-0.459375
-0.433056640625
-0.399560546875
-0.428271484375
-0.437841796875
-0.442626953125
-0.4115234375
-0.47373046875
-0.4689453125
-0.4689453125
-0.447412109375
-0.509619140625
-0.48330078125
-0.46416015625
-0.528759765625
-0.605322265625
-0.595751953125
-0.476123046875
-0.629248046875
-0.61728515625
-0.631640625
-0.65556640625
-0.72734375
-0.739306640625
-0.6220703125
-0.7751953125
-0.7560546875
-0.772802734375
-0.784765625
-0.815869140625
-0.9091796875
-0.892431640625
-0.9857421875
-0.959423828125
-0.973779296875
-1.04794921875
-1.0431640625
-1.05991210938
-1.12211914063
-1.09819335938
-1.14365234375
-1.22260742188
-1.22739257813
-1.244140625
-1.2345703125
-1.27045898438
-1.36376953125
-1.36376953125
-1.25610351562
-1.44990234375
-1.47143554688
-1.4642578125
-1.44990234375
-1.4451171875
-1.41879882813
-1.39965820312
-1.39248046875
-1.35180664062
-1.35659179688
-1.37094726563
-1.35180664062
-1.35659179688
-1.40922851563
-1.3302734375
-1.3111328125
-1.26088867188
-1.2345703125
-1.16040039062
-1.0814453125
-1.06469726562
-1.05512695313
-1.01684570312
-1.00009765625
-1.0048828125
-0.95224609375
-0.945068359375
-0.959423828125
-0.95224609375
-1.04794921875
-0.899609375
-0.92353515625
-0.89482421875
-0.921142578125
-0.9091796875
-0.9474609375
-0.925927734375
-0.902001953125
-0.89482421875
-0.861328125
-0.830224609375
-0.80869140625
-0.820654296875
-0.854150390625
-0.87568359375
-0.887646484375
-0.902001953125
-0.916357421875
-0.784765625
-0.964208984375
-1.014453125
-1.06708984375
-1.0814453125
-1.12690429688
-1.1771484375
-1.13168945313
-1.0814453125
-1.0814453125
-1.129296875
-1.18911132813
-1.2154296875
-1.2154296875
-1.26088867188
-1.30395507812
-1.35419921875
-1.35419921875
-1.3876953125
-1.44750976562
-1.49296875
-1.49296875
-1.50971679688
-1.5791015625
-1.60302734375
-1.60302734375
-1.60063476563
-1.62216796875
-1.67241210938
-1.67241210938
-1.69633789063
-1.703515625
-1.75375976563
-1.75375976563
-1.7896484375
-1.82553710938
-1.70112304688
-1.85424804688
-1.86860351563
-1.9044921875
-1.94755859375
-1.94755859375
-1.98344726563
-2.02651367188
-2.06479492188
-2.06479492188
-2.09350585938
-2.12221679688
-2.12221679688
-2.11982421875
-2.11025390625
-2.12700195313
-2.1341796875
-2.1341796875
-2.12939453125
-2.11025390625
-2.09829101563
-2.09829101563
-2.086328125
-2.07915039063
-2.07915039063
-2.07915039063
-2.02890625
-2.00737304688
-2.01455078125
-2.01455078125
-1.97626953125
-1.94755859375
-1.94755859375
-1.94755859375
-1.93798828125
-1.92841796875
-1.91166992188
-1.91166992188
-1.8853515625
-1.92841796875
-1.95952148438
-1.95952148438
-1.9236328125
-1.88774414063
-1.98823242188
-1.83510742188
-1.82314453125
-1.84946289063
-1.87099609375
-1.87099609375
-1.90209960938
-1.96430664063
-1.83989257813
-1.99301757813
-1.90688476563
-1.83510742188
-1.7896484375
-1.7896484375
-1.73461914063
-1.76333007813
-1.82314453125
-1.82314453125
-1.8662109375
-1.87338867188
-1.87338867188
-1.83032226563
-1.7896484375
-1.76811523438
-1.76811523438
-1.703515625
-1.67241210938
-1.70830078125
-1.70830078125
-1.70830078125
-1.69633789063
-1.684375
-1.684375
-1.69873046875
-1.72744140625
-1.70590820313
-1.70590820313
-1.66044921875
-1.64609375
-1.64130859375
-1.64130859375
-1.61499023438
-1.61499023438
-1.60302734375
-1.60302734375
-1.61020507813
-1.684375
-1.66044921875
-1.66044921875
-1.550390625
-1.51450195313
-1.53603515625
-1.53603515625
-1.59106445313
-1.64130859375
-1.61499023438
-1.61499023438
-1.53603515625
-1.50732421875
-1.54799804688
-1.54799804688
-1.54560546875
-1.51928710938
-1.50493164063
-1.50493164063
-1.49057617188
-1.46186523438
-1.42358398438
-1.42358398438
-1.38291015625
-1.35419921875
-1.36137695313
-1.36137695313
-1.36376953125
-1.32309570313
-1.29916992188
-1.29916992188
-1.26806640625
-1.21782226563
-1.18193359375
-1.18193359375
-1.17236328125
-1.19389648438
-1.15561523438
-1.15561523438
-1.09580078125
-1.0814453125
-1.08383789063
-1.08383789063
-1.10297851563
-1.11015625
-1.091015625
-1.091015625
-1.0623046875
-1.02641601563
-1.02641601563
-1.03120117188
-1.0048828125
-0.959423828125
-0.959423828125
-0.9666015625
-0.9474609375
-0.91875
-0.91875
-0.93310546875
-0.916357421875
-0.9283203125
-0.973779296875
-0.973779296875
-0.968994140625
-0.94267578125
-1.05991210938
-0.906787109375
-0.89482421875
-0.925927734375
-0.95703125
-0.95703125
-0.988134765625
-1.04555664063
-0.93310546875
-1.08623046875
-1.05512695313
-0.99052734375
-0.99052734375
-0.973779296875
-0.978564453125
-0.964208984375
-0.964208984375
-0.93310546875
-0.9474609375
-0.925927734375
-0.925927734375
-0.88525390625
-0.90439453125
-0.8900390625
-0.8900390625
-0.878076171875
-0.88525390625
-0.8900390625
-0.8900390625
-0.911572265625
-0.949853515625
-0.96181640625
-0.96181640625
-0.906787109375
-0.8900390625
-0.916357421875
-0.916357421875
-0.90439453125
-0.873291015625
-0.868505859375
-0.868505859375
-0.8900390625
-0.849365234375
-0.80390625
-0.820654296875
-0.806298828125
-0.8326171875
-0.861328125
-0.858935546875
-0.86611328125
-0.88525390625
-0.91396484375
-0.94267578125
-0.968994140625
-1.00966796875
-1.07426757813
-1.091015625
-1.1197265625
-1.1962890625
-1.21782226563
-1.22260742188
-1.378125
-1.27045898438
-1.24653320313
-1.2728515625
-1.10776367188
-1.34223632813
-1.45947265625
-1.39008789063
-1.42836914063
-1.48818359375
-1.50014648438
-1.320703125
-1.3111328125
-1.29916992188
-1.19150390625
-1.1771484375
-1.1484375
-1.08862304688
-1.19150390625
-1.03120117188
-1.03359375
-1.04794921875
-1.05991210938
-1.09340820313
-1.11733398438
-1.02163085938
-1.03598632813
-1.02880859375
-1.02163085938
-1.03598632813
-0.98095703125
-0.95224609375
-0.93310546875
-0.892431640625
-0.90439453125
-0.854150390625
-0.835009765625
-0.801513671875
-0.777587890625
-0.763232421875
-0.705810546875
-0.708203125
-0.62685546875
-0.6125
-0.748876953125
-0.58857421875
-0.590966796875
-0.586181640625
-0.567041015625
-0.55029296875
-0.5455078125
-0.57421875
-0.562255859375
-0.600537109375
-0.62685546875
-0.65556640625
-0.638818359375
-0.562255859375
-0.57421875
-0.461767578125
-0.61728515625
-0.610107421875
-0.60771484375
-0.605322265625
-0.5646484375
-0.555078125
-0.523974609375
-0.509619140625
-0.59814453125
-0.62685546875
-0.6029296875
-0.52158203125
-0.53115234375
-0.555078125
-0.5263671875
-0.4689453125
-0.490478515625
-0.59814453125
-0.46416015625
-0.490478515625
-0.471337890625
-0.433056640625
-0.45458984375
-0.4498046875
-0.45458984375
-0.437841796875
-0.452197265625
-0.3923828125
-0.33974609375
-0.351708984375
-0.35888671875
-0.3349609375
-0.26318359375
-0.23447265625
-0.222509765625
-0.19140625
-0.19140625
-0.11005859375
-0.133984375
-0.088525390625
-0.08134765625
-0.045458984375
-0.0478515625
