3.95732421875
4.47172851563
4.56982421875
4.67270507813
4.69184570313
4.498046875
4.57939453125
4.70141601562
4.84975585938
4.96220703125
5.10336914063
5.20385742188
5.3498046875
5.40004882813
5.50532226563
5.45986328125
5.30673828125
5.33305664063
5.08662109375
4.95263671875
5.03637695312
4.75883789063
4.79711914062
4.50283203125
4.3353515625
4.24204101563
3.83530273438
3.72524414063
3.15341796875
2.94765625
2.51938476563
2.2490234375
2.00498046875
1.90927734375
1.55278320313
1.4833984375
1.09580078125
1.0814453125
0.681884765625
0.696240234375
0.28232421875
0.059814453125
-0.088525390625
-0.294287109375
-0.3828125
-0.514404296875
-0.796728515625
-0.89482421875
-0.945068359375
-1.12451171875
-1.18911132813
-1.1962890625
-1.18432617188
-1.11494140625
-1.11015625
-0.964208984375
-0.98095703125
-0.9474609375
-0.9091796875
-1.02880859375
-0.976171875
-1.04794921875
-1.15561523438
-1.167578125
-1.358984375
-1.38051757813
-1.473828125
-1.60063476563
-1.70590820313
-1.86142578125
-1.87817382813
-2.16049804688
-2.1533203125
-2.36865234375
-2.58876953125
-2.73232421875
-2.88544921875
-2.98354492188
-3.06010742188
-3.273046875
-3.37592773438
-3.56015625
-3.70610351563
-3.94536132813
-4.0291015625
-4.08891601563
-4.21811523438
-4.31860351562
-4.4501953125
-4.49565429688
-4.46215820312
-4.65595703125
-4.63203125
-4.804296875
-4.83061523438
-4.80668945313
-4.78994140625
-4.83061523438
-4.8234375
-4.87368164063
-4.6798828125
-4.63442382813
-4.51000976562
-4.40952148438
-4.16547851563
-4.076953125
-3.87836914063
-3.79702148438
-3.71088867188
-3.54819335938
-3.49794921875
-3.38310546875
-3.3591796875
-3.42377929688
-3.36157226563
-3.31611328125
-3.27783203125
-3.26108398438
-3.28979492188
-3.29936523438
-3.30415039063
-3.32568359375
-3.37592773438
-3.42377929688
-3.43813476563
-3.51948242188
-3.5697265625
-3.6271484375
-3.59604492188
-3.57211914063
-3.63432617188
-3.59604492188
-3.56733398438
-3.57211914063
-3.6080078125
-3.35678710938
-3.28500976563
-3.17255859375
-3.14145507813
-3.12470703125
-3.0337890625
-3.01943359375
-2.80649414063
-2.890234375
-2.5935546875
-2.47153320313
-2.19877929688
-2.0671875
-1.89731445313
-1.86381835938
-1.76811523438
-1.47622070313
-1.3111328125
-0.997705078125
-0.78955078125
-0.471337890625
-0.2775390625
-0.0095703125
0.107666015625
0.24404296875
0.4689453125
0.53115234375
0.66513671875
0.6794921875
0.653173828125
0.629248046875
0.56943359375
0.461767578125
0.184228515625
0.0095703125
-0.203369140625
-0.4880859375
-0.746484375
-0.80390625
-0.94267578125
-1.2537109375
-1.32309570313
-1.52885742188
-1.63891601563
-1.68676757813
-1.894921875
-2.02412109375
-2.2203125
-2.3064453125
-2.50981445313
-2.56484375
-2.63422851563
-2.737109375
-2.76342773438
-2.93330078125
-3.00986328125
-3.06967773438
-3.15581054688
-3.32807617188
-3.40703125
-3.521875
-3.57690429688
-3.675
-3.66064453125
-3.732421875
-3.85444335938
-3.78505859375
-3.7228515625
-3.92622070313
-3.9046875
-3.83530273438
-3.83291015625
-3.88793945313
-3.88076171875
-3.69653320313
-3.617578125
-3.51708984375
-3.23955078125
-3.09838867188
-2.86630859375
-2.72275390625
-2.50502929688
-2.22749023438
-2.086328125
-1.72744140625
-1.60541992188
-1.39008789063
-1.26567382813
-1.09340820313
-1.05512695313
-0.940283203125
-1.08623046875
-1.0431640625
-1.11494140625
-1.167578125
-1.10297851563
-1.32309570313
-1.35180664062
-1.42836914063
-1.51928710938
-1.68676757813
-1.73701171875
-1.71547851563
-1.96669921875
-2.07197265625
-2.09350585938
-2.162890625
-2.31362304688
-2.36865234375
-2.35190429688
-2.55288085938
-2.67729492188
-2.68686523438
-2.74428710938
-2.85673828125
-2.83041992188
-2.8423828125
-2.88784179688
-2.928515625
-2.95004882813
-2.98115234375
-2.97875976562
-2.94526367188
-2.94765625
-2.92133789063
-2.77060546875
-2.95483398438
-2.96201171875
-2.99790039063
-3.04814453125
-3.005078125
-3.00986328125
-2.99311523438
-3.01225585938
-3.00986328125
-2.90458984375
-2.92133789063
-2.90219726563
-2.79453125
-2.72275390625
-2.74428710938
-2.71557617188
-2.55766601563
-2.5169921875
-2.54091796875
-2.34951171875
-2.21313476562
-2.14614257813
-2.03369140625
-1.73461914063
-1.62934570313
-1.50971679688
-1.38291015625
-1.27763671875
-1.01684570312
-0.9091796875
-0.638818359375
-0.509619140625
-0.313427734375
-0.193798828125
-0.13876953125
0.093310546875
0.198583984375
0.385205078125
0.547900390625
0.74169921875
0.823046875
1.04794921875
1.14125976563
1.25610351562
1.49296875
1.67958984375
1.76333007813
1.95712890625
2.09350585938
2.26098632812
2.3638671875
2.43803710938
2.45478515625
2.54809570312
2.57680664063
2.61748046875
2.603125
2.64379882812
2.60073242188
2.583984375
2.583984375
2.56005859375
2.57919921875
2.56245117188
2.64619140625
2.65336914063
2.75385742188
2.86391601563
2.90458984375
2.9859375
3.15341796875
3.09360351563
3.3400390625
3.62954101563
3.77309570313
3.98364257813
4.33774414063
4.56264648438
4.69423828125
4.82583007813
5.08662109375
5.187109375
5.33784179688
5.38090820313
5.8474609375
5.96948242188
6.10107421875
6.24223632813
6.44560546875
6.56044921875
6.83559570313
6.93129882813
6.95043945313
6.98154296875
7.23515625
7.22319335938
7.43134765625
7.41938476563
7.65625
7.72802734375
7.77827148438
7.8380859375
7.95053710938
7.88354492188
8.14672851562
8.21372070313
8.19936523438
8.287890625
8.364453125
8.33813476562
8.40512695313
8.54389648438
8.55346679688
8.47211914063
8.57978515625
8.66591796875
8.62763671875
8.61328125
8.73530273438
8.83818359375
8.74487304688
8.74248046875
8.670703125
8.575
8.61806640625
8.60610351563
8.2208984375
8.05102539062
7.8955078125
7.76391601563
7.56293945313
7.33564453125
7.27104492188
7.1873046875
7.196875
7.22797851563
7.24951171875
7.28061523438
7.2255859375
7.1107421875
7.06767578125
6.986328125
6.71118164063
6.52216796875
6.29965820313
5.95034179688
5.70629882812
5.31391601563
5.00288085938
4.45258789063
4.21811523438
3.8185546875
3.53862304688
3.26586914063
2.775390625
2.57919921875
1.95712890625
1.66762695313
1.167578125
0.95224609375
0.81826171875
0.543115234375
0.3541015625
0.133984375
0.0478515625
-0.1052734375
-0.18662109375
-0.222509765625
-0.260791015625
-0.31103515625
-0.528759765625
-0.576611328125
-0.667529296875
-0.753662109375
-0.82783203125
-1.167578125
-1.34462890625
-1.45708007813
-1.72983398438
-1.84467773438
-2.08872070313
-2.28012695313
-2.33515625
-2.545703125
-2.60791015625
-2.70122070313
-2.76342773438
-2.77778320313
-2.80888671875
-2.86391601563
-2.92373046875
-2.91655273438
-2.83520507812
-2.79453125
-2.90698242188
-2.69404296875
-2.42846679688
-2.25141601563
-2.01215820313
-1.68676757813
-1.39248046875
-1.2537109375
-1.167578125
-0.9283203125
-0.9091796875
-0.624462890625
-0.5072265625
-0.3541015625
-0.308642578125
-0.270361328125
-0.2775390625
-0.29189453125
-0.34931640625
-0.409130859375
-0.509619140625
-0.557470703125
-0.686669921875
-0.746484375
-0.765625
-0.835009765625
-0.906787109375
-0.9091796875
-0.9091796875
-0.882861328125
-0.899609375
-1.03598632813
-0.83740234375
-0.85654296875
-0.835009765625
-0.823046875
-0.87568359375
-0.85654296875
-0.7751953125
-0.768017578125
-0.76083984375
-0.801513671875
-0.825439453125
-0.81826171875
-0.873291015625
