3.51708984375
3.49794921875
3.45009765625
3.349609375
3.26826171875
3.20366210938
3.00029296875
2.96918945313
2.84956054688
2.89262695313
2.62465820313
2.50263671875
2.42368164063
2.22509765625
2.04326171875
1.90688476563
1.77768554688
1.54560546875
1.39248046875
1.2728515625
1.07666015625
1.02163085938
0.887646484375
0.811083984375
0.701025390625
0.634033203125
0.576611328125
0.495263671875
0.40673828125
0.433056640625
0.42587890625
0.45458984375
0.3923828125
0.3923828125
0.389990234375
0.36845703125
0.36845703125
0.3732421875
0.363671875
0.3541015625
0.34931640625
0.33974609375
0.40673828125
0.399560546875
0.409130859375
0.40673828125
0.37802734375
0.33017578125
0.2966796875
0.279931640625
0.299072265625
0.117236328125
0.021533203125
-0.0669921875
-0.19619140625
-0.265576171875
-0.279931640625
-0.404345703125
-0.423486328125
-0.485693359375
-0.57900390625
-0.476123046875
-0.634033203125
-0.681884765625
-0.739306640625
-0.748876953125
-0.7751953125
-0.8134765625
-0.85654296875
-0.89482421875
-0.95224609375
-0.9857421875
-0.973779296875
-0.978564453125
-1.04555664063
-1.02641601563
-0.93310546875
-1.12211914063
-1.014453125
-1.0240234375
-1.0240234375
-1.04794921875
-1.06708984375
-1.08383789063
-1.01684570312
-1.2537109375
-1.25610351562
-1.28002929688
-1.36616210938
-1.33984375
-1.34702148438
-1.42358398438
-1.50014648438
-1.44990234375
-1.48818359375
-1.51928710938
-1.50493164063
-1.60541992188
-1.63173828125
-1.67958984375
-1.67958984375
-1.6939453125
-1.6939453125
-1.71069335938
-1.72026367188
-1.77290039063
-1.77290039063
-1.8087890625
-1.83032226563
-1.8375
-1.8375
-1.85903320313
-1.89013671875
-1.9044921875
-1.91645507813
-1.91645507813
-1.9619140625
-2.00498046875
-2.0001953125
-2.0001953125
-1.95952148438
-1.94038085938
-1.96669921875
-1.96669921875
-1.95712890625
-1.94995117188
-1.96669921875
-1.96669921875
-1.95952148438
-1.94755859375
-1.93081054688
-1.93081054688
-1.85424804688
-1.78247070313
-1.80400390625
-1.80400390625
-1.83989257813
-1.83510742188
-1.83510742188
-1.83989257813
-1.82075195313
-1.75615234375
-1.75615234375
-1.74418945313
-1.73940429688
-1.69873046875
-1.69873046875
-1.6556640625
-1.6078125
-1.58149414063
-1.58149414063
-1.56953125
-1.5599609375
-1.53364257813
-1.53364257813
-1.53364257813
-1.52407226563
-1.4546875
-1.4546875
-1.39487304688
-1.34223632813
-1.33505859375
-1.33505859375
-1.31352539063
-1.30634765625
-1.320703125
-1.320703125
-1.2919921875
-1.28002929688
-1.29677734375
-1.29677734375
-1.32309570313
-1.31831054688
-1.28959960938
-1.28959960938
-1.22739257813
-1.18911132813
-1.1771484375
-1.1771484375
-1.167578125
-1.17475585938
-1.17236328125
-1.17236328125
-1.17236328125
-1.1771484375
-1.16518554688
-1.16518554688
-1.1484375
-1.15561523438
-1.13647460938
-1.13647460938
-1.06948242188
-1.05991210938
-1.07905273438
-1.07905273438
-1.03837890625
-1.02163085938
-1.0431640625
-1.0431640625
-1.02880859375
-1.014453125
-0.99052734375
-0.99052734375
-0.964208984375
-0.945068359375
-0.921142578125
-0.921142578125
-0.90439453125
-0.906787109375
-0.899609375
-0.899609375
-0.85654296875
-0.8421875
-0.84697265625
-0.84697265625
-0.85654296875
-0.8326171875
-0.8326171875
-0.801513671875
-0.801513671875
-0.796728515625
-0.796728515625
-0.77998046875
-0.734521484375
-0.696240234375
-0.696240234375
-0.696240234375
-0.686669921875
-0.669921875
-0.669921875
-0.677099609375
-0.677099609375
-0.669921875
-0.669921875
-0.6603515625
-0.64599609375
-0.629248046875
-0.629248046875
-0.6125
-0.6029296875
-0.600537109375
-0.600537109375
-0.614892578125
-0.634033203125
-0.624462890625
-0.624462890625
-0.638818359375
-0.6794921875
-0.672314453125
-0.672314453125
-0.66513671875
-0.672314453125
-0.667529296875
-0.667529296875
-0.662744140625
-0.6603515625
-0.653173828125
-0.653173828125
-0.672314453125
-0.691455078125
-0.6986328125
-0.6986328125
-0.6890625
-0.681884765625
-0.710595703125
-0.710595703125
-0.7560546875
-0.77041015625
-0.787158203125
-0.7943359375
-0.8134765625
-0.806298828125
-0.825439453125
-0.868505859375
-0.873291015625
-0.854150390625
-0.8708984375
-0.84697265625
-0.8326171875
-0.85654296875
-0.878076171875
-0.878076171875
-0.87568359375
-0.839794921875
-0.861328125
-0.825439453125
-0.801513671875
-0.77041015625
-0.746484375
-0.724951171875
-0.629248046875
-0.576611328125
-0.480908203125
-0.5263671875
-0.256005859375
-0.212939453125
-0.299072265625
-0.33017578125
-0.3158203125
-0.246435546875
-0.26318359375
-0.28232421875
-0.25361328125
-0.28232421875
-0.2296875
-0.2392578125
-0.22490234375
-0.1818359375
-0.184228515625
-0.16748046875
-0.28232421875
-0.232080078125
-0.270361328125
-0.26318359375
-0.294287109375
-0.342138671875
-0.361279296875
-0.44501953125
-0.466552734375
-0.495263671875
-0.50244140625
-0.49287109375
-0.54072265625
-0.557470703125
-0.60771484375
-0.57421875
-0.59814453125
-0.60771484375
-0.600537109375
-0.610107421875
-0.669921875
-0.734521484375
-0.782373046875
-0.777587890625
-0.84697265625
-0.863720703125
-0.8708984375
-0.882861328125
-0.796728515625
-0.9857421875
-1.071875
-0.916357421875
-0.935498046875
-0.98095703125
-0.95224609375
-0.78955078125
-0.937890625
-0.899609375
-0.8517578125
-0.83740234375
-0.7943359375
-0.744091796875
-0.7369140625
-0.715380859375
-0.65078125
-0.6220703125
-0.555078125
-0.6029296875
-0.43544921875
-0.447412109375
-0.423486328125
-0.363671875
-0.413916015625
-0.401953125
-0.366064453125
-0.409130859375
-0.447412109375
-0.423486328125
-0.437841796875
-0.385205078125
-0.3732421875
-0.38759765625
-0.29189453125
-0.248828125
-0.26318359375
-0.236865234375
-0.193798828125
-0.366064453125
-0.363671875
-0.318212890625
-0.327783203125
-0.3732421875
-0.40673828125
-0.380419921875
-0.36845703125
-0.346923828125
-0.37802734375
-0.337353515625
-0.36845703125
-0.366064453125
-0.351708984375
-0.346923828125
-0.35888671875
-0.404345703125
-0.389990234375
-0.440234375
-0.45458984375
-0.4689453125
-0.53115234375
-0.586181640625
-0.66513671875
-0.691455078125
-0.708203125
-0.720166015625
-0.7369140625
-0.80390625
-0.74169921875
-0.720166015625
-0.787158203125
-0.7943359375
-0.899609375
-0.9666015625
-0.968994140625
-0.911572265625
-0.825439453125
-0.81826171875
-0.81826171875
-0.7751953125
-0.729736328125
-0.691455078125
-0.80869140625
-0.887646484375
-0.858935546875
-0.844580078125
-0.88525390625
-0.715380859375
-0.672314453125
-0.4880859375
-0.428271484375
-0.366064453125
-0.342138671875
-0.308642578125
-0.2392578125
-0.246435546875
-0.208154296875
-0.208154296875
-0.169873046875
-0.193798828125
-0.165087890625
-0.11005859375
-0.12919921875
-0.122021484375
-0.1052734375
-0.1435546875
-0.172265625
-0.212939453125
-0.208154296875
-0.22490234375
-0.2966796875
-0.2775390625
-0.251220703125
-0.289501953125
-0.26796875
-0.327783203125
-0.351708984375
-0.3732421875
-0.433056640625
-0.471337890625
-0.547900390625
-0.5646484375
-0.58857421875
-0.576611328125
-0.610107421875
-0.624462890625
-0.610107421875
-0.6890625
-0.67470703125
-0.669921875
-0.6412109375
-0.619677734375
-0.571826171875
-0.552685546875
-0.60771484375
-0.64599609375
-0.701025390625
-0.748876953125
-0.768017578125
-0.801513671875
-0.820654296875
-0.916357421875
-0.949853515625
-0.9857421875
-1.02641601563
-1.0623046875
-1.091015625
-1.12211914063
-1.18193359375
-1.17954101563
-1.18911132813
-1.23935546875
-1.24174804688
-1.2345703125
-1.26567382813
-1.26088867188
-1.23696289063
-1.25610351562
-1.23217773438
-1.2345703125
-1.25849609375
-1.27763671875
