1.30634765625
1.22739257813
1.06469726562
1.03837890625
0.94267578125
0.88046875
0.715380859375
0.677099609375
0.62685546875
0.59814453125
0.516796875
0.500048828125
0.58857421875
0.380419921875
0.31103515625
0.2009765625
0.150732421875
0.16748046875
0.208154296875
0.299072265625
0.32060546875
0.3158203125
0.287109375
0.26318359375
0.193798828125
0.2201171875
0.236865234375
0.246435546875
0.287109375
0.284716796875
0.375634765625
0.37802734375
0.4115234375
0.466552734375
0.586181640625
0.452197265625
0.55029296875
0.552685546875
0.5359375
0.562255859375
0.600537109375
0.638818359375
0.643603515625
0.65556640625
0.686669921875
0.74169921875
0.791943359375
0.801513671875
0.772802734375
0.78955078125
0.79912109375
0.8134765625
0.80390625
0.758447265625
0.801513671875
0.791943359375
0.74169921875
0.791943359375
0.79912109375
0.79912109375
0.763232421875
0.811083984375
0.811083984375
0.787158203125
0.748876953125
0.76083984375
0.748876953125
0.79912109375
0.79912109375
0.911572265625
0.80390625
0.801513671875
0.820654296875
0.897216796875
0.8708984375
0.899609375
1.02641601563
0.868505859375
0.844580078125
0.844580078125
0.8517578125
0.81826171875
0.7943359375
0.765625
0.763232421875
0.72734375
0.74169921875
0.753662109375
0.73212890625
0.729736328125
0.61728515625
0.6125
0.643603515625
0.66513671875
0.614892578125
0.586181640625
0.57900390625
0.581396484375
0.581396484375
0.60771484375
0.643603515625
0.67470703125
0.67470703125
0.662744140625
0.643603515625
0.64599609375
0.64599609375
0.64599609375
0.619677734375
0.72734375
0.57421875
0.557470703125
0.55986328125
0.5455078125
0.5455078125
0.516796875
0.50244140625
0.461767578125
0.461767578125
0.40673828125
0.401953125
0.366064453125
0.366064453125
0.3158203125
0.3158203125
0.456982421875
0.303857421875
0.241650390625
0.203369140625
0.1818359375
0.1818359375
0.145947265625
0.11005859375
0.069384765625
0.069384765625
0.03349609375
0.002392578125
0.002392578125
-0.011962890625
-0.05263671875
-0.122021484375
-0.122021484375
-0.1626953125
-0.198583984375
-0.2201171875
-0.2201171875
-0.248828125
-0.287109375
-0.30146484375
-0.30146484375
-0.36845703125
-0.44501953125
-0.480908203125
-0.480908203125
-0.509619140625
-0.53115234375
-0.55029296875
-0.55029296875
-0.58857421875
-0.6125
-0.643603515625
-0.643603515625
-0.643603515625
-0.629248046875
-0.624462890625
-0.624462890625
-0.605322265625
-0.593359375
-0.562255859375
-0.562255859375
-0.571826171875
-0.614892578125
-0.638818359375
-0.638818359375
-0.64599609375
-0.6412109375
-0.667529296875
-0.667529296875
-0.691455078125
-0.681884765625
-0.686669921875
-0.686669921875
-0.669921875
-0.65556640625
-0.65556640625
-0.65556640625
-0.629248046875
-0.595751953125
-0.6125
-0.6125
-0.605322265625
-0.5837890625
-0.4880859375
-0.6412109375
-0.648388671875
-0.6125
-0.47373046875
-0.62685546875
-0.6412109375
-0.64599609375
-0.634033203125
-0.634033203125
-0.619677734375
-0.6220703125
-0.624462890625
-0.624462890625
-0.63642578125
-0.61728515625
-0.76083984375
-0.60771484375
-0.63642578125
-0.629248046875
-0.638818359375
-0.638818359375
-0.68427734375
-0.677099609375
-0.63642578125
-0.63642578125
-0.64599609375
-0.657958984375
-0.631640625
-0.631640625
-0.63642578125
-0.6412109375
-0.614892578125
-0.605322265625
-0.605322265625
-0.643603515625
-0.6794921875
-0.65556640625
-0.65556640625
-0.6603515625
-0.677099609375
-0.6890625
-0.6890625
-0.6986328125
-0.662744140625
-0.6794921875
-0.6794921875
-0.696240234375
-0.648388671875
-0.6125
-0.6125
-0.610107421875
-0.62685546875
-0.6220703125
-0.6220703125
-0.57421875
-0.57900390625
-0.6029296875
-0.6029296875
-0.57421875
-0.557470703125
-0.562255859375
-0.562255859375
-0.533544921875
-0.51201171875
-0.528759765625
-0.516796875
-0.600537109375
-0.42109375
-0.433056640625
-0.404345703125
-0.3923828125
-0.380419921875
-0.37802734375
-0.423486328125
-0.399560546875
-0.3923828125
-0.440234375
-0.442626953125
-0.42587890625
-0.42587890625
-0.42587890625
-0.428271484375
-0.428271484375
-0.380419921875
-0.385205078125
-0.433056640625
-0.480908203125
-0.495263671875
-0.476123046875
-0.366064453125
-0.35888671875
-0.389990234375
-0.3541015625
-0.32060546875
-0.35888671875
-0.39716796875
-0.39716796875
-0.4115234375
-0.389990234375
-0.346923828125
-0.3349609375
-0.363671875
-0.433056640625
-0.490478515625
-0.54072265625
-0.614892578125
-0.6029296875
-0.614892578125
-0.638818359375
-0.744091796875
-0.624462890625
-0.7177734375
-0.70341796875
-0.6986328125
-0.739306640625
-0.80390625
-0.89482421875
-0.937890625
-0.983349609375
-0.9283203125
-1.14604492188
-1.15561523438
-1.13168945313
-1.18432617188
-1.22739257813
-1.24653320313
-1.22260742188
-1.2345703125
-1.25849609375
-1.282421875
-1.26806640625
-1.26328125
-1.320703125
-1.34223632813
-1.36137695313
-1.37333984375
-1.41879882813
-1.44750976562
-1.46186523438
-1.47861328125
-1.53603515625
-1.60541992188
-1.5408203125
-1.70112304688
-1.7513671875
-1.8279296875
-1.83271484375
-1.8279296875
-1.8470703125
-1.92602539063
-1.98583984375
-2.00258789063
-2.08393554688
-2.10786132813
-2.14135742188
-2.22509765625
-2.27294921875
-2.32797851563
-2.3638671875
-2.29926757813
-2.49067382813
-2.4978515625
-2.50263671875
-2.5552734375
-2.53134765625
-2.6892578125
-2.71796875
-2.72993164063
-2.67490234375
-2.61030273438
-2.63422851563
-2.5935546875
-2.46196289063
-2.34951171875
-2.27294921875
-2.06479492188
-1.933203125
-1.83510742188
-1.75854492188
-1.72026367188
-1.684375
-1.5216796875
-1.44750976562
-1.39248046875
-1.397265625
-1.31591796875
-1.33266601563
-1.3494140625
-1.435546875
-1.54799804688
-1.55278320313
-1.72744140625
-1.8087890625
-1.7896484375
-1.8087890625
-1.8375
-1.88295898438
-1.94516601563
-1.98583984375
-1.9810546875
-1.98344726563
-1.89731445313
-1.80639648438
-1.8375
-1.6556640625
-1.60302734375
-1.5599609375
-1.50732421875
-1.58388671875
-1.60302734375
-1.57670898438
-1.6078125
-1.56474609375
-1.741796875
-1.54560546875
-1.69873046875
-1.63413085938
-1.65087890625
-1.64848632813
-1.684375
-1.65087890625
-1.57670898438
-1.56235351563
-1.61499023438
-1.59345703125
-1.55517578125
-1.56474609375
-1.54560546875
-1.56713867188
-1.550390625
-1.57192382813
-1.4833984375
-1.47622070313
-1.473828125
-1.44750976562
-1.48100585938
-1.46186523438
-1.56235351563
-1.5982421875
-1.54321289063
-1.67719726563
-1.73940429688
-1.74418945313
-1.79443359375
-1.86381835938
-1.87338867188
-1.93798828125
-1.94038085938
-1.92841796875
-1.90927734375
-1.9236328125
-1.87338867188
-1.9810546875
-2.048046875
-1.96909179688
-1.90209960938
-1.96909179688
-2.23706054688
-2.35668945312
-2.34233398438
-2.52177734375
-2.737109375
-2.7849609375
-2.89262695313
-2.90698242188
-2.93569335938
-2.76342773438
-2.7658203125
-2.48349609375
-2.42368164063
-2.25859375
-2.2873046875
-1.99780273438
-1.87817382813
-1.7513671875
-1.5982421875
-1.44750976562
-1.33505859375
-0.978564453125
-0.784765625
-0.681884765625
-0.581396484375
-0.45458984375
-0.28232421875
-0.0861328125
0.18662109375
0.385205078125
0.52158203125
0.593359375
0.672314453125
0.62685546875
0.83740234375
0.89482421875
0.964208984375
1.052734375
1.18432617188
1.1771484375
1.11733398438
1.15083007813
1.14365234375
1.05034179688
1.16040039062
1.11494140625
1.0814453125
0.95703125
0.88046875
0.878076171875
