-3.18212890625
-3.01225585938
-2.74189453125
-2.7466796875
-2.85434570313
-2.86391601563
-2.76821289063
-2.9859375
-3.05771484375
-3.08881835938
-3.26826171875
-3.27543945313
-3.44291992188
-3.541015625
-3.70849609375
-3.90947265625
-4.10805664063
-4.23247070313
-4.58896484375
-4.93349609375
-4.93349609375
-5.01962890625
-4.957421875
-4.746875
-4.65834960938
-4.268359375
-3.9046875
-3.54580078125
-3.4740234375
-3.3783203125
-3.30893554688
-3.2443359375
-3.19887695313
-2.89501953125
-2.72275390625
-2.74189453125
-2.57919921875
-2.56962890625
-2.38779296875
-2.44521484375
-2.31840820313
-2.28969726563
-2.29448242188
-2.28969726563
-2.14614257813
-2.296875
-2.30883789062
-2.40454101562
-2.43325195313
-2.54331054688
-2.52895507813
-2.660546875
-2.59116210938
-2.71796875
-2.63901367188
-2.55766601563
-2.5265625
-2.3830078125
-2.28491210938
-2.09111328125
-1.96909179688
-1.79443359375
-1.53842773438
-1.18911132813
-0.844580078125
-0.519189453125
-0.0478515625
0.212939453125
0.476123046875
0.87568359375
1.0814453125
1.46186523438
1.73940429688
2.009765625
2.31362304688
2.38061523438
2.41411132813
2.44760742188
2.4595703125
2.51938476563
2.51220703125
2.4595703125
2.63422851563
2.58637695313
2.45239257812
2.41889648438
2.29448242188
2.2298828125
2.25859375
2.15810546875
2.15810546875
2.03129882813
2.086328125
1.91884765625
1.91166992188
1.87338867188
1.86860351563
1.87099609375
1.9236328125
2.33754882813
2.16528320312
2.69165039062
2.6126953125
2.7466796875
2.67250976563
2.70122070313
2.73950195312
2.85434570313
3.02421875
2.87348632813
2.8998046875
2.84956054688
2.83759765625
2.85434570313
2.87348632813
2.89262695313
2.9380859375
2.96918945313
2.909375
3.06967773438
3.10795898438
3.02182617188
3.05532226563
3.081640625
3.11752929688
3.08881835938
3.09599609375
3.17255859375
3.20366210938
3.20844726563
3.1103515625
3.02421875
3.005078125
2.660546875
2.54091796875
2.35908203125
2.26577148438
2.0576171875
1.90209960938
1.66762695313
1.1962890625
0.811083984375
0.471337890625
0.007177734375
-0.260791015625
-0.442626953125
-0.37802734375
-0.77998046875
-0.92353515625
-1.16279296875
-1.33505859375
-1.5025390625
-1.512109375
-1.49536132812
-1.41162109375
-1.29438476563
-1.19389648438
-0.992919921875
-0.77041015625
-0.562255859375
-0.155517578125
0.078955078125
0.3732421875
0.7369140625
1.31831054688
1.48100585938
1.435546875
1.78725585938
1.41879882813
2.30883789062
3.02182617188
2.90219726563
2.64619140625
2.3255859375
2.26098632812
2.41171875
1.9810546875
1.626953125
1.6939453125
1.99541015625
1.97626953125
1.61259765625
1.18911132813
0.835009765625
0.256005859375
0.1052734375
-0.064599609375
-0.011962890625
-0.31103515625
-0.35888671875
-0.428271484375
-0.375634765625
-0.356494140625
-0.447412109375
-0.6125
-0.784765625
-0.768017578125
-0.8326171875
-0.77998046875
-1.07666015625
-1.05512695313
-1.09340820313
-1.18193359375
-1.16518554688
-1.17475585938
-1.29677734375
-1.38530273438
-1.6365234375
-1.894921875
-2.18442382813
-2.48588867188
-2.737109375
-2.86870117188
-3.06967773438
-3.23715820313
-3.45966796875
-3.78745117188
-3.86162109375
-4.19418945313
-4.49326171875
-4.689453125
-4.81147460938
-4.99809570313
-5.09140625
-5.187109375
-5.20864257813
-5.19907226563
-4.90239257813
-4.68706054688
-4.54829101563
-4.18701171875
-3.88315429688
-3.6080078125
-3.47880859375
-3.311328125
-3.158203125
-3.04814453125
-3.00986328125
-3.02661132812
-3.10078125
-3.1677734375
-3.14384765625
-3.22758789063
-3.311328125
-3.34482421875
-3.4453125
-3.48120117188
-3.67021484375
-3.29697265625
-3.22758789063
-3.06967773438
-2.95961914063
-2.80649414063
-2.68447265625
-2.61748046875
-2.48110351563
-2.39736328125
-2.7275390625
-2.8232421875
-3.16059570313
-3.25390625
-3.27065429688
-3.29936523438
-3.58647460938
-3.7228515625
-3.8568359375
-3.87836914063
-3.85922851563
-3.73002929688
-3.50512695313
-3.26108398438
-3.00747070313
-2.74907226563
-2.59833984375
-1.9140625
-1.63413085938
-1.46665039063
-1.25849609375
-1.18911132813
-0.91875
-0.858935546875
-0.791943359375
-0.7751953125
-0.6986328125
-0.65556640625
-0.461767578125
-0.385205078125
-0.31103515625
-0.26796875
-0.198583984375
-0.131591796875
-0.11484375
-0.09091796875
-0.117236328125
-0.160302734375
-0.217724609375
-0.2296875
-0.19619140625
-0.428271484375
-0.495263671875
-0.528759765625
-0.586181640625
-0.705810546875
-0.746484375
-0.768017578125
-0.772802734375
-0.8326171875
-0.88525390625
-0.777587890625
-0.992919921875
-0.992919921875
-0.983349609375
-0.973779296875
-0.95703125
-0.94267578125
-0.949853515625
-0.899609375
-0.796728515625
-0.9666015625
-0.973779296875
-0.940283203125
-0.9666015625
-0.964208984375
-0.95224609375
-0.954638671875
-0.92353515625
-0.878076171875
-0.844580078125
-0.806298828125
-0.6603515625
-0.56943359375
-0.50244140625
-0.45458984375
-0.394775390625
-0.179443359375
-0.13876953125
-0.035888671875
0.026318359375
0.145947265625
0.198583984375
0.232080078125
0.409130859375
0.423486328125
0.5263671875
0.610107421875
0.715380859375
0.772802734375
0.849365234375
0.93310546875
0.988134765625
1.12451171875
1.18432617188
1.29438476563
1.33266601563
1.44990234375
1.49536132812
1.550390625
1.703515625
1.7130859375
1.82314453125
1.85424804688
1.87099609375
1.89252929688
1.90927734375
1.97387695313
1.99301757813
2.03129882813
2.086328125
2.162890625
2.16528320312
2.18203125
2.2203125
2.26098632812
2.1533203125
2.33037109375
2.3734375
2.430859375
2.50263671875
2.50502929688
2.57919921875
2.5744140625
2.56484375
2.5169921875
2.52416992188
2.5744140625
2.64379882812
2.70600585938
2.85434570313
2.90458984375
3.01225585938
3.0720703125
3.08881835938
3.09599609375
3.13427734375
3.15581054688
3.1390625
3.18452148438
3.16059570313
3.10556640625
3.521875
3.48837890625
3.37353515625
3.48359375
3.54819335938
3.48837890625
3.36875
3.55297851563
3.5314453125
3.54819335938
3.58408203125
3.66303710938
3.6845703125
3.71567382813
3.71328125
3.79223632813
3.84248046875
3.92143554688
4.05541992188
4.15112304688
4.32817382813
4.41430664062
4.52436523438
4.5458984375
4.5841796875
4.73012695313
4.73491210938
4.88803710938
4.89521484375
4.78754882813
5.01962890625
5.03876953125
5.03637695312
5.05073242188
4.995703125
5.01723632813
5.0435546875
4.99331054688
4.93588867188
4.82583007813
4.8904296875
4.63681640625
4.5650390625
4.536328125
4.32578125
4.230078125
4.24682617188
4.30424804688
4.47890625
4.60571289062
4.9287109375
5.09379882813
5.21103515625
5.42397460938
5.41440429688
5.36416015625
5.2828125
5.09619140625
4.93588867188
4.83061523438
4.28032226563
3.99560546875
3.59604492188
3.387890625
3.12231445313
2.92612304688
2.85913085938
2.622265625
2.57919921875
2.35190429688
2.31123046875
2.18920898438
2.12939453125
2.009765625
1.75615234375
1.80161132813
1.63173828125
1.62216796875
1.5982421875
1.63413085938
1.74897460938
1.78486328125
1.91884765625
1.98583984375
2.0958984375
2.1916015625
2.21552734375
2.3734375
2.354296875
2.39736328125
2.43325195313
2.45
2.52895507813
2.57919921875
2.68208007813
2.74907226563
2.79213867188
2.78974609375
2.78256835938
2.77060546875
2.7466796875
