4.73012695313
4.78994140625
4.84736328125
4.97895507813
5.01245117188
5.19189453125
5.00766601563
4.87846679688
4.72055664063
4.89521484375
4.70620117188
4.62485351563
4.55786132812
4.40952148438
4.32578125
4.19418945313
4.14155273438
3.99799804688
3.89033203125
3.84008789063
3.80659179688
3.7419921875
3.72045898438
3.7611328125
3.94057617188
3.94536132813
4.02431640625
4.22290039062
4.23725585938
4.34013671875
4.344921875
4.51479492188
4.53393554688
4.47412109375
4.383203125
4.32578125
4.25400390625
4.25161132813
4.01235351563
3.86162109375
3.7802734375
3.62954101563
3.56494140625
3.4548828125
3.426171875
3.34482421875
3.1103515625
3.02661132812
2.95961914063
2.90219726563
2.813671875
2.77778320313
2.75146484375
2.74189453125
2.61030273438
2.46196289063
2.33754882813
1.96669921875
1.77768554688
1.77768554688
1.40444335938
1.03120117188
0.763232421875
0.4880859375
0.169873046875
-0.095703125
-0.26318359375
-0.3923828125
-0.748876953125
-0.8326171875
-0.873291015625
-0.9666015625
-1.32309570313
-1.66762695313
-1.68916015625
-1.550390625
-1.71069335938
-1.67001953125
-1.77768554688
-1.8375
-1.85903320313
-1.8853515625
-1.91166992188
-1.89252929688
-1.91884765625
-1.97866210938
-1.95234375
-1.9810546875
-1.91884765625
-1.93081054688
-1.89252929688
-1.87099609375
-1.85903320313
-1.80639648438
-1.73701171875
-1.990625
-2.10307617188
-2.1916015625
-2.27294921875
-2.40454101562
-2.45717773438
-2.54331054688
-2.59594726562
-2.64379882812
-2.8041015625
-2.83520507812
-2.87109375
-2.9189453125
-2.90458984375
-2.91655273438
-2.89741210938
-2.89501953125
-2.89262695313
-2.890234375
-2.89741210938
-2.928515625
-2.99072265625
-3.02900390625
-2.98354492188
-2.94765625
-2.99311523438
-3.02900390625
-3.00747070313
-2.83041992188
-2.78735351562
-2.87827148438
-2.97397460938
-3.0529296875
-3.119921875
-3.17016601563
-3.22998046875
-3.16059570313
-3.17016601563
-3.215625
-3.12231445313
-2.966796875
-2.99072265625
-3.02661132812
-2.79692382813
-2.737109375
-2.72993164063
-2.54331054688
-2.37583007813
-2.33515625
-2.20834960938
-2.0958984375
-2.0576171875
-1.91884765625
-1.88295898438
-1.87338867188
-1.89970703125
-2.04565429688
-2.06000976563
-2.32797851563
-2.37104492188
-2.66293945313
-2.97875976562
-3.16298828125
-3.07924804688
-3.4548828125
-3.48598632813
-3.48120117188
-3.50512695313
-3.42138671875
-3.37353515625
-3.349609375
-3.28979492188
-3.14624023438
-2.96201171875
-2.86870117188
-2.8615234375
-2.59116210938
-2.50263671875
-2.18681640625
-2.03129882813
-1.8853515625
-1.83271484375
-1.65327148438
-1.55517578125
-1.51928710938
-1.47622070313
-1.4833984375
-1.46665039063
-1.40205078125
-1.50732421875
-1.3111328125
-1.320703125
-1.30395507812
-1.39487304688
-1.48579101563
-1.5216796875
-1.62934570313
-1.76333007813
-1.81118164063
-1.9044921875
-1.81118164063
-1.91645507813
-1.91166992188
-1.86381835938
-1.98583984375
-1.97866210938
-1.89013671875
-1.81596679688
-1.62934570313
-1.43076171875
-1.33745117188
-1.2537109375
-1.16279296875
-1.01923828125
-0.96181640625
-0.815869140625
-0.720166015625
-0.68427734375
-0.452197265625
-0.4306640625
-0.126806640625
-0.145947265625
0.08134765625
0.21533203125
0.366064453125
0.44501953125
0.5072265625
0.6986328125
0.777587890625
0.823046875
0.91875
0.9474609375
1.05512695313
1.1005859375
1.16997070313
1.45229492188
1.512109375
1.57670898438
1.58149414063
1.61977539063
1.66044921875
1.69633789063
1.780078125
1.83989257813
1.894921875
1.88774414063
1.90927734375
1.88056640625
1.90688476563
1.95952148438
1.94995117188
2.0193359375
1.93559570313
1.99301757813
1.96430664063
2.02651367188
2.01694335938
2.04086914063
2.05522460938
2.06000976563
2.08154296875
2.0958984375
2.08872070313
2.1533203125
2.35190429688
1.89970703125
1.49536132812
1.88056640625
2.31840820313
2.43325195313
2.47631835938
2.48110351563
2.45717773438
2.3734375
2.42368164063
2.52416992188
2.59116210938
2.6701171875
2.70600585938
2.72993164063
2.72993164063
2.78974609375
2.76103515625
3.00268554688
3.10078125
3.39028320313
3.48359375
3.57451171875
3.87358398438
4.07216796875
3.56015625
3.41899414063
3.73002929688
4.25161132813
4.35209960938
4.35209960938
4.35927734375
4.42626953125
4.34013671875
4.230078125
4.22290039062
4.24682617188
4.29946289063
4.30903320313
4.33774414063
4.55307617188
4.63442382813
4.8330078125
4.93110351563
4.9861328125
5.26606445313
5.36176757813
5.56752929688
5.79721679688
5.86899414063
5.97666015625
6.08671875
6.11782226563
6.2302734375
6.20874023438
6.19916992188
6.182421875
6.067578125
6.03168945313
6.03647460938
5.88334960938
5.80200195312
5.73740234375
5.54599609375
5.32109375
5.21821289063
4.93588867188
4.7564453125
4.440625
4.12958984375
3.9716796875
3.694140625
3.57451171875
3.33286132813
3.18930664063
2.89501953125
2.80649414063
2.58637695313
2.48828125
2.2203125
2.09829101563
1.90688476563
1.80400390625
1.77290039063
1.397265625
1.28481445313
1.26806640625
1.25849609375
1.27763671875
1.33266601563
1.378125
1.51450195313
1.37094726563
1.40922851563
1.41879882813
1.473828125
1.53842773438
1.58388671875
1.5982421875
1.6173828125
1.57670898438
1.6556640625
1.4259765625
1.33984375
1.04555664063
1.052734375
0.839794921875
0.7560546875
0.55029296875
0.480908203125
0.31103515625
0.210546875
0.05263671875
-0.035888671875
-0.11005859375
-0.318212890625
-0.433056640625
-0.485693359375
-0.77998046875
-0.921142578125
-1.11254882812
-1.1962890625
-1.36616210938
-1.48100585938
-1.5599609375
-1.76333007813
-1.82314453125
-1.92841796875
-2.00258789063
-2.10546875
-2.24184570313
-2.2107421875
-2.41889648438
-2.50502929688
-2.5265625
-2.56484375
-2.70361328125
-2.76342773438
-2.7849609375
-2.80888671875
-2.85673828125
-2.890234375
-2.928515625
-2.97158203125
-3.03857421875
-3.00747070313
-3.02900390625
-3.10556640625
-3.14384765625
-3.119921875
-3.13427734375
-3.12709960938
-3.10795898438
-3.18212890625
-3.36875
-3.22041015625
-3.234765625
-3.21083984375
-3.26108398438
-3.33046875
-3.29936523438
-3.30654296875
-3.28022460938
-3.25390625
-3.15581054688
-3.14384765625
-3.10317382813
-3.06010742188
-3.119921875
-3.16538085938
-3.0625
-3.0337890625
-3.0625
-3.17973632813
-2.98354492188
-2.9763671875
-2.98115234375
-2.99072265625
-2.91176757813
-2.89741210938
-2.90698242188
-2.85673828125
-2.89262695313
-2.91176757813
-2.93569335938
-3.02661132812
-2.88784179688
-2.8806640625
-2.775390625
-2.73950195312
-2.6892578125
-2.67490234375
-2.62705078125
-2.62705078125
-2.62944335938
-2.6126953125
-2.57680664063
-2.55288085938
-2.5169921875
-2.60073242188
-2.40693359375
-2.35190429688
-2.27055664063
-2.239453125
-2.20834960938
-2.16528320312
-2.14375
-2.12939453125
-2.10786132813
-2.14375
-2.09829101563
-2.09350585938
-1.9044921875
-1.8470703125
-1.78725585938
-1.75854492188
-1.7322265625
-1.70590820313
-1.59584960938
-1.52885742188
-1.4642578125
-1.42836914063
-1.37094726563
-1.244140625
-1.23217773438
-1.167578125
-1.18193359375
-1.11733398438
-1.06469726562
-1.014453125
-0.978564453125
-0.949853515625
-1.02880859375
-0.878076171875
-0.7751953125
-0.9091796875
-0.854150390625
-0.911572265625
-0.916357421875
-1.04794921875
