-3.86879882813
-3.88793945313
-3.78745117188
-3.79223632813
-3.78745117188
-3.80659179688
-3.7515625
-3.72524414063
-3.55297851563
-3.5984375
-3.67021484375
-3.7037109375
-3.53623046875
-3.49555664063
-3.29697265625
-3.0720703125
-3.05532226563
-3.04096679688
-3.0625
-2.9572265625
-2.660546875
-2.45239257812
-2.392578125
-2.3255859375
-2.26337890625
-2.22509765625
-2.1916015625
-2.10307617188
-1.9810546875
-1.84228515625
-1.81118164063
-1.7609375
-1.6939453125
-1.67719726563
-1.79682617188
-1.87338867188
-1.95234375
-2.11264648438
-2.16767578125
-2.28969726563
-2.36865234375
-2.43803710938
-2.50502929688
-2.57202148438
-2.65576171875
-2.74428710938
-2.81845703125
-3.04814453125
-3.12470703125
-3.18452148438
-3.22280273438
-3.30415039063
-3.37353515625
-3.40703125
-3.40942382813
-3.47641601563
-3.521875
-3.579296875
-3.66064453125
-3.67021484375
-3.60561523438
-3.55297851563
-3.50512695313
-3.655859375
-3.44052734375
-3.45249023438
-3.43813476563
-3.43095703125
-3.311328125
-3.38310546875
-3.50991210938
-3.3591796875
-3.37353515625
-3.32329101563
-3.31850585938
-3.32568359375
-3.28500976563
-3.19887695313
-3.0720703125
-3.00747070313
-2.928515625
-2.851953125
-2.67250976563
-2.56005859375
-2.40454101562
-2.1916015625
-2.06240234375
-1.78725585938
-1.6173828125
-1.40922851563
-1.225
-0.91875
-0.849365234375
-0.576611328125
-0.43544921875
-0.40673828125
-0.15791015625
-0.122021484375
-0.117236328125
-0.0861328125
-0.02392578125
-0.03828125
0.011962890625
0.088525390625
0.035888671875
0.03349609375
-0.050244140625
-0.172265625
-0.155517578125
-0.169873046875
-0.232080078125
-0.437841796875
-0.44501953125
-0.40673828125
-0.36845703125
-0.287109375
-0.275146484375
-0.31103515625
-0.28232421875
-0.27275390625
-0.227294921875
-0.2392578125
-0.29189453125
-0.308642578125
-0.34453125
-0.265576171875
-0.2296875
-0.174658203125
-0.15791015625
-0.05263671875
0.06220703125
0.12919921875
0.2392578125
0.29189453125
0.418701171875
0.471337890625
0.47373046875
0.758447265625
0.88046875
0.94267578125
1.24892578125
1.244140625
1.49057617188
1.53125
1.64370117188
1.69633789063
1.78725585938
1.87578125
1.95952148438
1.96909179688
1.84946289063
1.74897460938
1.8087890625
1.5982421875
1.55756835938
1.41162109375
1.4068359375
1.39248046875
1.320703125
1.23217773438
1.24174804688
1.225
1.27045898438
1.24892578125
1.26567382813
1.320703125
1.2919921875
1.30395507812
1.40922851563
1.46904296875
1.50971679688
1.60302734375
1.5791015625
1.61977539063
1.59106445313
1.64130859375
1.40922851563
1.32548828125
1.28481445313
1.13408203125
1.16279296875
1.1388671875
1.04555664063
0.85654296875
0.77041015625
0.6603515625
0.61728515625
0.763232421875
0.87568359375
0.34931640625
0.337353515625
0.437841796875
0.5646484375
0.409130859375
0.303857421875
0.3349609375
0.279931640625
0.2392578125
0.758447265625
0.246435546875
0.193798828125
0.3158203125
0.6794921875
0.825439453125
0.921142578125
0.861328125
0.77041015625
0.708203125
0.5455078125
0.567041015625
0.256005859375
0.232080078125
0.20576171875
0.0861328125
-0.279931640625
-0.555078125
-0.653173828125
-0.954638671875
-1.03837890625
-1.31591796875
-1.49057617188
-1.64370117188
-1.59584960938
-1.8853515625
-1.85424804688
-2.0671875
-2.17006835938
-2.17006835938
-2.18920898438
-2.21791992188
-2.32797851563
-2.25380859375
-2.22509765625
-2.3830078125
-2.33276367188
-2.29926757813
-2.17724609375
-2.048046875
-2.00737304688
-1.99541015625
-1.96430664063
-2.01694335938
-2.0384765625
-2.08393554688
-2.09111328125
-1.99301757813
-2.14853515625
-2.19877929688
-2.20834960938
-2.16767578125
-2.24663085938
-2.28969726563
-2.35190429688
-2.34951171875
-2.22270507813
-2.16767578125
-2.20595703125
-2.21552734375
-2.24184570313
-2.26337890625
-2.07915039063
-1.990625
-1.91884765625
-1.84467773438
-1.75854492188
-1.684375
-1.66284179688
-1.57192382813
-1.53125
-1.49057617188
-1.4546875
-1.43076171875
-1.36616210938
-1.28002929688
-1.1962890625
-1.20825195312
-1.11733398438
-1.02880859375
-0.988134765625
-0.940283203125
-0.959423828125
-0.93310546875
-0.91396484375
-0.937890625
-0.87568359375
-0.916357421875
-0.930712890625
-0.93310546875
-0.976171875
-1.014453125
-1.02641601563
-0.9953125
-1.02163085938
-1.03359375
-1.1005859375
-1.11733398438
-1.15561523438
-1.19389648438
-1.22260742188
-1.26088867188
-1.33505859375
-1.38051757813
-1.44272460938
-1.44272460938
-1.41401367188
-1.3876953125
-1.41162109375
-1.42119140625
-1.43076171875
-1.42836914063
-1.45229492188
-1.47622070313
-1.46665039063
-1.46665039063
-1.45947265625
-1.4068359375
-1.397265625
-1.33505859375
-1.28481445313
-1.2728515625
-1.22978515625
-1.1005859375
-1.29438476563
-1.3111328125
-1.32548828125
-1.35659179688
-1.358984375
-1.36137695313
-1.31591796875
-1.31591796875
-1.29438476563
-1.31591796875
-1.2919921875
-1.33505859375
-1.35659179688
-1.378125
-1.3685546875
-1.41162109375
-1.38051757813
-1.41879882813
-1.44033203125
-1.397265625
-1.34702148438
-1.28481445313
-1.3015625
-1.31591796875
-1.33984375
-1.35180664062
-1.39487304688
-1.4068359375
-1.41162109375
-1.43076171875
-1.48579101563
-1.54560546875
-1.56235351563
-1.57431640625
-1.67719726563
-1.74418945313
-1.82314453125
-1.856640625
-1.85903320313
-1.93081054688
-2.05283203125
-2.02651367188
-2.25620117188
-2.33276367188
-2.35190429688
-2.35668945312
-2.41411132813
-2.4404296875
-2.507421875
-2.53374023438
-2.63901367188
-2.59116210938
-2.48828125
-2.67250976563
-2.6796875
-2.9763671875
-2.9763671875
-2.97397460938
-2.96918945313
-2.92373046875
-2.909375
-2.86630859375
-2.84716796875
-2.89741210938
-2.698828125
-2.737109375
-2.5169921875
-2.47153320313
-2.40693359375
-2.4021484375
-2.28012695313
-2.239453125
-2.16528320312
-2.086328125
-2.13657226563
-1.96669921875
-1.94995117188
-1.93559570313
-1.92602539063
-1.97866210938
-1.95712890625
-1.96909179688
-2.02172851562
-2.08872070313
-2.10307617188
-2.01694335938
-2.2107421875
-2.19877929688
-2.25380859375
-2.29208984375
-2.30883789062
-2.38540039063
-2.54331054688
-2.58637695313
-2.68447265625
-2.74428710938
-2.80888671875
-2.8615234375
-2.87827148438
-2.90219726563
-2.95244140625
-2.92373046875
-2.99790039063
-3.12709960938
-3.14624023438
-3.15102539063
-3.19169921875
-3.0720703125
-3.20126953125
-3.081640625
-3.24912109375
-3.16538085938
-3.10078125
-3.16059570313
-3.14624023438
-3.08881835938
-2.98354492188
-2.96440429688
-2.96918945313
-2.928515625
-2.88305664062
-2.94765625
-2.95961914063
-2.67250976563
-2.50024414062
-2.5361328125
-2.52177734375
-2.57919921875
-2.38540039063
-2.39975585938
-2.43803710938
-2.35190429688
-2.32797851563
-2.30883789062
-2.17963867188
-2.12700195313
-2.06958007812
-1.99541015625
-1.80639648438
-1.81596679688
-1.77290039063
-1.7609375
-1.75375976563
-1.72504882813
-1.57431640625
-1.57670898438
-1.62216796875
-1.45229492188
-1.35659179688
-1.1771484375
-1.15083007813
-1.00966796875
-0.88525390625
-0.868505859375
-0.7943359375
-0.662744140625
-0.657958984375
-0.55029296875
-0.284716796875
-0.25361328125
-0.12919921875
-0.03828125
0.0861328125
0.098095703125
0.289501953125
0.32060546875
0.45458984375
0.476123046875
0.543115234375
0.686669921875
0.528759765625
0.567041015625
0.8134765625
0.9857421875
1.32788085938
1.29438476563
1.3111328125
1.45229492188
