-4.9861328125
-4.72055664063
-4.56982421875
-4.49326171875
-4.440625
-4.4119140625
-4.24921875
-4.19658203125
-4.0291015625
-3.96689453125
-3.808984375
-3.71567382813
-3.56733398438
-3.54819335938
-3.64389648438
-3.68217773438
-3.71088867188
-4.0673828125
-4.2875
-4.55068359375
-4.57221679688
-4.70859375
-4.63681640625
-4.804296875
-4.85454101563
-4.84497070312
-4.82104492188
-4.83540039063
-4.919140625
-4.86171875
-4.8521484375
-4.83540039063
-4.78515625
-4.61049804688
-4.52915039063
-4.459765625
-4.45737304688
-4.40234375
-4.06259765625
-3.87119140625
-3.64868164063
-3.49794921875
-3.2634765625
-2.95483398438
-2.8041015625
-2.45
-2.25141601563
-1.92841796875
-1.73701171875
-1.47622070313
-0.8708984375
-0.696240234375
-0.351708984375
-0.287109375
0.15791015625
0.299072265625
0.624462890625
1.13408203125
1.43076171875
1.65087890625
1.74418945313
1.93081054688
2.10307617188
2.1533203125
2.14614257813
2.21791992188
2.26577148438
2.33994140625
2.35190429688
2.32797851563
2.29926757813
2.32797851563
2.296875
2.28491210938
2.2203125
2.14853515625
2.41889648438
2.59116210938
2.70361328125
2.78974609375
2.86870117188
2.89501953125
2.85434570313
2.8423828125
2.79213867188
2.81127929688
2.94287109375
3.27065429688
3.46206054688
3.58408203125
3.65107421875
3.847265625
3.83291015625
4.07456054688
4.153515625
4.31142578125
4.38559570313
4.39038085938
4.40712890625
4.37602539063
4.48129882813
4.51000976562
4.43583984375
4.47412109375
4.5267578125
4.64399414063
4.85693359375
4.9095703125
5.0052734375
5.17514648438
5.43354492188
5.493359375
5.51010742188
5.52924804688
5.54360351563
5.63212890625
5.72065429688
5.72783203125
5.71108398438
5.7421875
5.71108398438
5.74458007813
5.72783203125
5.76372070313
5.78046875
5.7900390625
5.81635742188
5.80200195312
5.79243164063
5.74936523438
5.57231445313
5.51967773438
5.44311523438
5.30434570313
5.28999023438
5.31391601563
5.05073242188
5.01723632813
5.03876953125
4.995703125
5.04116210938
5.06748046875
5.07944335938
5.09858398438
5.033984375
4.9669921875
4.94067382812
5.0435546875
4.89760742188
4.80668945313
4.67749023438
4.62963867188
4.56264648438
4.46455078125
4.3927734375
4.31381835938
4.26357421875
4.26596679688
4.2779296875
4.2205078125
4.2013671875
4.20375976563
4.21572265625
4.268359375
4.29467773438
4.344921875
4.34970703125
4.41909179688
4.45498046875
4.4693359375
4.4693359375
4.4693359375
4.10087890625
4.076953125
3.85205078125
3.68696289063
3.61279296875
3.37353515625
3.2921875
3.27065429688
2.86630859375
2.6892578125
2.6318359375
2.5552734375
2.277734375
2.21552734375
2.02890625
1.96430664063
1.92841796875
1.70112304688
1.59584960938
1.48818359375
1.29438476563
1.13168945313
1.05751953125
1.01923828125
0.8900390625
0.87568359375
0.67470703125
0.696240234375
0.342138671875
0.270361328125
0.184228515625
0.31103515625
0.18662109375
-0.035888671875
-0.093310546875
-0.035888671875
-0.2775390625
-0.452197265625
-0.49287109375
-0.5359375
-0.66513671875
-0.744091796875
-0.835009765625
-0.892431640625
-0.93310546875
-1.05751953125
-1.11733398438
-1.12690429688
-1.17236328125
-1.244140625
-1.378125
-1.39487304688
-1.49536132812
-1.61259765625
-1.63891601563
-1.67958984375
-1.7322265625
-1.80639648438
-1.83510742188
-1.94516601563
-1.99301757813
-2.02651367188
-2.14375
-2.26577148438
-2.35908203125
-2.43325195313
-2.507421875
-2.698828125
-2.73950195312
-2.83041992188
-2.90698242188
-3.04575195313
-3.10317382813
-3.16059570313
-3.2921875
-3.34482421875
-3.44770507813
-3.45249023438
-3.37353515625
-3.52426757813
-3.53862304688
-3.49794921875
-3.521875
-3.63671875
-3.6462890625
-3.52426757813
-3.67739257813
-3.6845703125
-3.66782226563
-3.64868164063
-3.58647460938
-3.59604492188
-3.6080078125
-3.60561523438
-3.5697265625
-3.5697265625
-3.59125976563
-3.55776367188
-3.56254882813
-3.56494140625
-3.5123046875
-3.48837890625
-3.36875
-3.34243164063
-3.25151367188
-3.25869140625
-3.36635742188
-3.17973632813
-3.17495117188
-3.0625
-3.03139648438
-2.9955078125
-2.90698242188
-2.82802734375
-2.76821289063
-2.71796875
-2.55766601563
-2.45
-2.33515625
-2.32797851563
-2.430859375
-2.239453125
-2.18442382813
-2.07436523438
-2.0001953125
-1.87817382813
-1.82553710938
-1.76572265625
-1.73701171875
-1.71547851563
-1.6748046875
-1.53603515625
-1.665234375
-1.62216796875
-1.44750976562
-1.36376953125
-1.21782226563
-1.15561523438
-0.959423828125
-0.8517578125
-0.657958984375
-0.543115234375
-0.37802734375
-0.294287109375
-0.20576171875
-0.069384765625
0.01435546875
0.153125
0.2201171875
0.15791015625
0.375634765625
0.433056640625
0.389990234375
0.39716796875
0.370849609375
0.294287109375
0.265576171875
0.227294921875
0.279931640625
0.236865234375
0.251220703125
0.184228515625
0.19140625
0.1818359375
0.1435546875
0.112451171875
-0.011962890625
-0.01435546875
-0.2201171875
-0.366064453125
-0.47373046875
-0.55986328125
-0.6603515625
-0.691455078125
-0.777587890625
-0.897216796875
-0.968994140625
-1.0431640625
-1.23217773438
-1.31831054688
-1.26567382813
-1.45947265625
-1.52646484375
-1.58149414063
-1.64609375
-1.78247070313
-1.8470703125
-2.10786132813
-2.00498046875
-1.8470703125
-2.04326171875
-2.13178710938
-1.9236328125
-1.89252929688
-1.91884765625
-1.9427734375
-1.8662109375
-1.70590820313
-1.58627929688
-1.76333007813
-1.5982421875
-1.42119140625
-1.36137695313
-1.07905273438
-0.9953125
-0.648388671875
-0.33017578125
-0.165087890625
-0.126806640625
-0.021533203125
0.011962890625
0.0478515625
0.10048828125
0.059814453125
0.07177734375
0.0478515625
0.0287109375
0.035888671875
0.03349609375
0.03828125
-0.03349609375
-0.01435546875
-0.074169921875
-0.29189453125
-0.29189453125
-0.279931640625
-0.232080078125
-0.26318359375
-0.284716796875
-0.11484375
-0.246435546875
-0.248828125
-0.251220703125
-0.313427734375
-0.3732421875
-0.3828125
-0.380419921875
-0.375634765625
-0.308642578125
-0.289501953125
-0.34931640625
-0.366064453125
-0.3828125
-0.39716796875
-0.35888671875
-0.2775390625
-0.2966796875
-0.06220703125
0.02392578125
0.122021484375
0.212939453125
0.3541015625
0.32060546875
0.55029296875
0.7369140625
0.777587890625
0.791943359375
0.992919921875
1.071875
1.22739257813
1.24892578125
1.32548828125
1.41879882813
1.51450195313
1.62934570313
1.6556640625
1.80639648438
1.86381835938
1.87099609375
1.9236328125
1.96909179688
2.04565429688
2.04086914063
2.00498046875
2.0001953125
1.93798828125
1.88056640625
1.85424804688
1.80161132813
1.64609375
1.65087890625
1.56474609375
1.54321289063
1.51450195313
1.473828125
1.4068359375
1.29438476563
1.19150390625
1.07426757813
1.1771484375
1.16040039062
1.20107421875
1.19868164063
1.17236328125
1.18193359375
1.18432617188
1.22021484375
1.31591796875
1.320703125
1.25849609375
1.31591796875
1.358984375
1.37573242188
1.3876953125
1.41162109375
1.40444335938
1.48100585938
1.53125
1.55756835938
1.61499023438
1.66284179688
1.66762695313
1.78247070313
1.78486328125
1.90927734375
1.94516601563
2.0384765625
2.23706054688
2.26577148438
2.392578125
2.46674804688
2.5935546875
2.70361328125
2.909375
3.04814453125
3.3208984375
3.40703125
3.55537109375
