0.5072265625
0.3732421875
0.193798828125
0.107666015625
-0.016748046875
-0.0095703125
-0.1435546875
-0.480908203125
-0.48330078125
-0.691455078125
-1.052734375
-0.935498046875
-1.18671875
-1.27045898438
-1.47861328125
-1.64370117188
-1.7609375
-1.83271484375
-1.8853515625
-1.99780273438
-2.07436523438
-2.02412109375
-2.01455078125
-1.9810546875
-1.89252929688
-1.79443359375
-1.68676757813
-1.64848632813
-1.55278320313
-1.51450195313
-1.358984375
-1.24174804688
-1.205859375
-1.091015625
-0.954638671875
-0.88046875
-0.055029296875
0.11005859375
0.265576171875
1.06948242188
1.18432617188
1.32788085938
1.57431640625
1.77768554688
1.95952148438
1.9619140625
1.8662109375
1.85185546875
1.55517578125
1.626953125
1.81118164063
1.27524414063
1.19150390625
0.887646484375
0.873291015625
0.69384765625
0.543115234375
0.275146484375
0.141162109375
-0.016748046875
-0.294287109375
-0.3828125
-0.46416015625
-0.4880859375
-0.75126953125
-0.86611328125
-0.91396484375
-1.04555664063
-0.7177734375
-0.629248046875
-0.91875
-1.2154296875
-1.44033203125
-1.39487304688
-1.42836914063
-1.44272460938
-1.41640625
-1.32309570313
-1.2919921875
-1.358984375
-1.3302734375
-1.18911132813
-1.22739257813
-1.25131835938
-1.66762695313
-1.74658203125
-1.88774414063
-1.96669921875
-2.048046875
-2.12939453125
-2.25141601563
-2.47153320313
-2.51459960938
-2.53374023438
-2.53374023438
-2.50981445313
-2.66293945313
-2.69643554688
-2.6796875
-2.813671875
-2.86870117188
-2.91416015625
-2.96440429688
-3.12709960938
-3.21083984375
-3.27543945313
-3.50512695313
-3.5314453125
-3.6462890625
-3.72763671875
-3.80180664063
-3.79462890625
-3.84248046875
-3.93100585938
-3.91186523438
-3.84008789063
-4.07456054688
-4.17504882812
-4.25161132813
-4.32578125
-4.4501953125
-4.51479492188
-4.67509765625
-4.62485351563
-4.44780273438
-4.6033203125
-4.59375
-4.63203125
-4.69663085938
-4.72055664063
-4.67270507813
-4.612890625
-4.82822265625
-4.80908203125
-4.64877929688
-4.6033203125
-4.55786132812
-4.55307617188
-4.49086914063
-4.47651367188
-4.57700195313
-4.37124023438
-4.27075195312
-4.2205078125
-4.18940429688
-4.0578125
-4.0578125
-4.07456054688
-4.05063476563
-4.01235351563
-4.08413085938
-4.15112304688
-4.16069335938
-4.18940429688
-4.24204101563
-4.24204101563
-4.2779296875
-4.39038085938
-4.43583984375
-4.51958007813
-4.54829101563
-4.49086914063
-4.69184570313
-4.71337890625
-4.69423828125
-4.63681640625
-4.6607421875
-4.64399414063
-4.65834960938
-4.71577148438
-4.71098632813
-4.58896484375
-4.57700195313
-4.536328125
-4.45498046875
-4.40473632813
-4.30903320313
-4.29946289063
-4.28510742188
-4.07456054688
-4.04106445313
-3.87119140625
-3.83530273438
-3.70849609375
-3.64868164063
-3.57451171875
-3.49555664063
-3.48120117188
-3.4357421875
-3.37592773438
-3.3017578125
-3.27543945313
-3.32329101563
-3.14384765625
-3.119921875
-3.005078125
-2.96201171875
-2.97397460938
-2.93330078125
-2.8423828125
-2.78735351562
-2.77299804688
-2.59833984375
-2.54331054688
-2.47631835938
-2.4021484375
-2.4212890625
-2.1916015625
-2.0767578125
-2.0193359375
-1.94995117188
-1.72983398438
-1.6365234375
-1.64609375
-1.41162109375
-1.320703125
-1.23696289063
-1.07666015625
-1.167578125
-1.12690429688
-1.0623046875
-0.7943359375
-0.67470703125
-0.631640625
-0.586181640625
-0.44501953125
-0.35888671875
-0.399560546875
-0.193798828125
-0.1818359375
-0.19619140625
-0.18662109375
-0.136376953125
-0.10048828125
-0.102880859375
-0.069384765625
-0.11484375
0.083740234375
0.064599609375
0.126806640625
0.141162109375
0.007177734375
0.212939453125
0.19140625
0.174658203125
0.16748046875
0.279931640625
0.289501953125
0.270361328125
0.3349609375
0.452197265625
0.516796875
0.55029296875
0.6794921875
0.701025390625
0.7560546875
0.791943359375
0.787158203125
1.00249023438
1.04077148438
1.15322265625
1.21303710938
1.28959960938
1.32548828125
1.34223632813
1.378125
1.39487304688
1.45229492188
1.48100585938
1.550390625
1.54799804688
1.4642578125
1.42119140625
1.41879882813
1.43076171875
1.42358398438
1.44272460938
1.42836914063
1.52646484375
1.36616210938
1.34702148438
1.33266601563
1.320703125
1.23935546875
1.1962890625
1.10537109375
1.129296875
1.11733398438
1.09819335938
1.11254882812
0.93310546875
0.940283203125
0.976171875
0.992919921875
0.9857421875
0.937890625
0.99052734375
1.00966796875
0.935498046875
1.14604492188
1.11733398438
1.18193359375
1.23935546875
1.28959960938
1.36137695313
1.39487304688
1.378125
1.62934570313
1.6939453125
1.79921875
1.856640625
1.9619140625
1.98344726563
2.05522460938
2.0576171875
2.05283203125
2.14135742188
2.009765625
2.13178710938
2.15092773438
2.17963867188
2.29926757813
2.40693359375
2.52895507813
2.72036132813
2.88544921875
2.99311523438
3.13666992188
4.51000976562
4.71577148438
4.81625976563
4.92153320313
5.0435546875
5.21821289063
5.30673828125
5.27084960938
5.28999023438
5.20864257813
5.14643554688
5.11772460938
4.97416992188
4.97416992188
5.03637695312
5.110546875
5.20146484375
5.22778320312
5.34741210938
5.3689453125
5.31391601563
5.2923828125
5.15600585938
5.09619140625
4.8904296875
4.82822265625
4.61528320313
4.51479492188
4.32817382813
4.19897460938
3.9908203125
3.89033203125
3.655859375
3.50751953125
3.11274414063
2.96440429688
2.88784179688
2.75625
2.71079101563
2.65576171875
2.60073242188
2.54091796875
2.49067382813
2.41650390625
2.33276367188
2.2203125
2.18920898438
2.14853515625
2.01215820313
1.971484375
1.933203125
1.85903320313
1.8853515625
1.89970703125
1.94755859375
2.0193359375
2.00737304688
2.0958984375
2.16049804688
2.2490234375
2.30166015625
2.44282226563
2.49545898438
2.5169921875
2.72993164063
2.82563476563
2.85673828125
2.91416015625
2.95244140625
2.92612304688
2.92612304688
2.93090820312
2.82563476563
2.737109375
2.72993164063
2.69165039062
2.67729492188
2.56962890625
2.5169921875
2.42607421875
2.36865234375
2.19877929688
2.009765625
1.87817382813
1.7609375
1.38291015625
1.20107421875
0.8326171875
0.657958984375
0.40673828125
0.12919921875
-0.2009765625
-0.471337890625
-0.6029296875
-0.696240234375
-0.62685546875
-0.8708984375
-0.968994140625
-1.08623046875
-1.17475585938
-1.15322265625
-1.14604492188
-1.1484375
-1.39965820312
-1.43315429688
-1.45708007813
-1.29916992188
-1.2919921875
-1.23696289063
-1.29438476563
-1.3685546875
-1.49536132812
-1.58627929688
-1.5982421875
-1.6173828125
-1.550390625
-2.04086914063
-2.36147460938
-2.53134765625
-2.57202148438
-2.5935546875
-2.6796875
-2.74907226563
-2.8806640625
-2.78017578125
-2.94765625
-2.84956054688
-2.92612304688
-3.15581054688
-3.48120117188
-3.45249023438
-3.70610351563
-3.96928710938
-4.05063476563
-4.09130859375
-4.09848632813
-4.07456054688
-4.08413085938
-4.10087890625
-4.13198242188
-4.08173828125
-4.076953125
-4.01235351563
-4.05541992188
-4.08891601563
-4.1248046875
-3.97885742188
-4.04584960938
-4.02431640625
-3.89750976563
-3.73481445313
-3.72524414063
-3.81137695313
-3.61997070313
-3.57211914063
-3.39267578125
-3.33764648438
-3.1390625
-3.02661132812
-2.78017578125
-2.67729492188
-2.54091796875
-2.4595703125
-2.37583007813
-2.40693359375
-2.21313476562
-2.25141601563
-2.11264648438
-2.04565429688
-2.06000976563
-2.09111328125
-2.14853515625
