0.351708984375
0.284716796875
0.212939453125
0.112451171875
0.0287109375
-0.050244140625
-0.050244140625
-0.150732421875
-0.256005859375
-0.38759765625
-0.509619140625
-0.605322265625
-0.7943359375
-0.811083984375
-0.978564453125
-1.04794921875
-1.13647460938
-1.26806640625
-1.30874023438
-1.33745117188
-1.4642578125
-1.512109375
-1.54560546875
-1.52646484375
-1.41401367188
-1.63173828125
-1.72983398438
-1.8087890625
-1.8662109375
-1.89013671875
-2.02890625
-2.13896484375
-2.162890625
-2.14375
-2.17724609375
-2.21313476562
-2.21313476562
-2.26098632812
-2.28012695313
-2.22509765625
-2.2203125
-2.20834960938
-2.24663085938
-2.19877929688
-2.15092773438
-2.02412109375
-2.14853515625
-2.07915039063
-2.02412109375
-2.00737304688
-1.9236328125
-1.87099609375
-1.83989257813
-1.78486328125
-1.75854492188
-1.72026367188
-1.67001953125
-1.61499023438
-1.56474609375
-1.49775390625
-1.4259765625
-1.27524414063
-1.25131835938
-1.24653320313
-1.21303710938
-1.20346679688
-1.21303710938
-1.22739257813
-1.2154296875
-1.23696289063
-1.25131835938
-1.28959960938
-1.320703125
-1.26328125
-1.41879882813
-1.40205078125
-1.39965820312
-1.39008789063
-1.37094726563
-1.40444335938
-1.47622070313
-1.53125
-1.58627929688
-1.55517578125
-1.72983398438
-1.73940429688
-1.76333007813
-1.79204101563
-1.82314453125
-1.84228515625
-1.88056640625
-1.93798828125
-1.97626953125
-1.91645507813
-1.90209960938
-1.91645507813
-1.95234375
-1.89252929688
-1.92124023438
-1.90688476563
-1.98344726563
-1.80400390625
-1.78247070313
-1.79921875
-1.82075195313
-1.8470703125
-1.85903320313
-1.86860351563
-1.78725585938
-1.76811523438
-1.79204101563
-1.894921875
-1.90688476563
-1.91645507813
-1.88295898438
-1.87578125
-1.84946289063
-1.80400390625
-1.92124023438
-1.9619140625
-1.89970703125
-1.92124023438
-2.03369140625
-1.971484375
-1.98583984375
-1.9044921875
-1.86381835938
-1.84467773438
-2.03129882813
-2.00258789063
-2.048046875
-2.05043945313
-2.01694335938
-1.99780273438
-1.9044921875
-1.87099609375
-1.87099609375
-1.44750976562
-1.47622070313
-1.52885742188
-1.282421875
-1.1771484375
-1.22021484375
-1.205859375
-0.973779296875
-0.97138671875
-0.92353515625
-0.8517578125
-0.820654296875
-0.8421875
-0.878076171875
-0.82783203125
-0.75126953125
-0.648388671875
-0.64599609375
-0.600537109375
-0.571826171875
-0.54072265625
-0.36845703125
-0.342138671875
-0.325390625
-0.325390625
-0.4306640625
-0.459375
-0.500048828125
-0.5072265625
-0.557470703125
-0.490478515625
-0.459375
-0.442626953125
-0.437841796875
-0.452197265625
-0.478515625
-0.547900390625
-0.634033203125
-0.47373046875
-0.413916015625
-0.701025390625
-0.69384765625
-0.595751953125
-0.715380859375
-0.590966796875
-0.332568359375
0.019140625
0.0478515625
0.07177734375
0.0478515625
0.026318359375
0.0095703125
-0.03349609375
-0.01435546875
0.045458984375
0.107666015625
0.11005859375
0.11962890625
-0.09091796875
-0.18662109375
-0.29189453125
-0.413916015625
-0.504833984375
-0.72255859375
-0.82783203125
-0.8421875
-0.9953125
-1.091015625
-1.071875
-1.07905273438
-1.18193359375
-1.12211914063
-1.16279296875
-1.39965820312
-1.1005859375
-0.882861328125
-0.60771484375
-0.595751953125
-0.509619140625
-0.653173828125
-0.705810546875
-0.686669921875
-0.7177734375
-0.648388671875
-0.595751953125
-0.65078125
-0.681884765625
-0.60771484375
-0.567041015625
-0.50244140625
-0.459375
-0.325390625
-0.30146484375
-0.074169921875
-0.131591796875
0.083740234375
0.12919921875
0.21533203125
0.236865234375
0.212939453125
0.193798828125
0.184228515625
0.2201171875
0.260791015625
0.14833984375
0.13876953125
0.17705078125
0.179443359375
0.098095703125
0.050244140625
0.02392578125
0.03349609375
-0.03349609375
-0.035888671875
-0.098095703125
-0.122021484375
-0.11005859375
-0.2009765625
-0.246435546875
-0.413916015625
-0.533544921875
-0.6412109375
-0.758447265625
-0.772802734375
-0.787158203125
-0.9283203125
-0.9666015625
-1.07666015625
-1.205859375
-1.23696289063
-1.29916992188
-1.2919921875
-1.35419921875
-1.44990234375
-1.36137695313
-1.39248046875
-1.4259765625
-1.32309570313
-1.167578125
-1.15561523438
-1.05751953125
-1.0048828125
-0.954638671875
-0.710595703125
-0.72255859375
-0.772802734375
-0.49765625
-0.184228515625
-0.136376953125
-0.131591796875
0.021533203125
0.102880859375
0.184228515625
0.3349609375
0.39716796875
0.30625
0.543115234375
0.595751953125
0.59814453125
0.720166015625
0.863720703125
1.014453125
1.11015625
1.24653320313
1.26088867188
1.4068359375
1.397265625
1.43076171875
1.665234375
1.66762695313
1.64848632813
1.67241210938
1.5408203125
1.7322265625
1.71787109375
1.72744140625
1.75854492188
1.77768554688
1.73940429688
1.7705078125
1.79204101563
1.77290039063
1.78247070313
1.74897460938
1.74658203125
1.73940429688
1.72504882813
1.69155273438
1.70112304688
1.71069335938
1.703515625
1.59584960938
1.58627929688
1.57192382813
1.5216796875
1.53603515625
1.43076171875
1.41640625
1.44750976562
1.42358398438
1.36376953125
1.36137695313
1.35659179688
1.3876953125
1.35180664062
1.36616210938
1.32548828125
1.3302734375
1.24174804688
1.2154296875
1.13408203125
1.09819335938
1.04555664063
1.014453125
0.954638671875
0.94267578125
0.921142578125
0.863720703125
0.892431640625
0.89482421875
0.911572265625
0.94267578125
0.99052734375
1.02163085938
0.976171875
1.0431640625
1.15561523438
1.2154296875
1.46186523438
1.53842773438
1.57431640625
1.61499023438
1.62216796875
1.61499023438
1.54321289063
1.43793945313
1.378125
1.76572265625
2.16528320312
2.59116210938
2.77778320313
3.20366210938
3.48359375
3.73959960938
4.03388671875
3.98603515625
3.94536132813
3.84008789063
3.7515625
3.59604492188
3.38310546875
3.21801757813
2.9380859375
2.69643554688
2.583984375
2.36147460938
2.3255859375
2.29208984375
2.2107421875
2.25620117188
2.30883789062
2.603125
2.8041015625
2.91655273438
3.349609375
3.52666015625
3.66303710938
3.90229492188
3.97885742188
4.000390625
4.00517578125
3.94775390625
3.88315429688
3.77548828125
3.77788085938
3.40703125
3.2060546875
3.11274414063
2.95004882813
2.89501953125
2.79213867188
2.660546875
2.66293945313
2.78735351562
2.239453125
2.27534179688
2.09350585938
2.11743164062
2.05522460938
1.92602539063
1.971484375
1.75615234375
1.83510742188
1.62216796875
1.49057617188
1.41162109375
1.49057617188
1.49536132812
1.51928710938
1.47143554688
1.40444335938
1.50971679688
1.39487304688
1.30634765625
1.24892578125
1.22978515625
1.15322265625
1.14125976563
1.07905273438
1.071875
1.03120117188
0.9474609375
0.925927734375
0.940283203125
0.88525390625
0.897216796875
0.820654296875
0.787158203125
0.746484375
0.643603515625
0.63642578125
0.681884765625
0.705810546875
0.270361328125
0.11005859375
0.016748046875
-0.117236328125
-0.14833984375
-0.29189453125
-0.3158203125
-0.490478515625
-0.590966796875
-0.63642578125
-0.672314453125
-0.858935546875
-0.882861328125
-0.93310546875
-0.9857421875
-0.99052734375
-1.05751953125
-1.0240234375
-1.0240234375
-0.983349609375
-0.978564453125
-1.00727539063
-1.05751953125
-1.0623046875
-1.0240234375
-1.03837890625
-0.92353515625
-1.07666015625
-1.09580078125
-1.1388671875
-1.0814453125
-1.091015625
-1.1484375
-1.1197265625
-1.13168945313
-1.16279296875
-1.22260742188
-0.935498046875
-1.17236328125
-1.1005859375
