-0.3828125
-0.3828125
-0.370849609375
-0.36845703125
-0.36845703125
-0.346923828125
-0.346923828125
-0.35888671875
-0.36845703125
-0.380419921875
-0.380419921875
-0.43544921875
-0.459375
-0.459375
-0.459375
-0.466552734375
-0.48330078125
-0.605322265625
-0.452197265625
-0.423486328125
-0.4306640625
-0.33017578125
-0.48330078125
-0.533544921875
-0.533544921875
-0.571826171875
-0.571826171875
-0.63642578125
-0.667529296875
-0.701025390625
-0.701025390625
-0.72734375
-0.734521484375
-0.681884765625
-0.681884765625
-0.6412109375
-0.629248046875
-0.76083984375
-0.60771484375
-0.681884765625
-0.765625
-0.65556640625
-0.80869140625
-0.796728515625
-0.772802734375
-0.887646484375
-0.734521484375
-0.657958984375
-0.60771484375
-0.581396484375
-0.581396484375
-0.5455078125
-0.509619140625
-0.4689453125
-0.4689453125
-0.394775390625
-0.313427734375
-0.31103515625
-0.31103515625
-0.31103515625
-0.23447265625
-0.23447265625
-0.184228515625
-0.184228515625
-0.15791015625
-0.15791015625
-0.03828125
0.145947265625
0.3349609375
0.3349609375
0.401953125
0.399560546875
0.452197265625
0.452197265625
0.504833984375
0.543115234375
0.58857421875
0.58857421875
0.67470703125
0.8326171875
0.887646484375
0.887646484375
0.849365234375
0.9091796875
0.954638671875
0.954638671875
0.992919921875
1.08623046875
1.12211914063
1.12211914063
1.07666015625
0.911572265625
0.765625
0.765625
1.014453125
1.47622070313
1.71787109375
1.71787109375
1.69155273438
1.60063476563
1.58388671875
1.58388671875
1.67001953125
1.818359375
1.84467773438
1.84467773438
1.84946289063
1.90209960938
1.92124023438
1.92124023438
1.94755859375
1.91166992188
1.85903320313
1.85903320313
1.83032226563
1.79682617188
1.8087890625
1.8087890625
1.8087890625
1.7513671875
1.69633789063
1.69633789063
1.69873046875
1.70830078125
1.70590820313
1.71069335938
1.71547851563
1.72265625
1.69633789063
1.83271484375
1.63173828125
1.58388671875
1.54799804688
1.50014648438
1.473828125
1.52646484375
1.32548828125
1.26806640625
1.17475585938
1.14125976563
1.10537109375
1.09580078125
0.976171875
1.05512695313
0.784765625
0.90439453125
0.84697265625
0.806298828125
0.89482421875
0.945068359375
0.95224609375
0.9474609375
0.92353515625
0.959423828125
1.17954101563
1.22739257813
1.397265625
1.5216796875
1.73940429688
1.7609375
1.95712890625
2.01455078125
2.29448242188
2.38779296875
2.46196289063
2.59833984375
2.61748046875
2.65576171875
2.64858398438
2.928515625
2.98115234375
3.06728515625
3.196484375
3.25629882813
3.3400390625
3.39267578125
3.61997070313
3.68935546875
3.71328125
3.92622070313
4.01474609375
4.14633789063
4.28510742188
4.36645507812
4.40952148438
4.52436523438
4.60571289062
4.64877929688
4.7181640625
4.78276367188
4.84736328125
4.75405273438
4.93110351563
4.94545898438
4.9478515625
5.02919921875
5.07944335938
5.14404296875
5.18950195313
5.21103515625
5.47421875
5.59145507813
5.67758789063
5.78286132813
5.85703125
5.8666015625
5.82592773438
5.82114257813
5.77329101563
5.7421875
5.45029296875
5.32827148438
5.22778320312
5.03637695312
4.96938476563
4.75166015625
5.00766601563
4.9478515625
4.95981445313
4.87846679688
4.86889648438
4.68706054688
4.57700195313
4.5650390625
4.54111328125
4.33774414063
4.26596679688
4.23725585938
4.17504882812
4.18461914063
4.18701171875
4.15830078125
4.1439453125
4.17265625
4.19897460938
4.21572265625
4.2013671875
4.191796875
4.115234375
4.0578125
4.04345703125
4.01713867188
3.9716796875
3.92143554688
3.87358398438
3.7037109375
3.67978515625
3.65107421875
3.59604492188
3.5123046875
3.42138671875
3.37353515625
3.3017578125
3.36635742188
3.15581054688
3.06728515625
2.87827148438
2.8232421875
2.77299804688
2.53852539063
2.45478515625
2.14135742188
1.971484375
1.8279296875
1.69873046875
1.55278320313
1.4068359375
1.29916992188
1.30395507812
1.15083007813
1.05991210938
0.9091796875
0.72734375
0.57421875
0.4306640625
0.2201171875
0.0669921875
-0.026318359375
-0.150732421875
-0.279931640625
-0.4115234375
-0.5455078125
-0.519189453125
-0.9091796875
-0.8421875
-0.9953125
-1.1005859375
-1.20825195312
-1.28720703125
-1.39008789063
-1.52646484375
-1.6556640625
-1.6556640625
-1.71547851563
-1.78725585938
-1.90209960938
-1.90209960938
-1.98344726563
-2.04086914063
-2.124609375
-2.23466796875
-2.162890625
-2.316015625
-2.38779296875
-2.47153320313
-2.5169921875
-2.5169921875
-2.5169921875
-2.56484375
-2.62705078125
-2.67250976563
-2.71318359375
-2.622265625
-2.775390625
-2.83520507812
-2.813671875
-2.83759765625
-2.87348632813
-2.87348632813
-2.85913085938
-2.83041992188
-2.83041992188
-2.84716796875
-2.84716796875
-2.8328125
-2.83520507812
-2.80649414063
-2.80649414063
-2.79213867188
-2.79692382813
-2.58159179688
-2.41411132813
-2.354296875
-2.31123046875
-2.277734375
-2.2203125
-2.1341796875
-2.07197265625
-2.07197265625
-2.01455078125
-1.96430664063
-1.87338867188
-1.9427734375
-1.7896484375
-1.80161132813
-1.8279296875
-1.75615234375
-1.64848632813
-1.58149414063
-1.55278320313
-1.53364257813
-1.46904296875
-1.40922851563
-1.34702148438
-1.28481445313
-1.28481445313
-1.2919921875
-1.29916992188
-1.25610351562
-1.25610351562
-1.21782226563
-1.22260742188
-1.21303710938
-1.1962890625
-1.1962890625
-1.09340820313
-1.34702148438
-1.27763671875
-1.43076171875
-1.473828125
-1.42836914063
-1.39965820312
-1.45947265625
-1.45947265625
-1.47861328125
-1.4642578125
-1.4546875
-1.4546875
-1.473828125
-1.55278320313
-1.62456054688
-1.62456054688
-1.70112304688
-1.74658203125
-1.73701171875
-1.73701171875
-1.76811523438
-1.80161132813
-1.80400390625
-1.80400390625
-1.856640625
-1.9140625
-1.92841796875
-1.84228515625
-1.99541015625
-2.09350585938
-2.16528320312
-2.23466796875
-2.23466796875
-2.24423828125
-2.23227539063
-2.23227539063
-2.27055664063
-2.2873046875
-2.277734375
-2.2681640625
-2.2681640625
-2.27534179688
-2.27055664063
-2.26337890625
-2.26337890625
-2.31123046875
-2.30405273438
-2.38540039063
-2.23227539063
-2.17724609375
-2.12939453125
-2.11264648438
-2.11264648438
-2.10068359375
-2.07197265625
-2.02651367188
-2.02651367188
-1.97387695313
-1.9427734375
-1.9427734375
-1.90209960938
-1.87099609375
-1.933203125
-1.88774414063
-1.88774414063
-1.64609375
-1.44990234375
-1.4546875
-1.4546875
-1.54560546875
-1.5599609375
-1.665234375
-1.512109375
-1.397265625
-1.33266601563
-1.23935546875
-1.39248046875
-1.397265625
-1.28959960938
-1.358984375
-1.205859375
-1.25849609375
-1.43076171875
-1.48818359375
-1.5599609375
-1.58627929688
-1.54560546875
-1.57431640625
-1.5982421875
-1.55756835938
-1.47861328125
-1.41401367188
-1.16279296875
-0.983349609375
-1.1005859375
-1.28720703125
-1.42358398438
-1.42358398438
-1.358984375
-0.849365234375
-0.78955078125
-0.79912109375
-0.557470703125
-0.478515625
-0.47373046875
-0.485693359375
-0.54072265625
-0.581396484375
-0.7369140625
-0.55029296875
-0.55986328125
-0.5263671875
-0.528759765625
-0.490478515625
-0.55986328125
-0.557470703125
-0.538330078125
-0.5263671875
-0.576611328125
-0.6412109375
-0.677099609375
-0.748876953125
-0.854150390625
-0.93310546875
-1.01684570312
-1.05751953125
-1.13168945313
-1.19150390625
-1.30634765625
-1.41162109375
-1.51689453125
-1.75375976563
-1.78725585938
-1.9044921875
