-1.53842773438
-1.49536132812
-1.48100585938
-1.48818359375
-1.46665039063
-1.42119140625
-1.435546875
-1.435546875
-1.43315429688
-1.41401367188
-1.40922851563
-1.40922851563
-1.38291015625
-1.34223632813
-1.29677734375
-1.29677734375
-1.23217773438
-1.18911132813
-1.19150390625
-1.16997070313
-1.11015625
-1.11254882812
-1.00249023438
-0.988134765625
-0.992919921875
-0.91396484375
-0.861328125
-0.83740234375
-0.8134765625
-0.777587890625
-0.8900390625
-0.7369140625
-0.715380859375
-0.72255859375
-0.715380859375
-0.6986328125
-0.67470703125
-0.67470703125
-0.686669921875
-0.70341796875
-0.69384765625
-0.669921875
-0.63642578125
-0.631640625
-0.631640625
-0.648388671875
-0.634033203125
-0.638818359375
-0.6603515625
-0.631640625
-0.6220703125
-0.6220703125
-0.638818359375
-0.6412109375
-0.624462890625
-0.71298828125
-0.55986328125
-0.6125
-0.734521484375
-0.739306640625
-0.681884765625
-0.681884765625
-0.672314453125
-0.734521484375
-0.61728515625
-0.77041015625
-0.782373046875
-0.765625
-0.729736328125
-0.729736328125
-0.7369140625
-0.80390625
-0.849365234375
-0.849365234375
-0.849365234375
-0.916357421875
-0.830224609375
-0.983349609375
-1.014453125
-1.04555664063
-1.04555664063
-1.04555664063
-1.07426757813
-1.12690429688
-1.14604492188
-1.14604492188
-1.18432617188
-1.18432617188
-1.17954101563
-1.17954101563
-1.167578125
-1.1484375
-1.1484375
-1.1484375
-1.11733398438
-1.13168945313
-1.16279296875
-1.16279296875
-1.18193359375
-1.244140625
-1.29438476563
-1.29438476563
-1.31352539063
-1.30874023438
-1.28002929688
-1.28002929688
-1.26806640625
-1.2728515625
-1.33266601563
-1.33266601563
-1.4068359375
-1.41640625
-1.42119140625
-1.42119140625
-1.435546875
-1.44033203125
-1.53364257813
-1.5791015625
-1.61020507813
-1.64848632813
-1.64848632813
-1.63891601563
-1.64130859375
-1.67241210938
-1.67241210938
-1.74658203125
-1.83032226563
-1.88774414063
-1.88295898438
-1.88295898438
-1.86381835938
-1.93559570313
-1.93559570313
-2.00498046875
-2.12939453125
-2.12939453125
-2.16528320312
-2.15810546875
-2.1533203125
-2.16528320312
-2.124609375
-2.08154296875
-2.08154296875
-2.10307617188
-2.12939453125
-2.12700195313
-2.162890625
-2.1724609375
-2.15810546875
-2.239453125
-2.42846679688
-2.56484375
-2.68447265625
-2.68447265625
-2.80649414063
-2.83520507812
-2.88305664062
-2.813671875
-2.966796875
-3.00029296875
-3.04814453125
-2.95961914063
-3.11274414063
-3.14384765625
-3.18212890625
-3.21083984375
-3.21083984375
-3.0912109375
-3.2443359375
-3.30415039063
-3.4166015625
-3.50034179688
-3.50034179688
-3.51948242188
-3.54580078125
-3.61040039063
-3.70610351563
-3.77788085938
-3.847265625
-3.94296875
-4.07934570312
-4.2013671875
-4.2013671875
-4.31381835938
-4.4119140625
-4.51240234375
-4.62485351563
-4.6990234375
-4.63442382813
-4.78754882813
-4.87846679688
-4.9765625
-4.94545898438
-5.09858398438
-5.16079101563
-5.2349609375
-5.21103515625
-5.36416015625
-5.68237304688
-5.74458007813
-5.82114257813
-5.971875
-6.09150390625
-6.1154296875
-6.16806640625
-6.23505859375
-6.23505859375
-6.31640625
-6.3546875
-6.36904296875
-6.37143554688
-6.34272460938
-6.32358398438
-6.32358398438
-6.31879882813
-6.26376953125
-6.20634765625
-6.20634765625
-6.1537109375
-6.10825195313
-5.95751953125
-5.90249023438
-5.85703125
-5.85703125
-5.85463867188
-5.85224609375
-5.84267578125
-5.84267578125
-5.876171875
-5.94077148438
-5.95512695313
-5.95512695313
-5.95991210938
-5.95034179688
-5.89052734375
-5.89052734375
-5.87377929688
-5.90966796875
-5.85942382813
-5.85942382813
-5.7900390625
-5.7517578125
-5.665625
-5.56274414062
-5.47661132813
-5.42875976563
-5.41201171875
-5.38090820313
-5.38090820313
-5.35458984375
-5.35458984375
-5.35219726563
-5.35219726563
-5.35698242188
-5.36655273438
-5.39287109375
-5.40244140625
-5.39526367188
-5.39526367188
-5.39765625
-5.39765625
-5.38569335938
-5.38569335938
-5.4263671875
-5.493359375
-5.49814453125
-5.378515625
-5.531640625
-5.60102539063
-5.66323242188
-5.68715820313
-5.723046875
-5.723046875
-5.78764648438
-5.8283203125
-5.85942382813
-5.87138671875
-5.87138671875
-5.88813476563
-5.89770507812
-5.89052734375
-5.87856445313
-5.8666015625
-5.8666015625
-5.84028320313
-5.81635742188
-5.79721679688
-5.76850585938
-5.76850585938
-5.74936523438
-5.665625
-5.5603515625
-5.45029296875
-5.4837890625
-5.3306640625
-5.22778320312
-5.12490234375
-5.0435546875
-4.96220703125
-4.96220703125
-4.83540039063
-4.70859375
-4.58896484375
-4.58896484375
-4.48129882813
-4.383203125
-4.32099609375
-4.27075195312
-4.21811523438
-4.21811523438
-4.25400390625
-4.2396484375
-4.19658203125
-4.19658203125
-4.1822265625
-4.15590820313
-4.2205078125
-4.0673828125
-3.98364257813
-3.94775390625
-3.86401367188
-3.76831054688
-3.71088867188
-3.67021484375
-3.61040039063
-3.54580078125
-3.50512695313
-3.48120117188
-3.48359375
-3.50034179688
-3.51469726563
-3.4548828125
-3.43334960938
-3.47163085938
-3.41899414063
-3.43813476563
-3.44770507813
-3.47641601563
-3.60083007813
-3.64868164063
-3.71328125
-3.7228515625
-3.808984375
-3.78745117188
-3.81137695313
-3.79702148438
-3.78984375
-3.81616210938
-3.77548828125
-3.71806640625
-3.7037109375
-3.79223632813
-3.84487304688
-3.79462890625
-3.7611328125
-3.77309570313
-3.76831054688
-3.76831054688
-3.70849609375
-3.62475585938
-3.67021484375
-3.39028320313
-2.69404296875
-2.3638671875
-2.2490234375
-2.12700195313
-1.8375
-1.67719726563
-1.53125
-1.35419921875
-1.00249023438
-0.801513671875
-0.5455078125
-0.222509765625
-0.078955078125
0.153125
0.289501953125
0.36845703125
0.62685546875
0.777587890625
0.887646484375
1.05034179688
1.13408203125
1.23696289063
1.3685546875
1.44750976562
1.55756835938
1.58627929688
1.83989257813
1.92124023438
2.02412109375
1.9427734375
1.933203125
1.96909179688
2.02890625
2.0193359375
2.14135742188
2.162890625
2.25620117188
2.3447265625
2.39975585938
2.38540039063
2.45239257812
2.507421875
2.49545898438
2.53852539063
2.67729492188
2.61030273438
2.78256835938
2.93090820312
3.02421875
3.03618164063
3.05771484375
3.12709960938
3.17255859375
3.17016601563
3.2060546875
3.23715820313
3.27065429688
3.41420898438
3.45727539063
3.464453125
3.61997070313
3.66303710938
3.71328125
3.80659179688
3.9333984375
3.97646484375
4.07934570312
4.11762695313
4.17265625
4.20375976563
4.22768554688
4.25400390625
4.3544921875
4.39995117188
4.46694335938
4.45258789063
4.46694335938
4.57700195313
4.5650390625
4.66791992188
4.71337890625
4.85932617188
4.880859375
4.88564453125
4.7564453125
4.93588867188
4.97177734375
5.04116210938
5.04594726563
5.05551757813
5.09140625
5.10336914063
5.1201171875
5.13686523438
5.15122070313
5.1775390625
5.17993164062
5.17514648438
5.17993164062
5.24213867188
5.28520507813
5.3306640625
5.40483398438
5.39287109375
5.38090820313
5.47421875
5.45747070313
5.45029296875
5.52685546875
5.5029296875
5.53881835938
5.5029296875
5.54599609375
5.45747070313
5.39047851563
5.32827148438
5.21103515625
5.10576171875
5.01245117188
4.84736328125
4.68466796875
4.4310546875
4.28032226563
3.87119140625
3.69174804688
3.65825195313
3.17734375
2.97158203125
2.87827148438
2.92612304688
3.03618164063
3.0625
3.30893554688
3.158203125
2.53852539063
1.08862304688
0.705810546875
0.4115234375
