0.440234375
0.423486328125
0.42587890625
0.452197265625
0.516796875
0.5646484375
0.51201171875
0.5263671875
0.57421875
0.547900390625
0.547900390625
0.4689453125
0.399560546875
0.380419921875
0.394775390625
0.423486328125
0.409130859375
0.34453125
0.34453125
0.428271484375
0.325390625
0.478515625
0.495263671875
0.495263671875
0.442626953125
0.325390625
0.26318359375
0.26318359375
0.23447265625
0.21533203125
0.15791015625
0.15791015625
0.141162109375
0.17705078125
0.13876953125
0.141162109375
0.141162109375
0.22490234375
0.172265625
0.05263671875
0.133984375
-0.019140625
-0.059814453125
0.016748046875
0.318212890625
0.318212890625
0.35888671875
-0.12919921875
-0.5359375
-0.547900390625
-0.528759765625
-0.375634765625
-0.2201171875
-0.17705078125
-0.248828125
-0.248828125
-0.332568359375
-0.3732421875
-0.370849609375
-0.370849609375
-0.356494140625
-0.3541015625
-0.284716796875
-0.284716796875
-0.1818359375
0.418701171875
0.47373046875
0.538330078125
0.56943359375
0.56943359375
0.54072265625
0.552685546875
0.6220703125
0.6220703125
0.67470703125
0.7177734375
0.748876953125
0.748876953125
0.7751953125
0.88525390625
1.12690429688
1.27045898438
1.61020507813
1.684375
1.56953125
1.84946289063
2.08393554688
2.12700195313
2.25380859375
2.32797851563
2.60791015625
2.7849609375
2.79692382813
3.01225585938
3.14384765625
3.17255859375
3.33764648438
3.41420898438
3.48837890625
3.55537109375
3.61997070313
3.64868164063
3.75634765625
3.84008789063
3.94775390625
3.76352539063
3.75874023438
3.78984375
3.78745117188
3.732421875
3.655859375
3.67260742188
3.69174804688
3.67978515625
3.55776367188
3.502734375
3.4166015625
3.41420898438
3.34721679688
3.21323242188
3.21323242188
2.99790039063
2.98354492188
3.04575195313
2.83520507812
2.8041015625
2.76821289063
2.58159179688
2.583984375
2.53134765625
2.40932617188
2.3734375
2.33037109375
2.33515625
2.32080078125
2.26337890625
2.26577148438
2.2873046875
2.30166015625
2.3734375
2.392578125
2.39736328125
2.41171875
2.43564453125
2.43564453125
2.46196289063
2.48110351563
2.56723632813
2.68686523438
2.74907226563
2.70122070313
2.73232421875
2.8041015625
2.84716796875
2.89501953125
2.91655273438
2.95244140625
3.05053710938
3.081640625
3.13188476563
3.18212890625
3.20126953125
3.196484375
3.2060546875
3.2443359375
3.25869140625
3.25151367188
3.30893554688
3.30893554688
3.3017578125
3.30415039063
3.3017578125
3.29697265625
3.26108398438
3.17734375
3.15102539063
3.1103515625
2.9380859375
2.87587890625
2.84477539063
2.74428710938
2.72993164063
2.46435546875
2.4021484375
2.32319335938
2.05043945313
1.95234375
1.82314453125
1.71069335938
1.64370117188
1.48100585938
1.1484375
1.071875
0.949853515625
0.8134765625
0.593359375
0.516796875
0.40673828125
0.16748046875
0.07177734375
-0.03349609375
-0.09091796875
-0.33974609375
-0.4306640625
-0.4880859375
-0.624462890625
-0.701025390625
-0.7751953125
-1.00249023438
-1.06469726562
-1.17236328125
-1.32548828125
-1.397265625
-1.4546875
-1.5408203125
-1.64848632813
-1.72504882813
-1.7130859375
-1.93559570313
-1.97866210938
-2.02412109375
-2.0958984375
-2.14614257813
-2.16049804688
-2.28491210938
-2.34711914063
-2.34951171875
-2.37583007813
-2.40932617188
-2.43803710938
-2.41650390625
-2.430859375
-2.48828125
-2.51220703125
-2.50502929688
-2.51459960938
-2.53374023438
-2.60073242188
-2.59594726562
-2.57680664063
-2.54331054688
-2.51459960938
-2.47153320313
-2.42846679688
-2.44760742188
-2.44760742188
-2.40693359375
-2.3734375
-2.41411132813
-2.38540039063
-2.34711914063
-2.38779296875
-2.38779296875
-2.39497070313
-2.42368164063
-2.42846679688
-2.42368164063
-2.41650390625
-2.40693359375
-2.40454101562
-2.44282226563
-2.430859375
-2.40932617188
-2.4595703125
-2.49545898438
-2.469140625
-2.64140625
-2.65815429688
-2.67490234375
-2.622265625
-2.58876953125
-2.61987304688
-2.4787109375
-2.62944335938
-2.79931640625
-2.909375
-2.60073242188
-2.2203125
-3.28740234375
-2.75146484375
-2.82563476563
-2.928515625
-2.77778320313
-2.5744140625
-2.41650390625
-2.24423828125
-2.0767578125
-1.74418945313
-1.42836914063
-1.18193359375
-0.75126953125
-0.38759765625
-0.117236328125
0.122021484375
0.423486328125
0.6986328125
0.485693359375
0.796728515625
0.669921875
0.7177734375
0.54072265625
0.34453125
0.203369140625
0.02392578125
-0.308642578125
-1.39487304688
-1.7896484375
-2.10786132813
-2.4787109375
-2.70122070313
-2.77778320313
-2.9763671875
-3.12470703125
-3.78266601563
-3.83051757813
-4.14633789063
-4.30424804688
-4.57700195313
-4.6798828125
-5.053125
-5.45986328125
-5.46943359375
-5.53403320313
-5.64169921875
-5.77329101563
-5.71586914063
-5.72065429688
-5.84028320313
-5.93359375
-6.0197265625
-6.0580078125
-6.125
-6.067578125
-5.98623046875
-5.79243164063
-5.77807617188
-5.5794921875
-5.5890625
-5.36655273438
-5.23017578125
-5.11533203125
-5.01962890625
-4.93588867188
-4.76123046875
-4.6033203125
-4.55307617188
-4.5841796875
-4.38081054688
-4.1630859375
-4.06977539063
-4.12241210938
-3.79462890625
-3.6845703125
-3.67260742188
-3.55537109375
-3.50751953125
-3.55776367188
-3.43813476563
-3.41899414063
-3.34721679688
-3.42138671875
-3.37592773438
-3.3591796875
-3.32329101563
-3.24912109375
-3.27065429688
-3.31611328125
-3.29697265625
-3.22758789063
-3.24912109375
-3.19409179688
-3.10556640625
-3.06010742188
-3.02900390625
-3.00268554688
-2.82084960938
-2.622265625
-2.4978515625
-2.38061523438
-2.36147460938
-2.17485351563
-2.01215820313
-1.94516601563
-1.91884765625
-1.167578125
-1.11494140625
-0.861328125
-0.65556640625
-0.6220703125
-0.23447265625
-0.095703125
0.031103515625
0.093310546875
0.203369140625
0.27275390625
0.275146484375
0.418701171875
0.662744140625
0.758447265625
0.76083984375
0.899609375
0.940283203125
0.964208984375
1.05751953125
1.09340820313
1.1197265625
1.16997070313
1.205859375
1.26567382813
1.36137695313
1.397265625
1.38530273438
1.46186523438
1.5408203125
1.56235351563
1.66044921875
1.73461914063
1.71069335938
1.89013671875
1.95473632813
2.00737304688
1.99780273438
2.06000976563
2.0193359375
2.24663085938
2.1533203125
2.41889648438
2.49306640625
2.53852539063
2.5935546875
2.698828125
2.73950195312
2.83041992188
2.87348632813
2.86630859375
2.94765625
2.966796875
3.01225585938
3.04096679688
3.02661132812
3.09599609375
3.07685546875
2.91655273438
3.08881835938
3.06489257813
3.043359375
3.043359375
3.06728515625
3.06728515625
3.09838867188
3.06728515625
3.07446289063
3.06489257813
3.07446289063
3.0625
3.00747070313
2.9763671875
2.97875976562
3.00029296875
3.06728515625
3.05771484375
3.1390625
3.16298828125
3.18452148438
3.18212890625
3.19169921875
3.2826171875
3.349609375
3.41181640625
3.4166015625
3.44770507813
3.46206054688
3.50512695313
3.5697265625
3.5984375
3.62236328125
3.6845703125
3.72524414063
3.81137695313
3.81376953125
3.9525390625
3.99560546875
4.04106445313
4.06259765625
4.14633789063
4.33295898438
4.3736328125
4.33056640625
4.32338867188
4.3162109375
4.28271484375
4.23247070313
4.29228515625
4.2587890625
4.13916015625
4.28271484375
4.18701171875
4.45258789063
4.42866210938
4.18461914063
