0.6412109375
0.600537109375
0.55986328125
0.5455078125
0.485693359375
0.43544921875
0.471337890625
0.547900390625
0.337353515625
0.28232421875
0.270361328125
0.172265625
0.155517578125
0.145947265625
0.07177734375
0.064599609375
0.083740234375
0.057421875
-0.03828125
-0.0287109375
-0.019140625
-0.078955078125
-0.0861328125
-0.10048828125
-0.107666015625
-0.14833984375
-0.153125
-0.198583984375
-0.198583984375
-0.236865234375
-0.284716796875
-0.318212890625
-0.34453125
-0.413916015625
-0.428271484375
-0.409130859375
-0.42109375
-0.46416015625
-0.4880859375
-0.50244140625
-0.519189453125
-0.538330078125
-0.555078125
-0.57900390625
-0.614892578125
-0.614892578125
-0.6412109375
-0.653173828125
-0.72734375
-0.734521484375
-0.744091796875
-0.748876953125
-0.746484375
-0.720166015625
-0.70341796875
-0.71298828125
-0.729736328125
-0.677099609375
-0.54072265625
-0.490478515625
-0.4498046875
-0.41630859375
-0.217724609375
-0.153125
-0.107666015625
-0.11484375
0.174658203125
0.212939453125
0.49765625
0.681884765625
0.8326171875
0.80390625
1.06948242188
1.13408203125
1.167578125
1.1962890625
1.15561523438
1.1580078125
1.13168945313
1.05512695313
1.04794921875
1.04555664063
0.787158203125
0.77998046875
0.763232421875
0.758447265625
0.701025390625
0.705810546875
0.74169921875
0.6603515625
0.634033203125
0.55029296875
0.57900390625
0.662744140625
0.76083984375
0.79912109375
0.820654296875
0.765625
0.796728515625
0.844580078125
0.878076171875
0.7943359375
1.04555664063
1.04555664063
1.05034179688
1.07905273438
1.07666015625
1.06469726562
1.06708984375
1.1005859375
1.1771484375
1.00966796875
1.0623046875
1.04077148438
1.0240234375
1.01206054688
0.978564453125
0.830224609375
0.7560546875
0.801513671875
0.83740234375
0.88046875
0.681884765625
0.65078125
0.758447265625
0.581396484375
0.681884765625
0.677099609375
0.653173828125
0.686669921875
0.669921875
0.696240234375
0.6986328125
0.669921875
0.65556640625
0.643603515625
0.677099609375
0.6603515625
0.662744140625
0.62685546875
0.59814453125
0.638818359375
0.653173828125
0.6603515625
0.7369140625
0.571826171875
0.590966796875
0.62685546875
0.614892578125
0.63642578125
0.638818359375
0.638818359375
0.6412109375
0.662744140625
0.6220703125
0.614892578125
0.5837890625
0.49287109375
0.471337890625
0.4689453125
0.342138671875
0.35888671875
0.33017578125
0.3158203125
0.30146484375
0.203369140625
0.287109375
0.13876953125
0.155517578125
0.07177734375
0.02392578125
-0.1435546875
0.0765625
0.126806640625
0.150732421875
0.112451171875
0.083740234375
0.078955078125
0.050244140625
0.057421875
0.055029296875
0.035888671875
0.040673828125
0.083740234375
0.08134765625
-0.00478515625
-0.019140625
-0.059814453125
-0.064599609375
-0.117236328125
-0.13876953125
-0.05263671875
-0.40673828125
-0.555078125
-0.547900390625
-0.6412109375
-0.667529296875
-0.66513671875
-0.6986328125
-0.839794921875
-0.916357421875
-0.968994140625
-0.99052734375
-1.04555664063
-1.08862304688
-1.09340820313
-1.225
-1.225
-1.282421875
-1.33745117188
-1.4068359375
-1.47143554688
-1.49775390625
-1.64848632813
-1.69155273438
-1.83032226563
-1.90688476563
-1.96909179688
-2.03608398438
-2.03608398438
-2.0671875
-2.0671875
-2.03129882813
-2.0576171875
-2.09829101563
-2.11025390625
-2.04086914063
-2.0576171875
-2.07915039063
-2.086328125
-2.0671875
-2.07915039063
-1.99301757813
-1.98823242188
-1.971484375
-1.971484375
-1.96430664063
-1.99780273438
-2.01694335938
-2.05283203125
-2.048046875
-2.02412109375
-1.971484375
-1.971484375
-1.96430664063
-2.00737304688
-2.04565429688
-2.086328125
-2.10068359375
-2.17006835938
-2.1916015625
-2.26337890625
-2.29926757813
-2.35908203125
-2.3638671875
-2.43564453125
-2.51938476563
-2.55288085938
-2.64140625
-2.7466796875
-2.79692382813
-2.88544921875
-2.94526367188
-2.95483398438
-2.98354492188
-3.02900390625
-3.0337890625
-3.00029296875
-3.00029296875
-2.99311523438
-2.99311523438
-2.97158203125
-2.95483398438
-2.88784179688
-2.82802734375
-2.77060546875
-2.76342773438
-2.66772460938
-2.5935546875
-2.55288085938
-2.47631835938
-2.45239257812
-2.4021484375
-2.35908203125
-2.392578125
-2.23227539063
-2.22509765625
-2.08154296875
-2.02172851562
-1.83989257813
-1.97387695313
-1.89252929688
-1.9044921875
-1.90688476563
-1.88056640625
-1.88056640625
-1.82553710938
-1.84228515625
-1.87578125
-1.90688476563
-1.92841796875
-1.933203125
-1.933203125
-2.0001953125
-2.01215820313
-2.0958984375
-2.11743164062
-2.14135742188
-2.14853515625
-2.16767578125
-2.162890625
-2.16767578125
-2.201171875
-2.20356445313
-2.201171875
-2.17724609375
-2.21552734375
-2.2107421875
-2.201171875
-2.24184570313
-2.20595703125
-2.29448242188
-2.16049804688
-2.14853515625
-2.12221679688
-2.13657226563
-2.11982421875
-2.11982421875
-2.08872070313
-2.05283203125
-2.01455078125
-2.0001953125
-1.97626953125
-1.95712890625
-1.99541015625
-2.08872070313
-1.90209960938
-1.856640625
-1.87578125
-1.894921875
-1.83032226563
-1.78725585938
-1.76572265625
-1.72983398438
-1.64609375
-1.67001953125
-1.62934570313
-1.626953125
-1.62456054688
-1.67719726563
-1.63891601563
-1.61020507813
-1.6173828125
-1.61977539063
-1.63891601563
-1.665234375
-1.67958984375
-1.6748046875
-1.75615234375
-1.818359375
-1.69155273438
-1.92841796875
-1.95234375
-1.98583984375
-2.02890625
-2.13178710938
-2.15810546875
-2.18442382813
-2.25620117188
-2.296875
-2.34233398438
-2.34233398438
-2.35908203125
-2.42846679688
-2.41889648438
-2.11025390625
-2.4021484375
-2.59116210938
-2.50981445313
-2.53134765625
-2.49067382813
-2.52895507813
-2.56005859375
-2.30166015625
-2.21313476562
-2.05522460938
-1.990625
-1.95234375
-1.92841796875
-1.86860351563
-1.89731445313
-1.82553710938
-1.80161132813
-1.72504882813
-1.6939453125
-1.61259765625
-1.6365234375
-1.57670898438
-1.49057617188
-1.49775390625
-1.51450195313
-1.43076171875
-1.39965820312
-1.40205078125
-1.36376953125
-1.36616210938
-1.31831054688
-1.29916992188
-1.2345703125
-1.18193359375
-1.37094726563
-1.2154296875
-1.15561523438
-1.18193359375
-1.2154296875
-1.19389648438
-1.17475585938
-1.167578125
-1.129296875
-1.129296875
-1.14365234375
-1.17475585938
-1.20107421875
-1.20346679688
-1.21782226563
-1.27524414063
-1.26328125
-1.20825195312
-1.23696289063
-1.2154296875
-1.23935546875
-1.21782226563
-1.19389648438
-1.16040039062
-1.16518554688
-1.16997070313
-1.14604492188
-1.1197265625
-1.1197265625
-1.12690429688
-1.11494140625
-1.09580078125
-1.052734375
-1.04794921875
-0.964208984375
-0.916357421875
-0.878076171875
-0.902001953125
-0.90439453125
-0.861328125
-0.79912109375
-0.724951171875
-0.73212890625
-0.68427734375
-0.595751953125
-0.631640625
-0.590966796875
-0.567041015625
-0.495263671875
-0.4880859375
-0.610107421875
-0.423486328125
-0.37802734375
-0.36845703125
-0.342138671875
-0.346923828125
-0.322998046875
-0.318212890625
-0.325390625
-0.3349609375
-0.313427734375
-0.294287109375
-0.26796875
-0.2583984375
-0.294287109375
-0.30146484375
-0.270361328125
-0.287109375
-0.313427734375
-0.248828125
-0.2296875
-0.193798828125
-0.179443359375
-0.098095703125
-0.069384765625
-0.026318359375
0.007177734375
0.031103515625
0.026318359375
0.045458984375
0.0861328125
0.112451171875
0.1435546875
0.174658203125
0.160302734375
0.193798828125
0.2583984375
0.270361328125
0.210546875
0.409130859375
