-1.60541992188
-1.47143554688
-1.16040039062
-0.849365234375
-0.696240234375
-0.70341796875
-0.69384765625
-0.72734375
-0.71298828125
-0.624462890625
-0.849365234375
-1.129296875
-1.37573242188
-1.5025390625
-1.75615234375
-2.04326171875
-2.35190429688
-2.44282226563
-2.80649414063
-3.1390625
-3.39267578125
-3.4740234375
-3.61997070313
-3.67739257813
-3.69892578125
-3.65346679688
-3.66782226563
-3.45966796875
-3.28979492188
-3.10556640625
-3.06967773438
-3.01704101563
-2.9955078125
-2.89262695313
-2.03369140625
-2.0384765625
-2.05043945313
-2.0576171875
-2.009765625
-2.06000976563
-2.11982421875
-2.162890625
-2.14614257813
-2.17724609375
-2.18681640625
-2.2298828125
-2.316015625
-2.46196289063
-2.52177734375
-2.63422851563
-2.86630859375
-2.99072265625
-3.14624023438
-3.32568359375
-3.541015625
-3.65346679688
-3.65346679688
-3.74916992188
-3.83051757813
-3.92143554688
-3.9046875
-4.0578125
-4.1822265625
-4.27075195312
-4.27075195312
-4.37602539063
-4.51240234375
-4.6607421875
-4.74448242188
-4.74448242188
-4.81147460938
-4.8138671875
-4.82583007813
-4.7947265625
-4.9478515625
-5.03637695312
-5.06987304688
-5.00766601563
-4.9287109375
-4.91435546875
-4.91435546875
-4.87368164063
-4.81865234375
-4.73491210938
-4.59853515625
-4.49565429688
-4.53872070313
-4.24204101563
-4.10805664063
-3.99321289063
-4.05302734375
-3.83530273438
-3.770703125
-3.67260742188
-3.58647460938
-3.58647460938
-3.52905273438
-3.426171875
-3.426171875
-3.36157226563
-3.26586914063
-3.15581054688
-3.10556640625
-3.10556640625
-3.04814453125
-3.00268554688
-2.98833007813
-2.98833007813
-2.99311523438
-2.98833007813
-2.94765625
-2.94765625
-2.890234375
-2.82802734375
-2.81845703125
-2.83041992188
-2.83999023438
-2.85673828125
-2.85673828125
-2.851953125
-2.775390625
-2.76342773438
-2.76342773438
-2.8615234375
-3.02900390625
-3.13188476563
-3.13188476563
-3.18930664063
-3.26586914063
-3.36875
-3.36875
-3.44052734375
-3.45009765625
-3.502734375
-3.502734375
-3.56254882813
-3.61997070313
-3.68696289063
-3.68696289063
-3.7228515625
-3.7611328125
-3.81137695313
-3.81137695313
-3.88315429688
-3.9525390625
-3.99321289063
-3.99321289063
-4.04584960938
-4.11284179688
-4.01953125
-4.17265625
-4.23247070313
-4.30903320313
-4.40952148438
-4.40952148438
-4.459765625
-4.46694335938
-4.498046875
-4.498046875
-4.56025390625
-4.61049804688
-4.612890625
-4.612890625
-4.58657226563
-4.57221679688
-4.58178710938
-4.58178710938
-4.54829101563
-4.5171875
-4.52197265625
-4.52197265625
-4.47890625
-4.37841796875
-4.35688476563
-4.35688476563
-4.37124023438
-4.32817382813
-4.43344726563
-4.28032226563
-4.24204101563
-4.17026367188
-4.25639648438
-4.10327148438
-4.08173828125
-4.01235351563
-4.05063476563
-3.89750976563
-3.7994140625
-3.67021484375
-3.54819335938
-3.54819335938
-3.44770507813
-3.30415039063
-3.29458007813
-3.14145507813
-2.99311523438
-2.83999023438
-2.85434570313
-2.70361328125
-2.55048828125
-2.39018554688
-2.28251953125
-2.162890625
-2.00498046875
-1.82314453125
-1.63891601563
-1.45947265625
-1.45947265625
-1.29677734375
-1.129296875
-0.906787109375
-0.662744140625
-0.72255859375
-0.41630859375
-0.19619140625
-0.059814453125
0.552685546875
0.825439453125
0.96181640625
0.96181640625
1.13408203125
1.30395507812
1.39008789063
1.49536132812
1.67001953125
1.83510742188
1.91645507813
2.01694335938
2.1533203125
2.27294921875
2.38779296875
2.4787109375
2.5935546875
2.5935546875
2.72036132813
2.81606445313
2.90698242188
3.03857421875
3.17255859375
3.20366210938
3.20366210938
3.21083984375
3.2443359375
3.29458007813
3.29458007813
3.31850585938
3.311328125
3.33764648438
3.33764648438
3.38071289063
3.44770507813
3.47641601563
3.46684570313
3.502734375
3.502734375
3.52426757813
3.51948242188
3.52905273438
3.52905273438
3.56733398438
3.59604492188
3.61279296875
3.62954101563
3.63911132813
3.63911132813
3.63432617188
3.64150390625
3.67021484375
3.52666015625
3.67978515625
3.69892578125
3.7419921875
3.74677734375
3.74677734375
3.73002929688
3.73002929688
3.74438476563
3.74438476563
3.72524414063
3.69653320313
3.6845703125
3.6845703125
3.694140625
3.69892578125
3.68217773438
3.68935546875
3.69892578125
3.70610351563
3.69653320313
3.70849609375
3.6845703125
3.64389648438
3.64150390625
3.6462890625
3.6462890625
3.57690429688
3.56494140625
3.61279296875
3.61279296875
3.55537109375
3.49555664063
3.52905273438
3.61997070313
3.6654296875
3.72045898438
3.77548828125
3.7611328125
3.71328125
3.70849609375
3.76591796875
3.76591796875
3.80659179688
3.8376953125
3.89033203125
3.9525390625
4.00278320313
4.05541992188
4.05541992188
4.1630859375
4.24921875
4.28032226563
4.33295898438
4.37602539063
4.39516601563
4.383203125
4.37841796875
4.42626953125
4.42626953125
4.5076171875
4.55786132812
4.57939453125
4.57939453125
4.61528320313
4.62006835938
4.67749023438
4.74208984375
4.74208984375
4.7564453125
4.8330078125
4.89521484375
4.89521484375
4.93110351563
4.96220703125
5.03876953125
5.03876953125
5.11772460938
4.9861328125
4.9669921875
4.8138671875
4.79233398438
4.89282226562
4.86889648438
5.02202148438
5.07705078125
5.01962890625
4.93349609375
4.93349609375
4.95263671875
4.98134765625
4.98134765625
4.995703125
4.99331054688
4.97416992188
4.97416992188
4.97416992188
4.92631835938
4.92153320313
4.92153320313
4.93588867188
4.89760742188
4.87846679688
4.87846679688
4.8521484375
4.79233398438
4.79711914062
4.79711914062
4.91196289063
5.01484375
5.00048828125
5.00048828125
4.93349609375
4.94067382812
4.957421875
4.957421875
4.93349609375
4.880859375
4.79711914062
4.8904296875
4.7373046875
4.6607421875
4.54350585938
4.51958007813
4.51958007813
4.53872070313
4.4693359375
4.56743164063
4.41430664062
4.44780273438
4.50043945313
4.48369140625
4.48369140625
4.43583984375
4.3927734375
4.39516601563
4.39516601563
4.421484375
4.31860351562
4.31860351562
4.19658203125
4.11044921875
4.03627929688
4.03627929688
4.01713867188
3.923828125
3.75874023438
3.75874023438
3.5984375
3.464453125
3.35200195313
3.35200195313
3.2060546875
3.043359375
2.90219726563
2.90219726563
2.72036132813
2.57919921875
2.48349609375
2.48349609375
2.33994140625
2.17724609375
1.98823242188
1.98823242188
1.78725585938
1.66044921875
1.588671875
1.588671875
1.435546875
1.22978515625
1.08623046875
1.08623046875
0.921142578125
0.715380859375
0.55986328125
0.55986328125
0.394775390625
0.2296875
0.093310546875
0.093310546875
-0.04306640625
-0.1435546875
-0.26796875
-0.26796875
-0.4115234375
-0.5263671875
-0.653173828125
-0.88046875
-0.88046875
-1.05751953125
-1.05751953125
-1.11015625
-1.20346679688
-1.28959960938
-1.36616210938
-1.30395507812
-1.45708007813
-1.55517578125
-1.64609375
-1.76333007813
-1.88295898438
-1.94516601563
-2.00258789063
-2.14135742188
-2.22509765625
-2.17485351563
-2.10546875
-2.13657226563
-2.19638671875
-2.1916015625
-2.1916015625
-2.12939453125
-2.04086914063
-1.94755859375
-1.86142578125
-1.83271484375
-1.79204101563
-1.68916015625
-1.55756835938
-1.3876953125
-1.29677734375
-1.29438476563
-1.29438476563
-1.26088867188
-1.2154296875
-1.20825195312
-1.20825195312
-1.18193359375
-1.12690429688
-1.091015625
-1.21782226563
-1.06469726562
