-0.3349609375
-0.322998046875
-0.3349609375
-0.361279296875
-0.34453125
-0.332568359375
-0.30625
-0.289501953125
-0.30625
-0.442626953125
-0.279931640625
-0.265576171875
-0.26318359375
-0.260791015625
-0.294287109375
-0.299072265625
-0.26318359375
-0.251220703125
-0.265576171875
-0.26318359375
-0.318212890625
-0.275146484375
-0.289501953125
-0.270361328125
-0.356494140625
-0.318212890625
-0.36845703125
-0.3732421875
-0.380419921875
-0.42587890625
-0.46416015625
-0.476123046875
-0.456982421875
-0.437841796875
-0.461767578125
-0.44501953125
-0.3158203125
-0.471337890625
-0.356494140625
-0.480908203125
-0.5072265625
-0.5072265625
-0.54072265625
-0.495263671875
-0.495263671875
-0.4880859375
-0.49765625
-0.4689453125
-0.4689453125
-0.49765625
-0.452197265625
-0.452197265625
-0.490478515625
-0.476123046875
-0.452197265625
-0.4689453125
-0.437841796875
-0.461767578125
-0.43544921875
-0.418701171875
-0.394775390625
-0.375634765625
-0.370849609375
-0.351708984375
-0.363671875
-0.327783203125
-0.322998046875
-0.34931640625
-0.26318359375
-0.294287109375
-0.4306640625
-0.27275390625
-0.29189453125
-0.222509765625
-0.208154296875
-0.232080078125
-0.227294921875
-0.23447265625
-0.236865234375
-0.251220703125
-0.2009765625
-0.208154296875
-0.227294921875
-0.227294921875
-0.2201171875
-0.179443359375
-0.193798828125
-0.18662109375
-0.19619140625
-0.210546875
-0.189013671875
-0.19619140625
-0.2201171875
-0.203369140625
-0.232080078125
-0.19140625
-0.20576171875
-0.21533203125
-0.210546875
-0.21533203125
-0.198583984375
-0.184228515625
-0.203369140625
-0.169873046875
-0.17705078125
-0.153125
-0.189013671875
-0.11962890625
-0.15791015625
-0.122021484375
-0.141162109375
-0.00478515625
-0.165087890625
-0.19140625
-0.16748046875
-0.174658203125
-0.189013671875
-0.18662109375
-0.21533203125
-0.256005859375
-0.21533203125
-0.236865234375
-0.24404296875
-0.275146484375
-0.26796875
-0.256005859375
-0.251220703125
-0.28232421875
-0.2775390625
-0.303857421875
-0.25361328125
-0.1626953125
-0.332568359375
-0.27275390625
-0.34931640625
-0.3349609375
-0.303857421875
-0.155517578125
-0.3158203125
-0.155517578125
-0.366064453125
-0.36845703125
-0.356494140625
-0.375634765625
-0.38759765625
-0.4498046875
-0.42587890625
-0.308642578125
-0.57900390625
-0.461767578125
-0.476123046875
-0.4880859375
-0.32060546875
-0.478515625
-0.47373046875
-0.49287109375
-0.480908203125
-0.440234375
-0.47373046875
-0.459375
-0.480908203125
-0.4689453125
-0.459375
-0.437841796875
-0.459375
-0.433056640625
-0.4115234375
-0.428271484375
-0.437841796875
-0.37802734375
-0.375634765625
-0.3828125
-0.34931640625
-0.363671875
-0.33974609375
-0.394775390625
-0.327783203125
-0.346923828125
-0.327783203125
-0.34931640625
-0.289501953125
-0.31103515625
-0.299072265625
-0.313427734375
-0.27275390625
-0.275146484375
-0.30146484375
-0.29189453125
-0.270361328125
-0.299072265625
-0.287109375
-0.34453125
-0.3158203125
-0.303857421875
-0.34931640625
-0.356494140625
-0.39716796875
-0.375634765625
-0.404345703125
-0.37802734375
-0.43544921875
-0.461767578125
-0.4498046875
-0.447412109375
-0.452197265625
-0.4306640625
-0.40673828125
-0.394775390625
-0.40673828125
-0.409130859375
-0.36845703125
-0.40673828125
-0.442626953125
-0.4306640625
-0.4498046875
-0.44501953125
-0.41630859375
-0.4306640625
-0.437841796875
-0.440234375
-0.418701171875
-0.3923828125
-0.37802734375
-0.39716796875
-0.399560546875
-0.327783203125
-0.46416015625
-0.4115234375
-0.399560546875
-0.41630859375
-0.437841796875
-0.43544921875
-0.418701171875
-0.433056640625
-0.4498046875
-0.4498046875
-0.456982421875
-0.590966796875
-0.440234375
-0.452197265625
-0.459375
-0.4498046875
-0.332568359375
-0.49765625
-0.586181640625
-0.41630859375
-0.440234375
-0.418701171875
-0.442626953125
-0.60771484375
-0.461767578125
-0.46416015625
-0.466552734375
-0.4689453125
-0.47373046875
-0.4498046875
-0.49287109375
-0.46416015625
-0.4498046875
-0.4498046875
-0.44501953125
-0.452197265625
-0.4498046875
-0.327783203125
-0.466552734375
-0.4689453125
-0.46416015625
-0.480908203125
-0.466552734375
-0.514404296875
-0.555078125
-0.5455078125
-0.500048828125
-0.55029296875
-0.543115234375
-0.495263671875
-0.5072265625
-0.538330078125
-0.571826171875
-0.523974609375
-0.53115234375
-0.538330078125
-0.516796875
-0.5359375
-0.53115234375
-0.60771484375
-0.57421875
-0.557470703125
-0.586181640625
-0.58857421875
-0.5646484375
-0.57421875
-0.61728515625
-0.59814453125
-0.57421875
-0.595751953125
-0.6029296875
-0.562255859375
-0.571826171875
-0.6029296875
-0.571826171875
-0.533544921875
-0.54072265625
-0.57421875
-0.57421875
-0.58857421875
-0.555078125
-0.5455078125
-0.538330078125
-0.57900390625
-0.5837890625
-0.56943359375
-0.5837890625
-0.5359375
-0.528759765625
-0.543115234375
-0.500048828125
-0.519189453125
-0.480908203125
-0.485693359375
-0.60771484375
-0.45458984375
-0.43544921875
-0.43544921875
-0.44501953125
-0.42109375
-0.428271484375
-0.418701171875
-0.4115234375
-0.409130859375
-0.3923828125
-0.401953125
-0.380419921875
-0.399560546875
-0.39716796875
-0.3732421875
-0.39716796875
-0.3828125
-0.40673828125
-0.409130859375
-0.399560546875
-0.37802734375
-0.399560546875
-0.385205078125
-0.37802734375
-0.380419921875
-0.38759765625
-0.351708984375
-0.363671875
-0.409130859375
-0.37802734375
-0.356494140625
-0.3541015625
-0.356494140625
-0.34931640625
-0.361279296875
-0.41630859375
-0.409130859375
-0.399560546875
-0.38759765625
-0.3828125
-0.42109375
-0.409130859375
-0.423486328125
-0.440234375
-0.44501953125
-0.32060546875
-0.4689453125
-0.476123046875
-0.4115234375
-0.437841796875
-0.466552734375
-0.452197265625
-0.514404296875
-0.495263671875
-0.495263671875
-0.442626953125
-0.47373046875
-0.476123046875
-0.490478515625
-0.509619140625
-0.47373046875
-0.476123046875
-0.466552734375
-0.4689453125
-0.45458984375
-0.514404296875
-0.47373046875
-0.480908203125
-0.45458984375
-0.4498046875
-0.4880859375
-0.52158203125
-0.519189453125
-0.519189453125
-0.516796875
-0.538330078125
-0.48330078125
-0.5263671875
-0.516796875
-0.49287109375
-0.504833984375
-0.49287109375
-0.509619140625
-0.567041015625
-0.41630859375
-0.433056640625
-0.4115234375
-0.404345703125
-0.433056640625
-0.42109375
-0.42109375
-0.36845703125
-0.3349609375
-0.37802734375
-0.389990234375
-0.3828125
-0.401953125
-0.409130859375
-0.375634765625
-0.33974609375
-0.34931640625
-0.322998046875
-0.31103515625
-0.35888671875
-0.351708984375
-0.43544921875
-0.30625
-0.342138671875
-0.279931640625
-0.30146484375
-0.265576171875
-0.308642578125
-0.27275390625
-0.28232421875
-0.45458984375
-0.366064453125
-0.375634765625
-0.389990234375
-0.366064453125
-0.342138671875
-0.40673828125
-0.3923828125
-0.404345703125
-0.401953125
-0.40673828125
-0.428271484375
-0.39716796875
-0.389990234375
-0.3828125
-0.394775390625
-0.418701171875
-0.447412109375
-0.370849609375
-0.370849609375
-0.37802734375
-0.433056640625
-0.401953125
-0.363671875
-0.366064453125
-0.36845703125
-0.36845703125
-0.325390625
-0.370849609375
-0.3828125
-0.366064453125
-0.363671875
-0.361279296875
-0.37802734375
-0.404345703125
-0.394775390625
-0.361279296875
-0.36845703125
-0.36845703125
-0.3828125
-0.39716796875
-0.38759765625
-0.356494140625
-0.366064453125
-0.36845703125
-0.423486328125
-0.428271484375
-0.423486328125
-0.42109375
-0.43544921875
-0.428271484375
-0.5072265625
-0.4306640625
-0.32060546875
-0.600537109375
-0.45458984375
-0.4498046875
-0.43544921875
-0.433056640625
-0.476123046875
-0.43544921875
-0.428271484375
-0.49287109375
-0.459375
-0.31103515625
