-0.248828125
-0.270361328125
-0.279931640625
-0.251220703125
-0.29189453125
-0.260791015625
-0.30625
-0.287109375
-0.284716796875
-0.45458984375
-0.313427734375
-0.31103515625
-0.2966796875
-0.44501953125
-0.2775390625
-0.248828125
-0.270361328125
-0.210546875
-0.210546875
-0.232080078125
-0.23447265625
-0.241650390625
-0.22490234375
-0.210546875
-0.17705078125
-0.184228515625
-0.1435546875
-0.14833984375
-0.122021484375
-0.17705078125
-0.153125
-0.193798828125
-0.112451171875
-0.107666015625
-0.088525390625
-0.11962890625
-0.07177734375
-0.095703125
-0.083740234375
-0.172265625
-0.093310546875
-0.117236328125
-0.083740234375
-0.117236328125
-0.112451171875
-0.11962890625
-0.133984375
-0.299072265625
-0.126806640625
-0.153125
-0.19619140625
-0.19140625
-0.1818359375
-0.193798828125
-0.20576171875
-0.212939453125
-0.227294921875
-0.232080078125
-0.21533203125
-0.193798828125
-0.2009765625
-0.189013671875
-0.227294921875
-0.184228515625
-0.210546875
-0.24404296875
-0.217724609375
-0.208154296875
-0.165087890625
-0.198583984375
-0.153125
-0.18662109375
-0.13876953125
-0.16748046875
-0.172265625
-0.299072265625
-0.145947265625
-0.09091796875
-0.165087890625
-0.14833984375
-0.112451171875
-0.126806640625
-0.133984375
-0.1244140625
-0.102880859375
-0.179443359375
-0.133984375
-0.098095703125
-0.069384765625
-0.069384765625
-0.07177734375
-0.05263671875
-0.117236328125
-0.055029296875
-0.069384765625
-0.0765625
-0.09091796875
-0.088525390625
-0.0861328125
-0.126806640625
-0.11484375
-0.11962890625
-0.095703125
-0.09091796875
-0.09091796875
-0.17705078125
-0.11962890625
-0.17705078125
-0.155517578125
-0.131591796875
-0.203369140625
-0.026318359375
-0.16748046875
-0.232080078125
-0.1818359375
-0.22490234375
-0.179443359375
-0.179443359375
-0.184228515625
-0.2201171875
-0.2201171875
-0.169873046875
-0.16748046875
-0.150732421875
-0.18662109375
-0.160302734375
-0.172265625
-0.021533203125
-0.2009765625
-0.179443359375
-0.174658203125
-0.1626953125
-0.174658203125
-0.141162109375
-0.19140625
-0.1818359375
-0.184228515625
-0.246435546875
-0.23447265625
-0.17705078125
-0.179443359375
-0.212939453125
-0.1626953125
-0.184228515625
-0.172265625
-0.19140625
-0.21533203125
-0.212939453125
-0.198583984375
-0.217724609375
-0.246435546875
-0.232080078125
-0.26318359375
-0.289501953125
-0.212939453125
-0.270361328125
-0.246435546875
-0.248828125
-0.251220703125
-0.294287109375
-0.2583984375
-0.256005859375
-0.265576171875
-0.265576171875
-0.248828125
-0.2392578125
-0.251220703125
-0.15791015625
-0.26796875
-0.2966796875
-0.303857421875
-0.299072265625
-0.287109375
-0.256005859375
-0.22490234375
-0.24404296875
-0.217724609375
-0.19140625
-0.21533203125
-0.203369140625
-0.227294921875
-0.2009765625
-0.193798828125
-0.19140625
-0.210546875
-0.026318359375
-0.198583984375
-0.18662109375
-0.02392578125
-0.15791015625
-0.19619140625
-0.172265625
-0.184228515625
-0.14833984375
-0.165087890625
-0.126806640625
-0.136376953125
-0.169873046875
-0.16748046875
-0.153125
-0.155517578125
-0.18662109375
-0.232080078125
-0.2009765625
-0.2009765625
-0.241650390625
-0.212939453125
-0.155517578125
-0.212939453125
-0.21533203125
-0.203369140625
-0.21533203125
-0.222509765625
-0.2296875
-0.210546875
-0.18662109375
-0.198583984375
-0.203369140625
-0.19619140625
-0.172265625
-0.16748046875
-0.17705078125
-0.136376953125
-0.1818359375
-0.169873046875
-0.165087890625
-0.169873046875
-0.2009765625
-0.00478515625
-0.189013671875
-0.11962890625
-0.117236328125
-0.303857421875
-0.074169921875
-0.112451171875
-0.11005859375
-0.10048828125
-0.09091796875
-0.11005859375
-0.074169921875
-0.112451171875
-0.1052734375
-0.11005859375
-0.122021484375
-0.141162109375
-0.303857421875
-0.16748046875
-0.203369140625
-0.17705078125
-0.23447265625
-0.208154296875
-0.222509765625
-0.236865234375
-0.248828125
-0.222509765625
-0.2583984375
-0.2583984375
-0.289501953125
-0.284716796875
-0.30146484375
-0.279931640625
-0.294287109375
-0.30146484375
-0.322998046875
-0.251220703125
-0.193798828125
-0.34931640625
-0.160302734375
-0.34453125
-0.361279296875
-0.366064453125
-0.351708984375
-0.29189453125
-0.363671875
-0.275146484375
-0.32060546875
-0.287109375
-0.256005859375
-0.27275390625
-0.28232421875
-0.246435546875
-0.279931640625
-0.2296875
-0.217724609375
-0.246435546875
-0.241650390625
-0.25361328125
-0.2296875
-0.260791015625
-0.256005859375
-0.2296875
-0.246435546875
-0.232080078125
-0.260791015625
-0.248828125
-0.2775390625
-0.27275390625
-0.24404296875
-0.246435546875
-0.2201171875
-0.2201171875
-0.2296875
-0.251220703125
-0.2583984375
-0.2392578125
-0.246435546875
-0.32060546875
-0.275146484375
-0.236865234375
-0.26796875
-0.25361328125
-0.2201171875
-0.260791015625
-0.2583984375
-0.222509765625
-0.25361328125
-0.210546875
-0.20576171875
-0.217724609375
-0.2392578125
-0.20576171875
-0.1818359375
-0.23447265625
-0.227294921875
-0.2392578125
-0.210546875
-0.198583984375
-0.227294921875
-0.16748046875
-0.141162109375
-0.12919921875
-0.095703125
-0.112451171875
-0.136376953125
-0.107666015625
-0.11962890625
-0.102880859375
-0.0861328125
-0.122021484375
-0.15791015625
-0.107666015625
-0.1244140625
-0.10048828125
-0.11005859375
-0.16748046875
-0.1052734375
-0.095703125
-0.10048828125
-0.303857421875
-0.155517578125
-0.10048828125
-0.145947265625
-0.303857421875
-0.133984375
-0.17705078125
-0.203369140625
-0.145947265625
-0.145947265625
-0.002392578125
-0.136376953125
-0.29189453125
-0.165087890625
-0.169873046875
-0.16748046875
-0.184228515625
-0.1435546875
-0.19140625
-0.145947265625
-0.153125
-0.153125
-0.136376953125
-0.1244140625
-0.112451171875
-0.153125
-0.30146484375
-0.10048828125
-0.153125
-0.179443359375
-0.1626953125
-0.122021484375
-0.172265625
-0.165087890625
-0.12919921875
-0.153125
-0.160302734375
-0.172265625
-0.155517578125
-0.153125
-0.141162109375
-0.122021484375
-0.153125
-0.133984375
-0.172265625
-0.117236328125
-0.15791015625
-0.026318359375
-0.141162109375
-0.14833984375
-0.14833984375
-0.169873046875
-0.133984375
-0.002392578125
-0.11005859375
-0.112451171875
-0.093310546875
-0.11484375
-0.126806640625
-0.117236328125
-0.1435546875
-0.1626953125
-0.133984375
-0.203369140625
-0.145947265625
-0.14833984375
-0.126806640625
-0.13876953125
-0.131591796875
-0.1244140625
-0.141162109375
-0.112451171875
-0.131591796875
-0.03349609375
-0.172265625
-0.172265625
-0.165087890625
-0.30625
-0.01435546875
-0.136376953125
-0.15791015625
-0.18662109375
-0.145947265625
-0.172265625
-0.169873046875
-0.160302734375
-0.20576171875
-0.19140625
-0.208154296875
-0.2583984375
-0.24404296875
-0.208154296875
-0.2296875
-0.26796875
-0.270361328125
-0.22490234375
-0.189013671875
-0.2392578125
-0.203369140625
-0.210546875
-0.193798828125
-0.193798828125
-0.193798828125
-0.21533203125
-0.17705078125
-0.222509765625
-0.203369140625
-0.2201171875
-0.172265625
-0.203369140625
-0.23447265625
-0.217724609375
-0.208154296875
-0.232080078125
-0.236865234375
-0.222509765625
-0.251220703125
-0.248828125
-0.275146484375
-0.198583984375
-0.25361328125
-0.256005859375
-0.241650390625
-0.2392578125
-0.246435546875
-0.193798828125
-0.20576171875
-0.217724609375
-0.198583984375
-0.21533203125
-0.193798828125
-0.2296875
-0.2296875
-0.19619140625
-0.174658203125
-0.174658203125
-0.165087890625
-0.172265625
-0.189013671875
-0.203369140625
-0.179443359375
-0.172265625
-0.145947265625
-0.172265625
-0.02392578125
-0.217724609375
-0.203369140625
-0.203369140625
-0.155517578125
-0.179443359375
-0.179443359375
-0.299072265625
