-0.523974609375
-0.516796875
-0.557470703125
-0.49765625
-0.52158203125
-0.59814453125
-0.552685546875
-0.516796875
-0.53115234375
-0.5263671875
-0.5455078125
-0.57421875
-0.552685546875
-0.5646484375
-0.586181640625
-0.58857421875
-0.567041015625
-0.62685546875
-0.734521484375
-0.53115234375
-0.48330078125
-0.62685546875
-0.55029296875
-0.595751953125
-0.52158203125
-0.509619140625
-0.471337890625
-0.5072265625
-0.51201171875
-0.485693359375
-0.440234375
-0.440234375
-0.44501953125
-0.528759765625
-0.5072265625
-0.442626953125
-0.44501953125
-0.459375
-0.413916015625
-0.452197265625
-0.4498046875
-0.593359375
-0.40673828125
-0.41630859375
-0.4689453125
-0.325390625
-0.478515625
-0.495263671875
-0.50244140625
-0.308642578125
-0.47373046875
-0.423486328125
-0.433056640625
-0.442626953125
-0.610107421875
-0.40673828125
-0.4115234375
-0.433056640625
-0.41630859375
-0.447412109375
-0.41630859375
-0.418701171875
-0.404345703125
-0.42109375
-0.423486328125
-0.404345703125
-0.409130859375
-0.46416015625
-0.428271484375
-0.440234375
-0.41630859375
-0.41630859375
-0.4306640625
-0.4498046875
-0.452197265625
-0.476123046875
-0.32060546875
-0.495263671875
-0.452197265625
-0.4498046875
-0.418701171875
-0.43544921875
-0.437841796875
-0.49287109375
-0.4880859375
-0.45458984375
-0.490478515625
-0.509619140625
-0.447412109375
-0.423486328125
-0.45458984375
-0.459375
-0.45458984375
-0.447412109375
-0.40673828125
-0.58857421875
-0.43544921875
-0.461767578125
-0.418701171875
-0.4306640625
-0.442626953125
-0.509619140625
-0.452197265625
-0.42587890625
-0.4306640625
-0.440234375
-0.456982421875
-0.4689453125
-0.4498046875
-0.480908203125
-0.4306640625
-0.433056640625
-0.45458984375
-0.47373046875
-0.418701171875
-0.3158203125
-0.440234375
-0.39716796875
-0.399560546875
-0.442626953125
-0.452197265625
-0.4306640625
-0.363671875
-0.389990234375
-0.30625
-0.404345703125
-0.375634765625
-0.399560546875
-0.442626953125
-0.46416015625
-0.413916015625
-0.413916015625
-0.313427734375
-0.394775390625
-0.404345703125
-0.42109375
-0.40673828125
-0.399560546875
-0.37802734375
-0.389990234375
-0.440234375
-0.47373046875
-0.49765625
-0.504833984375
-0.476123046875
-0.504833984375
-0.442626953125
-0.4689453125
-0.452197265625
-0.4306640625
-0.418701171875
-0.45458984375
-0.50244140625
-0.476123046875
-0.4880859375
-0.478515625
-0.485693359375
-0.610107421875
-0.452197265625
-0.480908203125
-0.519189453125
-0.485693359375
-0.500048828125
-0.49287109375
-0.576611328125
-0.7177734375
-0.6125
-0.65078125
-0.51201171875
-0.471337890625
-0.456982421875
-0.504833984375
-0.557470703125
-0.516796875
-0.380419921875
-0.37802734375
-0.45458984375
-0.423486328125
-0.375634765625
-0.442626953125
-0.39716796875
-0.361279296875
-0.447412109375
-0.495263671875
-0.366064453125
-0.332568359375
-0.318212890625
-0.318212890625
-0.241650390625
-0.26318359375
-0.2392578125
-0.19619140625
-0.303857421875
-0.327783203125
-1.13168945313
0.184228515625
-0.428271484375
-0.433056640625
-0.370849609375
-0.265576171875
-0.189013671875
-0.31103515625
-0.284716796875
-0.29189453125
-0.30625
-0.327783203125
-0.289501953125
-0.270361328125
-0.210546875
-0.337353515625
-0.35888671875
-0.36845703125
-0.389990234375
-0.3732421875
-0.380419921875
-0.37802734375
-0.385205078125
-0.34453125
-0.327783203125
-0.452197265625
-0.29189453125
-0.227294921875
0.2775390625
-0.55986328125
-0.284716796875
-0.18662109375
-0.248828125
-0.217724609375
-0.246435546875
-0.26796875
-0.294287109375
-0.23447265625
-0.203369140625
-0.241650390625
-0.284716796875
-0.308642578125
-0.26318359375
-0.256005859375
-0.2966796875
-0.26318359375
-0.208154296875
-0.26796875
-0.256005859375
-0.222509765625
-0.2296875
-0.236865234375
-0.19619140625
-0.2296875
-0.002392578125
-0.1626953125
-0.133984375
-0.270361328125
-0.26796875
-0.325390625
-0.34931640625
-0.33974609375
-0.313427734375
-0.37802734375
-0.399560546875
-0.3828125
-0.287109375
-0.30625
-0.385205078125
-0.37802734375
-0.2583984375
-0.270361328125
-0.26318359375
-0.284716796875
-0.23447265625
-0.24404296875
-0.193798828125
-0.30625
-0.1818359375
-0.0478515625
-0.15791015625
-0.212939453125
-0.13876953125
-0.165087890625
-0.17705078125
-0.172265625
-0.19619140625
-0.18662109375
-0.136376953125
-0.141162109375
-0.155517578125
-0.169873046875
-0.19140625
-0.222509765625
-0.2392578125
-0.26318359375
-0.2392578125
-0.26318359375
-0.2583984375
-0.217724609375
-0.265576171875
-0.27275390625
-0.260791015625
-0.210546875
-0.232080078125
-0.241650390625
-0.287109375
-0.251220703125
-0.284716796875
-0.212939453125
-0.210546875
-0.19140625
-0.346923828125
-0.210546875
-0.33017578125
-0.342138671875
-0.346923828125
-0.217724609375
-0.256005859375
-0.26796875
-0.284716796875
-0.24404296875
-0.24404296875
-0.24404296875
-0.236865234375
-0.19140625
-0.265576171875
-0.24404296875
-0.2392578125
-0.20576171875
-0.210546875
-0.2296875
-0.2392578125
-0.24404296875
-0.2775390625
-0.2009765625
-0.198583984375
-0.2392578125
-0.2583984375
-0.241650390625
-0.256005859375
-0.25361328125
-0.232080078125
-0.24404296875
-0.27275390625
-0.299072265625
-0.2775390625
-0.2583984375
-0.3158203125
-0.26318359375
-0.265576171875
-0.210546875
-0.227294921875
-0.232080078125
-0.2009765625
-0.208154296875
-0.241650390625
-0.2583984375
-0.23447265625
-0.18662109375
-0.22490234375
-0.270361328125
-0.313427734375
-0.160302734375
-0.260791015625
-0.2775390625
-0.23447265625
-0.212939453125
-0.21533203125
-0.26318359375
-0.31103515625
-0.28232421875
-0.227294921875
-0.2009765625
-0.246435546875
-0.2009765625
-0.222509765625
-0.2009765625
-0.208154296875
-0.24404296875
-0.222509765625
-0.30146484375
-0.33017578125
-0.43544921875
-0.279931640625
-0.27275390625
-0.279931640625
-0.2583984375
-0.256005859375
-0.26796875
-0.2583984375
-0.2296875
-0.184228515625
-0.174658203125
-0.208154296875
-0.236865234375
-0.20576171875
-0.193798828125
-0.18662109375
-0.208154296875
-0.193798828125
-0.303857421875
-0.13876953125
-0.136376953125
-0.10048828125
-0.1052734375
-0.074169921875
-0.095703125
-0.136376953125
-0.14833984375
-0.18662109375
-0.145947265625
-0.11962890625
-0.1052734375
-0.0861328125
-0.07177734375
-0.019140625
-0.002392578125
0.021533203125
-0.021533203125
0.083740234375
-0.02392578125
-0.0478515625
0.03828125
-0.00478515625
-0.031103515625
-0.0095703125
0.057421875
0.03349609375
0.0669921875
0.057421875
0.04306640625
0.01435546875
-0.03349609375
-0.131591796875
0.112451171875
0.05263671875
-0.11962890625
-0.169873046875
-0.12919921875
-0.153125
-0.165087890625
-0.203369140625
-0.193798828125
-0.287109375
-0.256005859375
-0.251220703125
-0.318212890625
-0.313427734375
-0.32060546875
-0.4115234375
-0.394775390625
-0.4115234375
-0.4115234375
-0.456982421875
-0.47373046875
-0.5359375
-0.49287109375
-0.5359375
-0.538330078125
-0.53115234375
-0.55029296875
-0.485693359375
-0.528759765625
-0.5072265625
-0.538330078125
-0.485693359375
-0.47373046875
-0.590966796875
-0.4498046875
-0.485693359375
-0.500048828125
-0.44501953125
-0.459375
-0.428271484375
-0.440234375
-0.471337890625
-0.43544921875
-0.423486328125
-0.418701171875
-0.42109375
-0.409130859375
-0.3923828125
-0.366064453125
-0.39716796875
-0.361279296875
-0.356494140625
-0.299072265625
-0.29189453125
-0.179443359375
-0.356494140625
-0.375634765625
-0.34931640625
-0.26796875
-0.29189453125
-0.294287109375
-0.30146484375
-0.23447265625
-0.260791015625
-0.210546875
-0.21533203125
-0.21533203125
-0.035888671875
-0.236865234375
-0.184228515625
-0.20576171875
