-1.54321289063
-1.42836914063
-1.36137695313
-1.37573242188
-1.3302734375
-1.27045898438
-1.31591796875
-1.34462890625
-1.26088867188
-1.41162109375
-1.473828125
-1.50014648438
-1.65327148438
-1.626953125
-1.66762695313
-1.69873046875
-1.68198242188
-1.68916015625
-1.64130859375
-1.6078125
-1.62456054688
-1.56235351563
-1.53603515625
-1.512109375
-1.53364257813
-1.44272460938
-1.4833984375
-1.44990234375
-1.43315429688
-1.40922851563
-1.512109375
-1.35659179688
-1.31352539063
-1.24892578125
-1.20107421875
-1.07905273438
-1.02163085938
-0.997705078125
-0.964208984375
-0.96181640625
-0.87568359375
-0.820654296875
-0.734521484375
-0.631640625
-0.590966796875
-0.5455078125
-0.50244140625
-0.461767578125
-0.42109375
-0.375634765625
-0.308642578125
-0.25361328125
-0.189013671875
-0.136376953125
-0.13876953125
-0.083740234375
-0.0669921875
-0.0287109375
-0.0287109375
-0.019140625
0.007177734375
0.095703125
0.112451171875
0.102880859375
0.13876953125
0.198583984375
0.1818359375
0.20576171875
0.203369140625
0.1626953125
0.19619140625
0.232080078125
0.289501953125
0.30146484375
0.34453125
0.31103515625
0.325390625
0.342138671875
0.318212890625
0.31103515625
0.35888671875
0.3732421875
0.356494140625
0.3732421875
0.38759765625
0.35888671875
0.3732421875
0.394775390625
0.409130859375
0.389990234375
0.3923828125
0.375634765625
0.389990234375
0.399560546875
0.404345703125
0.41630859375
0.35888671875
0.3541015625
0.366064453125
0.361279296875
0.433056640625
0.394775390625
0.33974609375
0.322998046875
0.24404296875
0.22490234375
0.248828125
0.227294921875
0.141162109375
0.083740234375
0.0669921875
0.011962890625
-0.00478515625
-0.059814453125
-0.1435546875
-0.19619140625
-0.212939453125
-0.248828125
-0.265576171875
-0.366064453125
-0.361279296875
-0.3541015625
-0.308642578125
-0.3541015625
-0.3541015625
-0.394775390625
-0.3828125
-0.42587890625
-0.413916015625
-0.34931640625
-0.605322265625
-0.4880859375
-0.523974609375
-0.516796875
-0.5455078125
-0.5359375
-0.54072265625
-0.528759765625
-0.5646484375
-0.56943359375
-0.557470703125
-0.52158203125
-0.543115234375
-0.60771484375
-0.4115234375
-0.423486328125
-0.38759765625
-0.363671875
-0.327783203125
-0.325390625
-0.313427734375
-0.294287109375
-0.25361328125
-0.2392578125
-0.198583984375
-0.160302734375
-0.126806640625
-0.160302734375
-0.098095703125
-0.074169921875
-0.01435546875
-0.019140625
0.002392578125
0.02392578125
0.02392578125
0.00478515625
0.03349609375
0.03349609375
0.10048828125
0.131591796875
0.074169921875
0.078955078125
0.13876953125
0.11484375
0.112451171875
0.169873046875
0.18662109375
0.1818359375
0.18662109375
0.279931640625
0.27275390625
0.26796875
0.232080078125
0.251220703125
0.2009765625
0.40673828125
0.401953125
0.41630859375
0.409130859375
0.409130859375
0.370849609375
0.409130859375
0.423486328125
0.43544921875
0.459375
0.4689453125
0.495263671875
0.5359375
0.55029296875
0.571826171875
0.555078125
0.55029296875
0.552685546875
0.634033203125
0.65078125
0.76083984375
0.614892578125
0.6603515625
0.643603515625
0.631640625
0.490478515625
0.6986328125
0.708203125
0.710595703125
0.701025390625
0.68427734375
0.686669921875
0.6890625
0.734521484375
0.739306640625
0.765625
0.772802734375
0.765625
0.758447265625
0.7369140625
0.78955078125
0.839794921875
0.820654296875
0.839794921875
0.7943359375
0.80390625
0.80390625
0.8134765625
0.82783203125
0.8421875
0.84697265625
0.8134765625
0.801513671875
0.784765625
0.7751953125
0.77998046875
0.7751953125
0.7943359375
0.815869140625
0.811083984375
0.796728515625
0.820654296875
0.806298828125
0.839794921875
0.806298828125
0.744091796875
0.746484375
0.7751953125
0.782373046875
0.7751953125
0.76083984375
0.75126953125
0.753662109375
0.739306640625
0.720166015625
0.715380859375
0.691455078125
0.648388671875
0.631640625
0.61728515625
0.593359375
0.6029296875
0.593359375
0.57421875
0.57421875
0.51201171875
0.519189453125
0.516796875
0.490478515625
0.509619140625
0.461767578125
0.44501953125
0.447412109375
0.442626953125
0.3923828125
0.363671875
0.380419921875
0.327783203125
0.34453125
0.327783203125
0.322998046875
0.327783203125
0.318212890625
0.31103515625
0.30146484375
0.322998046875
0.303857421875
0.265576171875
0.25361328125
0.260791015625
0.260791015625
0.24404296875
0.275146484375
0.284716796875
0.16748046875
0.30146484375
0.279931640625
0.30146484375
0.313427734375
0.270361328125
0.270361328125
0.2966796875
0.236865234375
0.2775390625
0.236865234375
0.26318359375
0.284716796875
0.251220703125
0.26318359375
0.26796875
0.2966796875
0.303857421875
0.34453125
0.363671875
0.34453125
0.3732421875
0.42109375
0.380419921875
0.42109375
0.480908203125
0.49287109375
0.456982421875
0.466552734375
0.485693359375
0.4880859375
0.516796875
0.528759765625
0.5455078125
0.5646484375
0.576611328125
0.586181640625
0.600537109375
0.562255859375
0.672314453125
0.65078125
0.67470703125
0.667529296875
0.681884765625
0.6890625
0.67470703125
0.686669921875
0.72734375
0.729736328125
0.73212890625
0.75126953125
0.705810546875
0.69384765625
0.7177734375
0.720166015625
0.6794921875
0.710595703125
0.691455078125
0.672314453125
0.634033203125
0.705810546875
0.720166015625
0.686669921875
0.710595703125
0.724951171875
0.69384765625
0.720166015625
0.734521484375
0.7560546875
0.75126953125
0.73212890625
0.758447265625
0.784765625
0.784765625
0.7751953125
0.696240234375
0.6890625
0.71298828125
0.705810546875
0.720166015625
0.739306640625
0.72734375
0.72255859375
0.724951171875
0.77998046875
0.791943359375
0.791943359375
0.820654296875
0.85654296875
0.8517578125
0.906787109375
0.9091796875
0.95224609375
0.95703125
0.906787109375
0.959423828125
1.01923828125
1.01923828125
1.00966796875
1.03120117188
0.92353515625
1.091015625
1.00966796875
1.05512695313
1.02163085938
1.05034179688
1.00966796875
1.01206054688
0.983349609375
0.892431640625
0.849365234375
0.80390625
0.839794921875
0.765625
0.90439453125
0.83740234375
0.815869140625
0.753662109375
0.66513671875
0.70341796875
0.72734375
0.72255859375
0.71298828125
0.677099609375
0.6603515625
0.6220703125
0.631640625
0.624462890625
0.629248046875
0.653173828125
0.696240234375
0.643603515625
0.667529296875
0.653173828125
0.672314453125
0.653173828125
0.63642578125
0.662744140625
0.69384765625
0.6794921875
0.63642578125
0.6125
0.614892578125
0.61728515625
0.643603515625
0.657958984375
0.643603515625
0.610107421875
0.60771484375
0.581396484375
0.567041015625
0.5072265625
0.490478515625
0.456982421875
0.423486328125
0.375634765625
0.34931640625
0.34453125
0.32060546875
0.256005859375
0.153125
0.083740234375
0.019140625
-0.0478515625
-0.1052734375
-0.1626953125
-0.533544921875
-0.6412109375
-0.748876953125
-0.782373046875
-0.873291015625
-0.882861328125
-0.791943359375
-0.97138671875
-0.983349609375
-1.00249023438
-0.983349609375
-1.00966796875
-1.05034179688
-1.03598632813
-0.8708984375
-0.86611328125
-0.85654296875
-0.791943359375
-0.701025390625
-0.68427734375
-0.667529296875
-0.69384765625
-0.844580078125
-0.882861328125
-0.782373046875
-0.69384765625
-0.67470703125
-0.5263671875
-0.48330078125
-0.4498046875
-0.2775390625
-0.256005859375
-0.256005859375
0.035888671875
-0.0478515625
