-0.169873046875
-0.241650390625
-0.30146484375
-0.33974609375
-0.299072265625
-0.366064453125
-0.322998046875
-0.389990234375
-0.217724609375
-0.093310546875
-0.040673828125
-0.153125
0.011962890625
0.126806640625
0.222509765625
0.29189453125
0.260791015625
0.248828125
0.55029296875
0.5072265625
0.595751953125
0.58857421875
0.5837890625
0.571826171875
0.593359375
0.595751953125
0.595751953125
0.516796875
0.50244140625
0.490478515625
0.476123046875
0.423486328125
0.361279296875
0.313427734375
0.2296875
0.122021484375
0.1052734375
0.057421875
0.011962890625
-0.050244140625
-0.026318359375
-0.06220703125
-0.0669921875
-0.06220703125
-0.126806640625
-0.153125
-0.150732421875
-0.14833984375
-0.11005859375
-0.15791015625
-0.117236328125
-0.246435546875
-0.27275390625
-0.289501953125
-0.35888671875
-0.399560546875
-0.37802734375
-0.418701171875
-0.47373046875
-0.50244140625
-0.523974609375
-0.543115234375
-0.519189453125
-0.562255859375
-0.57900390625
-0.62685546875
-0.595751953125
-0.667529296875
-0.657958984375
-0.672314453125
-0.653173828125
-0.634033203125
-0.67470703125
-0.68427734375
-0.629248046875
-0.7177734375
-0.768017578125
-0.887646484375
-0.6890625
-0.715380859375
-0.68427734375
-0.705810546875
-0.724951171875
-0.71298828125
-0.64599609375
-0.576611328125
-0.6220703125
-0.5646484375
-0.552685546875
-0.586181640625
-0.6029296875
-0.516796875
-0.533544921875
-0.51201171875
-0.55029296875
-0.485693359375
-0.4306640625
-0.42587890625
-0.394775390625
-0.28232421875
-0.31103515625
-0.21533203125
-0.2009765625
-0.136376953125
-0.12919921875
-0.11005859375
-0.03349609375
-0.021533203125
0.011962890625
0.00478515625
0.08134765625
0.133984375
0.193798828125
0.126806640625
0.136376953125
0.23447265625
0.30146484375
0.33974609375
0.356494140625
0.3828125
0.363671875
0.3541015625
0.361279296875
0.39716796875
0.39716796875
0.299072265625
0.366064453125
0.31103515625
0.461767578125
0.42109375
0.461767578125
0.452197265625
0.461767578125
0.459375
0.46416015625
0.442626953125
0.437841796875
0.42109375
0.404345703125
0.3923828125
0.3828125
0.370849609375
0.44501953125
0.313427734375
0.2966796875
0.26796875
0.232080078125
0.236865234375
0.23447265625
0.22490234375
0.15791015625
0.155517578125
0.0861328125
0.03349609375
-0.031103515625
-0.059814453125
-0.0669921875
-0.107666015625
-0.145947265625
-0.02392578125
-0.165087890625
-0.01435546875
-0.208154296875
-0.26318359375
-0.308642578125
-0.318212890625
-0.366064453125
-0.447412109375
-0.50244140625
-0.586181640625
-0.708203125
-0.815869140625
-0.911572265625
-0.937890625
-1.1771484375
-1.358984375
-1.44033203125
-1.54560546875
-1.61259765625
-1.63891601563
-1.58149414063
-1.6748046875
-1.67719726563
-1.61259765625
-1.55517578125
-1.55517578125
-1.4546875
-1.41401367188
-1.34462890625
-1.27763671875
-1.33266601563
-1.12211914063
-0.91396484375
-0.77998046875
-0.6890625
-0.595751953125
-0.437841796875
-0.322998046875
-0.248828125
-0.193798828125
-0.31103515625
-0.289501953125
-0.2775390625
-0.34931640625
-0.60771484375
-0.59814453125
-0.500048828125
-0.878076171875
-0.8326171875
-0.8326171875
-0.81826171875
-0.7943359375
-0.66513671875
-0.55029296875
-0.562255859375
-0.514404296875
-0.495263671875
-0.58857421875
-0.839794921875
-0.7943359375
-0.811083984375
-1.05751953125
-1.13408203125
-1.14604492188
-1.12211914063
-1.22021484375
-1.4068359375
-1.44750976562
-1.358984375
-1.39965820312
-1.55517578125
-1.59106445313
-1.6078125
-1.59106445313
-1.79204101563
-1.72504882813
-1.98583984375
-1.894921875
-1.933203125
-2.0767578125
-1.86860351563
-1.79443359375
-1.71547851563
-1.54321289063
-1.38291015625
-1.31352539063
-1.30395507812
-1.225
-1.18193359375
-1.06469726562
-1.091015625
-1.05991210938
-1.071875
-1.02163085938
-0.935498046875
-0.925927734375
-0.878076171875
-0.89482421875
-0.681884765625
-0.705810546875
-0.619677734375
-0.590966796875
-0.557470703125
-0.57900390625
-0.53115234375
-0.50244140625
-0.442626953125
-0.322998046875
-0.452197265625
-0.26796875
-0.2296875
-0.2966796875
-0.064599609375
-0.131591796875
-0.00478515625
-0.06220703125
0.078955078125
0.098095703125
0.102880859375
0.05263671875
0.021533203125
-0.059814453125
-0.050244140625
-0.0765625
-0.002392578125
-0.24404296875
-0.256005859375
-0.1626953125
-0.35888671875
-0.404345703125
-0.52158203125
-0.337353515625
-0.3158203125
-0.509619140625
-0.533544921875
-0.56943359375
-0.643603515625
-0.65556640625
-0.6890625
-0.710595703125
-0.708203125
-0.638818359375
-0.765625
-0.8326171875
-0.86611328125
-0.89482421875
-0.92353515625
-0.964208984375
-0.959423828125
-0.9474609375
-1.05512695313
-1.04794921875
-1.14125976563
-1.0814453125
-1.10297851563
-1.16040039062
-1.091015625
-1.33266601563
-1.31352539063
-1.33984375
-1.33984375
-1.32788085938
-1.41401367188
-1.44990234375
-1.41401367188
-1.41162109375
-1.41401367188
-1.23696289063
-1.41162109375
-1.44272460938
-1.41162109375
-1.4259765625
-1.3685546875
-1.29438476563
-1.27763671875
-1.22978515625
-1.2154296875
-1.22021484375
-1.17236328125
-1.12211914063
-1.10537109375
-1.10537109375
-1.20825195312
-1.07426757813
-1.0814453125
-1.20346679688
-0.95224609375
-0.949853515625
-0.95224609375
-0.9857421875
-0.940283203125
-0.983349609375
-1.014453125
-0.95703125
-0.868505859375
-0.87568359375
-0.88046875
-0.835009765625
-0.854150390625
-0.74169921875
-0.801513671875
-0.763232421875
-0.765625
-0.7177734375
-0.69384765625
-0.696240234375
-0.696240234375
-0.72734375
-0.720166015625
-0.734521484375
-0.768017578125
-0.6220703125
-0.782373046875
-0.734521484375
-0.784765625
-0.796728515625
-0.88525390625
-0.7751953125
-1.03120117188
-1.17475585938
-1.31831054688
-1.42119140625
-1.59584960938
-1.67241210938
-1.684375
-1.82314453125
-1.82075195313
-1.7896484375
-1.76572265625
-1.64848632813
-1.39008789063
-1.09819335938
-0.835009765625
-0.7177734375
-0.5263671875
-0.43544921875
-0.37802734375
-0.5072265625
-0.753662109375
-0.87568359375
-1.02163085938
-1.07426757813
-1.01684570312
-0.9953125
-1.05751953125
-0.782373046875
-0.648388671875
-0.509619140625
-0.313427734375
-0.16748046875
0.078955078125
0.153125
0.227294921875
0.275146484375
0.260791015625
0.34453125
0.459375
0.4880859375
0.610107421875
0.91396484375
1.18193359375
1.26806640625
1.39008789063
1.49296875
1.49775390625
1.67958984375
1.53842773438
1.58627929688
1.57431640625
1.50732421875
1.45708007813
1.51450195313
1.34702148438
1.28959960938
1.1197265625
1.11015625
0.97138671875
0.906787109375
0.729736328125
0.691455078125
0.557470703125
0.50244140625
0.389990234375
0.43544921875
0.24404296875
0.112451171875
0.1052734375
0.14833984375
0.141162109375
-0.0287109375
-0.1435546875
-0.153125
-0.150732421875
-0.24404296875
-0.27275390625
-0.3158203125
-0.442626953125
-0.44501953125
-0.495263671875
-0.5837890625
-0.631640625
-0.672314453125
-0.74169921875
-0.85654296875
-0.78955078125
-0.98095703125
-1.0623046875
-1.091015625
-1.11015625
-1.19868164063
-1.2537109375
-1.24892578125
-1.30634765625
-1.28002929688
-1.31831054688
-1.37333984375
-1.35659179688
-1.40205078125
-1.41162109375
-1.42119140625
-1.51450195313
-1.40922851563
-1.36376953125
-1.52407226563
-1.38051757813
-1.41879882813
-1.39487304688
-1.39248046875
-1.44990234375
-1.4642578125
-1.43315429688
-1.50493164063
-1.46186523438
-1.42358398438
-1.42119140625
-1.45947265625
-1.42119140625
-1.40922851563
-1.397265625
-1.378125
