0.1435546875
0.107666015625
0.117236328125
0.026318359375
-0.021533203125
-0.03349609375
-0.0861328125
-0.13876953125
-0.112451171875
-0.169873046875
-0.18662109375
-0.184228515625
-0.19140625
-0.1818359375
-0.279931640625
-0.287109375
-0.299072265625
-0.287109375
-0.34453125
-0.356494140625
-0.41630859375
-0.4306640625
-0.452197265625
-0.46416015625
-0.490478515625
-0.51201171875
-0.55029296875
-0.57900390625
-0.55986328125
-0.586181640625
-0.638818359375
-0.6986328125
-0.71298828125
-0.772802734375
-0.7560546875
-0.64599609375
-0.815869140625
-0.80390625
-0.782373046875
-0.784765625
-0.835009765625
-0.815869140625
-0.83740234375
-0.925927734375
-0.9474609375
-0.921142578125
-0.916357421875
-0.91875
-0.916357421875
-0.91396484375
-1.01684570312
-1.00009765625
-1.02163085938
-1.01206054688
-1.02880859375
-1.03120117188
-1.071875
-1.09819335938
-1.10776367188
-1.11015625
-1.10776367188
-1.21782226563
-1.09340820313
-1.12690429688
-1.071875
-1.08383789063
-1.11494140625
-1.05751953125
-0.930712890625
-1.08862304688
-1.10297851563
-1.08623046875
-1.05034179688
-0.9474609375
-1.09580078125
-1.08862304688
-1.03359375
-1.0623046875
-1.13647460938
-1.11733398438
-1.1580078125
-1.14125976563
-1.11494140625
-1.14365234375
-1.167578125
-1.11494140625
-1.11254882812
-1.15322265625
-1.14604492188
-1.1580078125
-1.16518554688
-1.17236328125
-1.27524414063
-1.22739257813
-1.33745117188
-1.33505859375
-1.28720703125
-1.23935546875
-1.19389648438
-1.27524414063
-1.3015625
-1.2345703125
-1.42358398438
-1.44033203125
-1.43315429688
-1.43076171875
-1.47861328125
-1.53603515625
-1.5791015625
-1.64130859375
-1.66284179688
-1.69873046875
-1.69155273438
-1.74658203125
-1.75615234375
-1.78486328125
-1.88056640625
-1.8853515625
-1.94995117188
-1.9810546875
-2.10307617188
-2.11264648438
-2.11982421875
-2.17006835938
-2.1916015625
-2.27055664063
-2.29926757813
-2.35908203125
-2.39018554688
-2.41650390625
-2.33754882813
-2.51938476563
-2.545703125
-2.5744140625
-2.6126953125
-2.64379882812
-2.68208007813
-2.70600585938
-2.75385742188
-2.73232421875
-2.81606445313
-2.84716796875
-2.87348632813
-2.89741210938
-2.76342773438
-2.93569335938
-2.92373046875
-2.94047851563
-2.96201171875
-2.94287109375
-3.06010742188
-2.890234375
-2.9189453125
-2.87827148438
-2.8328125
-2.83520507812
-2.85913085938
-2.87348632813
-2.96440429688
-2.9859375
-2.8423828125
-2.75864257813
-2.6701171875
-2.660546875
-2.64619140625
-2.69165039062
-2.70361328125
-2.63662109375
-2.58876953125
-2.58876953125
-2.50981445313
-2.48110351563
-2.4787109375
-2.63422851563
-2.59594726562
-2.46196289063
-2.46435546875
-2.48349609375
-2.49545898438
-2.55048828125
-2.6126953125
-2.61748046875
-2.65336914063
-2.64858398438
-2.622265625
-2.72036132813
-2.7275390625
-2.75385742188
-2.76342773438
-2.78974609375
-2.81845703125
-2.8232421875
-2.80649414063
-2.81845703125
-2.78735351562
-2.80888671875
-2.79692382813
-2.83759765625
-2.87348632813
-2.8806640625
-2.86630859375
-2.83759765625
-2.83759765625
-2.8615234375
-2.90698242188
-2.77060546875
-2.92373046875
-2.94526367188
-2.966796875
-2.98833007813
-2.98833007813
-2.99790039063
-2.99311523438
-3.043359375
-3.043359375
-3.11274414063
-3.09599609375
-3.10317382813
-3.10317382813
-3.14384765625
-3.18212890625
-3.0720703125
-3.2251953125
-3.22998046875
-3.20126953125
-3.2060546875
-3.2060546875
-3.27543945313
-3.311328125
-3.3208984375
-3.3208984375
-3.36875
-3.40942382813
-3.4166015625
-3.4166015625
-3.426171875
-3.43813476563
-3.43813476563
-3.45249023438
-3.464453125
-3.45966796875
-3.45966796875
-3.45249023438
-3.49555664063
-3.48359375
-3.45009765625
-3.45009765625
-3.46206054688
-3.48359375
-3.48359375
-3.4931640625
-3.48598632813
-3.4931640625
-3.4931640625
-3.49555664063
-3.4931640625
-3.48598632813
-3.4740234375
-3.4740234375
-3.4453125
-3.45009765625
-3.45009765625
-3.45009765625
-3.464453125
-3.4740234375
-3.42856445313
-3.42856445313
-3.426171875
-3.43095703125
-3.44052734375
-3.44052734375
-3.45249023438
-3.46206054688
-3.46206054688
-3.46206054688
-3.3974609375
-3.36157226563
-3.21801757813
-3.37114257813
-3.37353515625
-3.3783203125
-3.50512695313
-3.35200195313
-3.32568359375
-3.33046875
-3.29936523438
-3.29936523438
-3.27543945313
-3.29458007813
-3.29697265625
-3.29697265625
-3.28500976563
-3.2634765625
-3.24912109375
-3.24912109375
-3.24912109375
-3.23955078125
-3.2443359375
-3.2443359375
-3.23715820313
-3.19409179688
-3.19887695313
-3.19887695313
-3.18452148438
-3.1486328125
-3.15102539063
-3.15581054688
-3.15581054688
-3.1486328125
-3.1486328125
-3.158203125
-3.1486328125
-3.1486328125
-3.1486328125
-3.12470703125
-3.11513671875
-3.11513671875
-3.1390625
-3.1486328125
-3.1486328125
-3.11752929688
-3.12709960938
-3.1869140625
-3.1869140625
-3.17734375
-3.1677734375
-3.18930664063
-3.18930664063
-3.20126953125
-3.21323242188
-3.20126953125
-3.20126953125
-3.21083984375
-3.2443359375
-3.2634765625
-3.2634765625
-3.27543945313
-3.24672851563
-3.23715820313
-3.24912109375
-3.273046875
-3.273046875
-3.26826171875
-3.25629882813
-3.29697265625
-3.29697265625
-3.28740234375
-3.273046875
-3.29458007813
-3.29458007813
-3.2826171875
-3.29936523438
-3.27783203125
-3.27783203125
-3.2634765625
-3.2921875
-3.22758789063
-3.22758789063
-3.20366210938
-3.2251953125
-3.215625
-3.17973632813
-3.17973632813
-3.16298828125
-3.14145507813
-3.14145507813
-3.11274414063
-3.13427734375
-3.12470703125
-3.12470703125
-3.1103515625
-3.12470703125
-3.09599609375
-3.09599609375
-3.06728515625
-3.02900390625
-2.96918945313
-2.96918945313
-2.98354492188
-2.96201171875
-2.91176757813
-2.91176757813
-2.94047851563
-2.94765625
-2.92373046875
-2.92373046875
-2.92373046875
-2.90458984375
-2.87109375
-2.84716796875
-2.84716796875
-2.813671875
-2.77299804688
-2.90698242188
-2.75385742188
-2.73232421875
-2.70361328125
-2.70361328125
-2.69404296875
-2.660546875
-2.61508789063
-2.61508789063
-2.60073242188
-2.56962890625
-2.52895507813
-2.52895507813
-2.48828125
-2.46674804688
-2.42846679688
-2.42846679688
-2.354296875
-2.32319335938
-2.29208984375
-2.25859375
-2.25859375
-2.21791992188
-2.17485351563
-2.17485351563
-2.14375
-2.11025390625
-2.09111328125
-2.09111328125
-2.06000976563
-2.04326171875
-1.990625
-1.990625
-1.92124023438
-1.894921875
-1.88056640625
-1.88056640625
-1.87338867188
-1.87099609375
-1.82314453125
-1.82314453125
-1.74658203125
-1.72504882813
-1.71069335938
-1.71069335938
-1.67719726563
-1.63173828125
-1.58627929688
-1.58627929688
-1.56474609375
-1.54799804688
-1.51928710938
-1.4833984375
-1.4833984375
-1.45708007813
-1.45947265625
-1.40922851563
-1.40922851563
-1.32548828125
-1.30395507812
-1.32548828125
-1.2919921875
-1.23935546875
-1.23935546875
-1.23935546875
-1.21303710938
-1.15561523438
-1.15561523438
-1.13647460938
-1.13408203125
-1.09819335938
-1.09819335938
-1.07666015625
-1.06948242188
-1.01923828125
-0.9953125
-0.9953125
-0.9953125
-0.96181640625
-0.945068359375
-0.945068359375
-0.9091796875
-0.86611328125
-0.801513671875
-0.801513671875
-0.746484375
-0.734521484375
-0.734521484375
-0.6986328125
-0.66513671875
-0.6603515625
-0.6603515625
-0.65556640625
-0.6029296875
-0.57421875
-0.576611328125
-0.576611328125
-0.55986328125
-0.555078125
-0.55029296875
-0.5072265625
-0.5072265625
-0.46416015625
-0.418701171875
-0.3732421875
-0.337353515625
-0.337353515625
