-0.73212890625
-0.75126953125
-0.746484375
-0.746484375
-0.7177734375
-0.65556640625
-0.619677734375
-0.619677734375
-0.590966796875
-0.57900390625
-0.57900390625
-0.57900390625
-0.571826171875
-0.562255859375
-0.562255859375
-0.562255859375
-0.528759765625
-0.5072265625
-0.523974609375
-0.523974609375
-0.476123046875
-0.4306640625
-0.4115234375
-0.4115234375
-0.394775390625
-0.38759765625
-0.370849609375
-0.370849609375
-0.342138671875
-0.325390625
-0.313427734375
-0.313427734375
-0.32060546875
-0.325390625
-0.28232421875
-0.28232421875
-0.24404296875
-0.236865234375
-0.246435546875
-0.246435546875
-0.260791015625
-0.236865234375
-0.2201171875
-0.2201171875
-0.208154296875
-0.15791015625
-0.172265625
-0.172265625
-0.174658203125
-0.160302734375
-0.165087890625
-0.165087890625
-0.14833984375
-0.14833984375
-0.12919921875
-0.12919921875
-0.107666015625
-0.088525390625
-0.08134765625
-0.08134765625
-0.095703125
-0.11005859375
-0.1244140625
-0.1244140625
-0.145947265625
-0.15791015625
-0.1626953125
-0.1626953125
-0.14833984375
-0.136376953125
-0.095703125
-0.095703125
-0.0478515625
-0.06220703125
-0.1052734375
-0.1052734375
-0.095703125
-0.10048828125
-0.136376953125
-0.136376953125
-0.095703125
-0.0669921875
-0.057421875
-0.057421875
-0.050244140625
-0.050244140625
-0.040673828125
-0.040673828125
-0.026318359375
-0.026318359375
-0.14833984375
0.00478515625
0.0287109375
0.002392578125
0.0
0.0
0.016748046875
0.021533203125
0.035888671875
0.035888671875
0.069384765625
0.059814453125
0.031103515625
0.031103515625
0.059814453125
0.093310546875
0.12919921875
0.12919921875
0.131591796875
0.14833984375
0.05263671875
0.20576171875
0.232080078125
0.25361328125
0.25361328125
0.29189453125
0.303857421875
0.31103515625
0.31103515625
0.327783203125
0.318212890625
0.3349609375
0.3349609375
0.342138671875
0.3349609375
0.33974609375
0.33974609375
0.342138671875
0.356494140625
0.34931640625
0.34931640625
0.322998046875
0.34931640625
0.394775390625
0.394775390625
0.423486328125
0.437841796875
0.452197265625
0.452197265625
0.461767578125
0.45458984375
0.44501953125
0.44501953125
0.4306640625
0.456982421875
0.31103515625
0.46416015625
0.42587890625
0.45458984375
0.380419921875
0.533544921875
0.593359375
0.595751953125
0.634033203125
0.6986328125
0.69384765625
0.708203125
0.70341796875
0.65078125
0.576611328125
0.567041015625
0.543115234375
0.538330078125
0.495263671875
0.4880859375
0.47373046875
0.48330078125
0.480908203125
0.4689453125
0.42109375
0.356494140625
0.33974609375
0.33017578125
0.4306640625
0.275146484375
0.265576171875
0.212939453125
0.155517578125
0.172265625
0.153125
0.03349609375
-0.011962890625
-0.069384765625
-0.117236328125
-0.169873046875
-0.21533203125
-0.2583984375
-0.20576171875
-0.3923828125
-0.423486328125
-0.437841796875
-0.461767578125
-0.495263671875
-0.538330078125
-0.461767578125
-0.63642578125
-0.667529296875
-0.72255859375
-0.72255859375
-0.71298828125
-0.715380859375
-0.734521484375
-0.724951171875
-0.6986328125
-0.734521484375
-0.710595703125
-0.686669921875
-0.63642578125
-0.720166015625
-0.485693359375
-0.3828125
-0.16748046875
0.07177734375
0.016748046875
0.42109375
0.466552734375
0.459375
0.677099609375
0.705810546875
0.753662109375
0.7369140625
0.686669921875
0.629248046875
0.547900390625
0.55029296875
0.459375
0.327783203125
0.145947265625
0.098095703125
0.117236328125
-0.112451171875
-0.184228515625
-0.20576171875
-0.241650390625
-0.189013671875
-0.289501953125
-0.433056640625
-0.440234375
-0.37802734375
-0.327783203125
-0.55986328125
-0.614892578125
-0.729736328125
-0.81826171875
-1.00966796875
-1.071875
-1.27763671875
-1.23696289063
-1.46904296875
-1.53364257813
-1.56474609375
-1.7513671875
-1.79204101563
-1.87099609375
-1.9810546875
-2.0193359375
-2.04086914063
-2.0193359375
-2.04326171875
-1.99780273438
-1.97866210938
-1.89970703125
-1.88774414063
-1.86381835938
-1.75854492188
-1.71069335938
-1.5982421875
-1.54321289063
-1.38291015625
-1.28720703125
-1.225
-1.11494140625
-0.976171875
-0.768017578125
-0.8900390625
-0.72734375
-0.51201171875
-0.150732421875
-0.557470703125
-0.6890625
-0.49765625
-0.332568359375
-0.40673828125
-0.461767578125
-0.423486328125
-0.189013671875
-0.227294921875
-0.248828125
-0.208154296875
-0.19619140625
-0.18662109375
-0.2201171875
-0.270361328125
-0.222509765625
-0.210546875
-0.1626953125
-0.21533203125
-0.165087890625
-0.122021484375
0.06220703125
0.069384765625
0.40673828125
-0.203369140625
-0.112451171875
0.093310546875
0.275146484375
0.126806640625
0.10048828125
-0.019140625
0.279931640625
0.2201171875
0.2966796875
0.631640625
1.3494140625
-0.543115234375
-0.217724609375
-0.03828125
0.169873046875
0.279931640625
0.270361328125
0.289501953125
0.366064453125
0.437841796875
0.624462890625
0.48330078125
0.418701171875
0.260791015625
0.363671875
0.248828125
0.227294921875
0.294287109375
0.380419921875
0.433056640625
0.423486328125
0.363671875
0.500048828125
0.576611328125
0.772802734375
0.71298828125
0.332568359375
0.418701171875
0.442626953125
0.433056640625
0.4115234375
0.401953125
0.40673828125
0.34931640625
0.275146484375
0.16748046875
0.203369140625
0.236865234375
0.18662109375
0.18662109375
0.08134765625
0.050244140625
0.145947265625
-0.0478515625
-0.057421875
-0.078955078125
-0.0765625
-0.0287109375
-0.0478515625
-0.021533203125
0.045458984375
0.145947265625
0.0095703125
-0.02392578125
0.05263671875
0.059814453125
-0.007177734375
-0.00478515625
0.059814453125
0.016748046875
0.02392578125
0.02392578125
0.01435546875
0.045458984375
-0.1052734375
-0.172265625
-0.07177734375
-0.131591796875
-0.102880859375
-0.133984375
-0.11484375
-0.16748046875
-0.174658203125
-0.24404296875
-0.189013671875
-0.217724609375
-0.246435546875
-0.193798828125
-0.232080078125
-0.25361328125
-0.2201171875
-0.20576171875
-0.19140625
-0.198583984375
-0.208154296875
-0.222509765625
-0.2009765625
-0.184228515625
-0.232080078125
-0.246435546875
-0.241650390625
-0.21533203125
-0.2009765625
-0.184228515625
-0.15791015625
-0.169873046875
-0.09091796875
-0.06220703125
-0.1052734375
-0.1244140625
-0.241650390625
-0.294287109375
-0.456982421875
-0.46416015625
-0.705810546875
-0.784765625
-0.873291015625
-0.902001953125
-1.04794921875
-0.861328125
-0.586181640625
-0.6125
-0.36845703125
-0.27275390625
-0.155517578125
-0.160302734375
-0.1435546875
-0.203369140625
-0.026318359375
-0.212939453125
-0.050244140625
0.002392578125
-0.2201171875
-0.5359375
-0.385205078125
-0.172265625
-0.22490234375
-0.11962890625
-0.189013671875
-0.40673828125
-0.18662109375
-0.126806640625
-0.11484375
-0.08134765625
0.019140625
0.0
0.193798828125
0.09091796875
0.133984375
0.153125
0.184228515625
0.236865234375
0.210546875
0.26318359375
0.504833984375
0.36845703125
0.15791015625
0.16748046875
0.16748046875
0.141162109375
0.055029296875
0.093310546875
0.14833984375
0.11005859375
0.083740234375
0.059814453125
0.045458984375
0.021533203125
-0.00478515625
0.150732421875
-0.05263671875
-0.083740234375
-0.136376953125
-0.150732421875
-0.172265625
-0.1818359375
-0.189013671875
-0.20576171875
-0.179443359375
-0.112451171875
-0.098095703125
-0.1052734375
-0.145947265625
-0.189013671875
-0.236865234375
-0.26318359375
-0.19619140625
-0.19619140625
-0.174658203125
-0.122021484375
-0.078955078125
0.011962890625
-0.016748046875
-0.01435546875
-0.1818359375
-0.172265625
-0.03828125
