0.117236328125
0.1244140625
0.14833984375
0.14833984375
0.172265625
0.2009765625
0.212939453125
0.212939453125
0.217724609375
0.20576171875
0.20576171875
0.2009765625
0.241650390625
0.299072265625
0.19619140625
0.34931640625
0.39716796875
0.437841796875
0.4306640625
0.4306640625
0.428271484375
0.41630859375
0.409130859375
0.409130859375
0.456982421875
0.5072265625
0.552685546875
0.552685546875
0.547900390625
0.555078125
0.58857421875
0.58857421875
0.64599609375
0.753662109375
0.753662109375
0.8134765625
0.86611328125
0.916357421875
0.916357421875
0.911572265625
0.892431640625
0.873291015625
0.873291015625
0.84697265625
0.806298828125
0.830224609375
0.830224609375
0.87568359375
0.9091796875
0.964208984375
0.964208984375
0.9666015625
0.949853515625
0.9283203125
0.9283203125
0.94267578125
0.976171875
0.992919921875
0.992919921875
1.01923828125
1.00249023438
0.99052734375
0.99052734375
0.9857421875
0.9857421875
0.976171875
0.976171875
0.93310546875
0.940283203125
0.954638671875
0.954638671875
0.937890625
0.911572265625
0.91396484375
0.91396484375
0.93310546875
0.945068359375
1.00966796875
1.00966796875
1.02641601563
1.01684570312
1.00966796875
1.00966796875
1.00009765625
1.03598632813
0.940283203125
1.09340820313
1.25131835938
1.4833984375
1.4833984375
1.397265625
1.07905273438
1.13408203125
1.13408203125
1.06948242188
0.363671875
-0.069384765625
-0.069384765625
0.19140625
0.495263671875
0.56943359375
0.56943359375
0.5837890625
0.70341796875
0.88525390625
0.88525390625
0.983349609375
1.0431640625
1.19150390625
1.19150390625
1.45708007813
1.39248046875
0.85654296875
0.85654296875
0.500048828125
0.634033203125
0.7560546875
1.0623046875
1.56713867188
1.70112304688
1.81596679688
1.20346679688
0.75126953125
0.58857421875
0.610107421875
0.456982421875
0.3158203125
0.1818359375
0.30146484375
0.14833984375
0.19140625
0.193798828125
0.153125
0.153125
0.1052734375
0.078955078125
0.088525390625
0.088525390625
0.107666015625
0.1052734375
0.06220703125
0.06220703125
0.050244140625
0.08134765625
0.08134765625
0.10048828125
0.078955078125
0.021533203125
0.021533203125
-0.026318359375
-0.069384765625
-0.059814453125
-0.059814453125
-0.011962890625
-0.050244140625
-0.06220703125
-0.06220703125
-0.021533203125
-0.0287109375
-0.1052734375
-0.1052734375
-0.165087890625
-0.160302734375
-0.208154296875
-0.208154296875
-0.23447265625
-0.2009765625
-0.160302734375
-0.160302734375
-0.1435546875
-0.2009765625
-0.20576171875
-0.20576171875
-0.203369140625
-0.198583984375
-0.1435546875
-0.1435546875
-0.11962890625
-0.1052734375
-0.117236328125
-0.117236328125
-0.141162109375
-0.16748046875
-0.19619140625
-0.19619140625
-0.270361328125
-0.30625
-0.30146484375
-0.30146484375
-0.351708984375
-0.3828125
-0.4115234375
-0.4115234375
-0.428271484375
-0.418701171875
-0.413916015625
-0.413916015625
-0.418701171875
-0.4306640625
-0.423486328125
-0.423486328125
-0.401953125
-0.399560546875
-0.399560546875
-0.3732421875
-0.363671875
-0.413916015625
-0.413916015625
-0.440234375
-0.456982421875
-0.466552734375
-0.466552734375
-0.4306640625
-0.394775390625
-0.375634765625
-0.375634765625
-0.35888671875
-0.346923828125
-0.366064453125
-0.366064453125
-0.42109375
-0.44501953125
-0.43544921875
-0.43544921875
-0.46416015625
-0.504833984375
-0.54072265625
-0.54072265625
-0.547900390625
-0.49287109375
-0.440234375
-0.440234375
-0.404345703125
-0.366064453125
-0.34931640625
-0.34931640625
-0.31103515625
-0.33974609375
-0.394775390625
-0.394775390625
-0.322998046875
-0.246435546875
-0.248828125
-0.248828125
-0.27275390625
-0.289501953125
-0.2775390625
-0.2775390625
-0.222509765625
-0.193798828125
-0.2201171875
-0.2201171875
-0.222509765625
-0.208154296875
-0.184228515625
-0.184228515625
-0.155517578125
-0.165087890625
-0.15791015625
-0.15791015625
-0.13876953125
-0.136376953125
-0.136376953125
-0.145947265625
-0.145947265625
-0.133984375
-0.133984375
-0.153125
-0.169873046875
-0.141162109375
-0.141162109375
-0.136376953125
-0.150732421875
-0.141162109375
-0.141162109375
-0.155517578125
-0.198583984375
-0.198583984375
-0.198583984375
-0.1818359375
-0.19619140625
-0.222509765625
-0.222509765625
-0.236865234375
-0.19140625
-0.150732421875
-0.150732421875
-0.155517578125
-0.122021484375
-0.1052734375
-0.1052734375
-0.16748046875
-0.145947265625
-0.10048828125
-0.10048828125
-0.09091796875
-0.10048828125
-0.107666015625
-0.107666015625
-0.1052734375
-0.126806640625
-0.09091796875
-0.09091796875
-0.040673828125
-0.03349609375
-0.059814453125
-0.059814453125
-0.078955078125
-0.0765625
-0.05263671875
-0.026318359375
-0.026318359375
-0.0095703125
-0.0095703125
-0.0095703125
0.02392578125
0.031103515625
0.031103515625
0.031103515625
0.040673828125
0.050244140625
0.07177734375
0.07177734375
0.069384765625
0.107666015625
0.093310546875
0.093310546875
0.078955078125
0.11962890625
0.126806640625
0.126806640625
0.107666015625
0.088525390625
0.126806640625
0.126806640625
0.150732421875
0.1244140625
0.15791015625
0.15791015625
0.203369140625
0.20576171875
0.198583984375
0.198583984375
0.203369140625
0.18662109375
0.169873046875
0.169873046875
0.198583984375
0.2009765625
0.16748046875
0.16748046875
0.169873046875
0.19140625
0.184228515625
0.184228515625
0.184228515625
0.189013671875
0.165087890625
0.165087890625
0.13876953125
0.1244140625
0.13876953125
0.13876953125
0.145947265625
0.136376953125
0.14833984375
0.153125
0.153125
0.155517578125
0.1435546875
0.093310546875
0.093310546875
0.078955078125
0.131591796875
0.160302734375
0.160302734375
0.14833984375
0.1435546875
0.155517578125
0.155517578125
0.18662109375
0.172265625
0.141162109375
0.141162109375
0.15791015625
0.131591796875
0.1244140625
0.1244140625
0.141162109375
0.14833984375
0.169873046875
0.169873046875
0.15791015625
0.165087890625
0.16748046875
0.16748046875
0.155517578125
0.17705078125
0.179443359375
0.189013671875
0.189013671875
0.203369140625
0.222509765625
0.256005859375
0.256005859375
0.265576171875
0.26318359375
0.256005859375
0.24404296875
0.24404296875
0.236865234375
0.2583984375
0.299072265625
0.299072265625
0.30625
0.3158203125
0.363671875
0.363671875
0.351708984375
0.313427734375
0.31103515625
0.31103515625
0.346923828125
0.370849609375
0.38759765625
0.38759765625
0.4306640625
0.466552734375
0.480908203125
0.480908203125
0.50244140625
0.533544921875
0.555078125
0.555078125
0.590966796875
0.60771484375
0.490478515625
0.643603515625
0.681884765625
0.677099609375
0.691455078125
0.691455078125
0.739306640625
0.777587890625
0.787158203125
0.787158203125
0.791943359375
0.80869140625
0.79912109375
0.79912109375
0.820654296875
0.796728515625
0.796728515625
0.77998046875
0.77998046875
0.7369140625
0.720166015625
0.701025390625
0.701025390625
0.696240234375
0.70341796875
0.696240234375
0.72255859375
0.72734375
0.6986328125
0.643603515625
0.753662109375
0.590966796875
0.557470703125
0.552685546875
0.555078125
0.5455078125
0.49765625
0.466552734375
0.44501953125
0.423486328125
0.437841796875
0.459375
0.466552734375
0.428271484375
0.42587890625
0.3828125
0.39716796875
0.409130859375
0.3349609375
0.337353515625
0.2583984375
0.19140625
0.102880859375
0.002392578125
-0.117236328125
-0.24404296875
-0.389990234375
-0.45458984375
-0.5455078125
-0.696240234375
-0.897216796875
-0.921142578125
-1.09580078125
-1.01684570312
