1.91645507813
1.91645507813
1.93559570313
1.97387695313
2.05043945313
2.05043945313
2.1150390625
2.16528320312
2.16767578125
2.16767578125
2.201171875
2.239453125
2.27294921875
2.162890625
2.316015625
2.33276367188
2.36865234375
2.3830078125
2.3830078125
2.37104492188
2.392578125
2.4212890625
2.4212890625
2.40932617188
2.3830078125
2.3638671875
2.3638671875
2.37822265625
2.41171875
2.44282226563
2.44282226563
2.47392578125
2.49545898438
2.48588867188
2.46435546875
2.45478515625
2.46196289063
2.50502929688
2.57202148438
2.6126953125
2.603125
2.56962890625
2.49545898438
2.59833984375
2.59833984375
2.70122070313
2.83999023438
2.93090820312
2.95961914063
2.97158203125
2.97158203125
2.94526367188
2.93569335938
2.9572265625
2.97397460938
3.03857421875
2.92612304688
3.07924804688
3.05532226563
3.10078125
3.27543945313
3.3208984375
3.4740234375
3.61518554688
3.7419921875
3.81376953125
3.7037109375
3.8568359375
3.92622070313
3.97646484375
4.01713867188
4.11284179688
4.11284179688
4.27314453125
4.4310546875
4.40234375
4.55546875
4.66552734375
4.78276367188
4.77319335938
4.92631835938
5.05791015625
5.14404296875
5.072265625
5.225390625
5.33784179688
5.4263671875
5.47421875
5.47421875
5.55078125
5.665625
5.761328125
5.761328125
5.81157226563
5.84267578125
5.84267578125
5.88813476563
5.95751953125
6.05083007813
6.05083007813
6.105859375
6.13935546875
6.17763671875
6.17763671875
6.15610351563
6.15849609375
6.22309570313
6.22309570313
6.27094726563
6.33076171875
6.46235351563
6.46235351563
6.54609375
6.56762695313
6.57719726563
6.57719726563
6.58198242188
6.57241210938
6.5748046875
6.5748046875
6.603515625
6.62744140625
6.6896484375
6.6896484375
6.73510742188
6.7375
6.74467773438
6.74467773438
6.7470703125
6.69204101563
6.61547851563
6.61547851563
6.62265625
6.68247070313
6.60830078125
6.76142578125
6.80209960938
6.78774414063
6.75903320313
6.75903320313
6.69682617188
6.64418945313
6.59873046875
6.59873046875
6.53891601563
6.488671875
6.488671875
6.48149414063
6.4791015625
6.44799804688
6.44799804688
6.40493164063
6.36665039063
6.36904296875
6.36904296875
6.412109375
6.3451171875
6.20395507813
6.20395507813
6.09868164063
6.0388671875
6.1154296875
6.1154296875
6.22309570313
6.27094726563
6.258984375
6.258984375
6.22309570313
6.26616210938
6.27573242188
6.27573242188
6.23505859375
6.2302734375
6.2494140625
6.2494140625
6.31401367188
6.36665039063
6.37861328125
6.37861328125
6.38579101563
6.36665039063
6.34272460938
6.34272460938
6.34990234375
6.32119140625
6.39536132813
6.24223632813
6.19438476563
6.1919921875
6.20395507813
6.19916992188
6.19916992188
6.17524414063
6.16806640625
6.18002929688
6.18002929688
6.18720703125
6.16567382813
6.1537109375
6.1537109375
6.14653320313
6.14653320313
6.13696289063
6.13696289063
6.12260742188
6.13696289063
6.105859375
6.105859375
6.06279296875
6.04365234375
6.01733398438
6.01733398438
6.01733398438
5.991015625
5.98383789063
5.98383789063
6.01015625
6.00297851563
5.99819335938
5.99819335938
5.95512695313
5.8857421875
5.84985351562
5.84985351562
5.837890625
5.84506835938
5.89770507812
5.89770507812
5.95991210938
5.96708984375
5.91923828125
5.91923828125
5.89770507812
5.88813476563
5.85942382813
5.85942382813
5.84028320313
5.8283203125
5.952734375
5.799609375
5.7708984375
5.79243164063
5.69672851563
5.84985351562
5.89291992188
5.89770507812
5.87377929688
5.87377929688
5.876171875
5.90727539063
5.90727539063
5.89291992188
5.90249023438
5.91206054688
5.91206054688
5.91684570313
5.93598632813
5.914453125
5.914453125
5.94555664062
6.00776367188
6.03647460938
6.03647460938
6.02690429688
6.0484375
6.11303710938
6.11303710938
6.12978515625
6.14174804688
6.17045898438
6.17045898438
6.18481445313
6.19916992188
6.18959960938
6.18959960938
6.18002929688
6.2302734375
6.144140625
6.297265625
6.3451171875
6.4025390625
6.36665039063
6.51977539063
6.65854492188
6.73271484375
6.60590820313
6.75903320313
6.6705078125
6.70639648438
6.718359375
6.7279296875
6.71596679688
6.7087890625
6.69921875
6.69682617188
6.73989257813
6.77099609375
6.79013671875
6.8140625
6.79731445313
6.80209960938
6.76381835938
6.680078125
6.61547851563
6.72314453125
6.54370117188
6.49345703125
6.42407226563
6.41450195313
6.36904296875
6.22309570313
5.97666015625
5.89052734375
5.8091796875
5.684765625
5.67041015625
5.608203125
5.50053710938
5.24931640625
5.19428710938
5.10336914063
4.94067382812
4.86411132813
4.7947265625
4.73491210938
4.62963867188
4.51958007813
4.42866210938
4.39755859375
4.1630859375
4.1056640625
4.03627929688
3.89272460938
3.85205078125
3.76591796875
3.77788085938
3.54580078125
3.4931640625
3.38071289063
3.35200195313
3.33286132813
3.2826171875
3.33046875
3.33764648438
3.29936523438
3.3400390625
3.09360351563
3.08403320313
3.10795898438
3.234765625
3.20126953125
3.1486328125
3.11274414063
3.10317382813
3.10795898438
3.10556640625
3.09360351563
3.0912109375
3.06010742188
3.03618164063
3.04814453125
3.00029296875
2.96201171875
2.95004882813
2.9572265625
2.95004882813
3.02661132812
2.83759765625
2.79453125
2.72036132813
2.67729492188
2.64619140625
2.622265625
2.55766601563
2.51938476563
2.4595703125
2.38779296875
2.33515625
2.25859375
2.18920898438
2.04086914063
1.95952148438
1.88295898438
1.74897460938
1.67958984375
1.62456054688
1.56235351563
1.45229492188
1.40205078125
1.34462890625
1.32548828125
1.10537109375
1.052734375
0.976171875
0.95703125
0.858935546875
0.80390625
0.76083984375
0.734521484375
0.59814453125
0.401953125
0.287109375
0.466552734375
0.65556640625
0.777587890625
0.6890625
0.53115234375
0.428271484375
0.241650390625
0.20576171875
0.26796875
0.299072265625
0.3158203125
0.351708984375
0.437841796875
0.270361328125
0.24404296875
0.169873046875
0.153125
0.1435546875
0.150732421875
0.107666015625
0.059814453125
0.035888671875
-0.011962890625
-0.064599609375
-0.09091796875
-0.169873046875
-0.189013671875
-0.2009765625
-0.2583984375
-0.232080078125
-0.25361328125
-0.3158203125
-0.34931640625
-0.3828125
-0.409130859375
-0.401953125
-0.394775390625
-0.418701171875
-0.3158203125
-0.49287109375
-0.471337890625
-0.31103515625
-0.48330078125
-0.459375
-0.418701171875
-0.401953125
-0.356494140625
-0.32060546875
-0.322998046875
-0.351708984375
-0.361279296875
-0.361279296875
-0.327783203125
-0.284716796875
-0.23447265625
-0.210546875
-0.1626953125
-0.112451171875
-0.122021484375
-0.059814453125
-0.057421875
-0.0095703125
-0.040673828125
-0.040673828125
0.011962890625
0.06220703125
0.098095703125
0.136376953125
0.14833984375
0.122021484375
0.10048828125
0.102880859375
0.136376953125
0.107666015625
0.057421875
0.045458984375
0.055029296875
0.093310546875
-0.095703125
-0.074169921875
-0.107666015625
-0.19619140625
-0.208154296875
-0.241650390625
-0.303857421875
-0.337353515625
-0.401953125
-0.500048828125
-0.57900390625
-0.63642578125
-0.6986328125
-0.701025390625
-0.71298828125
-0.614892578125
-0.825439453125
-0.858935546875
-0.899609375
-0.95703125
