4.8712890625
4.74208984375
4.52915039063
4.12958984375
3.828125
3.70849609375
3.44052734375
3.3591796875
2.8998046875
2.82563476563
2.7849609375
2.79931640625
2.76103515625
2.80649414063
2.80170898438
2.85673828125
2.92612304688
2.96440429688
2.92373046875
2.8423828125
2.80888671875
2.78735351562
2.69404296875
2.47392578125
2.59833984375
2.77778320313
2.58159179688
2.44521484375
2.41889648438
2.60073242188
2.37104492188
2.33994140625
2.57202148438
2.5935546875
2.45478515625
2.6126953125
2.62944335938
2.6318359375
2.70600585938
2.68447265625
2.7275390625
2.737109375
2.75146484375
2.7466796875
2.890234375
2.7083984375
2.71796875
2.71318359375
2.71557617188
2.72514648438
2.890234375
2.73471679688
2.60791015625
2.80170898438
2.79453125
2.83759765625
2.8328125
2.84716796875
2.75864257813
2.93090820312
2.95961914063
2.9763671875
2.97158203125
2.92612304688
3.12470703125
3.07924804688
3.17734375
3.16298828125
3.1390625
3.10795898438
3.14384765625
3.16059570313
3.15102539063
3.14624023438
3.2060546875
3.00268554688
3.05053710938
2.75146484375
2.67729492188
2.63662109375
2.55048828125
2.46196289063
2.37822265625
2.296875
2.18920898438
2.04086914063
1.94755859375
1.86142578125
1.7705078125
1.70830078125
1.626953125
1.473828125
1.52885742188
1.30874023438
1.28959960938
1.014453125
0.96181640625
0.81826171875
0.729736328125
0.56943359375
0.466552734375
0.375634765625
0.428271484375
0.184228515625
0.0861328125
0.021533203125
-0.0287109375
-0.095703125
-0.117236328125
-0.1626953125
-0.24404296875
-0.4306640625
-0.2583984375
-0.4115234375
-0.3828125
-0.433056640625
-0.533544921875
-0.538330078125
-0.55029296875
-0.538330078125
-0.567041015625
-0.571826171875
-0.514404296875
-0.516796875
-0.48330078125
-0.418701171875
-0.3923828125
-0.45458984375
-0.22490234375
-0.19619140625
-0.1244140625
-0.11962890625
-0.136376953125
-0.09091796875
-0.1052734375
-0.1818359375
-0.0095703125
-0.19140625
-0.227294921875
-0.24404296875
-0.287109375
-0.2583984375
-0.2201171875
-0.25361328125
-0.232080078125
-0.25361328125
-0.222509765625
-0.2201171875
-0.203369140625
-0.236865234375
-0.203369140625
-0.24404296875
-0.2296875
-0.193798828125
-0.17705078125
-0.217724609375
-0.193798828125
-0.203369140625
-0.289501953125
-0.13876953125
-0.1244140625
-0.112451171875
-0.098095703125
-0.150732421875
-0.133984375
-0.095703125
-0.11484375
-0.107666015625
-0.172265625
-0.184228515625
-0.21533203125
-0.25361328125
-0.275146484375
-0.265576171875
-0.3828125
-0.4498046875
-0.308642578125
-0.5072265625
-0.466552734375
-0.634033203125
-0.715380859375
-0.6412109375
-0.8326171875
-0.791943359375
-0.988134765625
-1.04794921875
-1.13168945313
-1.21303710938
-1.22260742188
-1.36137695313
-1.39008789063
-1.48100585938
-1.53364257813
-1.58627929688
-1.65805664063
-1.75854492188
-1.79921875
-1.93081054688
-1.933203125
-1.97866210938
-2.03369140625
-2.14375
-2.01455078125
-2.14614257813
-2.162890625
-2.03129882813
-1.933203125
-1.73701171875
-1.65327148438
-1.56713867188
-1.44033203125
-1.36137695313
-1.27763671875
-1.1484375
-1.07666015625
-0.9857421875
-0.878076171875
-0.78955078125
-0.7560546875
-0.72255859375
-0.6794921875
-0.75126953125
-0.784765625
-0.839794921875
-0.863720703125
-0.89482421875
-0.892431640625
-0.858935546875
-0.873291015625
-0.86611328125
-0.784765625
-0.791943359375
-0.825439453125
-0.806298828125
-0.82783203125
-0.8326171875
-0.79912109375
-0.820654296875
-0.8708984375
-0.86611328125
-0.873291015625
-0.90439453125
-0.899609375
-0.940283203125
-0.9857421875
-1.03120117188
-1.02641601563
-1.10537109375
-1.129296875
-1.28720703125
-1.32309570313
-1.36376953125
-1.42119140625
-1.51928710938
-1.53125
-1.41879882813
-1.61499023438
-1.6365234375
-1.67719726563
-1.626953125
-1.79443359375
-1.69633789063
-1.79204101563
-1.818359375
-1.78486328125
-1.81118164063
-1.75375976563
-1.70830078125
-1.66044921875
-1.68198242188
-1.6748046875
-1.81357421875
-1.64848632813
-1.56953125
-1.51928710938
-1.54560546875
-1.50732421875
-1.49057617188
-1.39965820312
-1.63891601563
-1.75854492188
-1.71069335938
-1.57431640625
-1.53603515625
-1.8279296875
-1.97387695313
-1.9044921875
-1.90209960938
-2.0671875
-2.1150390625
-2.14375
-2.17485351563
-2.27055664063
-2.15810546875
-2.1533203125
-2.354296875
-2.36865234375
-2.39975585938
-2.603125
-2.39736328125
-2.41650390625
-2.38540039063
-2.34951171875
-2.42607421875
-2.36865234375
-2.47153320313
-2.50981445313
-2.56962890625
-2.58876953125
-2.5744140625
-2.58637695313
-2.58876953125
-2.56962890625
-2.59116210938
-2.56723632813
-2.55766601563
-2.55766601563
-2.507421875
-2.47631835938
-2.43803710938
-2.41411132813
-2.3447265625
-2.31840820313
-2.25141601563
-2.27294921875
-2.26098632812
-2.21791992188
-2.2490234375
-2.24184570313
-2.19877929688
-2.22749023438
-2.22509765625
-2.19399414063
-2.17006835938
-2.17485351563
-2.1724609375
-2.16049804688
-2.20356445313
-2.15092773438
-2.24184570313
-2.21552734375
-2.22270507813
-2.20834960938
-2.22270507813
-2.16767578125
-2.16049804688
-2.14614257813
-2.14614257813
-2.10546875
-2.06479492188
-2.05283203125
-1.98823242188
-1.98583984375
-1.971484375
-1.93798828125
-1.94755859375
-1.8662109375
-1.82314453125
-1.81118164063
-1.79682617188
-1.74658203125
-1.6556640625
-1.63413085938
-1.60302734375
-1.54799804688
-1.6556640625
-1.47143554688
-1.44750976562
-1.3876953125
-1.32788085938
-1.28481445313
-1.24892578125
-1.16518554688
-1.14365234375
-1.10297851563
-1.09819335938
-1.19868164063
-1.01923828125
-0.98095703125
-0.9857421875
-0.935498046875
-0.89482421875
-0.899609375
-0.858935546875
-0.87568359375
-0.85654296875
-0.8517578125
-0.86611328125
-0.887646484375
-0.820654296875
-0.78955078125
-0.79912109375
-0.7177734375
-0.724951171875
-0.672314453125
-0.653173828125
-0.6220703125
-0.619677734375
-0.739306640625
-0.547900390625
-0.595751953125
-0.44501953125
-0.433056640625
-0.399560546875
-0.36845703125
-0.308642578125
-0.26796875
-0.227294921875
-0.189013671875
-0.088525390625
-0.040673828125
-0.021533203125
-0.00478515625
0.021533203125
0.0861328125
0.1052734375
0.1626953125
0.222509765625
0.30625
0.356494140625
0.442626953125
0.46416015625
0.495263671875
0.53115234375
0.57900390625
0.614892578125
0.681884765625
0.753662109375
0.801513671875
0.878076171875
0.88046875
0.8900390625
0.902001953125
0.95224609375
0.99052734375
1.01206054688
1.00249023438
1.03837890625
1.0623046875
1.05034179688
0.940283203125
1.07666015625
0.940283203125
1.00966796875
1.13408203125
1.13408203125
1.12211914063
1.14604492188
1.19868164063
1.1962890625
1.17954101563
1.21064453125
1.20107421875
1.08623046875
1.21303710938
1.19868164063
1.17954101563
1.17954101563
1.16279296875
1.13647460938
1.04077148438
1.02163085938
1.03120117188
1.01684570312
1.0431640625
1.04555664063
0.983349609375
0.95224609375
0.97138671875
0.88525390625
0.8421875
0.772802734375
0.7369140625
0.748876953125
0.710595703125
0.66513671875
0.66513671875
0.6412109375
0.65078125
0.74169921875
0.5359375
0.43544921875
0.366064453125
0.29189453125
0.260791015625
0.208154296875
0.088525390625
0.107666015625
0.0095703125
-0.019140625
-0.06220703125
-0.12919921875
-0.016748046875
-0.198583984375
-0.15791015625
-0.117236328125
-0.095703125
-0.10048828125
-0.06220703125
-0.093310546875
