-1.225
-1.10297851563
-1.04555664063
-1.014453125
-0.88046875
-0.83740234375
-0.720166015625
-0.66513671875
-0.552685546875
-0.5263671875
-0.413916015625
-0.363671875
-0.29189453125
-0.2966796875
-0.0478515625
-0.06220703125
0.01435546875
0.019140625
-0.01435546875
-0.122021484375
-0.203369140625
-0.232080078125
-0.251220703125
-0.30146484375
-0.23447265625
-0.495263671875
-0.758447265625
-0.55029296875
-0.54072265625
-0.504833984375
-0.514404296875
-0.576611328125
-0.401953125
-0.248828125
-0.322998046875
-0.35888671875
-0.217724609375
-0.29189453125
-0.1435546875
0.0
0.117236328125
0.031103515625
0.11005859375
0.1244140625
0.1052734375
0.1052734375
0.0861328125
0.021533203125
0.06220703125
0.050244140625
0.07177734375
0.0765625
0.074169921875
0.2009765625
0.203369140625
0.251220703125
0.409130859375
0.399560546875
0.500048828125
0.65556640625
0.6794921875
0.80869140625
1.071875
1.15322265625
1.17236328125
1.09340820313
1.26567382813
1.35180664062
1.34702148438
1.3876953125
1.37333984375
1.4259765625
1.44272460938
1.36616210938
1.358984375
1.36376953125
1.244140625
1.26567382813
1.1962890625
1.11733398438
1.06708984375
0.954638671875
0.916357421875
0.77998046875
0.71298828125
0.624462890625
0.514404296875
0.485693359375
0.440234375
0.33017578125
0.3923828125
0.2775390625
0.2296875
0.198583984375
0.145947265625
0.088525390625
0.074169921875
0.122021484375
-0.055029296875
-0.0478515625
-0.1052734375
-0.26318359375
-0.217724609375
-0.2296875
-0.337353515625
-0.28232421875
-0.32060546875
-0.318212890625
-0.35888671875
-0.452197265625
-0.332568359375
-0.423486328125
-0.442626953125
-0.41630859375
-0.50244140625
-0.516796875
-0.538330078125
-0.562255859375
-0.552685546875
-0.59814453125
-0.605322265625
-0.643603515625
-0.56943359375
-0.65078125
-0.657958984375
-0.619677734375
-0.648388671875
-0.595751953125
-0.61728515625
-0.60771484375
-0.619677734375
-0.631640625
-0.653173828125
-0.59814453125
-0.581396484375
-0.504833984375
-0.5072265625
-0.49765625
-0.456982421875
-0.428271484375
-0.485693359375
-0.428271484375
-0.478515625
-0.433056640625
-0.480908203125
-0.461767578125
-0.40673828125
-0.375634765625
-0.380419921875
-0.308642578125
-0.428271484375
-0.227294921875
-0.2201171875
-0.193798828125
-0.189013671875
-0.19140625
-0.11484375
-0.1244140625
-0.093310546875
-0.102880859375
-0.083740234375
-0.064599609375
-0.031103515625
-0.0095703125
-0.002392578125
0.102880859375
0.10048828125
0.14833984375
0.17705078125
0.21533203125
0.23447265625
0.22490234375
0.26318359375
0.26796875
0.27275390625
0.275146484375
0.27275390625
0.26796875
0.172265625
0.332568359375
0.35888671875
0.363671875
0.375634765625
0.401953125
0.418701171875
0.40673828125
0.4306640625
0.4306640625
0.437841796875
0.42587890625
0.459375
0.49765625
0.51201171875
0.5072265625
0.49765625
0.480908203125
0.48330078125
0.466552734375
0.495263671875
0.466552734375
0.4880859375
0.4689453125
0.471337890625
0.47373046875
0.490478515625
0.46416015625
0.404345703125
0.3923828125
0.40673828125
0.447412109375
0.418701171875
0.442626953125
0.4306640625
0.433056640625
0.423486328125
0.380419921875
0.38759765625
0.401953125
0.380419921875
0.39716796875
0.36845703125
0.322998046875
0.351708984375
0.456982421875
0.265576171875
0.227294921875
0.160302734375
0.136376953125
0.1052734375
0.074169921875
0.069384765625
0.026318359375
0.14833984375
-0.095703125
-0.1052734375
-0.122021484375
-0.279931640625
-0.459375
-0.586181640625
-0.729736328125
-0.892431640625
-0.983349609375
-1.1484375
-1.21782226563
-1.3111328125
-1.29438476563
-1.320703125
-1.3015625
-1.26567382813
-1.205859375
-1.13168945313
-1.0240234375
-0.988134765625
-0.916357421875
-0.784765625
-0.557470703125
-0.37802734375
-0.394775390625
-0.294287109375
-0.284716796875
0.37802734375
0.516796875
0.528759765625
0.4689453125
0.662744140625
0.710595703125
0.753662109375
0.696240234375
0.638818359375
0.667529296875
0.5837890625
0.54072265625
0.49765625
0.43544921875
0.4306640625
0.34931640625
0.260791015625
0.294287109375
0.126806640625
0.1244140625
0.11005859375
0.126806640625
0.203369140625
0.203369140625
0.21533203125
0.212939453125
0.222509765625
0.256005859375
0.1818359375
0.13876953125
0.07177734375
0.040673828125
-0.040673828125
-0.069384765625
-0.136376953125
-0.155517578125
-0.22490234375
-0.23447265625
-0.19140625
-0.2296875
-0.212939453125
-0.19619140625
-0.279931640625
-0.325390625
-0.41630859375
-0.44501953125
-0.500048828125
-0.53115234375
-0.590966796875
-0.6220703125
-0.657958984375
-0.681884765625
-0.65556640625
-0.858935546875
-0.8900390625
-0.88046875
-0.940283203125
-0.95703125
-0.97138671875
-0.930712890625
-0.82783203125
-0.73212890625
-0.657958984375
-0.60771484375
-0.50244140625
-0.55029296875
-0.35888671875
-0.327783203125
-0.248828125
-0.0478515625
-0.112451171875
-0.078955078125
0.016748046875
0.04306640625
0.02392578125
0.098095703125
0.11005859375
0.203369140625
0.189013671875
0.184228515625
0.2009765625
0.184228515625
0.2009765625
0.241650390625
0.248828125
0.2392578125
0.270361328125
0.275146484375
0.318212890625
0.346923828125
0.3541015625
0.375634765625
0.41630859375
0.447412109375
0.514404296875
0.519189453125
0.581396484375
0.6125
0.65078125
0.672314453125
0.68427734375
0.648388671875
0.67470703125
0.708203125
0.710595703125
0.624462890625
0.854150390625
0.937890625
0.95224609375
0.954638671875
1.0240234375
1.03120117188
1.00009765625
1.091015625
1.11254882812
1.1388671875
1.19389648438
1.1962890625
1.0814453125
1.32788085938
1.36376953125
1.41401367188
1.46186523438
1.53603515625
1.62456054688
1.71787109375
1.78486328125
1.89013671875
1.85424804688
1.84467773438
2.009765625
2.09111328125
2.16049804688
2.20356445313
2.25859375
2.38061523438
2.37104492188
2.38779296875
2.42607421875
2.48349609375
2.4978515625
2.52416992188
2.58637695313
2.66293945313
2.7275390625
2.71796875
2.71079101563
2.77060546875
2.79692382813
2.82802734375
2.851953125
2.84477539063
2.85673828125
2.8998046875
2.93330078125
2.94526367188
2.94526367188
2.966796875
2.96440429688
3.0337890625
3.01704101563
3.01704101563
3.01225585938
3.02421875
3.01225585938
2.99790039063
3.00029296875
2.99790039063
2.98354492188
3.00029296875
3.02900390625
3.06489257813
3.04814453125
2.93569335938
3.06010742188
3.07446289063
3.01704101563
2.96201171875
2.94047851563
2.94287109375
2.94047851563
2.93569335938
2.96440429688
2.98833007813
3.06010742188
2.88544921875
2.83759765625
2.80649414063
2.69643554688
2.63662109375
2.7658203125
2.96918945313
2.99311523438
2.86391601563
2.82802734375
2.82563476563
2.80170898438
2.89262695313
2.91655273438
2.92373046875
2.93569335938
2.9189453125
3.02182617188
3.119921875
3.23955078125
3.22998046875
2.91176757813
2.58637695313
2.96440429688
3.38310546875
3.3208984375
3.10556640625
3.081640625
3.18212890625
3.22998046875
3.22758789063
3.19169921875
3.07446289063
3.05771484375
3.00268554688
2.97158203125
2.94287109375
2.87109375
2.69404296875
2.67490234375
2.64858398438
2.88305664062
2.91655273438
2.78735351562
2.51220703125
2.583984375
2.58876953125
2.583984375
2.15092773438
2.2873046875
2.49306640625
2.67729492188
2.64379882812
2.56245117188
2.34233398438
