-0.96181640625
-0.8326171875
-0.653173828125
-0.53115234375
-0.428271484375
-0.30146484375
-0.25361328125
-0.275146484375
-0.095703125
-0.083740234375
-0.05263671875
-0.093310546875
-0.2009765625
-0.107666015625
-0.088525390625
-0.203369140625
-0.236865234375
-0.251220703125
-0.327783203125
-0.33974609375
-0.46416015625
-0.65556640625
-0.53115234375
-0.538330078125
-0.590966796875
-0.60771484375
-0.67470703125
-0.60771484375
-0.657958984375
-0.765625
-0.6412109375
-0.65078125
-0.571826171875
-0.54072265625
-0.53115234375
-0.461767578125
-0.485693359375
-0.33017578125
-0.447412109375
-0.557470703125
-0.3828125
-0.394775390625
-0.346923828125
-0.337353515625
-0.36845703125
-0.413916015625
-0.4306640625
-0.361279296875
-0.4306640625
-0.509619140625
-0.5072265625
-0.45458984375
-0.440234375
-0.447412109375
-0.440234375
-0.413916015625
-0.33017578125
-0.260791015625
-0.212939453125
-0.160302734375
-0.0765625
0.045458984375
0.1052734375
0.15791015625
0.30625
0.356494140625
0.500048828125
0.5263671875
0.543115234375
0.610107421875
0.629248046875
0.691455078125
0.669921875
0.720166015625
0.6412109375
0.648388671875
0.638818359375
0.6125
0.555078125
0.5072265625
0.440234375
0.361279296875
0.294287109375
0.265576171875
0.0669921875
0.0478515625
-0.064599609375
-0.035888671875
-0.13876953125
-0.222509765625
-0.42109375
-0.389990234375
-0.399560546875
-0.42587890625
-0.495263671875
-0.500048828125
-0.593359375
-0.6794921875
-0.72255859375
-0.7943359375
-0.80390625
-0.8326171875
-0.7751953125
-0.844580078125
-0.959423828125
-0.954638671875
-0.772802734375
-0.87568359375
-0.81826171875
-0.815869140625
-0.8517578125
-0.763232421875
-0.6986328125
-0.69384765625
-0.7369140625
-0.6986328125
-0.624462890625
-0.66513671875
-0.634033203125
-0.593359375
-0.57421875
-0.53115234375
-0.523974609375
-0.461767578125
-0.4498046875
-0.49765625
-0.42109375
-0.39716796875
-0.3923828125
-0.413916015625
-0.404345703125
-0.34931640625
-0.337353515625
-0.325390625
-0.32060546875
-0.31103515625
-0.232080078125
-0.227294921875
-0.42587890625
-0.294287109375
-0.15791015625
-0.055029296875
-0.30146484375
-0.25361328125
-0.208154296875
-0.19619140625
-0.2392578125
-0.18662109375
-0.217724609375
-0.19140625
-0.19619140625
-0.17705078125
-0.203369140625
-0.222509765625
-0.232080078125
-0.27275390625
-0.2296875
-0.2775390625
-0.198583984375
-0.210546875
-0.241650390625
-0.251220703125
-0.29189453125
-0.32060546875
-0.294287109375
-0.32060546875
-0.34931640625
-0.31103515625
-0.3732421875
-0.38759765625
-0.38759765625
-0.33974609375
-0.40673828125
-0.32060546875
-0.4498046875
-0.485693359375
-0.47373046875
-0.500048828125
-0.418701171875
-0.51201171875
-0.519189453125
-0.50244140625
-0.490478515625
-0.49287109375
-0.50244140625
-0.58857421875
-0.6029296875
-0.691455078125
-0.6986328125
-0.701025390625
-0.79912109375
-0.823046875
-0.782373046875
-0.854150390625
-0.8517578125
-0.8517578125
-0.878076171875
-0.787158203125
-1.01923828125
-1.11733398438
-1.08862304688
-1.13408203125
-1.15322265625
-1.1962890625
-1.2154296875
-1.24892578125
-1.29438476563
-1.37573242188
-1.23935546875
-1.45947265625
-1.40922851563
-1.60302734375
-1.741796875
-1.81357421875
-1.933203125
-1.98344726563
-2.01215820313
-2.08393554688
-2.07197265625
-2.0576171875
-2.03608398438
-1.96909179688
-1.98583984375
-1.70112304688
-1.54799804688
-1.48579101563
-1.24892578125
-1.0623046875
-0.9091796875
-0.899609375
-0.600537109375
-0.41630859375
-0.34453125
-0.251220703125
-0.2201171875
-0.069384765625
-0.055029296875
-0.0669921875
-0.0765625
-0.122021484375
-0.074169921875
-0.136376953125
-0.2296875
-0.289501953125
-0.34931640625
-0.318212890625
-0.478515625
-0.54072265625
-0.66513671875
-0.624462890625
-0.878076171875
-0.882861328125
-0.861328125
-0.86611328125
-0.844580078125
-1.02880859375
-0.973779296875
-1.09580078125
-1.18193359375
-1.20107421875
-1.32788085938
-1.2345703125
-1.42836914063
-1.41162109375
-1.62934570313
-1.69873046875
-1.67958984375
-1.78247070313
-1.70112304688
-1.95712890625
-2.03369140625
-2.06240234375
-2.04565429688
-2.07436523438
-2.12221679688
-2.13896484375
-2.18203125
-2.15810546875
-2.19399414063
-2.20595703125
-2.19399414063
-2.15092773438
-2.09829101563
-2.0671875
-2.124609375
-1.95712890625
-1.78247070313
-1.73940429688
-1.67001953125
-1.38530273438
-1.2345703125
-1.11494140625
-1.01206054688
-0.796728515625
-0.76083984375
-0.533544921875
-0.677099609375
-0.567041015625
-0.361279296875
-0.4115234375
-0.40673828125
-0.437841796875
-0.42587890625
-0.47373046875
-0.351708984375
-0.48330078125
-0.581396484375
-0.55986328125
-0.638818359375
-0.6220703125
-0.63642578125
-0.753662109375
-0.614892578125
-0.619677734375
-0.576611328125
-0.55029296875
-0.547900390625
-0.19619140625
-0.275146484375
-0.440234375
-0.34453125
-0.02392578125
0.0765625
0.0765625
0.112451171875
0.303857421875
0.34453125
0.34453125
0.433056640625
0.44501953125
0.478515625
0.543115234375
0.586181640625
0.662744140625
0.708203125
0.765625
0.839794921875
0.899609375
0.93310546875
1.00727539063
1.03120117188
0.997705078125
0.9666015625
0.954638671875
0.94267578125
0.911572265625
1.28959960938
0.825439453125
0.543115234375
0.3541015625
0.590966796875
0.210546875
0.2009765625
0.1244140625
0.002392578125
0.1052734375
0.203369140625
-0.75126953125
-0.59814453125
-0.459375
-0.61728515625
-0.6412109375
-0.600537109375
-0.667529296875
-0.763232421875
-0.85654296875
-0.7943359375
-1.0623046875
-1.11254882812
-1.225
-1.10537109375
-1.16997070313
-1.22978515625
-1.29916992188
-1.35659179688
-1.36376953125
-1.31591796875
-1.34462890625
-1.35180664062
-1.3494140625
-1.49296875
-1.37333984375
-1.282421875
-1.26567382813
-1.3685546875
-1.13647460938
-1.21064453125
-0.988134765625
-0.949853515625
-0.863720703125
-0.8134765625
-0.715380859375
-0.667529296875
-0.59814453125
-0.595751953125
-0.401953125
-0.385205078125
-0.401953125
-0.452197265625
-0.418701171875
-0.6890625
-0.772802734375
-0.79912109375
-0.839794921875
-0.911572265625
-0.858935546875
-0.86611328125
-0.56943359375
-0.67470703125
-0.63642578125
-0.189013671875
-0.18662109375
-0.11962890625
-0.0669921875
0.04306640625
0.126806640625
0.14833984375
0.22490234375
0.270361328125
0.29189453125
0.208154296875
0.179443359375
0.193798828125
0.1818359375
0.210546875
0.26318359375
0.26796875
0.2966796875
0.394775390625
0.442626953125
0.480908203125
0.523974609375
0.523974609375
0.57900390625
0.586181640625
0.562255859375
0.65078125
0.308642578125
0.380419921875
0.50244140625
0.45458984375
0.3158203125
0.41630859375
0.380419921875
0.308642578125
0.4880859375
0.71298828125
0.648388671875
0.88525390625
0.81826171875
0.930712890625
1.014453125
1.0240234375
1.06469726562
1.09819335938
1.08862304688
1.04077148438
0.9283203125
0.839794921875
0.724951171875
0.5455078125
0.490478515625
0.38759765625
0.418701171875
0.165087890625
0.095703125
-0.026318359375
-0.122021484375
-0.026318359375
-0.184228515625
-0.413916015625
-0.4498046875
-0.60771484375
-0.70341796875
-0.6986328125
-0.69384765625
-0.748876953125
-0.811083984375
-0.801513671875
-0.823046875
-0.7943359375
-0.811083984375
-0.7560546875
-0.70341796875
-0.638818359375
-0.610107421875
-0.54072265625
-0.57900390625
-0.6125
-0.586181640625
-0.6125
-0.4689453125
-0.500048828125
-0.63642578125
-0.5359375
-0.54072265625
-0.51201171875
-0.45458984375
-0.3158203125
-0.514404296875
