0.2009765625
0.294287109375
0.203369140625
0.08134765625
0.0861328125
0.102880859375
0.035888671875
-0.078955078125
-0.210546875
-0.325390625
-0.73212890625
-0.7751953125
-0.892431640625
-1.052734375
-1.19150390625
-1.21064453125
-1.23217773438
-1.15561523438
-1.10297851563
-0.976171875
-0.8326171875
-0.67470703125
-0.49765625
-0.385205078125
-0.2296875
-0.09091796875
0.04306640625
0.117236328125
0.2296875
0.241650390625
0.2583984375
0.3349609375
0.49765625
0.638818359375
0.60771484375
0.593359375
0.55986328125
0.593359375
0.50244140625
0.4880859375
0.37802734375
0.35888671875
0.366064453125
0.322998046875
0.485693359375
0.31103515625
0.466552734375
0.5646484375
0.33017578125
0.385205078125
0.485693359375
0.4880859375
0.562255859375
0.4115234375
0.4306640625
0.2392578125
0.15791015625
0.0478515625
-0.078955078125
-0.11484375
-0.1244140625
-0.172265625
-0.217724609375
-0.33017578125
-0.351708984375
-0.447412109375
-0.471337890625
-0.5646484375
-0.724951171875
-0.74169921875
-0.91396484375
-0.858935546875
-0.90439453125
-0.959423828125
-0.849365234375
-0.882861328125
-0.887646484375
-0.86611328125
-0.849365234375
-0.667529296875
-0.705810546875
-0.643603515625
-0.638818359375
-0.53115234375
-0.581396484375
-0.576611328125
-0.346923828125
-0.18662109375
-0.15791015625
-0.11005859375
-0.0287109375
0.045458984375
0.0095703125
0.19140625
0.198583984375
0.251220703125
0.23447265625
0.23447265625
0.2296875
0.217724609375
0.241650390625
0.208154296875
0.279931640625
0.327783203125
0.2966796875
0.356494140625
0.385205078125
0.332568359375
0.363671875
0.40673828125
0.404345703125
0.3732421875
0.4115234375
0.437841796875
0.423486328125
0.428271484375
0.43544921875
0.35888671875
0.399560546875
0.342138671875
0.38759765625
0.4115234375
0.404345703125
0.42587890625
0.322998046875
0.471337890625
0.495263671875
0.5263671875
0.50244140625
0.49765625
0.49765625
0.5646484375
0.55029296875
0.590966796875
0.60771484375
0.590966796875
0.657958984375
0.69384765625
0.653173828125
0.710595703125
0.696240234375
0.6986328125
0.71298828125
0.6986328125
0.7177734375
0.6986328125
0.720166015625
0.669921875
0.669921875
0.672314453125
0.648388671875
0.643603515625
0.634033203125
0.552685546875
0.557470703125
0.547900390625
0.528759765625
0.500048828125
0.476123046875
0.45458984375
0.36845703125
0.370849609375
0.31103515625
0.174658203125
0.107666015625
-0.016748046875
-0.07177734375
-0.07177734375
-0.09091796875
-0.17705078125
-0.2775390625
-0.275146484375
-0.287109375
-0.351708984375
-0.4306640625
-0.428271484375
-0.4689453125
-0.547900390625
-0.590966796875
-0.614892578125
-0.619677734375
-0.6412109375
-0.65556640625
-0.72734375
-0.6986328125
-0.729736328125
-0.7751953125
-0.739306640625
-0.77041015625
-0.748876953125
-0.899609375
-0.748876953125
-0.720166015625
-0.748876953125
-0.61728515625
-0.753662109375
-0.744091796875
-0.708203125
-0.71298828125
-0.7751953125
-0.729736328125
-0.748876953125
-0.8134765625
-0.748876953125
-0.77998046875
-0.787158203125
-0.806298828125
-0.811083984375
-0.8421875
-0.849365234375
-0.887646484375
-0.791943359375
-0.84697265625
-0.80390625
-0.772802734375
-0.746484375
-0.677099609375
-0.59814453125
-0.466552734375
-0.600537109375
-0.39716796875
-0.34931640625
-0.485693359375
-0.849365234375
-1.02880859375
-1.15083007813
-1.30874023438
-1.36137695313
-1.36376953125
-1.25131835938
-1.13647460938
0.4306640625
0.79912109375
0.748876953125
0.791943359375
0.791943359375
0.686669921875
0.643603515625
0.47373046875
0.619677734375
0.696240234375
0.322998046875
1.20107421875
1.20346679688
1.26328125
1.22260742188
1.11494140625
0.940283203125
1.33505859375
1.14125976563
1.06708984375
0.997705078125
0.9953125
0.988134765625
0.882861328125
1.06948242188
1.2919921875
1.091015625
0.973779296875
1.05034179688
1.04794921875
1.09340820313
0.968994140625
0.8517578125
0.868505859375
0.89482421875
0.88525390625
0.873291015625
0.77998046875
0.796728515625
0.820654296875
0.80869140625
0.748876953125
0.744091796875
0.672314453125
0.739306640625
0.54072265625
0.51201171875
0.42109375
0.3828125
0.30625
0.241650390625
0.078955078125
0.1435546875
-0.0669921875
-0.11484375
-0.169873046875
-0.256005859375
-0.361279296875
-0.4880859375
-0.60771484375
-0.586181640625
-0.66513671875
-0.791943359375
-0.801513671875
-0.854150390625
-0.86611328125
-0.858935546875
-0.7943359375
-0.861328125
-0.9283203125
-0.863720703125
-0.937890625
-0.94267578125
-0.95224609375
-0.95703125
-0.921142578125
-0.973779296875
-0.906787109375
-0.949853515625
-0.968994140625
-0.99052734375
-1.00727539063
-0.99052734375
-0.95224609375
-0.983349609375
-1.00249023438
-0.9857421875
-0.976171875
-1.04794921875
-0.9091796875
-0.9283203125
-0.954638671875
-0.897216796875
-0.8708984375
-0.83740234375
-0.82783203125
-0.844580078125
-0.8134765625
-0.83740234375
-0.811083984375
-0.787158203125
-0.631640625
-0.7943359375
-0.7369140625
-0.705810546875
-0.74169921875
-0.691455078125
-0.71298828125
-0.691455078125
-0.653173828125
-0.634033203125
-0.619677734375
-0.57421875
-0.586181640625
-0.590966796875
-0.55029296875
-0.562255859375
-0.516796875
-0.478515625
-0.461767578125
-0.4306640625
-0.43544921875
-0.389990234375
-0.34931640625
-0.287109375
-0.265576171875
-0.19140625
-0.15791015625
-0.0861328125
-0.026318359375
0.002392578125
0.03349609375
0.10048828125
0.126806640625
0.189013671875
0.26318359375
0.318212890625
0.375634765625
0.40673828125
0.447412109375
0.5837890625
0.478515625
0.67470703125
0.7177734375
0.806298828125
0.825439453125
0.91396484375
0.983349609375
1.03837890625
1.07905273438
1.09819335938
1.21782226563
1.28002929688
1.225
1.4451171875
1.48100585938
1.53125
1.6556640625
1.780078125
1.91166992188
1.94755859375
2.01455078125
2.07915039063
2.17963867188
2.3064453125
2.32797851563
2.42607421875
2.4787109375
2.53852539063
2.58637695313
2.6318359375
2.61508789063
2.79453125
2.80888671875
2.94526367188
2.98833007813
2.94526367188
3.12231445313
3.15341796875
3.20844726563
3.26108398438
3.29936523438
3.32807617188
3.2921875
3.53623046875
3.59125976563
3.68935546875
3.73481445313
3.80659179688
3.7994140625
3.87358398438
3.91904296875
3.96450195313
4.00756835938
4.07934570312
4.1056640625
4.15830078125
4.20375976563
4.26118164063
4.2970703125
4.30903320313
4.344921875
4.3640625
4.40234375
4.2970703125
4.51240234375
4.5458984375
4.536328125
4.56264648438
4.5841796875
4.5841796875
4.60571289062
4.71098632813
4.67749023438
4.7564453125
4.76840820313
4.73251953125
4.6798828125
4.56264648438
4.80668945313
4.93110351563
5.06748046875
5.072265625
5.0818359375
5.04594726563
5.01484375
4.88803710938
4.8521484375
4.82104492188
4.82822265625
4.82104492188
4.84018554688
4.82583007813
4.71098632813
4.64877929688
4.85932617188
4.84736328125
4.77319335938
4.74448242188
4.6990234375
4.6703125
4.66791992188
4.574609375
4.52436523438
4.48608398438
4.47890625
4.40712890625
4.42626953125
4.47412109375
4.51240234375
4.52197265625
4.5650390625
4.3927734375
4.34731445313
4.31860351562
4.31860351562
4.268359375
4.17983398438
4.038671875
3.97885742188
3.87119140625
3.80419921875
3.75874023438
3.73959960938
3.70849609375
3.56733398438
3.521875
3.39028320313
3.349609375
