0.332568359375
0.325390625
0.342138671875
0.342138671875
0.389990234375
0.385205078125
0.361279296875
0.30146484375
0.32060546875
0.31103515625
0.294287109375
0.4498046875
0.25361328125
0.198583984375
0.212939453125
0.24404296875
0.2009765625
0.136376953125
0.155517578125
0.172265625
0.227294921875
0.203369140625
0.2296875
0.2775390625
0.29189453125
0.30146484375
0.29189453125
0.30146484375
0.456982421875
0.30146484375
0.32060546875
0.342138671875
0.332568359375
0.26318359375
0.23447265625
0.2296875
0.232080078125
0.222509765625
0.20576171875
0.284716796875
0.155517578125
0.29189453125
0.11005859375
0.0669921875
0.031103515625
0.126806640625
-0.035888671875
-0.05263671875
-0.0478515625
-0.13876953125
-0.153125
-0.198583984375
-0.22490234375
-0.232080078125
-0.2583984375
-0.30146484375
-0.356494140625
-0.42109375
-0.52158203125
-0.557470703125
-0.58857421875
-0.746484375
-0.75126953125
-0.653173828125
-0.8326171875
-0.835009765625
-0.854150390625
-0.95703125
-0.97138671875
-1.00727539063
-1.03359375
-1.0431640625
-1.08623046875
-1.06708984375
-1.00727539063
-0.983349609375
-0.959423828125
-0.935498046875
-0.873291015625
-0.899609375
-0.777587890625
-0.72255859375
-0.47373046875
-0.303857421875
-0.01435546875
0.0669921875
0.002392578125
0.210546875
0.275146484375
0.38759765625
0.490478515625
0.63642578125
0.681884765625
0.7177734375
0.75126953125
0.772802734375
0.6794921875
0.734521484375
0.9091796875
0.959423828125
1.03598632813
1.08862304688
1.11494140625
1.15561523438
1.15561523438
1.21303710938
1.014453125
0.95703125
0.96181640625
0.882861328125
0.796728515625
0.605322265625
0.669921875
0.6412109375
0.65556640625
0.667529296875
0.648388671875
0.490478515625
0.423486328125
0.36845703125
0.150732421875
0.05263671875
0.011962890625
0.0095703125
-0.040673828125
-0.055029296875
-0.08134765625
-0.088525390625
-0.11484375
-0.13876953125
-0.1244140625
-0.093310546875
-0.0765625
-0.078955078125
-0.088525390625
-0.11005859375
-0.153125
-0.165087890625
-0.217724609375
-0.2201171875
-0.256005859375
-0.246435546875
-0.20576171875
-0.399560546875
-0.461767578125
-0.49765625
-0.485693359375
-0.53115234375
-0.51201171875
-0.4689453125
-0.657958984375
-0.710595703125
-0.77041015625
-0.765625
-0.73212890625
-0.739306640625
-0.629248046875
-0.8134765625
-0.83740234375
-0.887646484375
-0.88525390625
-0.916357421875
-0.940283203125
-1.02163085938
-1.10537109375
-1.1005859375
-1.1580078125
-1.15083007813
-1.20346679688
-1.31591796875
-1.33505859375
-1.27045898438
-1.46665039063
-1.51450195313
-1.53842773438
-1.54321289063
-1.58388671875
-1.61020507813
-1.62216796875
-1.59106445313
-1.53364257813
-1.59584960938
-1.63891601563
-1.378125
-1.40922851563
-1.49775390625
-1.4642578125
-1.435546875
-1.31352539063
-1.29677734375
-1.30634765625
-1.35180664062
-1.32548828125
-1.1484375
-1.22021484375
-1.091015625
-1.1197265625
-1.091015625
-1.052734375
-1.0240234375
-1.00249023438
-0.988134765625
-0.997705078125
-0.935498046875
-0.930712890625
-0.911572265625
-0.930712890625
-0.925927734375
-0.9091796875
-0.83740234375
-0.80869140625
-0.777587890625
-0.787158203125
-0.77041015625
-0.772802734375
-0.739306640625
-0.686669921875
-0.70341796875
-0.72255859375
-0.69384765625
-0.68427734375
-0.715380859375
-0.705810546875
-0.669921875
-0.6794921875
-0.70341796875
-0.66513671875
-0.6890625
-0.696240234375
-0.681884765625
-0.70341796875
-0.73212890625
-0.753662109375
-0.76083984375
-0.748876953125
-0.763232421875
-0.806298828125
-0.82783203125
-0.839794921875
-0.787158203125
-0.777587890625
-0.78955078125
-0.86611328125
-0.84697265625
-0.7943359375
-0.811083984375
-0.823046875
-0.839794921875
-0.8326171875
-0.815869140625
-0.820654296875
-0.91875
-0.748876953125
-0.619677734375
-0.6125
-0.6029296875
-0.57421875
-0.60771484375
-0.667529296875
-0.586181640625
-0.461767578125
-0.42109375
-0.394775390625
-0.33017578125
-0.325390625
-0.248828125
-0.232080078125
-0.210546875
-0.15791015625
-0.155517578125
-0.05263671875
-0.0287109375
0.0478515625
0.059814453125
0.064599609375
0.055029296875
0.045458984375
0.14833984375
0.318212890625
0.241650390625
0.133984375
0.141162109375
0.007177734375
0.20576171875
0.270361328125
0.303857421875
0.33974609375
0.356494140625
0.394775390625
0.380419921875
0.404345703125
0.36845703125
0.375634765625
0.3732421875
0.466552734375
0.552685546875
0.58857421875
0.5837890625
0.523974609375
0.543115234375
0.57900390625
0.50244140625
0.485693359375
0.600537109375
0.614892578125
0.724951171875
0.533544921875
0.514404296875
0.495263671875
0.495263671875
0.41630859375
0.389990234375
0.3732421875
0.327783203125
0.32060546875
0.2392578125
0.227294921875
0.193798828125
0.141162109375
0.026318359375
0.01435546875
0.055029296875
0.035888671875
0.019140625
-0.03349609375
-0.0765625
-0.117236328125
-0.133984375
-0.141162109375
-0.15791015625
-0.169873046875
-0.16748046875
-0.198583984375
-0.2583984375
-0.265576171875
-0.3349609375
-0.36845703125
-0.3923828125
-0.39716796875
-0.433056640625
-0.308642578125
-0.480908203125
-0.567041015625
-0.581396484375
-0.47373046875
-0.669921875
-0.715380859375
-0.724951171875
-0.763232421875
-0.878076171875
-0.899609375
-0.9091796875
-0.973779296875
-1.04555664063
-1.071875
-1.13647460938
-1.17236328125
-1.0814453125
-1.205859375
-1.19389648438
-1.07426757813
-1.21782226563
-1.23696289063
-1.24174804688
-1.2537109375
-1.27524414063
-1.244140625
-1.1580078125
-1.16279296875
-1.14125976563
-1.129296875
-1.13408203125
-1.12211914063
-1.09819335938
-1.07666015625
-1.10297851563
-1.04077148438
-1.03120117188
-1.02880859375
-0.973779296875
-0.95224609375
-0.95703125
-0.935498046875
-0.861328125
-0.87568359375
-0.823046875
-0.86611328125
-0.823046875
-0.768017578125
-0.72255859375
-0.734521484375
-0.715380859375
-0.724951171875
-0.7177734375
-0.710595703125
-0.729736328125
-0.74169921875
-0.729736328125
-0.715380859375
-0.720166015625
-0.74169921875
-0.66513671875
-0.686669921875
-0.70341796875
-0.701025390625
-0.708203125
-0.686669921875
-0.710595703125
-0.729736328125
-0.710595703125
-0.7177734375
-0.67470703125
-0.6986328125
-0.667529296875
-0.6794921875
-0.705810546875
-0.701025390625
-0.6986328125
-0.734521484375
-0.724951171875
-0.691455078125
-0.669921875
-0.6794921875
-0.672314453125
-0.629248046875
-0.6412109375
-0.6220703125
-0.6412109375
-0.62685546875
-0.57421875
-0.586181640625
-0.55986328125
-0.5455078125
-0.552685546875
-0.514404296875
-0.509619140625
-0.4689453125
-0.447412109375
-0.399560546875
-0.3732421875
-0.363671875
-0.318212890625
-0.3349609375
-0.337353515625
-0.3349609375
-0.33017578125
-0.299072265625
-0.279931640625
-0.265576171875
-0.2296875
-0.2009765625
-0.20576171875
-0.19619140625
-0.150732421875
-0.21533203125
-0.399560546875
-0.447412109375
-0.485693359375
-0.49765625
-0.5263671875
-0.54072265625
-0.562255859375
-0.533544921875
-0.782373046875
-0.882861328125
-0.976171875
-0.949853515625
-1.03837890625
-1.0814453125
-1.1580078125
-1.16997070313
-1.11015625
-1.244140625
-1.22260742188
-1.36616210938
-1.40205078125
-1.46186523438
-1.46186523438
-1.50493164063
-1.52646484375
-1.5216796875
-1.50014648438
-1.48100585938
-1.35419921875
-1.3015625
-1.35180664062
-1.15083007813
-1.08383789063
-0.902001953125
-0.8517578125
-0.729736328125
-0.6794921875
-0.71298828125
-0.52158203125
-0.504833984375
-0.409130859375
-0.37802734375
-0.217724609375
-0.45458984375
-0.284716796875
