0.519189453125
0.47373046875
0.638818359375
0.64599609375
0.6029296875
0.63642578125
0.677099609375
1.04077148438
1.00249023438
1.23935546875
1.26088867188
1.22739257813
1.47622070313
1.59345703125
1.64609375
1.86860351563
1.7896484375
1.70590820313
1.61259765625
1.49057617188
1.40444335938
1.24174804688
1.16279296875
1.01923828125
1.01923828125
0.78955078125
0.677099609375
0.629248046875
0.516796875
0.423486328125
0.361279296875
0.327783203125
0.270361328125
0.222509765625
0.155517578125
0.131591796875
0.078955078125
0.069384765625
0.050244140625
0.05263671875
0.045458984375
0.150732421875
0.126806640625
0.141162109375
0.145947265625
0.19140625
0.2296875
0.299072265625
0.3349609375
0.3923828125
0.380419921875
0.4689453125
0.523974609375
0.523974609375
0.555078125
0.5646484375
0.631640625
0.65556640625
0.6794921875
0.6890625
0.708203125
0.79912109375
0.768017578125
0.64599609375
0.748876953125
0.705810546875
0.67470703125
0.69384765625
0.619677734375
0.6603515625
0.744091796875
0.581396484375
0.605322265625
0.624462890625
0.6220703125
0.53115234375
0.590966796875
0.50244140625
0.4689453125
0.452197265625
0.399560546875
0.363671875
0.32060546875
0.203369140625
0.184228515625
0.14833984375
0.1052734375
0.0287109375
0.035888671875
-0.13876953125
-0.02392578125
-0.064599609375
-0.03828125
-0.0669921875
-0.10048828125
-0.098095703125
-0.093310546875
-0.1052734375
-0.069384765625
-0.064599609375
-0.0861328125
-0.074169921875
-0.035888671875
-0.03828125
-0.0095703125
0.050244140625
0.055029296875
0.0669921875
0.035888671875
0.064599609375
0.133984375
0.083740234375
0.078955078125
0.102880859375
0.026318359375
0.00478515625
-0.0287109375
0.007177734375
-0.002392578125
-0.03349609375
-0.03349609375
-0.05263671875
-0.011962890625
-0.019140625
-0.059814453125
-0.093310546875
-0.155517578125
-0.133984375
-0.232080078125
-0.28232421875
-0.2583984375
-0.179443359375
-0.342138671875
-0.3732421875
-0.404345703125
-0.428271484375
-0.44501953125
-0.456982421875
-0.4880859375
-0.523974609375
-0.53115234375
-0.5263671875
-0.533544921875
-0.555078125
-0.547900390625
-0.55029296875
-0.57421875
-0.5837890625
-0.595751953125
-0.576611328125
-0.571826171875
-0.6125
-0.590966796875
-0.605322265625
-0.6029296875
-0.600537109375
-0.631640625
-0.686669921875
-0.68427734375
-0.69384765625
-0.6890625
-0.662744140625
-0.677099609375
-0.7177734375
-0.75126953125
-0.739306640625
-0.772802734375
-0.763232421875
-0.748876953125
-0.77041015625
-0.77041015625
-0.720166015625
-0.6890625
-0.696240234375
-0.672314453125
-0.634033203125
-0.595751953125
-0.53115234375
-0.480908203125
-0.48330078125
-0.45458984375
-0.4115234375
-0.361279296875
-0.30146484375
-0.289501953125
-0.24404296875
-0.16748046875
-0.155517578125
-0.098095703125
-0.0861328125
0.002392578125
-0.00478515625
0.03349609375
0.007177734375
-0.00478515625
-0.016748046875
-0.00478515625
-0.002392578125
-0.011962890625
-0.019140625
-0.055029296875
-0.06220703125
-0.040673828125
-0.074169921875
-0.10048828125
-0.088525390625
-0.095703125
-0.126806640625
-0.16748046875
-0.17705078125
-0.19140625
-0.198583984375
-0.210546875
-0.25361328125
-0.256005859375
-0.25361328125
-0.31103515625
-0.3732421875
-0.303857421875
-0.30625
-0.346923828125
-0.466552734375
-0.495263671875
-0.46416015625
-0.440234375
-0.480908203125
-0.516796875
-0.5455078125
-0.543115234375
-0.547900390625
-0.57900390625
-0.662744140625
-0.72255859375
-0.753662109375
-0.7751953125
-0.820654296875
-0.85654296875
-0.8421875
-0.906787109375
-0.921142578125
-0.935498046875
-0.976171875
-1.06948242188
-1.04555664063
-1.05512695313
-1.13408203125
-1.15322265625
-1.15322265625
-1.19150390625
-1.225
-1.24892578125
-1.30634765625
-1.2537109375
-1.2154296875
-1.1580078125
-1.14604492188
-1.18193359375
-1.22021484375
-1.27763671875
-1.26567382813
-1.23217773438
-1.20346679688
-1.14365234375
-1.12690429688
-1.13647460938
-1.15322265625
-1.17236328125
-1.1484375
-1.13647460938
-1.13647460938
-1.129296875
-1.1484375
-1.10297851563
-1.05512695313
-1.07666015625
-1.071875
-0.98095703125
-0.92353515625
-0.90439453125
-0.835009765625
-0.791943359375
-0.724951171875
-0.720166015625
-0.6794921875
-0.643603515625
-0.53115234375
-0.519189453125
-0.442626953125
-0.404345703125
-0.37802734375
-0.318212890625
-0.308642578125
-0.248828125
-0.217724609375
-0.241650390625
-0.212939453125
-0.210546875
-0.19619140625
-0.1626953125
-0.141162109375
-0.141162109375
-0.153125
-0.155517578125
-0.13876953125
-0.299072265625
-0.12919921875
-0.13876953125
-0.112451171875
-0.093310546875
-0.133984375
-0.1626953125
-0.16748046875
-0.160302734375
-0.2201171875
-0.251220703125
-0.22490234375
-0.232080078125
-0.17705078125
-0.203369140625
-0.212939453125
-0.236865234375
-0.27275390625
-0.29189453125
-0.33017578125
-0.337353515625
-0.313427734375
-0.322998046875
-0.361279296875
-0.363671875
-0.401953125
-0.41630859375
-0.413916015625
-0.437841796875
-0.476123046875
-0.514404296875
-0.519189453125
-0.509619140625
-0.46416015625
-0.476123046875
-0.500048828125
-0.514404296875
-0.54072265625
-0.576611328125
-0.576611328125
-0.58857421875
-0.619677734375
-0.629248046875
-0.624462890625
-0.6603515625
-0.68427734375
-0.691455078125
-0.720166015625
-0.734521484375
-0.746484375
-0.729736328125
-0.7369140625
-0.7560546875
-0.801513671875
-0.78955078125
-0.765625
-0.80869140625
-0.782373046875
-0.80869140625
-0.8134765625
-0.7943359375
-0.7943359375
-0.772802734375
-0.74169921875
-0.6890625
-0.6986328125
-0.710595703125
-0.691455078125
-0.648388671875
-0.624462890625
-0.6125
-0.576611328125
-0.56943359375
-0.547900390625
-0.500048828125
-0.519189453125
-0.459375
-0.42587890625
-0.428271484375
-0.423486328125
-0.385205078125
-0.3828125
-0.401953125
-0.3828125
-0.308642578125
-0.287109375
-0.289501953125
-0.27275390625
-0.270361328125
-0.31103515625
-0.32060546875
-0.289501953125
-0.2775390625
-0.2775390625
-0.260791015625
-0.208154296875
-0.208154296875
-0.2296875
-0.232080078125
-0.2583984375
-0.30625
-0.342138671875
-0.363671875
-0.3923828125
-0.385205078125
-0.44501953125
-0.25361328125
-0.260791015625
-0.34931640625
-0.36845703125
-0.4306640625
-0.459375
-0.495263671875
-0.504833984375
-0.509619140625
-0.480908203125
-0.478515625
-0.466552734375
-0.447412109375
-0.46416015625
-0.46416015625
-0.504833984375
-0.54072265625
-0.552685546875
-0.6125
-0.75126953125
-0.459375
-0.4115234375
-0.547900390625
-0.5837890625
-0.6029296875
-0.586181640625
-0.629248046875
-0.708203125
-0.73212890625
-0.691455078125
-0.705810546875
-0.6794921875
-0.76083984375
-0.643603515625
-0.653173828125
-0.63642578125
-0.77041015625
-0.71298828125
-0.50244140625
-0.514404296875
-0.523974609375
-0.581396484375
-0.61728515625
-0.581396484375
-0.55986328125
-0.54072265625
-0.5359375
-0.519189453125
-0.490478515625
-0.53115234375
-0.547900390625
-0.557470703125
-0.552685546875
-0.538330078125
-0.500048828125
-0.51201171875
-0.490478515625
-0.47373046875
-0.48330078125
-0.442626953125
-0.4880859375
-0.48330078125
-0.440234375
-0.447412109375
-0.42587890625
-0.447412109375
-0.478515625
-0.528759765625
-0.543115234375
-0.6125
-0.61728515625
-0.624462890625
-0.662744140625
-0.696240234375
-0.74169921875
-0.77041015625
-0.81826171875
-0.823046875
-0.80869140625
-0.916357421875
-0.93310546875
-0.91396484375
-0.9283203125
-0.976171875
-0.973779296875
-0.968994140625
-0.99052734375
-0.9857421875
-0.959423828125
-0.968994140625
