-0.772802734375
-0.72734375
-0.744091796875
-0.739306640625
-0.7560546875
-0.720166015625
-0.715380859375
-0.701025390625
-0.753662109375
-0.765625
-0.74169921875
-0.705810546875
-0.7177734375
-0.74169921875
-0.729736328125
-0.75126953125
-0.765625
-0.76083984375
-0.77041015625
-0.763232421875
-0.78955078125
-0.787158203125
-0.8326171875
-0.8134765625
-0.806298828125
-0.80390625
-0.823046875
-0.80869140625
-0.7560546875
-0.744091796875
-0.669921875
-0.724951171875
-0.71298828125
-0.677099609375
-0.638818359375
-0.62685546875
-0.6029296875
-0.763232421875
-0.5837890625
-0.538330078125
-0.516796875
-0.495263671875
-0.466552734375
-0.428271484375
-0.399560546875
-0.423486328125
-0.366064453125
-0.2966796875
-0.2392578125
-0.2775390625
-0.256005859375
-0.256005859375
-0.217724609375
-0.212939453125
-0.172265625
-0.198583984375
-0.212939453125
-0.217724609375
-0.20576171875
-0.16748046875
-0.1818359375
-0.184228515625
-0.165087890625
-0.189013671875
-0.210546875
-0.165087890625
-0.174658203125
-0.18662109375
-0.251220703125
-0.2009765625
-0.203369140625
-0.203369140625
-0.136376953125
-0.055029296875
-0.126806640625
-0.11005859375
-0.01435546875
-0.031103515625
0.057421875
0.078955078125
0.102880859375
0.117236328125
0.15791015625
0.189013671875
0.14833984375
0.16748046875
0.153125
0.208154296875
0.150732421875
0.179443359375
0.18662109375
0.212939453125
0.193798828125
0.21533203125
0.18662109375
0.1626953125
0.11962890625
0.141162109375
-0.07177734375
-0.112451171875
-0.256005859375
-0.3349609375
-0.62685546875
-0.84697265625
-0.992919921875
-1.1771484375
-1.21303710938
-1.20346679688
-1.25610351562
-1.2154296875
-1.11015625
-0.899609375
-0.69384765625
-0.480908203125
-0.040673828125
-0.0765625
-0.198583984375
-0.42109375
-0.42587890625
-0.56943359375
-0.677099609375
-0.662744140625
-0.516796875
-0.595751953125
-0.404345703125
-0.370849609375
-0.33017578125
-0.361279296875
-0.45458984375
-0.46416015625
-0.57900390625
-0.74169921875
-0.882861328125
-1.03359375
-1.15561523438
-1.20346679688
-1.31591796875
-1.36616210938
-1.50732421875
-1.54799804688
-1.61020507813
-1.63173828125
-1.68198242188
-1.78247070313
-1.81118164063
-1.85424804688
-1.91884765625
-1.92124023438
-1.91884765625
-1.89731445313
-1.92602539063
-1.83032226563
-1.83032226563
-1.76572265625
-1.8375
-1.50493164063
-1.72265625
-1.6365234375
-1.6556640625
-1.48579101563
-1.45229492188
-1.35659179688
-1.24892578125
-1.1962890625
-1.15561523438
-1.1197265625
-1.052734375
-1.00249023438
-0.911572265625
-0.91396484375
-0.92353515625
-0.916357421875
-0.873291015625
-0.839794921875
-0.8517578125
-0.868505859375
-0.887646484375
-0.935498046875
-0.964208984375
-0.97138671875
-0.935498046875
-0.97138671875
-0.992919921875
-0.96181640625
-0.89482421875
-0.906787109375
-0.83740234375
-0.81826171875
-0.811083984375
-0.823046875
-0.768017578125
-0.77998046875
-0.7177734375
-0.77041015625
-0.7177734375
-0.6890625
-0.68427734375
-0.648388671875
-0.61728515625
-0.7369140625
-0.6029296875
-0.5646484375
-0.516796875
-0.399560546875
-0.452197265625
-0.3732421875
-0.31103515625
-0.270361328125
-0.246435546875
-0.217724609375
-0.165087890625
-0.19140625
-0.172265625
-0.145947265625
-0.160302734375
-0.172265625
-0.12919921875
-0.122021484375
-0.126806640625
-0.06220703125
-0.107666015625
-0.126806640625
-0.1052734375
-0.08134765625
-0.093310546875
-0.136376953125
-0.10048828125
-0.11484375
-0.11484375
-0.126806640625
-0.184228515625
-0.19619140625
-0.256005859375
-0.24404296875
-0.289501953125
-0.33017578125
-0.30146484375
-0.363671875
-0.40673828125
-0.39716796875
-0.471337890625
-0.490478515625
-0.533544921875
-0.567041015625
-0.619677734375
-0.701025390625
-0.614892578125
-0.806298828125
-0.806298828125
-0.854150390625
-0.849365234375
-0.839794921875
-0.902001953125
-0.9283203125
-0.892431640625
-0.882861328125
-0.99052734375
-0.997705078125
-0.8708984375
-0.897216796875
-0.925927734375
-0.997705078125
-0.96181640625
-0.95703125
-0.916357421875
-0.84697265625
-0.892431640625
-0.868505859375
-0.791943359375
-0.8900390625
-0.916357421875
-0.906787109375
-0.782373046875
-1.00727539063
-0.9953125
-1.04555664063
-1.05034179688
-1.06469726562
-1.071875
-1.11494140625
-1.21303710938
-1.06948242188
-1.11494140625
-1.08383789063
-1.071875
-1.10297851563
-1.07426757813
-0.921142578125
-1.04555664063
-1.01923828125
-1.00249023438
-0.954638671875
-0.988134765625
-0.935498046875
-0.945068359375
-0.925927734375
-0.992919921875
-1.052734375
-1.14604492188
-1.37333984375
-1.27524414063
-1.2919921875
-1.2728515625
-1.1962890625
-1.11254882812
-1.08623046875
-0.997705078125
-0.825439453125
-0.81826171875
-0.784765625
-0.91875
-0.801513671875
-0.839794921875
-0.801513671875
-0.91396484375
-0.992919921875
-1.02880859375
-1.04555664063
-1.12451171875
-1.14365234375
-1.13647460938
-1.1005859375
-1.02641601563
-1.0431640625
-0.7751953125
-0.863720703125
-0.844580078125
-0.8421875
-0.90439453125
-0.91396484375
-0.71298828125
-0.681884765625
-0.50244140625
-0.571826171875
-0.3923828125
-0.337353515625
-0.45458984375
-0.19619140625
-0.19140625
-0.093310546875
-0.040673828125
0.102880859375
0.217724609375
0.36845703125
0.495263671875
0.705810546875
0.653173828125
0.911572265625
0.959423828125
0.96181640625
1.0048828125
1.01206054688
0.976171875
0.768017578125
1.05512695313
0.820654296875
0.768017578125
0.72734375
0.667529296875
0.696240234375
0.6220703125
0.56943359375
0.557470703125
0.56943359375
0.547900390625
0.478515625
0.440234375
0.363671875
0.29189453125
0.193798828125
0.165087890625
0.057421875
-0.06220703125
-0.08134765625
-0.112451171875
-0.165087890625
-0.23447265625
-0.30625
-0.35888671875
-0.4306640625
-0.478515625
-0.52158203125
-0.538330078125
-0.74169921875
-0.55986328125
-0.595751953125
-0.61728515625
-0.590966796875
-0.715380859375
-0.696240234375
-0.763232421875
-0.8134765625
-0.8708984375
-0.930712890625
-0.89482421875
-1.04077148438
-0.80869140625
-0.823046875
-0.823046875
-0.849365234375
-0.868505859375
-0.90439453125
-0.863720703125
-0.873291015625
-0.897216796875
-0.80390625
-0.758447265625
-0.715380859375
-0.677099609375
-0.67470703125
-0.667529296875
-0.631640625
-0.55029296875
-0.55986328125
-0.547900390625
-0.41630859375
-0.50244140625
-0.313427734375
-0.133984375
-0.160302734375
-0.055029296875
0.019140625
-0.03828125
0.14833984375
0.222509765625
0.198583984375
0.23447265625
0.28232421875
0.303857421875
0.327783203125
0.3541015625
0.42587890625
0.437841796875
0.409130859375
0.380419921875
0.313427734375
0.287109375
0.210546875
0.145947265625
0.12919921875
0.0765625
0.019140625
0.026318359375
-0.011962890625
-0.019140625
-0.1052734375
-0.126806640625
-0.246435546875
-0.409130859375
-0.54072265625
-0.677099609375
-0.935498046875
-1.1771484375
-1.35659179688
-1.48579101563
-1.54799804688
-1.55517578125
-1.54321289063
-1.4833984375
-1.4451171875
-1.29677734375
-1.18432617188
-0.96181640625
-0.863720703125
-0.724951171875
-0.55986328125
-0.3541015625
-0.24404296875
-0.126806640625
-0.0095703125
0.059814453125
0.074169921875
0.16748046875
0.17705078125
0.284716796875
-0.122021484375
-0.500048828125
-0.567041015625
-0.669921875
-0.916357421875
-0.945068359375
-0.823046875
-0.724951171875
-0.629248046875
-0.6986328125
-0.71298828125
-0.653173828125
-0.796728515625
-0.835009765625
-0.988134765625
-0.95703125
-1.16997070313
-1.18432617188
-1.32548828125
-1.244140625
-1.41640625
-1.48579101563
-1.45708007813
-1.40922851563
-1.32788085938
