1.014453125
0.95703125
0.937890625
1.06469726562
0.89482421875
0.8517578125
0.777587890625
0.705810546875
0.638818359375
0.5359375
0.57421875
0.59814453125
0.523974609375
0.514404296875
0.418701171875
0.363671875
0.332568359375
0.327783203125
0.33974609375
0.260791015625
0.294287109375
0.088525390625
0.05263671875
0.050244140625
0.064599609375
0.02392578125
-0.002392578125
0.002392578125
-0.045458984375
-0.045458984375
-0.069384765625
-0.098095703125
-0.12919921875
-0.122021484375
-0.172265625
-0.2009765625
-0.232080078125
-0.217724609375
-0.2201171875
-0.232080078125
-0.26318359375
-0.30146484375
-0.287109375
-0.284716796875
-0.251220703125
-0.222509765625
-0.198583984375
-0.212939453125
-0.210546875
-0.21533203125
-0.210546875
-0.179443359375
-0.150732421875
-0.15791015625
-0.141162109375
-0.098095703125
-0.064599609375
-0.074169921875
-0.040673828125
0.03349609375
0.03349609375
0.03828125
0.026318359375
0.021533203125
0.021533203125
0.04306640625
0.078955078125
0.098095703125
0.1052734375
0.13876953125
0.088525390625
0.09091796875
0.055029296875
0.07177734375
0.05263671875
0.03349609375
0.019140625
-0.11484375
0.055029296875
0.0478515625
0.05263671875
0.04306640625
0.0765625
0.08134765625
0.06220703125
0.050244140625
0.069384765625
0.074169921875
0.11484375
0.074169921875
0.08134765625
0.1052734375
0.11962890625
0.15791015625
0.172265625
0.1435546875
0.17705078125
0.17705078125
0.17705078125
0.169873046875
0.14833984375
0.18662109375
0.24404296875
0.145947265625
0.179443359375
0.169873046875
0.16748046875
0.15791015625
0.16748046875
0.193798828125
0.193798828125
0.174658203125
0.179443359375
0.210546875
0.17705078125
0.19619140625
0.210546875
0.25361328125
0.2201171875
0.22490234375
0.217724609375
0.222509765625
0.212939453125
0.222509765625
0.275146484375
0.246435546875
0.21533203125
0.279931640625
0.25361328125
0.26318359375
0.232080078125
0.303857421875
0.14833984375
0.131591796875
0.19140625
0.17705078125
0.112451171875
0.107666015625
0.107666015625
0.131591796875
0.1435546875
0.169873046875
0.184228515625
0.18662109375
0.17705078125
0.1818359375
0.2296875
0.212939453125
0.28232421875
0.265576171875
0.24404296875
0.2583984375
0.2583984375
0.2583984375
0.26318359375
0.30146484375
0.299072265625
0.33017578125
0.318212890625
0.361279296875
0.3732421875
0.380419921875
0.39716796875
0.437841796875
0.456982421875
0.4498046875
0.480908203125
0.478515625
0.509619140625
0.523974609375
0.547900390625
0.52158203125
0.533544921875
0.60771484375
0.63642578125
0.686669921875
0.686669921875
0.720166015625
0.73212890625
0.7369140625
0.72734375
0.7560546875
0.768017578125
0.916357421875
0.758447265625
0.7560546875
0.724951171875
0.820654296875
0.77998046875
0.80869140625
0.7943359375
0.82783203125
0.86611328125
0.825439453125
0.768017578125
0.746484375
0.746484375
0.720166015625
0.686669921875
0.68427734375
0.69384765625
0.69384765625
0.7369140625
0.595751953125
0.614892578125
0.610107421875
0.600537109375
0.528759765625
0.543115234375
0.478515625
0.42587890625
0.346923828125
0.30625
0.203369140625
0.1818359375
0.153125
0.1052734375
0.06220703125
0.093310546875
-0.133984375
-0.1626953125
-0.17705078125
-0.210546875
-0.279931640625
-0.2966796875
-0.389990234375
-0.394775390625
-0.447412109375
-0.459375
-0.495263671875
-0.490478515625
-0.47373046875
-0.44501953125
-0.459375
-0.41630859375
-0.38759765625
-0.3828125
-0.3349609375
-0.19140625
-0.14833984375
-0.02392578125
0.03828125
0.248828125
0.332568359375
0.322998046875
0.562255859375
0.64599609375
0.830224609375
0.882861328125
0.308642578125
0.58857421875
1.2537109375
1.3015625
0.95224609375
0.777587890625
0.825439453125
0.768017578125
0.586181640625
0.49287109375
0.64599609375
0.031103515625
0.18662109375
0.179443359375
0.351708984375
0.3158203125
0.29189453125
0.299072265625
0.342138671875
0.313427734375
0.16748046875
0.265576171875
0.23447265625
-0.0765625
-0.0861328125
-0.09091796875
-0.11484375
-0.222509765625
-0.16748046875
-0.41630859375
-0.50244140625
-0.562255859375
-0.74169921875
-0.801513671875
-0.86611328125
-0.945068359375
-1.0240234375
-1.14604492188
-1.15322265625
-1.24892578125
-1.27763671875
-1.26088867188
-1.244140625
-1.18671875
-1.18432617188
-1.08862304688
-1.17475585938
-0.94267578125
-0.873291015625
-0.708203125
-0.67470703125
-0.543115234375
-0.294287109375
-0.133984375
0.112451171875
0.2296875
0.36845703125
0.4498046875
0.586181640625
0.686669921875
0.729736328125
0.70341796875
0.619677734375
0.605322265625
0.60771484375
0.638818359375
0.63642578125
0.394775390625
0.351708984375
0.346923828125
0.327783203125
0.208154296875
0.227294921875
0.222509765625
0.248828125
0.184228515625
0.346923828125
0.363671875
0.399560546875
0.409130859375
0.44501953125
0.5072265625
0.500048828125
0.48330078125
0.485693359375
0.504833984375
0.480908203125
0.49765625
0.552685546875
0.5646484375
0.5837890625
0.571826171875
0.631640625
0.634033203125
0.691455078125
0.72734375
0.763232421875
0.849365234375
0.90439453125
0.9283203125
0.978564453125
1.00249023438
1.03598632813
1.1005859375
1.18911132813
1.2154296875
1.28720703125
1.31831054688
1.3494140625
1.44272460938
1.4642578125
1.512109375
1.54799804688
1.54321289063
1.626953125
1.66762695313
1.68676757813
1.67958984375
1.7513671875
1.77529296875
1.78486328125
1.81596679688
1.894921875
1.87099609375
1.933203125
2.01215820313
2.02172851562
2.0384765625
2.08393554688
2.10786132813
2.2107421875
2.22749023438
2.21791992188
2.162890625
2.20356445313
2.22509765625
2.20834960938
2.18920898438
2.21552734375
2.22270507813
2.23227539063
2.18442382813
2.21791992188
2.19638671875
2.19638671875
2.20595703125
2.24184570313
2.26098632812
2.25380859375
2.23466796875
2.26098632812
2.27294921875
2.30883789062
2.31123046875
2.35668945312
2.37822265625
2.35190429688
2.36625976563
2.3447265625
2.35668945312
2.354296875
2.31362304688
2.33994140625
2.34951171875
2.32797851563
2.30166015625
2.35908203125
2.37104492188
2.33754882813
2.354296875
2.34233398438
2.36865234375
2.3734375
2.36147460938
2.3734375
2.37104492188
2.34233398438
2.32797851563
2.45478515625
2.47153320313
2.45717773438
2.44760742188
2.52895507813
2.57919921875
2.57202148438
2.62944335938
2.63422851563
2.73232421875
2.74907226563
2.83759765625
2.91655273438
2.95961914063
2.98115234375
3.03139648438
3.07924804688
3.20366210938
3.28022460938
3.40224609375
3.40224609375
3.47641601563
3.5697265625
3.52426757813
3.770703125
3.91186523438
3.95971679688
4.06020507813
4.21333007813
4.24204101563
4.31860351562
4.39755859375
4.47172851563
4.53872070313
4.63203125
4.69184570313
4.81147460938
4.87846679688
4.96220703125
5.03876953125
5.1296875
5.187109375
5.27563476562
5.27802734375
5.33305664063
5.43354492188
5.455078125
5.4646484375
5.46225585938
5.48618164063
5.56752929688
5.50771484375
5.46225585938
5.41918945312
5.37612304688
5.38090820313
5.34741210938
5.301953125
5.18232421875
5.09140625
5.0818359375
5.06030273438
5.12490234375
5.15122070313
5.20385742188
5.26127929688
5.32348632812
5.24213867188
5.47900390625
5.5029296875
5.5125
5.49575195313
5.38330078125
