0.653173828125
0.791943359375
0.863720703125
1.07426757813
1.08862304688
1.09340820313
1.27763671875
1.23696289063
1.43315429688
1.49296875
1.57431640625
1.57431640625
1.6078125
1.626953125
1.6173828125
1.65087890625
1.62934570313
1.61499023438
1.55517578125
1.50732421875
1.42358398438
1.358984375
1.30634765625
1.18432617188
1.1484375
1.16279296875
1.12690429688
1.15083007813
1.1388671875
1.19389648438
1.02641601563
0.90439453125
0.899609375
0.83740234375
0.887646484375
0.6986328125
0.653173828125
0.590966796875
0.389990234375
0.34453125
0.294287109375
0.193798828125
0.064599609375
0.031103515625
-0.035888671875
-0.050244140625
-0.11005859375
-0.122021484375
-0.212939453125
-0.265576171875
-0.380419921875
-0.3923828125
-0.4306640625
-0.471337890625
-0.4689453125
-0.667529296875
-0.739306640625
-0.708203125
-0.720166015625
-0.8134765625
-0.830224609375
-0.873291015625
-0.911572265625
-0.968994140625
-1.06708984375
-1.1005859375
-1.21782226563
-1.225
-1.25849609375
-1.28720703125
-1.29677734375
-1.28002929688
-1.23696289063
-1.20346679688
-1.167578125
-0.98095703125
-1.01684570312
-1.04555664063
-0.964208984375
-0.911572265625
-0.91396484375
-0.70341796875
-0.66513671875
-0.533544921875
-0.509619140625
-0.409130859375
-0.401953125
-0.3541015625
-0.32060546875
-0.303857421875
-0.265576171875
-0.275146484375
-0.2296875
-0.248828125
-0.26796875
-0.155517578125
-0.332568359375
-0.279931640625
-0.313427734375
-0.346923828125
-0.375634765625
-0.375634765625
-0.3923828125
-0.389990234375
-0.394775390625
-0.42109375
-0.409130859375
-0.401953125
-0.3828125
-0.3828125
-0.389990234375
-0.33017578125
-0.34453125
-0.418701171875
-0.404345703125
-0.380419921875
-0.363671875
-0.3828125
-0.361279296875
-0.3541015625
-0.3732421875
-0.375634765625
-0.37802734375
-0.399560546875
-0.428271484375
-0.423486328125
-0.423486328125
-0.401953125
-0.409130859375
-0.38759765625
-0.423486328125
-0.42587890625
-0.43544921875
-0.466552734375
-0.478515625
-0.6125
-0.418701171875
-0.346923828125
-0.5072265625
-0.495263671875
-0.523974609375
-0.478515625
-0.5359375
-0.52158203125
-0.478515625
-0.471337890625
-0.45458984375
-0.418701171875
-0.413916015625
-0.3923828125
-0.423486328125
-0.404345703125
-0.385205078125
-0.38759765625
-0.466552734375
-0.428271484375
-0.366064453125
-0.31103515625
-0.28232421875
-0.313427734375
-0.313427734375
-0.325390625
-0.322998046875
-0.27275390625
-0.270361328125
-0.2009765625
-0.150732421875
-0.141162109375
-0.05263671875
0.0287109375
0.09091796875
0.150732421875
0.1626953125
0.241650390625
0.275146484375
0.380419921875
0.428271484375
0.4880859375
0.52158203125
0.57421875
0.619677734375
0.614892578125
0.6890625
0.748876953125
0.83740234375
0.882861328125
0.91875
0.9474609375
0.98095703125
1.0431640625
1.07905273438
1.1388671875
1.17236328125
1.20825195312
1.2154296875
1.17954101563
1.17236328125
1.19389648438
1.25849609375
1.2345703125
1.25131835938
1.28002929688
1.2537109375
1.28959960938
1.282421875
1.28481445313
1.31831054688
1.2728515625
1.30395507812
1.44033203125
1.37573242188
1.21303710938
1.18432617188
1.02163085938
1.0240234375
1.03598632813
1.03359375
1.0431640625
0.935498046875
0.873291015625
0.8134765625
0.763232421875
0.720166015625
0.68427734375
0.653173828125
0.724951171875
0.500048828125
0.38759765625
0.361279296875
0.33974609375
0.270361328125
0.198583984375
0.19619140625
0.172265625
0.093310546875
0.11484375
0.093310546875
0.083740234375
0.0
-0.01435546875
-0.021533203125
-0.040673828125
-0.057421875
-0.07177734375
-0.13876953125
-0.179443359375
-0.287109375
-0.13876953125
-0.212939453125
-0.222509765625
-0.246435546875
-0.32060546875
-0.342138671875
-0.327783203125
-0.327783203125
-0.332568359375
-0.308642578125
-0.2966796875
-0.275146484375
-0.287109375
-0.346923828125
-0.34453125
-0.32060546875
-0.33017578125
-0.34931640625
-0.36845703125
-0.3828125
-0.37802734375
-0.351708984375
-0.337353515625
-0.35888671875
-0.33974609375
-0.399560546875
-0.380419921875
-0.42587890625
-0.389990234375
-0.370849609375
-0.447412109375
-0.4689453125
-0.47373046875
-0.447412109375
-0.528759765625
-0.552685546875
-0.4880859375
-0.4498046875
-0.495263671875
-0.555078125
-0.519189453125
-0.55029296875
-0.55986328125
-0.56943359375
-0.519189453125
-0.55029296875
-0.504833984375
-0.480908203125
-0.53115234375
-0.56943359375
-0.6029296875
-0.61728515625
-0.605322265625
-0.634033203125
-0.60771484375
-0.571826171875
-0.581396484375
-0.57900390625
-0.56943359375
-0.571826171875
-0.5263671875
-0.516796875
-0.514404296875
-0.51201171875
-0.5263671875
-0.50244140625
-0.48330078125
-0.49287109375
-0.440234375
-0.38759765625
-0.3828125
-0.351708984375
-0.337353515625
-0.327783203125
-0.284716796875
-0.275146484375
-0.232080078125
-0.217724609375
-0.2775390625
-0.248828125
-0.198583984375
-0.208154296875
-0.189013671875
-0.18662109375
-0.208154296875
-0.21533203125
-0.20576171875
-0.2296875
-0.22490234375
-0.25361328125
-0.248828125
-0.260791015625
-0.299072265625
-0.361279296875
-0.3541015625
-0.39716796875
-0.44501953125
-0.5455078125
-0.547900390625
-0.5837890625
-0.691455078125
-0.705810546875
-0.638818359375
-0.830224609375
-0.784765625
-0.959423828125
-0.964208984375
-1.05991210938
-1.09580078125
-1.13647460938
-1.18193359375
-1.11254882812
-1.29916992188
-1.29438476563
-1.27524414063
-1.26088867188
-1.20346679688
-1.16040039062
-1.08383789063
-1.071875
-0.997705078125
-0.9953125
-0.92353515625
-0.906787109375
-0.835009765625
-0.63642578125
-0.54072265625
-0.500048828125
-0.41630859375
-0.299072265625
-0.246435546875
-0.2392578125
0.11484375
0.24404296875
0.29189453125
0.2583984375
0.2392578125
0.2009765625
0.19140625
0.10048828125
0.093310546875
0.069384765625
0.05263671875
0.088525390625
0.064599609375
0.057421875
0.1052734375
0.16748046875
0.227294921875
0.248828125
0.35888671875
0.490478515625
0.504833984375
0.509619140625
0.5072265625
0.56943359375
0.62685546875
0.586181640625
0.5837890625
0.593359375
0.543115234375
0.5359375
0.48330078125
0.459375
0.389990234375
0.34931640625
0.270361328125
0.2296875
0.169873046875
0.189013671875
0.1818359375
0.169873046875
0.210546875
0.184228515625
0.222509765625
0.22490234375
0.284716796875
0.241650390625
0.337353515625
0.375634765625
0.456982421875
0.495263671875
0.516796875
0.466552734375
0.744091796875
0.724951171875
0.791943359375
0.90439453125
0.77041015625
0.92353515625
0.9857421875
1.03359375
1.05034179688
1.091015625
1.0623046875
1.03837890625
1.01923828125
0.92353515625
0.777587890625
0.734521484375
0.66513671875
0.715380859375
0.720166015625
0.701025390625
0.76083984375
0.744091796875
0.691455078125
0.63642578125
0.57421875
0.571826171875
0.57421875
0.5837890625
0.51201171875
0.41630859375
0.385205078125
0.366064453125
0.389990234375
0.31103515625
0.172265625
0.3541015625
0.2583984375
0.208154296875
0.232080078125
0.21533203125
0.184228515625
0.208154296875
0.174658203125
0.2296875
0.198583984375
0.17705078125
0.16748046875
0.16748046875
0.208154296875
0.153125
0.117236328125
0.12919921875
0.11484375
0.074169921875
0.0669921875
0.03349609375
-0.035888671875
0.03349609375
0.035888671875
0.021533203125
-0.069384765625
-0.1052734375
-0.117236328125
-0.131591796875
-0.141162109375
-0.203369140625
-0.2009765625
-0.251220703125
-0.28232421875
