-0.557470703125
-0.562255859375
-0.538330078125
-0.514404296875
-0.423486328125
-0.337353515625
-0.32060546875
-0.31103515625
-0.251220703125
-0.212939453125
-0.16748046875
-0.11962890625
-0.095703125
-0.10048828125
-0.093310546875
-0.0669921875
-0.011962890625
-0.00478515625
0.0095703125
0.00478515625
0.150732421875
-0.059814453125
-0.031103515625
-0.0095703125
-0.00478515625
-0.026318359375
-0.035888671875
-0.12919921875
-0.131591796875
-0.299072265625
-0.019140625
-0.133984375
-0.11005859375
-0.11484375
-0.098095703125
-0.069384765625
-0.069384765625
-0.059814453125
-0.021533203125
-0.007177734375
0.03349609375
0.05263671875
0.08134765625
0.1435546875
0.189013671875
0.217724609375
0.265576171875
0.270361328125
0.325390625
0.3349609375
0.39716796875
0.39716796875
0.41630859375
0.36845703125
0.342138671875
0.375634765625
0.363671875
0.337353515625
0.327783203125
0.346923828125
0.35888671875
0.351708984375
0.342138671875
0.361279296875
0.399560546875
0.37802734375
0.35888671875
0.385205078125
0.385205078125
0.4306640625
0.4498046875
0.452197265625
0.442626953125
0.533544921875
0.5072265625
0.49765625
0.49765625
0.53115234375
0.5455078125
0.557470703125
0.6029296875
0.60771484375
0.59814453125
0.614892578125
0.600537109375
0.667529296875
0.65556640625
0.76083984375
0.734521484375
0.72734375
0.734521484375
0.753662109375
0.7943359375
0.825439453125
0.858935546875
0.878076171875
0.86611328125
0.863720703125
0.87568359375
0.9091796875
0.90439453125
0.772802734375
0.94267578125
0.9666015625
0.988134765625
0.99052734375
1.071875
1.1005859375
1.07426757813
1.06948242188
1.10776367188
1.13168945313
1.14125976563
1.18432617188
1.18432617188
1.12690429688
1.05512695313
1.08862304688
1.1005859375
1.00249023438
1.0048828125
1.03837890625
1.02641601563
0.988134765625
1.00249023438
1.01206054688
0.96181640625
0.94267578125
0.878076171875
0.8708984375
0.887646484375
0.8708984375
0.844580078125
0.86611328125
0.89482421875
0.8421875
0.784765625
0.648388671875
0.6220703125
0.61728515625
0.614892578125
0.6412109375
0.63642578125
0.58857421875
0.5455078125
0.516796875
0.509619140625
0.509619140625
0.495263671875
0.49287109375
0.471337890625
0.48330078125
0.440234375
0.401953125
0.3923828125
0.3828125
0.34931640625
0.34453125
0.287109375
0.279931640625
0.26318359375
0.2201171875
0.131591796875
0.12919921875
0.088525390625
0.074169921875
0.045458984375
0.0287109375
0.00478515625
-0.102880859375
-0.126806640625
-0.126806640625
-0.145947265625
-0.18662109375
-0.2201171875
-0.236865234375
-0.30625
-0.3158203125
-0.459375
-0.325390625
-0.34931640625
-0.370849609375
-0.38759765625
-0.41630859375
-0.413916015625
-0.42109375
-0.442626953125
-0.471337890625
-0.47373046875
-0.485693359375
-0.528759765625
-0.53115234375
-0.49287109375
-0.509619140625
-0.54072265625
-0.528759765625
-0.476123046875
-0.514404296875
-0.5263671875
-0.49287109375
-0.485693359375
-0.56943359375
-0.5646484375
-0.5263671875
-0.538330078125
-0.514404296875
-0.514404296875
-0.552685546875
-0.55029296875
-0.547900390625
-0.5263671875
-0.57900390625
-0.53115234375
-0.5359375
-0.5455078125
-0.68427734375
-0.5359375
-0.571826171875
-0.543115234375
-0.555078125
-0.610107421875
-0.57900390625
-0.643603515625
-0.744091796875
-0.5837890625
-0.56943359375
-0.643603515625
-0.653173828125
-0.624462890625
-0.64599609375
-0.643603515625
-0.667529296875
-0.7369140625
-0.7560546875
-0.734521484375
-0.729736328125
-0.691455078125
-0.653173828125
-0.669921875
-0.638818359375
-0.657958984375
-0.614892578125
-0.60771484375
-0.581396484375
-0.476123046875
-0.42587890625
-0.459375
-0.60771484375
-0.433056640625
-0.442626953125
-0.413916015625
-0.433056640625
-0.342138671875
-0.208154296875
-0.30625
-0.447412109375
-0.4306640625
-0.401953125
-0.399560546875
-0.389990234375
-0.409130859375
-0.35888671875
-0.36845703125
-0.332568359375
-0.23447265625
-0.2392578125
-0.15791015625
-0.1244140625
-0.098095703125
-0.0861328125
-0.07177734375
-0.0765625
-0.11484375
-0.14833984375
-0.172265625
-0.13876953125
-0.11005859375
-0.078955078125
-0.074169921875
-0.0861328125
-0.045458984375
-0.150732421875
-0.145947265625
-0.15791015625
-0.24404296875
-0.265576171875
-0.313427734375
-0.35888671875
-0.3923828125
-0.44501953125
-0.485693359375
-0.586181640625
-0.677099609375
-0.619677734375
-0.82783203125
-0.916357421875
-0.930712890625
-0.897216796875
-0.9474609375
-0.863720703125
-0.5359375
-1.28959960938
-1.22021484375
-0.753662109375
-0.59814453125
-0.42109375
-0.25361328125
-0.045458984375
0.1435546875
0.179443359375
0.21533203125
0.2392578125
0.265576171875
0.37802734375
0.375634765625
0.56943359375
0.76083984375
0.184228515625
0.7369140625
0.356494140625
0.203369140625
0.21533203125
0.102880859375
-0.26318359375
0.356494140625
-0.380419921875
-0.3349609375
-0.2583984375
-0.00478515625
-0.222509765625
-0.485693359375
-0.485693359375
-0.528759765625
-0.131591796875
-0.590966796875
-0.399560546875
-0.52158203125
-0.791943359375
-0.634033203125
-0.669921875
-0.677099609375
-1.02163085938
-0.72734375
-1.25131835938
-1.21782226563
-1.21303710938
-1.16279296875
-1.11015625
-1.32548828125
-1.4259765625
-1.41162109375
-1.37573242188
-1.50732421875
-1.54321289063
-1.44272460938
-1.4642578125
-1.49536132812
-1.49775390625
-1.4546875
-1.40922851563
-1.4451171875
-1.47861328125
-1.61020507813
-1.59345703125
-1.48100585938
-1.4546875
-1.41162109375
-1.44750976562
-1.41401367188
-1.41162109375
-1.4451171875
-1.397265625
-1.39487304688
-1.3876953125
-1.38291015625
-1.36616210938
-1.36137695313
-1.378125
-1.358984375
-1.3302734375
-1.37573242188
-1.39487304688
-1.41401367188
-1.37333984375
-1.33984375
-1.2728515625
-1.27524414063
-1.28720703125
-1.320703125
-1.31591796875
-1.282421875
-1.30634765625
-1.34223632813
-1.32309570313
-1.32788085938
-1.32548828125
-1.33505859375
-1.29438476563
-1.3111328125
-1.29916992188
-1.28481445313
-1.27524414063
-1.25610351562
-1.244140625
-1.23935546875
-1.225
-1.16040039062
-1.16997070313
-1.16997070313
-1.14365234375
-1.10776367188
-1.02641601563
-0.97138671875
-0.94267578125
-0.873291015625
-0.849365234375
-0.86611328125
-0.8517578125
-0.77041015625
-0.734521484375
-0.631640625
-0.418701171875
-0.37802734375
-0.413916015625
-0.433056640625
-0.423486328125
-0.442626953125
-0.442626953125
-0.342138671875
-0.308642578125
-0.210546875
-0.222509765625
-0.19140625
-0.160302734375
-0.141162109375
-0.11962890625
-0.102880859375
-0.03349609375
-0.021533203125
-0.0095703125
0.035888671875
0.064599609375
0.126806640625
0.184228515625
0.208154296875
0.227294921875
0.22490234375
0.27275390625
0.256005859375
0.26318359375
0.26796875
0.303857421875
0.437841796875
0.251220703125
0.24404296875
0.251220703125
0.29189453125
0.385205078125
0.43544921875
0.32060546875
0.478515625
0.332568359375
0.523974609375
0.552685546875
0.65078125
0.701025390625
0.672314453125
0.600537109375
0.57421875
0.586181640625
0.581396484375
0.57421875
0.5646484375
0.5359375
0.571826171875
0.648388671875
0.696240234375
0.65078125
0.593359375
0.54072265625
0.49287109375
0.47373046875
0.500048828125
0.54072265625
0.533544921875
0.50244140625
0.471337890625
0.480908203125
0.45458984375
0.428271484375
0.418701171875
0.389990234375
0.299072265625
0.2392578125
0.2392578125
0.174658203125
0.11484375
0.093310546875
0.08134765625
0.074169921875
