0.82783203125
0.83740234375
0.7943359375
0.791943359375
0.701025390625
0.6794921875
0.595751953125
0.619677734375
0.55029296875
0.442626953125
0.351708984375
0.265576171875
0.29189453125
0.031103515625
-0.026318359375
-0.057421875
-0.203369140625
-0.478515625
-0.55029296875
-0.54072265625
-0.648388671875
-0.746484375
-0.825439453125
-0.811083984375
-0.88046875
-0.861328125
-0.897216796875
-0.91875
-1.00009765625
-1.00727539063
-1.06708984375
-1.12211914063
-1.17475585938
-1.225
-1.2537109375
-1.26806640625
-1.24174804688
-1.378125
-1.435546875
-1.43793945313
-1.41879882813
-1.42358398438
-1.44990234375
-1.435546875
-1.50493164063
-1.52885742188
-1.49775390625
-1.46186523438
-1.473828125
-1.42119140625
-1.42358398438
-1.45229492188
-1.47622070313
-1.49296875
-1.45947265625
-1.45708007813
-1.47143554688
-1.45708007813
-1.48100585938
-1.49775390625
-1.45947265625
-1.44750976562
-1.42358398438
-1.358984375
-1.38291015625
-1.50971679688
-1.38530273438
-1.3302734375
-1.3302734375
-1.2728515625
-1.2345703125
-1.2728515625
-1.25610351562
-1.24653320313
-1.24174804688
-1.1962890625
-1.17475585938
-1.16040039062
-1.10776367188
-1.09580078125
-1.10776367188
-1.10776367188
-1.07905273438
-1.06948242188
-1.11733398438
-1.11254882812
-1.16997070313
-1.21782226563
-1.35659179688
-1.10297851563
-0.978564453125
-0.835009765625
-0.820654296875
-0.9474609375
-0.9666015625
-1.04555664063
-1.07666015625
-1.14604492188
-0.89482421875
-0.787158203125
-0.75126953125
-0.72255859375
-0.71298828125
-0.710595703125
-0.648388671875
-0.7369140625
-0.555078125
-0.50244140625
-0.4498046875
-0.43544921875
-0.342138671875
-0.3349609375
-0.4498046875
-0.28232421875
-0.279931640625
-0.131591796875
-0.057421875
-0.03349609375
-0.122021484375
0.031103515625
0.126806640625
0.14833984375
0.19619140625
0.241650390625
0.260791015625
0.31103515625
0.4306640625
0.48330078125
0.5646484375
0.72255859375
0.753662109375
0.899609375
1.01206054688
1.12211914063
1.18193359375
1.2537109375
1.38530273438
1.4833984375
1.65087890625
1.81118164063
1.93798828125
2.05043945313
2.1150390625
2.19877929688
2.239453125
2.25141601563
2.2490234375
2.28012695313
2.29448242188
2.2873046875
2.28491210938
2.33515625
2.34951171875
2.29448242188
2.31362304688
2.30405273438
2.28969726563
2.27534179688
2.28969726563
2.30405273438
2.31123046875
2.3830078125
2.42846679688
2.2681640625
2.25620117188
2.08154296875
2.06479492188
2.07436523438
2.06000976563
2.05522460938
2.06479492188
2.04326171875
2.06479492188
2.124609375
2.13178710938
2.201171875
2.27534179688
2.07197265625
2.00498046875
2.20356445313
2.24184570313
2.25620117188
2.31840820313
2.40454101562
2.3734375
2.34951171875
2.37822265625
2.4021484375
2.41889648438
2.39736328125
2.41411132813
2.43803710938
2.316015625
2.4787109375
2.45717773438
2.5169921875
2.48828125
2.507421875
2.58637695313
2.56723632813
2.56245117188
2.61748046875
2.6796875
2.71318359375
2.6892578125
2.7083984375
2.69404296875
2.737109375
2.75146484375
2.77299804688
2.77778320313
2.8423828125
2.83999023438
2.82802734375
2.84956054688
2.90219726563
2.82084960938
2.83999023438
2.83999023438
2.8615234375
2.8998046875
2.86870117188
2.89262695313
2.87348632813
2.909375
2.9572265625
2.9572265625
2.97158203125
3.01225585938
2.98354492188
2.95961914063
2.91655273438
2.9380859375
2.909375
2.78974609375
2.69165039062
2.545703125
2.52416992188
2.5265625
2.47631835938
2.28491210938
2.14375
2.0001953125
1.90688476563
1.92841796875
1.68676757813
1.6365234375
1.46186523438
1.378125
1.397265625
1.42836914063
1.43793945313
1.4546875
1.4642578125
1.50732421875
1.63413085938
1.71547851563
1.91645507813
2.05043945313
2.10546875
2.28491210938
2.35190429688
2.33754882813
2.61508789063
2.64379882812
2.73950195312
2.81606445313
2.97875976562
3.06010742188
3.21323242188
3.33764648438
3.43095703125
3.48837890625
3.53623046875
3.62475585938
3.67978515625
3.81616210938
3.79462890625
3.89033203125
3.71806640625
3.81137695313
3.98364257813
3.9333984375
3.87358398438
4.15590820313
4.12719726562
3.847265625
3.8185546875
3.74916992188
3.70610351563
3.67978515625
3.617578125
3.52666015625
3.31372070313
3.30415039063
3.10078125
3.12470703125
3.09838867188
3.0625
2.91416015625
3.09838867188
3.10317382813
3.08881835938
3.07924804688
2.9955078125
2.9955078125
2.98354492188
3.04575195313
3.0912109375
3.02661132812
2.99311523438
2.966796875
2.92612304688
3.00268554688
2.76103515625
2.66772460938
2.66772460938
2.71796875
2.80170898438
2.80649414063
2.813671875
2.85913085938
2.851953125
2.89262695313
2.89741210938
2.89741210938
2.88544921875
2.87587890625
2.88784179688
2.86870117188
2.72514648438
2.80888671875
2.90219726563
2.6701171875
2.73232421875
2.75385742188
2.775390625
2.87827148438
2.92612304688
2.86630859375
2.90698242188
3.119921875
3.14384765625
3.20844726563
3.36157226563
3.42377929688
3.42138671875
3.63671875
3.7611328125
3.83291015625
3.88076171875
3.923828125
3.8951171875
4.17504882812
4.21333007813
4.2109375
4.23486328125
4.23247070313
4.24204101563
4.24443359375
4.2013671875
4.17983398438
4.14633789063
4.0578125
4.01474609375
3.93579101563
3.93100585938
3.85444335938
3.80180664063
3.76831054688
3.72763671875
3.6845703125
3.58168945313
3.51469726563
3.48598632813
3.43095703125
3.42856445313
3.48598632813
3.32329101563
3.3017578125
3.30893554688
3.27543945313
3.28022460938
3.26108398438
3.2921875
3.26826171875
3.2634765625
3.32807617188
3.349609375
3.39985351563
3.49077148438
3.41420898438
3.62954101563
3.58168945313
3.60322265625
3.67260742188
3.655859375
3.63911132813
3.7611328125
3.79462890625
3.79702148438
3.96689453125
3.76831054688
3.694140625
3.8759765625
3.89272460938
3.60561523438
3.50512695313
3.67978515625
3.62236328125
3.60083007813
3.62475585938
3.56254882813
3.51708984375
3.39506835938
3.39028320313
3.39506835938
3.39985351563
3.4166015625
3.40224609375
3.38071289063
3.40463867188
3.32807617188
3.27543945313
3.30654296875
3.3400390625
3.34482421875
3.37592773438
3.42377929688
3.45727539063
3.4740234375
3.51948242188
3.52905273438
3.60561523438
3.64389648438
3.5984375
3.81137695313
3.87358398438
3.97885742188
4.01235351563
4.04584960938
4.076953125
4.134375
4.2013671875
4.22529296875
4.2779296875
4.33295898438
4.36884765625
4.40473632813
4.39995117188
4.29946289063
4.47651367188
4.54111328125
4.5267578125
4.53154296875
4.51479492188
4.5650390625
4.74448242188
4.612890625
4.67509765625
4.68466796875
4.65595703125
4.62485351563
4.574609375
4.52915039063
4.55307617188
4.55786132812
4.55307617188
4.55307617188
4.56025390625
4.52915039063
4.48369140625
4.43583984375
4.35209960938
4.35927734375
4.32099609375
4.23725585938
4.2013671875
4.191796875
4.15830078125
4.09848632813
4.02670898438
3.96689453125
3.89750976563
3.83051757813
3.67978515625
3.58168945313
3.56015625
3.44291992188
3.24672851563
3.20844726563
2.92373046875
2.8998046875
2.76342773438
2.63662109375
2.53374023438
2.48828125
2.3830078125
2.2873046875
2.19399414063
