-1.62934570313
-1.45947265625
-1.4546875
-1.4068359375
-1.31352539063
-1.26088867188
-1.378125
-1.12211914063
-0.945068359375
-0.782373046875
-0.811083984375
-0.53115234375
-0.58857421875
-0.37802734375
-0.36845703125
-0.299072265625
-0.294287109375
-0.29189453125
-0.3158203125
-0.30146484375
-0.25361328125
-0.294287109375
-0.322998046875
-0.299072265625
-0.28232421875
-0.236865234375
-0.198583984375
-0.30625
-0.15791015625
-0.15791015625
-0.13876953125
-0.1052734375
-0.01435546875
-0.031103515625
-0.031103515625
-0.05263671875
-0.0669921875
-0.01435546875
-0.172265625
-0.1626953125
-0.18662109375
-0.184228515625
-0.260791015625
-0.2392578125
-0.15791015625
-0.322998046875
-0.351708984375
-0.375634765625
-0.389990234375
-0.4115234375
-0.437841796875
-0.459375
-0.4498046875
-0.3732421875
-0.590966796875
-0.47373046875
-0.677099609375
-0.691455078125
-0.67470703125
-0.734521484375
-0.7177734375
-0.768017578125
-0.823046875
-0.8900390625
-0.91875
-0.80869140625
-1.00966796875
-1.09580078125
-1.17954101563
-1.23696289063
-1.26567382813
-1.44272460938
-1.47143554688
-1.41401367188
-1.626953125
-1.67958984375
-1.74418945313
-1.81357421875
-1.84467773438
-1.7705078125
-1.8279296875
-1.92124023438
-1.99541015625
-1.97387695313
-1.94995117188
-1.97866210938
-2.0001953125
-2.14135742188
-2.0001953125
-1.84467773438
-2.01455078125
-2.009765625
-1.9427734375
-1.94755859375
-1.94755859375
-1.94755859375
-1.9427734375
-1.87578125
-1.8853515625
-1.87099609375
-1.8279296875
-1.81357421875
-1.74897460938
-1.703515625
-1.62934570313
-1.588671875
-1.54799804688
-1.49775390625
-1.41640625
-1.37333984375
-1.37094726563
-1.25610351562
-1.18911132813
-1.15083007813
-1.06948242188
-1.03598632813
-0.95224609375
-0.84697265625
-0.78955078125
-0.734521484375
-0.677099609375
-0.638818359375
-0.605322265625
-0.543115234375
-0.55986328125
-0.49765625
-0.500048828125
-0.49765625
-0.4880859375
-0.495263671875
-0.49287109375
-0.4880859375
-0.47373046875
-0.4689453125
-0.442626953125
-0.461767578125
-0.48330078125
-0.555078125
-0.555078125
-0.571826171875
-0.571826171875
-0.6125
-0.624462890625
-0.67470703125
-0.669921875
-0.71298828125
-0.71298828125
-0.715380859375
-0.739306640625
-0.7369140625
-0.72255859375
-0.61728515625
-0.76083984375
-0.753662109375
-0.73212890625
-0.715380859375
-0.720166015625
-0.7560546875
-0.73212890625
-0.634033203125
-0.648388671875
-0.586181640625
-0.571826171875
-0.576611328125
-0.533544921875
-0.433056640625
-0.409130859375
-0.3541015625
-0.313427734375
-0.27275390625
-0.27275390625
-0.208154296875
-0.155517578125
-0.117236328125
-0.03828125
-0.0287109375
0.00478515625
0.0478515625
0.055029296875
0.093310546875
0.12919921875
0.193798828125
0.236865234375
0.246435546875
0.30625
0.325390625
0.17705078125
0.394775390625
0.4306640625
0.3923828125
0.442626953125
0.471337890625
0.478515625
0.500048828125
0.47373046875
0.495263671875
0.519189453125
0.509619140625
0.519189453125
0.528759765625
0.5455078125
0.478515625
0.418701171875
0.476123046875
0.47373046875
0.447412109375
0.4498046875
0.46416015625
0.44501953125
0.440234375
0.37802734375
0.361279296875
0.318212890625
0.289501953125
0.248828125
0.22490234375
0.203369140625
0.189013671875
0.12919921875
0.05263671875
0.02392578125
0.016748046875
-0.035888671875
-0.059814453125
-0.055029296875
-0.10048828125
-0.059814453125
-0.059814453125
-0.026318359375
-0.00478515625
-0.016748046875
-0.06220703125
-0.040673828125
-0.093310546875
-0.03828125
0.098095703125
0.265576171875
-0.0095703125
-0.265576171875
-0.23447265625
-0.0861328125
0.03828125
0.074169921875
0.150732421875
-0.050244140625
-0.0861328125
-0.14833984375
-0.15791015625
-0.14833984375
-0.1818359375
-0.212939453125
-0.212939453125
-0.26318359375
-0.363671875
-0.33974609375
-0.490478515625
-0.5263671875
-0.58857421875
-0.476123046875
-0.6603515625
-0.7177734375
-0.696240234375
-0.71298828125
-0.796728515625
-0.82783203125
-0.897216796875
-0.93310546875
-0.959423828125
-0.954638671875
-0.94267578125
-1.03120117188
-1.03359375
-1.00966796875
-1.05512695313
-1.05991210938
-1.07905273438
-1.08623046875
-1.10537109375
-1.1005859375
-1.09819335938
-1.11494140625
-1.11494140625
-1.10776367188
-1.10297851563
-1.04555664063
-0.82783203125
-0.997705078125
-1.30395507812
-1.32309570313
-1.25849609375
-1.27524414063
-1.3111328125
-1.25610351562
-1.21303710938
-1.22739257813
-1.225
-1.28481445313
-1.3015625
-1.33745117188
-1.32309570313
-1.28959960938
-1.2919921875
-1.30874023438
-1.30634765625
-1.320703125
-1.30874023438
-1.2919921875
-1.27524414063
-1.28481445313
-1.2919921875
-1.22978515625
-1.25131835938
-1.23935546875
-1.24892578125
-1.282421875
-1.29916992188
-1.28720703125
-1.25849609375
-1.23217773438
-1.25131835938
-1.2345703125
-1.18911132813
-1.1580078125
-1.1388671875
-1.09819335938
-1.06948242188
-1.01206054688
-1.01206054688
-0.96181640625
-0.935498046875
-0.93310546875
-0.89482421875
-0.873291015625
-0.80390625
-0.765625
-0.765625
-0.753662109375
-0.763232421875
-0.70341796875
-0.69384765625
-0.753662109375
-0.61728515625
-0.56943359375
-0.5359375
-0.50244140625
-0.528759765625
-0.456982421875
-0.461767578125
-0.399560546875
-0.380419921875
-0.3349609375
-0.251220703125
-0.251220703125
-0.256005859375
-0.210546875
-0.287109375
-0.308642578125
-0.361279296875
-0.459375
-0.504833984375
-0.600537109375
-0.763232421875
-0.887646484375
-0.83740234375
-0.82783203125
-1.09819335938
-1.13168945313
-1.15322265625
-1.0814453125
-0.949853515625
-0.992919921875
-0.964208984375
-0.724951171875
-0.729736328125
-0.643603515625
-0.600537109375
-0.555078125
-0.5263671875
-0.56943359375
-0.478515625
-0.4115234375
-0.3732421875
-0.337353515625
-0.303857421875
-0.1818359375
-0.1052734375
-0.069384765625
-0.064599609375
-0.019140625
-0.12919921875
0.11484375
0.19140625
0.227294921875
0.236865234375
0.174658203125
0.322998046875
0.456982421875
0.2775390625
0.294287109375
0.26796875
0.2775390625
0.160302734375
0.346923828125
0.356494140625
0.33974609375
0.28232421875
0.208154296875
0.2009765625
0.299072265625
0.141162109375
0.117236328125
0.03349609375
0.05263671875
0.14833984375
-0.059814453125
-0.0765625
-0.093310546875
-0.13876953125
-0.16748046875
-0.21533203125
-0.2009765625
-0.241650390625
-0.232080078125
-0.208154296875
-0.22490234375
-0.232080078125
-0.222509765625
-0.22490234375
-0.246435546875
-0.24404296875
-0.21533203125
-0.232080078125
-0.222509765625
-0.24404296875
-0.2775390625
-0.289501953125
-0.284716796875
-0.31103515625
-0.270361328125
-0.294287109375
-0.303857421875
-0.3158203125
-0.3349609375
-0.327783203125
-0.337353515625
-0.366064453125
-0.37802734375
-0.33017578125
-0.33974609375
-0.322998046875
-0.325390625
-0.270361328125
-0.23447265625
-0.256005859375
-0.38759765625
-0.6029296875
-0.538330078125
-0.440234375
-0.363671875
-0.3541015625
-0.3541015625
-0.260791015625
-0.174658203125
-0.169873046875
-0.25361328125
-0.485693359375
-0.538330078125
-0.5263671875
-0.265576171875
-0.303857421875
-0.172265625
-0.179443359375
-0.155517578125
-0.1818359375
-0.1818359375
-0.165087890625
-0.136376953125
-0.0669921875
-0.019140625
-0.01435546875
0.0287109375
0.1244140625
0.169873046875
0.208154296875
0.25361328125
0.24404296875
0.452197265625
0.332568359375
0.442626953125
0.325390625
0.325390625
0.287109375
0.203369140625
0.236865234375
0.279931640625
0.174658203125
0.11005859375
0.0861328125
0.040673828125
-0.02392578125
