2.3830078125
2.19877929688
2.0958984375
1.933203125
1.74897460938
1.70590820313
1.64848632813
1.67719726563
1.43793945313
1.25610351562
1.19389648438
1.19868164063
1.0240234375
0.930712890625
1.03598632813
0.691455078125
0.72734375
0.81826171875
0.669921875
0.686669921875
0.653173828125
0.6029296875
0.5455078125
0.523974609375
0.562255859375
0.547900390625
0.466552734375
0.42587890625
0.3158203125
0.45458984375
0.4306640625
0.363671875
0.351708984375
0.3349609375
0.32060546875
0.26318359375
0.1818359375
0.1052734375
0.031103515625
-0.0287109375
-0.050244140625
-0.007177734375
-0.1818359375
-0.208154296875
-0.172265625
-0.19140625
-0.203369140625
-0.217724609375
-0.2201171875
-0.232080078125
-0.232080078125
-0.222509765625
-0.256005859375
-0.270361328125
-0.222509765625
-0.222509765625
-0.279931640625
-0.26318359375
-0.270361328125
-0.361279296875
-0.313427734375
-0.476123046875
-0.509619140625
-0.528759765625
-0.6603515625
-0.648388671875
-0.66513671875
-0.672314453125
-0.734521484375
-0.75126953125
-0.796728515625
-0.83740234375
-0.86611328125
-0.844580078125
-0.835009765625
-0.873291015625
-0.772802734375
-0.96181640625
-0.7751953125
-0.959423828125
-1.014453125
-0.9953125
-1.04555664063
-1.06469726562
-1.14604492188
-1.07666015625
-1.35659179688
-1.4259765625
-1.47622070313
-1.96669921875
-2.02172851562
-2.10068359375
-2.03129882813
-2.28251953125
-2.29208984375
-2.32080078125
-2.39736328125
-2.43564453125
-2.45478515625
-2.45478515625
-2.47153320313
-2.52895507813
-2.47631835938
-2.46196289063
-2.44760742188
-2.42846679688
-2.45239257812
-2.59116210938
-2.39018554688
-2.31840820313
-2.2873046875
-2.25859375
-2.25620117188
-2.21552734375
-2.20356445313
-2.20834960938
-2.23706054688
-2.2203125
-2.20834960938
-2.2490234375
-2.24423828125
-2.27294921875
-2.38061523438
-2.38779296875
-2.430859375
-2.4404296875
-2.4595703125
-2.5265625
-2.4978515625
-2.56484375
-2.57680664063
-2.53852539063
-2.5744140625
-2.58876953125
-2.53374023438
-2.469140625
-2.469140625
-2.42607421875
-2.4021484375
-2.39497070313
-2.35668945312
-2.3734375
-2.36625976563
-2.32319335938
-2.31840820313
-2.36625976563
-2.38061523438
-2.39018554688
-2.32797851563
-2.30405273438
-2.32080078125
-2.3638671875
-2.3638671875
-2.35908203125
-2.33037109375
-2.42368164063
-2.32080078125
-2.354296875
-2.3064453125
-2.31840820313
-2.27294921875
-2.33994140625
-2.22270507813
-2.2203125
-2.239453125
-2.22749023438
-2.22270507813
-2.18203125
-2.1916015625
-2.23706054688
-2.22509765625
-2.17963867188
-2.19877929688
-2.18920898438
-2.19399414063
-2.15571289063
-2.17006835938
-2.18442382813
-2.19638671875
-2.2298828125
-2.239453125
-2.24184570313
-2.14614257813
-2.31840820313
-2.43803710938
-2.4404296875
-2.51938476563
-2.51938476563
-2.45239257812
-2.622265625
-2.58876953125
-2.63662109375
-2.6318359375
-2.660546875
-2.70122070313
-2.61748046875
-2.66293945313
-2.69643554688
-2.71796875
-2.68447265625
-2.6701171875
-2.71079101563
-2.6509765625
-2.60073242188
-2.52895507813
-2.50981445313
-2.430859375
-2.3734375
-2.18920898438
-2.12221679688
-2.06958007812
-2.124609375
-1.85424804688
-1.7130859375
-1.62216796875
-1.55756835938
-1.49536132812
-1.41879882813
-1.14604492188
-1.13647460938
-1.16518554688
-1.05512695313
-0.97138671875
-0.91875
-0.997705078125
-1.03120117188
-0.925927734375
-0.791943359375
-0.844580078125
-0.82783203125
-0.78955078125
-0.66513671875
-0.638818359375
-0.49765625
-0.437841796875
-0.4115234375
-0.394775390625
-0.284716796875
-0.337353515625
-0.30146484375
-0.074169921875
-0.14833984375
0.031103515625
0.1435546875
0.299072265625
0.31103515625
0.4880859375
0.47373046875
0.701025390625
0.839794921875
0.78955078125
0.959423828125
0.98095703125
1.00249023438
0.978564453125
1.03837890625
1.00966796875
0.86611328125
0.85654296875
0.784765625
0.7751953125
0.784765625
0.72734375
0.696240234375
0.624462890625
0.619677734375
0.5455078125
0.528759765625
0.595751953125
0.538330078125
0.581396484375
0.5072265625
0.523974609375
0.595751953125
0.523974609375
0.557470703125
0.50244140625
0.471337890625
0.49287109375
0.461767578125
0.466552734375
0.447412109375
0.47373046875
0.47373046875
0.308642578125
0.423486328125
0.42109375
0.41630859375
0.385205078125
0.36845703125
0.36845703125
0.332568359375
0.322998046875
0.313427734375
0.2775390625
0.33974609375
0.308642578125
0.332568359375
0.172265625
0.363671875
0.385205078125
0.394775390625
0.3923828125
0.30625
0.44501953125
0.459375
0.461767578125
0.490478515625
0.459375
0.54072265625
0.5072265625
0.5359375
0.48330078125
0.55029296875
0.593359375
0.576611328125
0.55986328125
0.571826171875
0.5646484375
0.5837890625
0.763232421875
0.624462890625
0.64599609375
0.6986328125
0.653173828125
0.68427734375
0.681884765625
0.614892578125
0.610107421875
0.555078125
0.555078125
0.5263671875
0.51201171875
0.523974609375
0.5646484375
0.557470703125
0.49765625
0.490478515625
0.5263671875
0.5072265625
0.459375
0.595751953125
0.452197265625
0.308642578125
0.43544921875
0.605322265625
0.490478515625
0.456982421875
0.490478515625
0.4689453125
0.52158203125
0.516796875
0.53115234375
0.590966796875
0.56943359375
0.581396484375
0.53115234375
0.57900390625
0.555078125
0.538330078125
0.57900390625
0.547900390625
0.461767578125
0.614892578125
0.64599609375
0.6603515625
0.672314453125
0.634033203125
0.63642578125
0.643603515625
0.705810546875
0.681884765625
0.686669921875
0.677099609375
0.677099609375
0.720166015625
0.6986328125
0.696240234375
0.614892578125
0.557470703125
0.51201171875
0.4689453125
0.423486328125
0.40673828125
0.40673828125
0.394775390625
0.385205078125
0.33974609375
0.30146484375
0.456982421875
0.27275390625
0.246435546875
0.232080078125
0.24404296875
0.15791015625
0.1626953125
0.133984375
0.13876953125
0.126806640625
0.0861328125
0.040673828125
0.021533203125
0.01435546875
0.126806640625
-0.045458984375
-0.095703125
-0.11962890625
-0.1244140625
-0.1435546875
-0.2009765625
-0.16748046875
-0.172265625
-0.222509765625
-0.26318359375
-0.284716796875
-0.160302734375
-0.28232421875
-0.29189453125
-0.26318359375
-0.270361328125
-0.29189453125
-0.284716796875
-0.327783203125
-0.33974609375
-0.332568359375
-0.442626953125
-0.47373046875
-0.466552734375
-0.442626953125
-0.43544921875
-0.418701171875
-0.51201171875
-0.5359375
-0.590966796875
-0.63642578125
-0.708203125
-0.758447265625
-0.76083984375
-0.748876953125
-0.7560546875
-0.782373046875
-0.7177734375
-0.62685546875
-0.55986328125
-0.3828125
-0.10048828125
0.236865234375
0.45458984375
0.7177734375
0.861328125
0.7751953125
0.978564453125
1.04077148438
0.748876953125
1.03120117188
0.81826171875
0.724951171875
0.648388671875
0.41630859375
0.275146484375
-0.040673828125
-0.095703125
-0.078955078125
-0.098095703125
-0.016748046875
-0.2583984375
-0.2966796875
-0.356494140625
-0.452197265625
-0.562255859375
-0.701025390625
-0.724951171875
-0.82783203125
-0.91396484375
-1.03120117188
-1.14604492188
-1.27524414063
-1.41640625
-1.51450195313
-1.41162109375
-1.56235351563
-1.665234375
-1.49057617188
-1.51450195313
-1.27524414063
-1.08383789063
-1.02163085938
-0.873291015625
-0.6603515625
-0.58857421875
-0.389990234375
-0.088525390625
0.040673828125
0.184228515625
0.198583984375
0.1818359375
0.1435546875
0.1052734375
0.045458984375
-0.026318359375
