-0.322998046875
-0.401953125
-0.366064453125
-0.389990234375
-0.442626953125
-0.294287109375
-0.22490234375
-0.2392578125
-0.2583984375
-0.2392578125
-0.17705078125
-0.169873046875
-0.133984375
-0.179443359375
-0.165087890625
-0.145947265625
-0.11962890625
-0.1435546875
-0.06220703125
-0.095703125
-0.059814453125
-0.045458984375
-0.078955078125
-0.02392578125
0.026318359375
0.055029296875
0.040673828125
0.0861328125
0.040673828125
0.064599609375
0.040673828125
0.01435546875
0.035888671875
0.145947265625
0.031103515625
-0.016748046875
0.007177734375
0.133984375
-0.011962890625
0.00478515625
0.016748046875
-0.016748046875
-0.007177734375
0.04306640625
0.00478515625
0.045458984375
0.088525390625
0.107666015625
0.0765625
0.083740234375
-0.057421875
0.007177734375
0.102880859375
0.299072265625
0.078955078125
0.016748046875
0.03828125
0.069384765625
0.035888671875
0.035888671875
0.055029296875
0.040673828125
-0.01435546875
-0.002392578125
-0.016748046875
-0.133984375
-0.107666015625
-0.07177734375
-0.198583984375
-0.289501953125
-0.370849609375
-0.41630859375
-0.342138671875
-0.342138671875
-0.37802734375
-0.62685546875
-0.7369140625
-0.8517578125
-0.945068359375
-1.06948242188
-1.20346679688
-1.25610351562
-1.53125
-1.56474609375
-1.69155273438
-1.44750976562
-1.50014648438
-1.96430664063
-2.15092773438
-2.0384765625
-1.76572265625
-1.52885742188
-1.29438476563
-0.777587890625
-0.5837890625
-0.375634765625
-0.26796875
-0.208154296875
-0.131591796875
0.136376953125
0.21533203125
0.172265625
0.385205078125
0.418701171875
0.442626953125
0.375634765625
0.38759765625
0.38759765625
0.385205078125
0.22490234375
0.145947265625
0.069384765625
-0.074169921875
-0.03349609375
-0.2296875
-0.308642578125
-0.313427734375
-0.33974609375
-0.27275390625
-0.26796875
-0.287109375
-0.241650390625
-0.322998046875
-0.404345703125
-0.440234375
-0.58857421875
-0.562255859375
-0.504833984375
-0.516796875
-0.58857421875
-0.67470703125
-0.686669921875
-0.629248046875
-0.657958984375
-0.65078125
-0.715380859375
-0.80869140625
-0.78955078125
-0.815869140625
-0.87568359375
-0.9474609375
-0.9857421875
-1.07666015625
-1.15083007813
-1.15083007813
-1.18671875
-1.19150390625
-1.18671875
-1.1484375
-1.09340820313
-1.03359375
-0.95224609375
-0.815869140625
-0.768017578125
-0.624462890625
-0.504833984375
-0.42109375
-0.040673828125
-0.11005859375
0.059814453125
0.428271484375
0.476123046875
0.5646484375
0.763232421875
0.648388671875
0.61728515625
0.653173828125
0.634033203125
0.595751953125
0.555078125
0.538330078125
0.485693359375
0.500048828125
0.47373046875
0.471337890625
0.459375
0.6125
0.67470703125
0.746484375
0.9091796875
1.0048828125
1.014453125
1.12451171875
1.15561523438
1.47143554688
1.5791015625
1.6556640625
1.72744140625
1.83989257813
2.0001953125
2.11982421875
2.24663085938
2.36147460938
2.33037109375
2.46196289063
2.64858398438
2.75385742188
2.75625
2.82563476563
2.851953125
2.98833007813
3.02661132812
3.07924804688
3.09838867188
3.17734375
3.18930664063
3.23955078125
3.3017578125
3.36157226563
3.36635742188
3.35439453125
3.34482421875
3.40942382813
3.43095703125
3.48837890625
3.44291992188
3.51469726563
3.54340820313
3.54580078125
3.61518554688
3.68217773438
3.69653320313
3.75874023438
3.71567382813
3.75634765625
3.73720703125
3.75634765625
3.79702148438
3.74438476563
3.80180664063
3.67978515625
3.885546875
3.83530273438
3.89033203125
3.84965820313
3.80419921875
3.7611328125
3.89750976563
3.8759765625
3.88315429688
3.88315429688
3.88315429688
3.86162109375
3.90947265625
3.94296875
3.92861328125
3.88315429688
3.84008789063
3.88793945313
3.86162109375
3.83530273438
3.83051757813
3.88076171875
3.97646484375
3.77788085938
3.7611328125
3.73720703125
3.77788085938
3.82094726563
3.77788085938
3.81616210938
3.77788085938
3.76591796875
3.84965820313
3.7515625
3.76831054688
3.82333984375
3.97646484375
3.84008789063
3.91186523438
3.91904296875
3.962109375
4.08173828125
4.27553710938
4.23247070313
4.04584960938
4.30903320313
4.52436523438
4.5458984375
4.54111328125
4.53393554688
4.56743164063
4.58657226563
4.52197265625
4.56743164063
4.48369140625
4.36166992188
4.3640625
4.37841796875
4.40234375
4.40952148438
4.41669921875
4.42387695313
4.40952148438
4.48608398438
4.56982421875
4.42626953125
4.48608398438
4.3927734375
4.32338867188
4.32817382813
4.35688476563
4.42626953125
4.20375976563
4.1822265625
4.19658203125
4.153515625
4.14633789063
4.12241210938
4.20615234375
4.22529296875
4.21811523438
4.2109375
4.15830078125
4.17265625
4.10327148438
4.06259765625
4.08891601563
4.12958984375
3.91665039063
3.95493164063
3.89750976563
3.79702148438
3.72524414063
3.67978515625
3.59365234375
3.655859375
3.50034179688
3.42856445313
3.38310546875
3.32568359375
3.29697265625
3.35439453125
3.14145507813
3.0912109375
3.12470703125
3.05053710938
3.03139648438
2.966796875
2.9763671875
2.9189453125
2.87109375
2.7658203125
2.72036132813
2.64140625
2.51459960938
2.44521484375
2.36147460938
2.22509765625
2.28491210938
2.07197265625
2.00498046875
1.8853515625
1.81118164063
1.71069335938
1.60541992188
1.50493164063
1.45708007813
1.31831054688
1.2154296875
1.1771484375
1.13408203125
1.1388671875
1.0623046875
0.997705078125
1.01206054688
0.940283203125
0.97138671875
0.959423828125
0.8517578125
0.849365234375
0.897216796875
0.835009765625
0.772802734375
0.78955078125
0.7751953125
0.77998046875
0.787158203125
0.7369140625
0.710595703125
0.69384765625
0.657958984375
0.63642578125
0.6220703125
0.500048828125
0.413916015625
0.325390625
0.198583984375
0.04306640625
0.0287109375
-0.126806640625
-0.208154296875
-0.172265625
-0.28232421875
-0.361279296875
-0.370849609375
-0.4306640625
-0.363671875
-0.370849609375
-0.31103515625
-0.33974609375
-0.294287109375
-0.34453125
-0.287109375
-0.1626953125
-0.346923828125
-0.3732421875
-0.413916015625
-0.3158203125
-0.32060546875
-0.538330078125
-0.581396484375
-0.614892578125
-0.631640625
-0.6890625
-0.705810546875
-0.619677734375
-0.7751953125
-0.88046875
-0.911572265625
-0.945068359375
-1.00966796875
-1.0431640625
-1.2154296875
-1.20825195312
-1.1484375
-1.09819335938
-1.28002929688
-1.358984375
-1.43076171875
-1.46904296875
-1.53603515625
-1.51689453125
-1.65805664063
-1.67001953125
-1.70112304688
-1.79443359375
-1.82075195313
-1.91645507813
-1.98823242188
-2.04326171875
-2.01694335938
-2.03369140625
-2.07915039063
-2.07915039063
-2.02651367188
-1.856640625
-1.99541015625
-1.91884765625
-1.894921875
-1.87099609375
-1.88774414063
-1.84228515625
-1.8853515625
-1.84228515625
-1.97866210938
-1.7896484375
-1.83271484375
-1.818359375
-1.83271484375
-1.8279296875
-1.856640625
-1.89252929688
-1.95234375
-1.94516601563
-1.933203125
-1.97866210938
-1.99301757813
-2.06958007812
-2.1150390625
-2.01215820313
-2.20356445313
-2.25859375
-2.14614257813
-2.35190429688
-2.45
-2.48588867188
-2.49545898438
-2.58159179688
-2.6509765625
-2.660546875
-2.70600585938
-2.80170898438
-2.95483398438
-3.04096679688
-3.04575195313
-3.158203125
-3.18452148438
-3.19887695313
-3.36635742188
-3.14384765625
-3.081640625
-3.03139648438
-3.02900390625
-3.0146484375
-2.95244140625
-3.03618164063
-2.82802734375
-2.80649414063
-2.89741210938
