-0.433056640625
-0.480908203125
-0.48330078125
-0.56943359375
-0.605322265625
-0.490478515625
-0.6890625
-0.72734375
-0.7751953125
-0.7751953125
-0.844580078125
-0.844580078125
-0.86611328125
-0.844580078125
-0.811083984375
-0.791943359375
-0.763232421875
-0.720166015625
-0.62685546875
-0.5837890625
-0.593359375
-0.5072265625
-0.504833984375
-0.514404296875
-0.394775390625
-0.409130859375
-0.33017578125
-0.160302734375
-0.299072265625
-0.256005859375
-0.236865234375
-0.21533203125
-0.217724609375
-0.193798828125
-0.260791015625
-0.251220703125
-0.270361328125
-0.279931640625
-0.34453125
-0.342138671875
-0.34931640625
-0.39716796875
-0.3923828125
-0.33974609375
-0.16748046875
-0.346923828125
-0.2966796875
-0.299072265625
-0.303857421875
-0.2392578125
-0.20576171875
-0.212939453125
-0.172265625
-0.18662109375
-0.153125
-0.10048828125
-0.117236328125
-0.11005859375
-0.11962890625
-0.133984375
-0.083740234375
-0.074169921875
-0.10048828125
-0.102880859375
-0.1052734375
-0.107666015625
-0.150732421875
-0.107666015625
-0.093310546875
-0.1244140625
-0.088525390625
-0.299072265625
-0.095703125
-0.145947265625
-0.2583984375
-0.078955078125
-0.10048828125
-0.0765625
-0.078955078125
-0.11005859375
-0.00478515625
-0.122021484375
-0.30146484375
-0.193798828125
-0.232080078125
-0.2392578125
-0.294287109375
-0.2392578125
-0.256005859375
-0.299072265625
-0.3923828125
-0.325390625
-0.169873046875
-0.370849609375
-0.447412109375
-0.342138671875
-0.38759765625
-0.528759765625
-0.5646484375
-0.586181640625
-0.581396484375
-0.55986328125
-0.5455078125
-0.581396484375
-0.576611328125
-0.631640625
-0.629248046875
-0.6220703125
-0.653173828125
-0.705810546875
-0.71298828125
-0.643603515625
-0.7177734375
-0.76083984375
-0.758447265625
-0.787158203125
-0.8326171875
-0.825439453125
-0.83740234375
-0.858935546875
-0.844580078125
-0.83740234375
-0.844580078125
-0.87568359375
-0.925927734375
-0.768017578125
-0.930712890625
-0.92353515625
-1.05991210938
-0.90439453125
-0.882861328125
-0.772802734375
-0.94267578125
-0.935498046875
-0.964208984375
-0.830224609375
-0.820654296875
-0.806298828125
-0.784765625
-0.7943359375
-0.801513671875
-0.782373046875
-0.89482421875
-0.677099609375
-0.6986328125
-0.667529296875
-0.5837890625
-0.509619140625
-0.57900390625
-0.6125
-0.59814453125
-0.62685546875
-0.69384765625
-0.681884765625
-0.71298828125
-0.758447265625
-0.72255859375
-0.758447265625
-0.667529296875
-0.65556640625
-0.64599609375
-0.65078125
-0.471337890625
-0.65078125
-0.677099609375
-0.724951171875
-0.772802734375
-0.868505859375
-0.892431640625
-0.906787109375
-0.95224609375
-0.97138671875
-0.997705078125
-0.976171875
-0.96181640625
-0.787158203125
-0.91396484375
-0.91396484375
-0.88046875
-0.835009765625
-0.839794921875
-0.823046875
-0.8134765625
-0.863720703125
-0.861328125
-0.88046875
-0.887646484375
-0.921142578125
-0.89482421875
-1.03359375
-0.99052734375
-0.992919921875
-1.01923828125
-1.014453125
-1.09819335938
-1.12451171875
-1.08383789063
-1.04555664063
-1.04555664063
-1.07426757813
-1.02880859375
-0.964208984375
-0.988134765625
-0.91875
-0.82783203125
-0.787158203125
-0.739306640625
-0.686669921875
-0.6220703125
-0.519189453125
-0.51201171875
-0.476123046875
-0.581396484375
-0.459375
-0.447412109375
-0.33974609375
-0.514404296875
-0.53115234375
-0.57421875
-0.6029296875
-0.58857421875
-0.610107421875
-0.60771484375
-0.555078125
-0.586181640625
-0.55029296875
-0.45458984375
-0.418701171875
-0.35888671875
-0.27275390625
-0.20576171875
-0.133984375
-0.11962890625
-0.06220703125
0.016748046875
0.11005859375
0.1435546875
0.019140625
0.246435546875
0.30146484375
0.30625
0.413916015625
0.41630859375
0.461767578125
0.476123046875
0.480908203125
0.509619140625
0.509619140625
0.5072265625
0.50244140625
0.4498046875
0.4880859375
0.523974609375
0.5263671875
0.514404296875
0.523974609375
0.538330078125
0.53115234375
0.4689453125
0.466552734375
0.461767578125
0.399560546875
0.380419921875
0.325390625
0.2201171875
0.303857421875
0.165087890625
0.09091796875
0.059814453125
-0.021533203125
-0.11484375
-0.136376953125
-0.1626953125
-0.28232421875
-0.325390625
-0.337353515625
-0.342138671875
-0.3923828125
-0.4115234375
-0.4498046875
-0.42587890625
-0.47373046875
-0.509619140625
-0.5072265625
-0.5263671875
-0.55986328125
-0.59814453125
-0.6220703125
-0.6412109375
-0.65078125
-0.724951171875
-0.746484375
-0.74169921875
-0.916357421875
-0.782373046875
-0.91875
-0.82783203125
-0.81826171875
-0.7943359375
-0.744091796875
-0.739306640625
-0.784765625
-0.73212890625
-0.777587890625
-0.7369140625
-0.791943359375
-0.73212890625
-0.744091796875
-0.8421875
-0.825439453125
-0.782373046875
-0.801513671875
-0.801513671875
-0.835009765625
-0.715380859375
-0.80869140625
-0.80390625
-0.7751953125
-0.796728515625
-0.825439453125
-0.80869140625
-0.806298828125
-0.830224609375
-0.82783203125
-0.796728515625
-0.811083984375
-0.7751953125
-0.911572265625
-0.7560546875
-0.7751953125
-0.7943359375
-0.815869140625
-0.811083984375
-0.7943359375
-0.80390625
-0.863720703125
-0.820654296875
-0.861328125
-0.823046875
-0.8134765625
-0.744091796875
-0.815869140625
-0.7751953125
-0.78955078125
-0.80390625
-0.77041015625
-0.825439453125
-0.892431640625
-0.976171875
-1.1005859375
-0.858935546875
-0.619677734375
-0.667529296875
-0.79912109375
-0.72734375
-0.648388671875
-0.701025390625
-0.65078125
-0.576611328125
-0.528759765625
-0.5072265625
-0.40673828125
-0.404345703125
-0.33017578125
-0.33974609375
-0.351708984375
-0.332568359375
-0.308642578125
-0.289501953125
-0.27275390625
-0.27275390625
-0.308642578125
-0.2392578125
-0.2392578125
-0.11962890625
-0.2583984375
-0.29189453125
-0.26318359375
-0.057421875
-0.057421875
-0.035888671875
-0.088525390625
0.016748046875
0.057421875
0.02392578125
-0.002392578125
-0.040673828125
-0.0669921875
-0.14833984375
-0.222509765625
-0.287109375
-0.39716796875
-0.404345703125
-0.442626953125
-0.5072265625
-0.55029296875
-0.734521484375
-0.56943359375
-0.5359375
-0.50244140625
-0.528759765625
-0.528759765625
-0.51201171875
-0.57421875
-0.38759765625
-0.4498046875
-0.389990234375
-0.342138671875
-0.260791015625
-0.184228515625
-0.083740234375
0.002392578125
-0.0478515625
0.0478515625
0.03349609375
-0.026318359375
-0.0287109375
-0.18662109375
-0.31103515625
-0.356494140625
-0.447412109375
-0.3732421875
-0.629248046875
-0.64599609375
-0.873291015625
-0.959423828125
-1.12211914063
-1.18671875
-1.19150390625
-1.18671875
-1.205859375
-1.26088867188
-1.24653320313
-1.25849609375
-1.30874023438
-1.34223632813
-1.4642578125
-1.51689453125
-1.38530273438
-1.43793945313
-1.52885742188
-1.39248046875
-1.39487304688
-1.35419921875
-1.29438476563
-1.1962890625
-0.9474609375
-0.91396484375
-0.744091796875
-0.7177734375
-0.62685546875
-0.66513671875
-0.643603515625
-0.657958984375
-0.72255859375
-0.705810546875
-0.765625
-0.88046875
-0.899609375
-0.873291015625
-0.815869140625
-0.99052734375
-1.05751953125
-0.906787109375
-0.916357421875
-1.05751953125
-0.863720703125
-0.8708984375
-0.78955078125
-0.720166015625
-0.64599609375
-0.4689453125
-0.59814453125
-0.490478515625
-0.547900390625
-0.433056640625
-0.40673828125
-0.409130859375
-0.366064453125
-0.4306640625
-0.3828125
-0.356494140625
-0.363671875
-0.346923828125
-0.337353515625
-0.361279296875
-0.279931640625
-0.172265625
-0.11484375
-0.08134765625
-0.078955078125
-0.11484375
-0.11962890625
-0.122021484375
-0.153125
-0.17705078125
-0.155517578125
-0.19140625
-0.20576171875
-0.29189453125
