-0.983349609375
-0.83740234375
-0.83740234375
-0.78955078125
-0.758447265625
-0.708203125
-0.643603515625
-0.643603515625
-0.586181640625
-0.55029296875
-0.509619140625
-0.43544921875
-0.370849609375
-0.370849609375
-0.327783203125
-0.289501953125
-0.28232421875
-0.2583984375
-0.217724609375
-0.217724609375
-0.2296875
-0.2201171875
-0.15791015625
-0.15791015625
-0.06220703125
0.0095703125
0.019140625
0.0669921875
0.0669921875
0.10048828125
0.095703125
0.0765625
0.0765625
0.095703125
0.10048828125
0.045458984375
0.095703125
0.241650390625
0.476123046875
0.476123046875
0.667529296875
0.763232421875
0.7751953125
0.571826171875
0.523974609375
0.5072265625
0.49765625
0.528759765625
0.55986328125
0.55986328125
0.56943359375
0.61728515625
0.653173828125
0.653173828125
0.64599609375
0.60771484375
0.60771484375
0.586181640625
0.586181640625
0.49287109375
0.3828125
0.26318359375
0.26318359375
0.189013671875
0.11005859375
0.0
-0.095703125
-0.131591796875
-0.12919921875
-0.153125
-0.174658203125
-0.212939453125
-0.25361328125
-0.256005859375
-0.2296875
-0.2296875
-0.217724609375
-0.30146484375
-0.169873046875
-0.145947265625
-0.11484375
-0.088525390625
-0.02392578125
0.074169921875
0.122021484375
0.122021484375
0.126806640625
0.095703125
0.095703125
0.095703125
0.1052734375
0.0861328125
0.064599609375
0.021533203125
0.021533203125
0.0
0.00478515625
0.007177734375
0.00478515625
0.016748046875
0.016748046875
0.0
-0.0095703125
-0.00478515625
-0.0478515625
-0.0478515625
-0.07177734375
-0.0861328125
-0.093310546875
-0.064599609375
-0.050244140625
-0.050244140625
-0.0669921875
-0.0861328125
-0.1244140625
-0.1435546875
-0.1435546875
-0.141162109375
-0.16748046875
-0.193798828125
-0.217724609375
-0.2392578125
-0.284716796875
-0.203369140625
-0.442626953125
-0.456982421875
-0.4115234375
-0.4115234375
-0.459375
-0.459375
-0.433056640625
-0.456982421875
-0.456982421875
-0.452197265625
-0.478515625
-0.519189453125
-0.557470703125
-0.6029296875
-0.6029296875
-0.669921875
-0.734521484375
-0.753662109375
-0.753662109375
-0.77041015625
-0.839794921875
-0.882861328125
-0.882861328125
-0.899609375
-0.98095703125
-1.03120117188
-1.03120117188
-1.00249023438
-0.973779296875
-1.01684570312
-1.01684570312
-1.06948242188
-1.11015625
-1.1388671875
-1.1388671875
-1.1580078125
-1.22021484375
-1.12451171875
-1.27763671875
-1.3015625
-1.2728515625
-1.26328125
-1.26328125
-1.282421875
-1.28481445313
-1.27763671875
-1.27763671875
-1.27763671875
-1.25849609375
-1.22978515625
-1.22978515625
-1.22978515625
-1.23217773438
-1.3685546875
-1.2154296875
-1.18911132813
-1.17954101563
-1.17954101563
-1.16997070313
-1.18671875
-1.13647460938
-1.16279296875
-1.00966796875
-0.976171875
-1.03837890625
-1.03837890625
-1.08623046875
-1.052734375
-0.978564453125
-0.978564453125
-0.94267578125
-0.878076171875
-0.763232421875
-0.69384765625
-0.69384765625
-0.686669921875
-0.6986328125
-0.696240234375
-0.696240234375
-0.634033203125
-0.5359375
-0.5359375
-0.52158203125
-0.495263671875
-0.418701171875
-0.418701171875
-0.34453125
-0.2775390625
-0.246435546875
-0.246435546875
-0.217724609375
-0.16748046875
-0.107666015625
-0.107666015625
-0.093310546875
-0.078955078125
-0.02392578125
-0.02392578125
0.064599609375
0.107666015625
0.14833984375
0.14833984375
0.23447265625
0.26796875
0.15791015625
0.31103515625
0.401953125
0.49765625
0.538330078125
0.538330078125
0.56943359375
0.634033203125
0.677099609375
0.691455078125
0.691455078125
0.72255859375
0.77998046875
0.80390625
0.80390625
0.81826171875
0.849365234375
0.849365234375
0.88046875
0.88525390625
0.887646484375
0.887646484375
0.91875
0.930712890625
0.959423828125
0.959423828125
0.9666015625
0.945068359375
0.94267578125
0.92353515625
0.91396484375
0.89482421875
0.902001953125
0.835009765625
0.823046875
0.81826171875
0.80869140625
0.79912109375
0.801513671875
0.82783203125
0.835009765625
0.823046875
0.823046875
0.899609375
0.74169921875
0.787158203125
0.9091796875
0.899609375
0.906787109375
0.95224609375
0.95703125
0.937890625
0.925927734375
0.988134765625
0.983349609375
0.9857421875
1.02163085938
1.04555664063
1.02163085938
1.04077148438
1.12690429688
1.091015625
1.10537109375
1.13647460938
1.16040039062
1.16518554688
1.15083007813
1.1197265625
1.35419921875
1.50493164063
1.60063476563
1.03359375
0.801513671875
0.902001953125
1.32548828125
1.39248046875
1.41879882813
1.49536132812
1.26328125
1.24892578125
1.25849609375
1.29916992188
1.35419921875
1.42358398438
1.42836914063
1.38530273438
1.37094726563
1.40444335938
1.45229492188
1.42358398438
1.43793945313
1.41162109375
1.5408203125
1.51689453125
1.56474609375
1.54321289063
1.53603515625
1.5982421875
1.62456054688
1.64848632813
1.53364257813
1.70830078125
1.72983398438
1.741796875
1.71069335938
1.703515625
1.72026367188
1.741796875
1.81357421875
1.85903320313
1.88774414063
1.856640625
1.8662109375
1.88774414063
1.9140625
1.94755859375
1.96909179688
2.00258789063
1.96430664063
2.13178710938
2.14614257813
2.15092773438
2.15092773438
2.13178710938
2.14614257813
2.16528320312
2.1533203125
2.17724609375
2.23466796875
2.1916015625
2.18920898438
2.16528320312
2.19638671875
2.16767578125
2.13896484375
2.17724609375
2.17485351563
2.17006835938
2.24184570313
2.4595703125
2.296875
2.00258789063
1.98583984375
2.10068359375
2.20834960938
2.16767578125
2.30883789062
2.25620117188
2.17724609375
2.18442382813
2.22270507813
2.28012695313
2.33276367188
2.296875
2.28251953125
2.29208984375
2.28491210938
2.30883789062
2.35190429688
2.3638671875
2.37104492188
2.38061523438
2.430859375
2.45
2.47392578125
2.51220703125
2.51220703125
2.53852539063
2.57680664063
2.58637695313
2.60551757813
2.69404296875
2.70600585938
2.72993164063
2.7466796875
2.76821289063
2.60791015625
2.7849609375
2.83041992188
2.87587890625
2.91655273438
2.90458984375
2.87587890625
2.84956054688
2.87827148438
2.94526367188
3.03857421875
3.04575195313
3.05053710938
3.00747070313
2.966796875
3.0337890625
3.06728515625
3.04814453125
3.081640625
3.03618164063
3.0529296875
3.02661132812
3.07446289063
3.07685546875
3.08403320313
3.06967773438
3.1294921875
3.13188476563
3.11513671875
3.13188476563
3.1486328125
3.1486328125
3.17734375
3.07924804688
3.23237304688
3.26108398438
3.31850585938
3.30654296875
3.34721679688
3.37592773438
3.47163085938
3.50751953125
3.51469726563
3.56254882813
3.56494140625
3.56015625
3.59125976563
3.62475585938
3.69892578125
3.6845703125
3.57451171875
3.53862304688
3.32807617188
3.29697265625
3.21323242188
3.0720703125
3.1486328125
3.16538085938
3.08403320313
3.18930664063
3.31850585938
3.47163085938
3.50034179688
3.65107421875
3.76352539063
3.78984375
3.7802734375
3.72045898438
3.675
3.521875
3.502734375
3.3591796875
3.29458007813
3.19887695313
3.39985351563
2.95961914063
3.11513671875
3.25629882813
3.25869140625
3.29458007813
3.349609375
3.33286132813
3.24194335938
3.45966796875
3.49794921875
3.52426757813
3.58168945313
3.74677734375
3.54580078125
3.2443359375
3.18212890625
3.36875
3.47163085938
3.62954101563
3.7037109375
3.71806640625
